# MUSHY-59 control-law replay, downsampled: 60s buckets, min+max |error| row kept per bucket (never naive sampling -- extremes are the interesting part). Window 2026-06-29..2026-08-09. 2991070 raw seconds -> 63234 rows.
time_utc,rh_pct,pid_recorded,pid_predicted,error,regime
2026-06-29T06:00:02Z,95.9075,0.000000,0.000000,0.000000,above_band_high
2026-06-29T06:01:00Z,95.9152,0.000000,0.000000,0.000000,above_band_high
2026-06-29T06:02:00Z,95.9167,0.000000,0.000000,0.000000,above_band_high
2026-06-29T06:03:00Z,95.9213,0.000000,0.000000,0.000000,above_band_high
2026-06-29T06:04:00Z,95.9243,0.000000,0.000000,0.000000,above_band_high
2026-06-29T06:05:00Z,95.9243,0.000000,0.000000,0.000000,above_band_high
2026-06-29T06:06:00Z,95.9213,0.000000,0.000000,0.000000,above_band_high
2026-06-29T06:07:00Z,95.9716,0.000000,0.000000,0.000000,above_band_high
2026-06-29T06:08:00Z,95.9380,0.000000,0.000000,0.000000,above_band_high
2026-06-29T06:09:00Z,95.9442,0.000000,0.000000,0.000000,above_band_high
2026-06-29T06:10:00Z,95.9670,0.000000,0.000000,0.000000,above_band_high
2026-06-29T06:11:00Z,95.9396,0.000000,0.000000,0.000000,above_band_high
2026-06-29T06:12:00Z,95.9564,0.000000,0.000000,0.000000,above_band_high
2026-06-29T06:13:00Z,95.9518,0.000000,0.000000,0.000000,above_band_high
2026-06-29T06:14:00Z,95.9396,0.000000,0.000000,0.000000,above_band_high
2026-06-29T06:15:00Z,95.9716,0.000000,0.000000,0.000000,above_band_high
2026-06-29T06:16:00Z,95.9655,0.000000,0.000000,0.000000,above_band_high
2026-06-29T06:17:00Z,95.9808,0.000000,0.000000,0.000000,above_band_high
2026-06-29T06:18:00Z,95.9808,0.000000,0.000000,0.000000,above_band_high
2026-06-29T06:19:00Z,95.9716,0.000000,0.000000,0.000000,above_band_high
2026-06-29T06:20:00Z,96.0128,0.000000,0.000000,0.000000,above_band_high
2026-06-29T06:21:00Z,96.0082,0.000000,0.000000,0.000000,above_band_high
2026-06-29T06:22:00Z,96.0128,0.000000,0.000000,0.000000,above_band_high
2026-06-29T06:23:00Z,96.0082,0.000000,0.000000,0.000000,above_band_high
2026-06-29T06:24:00Z,96.0449,0.000000,0.000000,0.000000,above_band_high
2026-06-29T06:25:00Z,95.9854,0.000000,0.000000,0.000000,above_band_high
2026-06-29T06:26:00Z,96.0449,0.000000,0.000000,0.000000,above_band_high
2026-06-29T06:27:00Z,96.0388,0.000000,0.000000,0.000000,above_band_high
2026-06-29T06:28:00Z,96.0388,0.000000,0.000000,0.000000,above_band_high
2026-06-29T06:29:00Z,96.0479,0.000000,0.000000,0.000000,above_band_high
2026-06-29T06:30:00Z,96.0540,0.000000,0.000000,0.000000,above_band_high
2026-06-29T06:31:00Z,96.0540,0.000000,0.000000,0.000000,above_band_high
2026-06-29T06:32:00Z,96.0388,0.000000,0.000000,0.000000,above_band_high
2026-06-29T06:33:00Z,96.0632,0.000000,0.000000,0.000000,above_band_high
2026-06-29T06:34:00Z,96.0632,0.000000,0.000000,0.000000,above_band_high
2026-06-29T06:35:00Z,96.0586,0.000000,0.000000,0.000000,above_band_high
2026-06-29T06:36:00Z,96.0678,0.000000,0.000000,0.000000,above_band_high
2026-06-29T06:37:00Z,96.0998,0.000000,0.000000,0.000000,above_band_high
2026-06-29T06:38:00Z,96.0723,0.000000,0.000000,0.000000,above_band_high
2026-06-29T06:39:00Z,96.0906,0.000000,0.000000,0.000000,above_band_high
2026-06-29T06:40:00Z,96.0845,0.000000,0.000000,0.000000,above_band_high
2026-06-29T06:41:00Z,96.1181,0.000000,0.000000,0.000000,above_band_high
2026-06-29T06:42:00Z,96.0800,0.000000,0.000000,0.000000,above_band_high
2026-06-29T06:43:00Z,96.1181,0.000000,0.000000,0.000000,above_band_high
2026-06-29T06:44:00Z,96.1120,0.000000,0.000000,0.000000,above_band_high
2026-06-29T06:45:00Z,96.1212,0.000000,0.000000,0.000000,above_band_high
2026-06-29T06:46:00Z,96.1410,0.000000,0.000000,0.000000,above_band_high
2026-06-29T06:47:00Z,96.1410,0.000000,0.000000,0.000000,above_band_high
2026-06-29T06:48:00Z,96.1364,0.000000,0.000000,0.000000,above_band_high
2026-06-29T06:49:00Z,96.1257,0.000000,0.000000,0.000000,above_band_high
2026-06-29T06:50:00Z,96.1318,0.000000,0.000000,0.000000,above_band_high
2026-06-29T06:51:00Z,96.1624,0.000000,0.000000,0.000000,above_band_high
2026-06-29T06:52:00Z,96.1547,0.000000,0.000000,0.000000,above_band_high
2026-06-29T06:53:00Z,96.1440,0.000000,0.000000,0.000000,above_band_high
2026-06-29T06:54:00Z,96.1486,0.000000,0.000000,0.000000,above_band_high
2026-06-29T06:55:00Z,96.1486,0.000000,0.000000,0.000000,above_band_high
2026-06-29T06:56:00Z,96.1593,0.000000,0.000000,0.000000,above_band_high
2026-06-29T06:57:00Z,96.1761,0.000000,0.000000,0.000000,above_band_high
2026-06-29T06:58:00Z,96.1044,0.000000,0.000000,0.000000,above_band_high
2026-06-29T06:59:00Z,96.1364,0.000000,0.000000,0.000000,above_band_high
2026-06-29T07:00:00Z,96.1898,0.000000,0.000000,0.000000,above_band_high
2026-06-29T07:01:00Z,96.1547,0.000000,0.000000,0.000000,above_band_high
2026-06-29T07:02:00Z,96.1547,0.000000,0.000000,0.000000,above_band_high
2026-06-29T07:03:00Z,96.1807,0.000000,0.000000,0.000000,above_band_high
2026-06-29T07:04:00Z,96.1578,0.000000,0.000000,0.000000,above_band_high
2026-06-29T07:05:00Z,96.1669,0.000000,0.000000,0.000000,above_band_high
2026-06-29T07:06:00Z,96.1578,0.000000,0.000000,0.000000,above_band_high
2026-06-29T07:07:00Z,96.1822,0.000000,0.000000,0.000000,above_band_high
2026-06-29T07:08:00Z,96.1715,0.000000,0.000000,0.000000,above_band_high
2026-06-29T07:09:00Z,96.1547,0.000000,0.000000,0.000000,above_band_high
2026-06-29T07:10:00Z,96.1593,0.000000,0.000000,0.000000,above_band_high
2026-06-29T07:11:00Z,96.1822,0.000000,0.000000,0.000000,above_band_high
2026-06-29T07:12:00Z,96.1959,0.000000,0.000000,0.000000,above_band_high
2026-06-29T07:13:00Z,96.1852,0.000000,0.000000,0.000000,above_band_high
2026-06-29T07:14:00Z,96.1868,0.000000,0.000000,0.000000,above_band_high
2026-06-29T07:15:00Z,96.2005,0.000000,0.000000,0.000000,above_band_high
2026-06-29T07:16:00Z,96.1715,0.000000,0.000000,0.000000,above_band_high
2026-06-29T07:17:00Z,96.2051,0.000000,0.000000,0.000000,above_band_high
2026-06-29T07:18:00Z,96.2081,0.000000,0.000000,0.000000,above_band_high
2026-06-29T07:19:00Z,96.1807,0.000000,0.000000,0.000000,above_band_high
2026-06-29T07:20:00Z,96.1807,0.000000,0.000000,0.000000,above_band_high
2026-06-29T07:21:00Z,96.2081,0.000000,0.000000,0.000000,above_band_high
2026-06-29T07:22:00Z,96.1822,0.000000,0.000000,0.000000,above_band_high
2026-06-29T07:23:00Z,96.1944,0.000000,0.000000,0.000000,above_band_high
2026-06-29T07:24:00Z,96.2081,0.000000,0.000000,0.000000,above_band_high
2026-06-29T07:25:00Z,96.1868,0.000000,0.000000,0.000000,above_band_high
2026-06-29T07:26:00Z,96.1913,0.000000,0.000000,0.000000,above_band_high
2026-06-29T07:27:00Z,96.2127,0.000000,0.000000,0.000000,above_band_high
2026-06-29T07:28:00Z,96.1776,0.000000,0.000000,0.000000,above_band_high
2026-06-29T07:29:00Z,96.2219,0.000000,0.000000,0.000000,above_band_high
2026-06-29T07:30:00Z,96.1944,0.000000,0.000000,0.000000,above_band_high
2026-06-29T07:31:00Z,96.2051,0.000000,0.000000,0.000000,above_band_high
2026-06-29T07:32:00Z,96.1761,0.000000,0.000000,0.000000,above_band_high
2026-06-29T07:33:00Z,96.1761,0.000000,0.000000,0.000000,above_band_high
2026-06-29T07:34:00Z,96.1715,0.000000,0.000000,0.000000,above_band_high
2026-06-29T07:35:00Z,96.2036,0.000000,0.000000,0.000000,above_band_high
2026-06-29T07:36:00Z,96.1822,0.000000,0.000000,0.000000,above_band_high
2026-06-29T07:37:00Z,96.1822,0.000000,0.000000,0.000000,above_band_high
2026-06-29T07:38:00Z,96.1715,0.000000,0.000000,0.000000,above_band_high
2026-06-29T07:39:00Z,96.1990,0.000000,0.000000,0.000000,above_band_high
2026-06-29T07:40:00Z,96.2097,0.000000,0.000000,0.000000,above_band_high
2026-06-29T07:41:00Z,96.1898,0.000000,0.000000,0.000000,above_band_high
2026-06-29T07:42:00Z,96.1990,0.000000,0.000000,0.000000,above_band_high
2026-06-29T07:43:00Z,96.1807,0.000000,0.000000,0.000000,above_band_high
2026-06-29T07:44:00Z,96.2051,0.000000,0.000000,0.000000,above_band_high
2026-06-29T07:45:00Z,96.2097,0.000000,0.000000,0.000000,above_band_high
2026-06-29T07:46:00Z,96.1944,0.000000,0.000000,0.000000,above_band_high
2026-06-29T07:47:00Z,96.2097,0.000000,0.000000,0.000000,above_band_high
2026-06-29T07:48:00Z,96.1807,0.000000,0.000000,0.000000,above_band_high
2026-06-29T07:49:00Z,96.1715,0.000000,0.000000,0.000000,above_band_high
2026-06-29T07:50:00Z,96.1715,0.000000,0.000000,0.000000,above_band_high
2026-06-29T07:51:00Z,96.1944,0.000000,0.000000,0.000000,above_band_high
2026-06-29T07:52:00Z,96.1990,0.000000,0.000000,0.000000,above_band_high
2026-06-29T07:53:00Z,96.1685,0.000000,0.000000,0.000000,above_band_high
2026-06-29T07:54:00Z,96.2036,0.000000,0.000000,0.000000,above_band_high
2026-06-29T07:55:00Z,96.1898,0.000000,0.000000,0.000000,above_band_high
2026-06-29T07:56:00Z,96.1715,0.000000,0.000000,0.000000,above_band_high
2026-06-29T07:57:00Z,96.1807,0.000000,0.000000,0.000000,above_band_high
2026-06-29T07:58:00Z,96.1761,0.000000,0.000000,0.000000,above_band_high
2026-06-29T07:59:00Z,96.2280,0.000000,0.000000,0.000000,above_band_high
2026-06-29T08:00:00Z,96.2036,0.000000,0.000000,0.000000,above_band_high
2026-06-29T08:01:00Z,96.1807,0.000000,0.000000,0.000000,above_band_high
2026-06-29T08:02:00Z,96.1944,0.000000,0.000000,0.000000,above_band_high
2026-06-29T08:03:00Z,96.1715,0.000000,0.000000,0.000000,above_band_high
2026-06-29T08:04:00Z,96.2234,0.000000,0.000000,0.000000,above_band_high
2026-06-29T08:05:00Z,96.2051,0.000000,0.000000,0.000000,above_band_high
2026-06-29T08:06:00Z,96.2005,0.000000,0.000000,0.000000,above_band_high
2026-06-29T08:07:00Z,96.1761,0.000000,0.000000,0.000000,above_band_high
2026-06-29T08:08:00Z,96.2097,0.000000,0.000000,0.000000,above_band_high
2026-06-29T08:09:00Z,96.2356,0.000000,0.000000,0.000000,above_band_high
2026-06-29T08:10:00Z,96.1990,0.000000,0.000000,0.000000,above_band_high
2026-06-29T08:11:00Z,96.1944,0.000000,0.000000,0.000000,above_band_high
2026-06-29T08:12:00Z,96.2036,0.000000,0.000000,0.000000,above_band_high
2026-06-29T08:13:00Z,96.2234,0.000000,0.000000,0.000000,above_band_high
2026-06-29T08:14:00Z,96.2127,0.000000,0.000000,0.000000,above_band_high
2026-06-29T08:15:00Z,96.1852,0.000000,0.000000,0.000000,above_band_high
2026-06-29T08:16:00Z,96.2127,0.000000,0.000000,0.000000,above_band_high
2026-06-29T08:17:00Z,96.2188,0.000000,0.000000,0.000000,above_band_high
2026-06-29T08:18:00Z,96.2097,0.000000,0.000000,0.000000,above_band_high
2026-06-29T08:19:00Z,96.2188,0.000000,0.000000,0.000000,above_band_high
2026-06-29T08:20:00Z,96.2051,0.000000,0.000000,0.000000,above_band_high
2026-06-29T08:21:00Z,96.1944,0.000000,0.000000,0.000000,above_band_high
2026-06-29T08:22:00Z,96.1990,0.000000,0.000000,0.000000,above_band_high
2026-06-29T08:23:00Z,96.2402,0.000000,0.000000,0.000000,above_band_high
2026-06-29T08:24:00Z,96.2234,0.000000,0.000000,0.000000,above_band_high
2026-06-29T08:25:00Z,96.2310,0.000000,0.000000,0.000000,above_band_high
2026-06-29T08:26:00Z,96.2310,0.000000,0.000000,0.000000,above_band_high
2026-06-29T08:27:00Z,96.1944,0.000000,0.000000,0.000000,above_band_high
2026-06-29T08:28:00Z,96.2188,0.000000,0.000000,0.000000,above_band_high
2026-06-29T08:29:00Z,96.1807,0.000000,0.000000,0.000000,above_band_high
2026-06-29T08:30:00Z,96.2371,0.000000,0.000000,0.000000,above_band_high
2026-06-29T08:31:00Z,96.1761,0.000000,0.000000,0.000000,above_band_high
2026-06-29T08:32:00Z,96.1593,0.000000,0.000000,0.000000,above_band_high
2026-06-29T08:33:00Z,96.2005,0.000000,0.000000,0.000000,above_band_high
2026-06-29T08:34:00Z,96.1898,0.000000,0.000000,0.000000,above_band_high
2026-06-29T08:35:00Z,96.2005,0.000000,0.000000,0.000000,above_band_high
2026-06-29T08:36:00Z,96.1486,0.000000,0.000000,0.000000,above_band_high
2026-06-29T08:37:00Z,96.1486,0.000000,0.000000,0.000000,above_band_high
2026-06-29T08:38:00Z,96.1639,0.000000,0.000000,0.000000,above_band_high
2026-06-29T08:39:00Z,96.1486,0.000000,0.000000,0.000000,above_band_high
2026-06-29T08:40:00Z,96.1547,0.000000,0.000000,0.000000,above_band_high
2026-06-29T08:41:00Z,96.1395,0.000000,0.000000,0.000000,above_band_high
2026-06-29T08:42:00Z,96.1456,0.000000,0.000000,0.000000,above_band_high
2026-06-29T08:43:00Z,96.1898,0.000000,0.000000,0.000000,above_band_high
2026-06-29T08:44:00Z,96.1501,0.000000,0.000000,0.000000,above_band_high
2026-06-29T08:45:00Z,96.1578,0.000000,0.000000,0.000000,above_band_high
2026-06-29T08:46:00Z,96.1547,0.000000,0.000000,0.000000,above_band_high
2026-06-29T08:47:00Z,96.1181,0.000000,0.000000,0.000000,above_band_high
2026-06-29T08:48:00Z,96.1639,0.000000,0.000000,0.000000,above_band_high
2026-06-29T08:49:00Z,96.1395,0.000000,0.000000,0.000000,above_band_high
2026-06-29T08:50:00Z,96.1486,0.000000,0.000000,0.000000,above_band_high
2026-06-29T08:51:00Z,96.1532,0.000000,0.000000,0.000000,above_band_high
2026-06-29T08:52:00Z,96.1685,0.000000,0.000000,0.000000,above_band_high
2026-06-29T08:53:00Z,96.1410,0.000000,0.000000,0.000000,above_band_high
2026-06-29T08:54:00Z,96.1501,0.000000,0.000000,0.000000,above_band_high
2026-06-29T08:55:00Z,96.1547,0.000000,0.000000,0.000000,above_band_high
2026-06-29T08:56:00Z,96.1364,0.000000,0.000000,0.000000,above_band_high
2026-06-29T08:57:00Z,96.1501,0.000000,0.000000,0.000000,above_band_high
2026-06-29T08:58:00Z,96.1624,0.000000,0.000000,0.000000,above_band_high
2026-06-29T08:59:00Z,96.1318,0.000000,0.000000,0.000000,above_band_high
2026-06-29T09:00:00Z,96.1410,0.000000,0.000000,0.000000,above_band_high
2026-06-29T09:01:00Z,96.1730,0.000000,0.000000,0.000000,above_band_high
2026-06-29T09:02:00Z,96.1578,0.000000,0.000000,0.000000,above_band_high
2026-06-29T09:03:00Z,96.1639,0.000000,0.000000,0.000000,above_band_high
2026-06-29T09:04:00Z,96.1913,0.000000,0.000000,0.000000,above_band_high
2026-06-29T09:05:00Z,96.1547,0.000000,0.000000,0.000000,above_band_high
2026-06-29T09:06:00Z,96.1730,0.000000,0.000000,0.000000,above_band_high
2026-06-29T09:07:00Z,96.1730,0.000000,0.000000,0.000000,above_band_high
2026-06-29T09:08:00Z,96.1715,0.000000,0.000000,0.000000,above_band_high
2026-06-29T09:09:00Z,96.2188,0.000000,0.000000,0.000000,above_band_high
2026-06-29T09:10:00Z,96.1776,0.000000,0.000000,0.000000,above_band_high
2026-06-29T09:11:00Z,96.1852,0.000000,0.000000,0.000000,above_band_high
2026-06-29T09:12:00Z,96.1852,0.000000,0.000000,0.000000,above_band_high
2026-06-29T09:13:00Z,96.1990,0.000000,0.000000,0.000000,above_band_high
2026-06-29T09:14:00Z,96.1898,0.000000,0.000000,0.000000,above_band_high
2026-06-29T09:15:00Z,96.1685,0.000000,0.000000,0.000000,above_band_high
2026-06-29T09:16:00Z,96.1852,0.000000,0.000000,0.000000,above_band_high
2026-06-29T09:17:00Z,96.1990,0.000000,0.000000,0.000000,above_band_high
2026-06-29T09:18:00Z,96.2325,0.000000,0.000000,0.000000,above_band_high
2026-06-29T09:19:00Z,96.1959,0.000000,0.000000,0.000000,above_band_high
2026-06-29T09:20:00Z,96.1730,0.000000,0.000000,0.000000,above_band_high
2026-06-29T09:21:00Z,96.2188,0.000000,0.000000,0.000000,above_band_high
2026-06-29T09:22:00Z,96.1959,0.000000,0.000000,0.000000,above_band_high
2026-06-29T09:23:00Z,96.2051,0.000000,0.000000,0.000000,above_band_high
2026-06-29T09:24:00Z,96.1959,0.000000,0.000000,0.000000,above_band_high
2026-06-29T09:25:00Z,96.2310,0.000000,0.000000,0.000000,above_band_high
2026-06-29T09:26:00Z,96.2081,0.000000,0.000000,0.000000,above_band_high
2026-06-29T09:27:00Z,96.2234,0.000000,0.000000,0.000000,above_band_high
2026-06-29T09:28:00Z,96.2234,0.000000,0.000000,0.000000,above_band_high
2026-06-29T09:29:00Z,96.2310,0.000000,0.000000,0.000000,above_band_high
2026-06-29T09:30:00Z,96.2448,0.000000,0.000000,0.000000,above_band_high
2026-06-29T09:31:00Z,96.2142,0.000000,0.000000,0.000000,above_band_high
2026-06-29T09:32:00Z,96.2264,0.000000,0.000000,0.000000,above_band_high
2026-06-29T09:33:00Z,96.2310,0.000000,0.000000,0.000000,above_band_high
2026-06-29T09:34:00Z,96.2493,0.000000,0.000000,0.000000,above_band_high
2026-06-29T09:35:00Z,96.2509,0.000000,0.000000,0.000000,above_band_high
2026-06-29T09:36:00Z,96.2234,0.000000,0.000000,0.000000,above_band_high
2026-06-29T09:37:00Z,96.2097,0.000000,0.000000,0.000000,above_band_high
2026-06-29T09:38:00Z,96.2234,0.000000,0.000000,0.000000,above_band_high
2026-06-29T09:39:00Z,96.2493,0.000000,0.000000,0.000000,above_band_high
2026-06-29T09:40:00Z,96.2402,0.000000,0.000000,0.000000,above_band_high
2026-06-29T09:41:00Z,96.2402,0.000000,0.000000,0.000000,above_band_high
2026-06-29T09:42:00Z,96.2585,0.000000,0.000000,0.000000,above_band_high
2026-06-29T09:43:00Z,96.2234,0.000000,0.000000,0.000000,above_band_high
2026-06-29T09:44:00Z,96.2188,0.000000,0.000000,0.000000,above_band_high
2026-06-29T09:45:00Z,96.2264,0.000000,0.000000,0.000000,above_band_high
2026-06-29T09:46:00Z,96.2142,0.000000,0.000000,0.000000,above_band_high
2026-06-29T09:47:00Z,96.2493,0.000000,0.000000,0.000000,above_band_high
2026-06-29T09:48:00Z,96.2554,0.000000,0.000000,0.000000,above_band_high
2026-06-29T09:49:00Z,96.2325,0.000000,0.000000,0.000000,above_band_high
2026-06-29T09:50:00Z,96.2554,0.000000,0.000000,0.000000,above_band_high
2026-06-29T09:51:00Z,96.2646,0.000000,0.000000,0.000000,above_band_high
2026-06-29T09:52:00Z,96.2600,0.000000,0.000000,0.000000,above_band_high
2026-06-29T09:53:00Z,96.2875,0.000000,0.000000,0.000000,above_band_high
2026-06-29T09:54:00Z,96.2905,0.000000,0.000000,0.000000,above_band_high
2026-06-29T09:55:00Z,96.2539,0.000000,0.000000,0.000000,above_band_high
2026-06-29T09:56:00Z,96.2737,0.000000,0.000000,0.000000,above_band_high
2026-06-29T09:57:00Z,96.2860,0.000000,0.000000,0.000000,above_band_high
2026-06-29T09:58:00Z,96.2783,0.000000,0.000000,0.000000,above_band_high
2026-06-29T09:59:00Z,96.2951,0.000000,0.000000,0.000000,above_band_high
2026-06-29T10:00:00Z,96.2600,0.000000,0.000000,0.000000,above_band_high
2026-06-29T10:01:00Z,96.2783,0.000000,0.000000,0.000000,above_band_high
2026-06-29T10:02:00Z,96.2539,0.000000,0.000000,0.000000,above_band_high
2026-06-29T10:03:00Z,96.2783,0.000000,0.000000,0.000000,above_band_high
2026-06-29T10:04:00Z,96.3195,0.000000,0.000000,0.000000,above_band_high
2026-06-29T10:05:00Z,96.2737,0.000000,0.000000,0.000000,above_band_high
2026-06-29T10:06:00Z,96.2829,0.000000,0.000000,0.000000,above_band_high
2026-06-29T10:07:00Z,96.3134,0.000000,0.000000,0.000000,above_band_high
2026-06-29T10:08:00Z,96.3043,0.000000,0.000000,0.000000,above_band_high
2026-06-29T10:09:00Z,96.3088,0.000000,0.000000,0.000000,above_band_high
2026-06-29T10:10:00Z,96.3134,0.000000,0.000000,0.000000,above_band_high
2026-06-29T10:11:00Z,96.2860,0.000000,0.000000,0.000000,above_band_high
2026-06-29T10:12:00Z,96.2905,0.000000,0.000000,0.000000,above_band_high
2026-06-29T10:13:00Z,96.3134,0.000000,0.000000,0.000000,above_band_high
2026-06-29T10:14:00Z,96.3149,0.000000,0.000000,0.000000,above_band_high
2026-06-29T10:15:00Z,96.3149,0.000000,0.000000,0.000000,above_band_high
2026-06-29T10:16:00Z,96.2875,0.000000,0.000000,0.000000,above_band_high
2026-06-29T10:17:00Z,96.2905,0.000000,0.000000,0.000000,above_band_high
2026-06-29T10:18:00Z,96.3043,0.000000,0.000000,0.000000,above_band_high
2026-06-29T10:19:00Z,96.2905,0.000000,0.000000,0.000000,above_band_high
2026-06-29T10:20:00Z,96.3134,0.000000,0.000000,0.000000,above_band_high
2026-06-29T10:21:00Z,96.3088,0.000000,0.000000,0.000000,above_band_high
2026-06-29T10:22:00Z,96.3043,0.000000,0.000000,0.000000,above_band_high
2026-06-29T10:23:00Z,96.2951,0.000000,0.000000,0.000000,above_band_high
2026-06-29T10:24:00Z,96.3134,0.000000,0.000000,0.000000,above_band_high
2026-06-29T10:25:00Z,96.3195,0.000000,0.000000,0.000000,above_band_high
2026-06-29T10:26:00Z,96.3043,0.000000,0.000000,0.000000,above_band_high
2026-06-29T10:27:00Z,96.3272,0.000000,0.000000,0.000000,above_band_high
2026-06-29T10:28:00Z,96.3043,0.000000,0.000000,0.000000,above_band_high
2026-06-29T10:29:00Z,96.3363,0.000000,0.000000,0.000000,above_band_high
2026-06-29T10:30:00Z,96.3195,0.000000,0.000000,0.000000,above_band_high
2026-06-29T10:31:00Z,96.3088,0.000000,0.000000,0.000000,above_band_high
2026-06-29T10:32:00Z,96.3149,0.000000,0.000000,0.000000,above_band_high
2026-06-29T10:33:00Z,96.3363,0.000000,0.000000,0.000000,above_band_high
2026-06-29T10:34:00Z,96.3134,0.000000,0.000000,0.000000,above_band_high
2026-06-29T10:35:00Z,96.3226,0.000000,0.000000,0.000000,above_band_high
2026-06-29T10:36:00Z,96.3317,0.000000,0.000000,0.000000,above_band_high
2026-06-29T10:37:00Z,96.3088,0.000000,0.000000,0.000000,above_band_high
2026-06-29T10:38:00Z,96.3317,0.000000,0.000000,0.000000,above_band_high
2026-06-29T10:39:00Z,96.3043,0.000000,0.000000,0.000000,above_band_high
2026-06-29T10:40:00Z,96.2737,0.000000,0.000000,0.000000,above_band_high
2026-06-29T10:41:00Z,96.2783,0.000000,0.000000,0.000000,above_band_high
2026-06-29T10:42:00Z,96.2905,0.000000,0.000000,0.000000,above_band_high
2026-06-29T10:43:00Z,96.3317,0.000000,0.000000,0.000000,above_band_high
2026-06-29T10:44:00Z,96.3272,0.000000,0.000000,0.000000,above_band_high
2026-06-29T10:45:00Z,96.3043,0.000000,0.000000,0.000000,above_band_high
2026-06-29T10:46:00Z,96.3317,0.000000,0.000000,0.000000,above_band_high
2026-06-29T10:47:00Z,96.3333,0.000000,0.000000,0.000000,above_band_high
2026-06-29T10:48:00Z,96.2860,0.000000,0.000000,0.000000,above_band_high
2026-06-29T10:49:00Z,96.3088,0.000000,0.000000,0.000000,above_band_high
2026-06-29T10:50:00Z,96.3317,0.000000,0.000000,0.000000,above_band_high
2026-06-29T10:51:00Z,96.2814,0.000000,0.000000,0.000000,above_band_high
2026-06-29T10:52:00Z,96.3272,0.000000,0.000000,0.000000,above_band_high
2026-06-29T10:53:00Z,96.3409,0.000000,0.000000,0.000000,above_band_high
2026-06-29T10:54:00Z,96.3272,0.000000,0.000000,0.000000,above_band_high
2026-06-29T10:55:00Z,96.3226,0.000000,0.000000,0.000000,above_band_high
2026-06-29T10:56:00Z,96.3333,0.000000,0.000000,0.000000,above_band_high
2026-06-29T10:57:00Z,96.3180,0.000000,0.000000,0.000000,above_band_high
2026-06-29T10:58:00Z,96.3561,0.000000,0.000000,0.000000,above_band_high
2026-06-29T10:59:00Z,96.3592,0.000000,0.000000,0.000000,above_band_high
2026-06-29T11:00:00Z,96.3333,0.000000,0.000000,0.000000,above_band_high
2026-06-29T11:01:00Z,96.3500,0.000000,0.000000,0.000000,above_band_high
2026-06-29T11:02:00Z,96.3180,0.000000,0.000000,0.000000,above_band_high
2026-06-29T11:03:00Z,96.3638,0.000000,0.000000,0.000000,above_band_high
2026-06-29T11:04:00Z,96.3790,0.000000,0.000000,0.000000,above_band_high
2026-06-29T11:05:00Z,96.3592,0.000000,0.000000,0.000000,above_band_high
2026-06-29T11:06:00Z,96.3363,0.000000,0.000000,0.000000,above_band_high
2026-06-29T11:07:00Z,96.3684,0.000000,0.000000,0.000000,above_band_high
2026-06-29T11:08:00Z,96.3592,0.000000,0.000000,0.000000,above_band_high
2026-06-29T11:09:00Z,96.3592,0.000000,0.000000,0.000000,above_band_high
2026-06-29T11:10:00Z,96.3500,0.000000,0.000000,0.000000,above_band_high
2026-06-29T11:11:00Z,96.3973,0.000000,0.000000,0.000000,above_band_high
2026-06-29T11:12:00Z,96.3684,0.000000,0.000000,0.000000,above_band_high
2026-06-29T11:13:00Z,96.3592,0.000000,0.000000,0.000000,above_band_high
2026-06-29T11:14:00Z,96.3500,0.000000,0.000000,0.000000,above_band_high
2026-06-29T11:15:00Z,96.3912,0.000000,0.000000,0.000000,above_band_high
2026-06-29T11:16:00Z,96.3821,0.000000,0.000000,0.000000,above_band_high
2026-06-29T11:17:00Z,96.3684,0.000000,0.000000,0.000000,above_band_high
2026-06-29T11:18:00Z,96.4233,0.000000,0.000000,0.000000,above_band_high
2026-06-29T11:19:00Z,96.3821,0.000000,0.000000,0.000000,above_band_high
2026-06-29T11:20:00Z,96.3912,0.000000,0.000000,0.000000,above_band_high
2026-06-29T11:21:00Z,96.3821,0.000000,0.000000,0.000000,above_band_high
2026-06-29T11:22:00Z,96.4050,0.000000,0.000000,0.000000,above_band_high
2026-06-29T11:23:00Z,96.3958,0.000000,0.000000,0.000000,above_band_high
2026-06-29T11:24:00Z,96.4340,0.000000,0.000000,0.000000,above_band_high
2026-06-29T11:25:00Z,96.4096,0.000000,0.000000,0.000000,above_band_high
2026-06-29T11:26:00Z,96.4508,0.000000,0.000000,0.000000,above_band_high
2026-06-29T11:27:00Z,96.4279,0.000000,0.000000,0.000000,above_band_high
2026-06-29T11:28:00Z,96.4385,0.000000,0.000000,0.000000,above_band_high
2026-06-29T11:29:00Z,96.4508,0.000000,0.000000,0.000000,above_band_high
2026-06-29T11:30:00Z,96.4614,0.000000,0.000000,0.000000,above_band_high
2026-06-29T11:31:00Z,96.4797,0.000000,0.000000,0.000000,above_band_high
2026-06-29T11:32:00Z,96.4431,0.000000,0.000000,0.000000,above_band_high
2026-06-29T11:33:00Z,96.4843,0.000000,0.000000,0.000000,above_band_high
2026-06-29T11:34:00Z,96.4706,0.000000,0.000000,0.000000,above_band_high
2026-06-29T11:35:00Z,96.4660,0.000000,0.000000,0.000000,above_band_high
2026-06-29T11:36:00Z,96.4706,0.000000,0.000000,0.000000,above_band_high
2026-06-29T11:37:00Z,96.5011,0.000000,0.000000,0.000000,above_band_high
2026-06-29T11:38:00Z,96.5255,0.000000,0.000000,0.000000,above_band_high
2026-06-29T11:39:00Z,96.4782,0.000000,0.000000,0.000000,above_band_high
2026-06-29T11:40:00Z,96.5072,0.000000,0.000000,0.000000,above_band_high
2026-06-29T11:41:00Z,96.4965,0.000000,0.000000,0.000000,above_band_high
2026-06-29T11:42:00Z,96.4691,0.000000,0.000000,0.000000,above_band_high
2026-06-29T11:43:00Z,96.4782,0.000000,0.000000,0.000000,above_band_high
2026-06-29T11:44:00Z,96.4935,0.000000,0.000000,0.000000,above_band_high
2026-06-29T11:45:00Z,96.4431,0.000000,0.000000,0.000000,above_band_high
2026-06-29T11:46:00Z,96.4736,0.000000,0.000000,0.000000,above_band_high
2026-06-29T11:47:00Z,96.4782,0.000000,0.000000,0.000000,above_band_high
2026-06-29T11:48:00Z,96.4843,0.000000,0.000000,0.000000,above_band_high
2026-06-29T11:49:00Z,96.5118,0.000000,0.000000,0.000000,above_band_high
2026-06-29T11:50:00Z,96.5255,0.000000,0.000000,0.000000,above_band_high
2026-06-29T11:51:00Z,96.5057,0.000000,0.000000,0.000000,above_band_high
2026-06-29T11:52:00Z,96.4706,0.000000,0.000000,0.000000,above_band_high
2026-06-29T11:53:00Z,96.4965,0.000000,0.000000,0.000000,above_band_high
2026-06-29T11:54:00Z,96.5118,0.000000,0.000000,0.000000,above_band_high
2026-06-29T11:55:00Z,96.4797,0.000000,0.000000,0.000000,above_band_high
2026-06-29T11:56:00Z,96.4843,0.000000,0.000000,0.000000,above_band_high
2026-06-29T11:57:00Z,96.4660,0.000000,0.000000,0.000000,above_band_high
2026-06-29T11:58:00Z,96.4889,0.000000,0.000000,0.000000,above_band_high
2026-06-29T11:59:00Z,96.4782,0.000000,0.000000,0.000000,above_band_high
2026-06-29T12:00:00Z,96.5057,0.000000,0.000000,0.000000,above_band_high
2026-06-29T12:01:00Z,96.4935,0.000000,0.000000,0.000000,above_band_high
2026-06-29T12:02:00Z,96.4828,0.000000,0.000000,0.000000,above_band_high
2026-06-29T12:03:00Z,96.4965,0.000000,0.000000,0.000000,above_band_high
2026-06-29T12:04:00Z,96.4889,0.000000,0.000000,0.000000,above_band_high
2026-06-29T12:05:00Z,96.4599,0.000000,0.000000,0.000000,above_band_high
2026-06-29T12:06:00Z,96.4828,0.000000,0.000000,0.000000,above_band_high
2026-06-29T12:07:00Z,96.5118,0.000000,0.000000,0.000000,above_band_high
2026-06-29T12:08:00Z,96.4706,0.000000,0.000000,0.000000,above_band_high
2026-06-29T12:09:00Z,96.4782,0.000000,0.000000,0.000000,above_band_high
2026-06-29T12:10:00Z,96.4431,0.000000,0.000000,0.000000,above_band_high
2026-06-29T12:11:00Z,96.4889,0.000000,0.000000,0.000000,above_band_high
2026-06-29T12:12:00Z,96.4340,0.000000,0.000000,0.000000,above_band_high
2026-06-29T12:13:00Z,96.4706,0.000000,0.000000,0.000000,above_band_high
2026-06-29T12:14:00Z,96.4523,0.000000,0.000000,0.000000,above_band_high
2026-06-29T12:15:00Z,96.4752,0.000000,0.000000,0.000000,above_band_high
2026-06-29T12:16:00Z,96.4614,0.000000,0.000000,0.000000,above_band_high
2026-06-29T12:17:00Z,96.4279,0.000000,0.000000,0.000000,above_band_high
2026-06-29T12:18:00Z,96.4645,0.000000,0.000000,0.000000,above_band_high
2026-06-29T12:19:00Z,96.4340,0.000000,0.000000,0.000000,above_band_high
2026-06-29T12:20:00Z,96.4645,0.000000,0.000000,0.000000,above_band_high
2026-06-29T12:21:00Z,96.4645,0.000000,0.000000,0.000000,above_band_high
2026-06-29T12:22:00Z,96.4340,0.000000,0.000000,0.000000,above_band_high
2026-06-29T12:23:00Z,96.4416,0.000000,0.000000,0.000000,above_band_high
2026-06-29T12:24:00Z,96.4202,0.000000,0.000000,0.000000,above_band_high
2026-06-29T12:25:00Z,96.4157,0.000000,0.000000,0.000000,above_band_high
2026-06-29T12:26:00Z,96.4508,0.000000,0.000000,0.000000,above_band_high
2026-06-29T12:27:00Z,96.4187,0.000000,0.000000,0.000000,above_band_high
2026-06-29T12:28:00Z,96.4233,0.000000,0.000000,0.000000,above_band_high
2026-06-29T12:29:00Z,96.4233,0.000000,0.000000,0.000000,above_band_high
2026-06-29T12:30:00Z,96.4553,0.000000,0.000000,0.000000,above_band_high
2026-06-29T12:31:00Z,96.3973,0.000000,0.000000,0.000000,above_band_high
2026-06-29T12:32:00Z,96.3973,0.000000,0.000000,0.000000,above_band_high
2026-06-29T12:33:00Z,96.4065,0.000000,0.000000,0.000000,above_band_high
2026-06-29T12:34:00Z,96.4004,0.000000,0.000000,0.000000,above_band_high
2026-06-29T12:35:00Z,96.3867,0.000000,0.000000,0.000000,above_band_high
2026-06-29T12:36:00Z,96.3638,0.000000,0.000000,0.000000,above_band_high
2026-06-29T12:37:00Z,96.3455,0.000000,0.000000,0.000000,above_band_high
2026-06-29T12:38:00Z,96.3333,0.000000,0.000000,0.000000,above_band_high
2026-06-29T12:39:00Z,96.3088,0.000000,0.000000,0.000000,above_band_high
2026-06-29T12:40:00Z,96.3180,0.000000,0.000000,0.000000,above_band_high
2026-06-29T12:41:00Z,96.2783,0.000000,0.000000,0.000000,above_band_high
2026-06-29T12:42:00Z,96.3104,0.000000,0.000000,0.000000,above_band_high
2026-06-29T12:43:00Z,96.3104,0.000000,0.000000,0.000000,above_band_high
2026-06-29T12:44:00Z,96.2921,0.000000,0.000000,0.000000,above_band_high
2026-06-29T12:45:00Z,96.2951,0.000000,0.000000,0.000000,above_band_high
2026-06-29T12:46:00Z,96.2631,0.000000,0.000000,0.000000,above_band_high
2026-06-29T12:47:00Z,96.2631,0.000000,0.000000,0.000000,above_band_high
2026-06-29T12:48:00Z,96.2539,0.000000,0.000000,0.000000,above_band_high
2026-06-29T12:49:00Z,96.2509,0.000000,0.000000,0.000000,above_band_high
2026-06-29T12:50:00Z,96.2081,0.000000,0.000000,0.000000,above_band_high
2026-06-29T12:51:00Z,96.2371,0.000000,0.000000,0.000000,above_band_high
2026-06-29T12:52:00Z,96.2097,0.000000,0.000000,0.000000,above_band_high
2026-06-29T12:53:00Z,96.2097,0.000000,0.000000,0.000000,above_band_high
2026-06-29T12:54:00Z,96.2097,0.000000,0.000000,0.000000,above_band_high
2026-06-29T12:55:00Z,96.1944,0.000000,0.000000,0.000000,above_band_high
2026-06-29T12:56:00Z,96.2081,0.000000,0.000000,0.000000,above_band_high
2026-06-29T12:57:00Z,96.1776,0.000000,0.000000,0.000000,above_band_high
2026-06-29T12:58:00Z,96.1730,0.000000,0.000000,0.000000,above_band_high
2026-06-29T12:59:00Z,96.2051,0.000000,0.000000,0.000000,above_band_high
2026-06-29T13:00:00Z,96.1547,0.000000,0.000000,0.000000,above_band_high
2026-06-29T13:01:00Z,96.1578,0.000000,0.000000,0.000000,above_band_high
2026-06-29T13:02:00Z,96.1318,0.000000,0.000000,0.000000,above_band_high
2026-06-29T13:03:00Z,96.1318,0.000000,0.000000,0.000000,above_band_high
2026-06-29T13:04:00Z,96.1532,0.000000,0.000000,0.000000,above_band_high
2026-06-29T13:05:00Z,96.0998,0.000000,0.000000,0.000000,above_band_high
2026-06-29T13:06:00Z,96.1074,0.000000,0.000000,0.000000,above_band_high
2026-06-29T13:07:00Z,96.1074,0.000000,0.000000,0.000000,above_band_high
2026-06-29T13:08:00Z,96.1028,0.000000,0.000000,0.000000,above_band_high
2026-06-29T13:09:00Z,96.0616,0.000000,0.000000,0.000000,above_band_high
2026-06-29T13:10:00Z,96.0723,0.000000,0.000000,0.000000,above_band_high
2026-06-29T13:11:00Z,96.0616,0.000000,0.000000,0.000000,above_band_high
2026-06-29T13:12:00Z,96.0494,0.000000,0.000000,0.000000,above_band_high
2026-06-29T13:13:00Z,96.0311,0.000000,0.000000,0.000000,above_band_high
2026-06-29T13:14:00Z,96.0388,0.000000,0.000000,0.000000,above_band_high
2026-06-29T13:15:00Z,96.0311,0.000000,0.000000,0.000000,above_band_high
2026-06-29T13:16:00Z,95.9945,0.000000,0.000000,0.000000,above_band_high
2026-06-29T13:17:00Z,95.9747,0.000000,0.000000,0.000000,above_band_high
2026-06-29T13:18:00Z,95.9762,0.000000,0.000000,0.000000,above_band_high
2026-06-29T13:19:00Z,95.9854,0.000000,0.000000,0.000000,above_band_high
2026-06-29T13:20:00Z,95.9808,0.000000,0.000000,0.000000,above_band_high
2026-06-29T13:21:00Z,95.9792,0.000000,0.000000,0.000000,above_band_high
2026-06-29T13:22:00Z,95.9442,0.000000,0.000000,0.000000,above_band_high
2026-06-29T13:23:00Z,95.9487,0.000000,0.000000,0.000000,above_band_high
2026-06-29T13:24:00Z,95.9258,0.000000,0.000000,0.000000,above_band_high
2026-06-29T13:25:00Z,95.9152,0.000000,0.000000,0.000000,above_band_high
2026-06-29T13:26:00Z,95.9152,0.000000,0.000000,0.000000,above_band_high
2026-06-29T13:27:00Z,95.8831,0.000000,0.000000,0.000000,above_band_high
2026-06-29T13:28:00Z,95.8297,0.000000,0.000000,0.000000,above_band_high
2026-06-29T13:29:00Z,95.8434,0.000000,0.000000,0.000000,above_band_high
2026-06-29T13:30:00Z,95.8511,0.000000,0.000000,0.000000,above_band_high
2026-06-29T13:31:00Z,95.7916,0.000000,0.000000,0.000000,above_band_high
2026-06-29T13:32:00Z,95.7961,0.000000,0.000000,0.000000,above_band_high
2026-06-29T13:33:00Z,95.7519,0.000000,0.000000,0.000000,above_band_high
2026-06-29T13:34:00Z,95.7916,0.000000,0.000000,0.000000,above_band_high
2026-06-29T13:35:00Z,95.7610,0.000000,0.000000,0.000000,above_band_high
2026-06-29T13:36:00Z,95.7473,0.000000,0.000000,0.000000,above_band_high
2026-06-29T13:37:00Z,95.7595,0.000000,0.000000,0.000000,above_band_high
2026-06-29T13:38:00Z,95.7931,0.000000,0.000000,0.000000,above_band_high
2026-06-29T13:39:00Z,95.7748,0.000000,0.000000,0.000000,above_band_high
2026-06-29T13:40:00Z,95.7870,0.000000,0.000000,0.000000,above_band_high
2026-06-29T13:41:00Z,95.8007,0.000000,0.000000,0.000000,above_band_high
2026-06-29T13:42:00Z,95.7183,0.000000,0.000000,0.000000,above_band_high
2026-06-29T13:43:00Z,95.7321,0.000000,0.000000,0.000000,above_band_high
2026-06-29T13:44:00Z,95.7366,0.000000,0.000000,0.000000,above_band_high
2026-06-29T13:45:00Z,95.6680,0.000000,0.000000,0.000000,above_band_high
2026-06-29T13:46:00Z,95.6817,0.000000,0.000000,0.000000,above_band_high
2026-06-29T13:47:00Z,95.6725,0.000000,0.000000,0.000000,above_band_high
2026-06-29T13:48:00Z,95.6863,0.000000,0.000000,0.000000,above_band_high
2026-06-29T13:49:00Z,95.7549,0.000000,0.000000,0.000000,above_band_high
2026-06-29T13:50:00Z,95.7321,0.000000,0.000000,0.000000,above_band_high
2026-06-29T13:51:00Z,95.7137,0.000000,0.000000,0.000000,above_band_high
2026-06-29T13:52:00Z,95.6451,0.000000,0.000000,0.000000,above_band_high
2026-06-29T13:53:00Z,95.5581,0.000000,0.000000,0.000000,above_band_high
2026-06-29T13:54:00Z,95.5261,0.000000,0.000000,0.000000,above_band_high
2026-06-29T13:55:00Z,95.4345,0.000000,0.000000,0.000000,above_band_high
2026-06-29T13:56:00Z,95.4498,0.000000,0.000000,0.000000,above_band_high
2026-06-29T13:57:00Z,95.3887,0.000000,0.000000,0.000000,above_band_high
2026-06-29T13:58:00Z,95.3384,0.000000,0.000000,0.000000,above_band_high
2026-06-29T13:59:00Z,95.2758,0.000000,0.000000,0.000000,above_band_high
2026-06-29T14:00:00Z,95.1431,0.000000,0.000000,0.000000,above_band_high
2026-06-29T14:01:00Z,95.0317,0.000000,0.000000,0.000000,above_band_high
2026-06-29T14:02:00Z,94.9050,0.000000,0.000000,0.000000,above_band_high
2026-06-29T14:03:00Z,94.7997,0.000000,0.000000,0.000000,above_band_high
2026-06-29T14:04:00Z,94.7127,0.000000,0.000000,0.000000,above_band_high
2026-06-29T14:05:00Z,94.6151,0.000000,0.000000,0.000000,above_band_high
2026-06-29T14:06:00Z,94.6471,0.000000,0.000000,0.000000,above_band_high
2026-06-29T14:07:00Z,94.5739,0.000000,0.000000,0.000000,above_band_high
2026-06-29T14:08:00Z,94.5602,0.000000,0.000000,0.000000,above_band_high
2026-06-29T14:09:00Z,94.5739,0.000000,0.000000,0.000000,above_band_high
2026-06-29T14:10:00Z,94.4961,0.000000,0.000000,0.000000,above_band_high
2026-06-29T14:11:00Z,94.4182,0.000000,0.000000,0.000000,above_band_high
2026-06-29T14:12:00Z,94.3816,0.000000,0.000000,0.000000,above_band_high
2026-06-29T14:13:00Z,94.3694,0.000000,0.000000,0.000000,above_band_high
2026-06-29T14:14:00Z,94.3191,0.000000,0.000000,0.000000,above_band_high
2026-06-29T14:15:00Z,94.2779,0.000000,0.000000,0.000000,above_band_high
2026-06-29T14:16:00Z,94.2412,0.000000,0.000000,0.000000,above_band_high
2026-06-29T14:17:00Z,94.1848,0.000000,0.000000,0.000000,above_band_high
2026-06-29T14:18:00Z,94.1634,0.000000,0.000000,0.000000,above_band_high
2026-06-29T14:19:00Z,94.0536,0.000000,0.000000,0.000000,above_band_high
2026-06-29T14:20:00Z,94.0581,0.000000,0.000000,0.000000,above_band_high
2026-06-29T14:21:00Z,93.9986,0.000000,0.000000,0.000000,above_band_high
2026-06-29T14:22:00Z,93.9345,0.000000,0.000000,0.000000,above_band_high
2026-06-29T14:23:00Z,93.9422,0.000000,0.000000,0.000000,above_band_high
2026-06-29T14:24:00Z,93.8842,0.000000,0.000000,0.000000,above_band_high
2026-06-29T14:25:00Z,93.8384,0.000000,0.000000,0.000000,above_band_high
2026-06-29T14:26:00Z,93.8109,0.000000,0.000000,0.000000,above_band_high
2026-06-29T14:27:00Z,93.7682,0.000000,0.000000,0.000000,above_band_high
2026-06-29T14:28:00Z,93.7591,0.000000,0.000000,0.000000,above_band_high
2026-06-29T14:29:00Z,93.6950,0.000000,0.000000,0.000000,above_band_high
2026-06-29T14:30:00Z,93.6492,0.000000,0.000000,0.000000,above_band_high
2026-06-29T14:31:00Z,93.6004,0.000000,0.000000,0.000000,above_band_high
2026-06-29T14:32:00Z,93.5622,0.000000,0.000000,0.000000,above_band_high
2026-06-29T14:33:00Z,93.5592,0.000000,0.000000,0.000000,above_band_high
2026-06-29T14:34:00Z,93.5851,0.000000,0.000000,0.000000,above_band_high
2026-06-29T14:35:00Z,93.5714,0.000000,0.000000,0.000000,above_band_high
2026-06-29T14:36:00Z,93.5317,0.000000,0.000000,0.000000,above_band_high
2026-06-29T14:37:00Z,93.5775,0.000000,0.000000,0.000000,above_band_high
2026-06-29T14:38:00Z,93.5775,0.000000,0.000000,0.000000,above_band_high
2026-06-29T14:39:00Z,93.5592,0.000000,0.000000,0.000000,above_band_high
2026-06-29T14:40:00Z,93.5714,0.000000,0.000000,0.000000,above_band_high
2026-06-29T14:41:00Z,93.5714,0.000000,0.000000,0.000000,above_band_high
2026-06-29T14:42:00Z,93.5622,0.000000,0.000000,0.000000,above_band_high
2026-06-29T14:43:00Z,93.5912,0.000000,0.000000,0.000000,above_band_high
2026-06-29T14:44:00Z,93.5256,0.000000,0.000000,0.000000,above_band_high
2026-06-29T14:45:00Z,93.5714,0.000000,0.000000,0.000000,above_band_high
2026-06-29T14:46:00Z,93.5988,0.000000,0.000000,0.000000,above_band_high
2026-06-29T14:47:00Z,93.6400,0.000000,0.000000,0.000000,above_band_high
2026-06-29T14:48:00Z,93.5988,0.000000,0.000000,0.000000,above_band_high
2026-06-29T14:49:00Z,93.6263,0.000000,0.000000,0.000000,above_band_high
2026-06-29T14:50:00Z,93.6507,0.000000,0.000000,0.000000,above_band_high
2026-06-29T14:51:00Z,93.6263,0.000000,0.000000,0.000000,above_band_high
2026-06-29T14:52:00Z,93.6492,0.000000,0.000000,0.000000,above_band_high
2026-06-29T14:53:00Z,93.6217,0.000000,0.000000,0.000000,above_band_high
2026-06-29T14:54:00Z,93.6324,0.000000,0.000000,0.000000,above_band_high
2026-06-29T14:55:00Z,93.6278,0.000000,0.000000,0.000000,above_band_high
2026-06-29T14:56:00Z,93.6004,0.000000,0.000000,0.000000,above_band_high
2026-06-29T14:57:00Z,93.5805,0.000000,0.000000,0.000000,above_band_high
2026-06-29T14:58:00Z,93.5821,0.000000,0.000000,0.000000,above_band_high
2026-06-29T14:59:00Z,93.6004,0.000000,0.000000,0.000000,above_band_high
2026-06-29T15:00:00Z,93.6004,0.000000,0.000000,0.000000,above_band_high
2026-06-29T15:01:00Z,93.5988,0.000000,0.000000,0.000000,above_band_high
2026-06-29T15:02:00Z,93.5897,0.000000,0.000000,0.000000,above_band_high
2026-06-29T15:03:00Z,93.5439,0.000000,0.000000,0.000000,above_band_high
2026-06-29T15:04:00Z,93.5302,0.000000,0.000000,0.000000,above_band_high
2026-06-29T15:05:00Z,93.5088,0.000000,0.000000,0.000000,above_band_high
2026-06-29T15:06:00Z,93.5271,0.000000,0.000000,0.000000,above_band_high
2026-06-29T15:07:00Z,93.4981,0.000000,0.000000,0.000000,above_band_high
2026-06-29T15:08:00Z,93.5088,0.000000,0.000000,0.000000,above_band_high
2026-06-29T15:09:00Z,93.5317,0.000000,0.000000,0.000000,above_band_high
2026-06-29T15:10:00Z,93.5119,0.000000,0.000000,0.000000,above_band_high
2026-06-29T15:11:00Z,93.5393,0.000000,0.000000,0.000000,above_band_high
2026-06-29T15:12:00Z,93.5134,0.000000,0.000000,0.000000,above_band_high
2026-06-29T15:13:00Z,93.4798,0.000000,0.000000,0.000000,above_band_high
2026-06-29T15:14:00Z,93.4386,0.000000,0.000000,0.000000,above_band_high
2026-06-29T15:15:00Z,93.4615,0.000000,0.000000,0.000000,above_band_high
2026-06-29T15:16:00Z,93.3761,0.000000,0.000000,0.000000,above_band_high
2026-06-29T15:17:00Z,93.3257,0.000000,0.000000,0.000000,above_band_high
2026-06-29T15:18:00Z,93.2570,0.000000,0.000000,0.000000,above_band_high
2026-06-29T15:19:00Z,93.2204,0.000000,0.000000,0.000000,above_band_high
2026-06-29T15:20:00Z,93.1228,0.000000,0.000000,0.000000,above_band_high
2026-06-29T15:21:00Z,93.0724,0.000000,0.000000,0.000000,above_band_high
2026-06-29T15:22:00Z,93.1136,0.000000,0.000000,0.000000,above_band_high
2026-06-29T15:23:00Z,93.1151,0.000000,0.000000,0.000000,above_band_high
2026-06-29T15:24:00Z,93.0694,0.000000,0.000000,0.000000,above_band_high
2026-06-29T15:25:00Z,93.0648,0.000000,0.000000,0.000000,above_band_high
2026-06-29T15:26:00Z,93.0678,0.000000,0.000000,0.000000,above_band_high
2026-06-29T15:27:00Z,93.0266,0.000000,0.000000,0.000000,above_band_high
2026-06-29T15:28:00Z,92.9824,0.000000,0.000000,0.000000,above_band_high
2026-06-29T15:29:00Z,92.9305,0.000000,0.000000,0.000000,above_band_high
2026-06-29T15:30:00Z,92.8939,0.000000,0.000000,0.000000,above_band_high
2026-06-29T15:31:00Z,92.8130,0.000000,0.000000,0.000000,above_band_high
2026-06-29T15:32:00Z,92.7382,0.000000,0.000000,0.000000,above_band_high
2026-06-29T15:33:00Z,92.6070,0.000000,0.000000,0.000000,above_band_high
2026-06-29T15:34:00Z,92.4681,0.000000,0.000000,0.000000,above_band_high
2026-06-29T15:35:00Z,92.4147,0.000000,0.000000,0.000000,above_band_high
2026-06-29T15:36:00Z,92.3079,0.000000,0.000000,0.000000,above_band_high
2026-06-29T15:37:00Z,92.2362,0.000000,0.000000,0.000000,above_band_high
2026-06-29T15:38:00Z,92.1523,0.000000,0.000000,0.000000,above_band_high
2026-06-29T15:39:00Z,92.0851,0.000000,0.000000,0.000000,above_band_high
2026-06-29T15:40:00Z,91.9615,0.000000,0.000000,0.000000,above_band_high
2026-06-29T15:41:00Z,91.8456,0.000000,0.000000,0.000000,above_band_high
2026-06-29T15:42:00Z,91.7281,0.000000,0.000000,0.000000,above_band_high
2026-06-29T15:43:00Z,91.6304,0.000000,0.000000,0.000000,above_band_high
2026-06-29T15:44:12Z,91.5068,0.000000,0.006667,0.006667,above_band_high
2026-06-29T15:44:34Z,91.5435,0.000851,0.000000,-0.000851,above_band_high
2026-06-29T15:46:12Z,91.3649,0.001546,0.001464,-0.000082,in_band
2026-06-29T15:46:59Z,91.3191,0.000711,0.000673,-0.000038,in_band
2026-06-29T15:47:00Z,91.3161,0.000699,0.000662,-0.000037,in_band
2026-06-29T15:47:59Z,91.2184,0.000264,0.000250,-0.000014,in_band
2026-06-29T15:48:00Z,91.2413,0.000259,0.000246,-0.000014,in_band
2026-06-29T15:48:59Z,91.1543,0.000098,0.000093,-0.000005,in_band
2026-06-29T15:49:00Z,91.1635,0.000096,0.000091,-0.000005,in_band
2026-06-29T15:49:59Z,91.0552,0.000036,0.000034,-0.000002,in_band
2026-06-29T15:50:00Z,91.0552,0.000036,0.000034,-0.000002,in_band
2026-06-29T15:50:59Z,90.9636,0.000013,0.000013,-0.000001,in_band
2026-06-29T15:51:00Z,90.9636,0.000013,0.000013,-0.000001,in_band
2026-06-29T15:51:59Z,90.9133,0.000005,0.000005,-0.000000,in_band
2026-06-29T15:52:00Z,90.8995,0.000005,0.000005,-0.000000,in_band
2026-06-29T15:52:59Z,90.8263,0.000002,0.000002,-0.000000,in_band
2026-06-29T15:53:00Z,90.8385,0.000002,0.000002,-0.000000,in_band
2026-06-29T15:53:59Z,90.7256,0.000001,0.000001,-0.000000,in_band
2026-06-29T15:54:00Z,90.7607,0.000001,0.000001,-0.000000,in_band
2026-06-29T15:54:59Z,90.6004,0.000000,0.000000,-0.000000,in_band
2026-06-29T15:55:00Z,90.6615,0.000000,0.000000,-0.000000,in_band
2026-06-29T15:55:59Z,90.5135,0.000000,0.000000,-0.000000,in_band
2026-06-29T15:56:00Z,90.4997,0.000000,0.000000,-0.000000,in_band
2026-06-29T15:56:59Z,90.3822,0.000000,0.000000,-0.000000,in_band
2026-06-29T15:57:00Z,90.3868,0.000000,0.000000,-0.000000,in_band
2026-06-29T15:57:59Z,90.2800,0.000000,0.000000,-0.000000,in_band
2026-06-29T15:58:00Z,90.2724,0.000000,0.000000,-0.000000,in_band
2026-06-29T15:58:59Z,90.1289,0.000000,0.000000,-0.000000,in_band
2026-06-29T15:59:50Z,89.9596,0.000000,0.000232,0.000232,below_midpoint_feather
2026-06-29T15:59:56Z,89.9779,0.000232,0.000070,-0.000163,below_midpoint_feather
2026-06-29T16:00:08Z,89.8863,0.000418,0.001838,0.001421,below_midpoint_feather
2026-06-29T16:00:12Z,89.9382,0.000913,0.000544,-0.000369,below_midpoint_feather
2026-06-29T16:01:28Z,89.7856,0.008167,0.006730,-0.001438,below_midpoint_feather
2026-06-29T16:01:44Z,89.6712,0.010484,0.015707,0.005223,below_midpoint_feather
2026-06-29T16:02:20Z,89.6529,0.019776,0.018013,-0.001763,below_midpoint_feather
2026-06-29T16:02:29Z,89.5888,0.020924,0.025125,0.004201,below_midpoint_feather
2026-06-29T16:03:38Z,89.5079,0.041434,0.038188,-0.003246,below_midpoint_feather
2026-06-29T16:03:53Z,89.4118,0.046441,0.053852,0.007412,below_midpoint_feather
2026-06-29T16:04:36Z,89.3965,0.065063,0.059806,-0.005258,below_midpoint_feather
2026-06-29T16:04:47Z,89.2866,0.072909,0.081440,0.008530,below_midpoint_feather
2026-06-29T16:05:05Z,89.2378,0.081999,0.093629,0.011629,below_midpoint_feather
2026-06-29T16:05:48Z,89.1875,0.114769,0.110738,-0.004031,below_midpoint_feather
2026-06-29T16:06:10Z,89.1447,0.131471,0.124616,-0.006855,below_midpoint_feather
2026-06-29T16:06:15Z,89.0730,0.132378,0.143723,0.011344,below_midpoint_feather
2026-06-29T16:07:40Z,88.9433,0.202494,0.200823,-0.001671,below_midpoint_feather
2026-06-29T16:07:59Z,88.8334,0.225384,0.241477,0.016093,below_midpoint_feather
2026-06-29T16:08:19Z,88.7877,0.244977,0.263821,0.018843,below_midpoint_feather
2026-06-29T16:08:52Z,88.7480,0.292777,0.290561,-0.002216,below_midpoint_feather
2026-06-29T16:09:01Z,88.6885,0.299871,0.316113,0.016242,below_midpoint_feather
2026-06-29T16:09:06Z,88.7205,0.312077,0.306515,-0.005562,below_midpoint_feather
2026-06-29T16:10:30Z,88.5130,0.436035,0.432590,-0.003445,below_midpoint_feather
2026-06-29T16:10:49Z,88.4184,0.453118,0.484960,0.031842,below_midpoint_feather
2026-06-29T16:11:27Z,88.2948,0.534358,0.563959,0.029601,below_midpoint_feather
2026-06-29T16:11:30Z,88.3619,0.542398,0.537535,-0.004863,below_midpoint_feather
2026-06-29T16:12:21Z,88.1849,0.633276,0.654394,0.021118,below_midpoint_feather
2026-06-29T16:12:56Z,88.1743,0.692926,0.691022,-0.001904,below_midpoint_feather
2026-06-29T16:13:51Z,88.0278,0.788526,0.809297,0.020770,below_midpoint_feather
2026-06-29T16:13:56Z,88.0705,0.800372,0.796453,-0.003919,below_midpoint_feather
2026-06-29T16:14:06Z,88.0644,0.819006,0.809971,-0.009035,below_midpoint_feather
2026-06-29T16:14:27Z,87.9744,0.844296,0.871858,0.027562,below_midpoint_feather
2026-06-29T16:15:22Z,87.9789,0.950973,0.934654,-0.016319,below_midpoint_feather
2026-06-29T16:15:33Z,87.8920,0.967040,0.985272,0.018232,below_midpoint_feather
2026-06-29T16:16:00Z,87.8920,1.000000,1.000000,0.000000,below_midpoint_feather
2026-06-29T16:17:00Z,87.7943,1.000000,1.000000,0.000000,below_midpoint_feather
2026-06-29T16:18:00Z,87.7546,1.000000,1.000000,0.000000,below_midpoint_feather
2026-06-29T16:19:00Z,87.7256,1.000000,1.000000,0.000000,below_midpoint_feather
2026-06-29T16:20:00Z,87.7043,1.000000,1.000000,0.000000,below_midpoint_feather
2026-06-29T16:21:00Z,87.7256,1.000000,1.000000,0.000000,below_midpoint_feather
2026-06-29T16:22:00Z,87.6799,1.000000,1.000000,0.000000,below_midpoint_feather
2026-06-29T16:23:00Z,87.6860,1.000000,1.000000,0.000000,below_midpoint_feather
2026-06-29T16:24:00Z,87.6768,1.000000,1.000000,0.000000,below_midpoint_feather
2026-06-29T16:25:00Z,87.6768,1.000000,1.000000,0.000000,below_midpoint_feather
2026-06-29T16:26:00Z,87.6570,1.000000,1.000000,0.000000,below_midpoint_feather
2026-06-29T16:27:00Z,87.6661,1.000000,1.000000,0.000000,below_midpoint_feather
2026-06-29T16:28:00Z,87.6570,1.000000,1.000000,0.000000,below_midpoint_feather
2026-06-29T16:29:00Z,87.6432,1.000000,1.000000,0.000000,below_midpoint_feather
2026-06-29T16:30:00Z,87.6570,1.000000,1.000000,0.000000,below_midpoint_feather
2026-06-29T16:31:00Z,87.6066,1.000000,1.000000,0.000000,below_midpoint_feather
2026-06-29T16:32:00Z,87.6036,1.000000,1.000000,0.000000,below_midpoint_feather
2026-06-29T16:33:00Z,87.5837,1.000000,1.000000,0.000000,below_midpoint_feather
2026-06-29T16:34:00Z,87.5013,1.000000,1.000000,0.000000,below_midpoint_feather
2026-06-29T16:35:00Z,87.4617,1.000000,1.000000,0.000000,below_midpoint_feather
2026-06-29T16:36:00Z,87.3793,1.000000,1.000000,0.000000,below_midpoint_feather
2026-06-29T16:37:00Z,87.3411,1.000000,1.000000,0.000000,below_midpoint_feather
2026-06-29T16:38:00Z,87.3365,1.000000,1.000000,0.000000,below_midpoint_feather
2026-06-29T16:39:00Z,87.3503,1.000000,1.000000,0.000000,below_midpoint_feather
2026-06-29T16:40:00Z,87.3381,1.000000,1.000000,0.000000,below_midpoint_feather
2026-06-29T16:41:00Z,87.3014,1.000000,1.000000,0.000000,below_midpoint_feather
2026-06-29T16:42:00Z,87.2221,1.000000,1.000000,0.000000,below_midpoint_feather
2026-06-29T16:43:00Z,87.1763,1.000000,1.000000,0.000000,below_midpoint_feather
2026-06-29T16:44:00Z,87.1092,1.000000,1.000000,0.000000,below_midpoint_feather
2026-06-29T16:45:00Z,87.1275,1.000000,1.000000,0.000000,below_midpoint_feather
2026-06-29T16:46:00Z,87.1183,1.000000,1.000000,0.000000,below_midpoint_feather
2026-06-29T16:47:00Z,87.1351,1.000000,1.000000,0.000000,below_midpoint_feather
2026-06-29T16:48:00Z,87.1168,1.000000,1.000000,0.000000,below_midpoint_feather
2026-06-29T16:49:00Z,87.1458,1.000000,1.000000,0.000000,below_midpoint_feather
2026-06-29T16:50:00Z,87.1443,1.000000,1.000000,0.000000,below_midpoint_feather
2026-06-29T16:51:00Z,87.0893,1.000000,1.000000,0.000000,below_midpoint_feather
2026-06-29T16:52:00Z,87.0939,1.000000,1.000000,0.000000,below_midpoint_feather
2026-06-29T16:53:00Z,87.2084,1.000000,1.000000,0.000000,below_midpoint_feather
2026-06-29T16:54:00Z,87.2511,1.000000,1.000000,0.000000,below_midpoint_feather
2026-06-29T16:55:00Z,87.2602,1.000000,1.000000,0.000000,below_midpoint_feather
2026-06-29T16:56:00Z,87.1504,1.000000,1.000000,0.000000,below_midpoint_feather
2026-06-29T16:57:00Z,86.9978,1.000000,1.000000,0.000000,below_midpoint_feather
2026-06-29T16:58:00Z,86.9627,1.000000,1.000000,0.000000,below_midpoint_feather
2026-06-29T16:59:00Z,86.8559,1.000000,1.000000,0.000000,below_midpoint_feather
2026-06-29T17:00:00Z,86.8421,1.000000,1.000000,0.000000,below_midpoint_feather
2026-06-29T17:01:00Z,86.8299,1.000000,1.000000,0.000000,below_midpoint_feather
2026-06-29T17:02:00Z,86.9352,1.000000,1.000000,0.000000,below_midpoint_feather
2026-06-29T17:03:00Z,87.0817,1.000000,1.000000,0.000000,below_midpoint_feather
2026-06-29T17:04:00Z,87.4022,1.000000,1.000000,0.000000,below_midpoint_feather
2026-06-29T17:05:00Z,87.6493,1.000000,1.000000,0.000000,below_midpoint_feather
2026-06-29T17:06:00Z,87.8416,1.000000,1.000000,0.000000,below_midpoint_feather
2026-06-29T17:07:00Z,88.0461,1.000000,1.000000,0.000000,below_midpoint_feather
2026-06-29T17:08:00Z,88.1651,1.000000,1.000000,0.000000,below_midpoint_feather
2026-06-29T17:09:00Z,88.3391,1.000000,1.000000,0.000000,below_midpoint_feather
2026-06-29T17:10:00Z,88.5100,1.000000,1.000000,0.000000,below_midpoint_feather
2026-06-29T17:11:00Z,88.6290,1.000000,1.000000,0.000000,below_midpoint_feather
2026-06-29T17:12:00Z,88.7236,1.000000,1.000000,0.000000,below_midpoint_feather
2026-06-29T17:13:00Z,88.7984,1.000000,1.000000,0.000000,below_midpoint_feather
2026-06-29T17:14:00Z,88.8838,1.000000,1.000000,0.000000,below_midpoint_feather
2026-06-29T17:15:00Z,89.0166,1.000000,1.000000,0.000000,below_midpoint_feather
2026-06-29T17:16:00Z,89.1676,1.000000,1.000000,0.000000,below_midpoint_feather
2026-06-29T17:17:00Z,89.2607,1.000000,1.000000,0.000000,below_midpoint_feather
2026-06-29T17:18:00Z,89.3095,1.000000,1.000000,0.000000,below_midpoint_feather
2026-06-29T17:19:00Z,89.4530,1.000000,1.000000,0.000000,below_midpoint_feather
2026-06-29T17:20:00Z,89.5064,1.000000,1.000000,0.000000,below_midpoint_feather
2026-06-29T17:21:00Z,89.5201,1.000000,1.000000,0.000000,below_midpoint_feather
2026-06-29T17:22:00Z,89.5537,1.000000,1.000000,0.000000,below_midpoint_feather
2026-06-29T17:23:00Z,89.5171,1.000000,1.000000,0.000000,below_midpoint_feather
2026-06-29T17:24:00Z,89.5979,1.000000,1.000000,0.000000,below_midpoint_feather
2026-06-29T17:25:00Z,89.6574,1.000000,1.000000,0.000000,below_midpoint_feather
2026-06-29T17:26:44Z,89.8955,0.999986,1.000000,0.000014,below_midpoint_feather
2026-06-29T17:26:52Z,89.9199,1.000000,0.999590,-0.000410,below_midpoint_feather
2026-06-29T17:27:02Z,89.9107,0.999596,0.999991,0.000396,below_midpoint_feather
2026-06-29T17:27:29Z,90.0008,0.999219,0.997029,-0.002190,in_band
2026-06-29T17:28:00Z,90.1076,0.982443,0.981384,-0.001059,in_band
2026-06-29T17:28:59Z,90.1198,0.951048,0.950004,-0.001043,in_band
2026-06-29T17:29:00Z,90.1610,0.950522,0.949479,-0.001043,in_band
2026-06-29T17:29:59Z,90.2907,0.919977,0.918961,-0.001016,in_band
2026-06-29T17:30:00Z,90.3365,0.919467,0.918451,-0.001016,in_band
2026-06-29T17:30:59Z,90.3685,0.889857,0.888871,-0.000985,in_band
2026-06-29T17:31:00Z,90.3853,0.889363,0.888378,-0.000985,in_band
2026-06-29T17:31:59Z,90.5547,0.860699,0.859745,-0.000954,in_band
2026-06-29T17:32:00Z,90.5425,0.860221,0.859267,-0.000954,in_band
2026-06-29T17:32:59Z,90.6050,0.832487,0.831564,-0.000923,in_band
2026-06-29T17:33:00Z,90.6096,0.832025,0.831102,-0.000923,in_band
2026-06-29T17:33:59Z,90.6340,0.805197,0.804304,-0.000893,in_band
2026-06-29T17:34:00Z,90.6569,0.804750,0.803857,-0.000893,in_band
2026-06-29T17:34:59Z,90.6828,0.778800,0.777936,-0.000864,in_band
2026-06-29T17:35:00Z,90.6798,0.778368,0.777504,-0.000863,in_band
2026-06-29T17:35:59Z,90.7012,0.753268,0.752433,-0.000835,in_band
2026-06-29T17:36:00Z,90.6783,0.752850,0.752015,-0.000835,in_band
2026-06-29T17:36:59Z,90.7805,0.728573,0.727765,-0.000808,in_band
2026-06-29T17:37:00Z,90.7530,0.728169,0.727361,-0.000808,in_band
2026-06-29T17:37:59Z,90.7576,0.704688,0.703906,-0.000782,in_band
2026-06-29T17:38:00Z,90.7942,0.704297,0.703515,-0.000781,in_band
2026-06-29T17:38:59Z,90.8766,0.681586,0.680830,-0.000756,in_band
2026-06-29T17:39:00Z,90.8293,0.681208,0.680451,-0.000756,in_band
2026-06-29T17:39:59Z,90.9255,0.659241,0.658509,-0.000731,in_band
2026-06-29T17:40:00Z,90.9407,0.658875,0.658144,-0.000731,in_band
2026-06-29T17:40:59Z,90.9987,0.637628,0.636921,-0.000707,in_band
2026-06-29T17:41:00Z,91.0124,0.637274,0.636567,-0.000707,in_band
2026-06-29T17:41:59Z,91.0918,0.616724,0.616040,-0.000684,in_band
2026-06-29T17:42:00Z,91.1055,0.616382,0.615698,-0.000684,in_band
2026-06-29T17:42:59Z,91.1772,0.596506,0.595844,-0.000662,in_band
2026-06-29T17:43:00Z,91.1681,0.596174,0.595513,-0.000661,in_band
2026-06-29T17:43:59Z,91.2093,0.576950,0.576310,-0.000640,in_band
2026-06-29T17:44:00Z,91.2200,0.576629,0.575990,-0.000640,in_band
2026-06-29T17:44:59Z,91.3069,0.558035,0.557416,-0.000619,in_band
2026-06-29T17:45:00Z,91.3191,0.557725,0.557107,-0.000619,in_band
2026-06-29T17:45:59Z,91.3207,0.539741,0.539142,-0.000599,in_band
2026-06-29T17:46:00Z,91.3649,0.539441,0.538842,-0.000598,in_band
2026-06-29T17:46:59Z,91.3985,0.522046,0.521467,-0.000579,in_band
2026-06-29T17:47:00Z,91.3848,0.521756,0.521177,-0.000579,in_band
2026-06-29T17:47:59Z,91.4336,0.504931,0.504371,-0.000560,in_band
2026-06-29T17:48:00Z,91.4168,0.504651,0.504091,-0.000560,in_band
2026-06-29T17:48:59Z,91.4397,0.488377,0.487836,-0.000542,in_band
2026-06-29T17:49:00Z,91.4626,0.488106,0.487565,-0.000541,in_band
2026-06-29T17:49:59Z,91.4992,0.472367,0.471843,-0.000524,in_band
2026-06-29T17:50:00Z,91.4565,0.472104,0.471581,-0.000524,in_band
2026-06-29T17:50:59Z,91.4702,0.456881,0.456374,-0.000507,in_band
2026-06-29T17:51:28Z,91.5267,0.449579,0.438453,-0.011126,above_band_high
2026-06-29T17:51:56Z,91.4946,0.442639,0.444584,0.001944,in_band
2026-06-29T17:52:02Z,91.4839,0.441166,0.443589,0.002423,in_band
2026-06-29T17:52:14Z,91.5404,0.438235,0.424133,-0.014102,above_band_high
2026-06-29T17:54:08Z,91.5068,0.417948,0.431835,0.013887,above_band_high
2026-06-29T17:54:14Z,91.5587,0.417819,0.409560,-0.008259,above_band_high
2026-06-29T17:55:20Z,91.4885,0.423959,0.431731,0.007772,in_band
2026-06-29T17:55:54Z,91.5389,0.427965,0.411816,-0.016149,above_band_high
2026-06-29T17:57:56Z,91.5267,0.403014,0.390597,-0.012416,above_band_high
2026-06-29T17:57:58Z,91.4748,0.402561,0.401746,-0.000815,in_band
2026-06-29T17:58:16Z,91.5129,0.398520,0.392394,-0.006126,above_band_high
2026-06-29T17:58:48Z,91.4885,0.391455,0.391909,0.000454,in_band
2026-06-29T18:01:19Z,91.4427,0.367462,0.367579,0.000117,in_band
2026-06-29T18:01:59Z,91.4580,0.359372,0.359452,0.000080,in_band
2026-06-29T18:02:00Z,91.4397,0.359172,0.359251,0.000079,in_band
2026-06-29T18:02:59Z,91.4305,0.347580,0.347635,0.000055,in_band
2026-06-29T18:03:00Z,91.4519,0.347387,0.347442,0.000054,in_band
2026-06-29T18:03:59Z,91.4443,0.336182,0.336226,0.000044,in_band
2026-06-29T18:04:00Z,91.5038,0.335995,0.334615,-0.001380,above_band_high
2026-06-29T18:04:02Z,91.4717,0.335622,0.336039,0.000418,in_band
2026-06-29T18:05:00Z,91.4794,0.324978,0.325375,0.000397,in_band
2026-06-29T18:05:59Z,91.4885,0.314498,0.314880,0.000381,in_band
2026-06-29T18:06:00Z,91.4534,0.314324,0.314705,0.000381,in_band
2026-06-29T18:06:59Z,91.4702,0.304188,0.304555,0.000367,in_band
2026-06-29T18:07:00Z,91.4885,0.304019,0.304386,0.000367,in_band
2026-06-29T18:07:59Z,91.4809,0.294215,0.294570,0.000355,in_band
2026-06-29T18:08:00Z,91.4748,0.294052,0.294407,0.000355,in_band
2026-06-29T18:08:58Z,91.4626,0.284728,0.285071,0.000343,in_band
2026-06-29T18:09:00Z,91.4748,0.284412,0.284755,0.000343,in_band
2026-06-29T18:09:59Z,91.4839,0.275240,0.275572,0.000332,in_band
2026-06-29T18:10:00Z,91.4397,0.275087,0.275419,0.000332,in_band
2026-06-29T18:10:59Z,91.4794,0.266217,0.266538,0.000321,in_band
2026-06-29T18:11:01Z,91.4611,0.265921,0.266242,0.000321,in_band
2026-06-29T18:11:59Z,91.4565,0.257489,0.257800,0.000310,in_band
2026-06-29T18:12:00Z,91.4672,0.257346,0.257657,0.000310,in_band
2026-06-29T18:12:59Z,91.4351,0.249048,0.249348,0.000300,in_band
2026-06-29T18:13:00Z,91.4260,0.248909,0.249210,0.000300,in_band
2026-06-29T18:13:59Z,91.4244,0.240883,0.241173,0.000290,in_band
2026-06-29T18:14:00Z,91.4473,0.240749,0.241040,0.000290,in_band
2026-06-29T18:14:59Z,91.4672,0.232986,0.233267,0.000281,in_band
2026-06-29T18:15:38Z,91.4855,0.227992,0.229529,0.001536,in_band
2026-06-29T18:15:40Z,91.5389,0.224302,0.212816,-0.011486,above_band_high
2026-06-29T18:17:17Z,91.6960,0.161558,0.142525,-0.019033,above_band_high
2026-06-29T18:17:18Z,91.6258,0.161495,0.172401,0.010905,above_band_high
2026-06-29T18:18:28Z,91.7647,0.091272,0.104959,0.013686,above_band_high
2026-06-29T18:18:57Z,91.8746,0.070142,0.052399,-0.017743,above_band_high
2026-06-29T18:19:11Z,91.8975,0.055247,0.039359,-0.015888,above_band_high
2026-06-29T18:19:16Z,91.8471,0.044261,0.059579,0.015318,above_band_high
2026-06-29T18:20:00Z,91.9371,0.004069,0.008030,0.003961,above_band_high
2026-06-29T18:20:02Z,91.9600,0.003398,0.000000,-0.003398,above_band_high
2026-06-29T18:21:00Z,92.0287,0.000000,0.000000,0.000000,above_band_high
2026-06-29T18:22:00Z,92.0928,0.000000,0.000000,0.000000,above_band_high
2026-06-29T18:23:00Z,92.2042,0.000000,0.000000,0.000000,above_band_high
2026-06-29T18:24:00Z,92.2957,0.000000,0.000000,0.000000,above_band_high
2026-06-29T18:25:00Z,92.3415,0.000000,0.000000,0.000000,above_band_high
2026-06-29T18:26:00Z,92.3949,0.000000,0.000000,0.000000,above_band_high
2026-06-29T18:27:00Z,92.4269,0.000000,0.000000,0.000000,above_band_high
2026-06-29T18:28:00Z,92.4910,0.000000,0.000000,0.000000,above_band_high
2026-06-29T18:29:00Z,92.5292,0.000000,0.000000,0.000000,above_band_high
2026-06-29T18:30:00Z,92.5750,0.000000,0.000000,0.000000,above_band_high
2026-06-29T18:31:00Z,92.5750,0.000000,0.000000,0.000000,above_band_high
2026-06-29T18:32:00Z,92.5597,0.000000,0.000000,0.000000,above_band_high
2026-06-29T18:33:00Z,92.4773,0.000000,0.000000,0.000000,above_band_high
2026-06-29T18:34:00Z,92.4224,0.000000,0.000000,0.000000,above_band_high
2026-06-29T18:35:00Z,92.3583,0.000000,0.000000,0.000000,above_band_high
2026-06-29T18:36:00Z,92.3445,0.000000,0.000000,0.000000,above_band_high
2026-06-29T18:37:00Z,92.2805,0.000000,0.000000,0.000000,above_band_high
2026-06-29T18:38:00Z,92.1996,0.000000,0.000000,0.000000,above_band_high
2026-06-29T18:39:00Z,92.1492,0.000000,0.000000,0.000000,above_band_high
2026-06-29T18:40:00Z,92.1752,0.000000,0.000000,0.000000,above_band_high
2026-06-29T18:41:00Z,92.1614,0.000000,0.000000,0.000000,above_band_high
2026-06-29T18:42:00Z,92.1218,0.000000,0.000000,0.000000,above_band_high
2026-06-29T18:43:00Z,92.0897,0.000000,0.000000,0.000000,above_band_high
2026-06-29T18:44:00Z,92.0531,0.000000,0.000000,0.000000,above_band_high
2026-06-29T18:45:00Z,92.0623,0.000000,0.000000,0.000000,above_band_high
2026-06-29T18:46:00Z,92.0562,0.000000,0.000000,0.000000,above_band_high
2026-06-29T18:47:00Z,92.0562,0.000000,0.000000,0.000000,above_band_high
2026-06-29T18:48:00Z,92.0760,0.000000,0.000000,0.000000,above_band_high
2026-06-29T18:49:00Z,92.0714,0.000000,0.000000,0.000000,above_band_high
2026-06-29T18:50:00Z,92.0333,0.000000,0.000000,0.000000,above_band_high
2026-06-29T18:51:00Z,91.9875,0.000000,0.000000,0.000000,above_band_high
2026-06-29T18:52:00Z,91.9707,0.000000,0.000000,0.000000,above_band_high
2026-06-29T18:53:00Z,92.0027,0.000000,0.000000,0.000000,above_band_high
2026-06-29T18:54:00Z,91.9509,0.000000,0.000000,0.000000,above_band_high
2026-06-29T18:55:00Z,91.9142,0.000000,0.000000,0.000000,above_band_high
2026-06-29T18:56:00Z,91.9142,0.000000,0.000000,0.000000,above_band_high
2026-06-29T18:57:00Z,91.9203,0.000000,0.000000,0.000000,above_band_high
2026-06-29T18:58:00Z,91.9371,0.000000,0.000000,0.000000,above_band_high
2026-06-29T18:59:00Z,91.9295,0.000000,0.000000,0.000000,above_band_high
2026-06-29T19:00:00Z,91.9692,0.000000,0.000000,0.000000,above_band_high
2026-06-29T19:01:00Z,91.9234,0.000000,0.000000,0.000000,above_band_high
2026-06-29T19:02:00Z,91.9615,0.000000,0.000000,0.000000,above_band_high
2026-06-29T19:03:00Z,91.9158,0.000000,0.000000,0.000000,above_band_high
2026-06-29T19:04:00Z,91.9142,0.000000,0.000000,0.000000,above_band_high
2026-06-29T19:05:00Z,91.8700,0.000000,0.000000,0.000000,above_band_high
2026-06-29T19:06:00Z,91.7998,0.000000,0.000000,0.000000,above_band_high
2026-06-29T19:07:00Z,91.8105,0.000000,0.000000,0.000000,above_band_high
2026-06-29T19:08:00Z,91.7601,0.000000,0.000000,0.000000,above_band_high
2026-06-29T19:09:00Z,91.7647,0.000000,0.000000,0.000000,above_band_high
2026-06-29T19:10:00Z,91.7052,0.000000,0.000000,0.000000,above_band_high
2026-06-29T19:11:00Z,91.7037,0.000000,0.000000,0.000000,above_band_high
2026-06-29T19:12:00Z,91.7174,0.000000,0.000000,0.000000,above_band_high
2026-06-29T19:13:00Z,91.7311,0.000000,0.000000,0.000000,above_band_high
2026-06-29T19:14:00Z,91.7830,0.000000,0.000000,0.000000,above_band_high
2026-06-29T19:15:00Z,91.8364,0.000000,0.000000,0.000000,above_band_high
2026-06-29T19:16:00Z,91.8685,0.000000,0.000000,0.000000,above_band_high
2026-06-29T19:17:00Z,91.9829,0.000000,0.000000,0.000000,above_band_high
2026-06-29T19:18:00Z,92.0516,0.000000,0.000000,0.000000,above_band_high
2026-06-29T19:19:00Z,92.1584,0.000000,0.000000,0.000000,above_band_high
2026-06-29T19:20:00Z,92.2438,0.000000,0.000000,0.000000,above_band_high
2026-06-29T19:21:00Z,92.3186,0.000000,0.000000,0.000000,above_band_high
2026-06-29T19:22:00Z,92.4086,0.000000,0.000000,0.000000,above_band_high
2026-06-29T19:23:00Z,92.4651,0.000000,0.000000,0.000000,above_band_high
2026-06-29T19:24:00Z,92.5109,0.000000,0.000000,0.000000,above_band_high
2026-06-29T19:25:00Z,92.5200,0.000000,0.000000,0.000000,above_band_high
2026-06-29T19:26:00Z,92.5689,0.000000,0.000000,0.000000,above_band_high
2026-06-29T19:27:00Z,92.5750,0.000000,0.000000,0.000000,above_band_high
2026-06-29T19:28:00Z,92.6436,0.000000,0.000000,0.000000,above_band_high
2026-06-29T19:29:00Z,92.6894,0.000000,0.000000,0.000000,above_band_high
2026-06-29T19:30:00Z,92.7062,0.000000,0.000000,0.000000,above_band_high
2026-06-29T19:31:00Z,92.6787,0.000000,0.000000,0.000000,above_band_high
2026-06-29T19:32:00Z,92.6940,0.000000,0.000000,0.000000,above_band_high
2026-06-29T19:33:00Z,92.7169,0.000000,0.000000,0.000000,above_band_high
2026-06-29T19:34:00Z,92.7077,0.000000,0.000000,0.000000,above_band_high
2026-06-29T19:35:00Z,92.6787,0.000000,0.000000,0.000000,above_band_high
2026-06-29T19:36:00Z,92.6482,0.000000,0.000000,0.000000,above_band_high
2026-06-29T19:37:00Z,92.6299,0.000000,0.000000,0.000000,above_band_high
2026-06-29T19:38:00Z,92.5689,0.000000,0.000000,0.000000,above_band_high
2026-06-29T19:39:00Z,92.6070,0.000000,0.000000,0.000000,above_band_high
2026-06-29T19:40:00Z,92.6345,0.000000,0.000000,0.000000,above_band_high
2026-06-29T19:41:00Z,92.6390,0.000000,0.000000,0.000000,above_band_high
2026-06-29T19:42:00Z,92.6390,0.000000,0.000000,0.000000,above_band_high
2026-06-29T19:43:00Z,92.6467,0.000000,0.000000,0.000000,above_band_high
2026-06-29T19:44:00Z,92.6101,0.000000,0.000000,0.000000,above_band_high
2026-06-29T19:45:00Z,92.6146,0.000000,0.000000,0.000000,above_band_high
2026-06-29T19:46:00Z,92.6482,0.000000,0.000000,0.000000,above_band_high
2026-06-29T19:47:00Z,92.6146,0.000000,0.000000,0.000000,above_band_high
2026-06-29T19:48:00Z,92.6284,0.000000,0.000000,0.000000,above_band_high
2026-06-29T19:49:00Z,92.6207,0.000000,0.000000,0.000000,above_band_high
2026-06-29T19:50:00Z,92.6558,0.000000,0.000000,0.000000,above_band_high
2026-06-29T19:51:00Z,92.7214,0.000000,0.000000,0.000000,above_band_high
2026-06-29T19:52:00Z,92.6757,0.000000,0.000000,0.000000,above_band_high
2026-06-29T19:53:00Z,92.7108,0.000000,0.000000,0.000000,above_band_high
2026-06-29T19:54:00Z,92.7306,0.000000,0.000000,0.000000,above_band_high
2026-06-29T19:55:00Z,92.6925,0.000000,0.000000,0.000000,above_band_high
2026-06-29T19:56:00Z,92.7291,0.000000,0.000000,0.000000,above_band_high
2026-06-29T19:57:00Z,92.7474,0.000000,0.000000,0.000000,above_band_high
2026-06-29T19:58:00Z,92.7794,0.000000,0.000000,0.000000,above_band_high
2026-06-29T19:59:00Z,92.7382,0.000000,0.000000,0.000000,above_band_high
2026-06-29T20:00:00Z,92.7672,0.000000,0.000000,0.000000,above_band_high
2026-06-29T20:01:00Z,92.7947,0.000000,0.000000,0.000000,above_band_high
2026-06-29T20:02:00Z,92.8023,0.000000,0.000000,0.000000,above_band_high
2026-06-29T20:03:00Z,92.7932,0.000000,0.000000,0.000000,above_band_high
2026-06-29T20:04:00Z,92.8069,0.000000,0.000000,0.000000,above_band_high
2026-06-29T20:05:00Z,92.8573,0.000000,0.000000,0.000000,above_band_high
2026-06-29T20:06:00Z,92.8435,0.000000,0.000000,0.000000,above_band_high
2026-06-29T20:07:00Z,92.8344,0.000000,0.000000,0.000000,above_band_high
2026-06-29T20:08:00Z,92.9229,0.000000,0.000000,0.000000,above_band_high
2026-06-29T20:09:00Z,92.9091,0.000000,0.000000,0.000000,above_band_high
2026-06-29T20:10:00Z,92.9076,0.000000,0.000000,0.000000,above_band_high
2026-06-29T20:11:00Z,92.9305,0.000000,0.000000,0.000000,above_band_high
2026-06-29T20:12:00Z,92.9717,0.000000,0.000000,0.000000,above_band_high
2026-06-29T20:13:00Z,93.0098,0.000000,0.000000,0.000000,above_band_high
2026-06-29T20:14:00Z,93.0282,0.000000,0.000000,0.000000,above_band_high
2026-06-29T20:15:00Z,93.0190,0.000000,0.000000,0.000000,above_band_high
2026-06-29T20:16:00Z,93.0953,0.000000,0.000000,0.000000,above_band_high
2026-06-29T20:17:00Z,93.0907,0.000000,0.000000,0.000000,above_band_high
2026-06-29T20:18:00Z,93.1197,0.000000,0.000000,0.000000,above_band_high
2026-06-29T20:19:00Z,93.1365,0.000000,0.000000,0.000000,above_band_high
2026-06-29T20:20:00Z,93.1365,0.000000,0.000000,0.000000,above_band_high
2026-06-29T20:21:00Z,93.1868,0.000000,0.000000,0.000000,above_band_high
2026-06-29T20:22:00Z,93.2296,0.000000,0.000000,0.000000,above_band_high
2026-06-29T20:23:00Z,93.2509,0.000000,0.000000,0.000000,above_band_high
2026-06-29T20:24:00Z,93.2525,0.000000,0.000000,0.000000,above_band_high
2026-06-29T20:25:00Z,93.2662,0.000000,0.000000,0.000000,above_band_high
2026-06-29T20:26:00Z,93.3013,0.000000,0.000000,0.000000,above_band_high
2026-06-29T20:27:00Z,93.2967,0.000000,0.000000,0.000000,above_band_high
2026-06-29T20:28:00Z,93.3059,0.000000,0.000000,0.000000,above_band_high
2026-06-29T20:29:00Z,93.3394,0.000000,0.000000,0.000000,above_band_high
2026-06-29T20:30:00Z,93.3623,0.000000,0.000000,0.000000,above_band_high
2026-06-29T20:31:00Z,93.3791,0.000000,0.000000,0.000000,above_band_high
2026-06-29T20:32:00Z,93.4112,0.000000,0.000000,0.000000,above_band_high
2026-06-29T20:33:00Z,93.4356,0.000000,0.000000,0.000000,above_band_high
2026-06-29T20:34:00Z,93.4432,0.000000,0.000000,0.000000,above_band_high
2026-06-29T20:35:00Z,93.4585,0.000000,0.000000,0.000000,above_band_high
2026-06-29T20:36:00Z,93.4661,0.000000,0.000000,0.000000,above_band_high
2026-06-29T20:37:00Z,93.4936,0.000000,0.000000,0.000000,above_band_high
2026-06-29T20:38:00Z,93.5088,0.000000,0.000000,0.000000,above_band_high
2026-06-29T20:39:00Z,93.5088,0.000000,0.000000,0.000000,above_band_high
2026-06-29T20:40:00Z,93.5439,0.000000,0.000000,0.000000,above_band_high
2026-06-29T20:41:00Z,93.5439,0.000000,0.000000,0.000000,above_band_high
2026-06-29T20:42:00Z,93.5821,0.000000,0.000000,0.000000,above_band_high
2026-06-29T20:43:00Z,93.5943,0.000000,0.000000,0.000000,above_band_high
2026-06-29T20:44:00Z,93.6278,0.000000,0.000000,0.000000,above_band_high
2026-06-29T20:45:00Z,93.6599,0.000000,0.000000,0.000000,above_band_high
2026-06-29T20:46:00Z,93.6629,0.000000,0.000000,0.000000,above_band_high
2026-06-29T20:47:00Z,93.6919,0.000000,0.000000,0.000000,above_band_high
2026-06-29T20:48:00Z,93.7331,0.000000,0.000000,0.000000,above_band_high
2026-06-29T20:49:00Z,93.7270,0.000000,0.000000,0.000000,above_band_high
2026-06-29T20:50:00Z,93.7240,0.000000,0.000000,0.000000,above_band_high
2026-06-29T20:51:00Z,93.7316,0.000000,0.000000,0.000000,above_band_high
2026-06-29T20:52:00Z,93.7682,0.000000,0.000000,0.000000,above_band_high
2026-06-29T20:53:00Z,93.7728,0.000000,0.000000,0.000000,above_band_high
2026-06-29T20:54:00Z,93.7881,0.000000,0.000000,0.000000,above_band_high
2026-06-29T20:55:00Z,93.8018,0.000000,0.000000,0.000000,above_band_high
2026-06-29T20:56:00Z,93.7819,0.000000,0.000000,0.000000,above_band_high
2026-06-29T20:57:00Z,93.7972,0.000000,0.000000,0.000000,above_band_high
2026-06-29T20:58:00Z,93.7911,0.000000,0.000000,0.000000,above_band_high
2026-06-29T20:59:00Z,93.8186,0.000000,0.000000,0.000000,above_band_high
2026-06-29T21:00:00Z,93.8109,0.000000,0.000000,0.000000,above_band_high
2026-06-29T21:01:00Z,93.8140,0.000000,0.000000,0.000000,above_band_high
2026-06-29T21:02:00Z,93.8476,0.000000,0.000000,0.000000,above_band_high
2026-06-29T21:03:00Z,93.8796,0.000000,0.000000,0.000000,above_band_high
2026-06-29T21:04:00Z,93.8918,0.000000,0.000000,0.000000,above_band_high
2026-06-29T21:05:00Z,93.8888,0.000000,0.000000,0.000000,above_band_high
2026-06-29T21:06:00Z,93.8827,0.000000,0.000000,0.000000,above_band_high
2026-06-29T21:07:00Z,93.9010,0.000000,0.000000,0.000000,above_band_high
2026-06-29T21:08:00Z,93.9010,0.000000,0.000000,0.000000,above_band_high
2026-06-29T21:09:00Z,93.8888,0.000000,0.000000,0.000000,above_band_high
2026-06-29T21:10:00Z,93.9010,0.000000,0.000000,0.000000,above_band_high
2026-06-29T21:11:00Z,93.9330,0.000000,0.000000,0.000000,above_band_high
2026-06-29T21:12:00Z,93.9574,0.000000,0.000000,0.000000,above_band_high
2026-06-29T21:13:00Z,93.9330,0.000000,0.000000,0.000000,above_band_high
2026-06-29T21:14:00Z,93.9666,0.000000,0.000000,0.000000,above_band_high
2026-06-29T21:15:00Z,94.0032,0.000000,0.000000,0.000000,above_band_high
2026-06-29T21:16:00Z,93.9437,0.000000,0.000000,0.000000,above_band_high
2026-06-29T21:17:00Z,93.9986,0.000000,0.000000,0.000000,above_band_high
2026-06-29T21:18:00Z,94.0078,0.000000,0.000000,0.000000,above_band_high
2026-06-29T21:19:00Z,94.0200,0.000000,0.000000,0.000000,above_band_high
2026-06-29T21:20:00Z,94.0078,0.000000,0.000000,0.000000,above_band_high
2026-06-29T21:21:00Z,94.0398,0.000000,0.000000,0.000000,above_band_high
2026-06-29T21:22:00Z,94.0246,0.000000,0.000000,0.000000,above_band_high
2026-06-29T21:23:00Z,94.0291,0.000000,0.000000,0.000000,above_band_high
2026-06-29T21:24:00Z,94.0352,0.000000,0.000000,0.000000,above_band_high
2026-06-29T21:25:00Z,94.0307,0.000000,0.000000,0.000000,above_band_high
2026-06-29T21:26:00Z,94.0475,0.000000,0.000000,0.000000,above_band_high
2026-06-29T21:27:00Z,94.0841,0.000000,0.000000,0.000000,above_band_high
2026-06-29T21:28:00Z,94.0490,0.000000,0.000000,0.000000,above_band_high
2026-06-29T21:29:00Z,94.0841,0.000000,0.000000,0.000000,above_band_high
2026-06-29T21:30:00Z,94.0658,0.000000,0.000000,0.000000,above_band_high
2026-06-29T21:31:00Z,94.1268,0.000000,0.000000,0.000000,above_band_high
2026-06-29T21:32:00Z,94.1405,0.000000,0.000000,0.000000,above_band_high
2026-06-29T21:33:00Z,94.1039,0.000000,0.000000,0.000000,above_band_high
2026-06-29T21:34:00Z,94.1482,0.000000,0.000000,0.000000,above_band_high
2026-06-29T21:35:00Z,94.1405,0.000000,0.000000,0.000000,above_band_high
2026-06-29T21:36:00Z,94.1802,0.000000,0.000000,0.000000,above_band_high
2026-06-29T21:37:00Z,94.1573,0.000000,0.000000,0.000000,above_band_high
2026-06-29T21:38:00Z,94.1894,0.000000,0.000000,0.000000,above_band_high
2026-06-29T21:39:00Z,94.1955,0.000000,0.000000,0.000000,above_band_high
2026-06-29T21:40:00Z,94.1817,0.000000,0.000000,0.000000,above_band_high
2026-06-29T21:41:00Z,94.2138,0.000000,0.000000,0.000000,above_band_high
2026-06-29T21:42:00Z,94.1955,0.000000,0.000000,0.000000,above_band_high
2026-06-29T21:43:00Z,94.2321,0.000000,0.000000,0.000000,above_band_high
2026-06-29T21:44:00Z,94.2138,0.000000,0.000000,0.000000,above_band_high
2026-06-29T21:45:00Z,94.2260,0.000000,0.000000,0.000000,above_band_high
2026-06-29T21:46:00Z,94.2580,0.000000,0.000000,0.000000,above_band_high
2026-06-29T21:47:00Z,94.2733,0.000000,0.000000,0.000000,above_band_high
2026-06-29T21:48:00Z,94.2779,0.000000,0.000000,0.000000,above_band_high
2026-06-29T21:49:00Z,94.2916,0.000000,0.000000,0.000000,above_band_high
2026-06-29T21:50:00Z,94.2641,0.000000,0.000000,0.000000,above_band_high
2026-06-29T21:51:00Z,94.2641,0.000000,0.000000,0.000000,above_band_high
2026-06-29T21:52:00Z,94.2870,0.000000,0.000000,0.000000,above_band_high
2026-06-29T21:53:00Z,94.2718,0.000000,0.000000,0.000000,above_band_high
2026-06-29T21:54:00Z,94.2824,0.000000,0.000000,0.000000,above_band_high
2026-06-29T21:55:00Z,94.2962,0.000000,0.000000,0.000000,above_band_high
2026-06-29T21:56:00Z,94.3053,0.000000,0.000000,0.000000,above_band_high
2026-06-29T21:57:00Z,94.3084,0.000000,0.000000,0.000000,above_band_high
2026-06-29T21:58:00Z,94.2870,0.000000,0.000000,0.000000,above_band_high
2026-06-29T21:59:00Z,94.2489,0.000000,0.000000,0.000000,above_band_high
2026-06-29T22:00:00Z,94.3038,0.000000,0.000000,0.000000,above_band_high
2026-06-29T22:01:00Z,94.2809,0.000000,0.000000,0.000000,above_band_high
2026-06-29T22:02:00Z,94.3084,0.000000,0.000000,0.000000,above_band_high
2026-06-29T22:03:00Z,94.2962,0.000000,0.000000,0.000000,above_band_high
2026-06-29T22:04:00Z,94.3084,0.000000,0.000000,0.000000,above_band_high
2026-06-29T22:05:00Z,94.2687,0.000000,0.000000,0.000000,above_band_high
2026-06-29T22:06:00Z,94.2779,0.000000,0.000000,0.000000,above_band_high
2026-06-29T22:07:00Z,94.3038,0.000000,0.000000,0.000000,above_band_high
2026-06-29T22:08:00Z,94.3008,0.000000,0.000000,0.000000,above_band_high
2026-06-29T22:09:00Z,94.2901,0.000000,0.000000,0.000000,above_band_high
2026-06-29T22:10:00Z,94.3008,0.000000,0.000000,0.000000,above_band_high
2026-06-29T22:11:00Z,94.2855,0.000000,0.000000,0.000000,above_band_high
2026-06-29T22:12:00Z,94.2962,0.000000,0.000000,0.000000,above_band_high
2026-06-29T22:13:00Z,94.2489,0.000000,0.000000,0.000000,above_band_high
2026-06-29T22:14:00Z,94.2916,0.000000,0.000000,0.000000,above_band_high
2026-06-29T22:15:00Z,94.2718,0.000000,0.000000,0.000000,above_band_high
2026-06-29T22:16:00Z,94.2596,0.000000,0.000000,0.000000,above_band_high
2026-06-29T22:17:00Z,94.2367,0.000000,0.000000,0.000000,above_band_high
2026-06-29T22:18:00Z,94.2412,0.000000,0.000000,0.000000,above_band_high
2026-06-29T22:19:00Z,94.2184,0.000000,0.000000,0.000000,above_band_high
2026-06-29T22:20:00Z,94.2535,0.000000,0.000000,0.000000,above_band_high
2026-06-29T22:21:00Z,94.2641,0.000000,0.000000,0.000000,above_band_high
2026-06-29T22:22:00Z,94.2351,0.000000,0.000000,0.000000,above_band_high
2026-06-29T22:23:00Z,94.2351,0.000000,0.000000,0.000000,above_band_high
2026-06-29T22:24:00Z,94.2168,0.000000,0.000000,0.000000,above_band_high
2026-06-29T22:25:00Z,94.2306,0.000000,0.000000,0.000000,above_band_high
2026-06-29T22:26:00Z,94.2123,0.000000,0.000000,0.000000,above_band_high
2026-06-29T22:27:00Z,94.2458,0.000000,0.000000,0.000000,above_band_high
2026-06-29T22:28:00Z,94.2046,0.000000,0.000000,0.000000,above_band_high
2026-06-29T22:29:00Z,94.2504,0.000000,0.000000,0.000000,above_band_high
2026-06-29T22:30:00Z,94.2046,0.000000,0.000000,0.000000,above_band_high
2026-06-29T22:31:00Z,94.2580,0.000000,0.000000,0.000000,above_band_high
2026-06-29T22:32:00Z,94.1939,0.000000,0.000000,0.000000,above_band_high
2026-06-29T22:33:00Z,94.1985,0.000000,0.000000,0.000000,above_band_high
2026-06-29T22:34:00Z,94.2046,0.000000,0.000000,0.000000,above_band_high
2026-06-29T22:35:00Z,94.2077,0.000000,0.000000,0.000000,above_band_high
2026-06-29T22:36:00Z,94.2351,0.000000,0.000000,0.000000,above_band_high
2026-06-29T22:37:00Z,94.2123,0.000000,0.000000,0.000000,above_band_high
2026-06-29T22:38:00Z,94.2214,0.000000,0.000000,0.000000,above_band_high
2026-06-29T22:39:00Z,94.1726,0.000000,0.000000,0.000000,above_band_high
2026-06-29T22:40:00Z,94.1863,0.000000,0.000000,0.000000,above_band_high
2026-06-29T22:41:00Z,94.1894,0.000000,0.000000,0.000000,above_band_high
2026-06-29T22:42:00Z,94.2214,0.000000,0.000000,0.000000,above_band_high
2026-06-29T22:43:00Z,94.1680,0.000000,0.000000,0.000000,above_band_high
2026-06-29T22:44:00Z,94.1634,0.000000,0.000000,0.000000,above_band_high
2026-06-29T22:45:00Z,94.1909,0.000000,0.000000,0.000000,above_band_high
2026-06-29T22:46:00Z,94.1863,0.000000,0.000000,0.000000,above_band_high
2026-06-29T22:47:00Z,94.1634,0.000000,0.000000,0.000000,above_band_high
2026-06-29T22:48:00Z,94.1634,0.000000,0.000000,0.000000,above_band_high
2026-06-29T22:49:00Z,94.1711,0.000000,0.000000,0.000000,above_band_high
2026-06-29T22:50:00Z,94.1848,0.000000,0.000000,0.000000,above_band_high
2026-06-29T22:51:00Z,94.1497,0.000000,0.000000,0.000000,above_band_high
2026-06-29T22:52:00Z,94.1665,0.000000,0.000000,0.000000,above_band_high
2026-06-29T22:53:00Z,94.1619,0.000000,0.000000,0.000000,above_band_high
2026-06-29T22:54:00Z,94.1527,0.000000,0.000000,0.000000,above_band_high
2026-06-29T22:55:00Z,94.1314,0.000000,0.000000,0.000000,above_band_high
2026-06-29T22:56:00Z,94.1268,0.000000,0.000000,0.000000,above_band_high
2026-06-29T22:57:00Z,94.0887,0.000000,0.000000,0.000000,above_band_high
2026-06-29T22:58:00Z,94.1634,0.000000,0.000000,0.000000,above_band_high
2026-06-29T22:59:00Z,94.1344,0.000000,0.000000,0.000000,above_band_high
2026-06-29T23:00:00Z,94.1360,0.000000,0.000000,0.000000,above_band_high
2026-06-29T23:01:00Z,94.1115,0.000000,0.000000,0.000000,above_band_high
2026-06-29T23:02:00Z,94.1176,0.000000,0.000000,0.000000,above_band_high
2026-06-29T23:03:00Z,94.1207,0.000000,0.000000,0.000000,above_band_high
2026-06-29T23:04:00Z,94.0932,0.000000,0.000000,0.000000,above_band_high
2026-06-29T23:05:00Z,94.0856,0.000000,0.000000,0.000000,above_band_high
2026-06-29T23:06:00Z,94.0795,0.000000,0.000000,0.000000,above_band_high
2026-06-29T23:07:00Z,94.0902,0.000000,0.000000,0.000000,above_band_high
2026-06-29T23:08:00Z,94.0978,0.000000,0.000000,0.000000,above_band_high
2026-06-29T23:09:00Z,94.0673,0.000000,0.000000,0.000000,above_band_high
2026-06-29T23:10:00Z,94.1299,0.000000,0.000000,0.000000,above_band_high
2026-06-29T23:11:00Z,94.1039,0.000000,0.000000,0.000000,above_band_high
2026-06-29T23:12:00Z,94.1299,0.000000,0.000000,0.000000,above_band_high
2026-06-29T23:13:00Z,94.0993,0.000000,0.000000,0.000000,above_band_high
2026-06-29T23:14:00Z,94.1070,0.000000,0.000000,0.000000,above_band_high
2026-06-29T23:15:00Z,94.1344,0.000000,0.000000,0.000000,above_band_high
2026-06-29T23:16:00Z,94.1360,0.000000,0.000000,0.000000,above_band_high
2026-06-29T23:17:00Z,94.1115,0.000000,0.000000,0.000000,above_band_high
2026-06-29T23:18:00Z,94.1360,0.000000,0.000000,0.000000,above_band_high
2026-06-29T23:19:00Z,94.1665,0.000000,0.000000,0.000000,above_band_high
2026-06-29T23:20:00Z,94.1772,0.000000,0.000000,0.000000,above_band_high
2026-06-29T23:21:00Z,94.2000,0.000000,0.000000,0.000000,above_band_high
2026-06-29T23:22:00Z,94.1405,0.000000,0.000000,0.000000,above_band_high
2026-06-29T23:23:00Z,94.1955,0.000000,0.000000,0.000000,above_band_high
2026-06-29T23:24:00Z,94.2580,0.000000,0.000000,0.000000,above_band_high
2026-06-29T23:25:00Z,94.2443,0.000000,0.000000,0.000000,above_band_high
2026-06-29T23:26:00Z,94.2397,0.000000,0.000000,0.000000,above_band_high
2026-06-29T23:27:00Z,94.2824,0.000000,0.000000,0.000000,above_band_high
2026-06-29T23:28:00Z,94.2672,0.000000,0.000000,0.000000,above_band_high
2026-06-29T23:29:00Z,94.2763,0.000000,0.000000,0.000000,above_band_high
2026-06-29T23:30:00Z,94.3221,0.000000,0.000000,0.000000,above_band_high
2026-06-29T23:31:00Z,94.3374,0.000000,0.000000,0.000000,above_band_high
2026-06-29T23:32:00Z,94.3694,0.000000,0.000000,0.000000,above_band_high
2026-06-29T23:33:00Z,94.3511,0.000000,0.000000,0.000000,above_band_high
2026-06-29T23:34:00Z,94.4045,0.000000,0.000000,0.000000,above_band_high
2026-06-29T23:35:00Z,94.4228,0.000000,0.000000,0.000000,above_band_high
2026-06-29T23:36:00Z,94.3908,0.000000,0.000000,0.000000,above_band_high
2026-06-29T23:37:00Z,94.4244,0.000000,0.000000,0.000000,above_band_high
2026-06-29T23:38:00Z,94.4335,0.000000,0.000000,0.000000,above_band_high
2026-06-29T23:39:00Z,94.4411,0.000000,0.000000,0.000000,above_band_high
2026-06-29T23:40:00Z,94.4686,0.000000,0.000000,0.000000,above_band_high
2026-06-29T23:41:00Z,94.4686,0.000000,0.000000,0.000000,above_band_high
2026-06-29T23:42:00Z,94.4793,0.000000,0.000000,0.000000,above_band_high
2026-06-29T23:43:00Z,94.4366,0.000000,0.000000,0.000000,above_band_high
2026-06-29T23:44:00Z,94.5068,0.000000,0.000000,0.000000,above_band_high
2026-06-29T23:45:00Z,94.5434,0.000000,0.000000,0.000000,above_band_high
2026-06-29T23:46:00Z,94.5159,0.000000,0.000000,0.000000,above_band_high
2026-06-29T23:47:00Z,94.5327,0.000000,0.000000,0.000000,above_band_high
2026-06-29T23:48:00Z,94.5251,0.000000,0.000000,0.000000,above_band_high
2026-06-29T23:49:00Z,94.5327,0.000000,0.000000,0.000000,above_band_high
2026-06-29T23:50:00Z,94.5327,0.000000,0.000000,0.000000,above_band_high
2026-06-29T23:51:00Z,94.5602,0.000000,0.000000,0.000000,above_band_high
2026-06-29T23:52:00Z,94.5892,0.000000,0.000000,0.000000,above_band_high
2026-06-29T23:53:00Z,94.6014,0.000000,0.000000,0.000000,above_band_high
2026-06-29T23:54:00Z,94.5693,0.000000,0.000000,0.000000,above_band_high
2026-06-29T23:55:00Z,94.5937,0.000000,0.000000,0.000000,above_band_high
2026-06-29T23:56:00Z,94.6242,0.000000,0.000000,0.000000,above_band_high
2026-06-29T23:57:00Z,94.5983,0.000000,0.000000,0.000000,above_band_high
2026-06-29T23:58:00Z,94.5892,0.000000,0.000000,0.000000,above_band_high
2026-06-29T23:59:00Z,94.6426,0.000000,0.000000,0.000000,above_band_high
2026-06-30T00:00:00Z,94.6380,0.000000,0.000000,0.000000,above_band_high
2026-06-30T00:01:00Z,94.6288,0.000000,0.000000,0.000000,above_band_high
2026-06-30T00:02:00Z,94.6761,0.000000,0.000000,0.000000,above_band_high
2026-06-30T00:03:00Z,94.6441,0.000000,0.000000,0.000000,above_band_high
2026-06-30T00:04:00Z,94.6532,0.000000,0.000000,0.000000,above_band_high
2026-06-30T00:05:00Z,94.6899,0.000000,0.000000,0.000000,above_band_high
2026-06-30T00:06:00Z,94.7082,0.000000,0.000000,0.000000,above_band_high
2026-06-30T00:07:00Z,94.7112,0.000000,0.000000,0.000000,above_band_high
2026-06-30T00:08:00Z,94.7539,0.000000,0.000000,0.000000,above_band_high
2026-06-30T00:09:00Z,94.7311,0.000000,0.000000,0.000000,above_band_high
2026-06-30T00:10:00Z,94.7478,0.000000,0.000000,0.000000,above_band_high
2026-06-30T00:11:00Z,94.7494,0.000000,0.000000,0.000000,above_band_high
2026-06-30T00:12:00Z,94.7494,0.000000,0.000000,0.000000,above_band_high
2026-06-30T00:13:00Z,94.7662,0.000000,0.000000,0.000000,above_band_high
2026-06-30T00:14:00Z,94.8272,0.000000,0.000000,0.000000,above_band_high
2026-06-30T00:15:00Z,94.8180,0.000000,0.000000,0.000000,above_band_high
2026-06-30T00:16:00Z,94.8135,0.000000,0.000000,0.000000,above_band_high
2026-06-30T00:17:00Z,94.8165,0.000000,0.000000,0.000000,above_band_high
2026-06-30T00:18:00Z,94.8074,0.000000,0.000000,0.000000,above_band_high
2026-06-30T00:19:00Z,94.8302,0.000000,0.000000,0.000000,above_band_high
2026-06-30T00:20:00Z,94.8165,0.000000,0.000000,0.000000,above_band_high
2026-06-30T00:21:00Z,94.8257,0.000000,0.000000,0.000000,above_band_high
2026-06-30T00:22:00Z,94.8669,0.000000,0.000000,0.000000,above_band_high
2026-06-30T00:23:00Z,94.8943,0.000000,0.000000,0.000000,above_band_high
2026-06-30T00:24:00Z,94.8898,0.000000,0.000000,0.000000,above_band_high
2026-06-30T00:25:00Z,94.8119,0.000000,0.000000,0.000000,above_band_high
2026-06-30T00:26:00Z,94.8898,0.000000,0.000000,0.000000,above_band_high
2026-06-30T00:27:00Z,94.8592,0.000000,0.000000,0.000000,above_band_high
2026-06-30T00:28:00Z,94.8943,0.000000,0.000000,0.000000,above_band_high
2026-06-30T00:29:00Z,94.8577,0.000000,0.000000,0.000000,above_band_high
2026-06-30T00:30:00Z,94.8638,0.000000,0.000000,0.000000,above_band_high
2026-06-30T00:31:00Z,94.8684,0.000000,0.000000,0.000000,above_band_high
2026-06-30T00:32:00Z,94.9004,0.000000,0.000000,0.000000,above_band_high
2026-06-30T00:33:00Z,94.9035,0.000000,0.000000,0.000000,above_band_high
2026-06-30T00:34:00Z,94.9050,0.000000,0.000000,0.000000,above_band_high
2026-06-30T00:35:00Z,94.8898,0.000000,0.000000,0.000000,above_band_high
2026-06-30T00:36:00Z,94.9538,0.000000,0.000000,0.000000,above_band_high
2026-06-30T00:37:00Z,94.9462,0.000000,0.000000,0.000000,above_band_high
2026-06-30T00:38:00Z,94.9187,0.000000,0.000000,0.000000,above_band_high
2026-06-30T00:39:00Z,94.9401,0.000000,0.000000,0.000000,above_band_high
2026-06-30T00:40:00Z,94.9722,0.000000,0.000000,0.000000,above_band_high
2026-06-30T00:41:00Z,94.9783,0.000000,0.000000,0.000000,above_band_high
2026-06-30T00:42:00Z,94.9584,0.000000,0.000000,0.000000,above_band_high
2026-06-30T00:43:00Z,94.9416,0.000000,0.000000,0.000000,above_band_high
2026-06-30T00:44:00Z,94.9416,0.000000,0.000000,0.000000,above_band_high
2026-06-30T00:45:00Z,94.9462,0.000000,0.000000,0.000000,above_band_high
2026-06-30T00:46:00Z,94.9493,0.000000,0.000000,0.000000,above_band_high
2026-06-30T00:47:00Z,94.9859,0.000000,0.000000,0.000000,above_band_high
2026-06-30T00:48:00Z,94.9874,0.000000,0.000000,0.000000,above_band_high
2026-06-30T00:49:00Z,94.9783,0.000000,0.000000,0.000000,above_band_high
2026-06-30T00:50:00Z,94.9355,0.000000,0.000000,0.000000,above_band_high
2026-06-30T00:51:00Z,94.9950,0.000000,0.000000,0.000000,above_band_high
2026-06-30T00:52:00Z,94.9920,0.000000,0.000000,0.000000,above_band_high
2026-06-30T00:53:00Z,95.0011,0.000000,0.000000,0.000000,above_band_high
2026-06-30T00:54:00Z,95.0103,0.000000,0.000000,0.000000,above_band_high
2026-06-30T00:55:00Z,95.0317,0.000000,0.000000,0.000000,above_band_high
2026-06-30T00:56:00Z,95.0729,0.000000,0.000000,0.000000,above_band_high
2026-06-30T00:57:00Z,95.0607,0.000000,0.000000,0.000000,above_band_high
2026-06-30T00:58:00Z,95.0729,0.000000,0.000000,0.000000,above_band_high
2026-06-30T00:59:00Z,95.0820,0.000000,0.000000,0.000000,above_band_high
2026-06-30T01:00:00Z,95.0607,0.000000,0.000000,0.000000,above_band_high
2026-06-30T01:01:00Z,95.1019,0.000000,0.000000,0.000000,above_band_high
2026-06-30T01:02:00Z,95.0607,0.000000,0.000000,0.000000,above_band_high
2026-06-30T01:03:00Z,95.1278,0.000000,0.000000,0.000000,above_band_high
2026-06-30T01:04:00Z,95.0652,0.000000,0.000000,0.000000,above_band_high
2026-06-30T01:05:00Z,95.1568,0.000000,0.000000,0.000000,above_band_high
2026-06-30T01:06:00Z,95.1186,0.000000,0.000000,0.000000,above_band_high
2026-06-30T01:07:00Z,95.1324,0.000000,0.000000,0.000000,above_band_high
2026-06-30T01:08:00Z,95.1186,0.000000,0.000000,0.000000,above_band_high
2026-06-30T01:09:00Z,95.1232,0.000000,0.000000,0.000000,above_band_high
2026-06-30T01:10:00Z,95.1507,0.000000,0.000000,0.000000,above_band_high
2026-06-30T01:11:00Z,95.1568,0.000000,0.000000,0.000000,above_band_high
2026-06-30T01:12:00Z,95.1843,0.000000,0.000000,0.000000,above_band_high
2026-06-30T01:13:00Z,95.1705,0.000000,0.000000,0.000000,above_band_high
2026-06-30T01:14:00Z,95.1568,0.000000,0.000000,0.000000,above_band_high
2026-06-30T01:15:00Z,95.1873,0.000000,0.000000,0.000000,above_band_high
2026-06-30T01:16:00Z,95.1690,0.000000,0.000000,0.000000,above_band_high
2026-06-30T01:17:00Z,95.2163,0.000000,0.000000,0.000000,above_band_high
2026-06-30T01:18:00Z,95.1980,0.000000,0.000000,0.000000,above_band_high
2026-06-30T01:19:00Z,95.2346,0.000000,0.000000,0.000000,above_band_high
2026-06-30T01:20:00Z,95.2239,0.000000,0.000000,0.000000,above_band_high
2026-06-30T01:21:00Z,95.2560,0.000000,0.000000,0.000000,above_band_high
2026-06-30T01:22:00Z,95.2239,0.000000,0.000000,0.000000,above_band_high
2026-06-30T01:23:00Z,95.2880,0.000000,0.000000,0.000000,above_band_high
2026-06-30T01:24:00Z,95.2392,0.000000,0.000000,0.000000,above_band_high
2026-06-30T01:25:00Z,95.2697,0.000000,0.000000,0.000000,above_band_high
2026-06-30T01:26:00Z,95.2987,0.000000,0.000000,0.000000,above_band_high
2026-06-30T01:27:00Z,95.2667,0.000000,0.000000,0.000000,above_band_high
2026-06-30T01:28:00Z,95.2758,0.000000,0.000000,0.000000,above_band_high
2026-06-30T01:29:00Z,95.2987,0.000000,0.000000,0.000000,above_band_high
2026-06-30T01:30:00Z,95.3216,0.000000,0.000000,0.000000,above_band_high
2026-06-30T01:31:00Z,95.3353,0.000000,0.000000,0.000000,above_band_high
2026-06-30T01:32:00Z,95.3262,0.000000,0.000000,0.000000,above_band_high
2026-06-30T01:33:00Z,95.3124,0.000000,0.000000,0.000000,above_band_high
2026-06-30T01:34:00Z,95.3582,0.000000,0.000000,0.000000,above_band_high
2026-06-30T01:35:00Z,95.3536,0.000000,0.000000,0.000000,above_band_high
2026-06-30T01:36:00Z,95.3765,0.000000,0.000000,0.000000,above_band_high
2026-06-30T01:37:00Z,95.3704,0.000000,0.000000,0.000000,above_band_high
2026-06-30T01:38:00Z,95.3475,0.000000,0.000000,0.000000,above_band_high
2026-06-30T01:39:00Z,95.3704,0.000000,0.000000,0.000000,above_band_high
2026-06-30T01:40:00Z,95.4116,0.000000,0.000000,0.000000,above_band_high
2026-06-30T01:41:00Z,95.3841,0.000000,0.000000,0.000000,above_band_high
2026-06-30T01:42:00Z,95.3841,0.000000,0.000000,0.000000,above_band_high
2026-06-30T01:43:00Z,95.3933,0.000000,0.000000,0.000000,above_band_high
2026-06-30T01:44:00Z,95.4116,0.000000,0.000000,0.000000,above_band_high
2026-06-30T01:45:00Z,95.4131,0.000000,0.000000,0.000000,above_band_high
2026-06-30T01:46:00Z,95.4360,0.000000,0.000000,0.000000,above_band_high
2026-06-30T01:47:00Z,95.4208,0.000000,0.000000,0.000000,above_band_high
2026-06-30T01:48:00Z,95.3841,0.000000,0.000000,0.000000,above_band_high
2026-06-30T01:49:00Z,95.4208,0.000000,0.000000,0.000000,above_band_high
2026-06-30T01:50:00Z,95.4482,0.000000,0.000000,0.000000,above_band_high
2026-06-30T01:51:00Z,95.4543,0.000000,0.000000,0.000000,above_band_high
2026-06-30T01:52:00Z,95.4299,0.000000,0.000000,0.000000,above_band_high
2026-06-30T01:53:00Z,95.4818,0.000000,0.000000,0.000000,above_band_high
2026-06-30T01:54:00Z,95.4818,0.000000,0.000000,0.000000,above_band_high
2026-06-30T01:55:00Z,95.5001,0.000000,0.000000,0.000000,above_band_high
2026-06-30T01:56:00Z,95.5413,0.000000,0.000000,0.000000,above_band_high
2026-06-30T01:57:00Z,95.5138,0.000000,0.000000,0.000000,above_band_high
2026-06-30T01:58:00Z,95.5367,0.000000,0.000000,0.000000,above_band_high
2026-06-30T01:59:00Z,95.5489,0.000000,0.000000,0.000000,above_band_high
2026-06-30T02:00:00Z,95.5230,0.000000,0.000000,0.000000,above_band_high
2026-06-30T02:01:00Z,95.5322,0.000000,0.000000,0.000000,above_band_high
2026-06-30T02:02:00Z,95.5810,0.000000,0.000000,0.000000,above_band_high
2026-06-30T02:03:00Z,95.5459,0.000000,0.000000,0.000000,above_band_high
2026-06-30T02:04:00Z,95.5688,0.000000,0.000000,0.000000,above_band_high
2026-06-30T02:05:00Z,95.5917,0.000000,0.000000,0.000000,above_band_high
2026-06-30T02:06:00Z,95.5917,0.000000,0.000000,0.000000,above_band_high
2026-06-30T02:07:00Z,95.6054,0.000000,0.000000,0.000000,above_band_high
2026-06-30T02:08:00Z,95.6100,0.000000,0.000000,0.000000,above_band_high
2026-06-30T02:09:00Z,95.5871,0.000000,0.000000,0.000000,above_band_high
2026-06-30T02:10:00Z,95.6054,0.000000,0.000000,0.000000,above_band_high
2026-06-30T02:11:00Z,95.6146,0.000000,0.000000,0.000000,above_band_high
2026-06-30T02:12:00Z,95.5993,0.000000,0.000000,0.000000,above_band_high
2026-06-30T02:13:00Z,95.6146,0.000000,0.000000,0.000000,above_band_high
2026-06-30T02:14:00Z,95.6146,0.000000,0.000000,0.000000,above_band_high
2026-06-30T02:15:00Z,95.6176,0.000000,0.000000,0.000000,above_band_high
2026-06-30T02:16:00Z,95.6405,0.000000,0.000000,0.000000,above_band_high
2026-06-30T02:17:00Z,95.6634,0.000000,0.000000,0.000000,above_band_high
2026-06-30T02:18:00Z,95.6558,0.000000,0.000000,0.000000,above_band_high
2026-06-30T02:19:00Z,95.6771,0.000000,0.000000,0.000000,above_band_high
2026-06-30T02:20:00Z,95.6817,0.000000,0.000000,0.000000,above_band_high
2026-06-30T02:21:00Z,95.7000,0.000000,0.000000,0.000000,above_band_high
2026-06-30T02:22:00Z,95.7092,0.000000,0.000000,0.000000,above_band_high
2026-06-30T02:23:00Z,95.7000,0.000000,0.000000,0.000000,above_band_high
2026-06-30T02:24:00Z,95.6863,0.000000,0.000000,0.000000,above_band_high
2026-06-30T02:25:00Z,95.7458,0.000000,0.000000,0.000000,above_band_high
2026-06-30T02:26:00Z,95.7504,0.000000,0.000000,0.000000,above_band_high
2026-06-30T02:27:00Z,95.7458,0.000000,0.000000,0.000000,above_band_high
2026-06-30T02:28:00Z,95.7107,0.000000,0.000000,0.000000,above_band_high
2026-06-30T02:29:00Z,95.7458,0.000000,0.000000,0.000000,above_band_high
2026-06-30T02:30:00Z,95.7519,0.000000,0.000000,0.000000,above_band_high
2026-06-30T02:31:00Z,95.7458,0.000000,0.000000,0.000000,above_band_high
2026-06-30T02:32:00Z,95.7565,0.000000,0.000000,0.000000,above_band_high
2026-06-30T02:33:00Z,95.7427,0.000000,0.000000,0.000000,above_band_high
2026-06-30T02:34:00Z,95.7610,0.000000,0.000000,0.000000,above_band_high
2026-06-30T02:35:00Z,95.7458,0.000000,0.000000,0.000000,above_band_high
2026-06-30T02:36:00Z,95.7687,0.000000,0.000000,0.000000,above_band_high
2026-06-30T02:37:00Z,95.7549,0.000000,0.000000,0.000000,above_band_high
2026-06-30T02:38:00Z,95.7336,0.000000,0.000000,0.000000,above_band_high
2026-06-30T02:39:00Z,95.7275,0.000000,0.000000,0.000000,above_band_high
2026-06-30T02:40:00Z,95.7275,0.000000,0.000000,0.000000,above_band_high
2026-06-30T02:41:00Z,95.7412,0.000000,0.000000,0.000000,above_band_high
2026-06-30T02:42:00Z,95.7275,0.000000,0.000000,0.000000,above_band_high
2026-06-30T02:43:00Z,95.7153,0.000000,0.000000,0.000000,above_band_high
2026-06-30T02:44:00Z,95.7458,0.000000,0.000000,0.000000,above_band_high
2026-06-30T02:45:00Z,95.7290,0.000000,0.000000,0.000000,above_band_high
2026-06-30T02:46:00Z,95.6954,0.000000,0.000000,0.000000,above_band_high
2026-06-30T02:47:00Z,95.6909,0.000000,0.000000,0.000000,above_band_high
2026-06-30T02:48:00Z,95.6954,0.000000,0.000000,0.000000,above_band_high
2026-06-30T02:49:00Z,95.6558,0.000000,0.000000,0.000000,above_band_high
2026-06-30T02:50:00Z,95.6313,0.000000,0.000000,0.000000,above_band_high
2026-06-30T02:51:00Z,95.6039,0.000000,0.000000,0.000000,above_band_high
2026-06-30T02:52:00Z,95.5825,0.000000,0.000000,0.000000,above_band_high
2026-06-30T02:53:00Z,95.5856,0.000000,0.000000,0.000000,above_band_high
2026-06-30T02:54:00Z,95.5398,0.000000,0.000000,0.000000,above_band_high
2026-06-30T02:55:00Z,95.5596,0.000000,0.000000,0.000000,above_band_high
2026-06-30T02:56:00Z,95.5032,0.000000,0.000000,0.000000,above_band_high
2026-06-30T02:57:00Z,95.5261,0.000000,0.000000,0.000000,above_band_high
2026-06-30T02:58:00Z,95.4498,0.000000,0.000000,0.000000,above_band_high
2026-06-30T02:59:00Z,95.4620,0.000000,0.000000,0.000000,above_band_high
2026-06-30T03:00:00Z,95.4986,0.000000,0.000000,0.000000,above_band_high
2026-06-30T03:01:00Z,95.4574,0.000000,0.000000,0.000000,above_band_high
2026-06-30T03:02:00Z,95.4208,0.000000,0.000000,0.000000,above_band_high
2026-06-30T03:03:00Z,95.4223,0.000000,0.000000,0.000000,above_band_high
2026-06-30T03:04:00Z,95.4314,0.000000,0.000000,0.000000,above_band_high
2026-06-30T03:05:00Z,95.3994,0.000000,0.000000,0.000000,above_band_high
2026-06-30T03:06:00Z,95.3841,0.000000,0.000000,0.000000,above_band_high
2026-06-30T03:07:00Z,95.4437,0.000000,0.000000,0.000000,above_band_high
2026-06-30T03:08:00Z,95.3902,0.000000,0.000000,0.000000,above_band_high
2026-06-30T03:09:00Z,95.3902,0.000000,0.000000,0.000000,above_band_high
2026-06-30T03:10:00Z,95.3902,0.000000,0.000000,0.000000,above_band_high
2026-06-30T03:11:00Z,95.3902,0.000000,0.000000,0.000000,above_band_high
2026-06-30T03:12:00Z,95.3857,0.000000,0.000000,0.000000,above_band_high
2026-06-30T03:13:00Z,95.4025,0.000000,0.000000,0.000000,above_band_high
2026-06-30T03:14:00Z,95.4116,0.000000,0.000000,0.000000,above_band_high
2026-06-30T03:15:00Z,95.3948,0.000000,0.000000,0.000000,above_band_high
2026-06-30T03:16:00Z,95.3796,0.000000,0.000000,0.000000,above_band_high
2026-06-30T03:17:00Z,95.3491,0.000000,0.000000,0.000000,above_band_high
2026-06-30T03:18:00Z,95.3536,0.000000,0.000000,0.000000,above_band_high
2026-06-30T03:19:00Z,95.3887,0.000000,0.000000,0.000000,above_band_high
2026-06-30T03:20:00Z,95.3628,0.000000,0.000000,0.000000,above_band_high
2026-06-30T03:21:00Z,95.3429,0.000000,0.000000,0.000000,above_band_high
2026-06-30T03:22:00Z,95.3475,0.000000,0.000000,0.000000,above_band_high
2026-06-30T03:23:00Z,95.3201,0.000000,0.000000,0.000000,above_band_high
2026-06-30T03:24:00Z,95.3246,0.000000,0.000000,0.000000,above_band_high
2026-06-30T03:25:00Z,95.2834,0.000000,0.000000,0.000000,above_band_high
2026-06-30T03:26:00Z,95.3017,0.000000,0.000000,0.000000,above_band_high
2026-06-30T03:27:00Z,95.2239,0.000000,0.000000,0.000000,above_band_high
2026-06-30T03:28:00Z,95.2071,0.000000,0.000000,0.000000,above_band_high
2026-06-30T03:29:00Z,95.2346,0.000000,0.000000,0.000000,above_band_high
2026-06-30T03:30:00Z,95.2148,0.000000,0.000000,0.000000,above_band_high
2026-06-30T03:31:00Z,95.1934,0.000000,0.000000,0.000000,above_band_high
2026-06-30T03:32:00Z,95.1415,0.000000,0.000000,0.000000,above_band_high
2026-06-30T03:33:00Z,95.1019,0.000000,0.000000,0.000000,above_band_high
2026-06-30T03:34:00Z,95.0454,0.000000,0.000000,0.000000,above_band_high
2026-06-30T03:35:00Z,94.9447,0.000000,0.000000,0.000000,above_band_high
2026-06-30T03:36:00Z,94.9233,0.000000,0.000000,0.000000,above_band_high
2026-06-30T03:37:00Z,94.8318,0.000000,0.000000,0.000000,above_band_high
2026-06-30T03:38:00Z,94.7539,0.000000,0.000000,0.000000,above_band_high
2026-06-30T03:39:00Z,94.6380,0.000000,0.000000,0.000000,above_band_high
2026-06-30T03:40:00Z,94.5296,0.000000,0.000000,0.000000,above_band_high
2026-06-30T03:41:00Z,94.4472,0.000000,0.000000,0.000000,above_band_high
2026-06-30T03:42:00Z,94.3633,0.000000,0.000000,0.000000,above_band_high
2026-06-30T03:43:00Z,94.2687,0.000000,0.000000,0.000000,above_band_high
2026-06-30T03:44:00Z,94.1817,0.000000,0.000000,0.000000,above_band_high
2026-06-30T03:45:00Z,94.1314,0.000000,0.000000,0.000000,above_band_high
2026-06-30T03:46:00Z,94.1436,0.000000,0.000000,0.000000,above_band_high
2026-06-30T03:47:00Z,94.0902,0.000000,0.000000,0.000000,above_band_high
2026-06-30T03:48:00Z,94.0337,0.000000,0.000000,0.000000,above_band_high
2026-06-30T03:49:00Z,94.0063,0.000000,0.000000,0.000000,above_band_high
2026-06-30T03:50:00Z,93.9666,0.000000,0.000000,0.000000,above_band_high
2026-06-30T03:51:00Z,93.9254,0.000000,0.000000,0.000000,above_band_high
2026-06-30T03:52:00Z,93.9147,0.000000,0.000000,0.000000,above_band_high
2026-06-30T03:53:00Z,93.8842,0.000000,0.000000,0.000000,above_band_high
2026-06-30T03:54:00Z,93.8323,0.000000,0.000000,0.000000,above_band_high
2026-06-30T03:55:00Z,93.8018,0.000000,0.000000,0.000000,above_band_high
2026-06-30T03:56:00Z,93.7881,0.000000,0.000000,0.000000,above_band_high
2026-06-30T03:57:00Z,93.7331,0.000000,0.000000,0.000000,above_band_high
2026-06-30T03:58:00Z,93.7224,0.000000,0.000000,0.000000,above_band_high
2026-06-30T03:59:00Z,93.6812,0.000000,0.000000,0.000000,above_band_high
2026-06-30T04:00:00Z,93.6507,0.000000,0.000000,0.000000,above_band_high
2026-06-30T04:01:00Z,93.5958,0.000000,0.000000,0.000000,above_band_high
2026-06-30T04:02:00Z,93.5729,0.000000,0.000000,0.000000,above_band_high
2026-06-30T04:03:00Z,93.5317,0.000000,0.000000,0.000000,above_band_high
2026-06-30T04:04:00Z,93.5393,0.000000,0.000000,0.000000,above_band_high
2026-06-30T04:05:00Z,93.4798,0.000000,0.000000,0.000000,above_band_high
2026-06-30T04:06:00Z,93.4340,0.000000,0.000000,0.000000,above_band_high
2026-06-30T04:07:00Z,93.4295,0.000000,0.000000,0.000000,above_band_high
2026-06-30T04:08:00Z,93.4081,0.000000,0.000000,0.000000,above_band_high
2026-06-30T04:09:00Z,93.4386,0.000000,0.000000,0.000000,above_band_high
2026-06-30T04:10:00Z,93.3623,0.000000,0.000000,0.000000,above_band_high
2026-06-30T04:11:00Z,93.3852,0.000000,0.000000,0.000000,above_band_high
2026-06-30T04:12:00Z,93.3700,0.000000,0.000000,0.000000,above_band_high
2026-06-30T04:13:00Z,93.3852,0.000000,0.000000,0.000000,above_band_high
2026-06-30T04:14:00Z,93.3608,0.000000,0.000000,0.000000,above_band_high
2026-06-30T04:15:00Z,93.3333,0.000000,0.000000,0.000000,above_band_high
2026-06-30T04:16:00Z,93.2982,0.000000,0.000000,0.000000,above_band_high
2026-06-30T04:17:00Z,93.2570,0.000000,0.000000,0.000000,above_band_high
2026-06-30T04:18:00Z,93.1655,0.000000,0.000000,0.000000,above_band_high
2026-06-30T04:19:00Z,93.0968,0.000000,0.000000,0.000000,above_band_high
2026-06-30T04:20:00Z,93.0694,0.000000,0.000000,0.000000,above_band_high
2026-06-30T04:21:00Z,93.0175,0.000000,0.000000,0.000000,above_band_high
2026-06-30T04:22:00Z,93.0144,0.000000,0.000000,0.000000,above_band_high
2026-06-30T04:23:00Z,93.0220,0.000000,0.000000,0.000000,above_band_high
2026-06-30T04:24:00Z,92.9915,0.000000,0.000000,0.000000,above_band_high
2026-06-30T04:25:00Z,93.0358,0.000000,0.000000,0.000000,above_band_high
2026-06-30T04:26:00Z,93.0220,0.000000,0.000000,0.000000,above_band_high
2026-06-30T04:27:00Z,93.0220,0.000000,0.000000,0.000000,above_band_high
2026-06-30T04:28:00Z,93.0129,0.000000,0.000000,0.000000,above_band_high
2026-06-30T04:29:00Z,93.0358,0.000000,0.000000,0.000000,above_band_high
2026-06-30T04:30:00Z,93.0266,0.000000,0.000000,0.000000,above_band_high
2026-06-30T04:31:00Z,93.0282,0.000000,0.000000,0.000000,above_band_high
2026-06-30T04:32:00Z,92.9503,0.000000,0.000000,0.000000,above_band_high
2026-06-30T04:33:00Z,92.8939,0.000000,0.000000,0.000000,above_band_high
2026-06-30T04:34:00Z,92.7810,0.000000,0.000000,0.000000,above_band_high
2026-06-30T04:35:00Z,92.7031,0.000000,0.000000,0.000000,above_band_high
2026-06-30T04:36:00Z,92.6192,0.000000,0.000000,0.000000,above_band_high
2026-06-30T04:37:00Z,92.5521,0.000000,0.000000,0.000000,above_band_high
2026-06-30T04:38:00Z,92.4498,0.000000,0.000000,0.000000,above_band_high
2026-06-30T04:39:00Z,92.3583,0.000000,0.000000,0.000000,above_band_high
2026-06-30T04:40:00Z,92.2271,0.000000,0.000000,0.000000,above_band_high
2026-06-30T04:41:00Z,92.1721,0.000000,0.000000,0.000000,above_band_high
2026-06-30T04:42:00Z,92.0974,0.000000,0.000000,0.000000,above_band_high
2026-06-30T04:43:00Z,92.0333,0.000000,0.000000,0.000000,above_band_high
2026-06-30T04:44:00Z,91.9432,0.000000,0.000000,0.000000,above_band_high
2026-06-30T04:45:00Z,91.9020,0.000000,0.000000,0.000000,above_band_high
2026-06-30T04:46:00Z,91.7906,0.000000,0.000000,0.000000,above_band_high
2026-06-30T04:47:00Z,91.6686,0.000000,0.000000,0.000000,above_band_high
2026-06-30T04:48:00Z,91.6411,0.000000,0.000000,0.000000,above_band_high
2026-06-30T04:48:58Z,91.5160,0.000000,0.000638,0.000638,above_band_high
2026-06-30T04:49:02Z,91.4900,0.000000,0.007073,0.007073,in_band
2026-06-30T04:49:10Z,91.4931,0.006613,0.006296,-0.000317,in_band
2026-06-30T04:50:44Z,91.3298,0.001417,0.001342,-0.000074,in_band
2026-06-30T04:50:59Z,91.3298,0.001106,0.001048,-0.000058,in_band
2026-06-30T04:51:00Z,91.3375,0.001087,0.001030,-0.000057,in_band
2026-06-30T04:51:59Z,91.2291,0.000410,0.000389,-0.000022,in_band
2026-06-30T04:52:00Z,91.2642,0.000403,0.000382,-0.000021,in_band
2026-06-30T04:52:59Z,91.2413,0.000152,0.000144,-0.000008,in_band
2026-06-30T04:53:00Z,91.2062,0.000150,0.000142,-0.000008,in_band
2026-06-30T04:53:59Z,91.1421,0.000056,0.000053,-0.000003,in_band
2026-06-30T04:54:00Z,91.1315,0.000055,0.000053,-0.000003,in_band
2026-06-30T04:54:59Z,91.1009,0.000021,0.000020,-0.000001,in_band
2026-06-30T04:55:00Z,91.0903,0.000021,0.000020,-0.000001,in_band
2026-06-30T04:55:59Z,91.0460,0.000008,0.000007,-0.000000,in_band
2026-06-30T04:56:00Z,91.0719,0.000008,0.000007,-0.000000,in_band
2026-06-30T04:56:59Z,90.9865,0.000003,0.000003,-0.000000,in_band
2026-06-30T04:57:00Z,91.0079,0.000003,0.000003,-0.000000,in_band
2026-06-30T04:57:59Z,91.0185,0.000001,0.000001,-0.000000,in_band
2026-06-30T04:58:00Z,91.0445,0.000001,0.000001,-0.000000,in_band
2026-06-30T04:58:59Z,91.1147,0.000000,0.000000,-0.000000,in_band
2026-06-30T04:59:00Z,91.0719,0.000000,0.000000,-0.000000,in_band
2026-06-30T04:59:59Z,91.1879,0.000000,0.000000,-0.000000,in_band
2026-06-30T05:00:00Z,91.1818,0.000000,0.000000,-0.000000,in_band
2026-06-30T05:00:59Z,91.2474,0.000000,0.000000,-0.000000,in_band
2026-06-30T05:01:00Z,91.2551,0.000000,0.000000,-0.000000,in_band
2026-06-30T05:01:59Z,91.3207,0.000000,0.000000,-0.000000,in_band
2026-06-30T05:02:00Z,91.2963,0.000000,0.000000,-0.000000,in_band
2026-06-30T05:02:59Z,91.3527,0.000000,0.000000,-0.000000,in_band
2026-06-30T05:03:00Z,91.3787,0.000000,0.000000,-0.000000,in_band
2026-06-30T05:03:59Z,91.3970,0.000000,0.000000,-0.000000,in_band
2026-06-30T05:04:00Z,91.3710,0.000000,0.000000,-0.000000,in_band
2026-06-30T05:04:59Z,91.4076,0.000000,0.000000,-0.000000,in_band
2026-06-30T05:05:52Z,91.5084,0.000000,0.000000,-0.000000,above_band_high
2026-06-30T05:05:54Z,91.4946,0.000000,0.000018,0.000018,in_band
2026-06-30T05:06:00Z,91.5160,0.000000,0.000000,0.000000,above_band_high
2026-06-30T05:06:09Z,91.5114,0.000016,0.000000,-0.000016,above_band_high
2026-06-30T05:07:38Z,91.5953,0.000000,0.000000,0.000000,above_band_high
2026-06-30T05:08:00Z,91.6365,0.000000,0.000000,0.000000,above_band_high
2026-06-30T05:09:00Z,91.6625,0.000000,0.000000,0.000000,above_band_high
2026-06-30T05:10:00Z,91.7082,0.000000,0.000000,0.000000,above_band_high
2026-06-30T05:11:00Z,91.7449,0.000000,0.000000,0.000000,above_band_high
2026-06-30T05:12:00Z,91.7449,0.000000,0.000000,0.000000,above_band_high
2026-06-30T05:13:00Z,91.7906,0.000000,0.000000,0.000000,above_band_high
2026-06-30T05:14:00Z,91.8685,0.000000,0.000000,0.000000,above_band_high
2026-06-30T05:15:00Z,91.8837,0.000000,0.000000,0.000000,above_band_high
2026-06-30T05:16:00Z,91.9570,0.000000,0.000000,0.000000,above_band_high
2026-06-30T05:17:00Z,91.9844,0.000000,0.000000,0.000000,above_band_high
2026-06-30T05:18:00Z,91.9783,0.000000,0.000000,0.000000,above_band_high
2026-06-30T05:19:00Z,91.9387,0.000000,0.000000,0.000000,above_band_high
2026-06-30T05:20:00Z,91.8822,0.000000,0.000000,0.000000,above_band_high
2026-06-30T05:21:00Z,91.8975,0.000000,0.000000,0.000000,above_band_high
2026-06-30T05:22:00Z,91.9249,0.000000,0.000000,0.000000,above_band_high
2026-06-30T05:23:00Z,91.9326,0.000000,0.000000,0.000000,above_band_high
2026-06-30T05:24:00Z,91.9615,0.000000,0.000000,0.000000,above_band_high
2026-06-30T05:25:00Z,91.9890,0.000000,0.000000,0.000000,above_band_high
2026-06-30T05:26:00Z,91.9936,0.000000,0.000000,0.000000,above_band_high
2026-06-30T05:27:00Z,92.0104,0.000000,0.000000,0.000000,above_band_high
2026-06-30T05:28:00Z,92.0378,0.000000,0.000000,0.000000,above_band_high
2026-06-30T05:29:00Z,92.0439,0.000000,0.000000,0.000000,above_band_high
2026-06-30T05:30:00Z,92.0790,0.000000,0.000000,0.000000,above_band_high
2026-06-30T05:31:00Z,92.0607,0.000000,0.000000,0.000000,above_band_high
2026-06-30T05:32:00Z,92.0989,0.000000,0.000000,0.000000,above_band_high
2026-06-30T05:33:00Z,92.0851,0.000000,0.000000,0.000000,above_band_high
2026-06-30T05:34:00Z,92.0882,0.000000,0.000000,0.000000,above_band_high
2026-06-30T05:35:00Z,92.1111,0.000000,0.000000,0.000000,above_band_high
2026-06-30T05:36:00Z,92.1080,0.000000,0.000000,0.000000,above_band_high
2026-06-30T05:37:00Z,92.1035,0.000000,0.000000,0.000000,above_band_high
2026-06-30T05:38:00Z,92.1202,0.000000,0.000000,0.000000,above_band_high
2026-06-30T05:39:00Z,92.1111,0.000000,0.000000,0.000000,above_band_high
2026-06-30T05:40:00Z,92.1111,0.000000,0.000000,0.000000,above_band_high
2026-06-30T05:41:00Z,92.0699,0.000000,0.000000,0.000000,above_band_high
2026-06-30T05:42:00Z,92.0760,0.000000,0.000000,0.000000,above_band_high
2026-06-30T05:43:00Z,92.1080,0.000000,0.000000,0.000000,above_band_high
2026-06-30T05:44:00Z,92.0760,0.000000,0.000000,0.000000,above_band_high
2026-06-30T05:45:00Z,92.0714,0.000000,0.000000,0.000000,above_band_high
2026-06-30T05:46:00Z,92.0897,0.000000,0.000000,0.000000,above_band_high
2026-06-30T05:47:00Z,92.0760,0.000000,0.000000,0.000000,above_band_high
2026-06-30T05:48:00Z,92.0790,0.000000,0.000000,0.000000,above_band_high
2026-06-30T05:49:00Z,92.1248,0.000000,0.000000,0.000000,above_band_high
2026-06-30T05:50:00Z,92.0974,0.000000,0.000000,0.000000,above_band_high
2026-06-30T05:51:00Z,92.1340,0.000000,0.000000,0.000000,above_band_high
2026-06-30T05:52:00Z,92.1065,0.000000,0.000000,0.000000,above_band_high
2026-06-30T05:53:00Z,92.0851,0.000000,0.000000,0.000000,above_band_high
2026-06-30T05:54:00Z,92.0745,0.000000,0.000000,0.000000,above_band_high
2026-06-30T05:55:00Z,92.0882,0.000000,0.000000,0.000000,above_band_high
2026-06-30T05:56:00Z,92.1538,0.000000,0.000000,0.000000,above_band_high
2026-06-30T05:57:00Z,92.1080,0.000000,0.000000,0.000000,above_band_high
2026-06-30T05:58:00Z,92.1065,0.000000,0.000000,0.000000,above_band_high
2026-06-30T05:59:00Z,92.1401,0.000000,0.000000,0.000000,above_band_high
2026-06-30T06:00:00Z,92.1660,0.000000,0.000000,0.000000,above_band_high
2026-06-30T06:01:00Z,92.1218,0.000000,0.000000,0.000000,above_band_high
2026-06-30T06:02:00Z,92.1584,0.000000,0.000000,0.000000,above_band_high
2026-06-30T06:03:00Z,92.1355,0.000000,0.000000,0.000000,above_band_high
2026-06-30T06:04:00Z,92.1584,0.000000,0.000000,0.000000,above_band_high
2026-06-30T06:05:00Z,92.1340,0.000000,0.000000,0.000000,above_band_high
2026-06-30T06:06:00Z,92.1584,0.000000,0.000000,0.000000,above_band_high
2026-06-30T06:07:00Z,92.2210,0.000000,0.000000,0.000000,above_band_high
2026-06-30T06:08:00Z,92.2347,0.000000,0.000000,0.000000,above_band_high
2026-06-30T06:09:00Z,92.2362,0.000000,0.000000,0.000000,above_band_high
2026-06-30T06:10:00Z,92.2530,0.000000,0.000000,0.000000,above_band_high
2026-06-30T06:11:00Z,92.3095,0.000000,0.000000,0.000000,above_band_high
2026-06-30T06:12:00Z,92.3232,0.000000,0.000000,0.000000,above_band_high
2026-06-30T06:13:00Z,92.3278,0.000000,0.000000,0.000000,above_band_high
2026-06-30T06:14:00Z,92.3964,0.000000,0.000000,0.000000,above_band_high
2026-06-30T06:15:00Z,92.4453,0.000000,0.000000,0.000000,above_band_high
2026-06-30T06:16:00Z,92.4544,0.000000,0.000000,0.000000,above_band_high
2026-06-30T06:17:00Z,92.5093,0.000000,0.000000,0.000000,above_band_high
2026-06-30T06:18:00Z,92.5322,0.000000,0.000000,0.000000,above_band_high
2026-06-30T06:19:00Z,92.5383,0.000000,0.000000,0.000000,above_band_high
2026-06-30T06:20:00Z,92.5368,0.000000,0.000000,0.000000,above_band_high
2026-06-30T06:21:00Z,92.5566,0.000000,0.000000,0.000000,above_band_high
2026-06-30T06:22:00Z,92.5978,0.000000,0.000000,0.000000,above_band_high
2026-06-30T06:23:00Z,92.6238,0.000000,0.000000,0.000000,above_band_high
2026-06-30T06:24:00Z,92.6513,0.000000,0.000000,0.000000,above_band_high
2026-06-30T06:25:00Z,92.6574,0.000000,0.000000,0.000000,above_band_high
2026-06-30T06:26:00Z,92.6970,0.000000,0.000000,0.000000,above_band_high
2026-06-30T06:27:00Z,92.7199,0.000000,0.000000,0.000000,above_band_high
2026-06-30T06:28:00Z,92.7382,0.000000,0.000000,0.000000,above_band_high
2026-06-30T06:29:00Z,92.7382,0.000000,0.000000,0.000000,above_band_high
2026-06-30T06:30:00Z,92.7672,0.000000,0.000000,0.000000,above_band_high
2026-06-30T06:31:00Z,92.7840,0.000000,0.000000,0.000000,above_band_high
2026-06-30T06:32:00Z,92.7703,0.000000,0.000000,0.000000,above_band_high
2026-06-30T06:33:00Z,92.8313,0.000000,0.000000,0.000000,above_band_high
2026-06-30T06:34:00Z,92.8267,0.000000,0.000000,0.000000,above_band_high
2026-06-30T06:35:00Z,92.9030,0.000000,0.000000,0.000000,above_band_high
2026-06-30T06:36:00Z,92.8954,0.000000,0.000000,0.000000,above_band_high
2026-06-30T06:37:00Z,92.8725,0.000000,0.000000,0.000000,above_band_high
2026-06-30T06:38:00Z,92.9320,0.000000,0.000000,0.000000,above_band_high
2026-06-30T06:39:00Z,92.9183,0.000000,0.000000,0.000000,above_band_high
2026-06-30T06:40:00Z,92.9397,0.000000,0.000000,0.000000,above_band_high
2026-06-30T06:41:00Z,92.9503,0.000000,0.000000,0.000000,above_band_high
2026-06-30T06:42:00Z,92.9778,0.000000,0.000000,0.000000,above_band_high
2026-06-30T06:43:00Z,93.0083,0.000000,0.000000,0.000000,above_band_high
2026-06-30T06:44:00Z,92.9946,0.000000,0.000000,0.000000,above_band_high
2026-06-30T06:45:00Z,93.0037,0.000000,0.000000,0.000000,above_band_high
2026-06-30T06:46:00Z,93.0358,0.000000,0.000000,0.000000,above_band_high
2026-06-30T06:47:00Z,93.0724,0.000000,0.000000,0.000000,above_band_high
2026-06-30T06:48:00Z,93.0999,0.000000,0.000000,0.000000,above_band_high
2026-06-30T06:49:00Z,93.1228,0.000000,0.000000,0.000000,above_band_high
2026-06-30T06:50:00Z,93.1319,0.000000,0.000000,0.000000,above_band_high
2026-06-30T06:51:00Z,93.1548,0.000000,0.000000,0.000000,above_band_high
2026-06-30T06:52:00Z,93.1502,0.000000,0.000000,0.000000,above_band_high
2026-06-30T06:53:00Z,93.1228,0.000000,0.000000,0.000000,above_band_high
2026-06-30T06:54:00Z,93.1914,0.000000,0.000000,0.000000,above_band_high
2026-06-30T06:55:00Z,93.2189,0.000000,0.000000,0.000000,above_band_high
2026-06-30T06:56:00Z,93.2738,0.000000,0.000000,0.000000,above_band_high
2026-06-30T06:57:00Z,93.2464,0.000000,0.000000,0.000000,above_band_high
2026-06-30T06:58:00Z,93.2601,0.000000,0.000000,0.000000,above_band_high
2026-06-30T06:59:00Z,93.2509,0.000000,0.000000,0.000000,above_band_high
2026-06-30T07:00:00Z,93.2876,0.000000,0.000000,0.000000,above_band_high
2026-06-30T07:01:00Z,93.3196,0.000000,0.000000,0.000000,above_band_high
2026-06-30T07:02:00Z,93.3333,0.000000,0.000000,0.000000,above_band_high
2026-06-30T07:03:00Z,93.3440,0.000000,0.000000,0.000000,above_band_high
2026-06-30T07:04:00Z,93.3577,0.000000,0.000000,0.000000,above_band_high
2026-06-30T07:05:00Z,93.3791,0.000000,0.000000,0.000000,above_band_high
2026-06-30T07:06:00Z,93.3608,0.000000,0.000000,0.000000,above_band_high
2026-06-30T07:07:00Z,93.4127,0.000000,0.000000,0.000000,above_band_high
2026-06-30T07:08:00Z,93.4340,0.000000,0.000000,0.000000,above_band_high
2026-06-30T07:09:00Z,93.4432,0.000000,0.000000,0.000000,above_band_high
2026-06-30T07:10:00Z,93.4478,0.000000,0.000000,0.000000,above_band_high
2026-06-30T07:11:00Z,93.4569,0.000000,0.000000,0.000000,above_band_high
2026-06-30T07:12:00Z,93.4386,0.000000,0.000000,0.000000,above_band_high
2026-06-30T07:13:00Z,93.4722,0.000000,0.000000,0.000000,above_band_high
2026-06-30T07:14:00Z,93.5042,0.000000,0.000000,0.000000,above_band_high
2026-06-30T07:15:00Z,93.5073,0.000000,0.000000,0.000000,above_band_high
2026-06-30T07:16:00Z,93.4981,0.000000,0.000000,0.000000,above_band_high
2026-06-30T07:17:00Z,93.5271,0.000000,0.000000,0.000000,above_band_high
2026-06-30T07:18:00Z,93.4981,0.000000,0.000000,0.000000,above_band_high
2026-06-30T07:19:00Z,93.5485,0.000000,0.000000,0.000000,above_band_high
2026-06-30T07:20:00Z,93.5134,0.000000,0.000000,0.000000,above_band_high
2026-06-30T07:21:00Z,93.5439,0.000000,0.000000,0.000000,above_band_high
2026-06-30T07:22:00Z,93.5348,0.000000,0.000000,0.000000,above_band_high
2026-06-30T07:23:00Z,93.5210,0.000000,0.000000,0.000000,above_band_high
2026-06-30T07:24:00Z,93.5164,0.000000,0.000000,0.000000,above_band_high
2026-06-30T07:25:00Z,93.5271,0.000000,0.000000,0.000000,above_band_high
2026-06-30T07:26:00Z,93.5683,0.000000,0.000000,0.000000,above_band_high
2026-06-30T07:27:00Z,93.5500,0.000000,0.000000,0.000000,above_band_high
2026-06-30T07:28:00Z,93.5439,0.000000,0.000000,0.000000,above_band_high
2026-06-30T07:29:00Z,93.5363,0.000000,0.000000,0.000000,above_band_high
2026-06-30T07:30:00Z,93.5393,0.000000,0.000000,0.000000,above_band_high
2026-06-30T07:31:00Z,93.5317,0.000000,0.000000,0.000000,above_band_high
2026-06-30T07:32:00Z,93.5683,0.000000,0.000000,0.000000,above_band_high
2026-06-30T07:33:00Z,93.5576,0.000000,0.000000,0.000000,above_band_high
2026-06-30T07:34:00Z,93.5393,0.000000,0.000000,0.000000,above_band_high
2026-06-30T07:35:00Z,93.5454,0.000000,0.000000,0.000000,above_band_high
2026-06-30T07:36:00Z,93.5546,0.000000,0.000000,0.000000,above_band_high
2026-06-30T07:37:00Z,93.5317,0.000000,0.000000,0.000000,above_band_high
2026-06-30T07:38:00Z,93.5622,0.000000,0.000000,0.000000,above_band_high
2026-06-30T07:39:00Z,93.5637,0.000000,0.000000,0.000000,above_band_high
2026-06-30T07:40:00Z,93.5546,0.000000,0.000000,0.000000,above_band_high
2026-06-30T07:41:00Z,93.5454,0.000000,0.000000,0.000000,above_band_high
2026-06-30T07:42:00Z,93.5851,0.000000,0.000000,0.000000,above_band_high
2026-06-30T07:43:00Z,93.5500,0.000000,0.000000,0.000000,above_band_high
2026-06-30T07:44:00Z,93.5637,0.000000,0.000000,0.000000,above_band_high
2026-06-30T07:45:00Z,93.5851,0.000000,0.000000,0.000000,above_band_high
2026-06-30T07:46:00Z,93.5851,0.000000,0.000000,0.000000,above_band_high
2026-06-30T07:47:00Z,93.5622,0.000000,0.000000,0.000000,above_band_high
2026-06-30T07:48:00Z,93.5866,0.000000,0.000000,0.000000,above_band_high
2026-06-30T07:49:00Z,93.6004,0.000000,0.000000,0.000000,above_band_high
2026-06-30T07:50:00Z,93.5958,0.000000,0.000000,0.000000,above_band_high
2026-06-30T07:51:00Z,93.6004,0.000000,0.000000,0.000000,above_band_high
2026-06-30T07:52:00Z,93.6141,0.000000,0.000000,0.000000,above_band_high
2026-06-30T07:53:00Z,93.6324,0.000000,0.000000,0.000000,above_band_high
2026-06-30T07:54:00Z,93.6263,0.000000,0.000000,0.000000,above_band_high
2026-06-30T07:55:00Z,93.6370,0.000000,0.000000,0.000000,above_band_high
2026-06-30T07:56:00Z,93.6492,0.000000,0.000000,0.000000,above_band_high
2026-06-30T07:57:00Z,93.6858,0.000000,0.000000,0.000000,above_band_high
2026-06-30T07:58:00Z,93.7041,0.000000,0.000000,0.000000,above_band_high
2026-06-30T07:59:00Z,93.6858,0.000000,0.000000,0.000000,above_band_high
2026-06-30T08:00:00Z,93.7057,0.000000,0.000000,0.000000,above_band_high
2026-06-30T08:01:00Z,93.6812,0.000000,0.000000,0.000000,above_band_high
2026-06-30T08:02:00Z,93.6858,0.000000,0.000000,0.000000,above_band_high
2026-06-30T08:03:00Z,93.6965,0.000000,0.000000,0.000000,above_band_high
2026-06-30T08:04:00Z,93.6995,0.000000,0.000000,0.000000,above_band_high
2026-06-30T08:05:00Z,93.7041,0.000000,0.000000,0.000000,above_band_high
2026-06-30T08:06:00Z,93.7270,0.000000,0.000000,0.000000,above_band_high
2026-06-30T08:07:00Z,93.7011,0.000000,0.000000,0.000000,above_band_high
2026-06-30T08:08:00Z,93.7270,0.000000,0.000000,0.000000,above_band_high
2026-06-30T08:09:00Z,93.7499,0.000000,0.000000,0.000000,above_band_high
2026-06-30T08:10:00Z,93.7560,0.000000,0.000000,0.000000,above_band_high
2026-06-30T08:11:00Z,93.7560,0.000000,0.000000,0.000000,above_band_high
2026-06-30T08:12:00Z,93.8018,0.000000,0.000000,0.000000,above_band_high
2026-06-30T08:13:00Z,93.7865,0.000000,0.000000,0.000000,above_band_high
2026-06-30T08:14:00Z,93.7774,0.000000,0.000000,0.000000,above_band_high
2026-06-30T08:15:00Z,93.7972,0.000000,0.000000,0.000000,above_band_high
2026-06-30T08:16:00Z,93.8094,0.000000,0.000000,0.000000,above_band_high
2026-06-30T08:17:00Z,93.7499,0.000000,0.000000,0.000000,above_band_high
2026-06-30T08:18:00Z,93.7835,0.000000,0.000000,0.000000,above_band_high
2026-06-30T08:19:00Z,93.7636,0.000000,0.000000,0.000000,above_band_high
2026-06-30T08:20:00Z,93.7499,0.000000,0.000000,0.000000,above_band_high
2026-06-30T08:21:00Z,93.7560,0.000000,0.000000,0.000000,above_band_high
2026-06-30T08:22:00Z,93.7514,0.000000,0.000000,0.000000,above_band_high
2026-06-30T08:23:00Z,93.7499,0.000000,0.000000,0.000000,above_band_high
2026-06-30T08:24:00Z,93.7819,0.000000,0.000000,0.000000,above_band_high
2026-06-30T08:25:00Z,93.7636,0.000000,0.000000,0.000000,above_band_high
2026-06-30T08:26:00Z,93.7789,0.000000,0.000000,0.000000,above_band_high
2026-06-30T08:27:00Z,93.7636,0.000000,0.000000,0.000000,above_band_high
2026-06-30T08:28:00Z,93.7591,0.000000,0.000000,0.000000,above_band_high
2026-06-30T08:29:00Z,93.7560,0.000000,0.000000,0.000000,above_band_high
2026-06-30T08:30:00Z,93.7865,0.000000,0.000000,0.000000,above_band_high
2026-06-30T08:31:00Z,93.8018,0.000000,0.000000,0.000000,above_band_high
2026-06-30T08:32:00Z,93.7728,0.000000,0.000000,0.000000,above_band_high
2026-06-30T08:33:00Z,93.7697,0.000000,0.000000,0.000000,above_band_high
2026-06-30T08:34:00Z,93.7407,0.000000,0.000000,0.000000,above_band_high
2026-06-30T08:35:00Z,93.8018,0.000000,0.000000,0.000000,above_band_high
2026-06-30T08:36:00Z,93.7316,0.000000,0.000000,0.000000,above_band_high
2026-06-30T08:37:00Z,93.7377,0.000000,0.000000,0.000000,above_band_high
2026-06-30T08:38:00Z,93.7377,0.000000,0.000000,0.000000,above_band_high
2026-06-30T08:39:00Z,93.7102,0.000000,0.000000,0.000000,above_band_high
2026-06-30T08:40:00Z,93.7636,0.000000,0.000000,0.000000,above_band_high
2026-06-30T08:41:00Z,93.7270,0.000000,0.000000,0.000000,above_band_high
2026-06-30T08:42:00Z,93.7682,0.000000,0.000000,0.000000,above_band_high
2026-06-30T08:43:00Z,93.7102,0.000000,0.000000,0.000000,above_band_high
2026-06-30T08:44:00Z,93.7636,0.000000,0.000000,0.000000,above_band_high
2026-06-30T08:45:00Z,93.7270,0.000000,0.000000,0.000000,above_band_high
2026-06-30T08:46:00Z,93.7087,0.000000,0.000000,0.000000,above_band_high
2026-06-30T08:47:00Z,93.7270,0.000000,0.000000,0.000000,above_band_high
2026-06-30T08:48:00Z,93.7270,0.000000,0.000000,0.000000,above_band_high
2026-06-30T08:49:00Z,93.7041,0.000000,0.000000,0.000000,above_band_high
2026-06-30T08:50:00Z,93.7148,0.000000,0.000000,0.000000,above_band_high
2026-06-30T08:51:00Z,93.7041,0.000000,0.000000,0.000000,above_band_high
2026-06-30T08:52:00Z,93.7682,0.000000,0.000000,0.000000,above_band_high
2026-06-30T08:53:00Z,93.7682,0.000000,0.000000,0.000000,above_band_high
2026-06-30T08:54:00Z,93.7789,0.000000,0.000000,0.000000,above_band_high
2026-06-30T08:55:00Z,93.7743,0.000000,0.000000,0.000000,above_band_high
2026-06-30T08:56:00Z,93.7972,0.000000,0.000000,0.000000,above_band_high
2026-06-30T08:57:00Z,93.8140,0.000000,0.000000,0.000000,above_band_high
2026-06-30T08:58:00Z,93.7957,0.000000,0.000000,0.000000,above_band_high
2026-06-30T08:59:00Z,93.8277,0.000000,0.000000,0.000000,above_band_high
2026-06-30T09:00:00Z,93.8155,0.000000,0.000000,0.000000,above_band_high
2026-06-30T09:01:00Z,93.8231,0.000000,0.000000,0.000000,above_band_high
2026-06-30T09:02:00Z,93.8643,0.000000,0.000000,0.000000,above_band_high
2026-06-30T09:03:00Z,93.8323,0.000000,0.000000,0.000000,above_band_high
2026-06-30T09:04:00Z,93.8018,0.000000,0.000000,0.000000,above_band_high
2026-06-30T09:05:00Z,93.8323,0.000000,0.000000,0.000000,above_band_high
2026-06-30T09:06:00Z,93.8369,0.000000,0.000000,0.000000,above_band_high
2026-06-30T09:07:00Z,93.8064,0.000000,0.000000,0.000000,above_band_high
2026-06-30T09:08:00Z,93.8689,0.000000,0.000000,0.000000,above_band_high
2026-06-30T09:09:00Z,93.8018,0.000000,0.000000,0.000000,above_band_high
2026-06-30T09:10:00Z,93.8384,0.000000,0.000000,0.000000,above_band_high
2026-06-30T09:11:00Z,93.8369,0.000000,0.000000,0.000000,above_band_high
2026-06-30T09:12:00Z,93.8552,0.000000,0.000000,0.000000,above_band_high
2026-06-30T09:13:00Z,93.8689,0.000000,0.000000,0.000000,above_band_high
2026-06-30T09:14:00Z,93.8506,0.000000,0.000000,0.000000,above_band_high
2026-06-30T09:15:00Z,93.8643,0.000000,0.000000,0.000000,above_band_high
2026-06-30T09:16:00Z,93.8735,0.000000,0.000000,0.000000,above_band_high
2026-06-30T09:17:00Z,93.8460,0.000000,0.000000,0.000000,above_band_high
2026-06-30T09:18:00Z,93.8567,0.000000,0.000000,0.000000,above_band_high
2026-06-30T09:19:00Z,93.8643,0.000000,0.000000,0.000000,above_band_high
2026-06-30T09:20:00Z,93.8643,0.000000,0.000000,0.000000,above_band_high
2026-06-30T09:21:00Z,93.8384,0.000000,0.000000,0.000000,above_band_high
2026-06-30T09:22:00Z,93.8598,0.000000,0.000000,0.000000,above_band_high
2026-06-30T09:23:00Z,93.8552,0.000000,0.000000,0.000000,above_band_high
2026-06-30T09:24:00Z,93.8842,0.000000,0.000000,0.000000,above_band_high
2026-06-30T09:25:00Z,93.9025,0.000000,0.000000,0.000000,above_band_high
2026-06-30T09:26:00Z,93.8735,0.000000,0.000000,0.000000,above_band_high
2026-06-30T09:27:00Z,93.8842,0.000000,0.000000,0.000000,above_band_high
2026-06-30T09:28:00Z,93.9239,0.000000,0.000000,0.000000,above_band_high
2026-06-30T09:29:00Z,93.8689,0.000000,0.000000,0.000000,above_band_high
2026-06-30T09:30:00Z,93.8933,0.000000,0.000000,0.000000,above_band_high
2026-06-30T09:31:00Z,93.8933,0.000000,0.000000,0.000000,above_band_high
2026-06-30T09:32:00Z,93.9025,0.000000,0.000000,0.000000,above_band_high
2026-06-30T09:33:00Z,93.8842,0.000000,0.000000,0.000000,above_band_high
2026-06-30T09:34:00Z,93.8872,0.000000,0.000000,0.000000,above_band_high
2026-06-30T09:35:00Z,93.9208,0.000000,0.000000,0.000000,above_band_high
2026-06-30T09:36:00Z,93.9284,0.000000,0.000000,0.000000,above_band_high
2026-06-30T09:37:00Z,93.9010,0.000000,0.000000,0.000000,above_band_high
2026-06-30T09:38:00Z,93.9208,0.000000,0.000000,0.000000,above_band_high
2026-06-30T09:39:00Z,93.9391,0.000000,0.000000,0.000000,above_band_high
2026-06-30T09:40:00Z,93.9345,0.000000,0.000000,0.000000,above_band_high
2026-06-30T09:41:00Z,93.9239,0.000000,0.000000,0.000000,above_band_high
2026-06-30T09:42:00Z,93.9391,0.000000,0.000000,0.000000,above_band_high
2026-06-30T09:43:00Z,93.9574,0.000000,0.000000,0.000000,above_band_high
2026-06-30T09:44:00Z,93.9437,0.000000,0.000000,0.000000,above_band_high
2026-06-30T09:45:00Z,93.9559,0.000000,0.000000,0.000000,above_band_high
2026-06-30T09:46:00Z,93.9620,0.000000,0.000000,0.000000,above_band_high
2026-06-30T09:47:00Z,93.9345,0.000000,0.000000,0.000000,above_band_high
2026-06-30T09:48:00Z,93.9651,0.000000,0.000000,0.000000,above_band_high
2026-06-30T09:49:00Z,93.9895,0.000000,0.000000,0.000000,above_band_high
2026-06-30T09:50:00Z,94.0063,0.000000,0.000000,0.000000,above_band_high
2026-06-30T09:51:00Z,94.0108,0.000000,0.000000,0.000000,above_band_high
2026-06-30T09:52:00Z,94.0032,0.000000,0.000000,0.000000,above_band_high
2026-06-30T09:53:00Z,94.0398,0.000000,0.000000,0.000000,above_band_high
2026-06-30T09:54:00Z,94.0108,0.000000,0.000000,0.000000,above_band_high
2026-06-30T09:55:00Z,94.0246,0.000000,0.000000,0.000000,above_band_high
2026-06-30T09:56:00Z,94.0398,0.000000,0.000000,0.000000,above_band_high
2026-06-30T09:57:00Z,94.0398,0.000000,0.000000,0.000000,above_band_high
2026-06-30T09:58:00Z,94.0444,0.000000,0.000000,0.000000,above_band_high
2026-06-30T09:59:00Z,94.0444,0.000000,0.000000,0.000000,above_band_high
2026-06-30T10:00:00Z,94.0291,0.000000,0.000000,0.000000,above_band_high
2026-06-30T10:01:00Z,94.0566,0.000000,0.000000,0.000000,above_band_high
2026-06-30T10:02:00Z,94.0444,0.000000,0.000000,0.000000,above_band_high
2026-06-30T10:03:00Z,94.0307,0.000000,0.000000,0.000000,above_band_high
2026-06-30T10:04:00Z,94.0398,0.000000,0.000000,0.000000,above_band_high
2026-06-30T10:05:00Z,94.0444,0.000000,0.000000,0.000000,above_band_high
2026-06-30T10:06:00Z,94.0627,0.000000,0.000000,0.000000,above_band_high
2026-06-30T10:07:00Z,94.0383,0.000000,0.000000,0.000000,above_band_high
2026-06-30T10:08:00Z,94.0490,0.000000,0.000000,0.000000,above_band_high
2026-06-30T10:09:00Z,94.0444,0.000000,0.000000,0.000000,above_band_high
2026-06-30T10:10:00Z,94.0627,0.000000,0.000000,0.000000,above_band_high
2026-06-30T10:11:00Z,94.0749,0.000000,0.000000,0.000000,above_band_high
2026-06-30T10:12:00Z,94.0795,0.000000,0.000000,0.000000,above_band_high
2026-06-30T10:13:00Z,94.0627,0.000000,0.000000,0.000000,above_band_high
2026-06-30T10:14:00Z,94.0520,0.000000,0.000000,0.000000,above_band_high
2026-06-30T10:15:00Z,94.0749,0.000000,0.000000,0.000000,above_band_high
2026-06-30T10:16:00Z,94.0536,0.000000,0.000000,0.000000,above_band_high
2026-06-30T10:17:00Z,94.0887,0.000000,0.000000,0.000000,above_band_high
2026-06-30T10:18:00Z,94.0566,0.000000,0.000000,0.000000,above_band_high
2026-06-30T10:19:00Z,94.0948,0.000000,0.000000,0.000000,above_band_high
2026-06-30T10:20:00Z,94.1344,0.000000,0.000000,0.000000,above_band_high
2026-06-30T10:21:00Z,94.0932,0.000000,0.000000,0.000000,above_band_high
2026-06-30T10:22:00Z,94.1039,0.000000,0.000000,0.000000,above_band_high
2026-06-30T10:23:00Z,94.0932,0.000000,0.000000,0.000000,above_band_high
2026-06-30T10:24:00Z,94.1085,0.000000,0.000000,0.000000,above_band_high
2026-06-30T10:25:00Z,94.0673,0.000000,0.000000,0.000000,above_band_high
2026-06-30T10:26:00Z,94.0948,0.000000,0.000000,0.000000,above_band_high
2026-06-30T10:27:00Z,94.0887,0.000000,0.000000,0.000000,above_band_high
2026-06-30T10:28:00Z,94.0993,0.000000,0.000000,0.000000,above_band_high
2026-06-30T10:29:00Z,94.1207,0.000000,0.000000,0.000000,above_band_high
2026-06-30T10:30:00Z,94.1131,0.000000,0.000000,0.000000,above_band_high
2026-06-30T10:31:00Z,94.1085,0.000000,0.000000,0.000000,above_band_high
2026-06-30T10:32:00Z,94.0307,0.000000,0.000000,0.000000,above_band_high
2026-06-30T10:33:00Z,94.0719,0.000000,0.000000,0.000000,above_band_high
2026-06-30T10:34:00Z,94.0627,0.000000,0.000000,0.000000,above_band_high
2026-06-30T10:35:00Z,94.0810,0.000000,0.000000,0.000000,above_band_high
2026-06-30T10:36:00Z,94.0520,0.000000,0.000000,0.000000,above_band_high
2026-06-30T10:37:00Z,94.1039,0.000000,0.000000,0.000000,above_band_high
2026-06-30T10:38:00Z,94.0810,0.000000,0.000000,0.000000,above_band_high
2026-06-30T10:39:00Z,94.0383,0.000000,0.000000,0.000000,above_band_high
2026-06-30T10:40:00Z,94.0932,0.000000,0.000000,0.000000,above_band_high
2026-06-30T10:41:00Z,94.0795,0.000000,0.000000,0.000000,above_band_high
2026-06-30T10:42:00Z,94.0673,0.000000,0.000000,0.000000,above_band_high
2026-06-30T10:43:00Z,94.0581,0.000000,0.000000,0.000000,above_band_high
2026-06-30T10:44:00Z,94.0856,0.000000,0.000000,0.000000,above_band_high
2026-06-30T10:45:00Z,94.0719,0.000000,0.000000,0.000000,above_band_high
2026-06-30T10:46:00Z,94.0856,0.000000,0.000000,0.000000,above_band_high
2026-06-30T10:47:00Z,94.1207,0.000000,0.000000,0.000000,above_band_high
2026-06-30T10:48:00Z,94.1039,0.000000,0.000000,0.000000,above_band_high
2026-06-30T10:49:00Z,94.1024,0.000000,0.000000,0.000000,above_band_high
2026-06-30T10:50:00Z,94.1207,0.000000,0.000000,0.000000,above_band_high
2026-06-30T10:51:00Z,94.1039,0.000000,0.000000,0.000000,above_band_high
2026-06-30T10:52:00Z,94.1619,0.000000,0.000000,0.000000,above_band_high
2026-06-30T10:53:00Z,94.1573,0.000000,0.000000,0.000000,above_band_high
2026-06-30T10:54:00Z,94.1253,0.000000,0.000000,0.000000,above_band_high
2026-06-30T10:55:00Z,94.1360,0.000000,0.000000,0.000000,above_band_high
2026-06-30T10:56:00Z,94.1207,0.000000,0.000000,0.000000,above_band_high
2026-06-30T10:57:00Z,94.1451,0.000000,0.000000,0.000000,above_band_high
2026-06-30T10:58:00Z,94.1253,0.000000,0.000000,0.000000,above_band_high
2026-06-30T10:59:00Z,94.1360,0.000000,0.000000,0.000000,above_band_high
2026-06-30T11:00:00Z,94.1405,0.000000,0.000000,0.000000,above_band_high
2026-06-30T11:01:00Z,94.1039,0.000000,0.000000,0.000000,above_band_high
2026-06-30T11:02:00Z,94.1161,0.000000,0.000000,0.000000,above_band_high
2026-06-30T11:03:00Z,94.1527,0.000000,0.000000,0.000000,above_band_high
2026-06-30T11:04:00Z,94.1573,0.000000,0.000000,0.000000,above_band_high
2026-06-30T11:05:00Z,94.1619,0.000000,0.000000,0.000000,above_band_high
2026-06-30T11:06:00Z,94.1817,0.000000,0.000000,0.000000,above_band_high
2026-06-30T11:07:00Z,94.1863,0.000000,0.000000,0.000000,above_band_high
2026-06-30T11:08:00Z,94.2351,0.000000,0.000000,0.000000,above_band_high
2026-06-30T11:09:00Z,94.2168,0.000000,0.000000,0.000000,above_band_high
2026-06-30T11:10:00Z,94.2275,0.000000,0.000000,0.000000,above_band_high
2026-06-30T11:11:00Z,94.2275,0.000000,0.000000,0.000000,above_band_high
2026-06-30T11:12:00Z,94.1939,0.000000,0.000000,0.000000,above_band_high
2026-06-30T11:13:00Z,94.1955,0.000000,0.000000,0.000000,above_band_high
2026-06-30T11:14:00Z,94.1802,0.000000,0.000000,0.000000,above_band_high
2026-06-30T11:15:00Z,94.2229,0.000000,0.000000,0.000000,above_band_high
2026-06-30T11:16:00Z,94.2000,0.000000,0.000000,0.000000,above_band_high
2026-06-30T11:17:00Z,94.2596,0.000000,0.000000,0.000000,above_band_high
2026-06-30T11:18:00Z,94.3175,0.000000,0.000000,0.000000,above_band_high
2026-06-30T11:19:00Z,94.3008,0.000000,0.000000,0.000000,above_band_high
2026-06-30T11:20:00Z,94.3954,0.000000,0.000000,0.000000,above_band_high
2026-06-30T11:21:00Z,94.4320,0.000000,0.000000,0.000000,above_band_high
2026-06-30T11:22:00Z,94.4884,0.000000,0.000000,0.000000,above_band_high
2026-06-30T11:23:00Z,94.5418,0.000000,0.000000,0.000000,above_band_high
2026-06-30T11:24:00Z,94.5525,0.000000,0.000000,0.000000,above_band_high
2026-06-30T11:25:00Z,94.5830,0.000000,0.000000,0.000000,above_band_high
2026-06-30T11:26:00Z,94.6120,0.000000,0.000000,0.000000,above_band_high
2026-06-30T11:27:00Z,94.5754,0.000000,0.000000,0.000000,above_band_high
2026-06-30T11:28:00Z,94.6059,0.000000,0.000000,0.000000,above_band_high
2026-06-30T11:29:00Z,94.6288,0.000000,0.000000,0.000000,above_band_high
2026-06-30T11:30:00Z,94.6242,0.000000,0.000000,0.000000,above_band_high
2026-06-30T11:31:00Z,94.5602,0.000000,0.000000,0.000000,above_band_high
2026-06-30T11:32:00Z,94.5830,0.000000,0.000000,0.000000,above_band_high
2026-06-30T11:33:00Z,94.6075,0.000000,0.000000,0.000000,above_band_high
2026-06-30T11:34:00Z,94.5617,0.000000,0.000000,0.000000,above_band_high
2026-06-30T11:35:00Z,94.5281,0.000000,0.000000,0.000000,above_band_high
2026-06-30T11:36:00Z,94.4610,0.000000,0.000000,0.000000,above_band_high
2026-06-30T11:37:00Z,94.3862,0.000000,0.000000,0.000000,above_band_high
2026-06-30T11:38:00Z,94.2672,0.000000,0.000000,0.000000,above_band_high
2026-06-30T11:39:00Z,94.1665,0.000000,0.000000,0.000000,above_band_high
2026-06-30T11:40:00Z,94.1161,0.000000,0.000000,0.000000,above_band_high
2026-06-30T11:41:00Z,94.0246,0.000000,0.000000,0.000000,above_band_high
2026-06-30T11:42:00Z,93.9300,0.000000,0.000000,0.000000,above_band_high
2026-06-30T11:43:00Z,93.8201,0.000000,0.000000,0.000000,above_band_high
2026-06-30T11:44:00Z,93.6507,0.000000,0.000000,0.000000,above_band_high
2026-06-30T11:45:00Z,93.4905,0.000000,0.000000,0.000000,above_band_high
2026-06-30T11:46:00Z,93.2204,0.000000,0.000000,0.000000,above_band_high
2026-06-30T11:47:00Z,92.9046,0.000000,0.000000,0.000000,above_band_high
2026-06-30T11:48:00Z,92.6879,0.000000,0.000000,0.000000,above_band_high
2026-06-30T11:49:00Z,92.5322,0.000000,0.000000,0.000000,above_band_high
2026-06-30T11:50:00Z,92.4926,0.000000,0.000000,0.000000,above_band_high
2026-06-30T11:51:00Z,92.3781,0.000000,0.000000,0.000000,above_band_high
2026-06-30T11:52:00Z,92.3033,0.000000,0.000000,0.000000,above_band_high
2026-06-30T11:53:00Z,92.1614,0.000000,0.000000,0.000000,above_band_high
2026-06-30T11:54:00Z,91.9844,0.000000,0.000000,0.000000,above_band_high
2026-06-30T11:55:00Z,91.7830,0.000000,0.000000,0.000000,above_band_high
2026-06-30T11:56:36Z,91.4809,0.000000,0.013785,0.013785,in_band
2026-06-30T11:56:38Z,91.5084,0.010655,0.009782,-0.000873,above_band_high
2026-06-30T11:58:10Z,91.0857,0.003113,0.002919,-0.000194,in_band
2026-06-30T11:58:59Z,90.8568,0.001385,0.001299,-0.000086,in_band
2026-06-30T11:59:00Z,90.8568,0.001362,0.001277,-0.000085,in_band
2026-06-30T11:59:05Z,90.8171,0.001254,0.001176,-0.000078,in_band
2026-06-30T12:01:38Z,89.5613,0.022613,0.027032,0.004419,below_midpoint_feather
2026-06-30T12:01:40Z,89.5430,0.022629,0.029387,0.006758,below_midpoint_feather
2026-06-30T12:03:34Z,88.3772,0.361309,0.387796,0.026488,below_midpoint_feather
2026-06-30T12:03:45Z,88.3909,0.402931,0.386684,-0.016247,below_midpoint_feather
2026-06-30T12:04:04Z,88.1926,0.444569,0.481415,0.036846,below_midpoint_feather
2026-06-30T12:04:07Z,88.2170,0.473007,0.472807,-0.000200,below_midpoint_feather
2026-06-30T12:05:02Z,87.8325,0.643100,0.680389,0.037289,below_midpoint_feather
2026-06-30T12:05:13Z,87.7913,0.707916,0.708965,0.001049,below_midpoint_feather
2026-06-30T12:06:04Z,87.4571,0.879567,0.912821,0.033254,below_midpoint_feather
2026-06-30T12:06:27Z,87.3045,1.000000,1.000000,0.000000,below_midpoint_feather
2026-06-30T12:07:00Z,87.0176,1.000000,1.000000,0.000000,below_midpoint_feather
2026-06-30T12:08:00Z,86.5949,1.000000,1.000000,0.000000,below_midpoint_feather
2026-06-30T12:09:00Z,86.3264,1.000000,1.000000,0.000000,below_midpoint_feather
2026-06-30T12:10:00Z,85.9724,1.000000,1.000000,0.000000,below_midpoint_feather
2026-06-30T12:11:00Z,85.9083,1.000000,1.000000,0.000000,below_midpoint_feather
2026-06-30T12:12:00Z,85.8412,1.000000,1.000000,0.000000,below_midpoint_feather
2026-06-30T12:13:00Z,85.8732,1.000000,1.000000,0.000000,below_midpoint_feather
2026-06-30T12:14:00Z,85.8961,1.000000,1.000000,0.000000,below_midpoint_feather
2026-06-30T12:15:00Z,85.9510,1.000000,1.000000,0.000000,below_midpoint_feather
2026-06-30T12:16:00Z,85.9693,1.000000,1.000000,0.000000,below_midpoint_feather
2026-06-30T12:17:00Z,85.9968,1.000000,1.000000,0.000000,below_midpoint_feather
2026-06-30T12:18:00Z,86.1204,1.000000,1.000000,0.000000,below_midpoint_feather
2026-06-30T12:19:00Z,86.2165,1.000000,1.000000,0.000000,below_midpoint_feather
2026-06-30T12:20:00Z,86.2852,1.000000,1.000000,0.000000,below_midpoint_feather
2026-06-30T12:21:00Z,86.3951,1.000000,1.000000,0.000000,below_midpoint_feather
2026-06-30T12:22:00Z,86.4866,1.000000,1.000000,0.000000,below_midpoint_feather
2026-06-30T12:23:00Z,86.5232,1.000000,1.000000,0.000000,below_midpoint_feather
2026-06-30T12:24:00Z,86.5919,1.000000,1.000000,0.000000,below_midpoint_feather
2026-06-30T12:25:00Z,86.6499,1.000000,1.000000,0.000000,below_midpoint_feather
2026-06-30T12:26:00Z,86.6606,1.000000,1.000000,0.000000,below_midpoint_feather
2026-06-30T12:27:00Z,86.6926,1.000000,1.000000,0.000000,below_midpoint_feather
2026-06-30T12:28:00Z,86.7094,1.000000,1.000000,0.000000,below_midpoint_feather
2026-06-30T12:29:00Z,86.7613,1.000000,1.000000,0.000000,below_midpoint_feather
2026-06-30T12:30:00Z,86.8070,1.000000,1.000000,0.000000,below_midpoint_feather
2026-06-30T12:31:00Z,86.8513,1.000000,1.000000,0.000000,below_midpoint_feather
2026-06-30T12:32:00Z,86.9474,1.000000,1.000000,0.000000,below_midpoint_feather
2026-06-30T12:33:00Z,86.9612,1.000000,1.000000,0.000000,below_midpoint_feather
2026-06-30T12:34:00Z,87.0253,1.000000,1.000000,0.000000,below_midpoint_feather
2026-06-30T12:35:00Z,87.0390,1.000000,1.000000,0.000000,below_midpoint_feather
2026-06-30T12:36:00Z,87.0573,1.000000,1.000000,0.000000,below_midpoint_feather
2026-06-30T12:37:00Z,87.1397,1.000000,1.000000,0.000000,below_midpoint_feather
2026-06-30T12:38:00Z,87.1214,1.000000,1.000000,0.000000,below_midpoint_feather
2026-06-30T12:39:00Z,87.1946,1.000000,1.000000,0.000000,below_midpoint_feather
2026-06-30T12:40:00Z,87.2404,1.000000,1.000000,0.000000,below_midpoint_feather
2026-06-30T12:41:00Z,87.2129,1.000000,1.000000,0.000000,below_midpoint_feather
2026-06-30T12:42:00Z,87.2007,1.000000,1.000000,0.000000,below_midpoint_feather
2026-06-30T12:43:00Z,87.2679,1.000000,1.000000,0.000000,below_midpoint_feather
2026-06-30T12:44:00Z,87.2374,1.000000,1.000000,0.000000,below_midpoint_feather
2026-06-30T12:45:00Z,87.2221,1.000000,1.000000,0.000000,below_midpoint_feather
2026-06-30T12:46:00Z,87.1168,1.000000,1.000000,0.000000,below_midpoint_feather
2026-06-30T12:47:00Z,87.0481,1.000000,1.000000,0.000000,below_midpoint_feather
2026-06-30T12:48:00Z,87.0771,1.000000,1.000000,0.000000,below_midpoint_feather
2026-06-30T12:49:00Z,87.0115,1.000000,1.000000,0.000000,below_midpoint_feather
2026-06-30T12:50:00Z,86.9993,1.000000,1.000000,0.000000,below_midpoint_feather
2026-06-30T12:51:00Z,86.8605,1.000000,1.000000,0.000000,below_midpoint_feather
2026-06-30T12:52:00Z,86.7414,1.000000,1.000000,0.000000,below_midpoint_feather
2026-06-30T12:53:00Z,86.7872,1.000000,1.000000,0.000000,below_midpoint_feather
2026-06-30T12:54:00Z,86.7384,1.000000,1.000000,0.000000,below_midpoint_feather
2026-06-30T12:55:00Z,86.7597,1.000000,1.000000,0.000000,below_midpoint_feather
2026-06-30T12:56:00Z,86.7567,1.000000,1.000000,0.000000,below_midpoint_feather
2026-06-30T12:57:00Z,86.6773,1.000000,1.000000,0.000000,below_midpoint_feather
2026-06-30T12:58:00Z,86.6651,1.000000,1.000000,0.000000,below_midpoint_feather
2026-06-30T12:59:00Z,86.6514,1.000000,1.000000,0.000000,below_midpoint_feather
2026-06-30T13:00:00Z,86.6957,1.000000,1.000000,0.000000,below_midpoint_feather
2026-06-30T13:01:00Z,86.6148,1.000000,1.000000,0.000000,below_midpoint_feather
2026-06-30T13:02:00Z,86.5995,1.000000,1.000000,0.000000,below_midpoint_feather
2026-06-30T13:03:00Z,86.5644,1.000000,1.000000,0.000000,below_midpoint_feather
2026-06-30T13:04:00Z,86.5187,1.000000,1.000000,0.000000,below_midpoint_feather
2026-06-30T13:05:00Z,86.5034,1.000000,1.000000,0.000000,below_midpoint_feather
2026-06-30T13:06:00Z,86.5034,1.000000,1.000000,0.000000,below_midpoint_feather
2026-06-30T13:07:00Z,86.4317,1.000000,1.000000,0.000000,below_midpoint_feather
2026-06-30T13:08:00Z,86.4073,1.000000,1.000000,0.000000,below_midpoint_feather
2026-06-30T13:09:00Z,86.4897,1.000000,1.000000,0.000000,below_midpoint_feather
2026-06-30T13:10:00Z,86.5003,1.000000,1.000000,0.000000,below_midpoint_feather
2026-06-30T13:11:00Z,86.4851,1.000000,1.000000,0.000000,below_midpoint_feather
2026-06-30T13:12:00Z,86.4912,1.000000,1.000000,0.000000,below_midpoint_feather
2026-06-30T13:13:00Z,86.5034,1.000000,1.000000,0.000000,below_midpoint_feather
2026-06-30T13:14:00Z,86.5324,1.000000,1.000000,0.000000,below_midpoint_feather
2026-06-30T13:15:00Z,86.4775,1.000000,1.000000,0.000000,below_midpoint_feather
2026-06-30T13:16:00Z,86.4118,1.000000,1.000000,0.000000,below_midpoint_feather
2026-06-30T13:17:00Z,86.4820,1.000000,1.000000,0.000000,below_midpoint_feather
2026-06-30T13:18:00Z,86.6926,1.000000,1.000000,0.000000,below_midpoint_feather
2026-06-30T13:19:00Z,86.8208,1.000000,1.000000,0.000000,below_midpoint_feather
2026-06-30T13:20:00Z,86.9657,1.000000,1.000000,0.000000,below_midpoint_feather
2026-06-30T13:21:00Z,86.9429,1.000000,1.000000,0.000000,below_midpoint_feather
2026-06-30T13:22:00Z,87.0069,1.000000,1.000000,0.000000,below_midpoint_feather
2026-06-30T13:23:00Z,87.0390,1.000000,1.000000,0.000000,below_midpoint_feather
2026-06-30T13:24:00Z,87.0848,1.000000,1.000000,0.000000,below_midpoint_feather
2026-06-30T13:25:00Z,87.2099,1.000000,1.000000,0.000000,below_midpoint_feather
2026-06-30T13:26:00Z,87.2953,1.000000,1.000000,0.000000,below_midpoint_feather
2026-06-30T13:27:00Z,87.3198,1.000000,1.000000,0.000000,below_midpoint_feather
2026-06-30T13:28:00Z,87.3518,1.000000,1.000000,0.000000,below_midpoint_feather
2026-06-30T13:29:00Z,87.3655,1.000000,1.000000,0.000000,below_midpoint_feather
2026-06-30T13:30:00Z,87.3289,1.000000,1.000000,0.000000,below_midpoint_feather
2026-06-30T13:31:00Z,87.3503,1.000000,1.000000,0.000000,below_midpoint_feather
2026-06-30T13:32:00Z,87.4067,1.000000,1.000000,0.000000,below_midpoint_feather
2026-06-30T13:33:00Z,87.4983,1.000000,1.000000,0.000000,below_midpoint_feather
2026-06-30T13:34:00Z,87.4708,1.000000,1.000000,0.000000,below_midpoint_feather
2026-06-30T13:35:00Z,87.4937,1.000000,1.000000,0.000000,below_midpoint_feather
2026-06-30T13:36:00Z,87.5380,1.000000,1.000000,0.000000,below_midpoint_feather
2026-06-30T13:37:00Z,87.6936,1.000000,1.000000,0.000000,below_midpoint_feather
2026-06-30T13:38:00Z,87.9240,1.000000,1.000000,0.000000,below_midpoint_feather
2026-06-30T13:39:00Z,88.1697,1.000000,1.000000,0.000000,below_midpoint_feather
2026-06-30T13:40:00Z,88.3680,1.000000,1.000000,0.000000,below_midpoint_feather
2026-06-30T13:41:00Z,88.5512,1.000000,1.000000,0.000000,below_midpoint_feather
2026-06-30T13:42:00Z,88.6107,1.000000,1.000000,0.000000,below_midpoint_feather
2026-06-30T13:43:00Z,88.7236,1.000000,1.000000,0.000000,below_midpoint_feather
2026-06-30T13:44:00Z,88.7831,1.000000,1.000000,0.000000,below_midpoint_feather
2026-06-30T13:45:00Z,88.8930,1.000000,1.000000,0.000000,below_midpoint_feather
2026-06-30T13:46:00Z,88.9448,1.000000,1.000000,0.000000,below_midpoint_feather
2026-06-30T13:47:00Z,88.9723,1.000000,1.000000,0.000000,below_midpoint_feather
2026-06-30T13:48:00Z,89.0440,1.000000,1.000000,0.000000,below_midpoint_feather
2026-06-30T13:49:00Z,89.1402,1.000000,1.000000,0.000000,below_midpoint_feather
2026-06-30T13:50:00Z,89.2973,1.000000,1.000000,0.000000,below_midpoint_feather
2026-06-30T13:51:00Z,89.4469,1.000000,1.000000,0.000000,below_midpoint_feather
2026-06-30T13:52:00Z,89.6254,1.000000,1.000000,0.000000,below_midpoint_feather
2026-06-30T13:52:54Z,89.8329,1.000000,0.999918,-0.000082,below_midpoint_feather
2026-06-30T13:53:31Z,89.8955,0.998442,0.999161,0.000719,below_midpoint_feather
2026-06-30T13:53:57Z,90.0282,0.998454,0.997318,-0.001136,in_band
2026-06-30T13:54:01Z,90.0282,0.998464,0.996309,-0.002155,in_band
2026-06-30T13:54:03Z,89.9825,0.997952,0.996401,-0.001551,below_midpoint_feather
2026-06-30T13:55:01Z,90.0969,0.967182,0.965597,-0.001585,in_band
2026-06-30T13:55:59Z,90.1289,0.936848,0.935298,-0.001550,in_band
2026-06-30T13:56:00Z,90.1427,0.936331,0.934782,-0.001549,in_band
2026-06-30T13:56:59Z,90.2205,0.906265,0.904760,-0.001505,in_band
2026-06-30T13:57:00Z,90.2037,0.905763,0.904259,-0.001505,in_band
2026-06-30T13:57:59Z,90.3120,0.876603,0.875145,-0.001458,in_band
2026-06-30T13:58:00Z,90.2937,0.876117,0.874659,-0.001457,in_band
2026-06-30T13:58:59Z,90.3990,0.847882,0.846471,-0.001411,in_band
2026-06-30T13:59:00Z,90.3777,0.847412,0.846001,-0.001410,in_band
2026-06-30T13:59:59Z,90.5013,0.820092,0.818727,-0.001365,in_band
2026-06-30T14:00:00Z,90.4967,0.819637,0.818272,-0.001364,in_band
2026-06-30T14:00:59Z,90.5013,0.793209,0.791888,-0.001321,in_band
2026-06-30T14:01:00Z,90.5409,0.792768,0.791448,-0.001320,in_band
2026-06-30T14:01:59Z,90.6386,0.767205,0.765928,-0.001277,in_band
2026-06-30T14:02:00Z,90.6325,0.766779,0.765503,-0.001277,in_band
2026-06-30T14:02:59Z,90.7149,0.742054,0.740818,-0.001236,in_band
2026-06-30T14:03:00Z,90.7149,0.741642,0.740407,-0.001235,in_band
2026-06-30T14:03:59Z,90.7256,0.717727,0.716531,-0.001195,in_band
2026-06-30T14:04:00Z,90.7652,0.717328,0.716133,-0.001194,in_band
2026-06-30T14:04:59Z,90.7607,0.694197,0.693041,-0.001156,in_band
2026-06-30T14:05:00Z,90.8080,0.693811,0.692656,-0.001155,in_band
2026-06-30T14:05:59Z,90.8064,0.671438,0.670320,-0.001118,in_band
2026-06-30T14:06:00Z,90.8446,0.671065,0.669948,-0.001117,in_band
2026-06-30T14:06:59Z,90.8064,0.649426,0.648344,-0.001081,in_band
2026-06-30T14:07:00Z,90.8354,0.649065,0.647984,-0.001081,in_band
2026-06-30T14:07:59Z,90.8751,0.628135,0.627089,-0.001046,in_band
2026-06-30T14:08:00Z,90.8431,0.627786,0.626741,-0.001045,in_band
2026-06-30T14:08:59Z,90.9178,0.607542,0.606531,-0.001012,in_band
2026-06-30T14:09:00Z,90.9407,0.607205,0.606194,-0.001011,in_band
2026-06-30T14:09:59Z,91.0277,0.587625,0.586646,-0.000978,in_band
2026-06-30T14:10:00Z,90.9804,0.587298,0.586321,-0.000978,in_band
2026-06-30T14:10:59Z,90.9361,0.568360,0.567414,-0.000946,in_band
2026-06-30T14:11:00Z,90.8934,0.568044,0.567099,-0.000946,in_band
2026-06-30T14:11:59Z,90.8766,0.549727,0.548812,-0.000915,in_band
2026-06-30T14:12:00Z,90.8476,0.549422,0.548507,-0.000915,in_band
2026-06-30T14:12:59Z,90.8888,0.531705,0.530820,-0.000885,in_band
2026-06-30T14:13:00Z,90.9224,0.531410,0.530525,-0.000885,in_band
2026-06-30T14:13:59Z,90.9865,0.514274,0.513417,-0.000856,in_band
2026-06-30T14:14:00Z,90.9575,0.513988,0.513132,-0.000856,in_band
2026-06-30T14:14:59Z,90.9590,0.497414,0.496585,-0.000829,in_band
2026-06-30T14:15:00Z,90.9804,0.497137,0.496310,-0.000828,in_band
2026-06-30T14:15:59Z,90.9575,0.481107,0.480305,-0.000801,in_band
2026-06-30T14:16:00Z,90.9865,0.480839,0.480039,-0.000801,in_band
2026-06-30T14:16:58Z,90.8995,0.465592,0.464817,-0.000775,in_band
2026-06-30T14:17:00Z,90.8812,0.465075,0.464301,-0.000774,in_band
2026-06-30T14:17:59Z,90.9071,0.450078,0.449329,-0.000749,in_band
2026-06-30T14:18:00Z,90.8843,0.449828,0.449080,-0.000749,in_band
2026-06-30T14:18:59Z,90.8385,0.435323,0.434598,-0.000725,in_band
2026-06-30T14:19:01Z,90.8034,0.434840,0.434116,-0.000724,in_band
2026-06-30T14:19:59Z,90.7607,0.421052,0.420350,-0.000701,in_band
2026-06-30T14:20:00Z,90.7576,0.420818,0.420117,-0.000701,in_band
2026-06-30T14:20:59Z,90.5821,0.407248,0.406570,-0.000678,in_band
2026-06-30T14:21:00Z,90.5928,0.407022,0.406344,-0.000678,in_band
2026-06-30T14:21:59Z,90.6279,0.393897,0.393241,-0.000656,in_band
2026-06-30T14:22:00Z,90.6188,0.393678,0.393022,-0.000656,in_band
2026-06-30T14:22:59Z,90.5638,0.380983,0.380349,-0.000635,in_band
2026-06-30T14:23:00Z,90.5776,0.380772,0.380138,-0.000634,in_band
2026-06-30T14:23:59Z,90.5684,0.368493,0.367880,-0.000614,in_band
2026-06-30T14:24:00Z,90.5470,0.368288,0.367675,-0.000613,in_band
2026-06-30T14:24:59Z,90.5196,0.356413,0.355819,-0.000594,in_band
2026-06-30T14:25:00Z,90.5364,0.356214,0.355621,-0.000593,in_band
2026-06-30T14:25:59Z,90.5592,0.344728,0.344154,-0.000574,in_band
2026-06-30T14:26:00Z,90.5592,0.344536,0.343963,-0.000574,in_band
2026-06-30T14:26:59Z,90.4173,0.333427,0.332871,-0.000555,in_band
2026-06-30T14:27:00Z,90.4463,0.333241,0.332686,-0.000555,in_band
2026-06-30T14:27:59Z,90.3914,0.322495,0.321958,-0.000537,in_band
2026-06-30T14:28:00Z,90.4143,0.322316,0.321780,-0.000537,in_band
2026-06-30T14:28:59Z,90.3044,0.311923,0.311403,-0.000519,in_band
2026-06-30T14:29:00Z,90.3441,0.311749,0.311230,-0.000519,in_band
2026-06-30T14:29:59Z,90.2251,0.301697,0.301194,-0.000502,in_band
2026-06-30T14:30:00Z,90.2113,0.301529,0.301027,-0.000502,in_band
2026-06-30T14:30:59Z,90.1854,0.291806,0.291320,-0.000486,in_band
2026-06-30T14:31:00Z,90.1717,0.291644,0.291158,-0.000486,in_band
2026-06-30T14:31:59Z,90.1930,0.282239,0.281769,-0.000470,in_band
2026-06-30T14:32:00Z,90.1854,0.282082,0.281613,-0.000470,in_band
2026-06-30T14:32:52Z,89.9336,0.275716,0.275897,0.000181,below_midpoint_feather
2026-06-30T14:33:36Z,89.7398,0.281867,0.284936,0.003070,below_midpoint_feather
2026-06-30T14:33:54Z,89.7261,0.288085,0.286074,-0.002010,below_midpoint_feather
2026-06-30T14:34:45Z,89.3202,0.345116,0.342270,-0.002846,below_midpoint_feather
2026-06-30T14:34:58Z,89.1875,0.359069,0.371238,0.012169,below_midpoint_feather
2026-06-30T14:35:05Z,89.2363,0.370798,0.360857,-0.009941,below_midpoint_feather
2026-06-30T14:35:19Z,89.1188,0.377827,0.389751,0.011924,below_midpoint_feather
2026-06-30T14:36:28Z,89.0272,0.415623,0.425896,0.010273,below_midpoint_feather
2026-06-30T14:36:42Z,89.0639,0.430021,0.419194,-0.010827,below_midpoint_feather
2026-06-30T14:37:33Z,88.9342,0.454207,0.469647,0.015440,below_midpoint_feather
2026-06-30T14:37:40Z,88.9982,0.465179,0.452858,-0.012321,below_midpoint_feather
2026-06-30T14:38:08Z,88.9265,0.467456,0.482669,0.015213,below_midpoint_feather
2026-06-30T14:38:38Z,88.9982,0.487632,0.471339,-0.016293,below_midpoint_feather
2026-06-30T14:39:07Z,88.9220,0.493850,0.503804,0.009954,below_midpoint_feather
2026-06-30T14:39:43Z,88.9616,0.512064,0.504621,-0.007442,below_midpoint_feather
2026-06-30T14:40:05Z,88.9525,0.525658,0.515337,-0.010321,below_midpoint_feather
2026-06-30T14:40:10Z,88.8624,0.531276,0.545142,0.013866,below_midpoint_feather
2026-06-30T14:41:02Z,88.8518,0.579318,0.568541,-0.010777,below_midpoint_feather
2026-06-30T14:41:26Z,88.7282,0.601659,0.620994,0.019335,below_midpoint_feather
2026-06-30T14:42:08Z,88.8075,0.625723,0.612095,-0.013628,below_midpoint_feather
2026-06-30T14:42:15Z,88.7282,0.622108,0.643200,0.021092,below_midpoint_feather
2026-06-30T14:43:15Z,88.6336,0.692888,0.708163,0.015274,below_midpoint_feather
2026-06-30T14:43:53Z,88.6061,0.749115,0.739481,-0.009634,below_midpoint_feather
2026-06-30T14:44:47Z,88.5542,0.779486,0.792782,0.013297,below_midpoint_feather
2026-06-30T14:44:59Z,88.6015,0.788802,0.781153,-0.007650,below_midpoint_feather
2026-06-30T14:45:37Z,88.5740,0.803761,0.816363,0.012602,below_midpoint_feather
2026-06-30T14:45:50Z,88.6595,0.801276,0.791108,-0.010167,below_midpoint_feather
2026-06-30T14:46:20Z,88.6427,0.803467,0.816720,0.013254,below_midpoint_feather
2026-06-30T14:46:26Z,88.7114,0.807257,0.794669,-0.012589,below_midpoint_feather
2026-06-30T14:47:21Z,88.8167,0.800221,0.790763,-0.009458,below_midpoint_feather
2026-06-30T14:47:56Z,88.7984,0.804509,0.816167,0.011658,below_midpoint_feather
2026-06-30T14:48:00Z,88.8624,0.806630,0.796956,-0.009674,below_midpoint_feather
2026-06-30T14:48:26Z,88.8426,0.803541,0.816682,0.013141,below_midpoint_feather
2026-06-30T14:49:05Z,88.9311,0.822102,0.807174,-0.014928,below_midpoint_feather
2026-06-30T14:49:38Z,88.9036,0.818404,0.830356,0.011952,below_midpoint_feather
2026-06-30T14:50:31Z,89.0043,0.829368,0.822153,-0.007215,below_midpoint_feather
2026-06-30T14:50:57Z,89.0043,0.825779,0.831991,0.006212,below_midpoint_feather
2026-06-30T14:51:36Z,89.1264,0.826013,0.813331,-0.012682,below_midpoint_feather
2026-06-30T14:51:47Z,89.0761,0.818309,0.829855,0.011545,below_midpoint_feather
2026-06-30T14:52:15Z,89.1447,0.815604,0.821263,0.005659,below_midpoint_feather
2026-06-30T14:52:53Z,89.2561,0.814784,0.806596,-0.008188,below_midpoint_feather
2026-06-30T14:53:27Z,89.3156,0.810441,0.802848,-0.007593,below_midpoint_feather
2026-06-30T14:53:42Z,89.2454,0.812274,0.820565,0.008291,below_midpoint_feather
2026-06-30T14:54:08Z,89.3202,0.817465,0.810770,-0.006695,below_midpoint_feather
2026-06-30T14:54:45Z,89.3202,0.810449,0.817868,0.007419,below_midpoint_feather
2026-06-30T14:55:00Z,89.4072,0.814813,0.804786,-0.010027,below_midpoint_feather
2026-06-30T14:55:03Z,89.3339,0.811983,0.818413,0.006431,below_midpoint_feather
2026-06-30T14:56:14Z,89.4713,0.810462,0.805901,-0.004560,below_midpoint_feather
2026-06-30T14:56:45Z,89.4759,0.803486,0.809106,0.005619,below_midpoint_feather
2026-06-30T14:57:38Z,89.6300,0.801945,0.794899,-0.007046,below_midpoint_feather
2026-06-30T14:57:51Z,89.5903,0.796553,0.800399,0.003846,below_midpoint_feather
2026-06-30T14:58:08Z,89.6712,0.797086,0.793218,-0.003868,below_midpoint_feather
2026-06-30T14:58:35Z,89.6712,0.791472,0.795013,0.003541,below_midpoint_feather
2026-06-30T14:59:16Z,89.7307,0.790553,0.792041,0.001488,below_midpoint_feather
2026-06-30T14:59:18Z,89.7810,0.790640,0.788629,-0.002011,below_midpoint_feather
2026-06-30T15:00:12Z,89.8634,0.784747,0.786230,0.001483,below_midpoint_feather
2026-06-30T15:00:56Z,90.0145,0.784308,0.782178,-0.002130,in_band
2026-06-30T15:01:00Z,90.0145,0.782609,0.780489,-0.002120,in_band
2026-06-30T15:01:59Z,90.1747,0.757803,0.755735,-0.002067,in_band
2026-06-30T15:02:00Z,90.1518,0.757386,0.755320,-0.002066,in_band
2026-06-30T15:02:59Z,90.2571,0.733123,0.731117,-0.002005,in_band
2026-06-30T15:03:00Z,90.2663,0.732717,0.730713,-0.002004,in_band
2026-06-30T15:03:59Z,90.3731,0.709149,0.707207,-0.001942,in_band
2026-06-30T15:04:00Z,90.4173,0.708756,0.706815,-0.001941,in_band
2026-06-30T15:04:59Z,90.4784,0.685923,0.684044,-0.001879,in_band
2026-06-30T15:05:00Z,90.4738,0.685542,0.683664,-0.001878,in_band
2026-06-30T15:05:59Z,90.5791,0.663444,0.661626,-0.001818,in_band
2026-06-30T15:06:00Z,90.5791,0.663075,0.661259,-0.001817,in_band
2026-06-30T15:06:59Z,90.7195,0.641697,0.639938,-0.001758,in_band
2026-06-30T15:07:00Z,90.7073,0.641340,0.639583,-0.001757,in_band
2026-06-30T15:07:59Z,90.7561,0.620660,0.618960,-0.001701,in_band
2026-06-30T15:08:00Z,90.7622,0.620316,0.618616,-0.001700,in_band
2026-06-30T15:08:59Z,90.7881,0.600313,0.598668,-0.001645,in_band
2026-06-30T15:09:00Z,90.8309,0.599980,0.598336,-0.001644,in_band
2026-06-30T15:09:59Z,90.9346,0.580633,0.579042,-0.001591,in_band
2026-06-30T15:10:00Z,90.9483,0.580310,0.578720,-0.001590,in_band
2026-06-30T15:10:59Z,91.0369,0.561597,0.560059,-0.001539,in_band
2026-06-30T15:11:00Z,91.0170,0.561285,0.559747,-0.001538,in_band
2026-06-30T15:11:59Z,91.0811,0.543186,0.541698,-0.001488,in_band
2026-06-30T15:12:00Z,91.1040,0.542884,0.541397,-0.001488,in_band
2026-06-30T15:12:59Z,91.1421,0.525378,0.523939,-0.001440,in_band
2026-06-30T15:13:00Z,91.1223,0.525087,0.523648,-0.001439,in_band
2026-06-30T15:13:59Z,91.1559,0.508154,0.506762,-0.001392,in_band
2026-06-30T15:14:00Z,91.1650,0.507872,0.506481,-0.001392,in_band
2026-06-30T15:14:59Z,91.1467,0.491495,0.490148,-0.001347,in_band
2026-06-30T15:15:00Z,91.1376,0.491222,0.489876,-0.001346,in_band
2026-06-30T15:15:59Z,91.0628,0.475382,0.474079,-0.001303,in_band
2026-06-30T15:16:00Z,91.0780,0.475118,0.473816,-0.001302,in_band
2026-06-30T15:16:59Z,91.0002,0.459797,0.458537,-0.001260,in_band
2026-06-30T15:17:00Z,90.9758,0.459542,0.458283,-0.001259,in_band
2026-06-30T15:17:59Z,90.9209,0.444723,0.443505,-0.001219,in_band
2026-06-30T15:18:00Z,90.8980,0.444476,0.443258,-0.001218,in_band
2026-06-30T15:18:59Z,90.8354,0.430143,0.428965,-0.001179,in_band
2026-06-30T15:19:00Z,90.8309,0.429905,0.428726,-0.001178,in_band
2026-06-30T15:19:59Z,90.7195,0.416042,0.414902,-0.001140,in_band
2026-06-30T15:20:00Z,90.7469,0.415811,0.414671,-0.001139,in_band
2026-06-30T15:20:59Z,90.6004,0.402402,0.401300,-0.001102,in_band
2026-06-30T15:21:00Z,90.5562,0.402179,0.401077,-0.001102,in_band
2026-06-30T15:21:59Z,90.2617,0.389210,0.388143,-0.001067,in_band
2026-06-30T15:22:00Z,90.2571,0.388993,0.387928,-0.001066,in_band
2026-06-30T15:22:59Z,89.9825,0.376450,0.376297,-0.000153,below_midpoint_feather
2026-06-30T15:23:49Z,89.7642,0.386129,0.383786,-0.002342,below_midpoint_feather
2026-06-30T15:23:58Z,89.6773,0.386167,0.390741,0.004574,below_midpoint_feather
2026-06-30T15:24:34Z,89.4942,0.404704,0.412812,0.008109,below_midpoint_feather
2026-06-30T15:24:42Z,89.5445,0.409705,0.406141,-0.003564,below_midpoint_feather
2026-06-30T15:25:33Z,89.3202,0.447840,0.444981,-0.002859,below_midpoint_feather
2026-06-30T15:25:50Z,89.2180,0.457978,0.467747,0.009769,below_midpoint_feather
2026-06-30T15:26:11Z,89.1905,0.485034,0.476399,-0.008635,below_midpoint_feather
2026-06-30T15:26:52Z,89.0272,0.513198,0.524528,0.011330,below_midpoint_feather
2026-06-30T15:27:10Z,88.9387,0.534898,0.553911,0.019014,below_midpoint_feather
2026-06-30T15:27:15Z,88.9708,0.550664,0.545532,-0.005132,below_midpoint_feather
2026-06-30T15:28:06Z,88.7694,0.610983,0.624697,0.013714,below_midpoint_feather
2026-06-30T15:28:37Z,88.7419,0.652773,0.645843,-0.006930,below_midpoint_feather
2026-06-30T15:29:12Z,88.6046,0.693664,0.713134,0.019471,below_midpoint_feather
2026-06-30T15:29:53Z,88.5359,0.772952,0.762713,-0.010240,below_midpoint_feather
2026-06-30T15:30:35Z,88.4413,0.838204,0.829432,-0.008773,below_midpoint_feather
2026-06-30T15:30:41Z,88.3680,0.839707,0.864824,0.025117,below_midpoint_feather
2026-06-30T15:31:41Z,88.2353,0.944610,0.967554,0.022944,below_midpoint_feather
2026-06-30T15:31:46Z,88.2841,0.958550,0.950939,-0.007611,below_midpoint_feather
2026-06-30T15:32:06Z,88.2033,0.986881,1.000000,0.013119,below_midpoint_feather
2026-06-30T15:32:12Z,88.2246,1.000000,0.999119,-0.000881,below_midpoint_feather
2026-06-30T15:33:00Z,88.1437,1.000000,1.000000,0.000000,below_midpoint_feather
2026-06-30T15:34:00Z,87.9881,1.000000,1.000000,0.000000,below_midpoint_feather
2026-06-30T15:35:00Z,87.8355,1.000000,1.000000,0.000000,below_midpoint_feather
2026-06-30T15:36:00Z,87.7317,1.000000,1.000000,0.000000,below_midpoint_feather
2026-06-30T15:37:00Z,87.7760,1.000000,1.000000,0.000000,below_midpoint_feather
2026-06-30T15:38:00Z,87.9103,1.000000,1.000000,0.000000,below_midpoint_feather
2026-06-30T15:39:00Z,88.1163,1.000000,1.000000,0.000000,below_midpoint_feather
2026-06-30T15:40:00Z,88.2490,1.000000,1.000000,0.000000,below_midpoint_feather
2026-06-30T15:41:00Z,88.4092,1.000000,1.000000,0.000000,below_midpoint_feather
2026-06-30T15:42:00Z,88.5649,1.000000,1.000000,0.000000,below_midpoint_feather
2026-06-30T15:43:00Z,88.7510,1.000000,1.000000,0.000000,below_midpoint_feather
2026-06-30T15:44:00Z,88.9296,1.000000,1.000000,0.000000,below_midpoint_feather
2026-06-30T15:45:00Z,89.0852,1.000000,1.000000,0.000000,below_midpoint_feather
2026-06-30T15:46:00Z,89.1814,1.000000,1.000000,0.000000,below_midpoint_feather
2026-06-30T15:47:00Z,89.2088,1.000000,1.000000,0.000000,below_midpoint_feather
2026-06-30T15:48:00Z,89.2653,1.000000,1.000000,0.000000,below_midpoint_feather
2026-06-30T15:49:00Z,89.3523,1.000000,1.000000,0.000000,below_midpoint_feather
2026-06-30T15:50:00Z,89.3370,1.000000,1.000000,0.000000,below_midpoint_feather
2026-06-30T15:51:00Z,89.2683,1.000000,1.000000,0.000000,below_midpoint_feather
2026-06-30T15:52:00Z,89.1554,1.000000,1.000000,0.000000,below_midpoint_feather
2026-06-30T15:53:00Z,89.0181,1.000000,1.000000,0.000000,below_midpoint_feather
2026-06-30T15:54:00Z,89.0089,1.000000,1.000000,0.000000,below_midpoint_feather
2026-06-30T15:55:00Z,89.0913,1.000000,1.000000,0.000000,below_midpoint_feather
2026-06-30T15:56:00Z,89.1402,1.000000,1.000000,0.000000,below_midpoint_feather
2026-06-30T15:57:00Z,89.2058,1.000000,1.000000,0.000000,below_midpoint_feather
2026-06-30T15:58:00Z,89.2561,1.000000,1.000000,0.000000,below_midpoint_feather
2026-06-30T15:59:00Z,89.3889,1.000000,1.000000,0.000000,below_midpoint_feather
2026-06-30T16:00:00Z,89.3782,1.000000,1.000000,0.000000,below_midpoint_feather
2026-06-30T16:01:00Z,89.3248,1.000000,1.000000,0.000000,below_midpoint_feather
2026-06-30T16:02:00Z,89.3690,1.000000,1.000000,0.000000,below_midpoint_feather
2026-06-30T16:03:00Z,89.3187,1.000000,1.000000,0.000000,below_midpoint_feather
2026-06-30T16:04:00Z,89.3050,1.000000,1.000000,0.000000,below_midpoint_feather
2026-06-30T16:05:00Z,89.3843,1.000000,1.000000,0.000000,below_midpoint_feather
2026-06-30T16:06:00Z,89.4789,1.000000,1.000000,0.000000,below_midpoint_feather
2026-06-30T16:07:00Z,89.5216,1.000000,1.000000,0.000000,below_midpoint_feather
2026-06-30T16:08:00Z,89.5521,1.000000,1.000000,0.000000,below_midpoint_feather
2026-06-30T16:09:00Z,89.4606,1.000000,1.000000,0.000000,below_midpoint_feather
2026-06-30T16:10:00Z,89.3111,1.000000,1.000000,0.000000,below_midpoint_feather
2026-06-30T16:11:00Z,89.2332,1.000000,1.000000,0.000000,below_midpoint_feather
2026-06-30T16:12:00Z,89.2607,1.000000,1.000000,0.000000,below_midpoint_feather
2026-06-30T16:13:00Z,89.2271,1.000000,1.000000,0.000000,below_midpoint_feather
2026-06-30T16:14:00Z,89.2332,1.000000,1.000000,0.000000,below_midpoint_feather
2026-06-30T16:15:00Z,89.2836,1.000000,1.000000,0.000000,below_midpoint_feather
2026-06-30T16:16:00Z,89.3233,1.000000,1.000000,0.000000,below_midpoint_feather
2026-06-30T16:17:00Z,89.3187,1.000000,1.000000,0.000000,below_midpoint_feather
2026-06-30T16:18:00Z,89.2607,1.000000,1.000000,0.000000,below_midpoint_feather
2026-06-30T16:19:00Z,89.1417,1.000000,1.000000,0.000000,below_midpoint_feather
2026-06-30T16:20:00Z,89.0028,1.000000,1.000000,0.000000,below_midpoint_feather
2026-06-30T16:21:00Z,88.9158,1.000000,1.000000,0.000000,below_midpoint_feather
2026-06-30T16:22:00Z,88.8334,1.000000,1.000000,0.000000,below_midpoint_feather
2026-06-30T16:23:00Z,88.7877,1.000000,1.000000,0.000000,below_midpoint_feather
2026-06-30T16:24:00Z,88.7755,1.000000,1.000000,0.000000,below_midpoint_feather
2026-06-30T16:25:00Z,88.7160,1.000000,1.000000,0.000000,below_midpoint_feather
2026-06-30T16:26:00Z,88.6412,1.000000,1.000000,0.000000,below_midpoint_feather
2026-06-30T16:27:00Z,88.5603,1.000000,1.000000,0.000000,below_midpoint_feather
2026-06-30T16:28:00Z,88.5496,1.000000,1.000000,0.000000,below_midpoint_feather
2026-06-30T16:29:00Z,88.5634,1.000000,1.000000,0.000000,below_midpoint_feather
2026-06-30T16:30:00Z,88.5466,1.000000,1.000000,0.000000,below_midpoint_feather
2026-06-30T16:31:00Z,88.5588,1.000000,1.000000,0.000000,below_midpoint_feather
2026-06-30T16:32:00Z,88.4993,1.000000,1.000000,0.000000,below_midpoint_feather
2026-06-30T16:33:00Z,88.3497,1.000000,1.000000,0.000000,below_midpoint_feather
2026-06-30T16:34:00Z,88.1987,1.000000,1.000000,0.000000,below_midpoint_feather
2026-06-30T16:35:00Z,88.0842,1.000000,1.000000,0.000000,below_midpoint_feather
2026-06-30T16:36:00Z,88.0201,1.000000,1.000000,0.000000,below_midpoint_feather
2026-06-30T16:37:00Z,87.9881,1.000000,1.000000,0.000000,below_midpoint_feather
2026-06-30T16:38:00Z,88.0781,1.000000,1.000000,0.000000,below_midpoint_feather
2026-06-30T16:39:00Z,88.0797,1.000000,1.000000,0.000000,below_midpoint_feather
2026-06-30T16:40:00Z,88.1117,1.000000,1.000000,0.000000,below_midpoint_feather
2026-06-30T16:41:00Z,87.9377,1.000000,1.000000,0.000000,below_midpoint_feather
2026-06-30T16:42:00Z,87.9606,1.000000,1.000000,0.000000,below_midpoint_feather
2026-06-30T16:43:00Z,88.1025,1.000000,1.000000,0.000000,below_midpoint_feather
2026-06-30T16:44:00Z,88.1300,1.000000,1.000000,0.000000,below_midpoint_feather
2026-06-30T16:45:00Z,88.1025,1.000000,1.000000,0.000000,below_midpoint_feather
2026-06-30T16:46:00Z,88.0522,1.000000,1.000000,0.000000,below_midpoint_feather
2026-06-30T16:47:00Z,88.0705,1.000000,1.000000,0.000000,below_midpoint_feather
2026-06-30T16:48:00Z,88.2033,1.000000,1.000000,0.000000,below_midpoint_feather
2026-06-30T16:49:00Z,88.1392,1.000000,1.000000,0.000000,below_midpoint_feather
2026-06-30T16:50:00Z,87.9835,1.000000,1.000000,0.000000,below_midpoint_feather
2026-06-30T16:51:00Z,87.9011,1.000000,1.000000,0.000000,below_midpoint_feather
2026-06-30T16:52:00Z,87.8264,1.000000,1.000000,0.000000,below_midpoint_feather
2026-06-30T16:53:00Z,87.7943,1.000000,1.000000,0.000000,below_midpoint_feather
2026-06-30T16:54:00Z,87.7592,1.000000,1.000000,0.000000,below_midpoint_feather
2026-06-30T16:55:00Z,87.9149,1.000000,1.000000,0.000000,below_midpoint_feather
2026-06-30T16:56:00Z,88.0476,1.000000,1.000000,0.000000,below_midpoint_feather
2026-06-30T16:57:00Z,88.0552,1.000000,1.000000,0.000000,below_midpoint_feather
2026-06-30T16:58:00Z,87.9133,1.000000,1.000000,0.000000,below_midpoint_feather
2026-06-30T16:59:00Z,87.6936,1.000000,1.000000,0.000000,below_midpoint_feather
2026-06-30T17:00:00Z,87.6173,1.000000,1.000000,0.000000,below_midpoint_feather
2026-06-30T17:01:00Z,87.4937,1.000000,1.000000,0.000000,below_midpoint_feather
2026-06-30T17:02:00Z,87.3686,1.000000,1.000000,0.000000,below_midpoint_feather
2026-06-30T17:03:00Z,87.3930,1.000000,1.000000,0.000000,below_midpoint_feather
2026-06-30T17:04:00Z,87.4830,1.000000,1.000000,0.000000,below_midpoint_feather
2026-06-30T17:05:00Z,87.1580,1.000000,1.000000,0.000000,below_midpoint_feather
2026-06-30T17:06:00Z,86.7475,1.000000,1.000000,0.000000,below_midpoint_feather
2026-06-30T17:07:00Z,86.7430,1.000000,1.000000,0.000000,below_midpoint_feather
2026-06-30T17:08:00Z,86.6423,1.000000,1.000000,0.000000,below_midpoint_feather
2026-06-30T17:09:00Z,86.3752,1.000000,1.000000,0.000000,below_midpoint_feather
2026-06-30T17:10:00Z,86.2928,1.000000,1.000000,0.000000,below_midpoint_feather
2026-06-30T17:11:00Z,86.3264,1.000000,1.000000,0.000000,below_midpoint_feather
2026-06-30T17:12:00Z,86.2379,1.000000,1.000000,0.000000,below_midpoint_feather
2026-06-30T17:13:00Z,86.3584,1.000000,1.000000,0.000000,below_midpoint_feather
2026-06-30T17:14:00Z,86.7109,1.000000,1.000000,0.000000,below_midpoint_feather
2026-06-30T17:15:00Z,87.0451,1.000000,1.000000,0.000000,below_midpoint_feather
2026-06-30T17:16:00Z,87.3335,1.000000,1.000000,0.000000,below_midpoint_feather
2026-06-30T17:17:00Z,87.4296,1.000000,1.000000,0.000000,below_midpoint_feather
2026-06-30T17:18:00Z,87.4830,1.000000,1.000000,0.000000,below_midpoint_feather
2026-06-30T17:19:00Z,87.5608,1.000000,1.000000,0.000000,below_midpoint_feather
2026-06-30T17:20:00Z,87.6616,1.000000,1.000000,0.000000,below_midpoint_feather
2026-06-30T17:21:00Z,87.6432,1.000000,1.000000,0.000000,below_midpoint_feather
2026-06-30T17:22:00Z,87.7806,1.000000,1.000000,0.000000,below_midpoint_feather
2026-06-30T17:23:00Z,87.9362,1.000000,1.000000,0.000000,below_midpoint_feather
2026-06-30T17:24:00Z,88.0598,1.000000,1.000000,0.000000,below_midpoint_feather
2026-06-30T17:25:00Z,88.1483,1.000000,1.000000,0.000000,below_midpoint_feather
2026-06-30T17:26:00Z,88.1926,1.000000,1.000000,0.000000,below_midpoint_feather
2026-06-30T17:27:00Z,88.4352,1.000000,1.000000,0.000000,below_midpoint_feather
2026-06-30T17:28:00Z,88.5176,1.000000,1.000000,0.000000,below_midpoint_feather
2026-06-30T17:29:00Z,88.5740,1.000000,1.000000,0.000000,below_midpoint_feather
2026-06-30T17:30:00Z,88.7068,1.000000,1.000000,0.000000,below_midpoint_feather
2026-06-30T17:31:00Z,88.6976,1.000000,1.000000,0.000000,below_midpoint_feather
2026-06-30T17:32:00Z,88.8151,1.000000,1.000000,0.000000,below_midpoint_feather
2026-06-30T17:33:00Z,88.9631,1.000000,1.000000,0.000000,below_midpoint_feather
2026-06-30T17:34:00Z,89.0318,1.000000,1.000000,0.000000,below_midpoint_feather
2026-06-30T17:35:00Z,89.2470,1.000000,1.000000,0.000000,below_midpoint_feather
2026-06-30T17:36:00Z,89.4057,1.000000,1.000000,0.000000,below_midpoint_feather
2026-06-30T17:37:00Z,89.5659,1.000000,1.000000,0.000000,below_midpoint_feather
2026-06-30T17:38:00Z,89.6437,1.000000,1.000000,0.000000,below_midpoint_feather
2026-06-30T17:39:46Z,89.9046,1.000000,0.999415,-0.000585,below_midpoint_feather
2026-06-30T17:39:54Z,89.8650,0.999897,1.000000,0.000103,below_midpoint_feather
2026-06-30T17:40:11Z,89.9016,0.999338,1.000000,0.000662,below_midpoint_feather
2026-06-30T17:40:51Z,90.0114,0.999257,0.997067,-0.002190,in_band
2026-06-30T17:41:00Z,90.0237,0.994924,0.993293,-0.001632,in_band
2026-06-30T17:41:05Z,89.9748,0.992213,0.991776,-0.000437,below_midpoint_feather
2026-06-30T17:42:00Z,90.0710,0.962689,0.962164,-0.000525,in_band
2026-06-30T17:42:59Z,90.1854,0.931786,0.931273,-0.000514,in_band
2026-06-30T17:43:00Z,90.1991,0.931270,0.930757,-0.000513,in_band
2026-06-30T17:43:59Z,90.2892,0.901292,0.900793,-0.000499,in_band
2026-06-30T17:44:00Z,90.2815,0.900792,0.900294,-0.000499,in_band
2026-06-30T17:44:59Z,90.3593,0.871764,0.871281,-0.000483,in_band
2026-06-30T17:45:00Z,90.3456,0.871280,0.870797,-0.000483,in_band
2026-06-30T17:45:59Z,90.4784,0.843192,0.842724,-0.000468,in_band
2026-06-30T17:46:00Z,90.4234,0.842724,0.842256,-0.000468,in_band
2026-06-30T17:46:59Z,90.4372,0.815551,0.815099,-0.000453,in_band
2026-06-30T17:47:00Z,90.4585,0.815098,0.814646,-0.000452,in_band
2026-06-30T17:47:59Z,90.5333,0.788815,0.788378,-0.000438,in_band
2026-06-30T17:48:00Z,90.5089,0.788377,0.787940,-0.000438,in_band
2026-06-30T17:48:59Z,90.6508,0.762955,0.762532,-0.000423,in_band
2026-06-30T17:49:00Z,90.6065,0.762532,0.762108,-0.000423,in_band
2026-06-30T17:49:59Z,90.7073,0.737943,0.737533,-0.000410,in_band
2026-06-30T17:50:00Z,90.7164,0.737533,0.737124,-0.000410,in_band
2026-06-30T17:50:59Z,90.8064,0.713750,0.713354,-0.000396,in_band
2026-06-30T17:51:00Z,90.8156,0.713354,0.712958,-0.000396,in_band
2026-06-30T17:51:59Z,90.8751,0.690351,0.689968,-0.000383,in_band
2026-06-30T17:52:00Z,90.9071,0.689967,0.689584,-0.000383,in_band
2026-06-30T17:52:59Z,90.9300,0.667718,0.667348,-0.000371,in_band
2026-06-30T17:53:00Z,90.9407,0.667348,0.666977,-0.000370,in_band
2026-06-30T17:53:59Z,91.0307,0.645828,0.645469,-0.000358,in_band
2026-06-30T17:54:00Z,91.0369,0.645469,0.645111,-0.000358,in_band
2026-06-30T17:54:59Z,91.0643,0.624655,0.624308,-0.000347,in_band
2026-06-30T17:55:01Z,91.1284,0.623962,0.623615,-0.000347,in_band
2026-06-30T17:55:59Z,91.2093,0.604177,0.603841,-0.000335,in_band
2026-06-30T17:56:00Z,91.1833,0.603841,0.603506,-0.000335,in_band
2026-06-30T17:56:59Z,91.2459,0.584369,0.584045,-0.000324,in_band
2026-06-30T17:57:00Z,91.2383,0.584045,0.583721,-0.000324,in_band
2026-06-30T17:57:59Z,91.3161,0.565211,0.564898,-0.000314,in_band
2026-06-30T17:58:00Z,91.3100,0.564897,0.564584,-0.000314,in_band
2026-06-30T17:58:59Z,91.3787,0.546682,0.546378,-0.000303,in_band
2026-06-30T17:59:00Z,91.3695,0.546378,0.546075,-0.000303,in_band
2026-06-30T17:59:59Z,91.4382,0.528759,0.528466,-0.000293,in_band
2026-06-30T18:00:00Z,91.4153,0.528466,0.528172,-0.000293,in_band
2026-06-30T18:00:59Z,91.4443,0.511424,0.511141,-0.000284,in_band
2026-06-30T18:01:08Z,91.4794,0.508874,0.509157,0.000283,in_band
2026-06-30T18:01:10Z,91.5526,0.508309,0.486434,-0.021875,above_band_high
2026-06-30T18:02:40Z,91.5816,0.464698,0.471031,0.006333,above_band_high
2026-06-30T18:02:58Z,91.6457,0.457230,0.442690,-0.014539,above_band_high
2026-06-30T18:03:11Z,91.6121,0.431655,0.456128,0.024473,above_band_high
2026-06-30T18:03:28Z,91.7006,0.432200,0.416912,-0.015288,above_band_high
2026-06-30T18:04:49Z,91.7082,0.388637,0.401783,0.013146,above_band_high
2026-06-30T18:04:51Z,91.7632,0.394124,0.377977,-0.016146,above_band_high
2026-06-30T18:05:08Z,91.6960,0.384983,0.403322,0.018339,above_band_high
2026-06-30T18:05:40Z,91.7906,0.371130,0.356247,-0.014884,above_band_high
2026-06-30T18:06:19Z,91.7327,0.356207,0.371876,0.015669,above_band_high
2026-06-30T18:06:59Z,91.8273,0.344186,0.321469,-0.022716,above_band_high
2026-06-30T18:07:07Z,91.8456,0.334294,0.311580,-0.022714,above_band_high
2026-06-30T18:07:11Z,91.7815,0.327386,0.337861,0.010475,above_band_high
2026-06-30T18:08:11Z,91.8135,0.298096,0.307080,0.008984,above_band_high
2026-06-30T18:08:35Z,91.8563,0.304459,0.281481,-0.022979,above_band_high
2026-06-30T18:09:23Z,91.9387,0.254178,0.231064,-0.023114,above_band_high
2026-06-30T18:09:39Z,91.8959,0.233156,0.243806,0.010650,above_band_high
2026-06-30T18:10:05Z,91.9341,0.204278,0.218050,0.013772,above_band_high
2026-06-30T18:10:50Z,92.0150,0.178949,0.165222,-0.013727,above_band_high
2026-06-30T18:11:20Z,92.0653,0.149340,0.130332,-0.019009,above_band_high
2026-06-30T18:11:28Z,92.0256,0.130002,0.143510,0.013509,above_band_high
2026-06-30T18:12:30Z,92.0989,0.100615,0.080828,-0.019787,above_band_high
2026-06-30T18:12:48Z,92.0394,0.085096,0.096528,0.011432,above_band_high
2026-06-30T18:13:03Z,92.0516,0.061935,0.083111,0.021176,above_band_high
2026-06-30T18:13:49Z,92.1584,0.030032,0.011477,-0.018555,above_band_high
2026-06-30T18:14:11Z,92.1401,0.014465,0.006296,-0.008169,above_band_high
2026-06-30T18:14:29Z,92.1035,0.000000,0.011102,0.011102,above_band_high
2026-06-30T18:15:00Z,92.1630,0.000000,0.000000,0.000000,above_band_high
2026-06-30T18:16:00Z,92.2316,0.000000,0.000000,0.000000,above_band_high
2026-06-30T18:17:00Z,92.3095,0.000000,0.000000,0.000000,above_band_high
2026-06-30T18:18:00Z,92.3491,0.000000,0.000000,0.000000,above_band_high
2026-06-30T18:19:00Z,92.4315,0.000000,0.000000,0.000000,above_band_high
2026-06-30T18:20:00Z,92.4773,0.000000,0.000000,0.000000,above_band_high
2026-06-30T18:21:00Z,92.5597,0.000000,0.000000,0.000000,above_band_high
2026-06-30T18:22:00Z,92.5750,0.000000,0.000000,0.000000,above_band_high
2026-06-30T18:23:00Z,92.6421,0.000000,0.000000,0.000000,above_band_high
2026-06-30T18:24:00Z,92.6787,0.000000,0.000000,0.000000,above_band_high
2026-06-30T18:25:00Z,92.6421,0.000000,0.000000,0.000000,above_band_high
2026-06-30T18:26:00Z,92.6833,0.000000,0.000000,0.000000,above_band_high
2026-06-30T18:27:00Z,92.6833,0.000000,0.000000,0.000000,above_band_high
2026-06-30T18:28:00Z,92.7031,0.000000,0.000000,0.000000,above_band_high
2026-06-30T18:29:00Z,92.6833,0.000000,0.000000,0.000000,above_band_high
2026-06-30T18:30:00Z,92.6711,0.000000,0.000000,0.000000,above_band_high
2026-06-30T18:31:00Z,92.6711,0.000000,0.000000,0.000000,above_band_high
2026-06-30T18:32:00Z,92.6787,0.000000,0.000000,0.000000,above_band_high
2026-06-30T18:33:00Z,92.6970,0.000000,0.000000,0.000000,above_band_high
2026-06-30T18:34:00Z,92.6894,0.000000,0.000000,0.000000,above_band_high
2026-06-30T18:35:00Z,92.6757,0.000000,0.000000,0.000000,above_band_high
2026-06-30T18:36:00Z,92.7077,0.000000,0.000000,0.000000,above_band_high
2026-06-30T18:37:00Z,92.7199,0.000000,0.000000,0.000000,above_band_high
2026-06-30T18:38:00Z,92.7657,0.000000,0.000000,0.000000,above_band_high
2026-06-30T18:39:00Z,92.7474,0.000000,0.000000,0.000000,above_band_high
2026-06-30T18:40:00Z,92.7520,0.000000,0.000000,0.000000,above_band_high
2026-06-30T18:41:00Z,92.7306,0.000000,0.000000,0.000000,above_band_high
2026-06-30T18:42:00Z,92.7199,0.000000,0.000000,0.000000,above_band_high
2026-06-30T18:43:00Z,92.7260,0.000000,0.000000,0.000000,above_band_high
2026-06-30T18:44:00Z,92.7245,0.000000,0.000000,0.000000,above_band_high
2026-06-30T18:45:00Z,92.7581,0.000000,0.000000,0.000000,above_band_high
2026-06-30T18:46:00Z,92.7565,0.000000,0.000000,0.000000,above_band_high
2026-06-30T18:47:00Z,92.7810,0.000000,0.000000,0.000000,above_band_high
2026-06-30T18:48:00Z,92.7703,0.000000,0.000000,0.000000,above_band_high
2026-06-30T18:49:00Z,92.7764,0.000000,0.000000,0.000000,above_band_high
2026-06-30T18:50:00Z,92.7443,0.000000,0.000000,0.000000,above_band_high
2026-06-30T18:51:00Z,92.7703,0.000000,0.000000,0.000000,above_band_high
2026-06-30T18:52:00Z,92.7886,0.000000,0.000000,0.000000,above_band_high
2026-06-30T18:53:00Z,92.7520,0.000000,0.000000,0.000000,above_band_high
2026-06-30T18:54:00Z,92.7077,0.000000,0.000000,0.000000,above_band_high
2026-06-30T18:55:00Z,92.7108,0.000000,0.000000,0.000000,above_band_high
2026-06-30T18:56:00Z,92.6574,0.000000,0.000000,0.000000,above_band_high
2026-06-30T18:57:00Z,92.6741,0.000000,0.000000,0.000000,above_band_high
2026-06-30T18:58:00Z,92.6146,0.000000,0.000000,0.000000,above_band_high
2026-06-30T18:59:00Z,92.5154,0.000000,0.000000,0.000000,above_band_high
2026-06-30T19:00:00Z,92.4788,0.000000,0.000000,0.000000,above_band_high
2026-06-30T19:01:00Z,92.4178,0.000000,0.000000,0.000000,above_band_high
2026-06-30T19:02:00Z,92.3857,0.000000,0.000000,0.000000,above_band_high
2026-06-30T19:03:00Z,92.3171,0.000000,0.000000,0.000000,above_band_high
2026-06-30T19:04:00Z,92.2667,0.000000,0.000000,0.000000,above_band_high
2026-06-30T19:05:00Z,92.1950,0.000000,0.000000,0.000000,above_band_high
2026-06-30T19:06:00Z,92.1630,0.000000,0.000000,0.000000,above_band_high
2026-06-30T19:07:00Z,92.1843,0.000000,0.000000,0.000000,above_band_high
2026-06-30T19:08:00Z,92.1477,0.000000,0.000000,0.000000,above_band_high
2026-06-30T19:09:00Z,92.1767,0.000000,0.000000,0.000000,above_band_high
2026-06-30T19:10:00Z,92.2026,0.000000,0.000000,0.000000,above_band_high
2026-06-30T19:11:00Z,92.1706,0.000000,0.000000,0.000000,above_band_high
2026-06-30T19:12:00Z,92.1843,0.000000,0.000000,0.000000,above_band_high
2026-06-30T19:13:00Z,92.2347,0.000000,0.000000,0.000000,above_band_high
2026-06-30T19:14:00Z,92.2210,0.000000,0.000000,0.000000,above_band_high
2026-06-30T19:15:00Z,92.2026,0.000000,0.000000,0.000000,above_band_high
2026-06-30T19:16:00Z,92.2133,0.000000,0.000000,0.000000,above_band_high
2026-06-30T19:17:00Z,92.1996,0.000000,0.000000,0.000000,above_band_high
2026-06-30T19:18:00Z,92.1767,0.000000,0.000000,0.000000,above_band_high
2026-06-30T19:19:00Z,92.0974,0.000000,0.000000,0.000000,above_band_high
2026-06-30T19:20:00Z,92.0241,0.000000,0.000000,0.000000,above_band_high
2026-06-30T19:21:00Z,91.9936,0.000000,0.000000,0.000000,above_band_high
2026-06-30T19:22:00Z,91.8730,0.000000,0.000000,0.000000,above_band_high
2026-06-30T19:23:00Z,91.7906,0.000000,0.000000,0.000000,above_band_high
2026-06-30T19:24:00Z,91.7037,0.000000,0.000000,0.000000,above_band_high
2026-06-30T19:25:20Z,91.4809,0.001119,0.009462,0.008342,in_band
2026-06-30T19:25:27Z,91.5114,0.008844,0.003591,-0.005253,above_band_high
2026-06-30T19:26:55Z,91.2642,0.002065,0.001975,-0.000090,in_band
2026-06-30T19:26:59Z,91.3054,0.001933,0.001848,-0.000084,in_band
2026-06-30T19:27:00Z,91.2917,0.001901,0.001818,-0.000083,in_band
2026-06-30T19:27:59Z,91.1559,0.000717,0.000686,-0.000031,in_band
2026-06-30T19:28:00Z,91.1498,0.000705,0.000674,-0.000031,in_band
2026-06-30T19:28:59Z,91.0124,0.000266,0.000254,-0.000012,in_band
2026-06-30T19:29:00Z,91.0185,0.000262,0.000250,-0.000011,in_band
2026-06-30T19:29:59Z,90.8476,0.000099,0.000094,-0.000004,in_band
2026-06-30T19:30:00Z,90.8476,0.000097,0.000093,-0.000004,in_band
2026-06-30T19:30:59Z,90.7103,0.000037,0.000035,-0.000002,in_band
2026-06-30T19:31:00Z,90.6981,0.000036,0.000034,-0.000002,in_band
2026-06-30T19:31:59Z,90.4768,0.000014,0.000013,-0.000001,in_band
2026-06-30T19:32:00Z,90.4723,0.000013,0.000013,-0.000001,in_band
2026-06-30T19:32:59Z,90.2754,0.000005,0.000005,-0.000000,in_band
2026-06-30T19:33:00Z,90.2403,0.000005,0.000005,-0.000000,in_band
2026-06-30T19:33:59Z,90.0664,0.000002,0.000002,-0.000000,in_band
2026-06-30T19:34:50Z,89.9428,0.001135,0.000469,-0.000666,below_midpoint_feather
2026-06-30T19:34:56Z,89.8787,0.001025,0.002099,0.001075,below_midpoint_feather
2026-06-30T19:35:46Z,89.7719,0.005333,0.007531,0.002199,below_midpoint_feather
2026-06-30T19:35:53Z,89.8146,0.006877,0.005056,-0.001821,below_midpoint_feather
2026-06-30T19:36:00Z,89.8146,0.006919,0.005101,-0.001818,below_midpoint_feather
2026-06-30T19:36:50Z,89.6818,0.011390,0.015146,0.003756,below_midpoint_feather
2026-06-30T19:37:50Z,89.4972,0.030642,0.038166,0.007524,below_midpoint_feather
2026-06-30T19:37:55Z,89.5430,0.038035,0.032109,-0.005926,below_midpoint_feather
2026-06-30T19:38:47Z,89.3965,0.049069,0.057065,0.007997,below_midpoint_feather
2026-06-30T19:38:58Z,89.4514,0.055064,0.048872,-0.006193,below_midpoint_feather
2026-06-30T19:39:28Z,89.4438,0.058557,0.052580,-0.005977,below_midpoint_feather
2026-06-30T19:39:44Z,89.3736,0.057482,0.065869,0.008387,below_midpoint_feather
2026-06-30T19:40:03Z,89.4194,0.065025,0.059895,-0.005130,below_midpoint_feather
2026-06-30T19:40:52Z,89.2042,0.097783,0.107600,0.009818,below_midpoint_feather
2026-06-30T19:41:19Z,89.1966,0.124570,0.113222,-0.011348,below_midpoint_feather
2026-06-30T19:41:35Z,89.0959,0.128683,0.140366,0.011683,below_midpoint_feather
2026-06-30T19:42:33Z,89.0455,0.155312,0.165831,0.010519,below_midpoint_feather
2026-06-30T19:42:34Z,89.1310,0.155547,0.143911,-0.011635,below_midpoint_feather
2026-06-30T19:43:11Z,89.0822,0.155638,0.165443,0.009805,below_midpoint_feather
2026-06-30T19:43:46Z,89.1508,0.170308,0.157031,-0.013277,below_midpoint_feather
2026-06-30T19:44:48Z,88.9891,0.206302,0.216190,0.009888,below_midpoint_feather
2026-06-30T19:44:52Z,89.0455,0.211273,0.201535,-0.009738,below_midpoint_feather
2026-06-30T19:45:06Z,88.9525,0.219190,0.232063,0.012873,below_midpoint_feather
2026-06-30T19:45:43Z,88.9387,0.258853,0.247572,-0.011281,below_midpoint_feather
2026-06-30T19:46:00Z,88.8899,0.277636,0.268344,-0.009291,below_midpoint_feather
2026-06-30T19:46:20Z,88.8060,0.284755,0.303018,0.018263,below_midpoint_feather
2026-06-30T19:47:45Z,88.7694,0.360919,0.351431,-0.009488,below_midpoint_feather
2026-06-30T19:47:48Z,88.7068,0.362311,0.375285,0.012973,below_midpoint_feather
2026-06-30T19:48:02Z,88.7007,0.369479,0.384191,0.014713,below_midpoint_feather
2026-06-30T19:48:42Z,88.7114,0.410571,0.400196,-0.010374,below_midpoint_feather
2026-06-30T19:49:29Z,88.6473,0.432793,0.449495,0.016702,below_midpoint_feather
2026-06-30T19:49:50Z,88.6870,0.454227,0.446164,-0.008063,below_midpoint_feather
2026-06-30T19:50:40Z,88.6046,0.489791,0.506569,0.016778,below_midpoint_feather
2026-06-30T19:50:48Z,88.6595,0.501573,0.489889,-0.011683,below_midpoint_feather
2026-06-30T19:51:18Z,88.6915,0.510476,0.495660,-0.014816,below_midpoint_feather
2026-06-30T19:51:55Z,88.6839,0.506819,0.520547,0.013727,below_midpoint_feather
2026-06-30T19:52:34Z,88.8014,0.510212,0.500930,-0.009283,below_midpoint_feather
2026-06-30T19:52:45Z,88.7877,0.501616,0.511703,0.010087,below_midpoint_feather
2026-06-30T19:53:03Z,88.8243,0.501134,0.508908,0.007773,below_midpoint_feather
2026-06-30T19:53:53Z,88.9662,0.502304,0.489115,-0.013188,below_midpoint_feather
2026-06-30T19:54:15Z,88.9250,0.501739,0.511421,0.009682,below_midpoint_feather
2026-06-30T19:54:19Z,88.9952,0.503506,0.492409,-0.011097,below_midpoint_feather
2026-06-30T19:55:00Z,89.0898,0.503294,0.483465,-0.019829,below_midpoint_feather
2026-06-30T19:55:10Z,89.0074,0.494596,0.509582,0.014987,below_midpoint_feather
2026-06-30T19:56:21Z,89.1829,0.498434,0.488408,-0.010026,below_midpoint_feather
2026-06-30T19:56:36Z,89.1417,0.496290,0.502671,0.006381,below_midpoint_feather
2026-06-30T19:57:20Z,89.1966,0.489661,0.501549,0.011888,below_midpoint_feather
2026-06-30T19:57:42Z,89.3202,0.488553,0.480723,-0.007830,below_midpoint_feather
2026-06-30T19:58:05Z,89.3599,0.483592,0.478242,-0.005350,below_midpoint_feather
2026-06-30T19:58:54Z,89.3462,0.482413,0.489808,0.007395,below_midpoint_feather
2026-06-30T19:59:08Z,89.4240,0.484176,0.478479,-0.005697,below_midpoint_feather
2026-06-30T19:59:39Z,89.4377,0.476631,0.480893,0.004262,below_midpoint_feather
2026-06-30T20:00:06Z,89.5430,0.473058,0.469140,-0.003918,below_midpoint_feather
2026-06-30T20:00:18Z,89.5201,0.468985,0.473583,0.004598,below_midpoint_feather
2026-06-30T20:01:02Z,89.6040,0.465280,0.467436,0.002156,below_midpoint_feather
2026-06-30T20:01:06Z,89.6544,0.465128,0.462458,-0.002670,below_midpoint_feather
2026-06-30T20:02:19Z,89.8146,0.458078,0.454848,-0.003230,below_midpoint_feather
2026-06-30T20:02:51Z,89.7444,0.455945,0.460429,0.004484,below_midpoint_feather
2026-06-30T20:03:18Z,89.7673,0.457231,0.459610,0.002378,below_midpoint_feather
2026-06-30T20:03:23Z,89.8497,0.457023,0.455246,-0.001777,below_midpoint_feather
2026-06-30T20:04:00Z,89.9382,0.454605,0.453334,-0.001271,below_midpoint_feather
2026-06-30T20:04:50Z,89.8817,0.454465,0.455386,0.000921,below_midpoint_feather
2026-06-30T20:05:17Z,89.9107,0.453892,0.454729,0.000838,below_midpoint_feather
2026-06-30T20:05:36Z,90.0237,0.453640,0.452944,-0.000696,in_band
2026-06-30T20:06:00Z,90.0343,0.447689,0.448031,0.000343,in_band
2026-06-30T20:06:58Z,90.1717,0.433609,0.433939,0.000329,in_band
2026-06-30T20:07:00Z,90.1442,0.433130,0.433459,0.000329,in_band
2026-06-30T20:07:59Z,90.2678,0.419207,0.419524,0.000318,in_band
2026-06-30T20:08:00Z,90.2480,0.418974,0.419292,0.000318,in_band
2026-06-30T20:08:58Z,90.3441,0.405705,0.406012,0.000307,in_band
2026-06-30T20:09:00Z,90.3593,0.405255,0.405562,0.000307,in_band
2026-06-30T20:09:59Z,90.4631,0.392193,0.392490,0.000297,in_band
2026-06-30T20:10:00Z,90.4829,0.391975,0.392272,0.000297,in_band
2026-06-30T20:10:59Z,90.5272,0.379338,0.379625,0.000287,in_band
2026-06-30T20:11:00Z,90.5318,0.379127,0.379414,0.000287,in_band
2026-06-30T20:11:59Z,90.6004,0.366902,0.367180,0.000278,in_band
2026-06-30T20:12:00Z,90.6065,0.366698,0.366976,0.000277,in_band
2026-06-30T20:12:59Z,90.6935,0.354874,0.355143,0.000268,in_band
2026-06-30T20:13:00Z,90.6889,0.354677,0.354945,0.000268,in_band
2026-06-30T20:13:59Z,90.7759,0.343240,0.343500,0.000260,in_band
2026-06-30T20:14:00Z,90.7622,0.343049,0.343309,0.000260,in_band
2026-06-30T20:14:59Z,90.8110,0.331987,0.332239,0.000251,in_band
2026-06-30T20:15:00Z,90.8202,0.331803,0.332054,0.000251,in_band
2026-06-30T20:15:59Z,90.8629,0.321104,0.321346,0.000243,in_band
2026-06-30T20:16:00Z,90.8583,0.320925,0.321168,0.000243,in_band
2026-06-30T20:16:59Z,90.9316,0.310577,0.310812,0.000235,in_band
2026-06-30T20:17:00Z,90.9316,0.310404,0.310639,0.000235,in_band
2026-06-30T20:17:59Z,90.9529,0.300395,0.300622,0.000227,in_band
2026-06-30T20:18:02Z,90.9575,0.299894,0.300121,0.000227,in_band
2026-06-30T20:18:59Z,91.0170,0.290547,0.290766,0.000220,in_band
2026-06-30T20:19:00Z,91.0185,0.290385,0.290605,0.000220,in_band
2026-06-30T20:19:59Z,91.0811,0.281021,0.281234,0.000213,in_band
2026-06-30T20:20:00Z,91.0735,0.280865,0.281078,0.000213,in_band
2026-06-30T20:20:59Z,91.1238,0.271808,0.272014,0.000206,in_band
2026-06-30T20:21:00Z,91.1101,0.271657,0.271863,0.000206,in_band
2026-06-30T20:21:59Z,91.1635,0.262897,0.263096,0.000199,in_band
2026-06-30T20:22:00Z,91.1742,0.262751,0.262950,0.000199,in_band
2026-06-30T20:22:59Z,91.1650,0.254279,0.254471,0.000192,in_band
2026-06-30T20:23:00Z,91.1360,0.254137,0.254330,0.000192,in_band
2026-06-30T20:23:59Z,91.2001,0.245942,0.246128,0.000186,in_band
2026-06-30T20:24:00Z,91.1772,0.245806,0.245992,0.000186,in_band
2026-06-30T20:24:59Z,91.2184,0.237879,0.238059,0.000180,in_band
2026-06-30T20:25:00Z,91.2047,0.237747,0.237927,0.000180,in_band
2026-06-30T20:25:59Z,91.2047,0.230081,0.230255,0.000174,in_band
2026-06-30T20:26:00Z,91.2337,0.229953,0.230127,0.000174,in_band
2026-06-30T20:26:59Z,91.2596,0.222538,0.222706,0.000168,in_band
2026-06-30T20:27:00Z,91.2337,0.222414,0.222582,0.000168,in_band
2026-06-30T20:27:59Z,91.2657,0.215242,0.215405,0.000163,in_band
2026-06-30T20:28:00Z,91.2825,0.215123,0.215285,0.000163,in_band
2026-06-30T20:28:58Z,91.3054,0.208301,0.208459,0.000158,in_band
2026-06-30T20:29:00Z,91.3161,0.208070,0.208227,0.000157,in_band
2026-06-30T20:29:59Z,91.3054,0.201360,0.201513,0.000152,in_band
2026-06-30T20:30:00Z,91.3161,0.201248,0.201401,0.000152,in_band
2026-06-30T20:30:59Z,91.3420,0.194759,0.194907,0.000147,in_band
2026-06-30T20:31:01Z,91.3329,0.194543,0.194690,0.000147,in_band
2026-06-30T20:31:59Z,91.3985,0.188374,0.188517,0.000143,in_band
2026-06-30T20:32:02Z,91.3985,0.188060,0.188203,0.000142,in_band
2026-06-30T20:32:59Z,91.4977,0.182198,0.182336,0.000138,in_band
2026-06-30T20:33:10Z,91.5206,0.181089,0.172555,-0.008533,above_band_high
2026-06-30T20:33:31Z,91.4839,0.178127,0.179713,0.001586,in_band
2026-06-30T20:35:30Z,91.6915,0.112089,0.094107,-0.017982,above_band_high
2026-06-30T20:35:50Z,91.6548,0.098626,0.107925,0.009299,above_band_high
2026-06-30T20:36:00Z,91.7235,0.097571,0.077548,-0.020023,above_band_high
2026-06-30T20:36:21Z,91.6899,0.078720,0.089204,0.010484,above_band_high
2026-06-30T20:37:34Z,91.8288,0.033179,0.016646,-0.016534,above_band_high
2026-06-30T20:37:44Z,91.7815,0.023126,0.034540,0.011414,above_band_high
2026-06-30T20:38:04Z,91.8517,0.005904,0.000000,-0.005904,above_band_high
2026-06-30T20:38:06Z,91.8105,0.005391,0.016718,0.011327,above_band_high
2026-06-30T20:39:00Z,91.9188,0.000000,0.000000,0.000000,above_band_high
2026-06-30T20:40:00Z,91.9844,0.000000,0.000000,0.000000,above_band_high
2026-06-30T20:41:00Z,92.0470,0.000000,0.000000,0.000000,above_band_high
2026-06-30T20:42:00Z,92.1401,0.000000,0.000000,0.000000,above_band_high
2026-06-30T20:43:00Z,92.1859,0.000000,0.000000,0.000000,above_band_high
2026-06-30T20:44:00Z,92.2301,0.000000,0.000000,0.000000,above_band_high
2026-06-30T20:45:00Z,92.3095,0.000000,0.000000,0.000000,above_band_high
2026-06-30T20:46:00Z,92.3674,0.000000,0.000000,0.000000,above_band_high
2026-06-30T20:47:00Z,92.3903,0.000000,0.000000,0.000000,above_band_high
2026-06-30T20:48:00Z,92.4544,0.000000,0.000000,0.000000,above_band_high
2026-06-30T20:49:00Z,92.4681,0.000000,0.000000,0.000000,above_band_high
2026-06-30T20:50:00Z,92.4636,0.000000,0.000000,0.000000,above_band_high
2026-06-30T20:51:00Z,92.5063,0.000000,0.000000,0.000000,above_band_high
2026-06-30T20:52:00Z,92.5231,0.000000,0.000000,0.000000,above_band_high
2026-06-30T20:53:00Z,92.5383,0.000000,0.000000,0.000000,above_band_high
2026-06-30T20:54:00Z,92.5658,0.000000,0.000000,0.000000,above_band_high
2026-06-30T20:55:00Z,92.5139,0.000000,0.000000,0.000000,above_band_high
2026-06-30T20:56:00Z,92.5963,0.000000,0.000000,0.000000,above_band_high
2026-06-30T20:57:00Z,92.5597,0.000000,0.000000,0.000000,above_band_high
2026-06-30T20:58:00Z,92.5597,0.000000,0.000000,0.000000,above_band_high
2026-06-30T20:59:00Z,92.5612,0.000000,0.000000,0.000000,above_band_high
2026-06-30T21:00:00Z,92.5795,0.000000,0.000000,0.000000,above_band_high
2026-06-30T21:01:00Z,92.6024,0.000000,0.000000,0.000000,above_band_high
2026-06-30T21:02:00Z,92.6375,0.000000,0.000000,0.000000,above_band_high
2026-06-30T21:03:00Z,92.5978,0.000000,0.000000,0.000000,above_band_high
2026-06-30T21:04:00Z,92.6009,0.000000,0.000000,0.000000,above_band_high
2026-06-30T21:05:00Z,92.6299,0.000000,0.000000,0.000000,above_band_high
2026-06-30T21:06:00Z,92.6238,0.000000,0.000000,0.000000,above_band_high
2026-06-30T21:07:00Z,92.6467,0.000000,0.000000,0.000000,above_band_high
2026-06-30T21:08:00Z,92.6528,0.000000,0.000000,0.000000,above_band_high
2026-06-30T21:09:00Z,92.6558,0.000000,0.000000,0.000000,above_band_high
2026-06-30T21:10:00Z,92.6741,0.000000,0.000000,0.000000,above_band_high
2026-06-30T21:11:00Z,92.6802,0.000000,0.000000,0.000000,above_band_high
2026-06-30T21:12:00Z,92.6925,0.000000,0.000000,0.000000,above_band_high
2026-06-30T21:13:00Z,92.7031,0.000000,0.000000,0.000000,above_band_high
2026-06-30T21:14:00Z,92.7382,0.000000,0.000000,0.000000,above_band_high
2026-06-30T21:15:00Z,92.6940,0.000000,0.000000,0.000000,above_band_high
2026-06-30T21:16:00Z,92.6513,0.000000,0.000000,0.000000,above_band_high
2026-06-30T21:17:00Z,92.6787,0.000000,0.000000,0.000000,above_band_high
2026-06-30T21:18:00Z,92.6299,0.000000,0.000000,0.000000,above_band_high
2026-06-30T21:19:00Z,92.6345,0.000000,0.000000,0.000000,above_band_high
2026-06-30T21:20:00Z,92.5505,0.000000,0.000000,0.000000,above_band_high
2026-06-30T21:21:00Z,92.5505,0.000000,0.000000,0.000000,above_band_high
2026-06-30T21:22:00Z,92.5460,0.000000,0.000000,0.000000,above_band_high
2026-06-30T21:23:00Z,92.4880,0.000000,0.000000,0.000000,above_band_high
2026-06-30T21:24:00Z,92.4910,0.000000,0.000000,0.000000,above_band_high
2026-06-30T21:25:00Z,92.4819,0.000000,0.000000,0.000000,above_band_high
2026-06-30T21:26:00Z,92.4590,0.000000,0.000000,0.000000,above_band_high
2026-06-30T21:27:00Z,92.4636,0.000000,0.000000,0.000000,above_band_high
2026-06-30T21:28:00Z,92.4788,0.000000,0.000000,0.000000,above_band_high
2026-06-30T21:29:00Z,92.4315,0.000000,0.000000,0.000000,above_band_high
2026-06-30T21:30:00Z,92.4468,0.000000,0.000000,0.000000,above_band_high
2026-06-30T21:31:00Z,92.5231,0.000000,0.000000,0.000000,above_band_high
2026-06-30T21:32:00Z,92.4743,0.000000,0.000000,0.000000,above_band_high
2026-06-30T21:33:00Z,92.5292,0.000000,0.000000,0.000000,above_band_high
2026-06-30T21:34:00Z,92.5643,0.000000,0.000000,0.000000,above_band_high
2026-06-30T21:35:00Z,92.6055,0.000000,0.000000,0.000000,above_band_high
2026-06-30T21:36:00Z,92.6101,0.000000,0.000000,0.000000,above_band_high
2026-06-30T21:37:00Z,92.6604,0.000000,0.000000,0.000000,above_band_high
2026-06-30T21:38:00Z,92.6925,0.000000,0.000000,0.000000,above_band_high
2026-06-30T21:39:00Z,92.7199,0.000000,0.000000,0.000000,above_band_high
2026-06-30T21:40:00Z,92.7077,0.000000,0.000000,0.000000,above_band_high
2026-06-30T21:41:00Z,92.7565,0.000000,0.000000,0.000000,above_band_high
2026-06-30T21:42:00Z,92.7764,0.000000,0.000000,0.000000,above_band_high
2026-06-30T21:43:00Z,92.7947,0.000000,0.000000,0.000000,above_band_high
2026-06-30T21:44:00Z,92.7657,0.000000,0.000000,0.000000,above_band_high
2026-06-30T21:45:00Z,92.8069,0.000000,0.000000,0.000000,above_band_high
2026-06-30T21:46:00Z,92.7886,0.000000,0.000000,0.000000,above_band_high
2026-06-30T21:47:00Z,92.7352,0.000000,0.000000,0.000000,above_band_high
2026-06-30T21:48:00Z,92.7382,0.000000,0.000000,0.000000,above_band_high
2026-06-30T21:49:00Z,92.7245,0.000000,0.000000,0.000000,above_band_high
2026-06-30T21:50:00Z,92.6879,0.000000,0.000000,0.000000,above_band_high
2026-06-30T21:51:00Z,92.6802,0.000000,0.000000,0.000000,above_band_high
2026-06-30T21:52:00Z,92.6665,0.000000,0.000000,0.000000,above_band_high
2026-06-30T21:53:00Z,92.6650,0.000000,0.000000,0.000000,above_band_high
2026-06-30T21:54:00Z,92.6513,0.000000,0.000000,0.000000,above_band_high
2026-06-30T21:55:00Z,92.6604,0.000000,0.000000,0.000000,above_band_high
2026-06-30T21:56:00Z,92.6757,0.000000,0.000000,0.000000,above_band_high
2026-06-30T21:57:00Z,92.7031,0.000000,0.000000,0.000000,above_band_high
2026-06-30T21:58:00Z,92.6757,0.000000,0.000000,0.000000,above_band_high
2026-06-30T21:59:00Z,92.6665,0.000000,0.000000,0.000000,above_band_high
2026-06-30T22:00:00Z,92.6940,0.000000,0.000000,0.000000,above_band_high
2026-06-30T22:01:00Z,92.6238,0.000000,0.000000,0.000000,above_band_high
2026-06-30T22:02:00Z,92.6284,0.000000,0.000000,0.000000,above_band_high
2026-06-30T22:03:00Z,92.5978,0.000000,0.000000,0.000000,above_band_high
2026-06-30T22:04:00Z,92.5750,0.000000,0.000000,0.000000,above_band_high
2026-06-30T22:05:00Z,92.5383,0.000000,0.000000,0.000000,above_band_high
2026-06-30T22:06:00Z,92.5429,0.000000,0.000000,0.000000,above_band_high
2026-06-30T22:07:00Z,92.4971,0.000000,0.000000,0.000000,above_band_high
2026-06-30T22:08:00Z,92.4956,0.000000,0.000000,0.000000,above_band_high
2026-06-30T22:09:00Z,92.4697,0.000000,0.000000,0.000000,above_band_high
2026-06-30T22:10:00Z,92.4910,0.000000,0.000000,0.000000,above_band_high
2026-06-30T22:11:00Z,92.4636,0.000000,0.000000,0.000000,above_band_high
2026-06-30T22:12:00Z,92.4498,0.000000,0.000000,0.000000,above_band_high
2026-06-30T22:13:00Z,92.4422,0.000000,0.000000,0.000000,above_band_high
2026-06-30T22:14:00Z,92.4224,0.000000,0.000000,0.000000,above_band_high
2026-06-30T22:15:00Z,92.3720,0.000000,0.000000,0.000000,above_band_high
2026-06-30T22:16:00Z,92.3095,0.000000,0.000000,0.000000,above_band_high
2026-06-30T22:17:00Z,92.3186,0.000000,0.000000,0.000000,above_band_high
2026-06-30T22:18:00Z,92.2728,0.000000,0.000000,0.000000,above_band_high
2026-06-30T22:19:00Z,92.2087,0.000000,0.000000,0.000000,above_band_high
2026-06-30T22:20:00Z,92.1492,0.000000,0.000000,0.000000,above_band_high
2026-06-30T22:21:00Z,92.0989,0.000000,0.000000,0.000000,above_band_high
2026-06-30T22:22:00Z,92.0699,0.000000,0.000000,0.000000,above_band_high
2026-06-30T22:23:00Z,92.0470,0.000000,0.000000,0.000000,above_band_high
2026-06-30T22:24:00Z,91.9890,0.000000,0.000000,0.000000,above_band_high
2026-06-30T22:25:00Z,91.9203,0.000000,0.000000,0.000000,above_band_high
2026-06-30T22:26:00Z,91.8791,0.000000,0.000000,0.000000,above_band_high
2026-06-30T22:27:00Z,91.8608,0.000000,0.000000,0.000000,above_band_high
2026-06-30T22:28:00Z,91.8318,0.000000,0.000000,0.000000,above_band_high
2026-06-30T22:29:00Z,91.7906,0.000000,0.000000,0.000000,above_band_high
2026-06-30T22:30:00Z,91.7510,0.000000,0.000000,0.000000,above_band_high
2026-06-30T22:31:00Z,91.6854,0.000000,0.000000,0.000000,above_band_high
2026-06-30T22:32:00Z,91.6869,0.000000,0.000000,0.000000,above_band_high
2026-06-30T22:33:00Z,91.6457,0.000000,0.000000,0.000000,above_band_high
2026-06-30T22:34:00Z,91.5770,0.000000,0.000000,0.000000,above_band_high
2026-06-30T22:34:42Z,91.5129,0.000000,0.000800,0.000800,above_band_high
2026-06-30T22:35:00Z,91.5206,0.000000,0.000000,0.000000,above_band_high
2026-06-30T22:35:44Z,91.4931,0.000000,0.003593,0.003593,in_band
2026-06-30T22:36:01Z,91.4977,0.000000,0.002845,0.002845,in_band
2026-06-30T22:36:03Z,91.5084,0.002036,0.000000,-0.002036,above_band_high
2026-06-30T22:37:51Z,91.4717,0.000515,0.000500,-0.000016,in_band
2026-06-30T22:37:59Z,91.4580,0.000451,0.000438,-0.000014,in_band
2026-06-30T22:38:00Z,91.4397,0.000444,0.000431,-0.000013,in_band
2026-06-30T22:38:59Z,91.4519,0.000167,0.000162,-0.000005,in_band
2026-06-30T22:39:00Z,91.4443,0.000165,0.000160,-0.000005,in_band
2026-06-30T22:39:59Z,91.3985,0.000062,0.000060,-0.000002,in_band
2026-06-30T22:40:00Z,91.3893,0.000061,0.000059,-0.000002,in_band
2026-06-30T22:40:59Z,91.3466,0.000023,0.000022,-0.000001,in_band
2026-06-30T22:41:00Z,91.3466,0.000023,0.000022,-0.000001,in_band
2026-06-30T22:41:59Z,91.3527,0.000009,0.000008,-0.000000,in_band
2026-06-30T22:42:00Z,91.3466,0.000008,0.000008,-0.000000,in_band
2026-06-30T22:42:59Z,91.3191,0.000003,0.000003,-0.000000,in_band
2026-06-30T22:43:00Z,91.2886,0.000003,0.000003,-0.000000,in_band
2026-06-30T22:43:59Z,91.3191,0.000001,0.000001,-0.000000,in_band
2026-06-30T22:44:00Z,91.3008,0.000001,0.000001,-0.000000,in_band
2026-06-30T22:44:59Z,91.3069,0.000000,0.000000,-0.000000,in_band
2026-06-30T22:45:00Z,91.3115,0.000000,0.000000,-0.000000,in_band
2026-06-30T22:45:59Z,91.3008,0.000000,0.000000,-0.000000,in_band
2026-06-30T22:46:00Z,91.3069,0.000000,0.000000,-0.000000,in_band
2026-06-30T22:46:59Z,91.2688,0.000000,0.000000,-0.000000,in_band
2026-06-30T22:47:00Z,91.3008,0.000000,0.000000,-0.000000,in_band
2026-06-30T22:47:59Z,91.2871,0.000000,0.000000,-0.000000,in_band
2026-06-30T22:48:00Z,91.2703,0.000000,0.000000,-0.000000,in_band
2026-06-30T22:48:59Z,91.2886,0.000000,0.000000,-0.000000,in_band
2026-06-30T22:49:00Z,91.2642,0.000000,0.000000,-0.000000,in_band
2026-06-30T22:49:59Z,91.2886,0.000000,0.000000,-0.000000,in_band
2026-06-30T22:50:00Z,91.2749,0.000000,0.000000,-0.000000,in_band
2026-06-30T22:50:59Z,91.2749,0.000000,0.000000,-0.000000,in_band
2026-06-30T22:51:00Z,91.2886,0.000000,0.000000,-0.000000,in_band
2026-06-30T22:51:59Z,91.3191,0.000000,0.000000,-0.000000,in_band
2026-06-30T22:52:00Z,91.2932,0.000000,0.000000,-0.000000,in_band
2026-06-30T22:52:59Z,91.2642,0.000000,0.000000,-0.000000,in_band
2026-06-30T22:53:00Z,91.2963,0.000000,0.000000,-0.000000,in_band
2026-06-30T22:53:59Z,91.3008,0.000000,0.000000,-0.000000,in_band
2026-06-30T22:54:00Z,91.2734,0.000000,0.000000,-0.000000,in_band
2026-06-30T22:54:59Z,91.2688,0.000000,0.000000,-0.000000,in_band
2026-06-30T22:55:00Z,91.2886,0.000000,0.000000,-0.000000,in_band
2026-06-30T22:55:59Z,91.2612,0.000000,0.000000,-0.000000,in_band
2026-06-30T22:56:00Z,91.2703,0.000000,0.000000,-0.000000,in_band
2026-06-30T22:56:59Z,91.3054,0.000000,0.000000,-0.000000,in_band
2026-06-30T22:57:00Z,91.2703,0.000000,0.000000,-0.000000,in_band
2026-06-30T22:57:59Z,91.3161,0.000000,0.000000,-0.000000,in_band
2026-06-30T22:58:00Z,91.2840,0.000000,0.000000,-0.000000,in_band
2026-06-30T22:58:59Z,91.2886,0.000000,0.000000,-0.000000,in_band
2026-06-30T22:59:00Z,91.2978,0.000000,0.000000,-0.000000,in_band
2026-06-30T22:59:59Z,91.3237,0.000000,0.000000,-0.000000,in_band
2026-06-30T23:00:00Z,91.2886,0.000000,0.000000,-0.000000,in_band
2026-06-30T23:00:59Z,91.2505,0.000000,0.000000,-0.000000,in_band
2026-06-30T23:01:00Z,91.2734,0.000000,0.000000,-0.000000,in_band
2026-06-30T23:01:59Z,91.2291,0.000000,0.000000,-0.000000,in_band
2026-06-30T23:02:00Z,91.2245,0.000000,0.000000,-0.000000,in_band
2026-06-30T23:02:59Z,91.1604,0.000000,0.000000,-0.000000,in_band
2026-06-30T23:03:00Z,91.2230,0.000000,0.000000,-0.000000,in_band
2026-06-30T23:03:59Z,91.1696,0.000000,0.000000,-0.000000,in_band
2026-06-30T23:04:00Z,91.1788,0.000000,0.000000,-0.000000,in_band
2026-06-30T23:04:59Z,91.1315,0.000000,0.000000,-0.000000,in_band
2026-06-30T23:05:00Z,91.1223,0.000000,0.000000,-0.000000,in_band
2026-06-30T23:05:59Z,91.1559,0.000000,0.000000,-0.000000,in_band
2026-06-30T23:06:00Z,91.0994,0.000000,0.000000,-0.000000,in_band
2026-06-30T23:06:59Z,91.1269,0.000000,0.000000,-0.000000,in_band
2026-06-30T23:07:00Z,91.1040,0.000000,0.000000,-0.000000,in_band
2026-06-30T23:07:59Z,91.1330,0.000000,0.000000,-0.000000,in_band
2026-06-30T23:08:00Z,91.1223,0.000000,0.000000,-0.000000,in_band
2026-06-30T23:08:59Z,91.1269,0.000000,0.000000,-0.000000,in_band
2026-06-30T23:09:00Z,91.1559,0.000000,0.000000,-0.000000,in_band
2026-06-30T23:09:59Z,91.1421,0.000000,0.000000,-0.000000,in_band
2026-06-30T23:10:00Z,91.1192,0.000000,0.000000,-0.000000,in_band
2026-06-30T23:10:59Z,91.1559,0.000000,0.000000,-0.000000,in_band
2026-06-30T23:11:00Z,91.1223,0.000000,0.000000,-0.000000,in_band
2026-06-30T23:11:59Z,91.1421,0.000000,0.000000,-0.000000,in_band
2026-06-30T23:12:00Z,91.1269,0.000000,0.000000,-0.000000,in_band
2026-06-30T23:12:59Z,91.1131,0.000000,0.000000,-0.000000,in_band
2026-06-30T23:13:00Z,91.1147,0.000000,0.000000,-0.000000,in_band
2026-06-30T23:13:59Z,91.1147,0.000000,0.000000,-0.000000,in_band
2026-06-30T23:14:00Z,91.1223,0.000000,0.000000,-0.000000,in_band
2026-06-30T23:14:59Z,91.1147,0.000000,0.000000,-0.000000,in_band
2026-06-30T23:15:00Z,91.1131,0.000000,0.000000,-0.000000,in_band
2026-06-30T23:15:59Z,91.1147,0.000000,0.000000,-0.000000,in_band
2026-06-30T23:16:00Z,91.1131,0.000000,0.000000,-0.000000,in_band
2026-06-30T23:16:59Z,91.1147,0.000000,0.000000,-0.000000,in_band
2026-06-30T23:17:00Z,91.0994,0.000000,0.000000,-0.000000,in_band
2026-06-30T23:17:59Z,91.1269,0.000000,0.000000,-0.000000,in_band
2026-06-30T23:18:00Z,91.1315,0.000000,0.000000,-0.000000,in_band
2026-06-30T23:18:59Z,91.1147,0.000000,0.000000,-0.000000,in_band
2026-06-30T23:19:00Z,91.0964,0.000000,0.000000,-0.000000,in_band
2026-06-30T23:19:59Z,91.1421,0.000000,0.000000,-0.000000,in_band
2026-06-30T23:20:00Z,91.1101,0.000000,0.000000,-0.000000,in_band
2026-06-30T23:20:59Z,91.1223,0.000000,0.000000,-0.000000,in_band
2026-06-30T23:21:00Z,91.1360,0.000000,0.000000,-0.000000,in_band
2026-06-30T23:21:59Z,91.1269,0.000000,0.000000,-0.000000,in_band
2026-06-30T23:22:00Z,91.0689,0.000000,0.000000,-0.000000,in_band
2026-06-30T23:22:59Z,91.1330,0.000000,0.000000,-0.000000,in_band
2026-06-30T23:23:00Z,91.1315,0.000000,0.000000,-0.000000,in_band
2026-06-30T23:23:59Z,91.1467,0.000000,0.000000,-0.000000,in_band
2026-06-30T23:24:00Z,91.1543,0.000000,0.000000,-0.000000,in_band
2026-06-30T23:24:59Z,91.1421,0.000000,0.000000,-0.000000,in_band
2026-06-30T23:25:00Z,91.1650,0.000000,0.000000,-0.000000,in_band
2026-06-30T23:25:59Z,91.1788,0.000000,0.000000,-0.000000,in_band
2026-06-30T23:26:00Z,91.2016,0.000000,0.000000,-0.000000,in_band
2026-06-30T23:26:59Z,91.2505,0.000000,0.000000,-0.000000,in_band
2026-06-30T23:27:00Z,91.1864,0.000000,0.000000,-0.000000,in_band
2026-06-30T23:27:59Z,91.1971,0.000000,0.000000,-0.000000,in_band
2026-06-30T23:28:00Z,91.2108,0.000000,0.000000,-0.000000,in_band
2026-06-30T23:28:59Z,91.2047,0.000000,0.000000,-0.000000,in_band
2026-06-30T23:29:00Z,91.2245,0.000000,0.000000,-0.000000,in_band
2026-06-30T23:29:59Z,91.2642,0.000000,0.000000,-0.000000,in_band
2026-06-30T23:30:00Z,91.2703,0.000000,0.000000,-0.000000,in_band
2026-06-30T23:30:59Z,91.2779,0.000000,0.000000,-0.000000,in_band
2026-06-30T23:31:00Z,91.2779,0.000000,0.000000,-0.000000,in_band
2026-06-30T23:31:59Z,91.3283,0.000000,0.000000,-0.000000,in_band
2026-06-30T23:32:00Z,91.2978,0.000000,0.000000,-0.000000,in_band
2026-06-30T23:32:59Z,91.3420,0.000000,0.000000,-0.000000,in_band
2026-06-30T23:33:00Z,91.3207,0.000000,0.000000,-0.000000,in_band
2026-06-30T23:33:59Z,91.3802,0.000000,0.000000,-0.000000,in_band
2026-06-30T23:34:00Z,91.3481,0.000000,0.000000,-0.000000,in_band
2026-06-30T23:34:59Z,91.3802,0.000000,0.000000,-0.000000,in_band
2026-06-30T23:35:00Z,91.3619,0.000000,0.000000,-0.000000,in_band
2026-06-30T23:35:59Z,91.3603,0.000000,0.000000,-0.000000,in_band
2026-06-30T23:36:00Z,91.3573,0.000000,0.000000,-0.000000,in_band
2026-06-30T23:36:59Z,91.3207,0.000000,0.000000,-0.000000,in_band
2026-06-30T23:37:00Z,91.3420,0.000000,0.000000,-0.000000,in_band
2026-06-30T23:37:59Z,91.3573,0.000000,0.000000,-0.000000,in_band
2026-06-30T23:38:00Z,91.3344,0.000000,0.000000,-0.000000,in_band
2026-06-30T23:38:59Z,91.3527,0.000000,0.000000,-0.000000,in_band
2026-06-30T23:39:00Z,91.3344,0.000000,0.000000,-0.000000,in_band
2026-06-30T23:39:59Z,91.3619,0.000000,0.000000,-0.000000,in_band
2026-06-30T23:40:00Z,91.3695,0.000000,0.000000,-0.000000,in_band
2026-06-30T23:40:59Z,91.3619,0.000000,0.000000,-0.000000,in_band
2026-06-30T23:41:00Z,91.3664,0.000000,0.000000,-0.000000,in_band
2026-06-30T23:41:59Z,91.3802,0.000000,0.000000,-0.000000,in_band
2026-06-30T23:42:00Z,91.4061,0.000000,0.000000,-0.000000,in_band
2026-06-30T23:42:59Z,91.4290,0.000000,0.000000,-0.000000,in_band
2026-06-30T23:43:00Z,91.4427,0.000000,0.000000,-0.000000,in_band
2026-06-30T23:43:59Z,91.4900,0.000000,0.000000,-0.000000,in_band
2026-06-30T23:44:10Z,91.5023,0.000000,0.000000,-0.000000,above_band_high
2026-06-30T23:44:13Z,91.5084,0.000000,0.000000,0.000000,above_band_high
2026-06-30T23:46:13Z,91.5816,0.000000,0.000000,0.000000,above_band_high
2026-06-30T23:47:00Z,91.5846,0.000000,0.000000,0.000000,above_band_high
2026-06-30T23:48:00Z,91.6213,0.000000,0.000000,0.000000,above_band_high
2026-06-30T23:49:00Z,91.6533,0.000000,0.000000,0.000000,above_band_high
2026-06-30T23:50:00Z,91.6945,0.000000,0.000000,0.000000,above_band_high
2026-06-30T23:51:00Z,91.7678,0.000000,0.000000,0.000000,above_band_high
2026-06-30T23:52:00Z,91.8105,0.000000,0.000000,0.000000,above_band_high
2026-06-30T23:53:00Z,91.8654,0.000000,0.000000,0.000000,above_band_high
2026-06-30T23:54:00Z,91.8746,0.000000,0.000000,0.000000,above_band_high
2026-06-30T23:55:00Z,91.9295,0.000000,0.000000,0.000000,above_band_high
2026-06-30T23:56:00Z,91.9203,0.000000,0.000000,0.000000,above_band_high
2026-06-30T23:57:00Z,91.9417,0.000000,0.000000,0.000000,above_band_high
2026-06-30T23:58:00Z,91.9753,0.000000,0.000000,0.000000,above_band_high
2026-06-30T23:59:00Z,91.9921,0.000000,0.000000,0.000000,above_band_high
2026-07-01T00:00:00Z,92.0333,0.000000,0.000000,0.000000,above_band_high
2026-07-01T00:01:00Z,92.0485,0.000000,0.000000,0.000000,above_band_high
2026-07-01T00:02:00Z,92.1126,0.000000,0.000000,0.000000,above_band_high
2026-07-01T00:03:00Z,92.1218,0.000000,0.000000,0.000000,above_band_high
2026-07-01T00:04:00Z,92.2026,0.000000,0.000000,0.000000,above_band_high
2026-07-01T00:05:00Z,92.2087,0.000000,0.000000,0.000000,above_band_high
2026-07-01T00:06:00Z,92.2621,0.000000,0.000000,0.000000,above_band_high
2026-07-01T00:07:00Z,92.2499,0.000000,0.000000,0.000000,above_band_high
2026-07-01T00:08:00Z,92.3095,0.000000,0.000000,0.000000,above_band_high
2026-07-01T00:09:00Z,92.3049,0.000000,0.000000,0.000000,above_band_high
2026-07-01T00:10:00Z,92.3369,0.000000,0.000000,0.000000,above_band_high
2026-07-01T00:11:00Z,92.3461,0.000000,0.000000,0.000000,above_band_high
2026-07-01T00:12:00Z,92.3735,0.000000,0.000000,0.000000,above_band_high
2026-07-01T00:13:00Z,92.3919,0.000000,0.000000,0.000000,above_band_high
2026-07-01T00:14:00Z,92.3919,0.000000,0.000000,0.000000,above_band_high
2026-07-01T00:15:00Z,92.3949,0.000000,0.000000,0.000000,above_band_high
2026-07-01T00:16:00Z,92.3781,0.000000,0.000000,0.000000,above_band_high
2026-07-01T00:17:00Z,92.4102,0.000000,0.000000,0.000000,above_band_high
2026-07-01T00:18:00Z,92.4178,0.000000,0.000000,0.000000,above_band_high
2026-07-01T00:19:00Z,92.4544,0.000000,0.000000,0.000000,above_band_high
2026-07-01T00:20:00Z,92.4865,0.000000,0.000000,0.000000,above_band_high
2026-07-01T00:21:00Z,92.4956,0.000000,0.000000,0.000000,above_band_high
2026-07-01T00:22:00Z,92.4865,0.000000,0.000000,0.000000,above_band_high
2026-07-01T00:23:00Z,92.4910,0.000000,0.000000,0.000000,above_band_high
2026-07-01T00:24:00Z,92.5093,0.000000,0.000000,0.000000,above_band_high
2026-07-01T00:25:00Z,92.5246,0.000000,0.000000,0.000000,above_band_high
2026-07-01T00:26:00Z,92.5322,0.000000,0.000000,0.000000,above_band_high
2026-07-01T00:27:00Z,92.5246,0.000000,0.000000,0.000000,above_band_high
2026-07-01T00:28:00Z,92.5139,0.000000,0.000000,0.000000,above_band_high
2026-07-01T00:29:00Z,92.5277,0.000000,0.000000,0.000000,above_band_high
2026-07-01T00:30:00Z,92.5566,0.000000,0.000000,0.000000,above_band_high
2026-07-01T00:31:00Z,92.5551,0.000000,0.000000,0.000000,above_band_high
2026-07-01T00:32:00Z,92.5475,0.000000,0.000000,0.000000,above_band_high
2026-07-01T00:33:00Z,92.5246,0.000000,0.000000,0.000000,above_band_high
2026-07-01T00:34:00Z,92.5612,0.000000,0.000000,0.000000,above_band_high
2026-07-01T00:35:00Z,92.5689,0.000000,0.000000,0.000000,above_band_high
2026-07-01T00:36:00Z,92.5750,0.000000,0.000000,0.000000,above_band_high
2026-07-01T00:37:00Z,92.5551,0.000000,0.000000,0.000000,above_band_high
2026-07-01T00:38:00Z,92.5750,0.000000,0.000000,0.000000,above_band_high
2026-07-01T00:39:00Z,92.5963,0.000000,0.000000,0.000000,above_band_high
2026-07-01T00:40:00Z,92.5963,0.000000,0.000000,0.000000,above_band_high
2026-07-01T00:41:00Z,92.6192,0.000000,0.000000,0.000000,above_band_high
2026-07-01T00:42:00Z,92.5887,0.000000,0.000000,0.000000,above_band_high
2026-07-01T00:43:00Z,92.6238,0.000000,0.000000,0.000000,above_band_high
2026-07-01T00:44:00Z,92.6162,0.000000,0.000000,0.000000,above_band_high
2026-07-01T00:45:00Z,92.5963,0.000000,0.000000,0.000000,above_band_high
2026-07-01T00:46:00Z,92.6421,0.000000,0.000000,0.000000,above_band_high
2026-07-01T00:47:00Z,92.6024,0.000000,0.000000,0.000000,above_band_high
2026-07-01T00:48:00Z,92.6055,0.000000,0.000000,0.000000,above_band_high
2026-07-01T00:49:00Z,92.6528,0.000000,0.000000,0.000000,above_band_high
2026-07-01T00:50:00Z,92.6299,0.000000,0.000000,0.000000,above_band_high
2026-07-01T00:51:00Z,92.6253,0.000000,0.000000,0.000000,above_band_high
2026-07-01T00:52:00Z,92.6162,0.000000,0.000000,0.000000,above_band_high
2026-07-01T00:53:00Z,92.6253,0.000000,0.000000,0.000000,above_band_high
2026-07-01T00:54:00Z,92.6513,0.000000,0.000000,0.000000,above_band_high
2026-07-01T00:55:00Z,92.6665,0.000000,0.000000,0.000000,above_band_high
2026-07-01T00:56:00Z,92.6436,0.000000,0.000000,0.000000,above_band_high
2026-07-01T00:57:00Z,92.6482,0.000000,0.000000,0.000000,above_band_high
2026-07-01T00:58:00Z,92.6436,0.000000,0.000000,0.000000,above_band_high
2026-07-01T00:59:00Z,92.6711,0.000000,0.000000,0.000000,above_band_high
2026-07-01T01:00:00Z,92.6574,0.000000,0.000000,0.000000,above_band_high
2026-07-01T01:01:00Z,92.6574,0.000000,0.000000,0.000000,above_band_high
2026-07-01T01:02:00Z,92.6528,0.000000,0.000000,0.000000,above_band_high
2026-07-01T01:03:00Z,92.6741,0.000000,0.000000,0.000000,above_band_high
2026-07-01T01:04:00Z,92.6650,0.000000,0.000000,0.000000,above_band_high
2026-07-01T01:05:00Z,92.6787,0.000000,0.000000,0.000000,above_band_high
2026-07-01T01:06:00Z,92.6741,0.000000,0.000000,0.000000,above_band_high
2026-07-01T01:07:00Z,92.6574,0.000000,0.000000,0.000000,above_band_high
2026-07-01T01:08:00Z,92.6848,0.000000,0.000000,0.000000,above_band_high
2026-07-01T01:09:00Z,92.6741,0.000000,0.000000,0.000000,above_band_high
2026-07-01T01:10:00Z,92.6787,0.000000,0.000000,0.000000,above_band_high
2026-07-01T01:11:00Z,92.7016,0.000000,0.000000,0.000000,above_band_high
2026-07-01T01:12:00Z,92.6925,0.000000,0.000000,0.000000,above_band_high
2026-07-01T01:13:00Z,92.7153,0.000000,0.000000,0.000000,above_band_high
2026-07-01T01:14:00Z,92.7062,0.000000,0.000000,0.000000,above_band_high
2026-07-01T01:15:00Z,92.7352,0.000000,0.000000,0.000000,above_band_high
2026-07-01T01:16:00Z,92.7428,0.000000,0.000000,0.000000,above_band_high
2026-07-01T01:17:00Z,92.7077,0.000000,0.000000,0.000000,above_band_high
2026-07-01T01:18:00Z,92.7214,0.000000,0.000000,0.000000,above_band_high
2026-07-01T01:19:00Z,92.7657,0.000000,0.000000,0.000000,above_band_high
2026-07-01T01:20:00Z,92.7535,0.000000,0.000000,0.000000,above_band_high
2026-07-01T01:21:00Z,92.7428,0.000000,0.000000,0.000000,above_band_high
2026-07-01T01:22:00Z,92.7794,0.000000,0.000000,0.000000,above_band_high
2026-07-01T01:23:00Z,92.7764,0.000000,0.000000,0.000000,above_band_high
2026-07-01T01:24:00Z,92.7245,0.000000,0.000000,0.000000,above_band_high
2026-07-01T01:25:00Z,92.7810,0.000000,0.000000,0.000000,above_band_high
2026-07-01T01:26:00Z,92.7810,0.000000,0.000000,0.000000,above_band_high
2026-07-01T01:27:00Z,92.8023,0.000000,0.000000,0.000000,above_band_high
2026-07-01T01:28:00Z,92.8161,0.000000,0.000000,0.000000,above_band_high
2026-07-01T01:29:00Z,92.8344,0.000000,0.000000,0.000000,above_band_high
2026-07-01T01:30:00Z,92.8450,0.000000,0.000000,0.000000,above_band_high
2026-07-01T01:31:00Z,92.9000,0.000000,0.000000,0.000000,above_band_high
2026-07-01T01:32:00Z,92.9320,0.000000,0.000000,0.000000,above_band_high
2026-07-01T01:33:00Z,92.9625,0.000000,0.000000,0.000000,above_band_high
2026-07-01T01:34:00Z,92.9168,0.000000,0.000000,0.000000,above_band_high
2026-07-01T01:35:00Z,92.9580,0.000000,0.000000,0.000000,above_band_high
2026-07-01T01:36:00Z,92.9824,0.000000,0.000000,0.000000,above_band_high
2026-07-01T01:37:00Z,92.9961,0.000000,0.000000,0.000000,above_band_high
2026-07-01T01:38:00Z,93.0037,0.000000,0.000000,0.000000,above_band_high
2026-07-01T01:39:00Z,92.9625,0.000000,0.000000,0.000000,above_band_high
2026-07-01T01:40:00Z,93.0098,0.000000,0.000000,0.000000,above_band_high
2026-07-01T01:41:00Z,93.0053,0.000000,0.000000,0.000000,above_band_high
2026-07-01T01:42:00Z,92.9961,0.000000,0.000000,0.000000,above_band_high
2026-07-01T01:43:00Z,93.0404,0.000000,0.000000,0.000000,above_band_high
2026-07-01T01:44:00Z,93.0556,0.000000,0.000000,0.000000,above_band_high
2026-07-01T01:45:00Z,93.0404,0.000000,0.000000,0.000000,above_band_high
2026-07-01T01:46:00Z,93.0907,0.000000,0.000000,0.000000,above_band_high
2026-07-01T01:47:00Z,93.0816,0.000000,0.000000,0.000000,above_band_high
2026-07-01T01:48:00Z,93.0739,0.000000,0.000000,0.000000,above_band_high
2026-07-01T01:49:00Z,93.0999,0.000000,0.000000,0.000000,above_band_high
2026-07-01T01:50:00Z,93.1090,0.000000,0.000000,0.000000,above_band_high
2026-07-01T01:51:00Z,93.1380,0.000000,0.000000,0.000000,above_band_high
2026-07-01T01:52:00Z,93.1411,0.000000,0.000000,0.000000,above_band_high
2026-07-01T01:53:00Z,93.1090,0.000000,0.000000,0.000000,above_band_high
2026-07-01T01:54:00Z,93.1411,0.000000,0.000000,0.000000,above_band_high
2026-07-01T01:55:00Z,93.1380,0.000000,0.000000,0.000000,above_band_high
2026-07-01T01:56:00Z,93.1136,0.000000,0.000000,0.000000,above_band_high
2026-07-01T01:57:00Z,93.1746,0.000000,0.000000,0.000000,above_band_high
2026-07-01T01:58:00Z,93.1640,0.000000,0.000000,0.000000,above_band_high
2026-07-01T01:59:00Z,93.1563,0.000000,0.000000,0.000000,above_band_high
2026-07-01T02:00:00Z,93.1640,0.000000,0.000000,0.000000,above_band_high
2026-07-01T02:01:00Z,93.1411,0.000000,0.000000,0.000000,above_band_high
2026-07-01T02:02:00Z,93.1563,0.000000,0.000000,0.000000,above_band_high
2026-07-01T02:03:00Z,93.1456,0.000000,0.000000,0.000000,above_band_high
2026-07-01T02:04:00Z,93.1334,0.000000,0.000000,0.000000,above_band_high
2026-07-01T02:05:00Z,93.1243,0.000000,0.000000,0.000000,above_band_high
2026-07-01T02:06:00Z,93.1380,0.000000,0.000000,0.000000,above_band_high
2026-07-01T02:07:00Z,93.1472,0.000000,0.000000,0.000000,above_band_high
2026-07-01T02:08:00Z,93.1456,0.000000,0.000000,0.000000,above_band_high
2026-07-01T02:09:00Z,93.1563,0.000000,0.000000,0.000000,above_band_high
2026-07-01T02:10:00Z,93.1823,0.000000,0.000000,0.000000,above_band_high
2026-07-01T02:11:00Z,93.1151,0.000000,0.000000,0.000000,above_band_high
2026-07-01T02:12:00Z,93.1472,0.000000,0.000000,0.000000,above_band_high
2026-07-01T02:13:00Z,93.1151,0.000000,0.000000,0.000000,above_band_high
2026-07-01T02:14:00Z,93.1273,0.000000,0.000000,0.000000,above_band_high
2026-07-01T02:15:00Z,93.1319,0.000000,0.000000,0.000000,above_band_high
2026-07-01T02:16:00Z,93.1319,0.000000,0.000000,0.000000,above_band_high
2026-07-01T02:17:00Z,93.1518,0.000000,0.000000,0.000000,above_band_high
2026-07-01T02:18:00Z,93.1456,0.000000,0.000000,0.000000,above_band_high
2026-07-01T02:19:00Z,93.1640,0.000000,0.000000,0.000000,above_band_high
2026-07-01T02:20:00Z,93.1640,0.000000,0.000000,0.000000,above_band_high
2026-07-01T02:21:00Z,93.1884,0.000000,0.000000,0.000000,above_band_high
2026-07-01T02:22:00Z,93.1640,0.000000,0.000000,0.000000,above_band_high
2026-07-01T02:23:00Z,93.1685,0.000000,0.000000,0.000000,above_band_high
2026-07-01T02:24:00Z,93.1456,0.000000,0.000000,0.000000,above_band_high
2026-07-01T02:25:00Z,93.1640,0.000000,0.000000,0.000000,above_band_high
2026-07-01T02:26:00Z,93.1640,0.000000,0.000000,0.000000,above_band_high
2026-07-01T02:27:00Z,93.1792,0.000000,0.000000,0.000000,above_band_high
2026-07-01T02:28:00Z,93.2158,0.000000,0.000000,0.000000,above_band_high
2026-07-01T02:29:00Z,93.1914,0.000000,0.000000,0.000000,above_band_high
2026-07-01T02:30:00Z,93.1746,0.000000,0.000000,0.000000,above_band_high
2026-07-01T02:31:00Z,93.1914,0.000000,0.000000,0.000000,above_band_high
2026-07-01T02:32:00Z,93.1884,0.000000,0.000000,0.000000,above_band_high
2026-07-01T02:33:00Z,93.1548,0.000000,0.000000,0.000000,above_band_high
2026-07-01T02:34:00Z,93.1609,0.000000,0.000000,0.000000,above_band_high
2026-07-01T02:35:00Z,93.1609,0.000000,0.000000,0.000000,above_band_high
2026-07-01T02:36:00Z,93.1411,0.000000,0.000000,0.000000,above_band_high
2026-07-01T02:37:00Z,93.1746,0.000000,0.000000,0.000000,above_band_high
2026-07-01T02:38:00Z,93.1472,0.000000,0.000000,0.000000,above_band_high
2026-07-01T02:39:00Z,93.1823,0.000000,0.000000,0.000000,above_band_high
2026-07-01T02:40:00Z,93.1746,0.000000,0.000000,0.000000,above_band_high
2026-07-01T02:41:00Z,93.1380,0.000000,0.000000,0.000000,above_band_high
2026-07-01T02:42:00Z,93.1273,0.000000,0.000000,0.000000,above_band_high
2026-07-01T02:43:00Z,93.1563,0.000000,0.000000,0.000000,above_band_high
2026-07-01T02:44:00Z,93.1563,0.000000,0.000000,0.000000,above_band_high
2026-07-01T02:45:00Z,93.1518,0.000000,0.000000,0.000000,above_band_high
2026-07-01T02:46:00Z,93.1609,0.000000,0.000000,0.000000,above_band_high
2026-07-01T02:47:00Z,93.1228,0.000000,0.000000,0.000000,above_band_high
2026-07-01T02:48:00Z,93.1380,0.000000,0.000000,0.000000,above_band_high
2026-07-01T02:49:00Z,93.1472,0.000000,0.000000,0.000000,above_band_high
2026-07-01T02:50:00Z,93.1792,0.000000,0.000000,0.000000,above_band_high
2026-07-01T02:51:00Z,93.1365,0.000000,0.000000,0.000000,above_band_high
2026-07-01T02:52:00Z,93.1518,0.000000,0.000000,0.000000,above_band_high
2026-07-01T02:53:00Z,93.1380,0.000000,0.000000,0.000000,above_band_high
2026-07-01T02:54:00Z,93.1289,0.000000,0.000000,0.000000,above_band_high
2026-07-01T02:55:00Z,93.1289,0.000000,0.000000,0.000000,above_band_high
2026-07-01T02:56:00Z,93.1456,0.000000,0.000000,0.000000,above_band_high
2026-07-01T02:57:00Z,93.1151,0.000000,0.000000,0.000000,above_band_high
2026-07-01T02:58:00Z,93.1136,0.000000,0.000000,0.000000,above_band_high
2026-07-01T02:59:00Z,93.1273,0.000000,0.000000,0.000000,above_band_high
2026-07-01T03:00:00Z,93.1197,0.000000,0.000000,0.000000,above_band_high
2026-07-01T03:01:00Z,93.1289,0.000000,0.000000,0.000000,above_band_high
2026-07-01T03:02:00Z,93.0877,0.000000,0.000000,0.000000,above_band_high
2026-07-01T03:03:00Z,93.1151,0.000000,0.000000,0.000000,above_band_high
2026-07-01T03:04:00Z,93.1044,0.000000,0.000000,0.000000,above_band_high
2026-07-01T03:05:00Z,93.0724,0.000000,0.000000,0.000000,above_band_high
2026-07-01T03:06:00Z,93.0953,0.000000,0.000000,0.000000,above_band_high
2026-07-01T03:07:00Z,93.1014,0.000000,0.000000,0.000000,above_band_high
2026-07-01T03:08:00Z,93.0556,0.000000,0.000000,0.000000,above_band_high
2026-07-01T03:09:00Z,93.0907,0.000000,0.000000,0.000000,above_band_high
2026-07-01T03:10:00Z,93.1044,0.000000,0.000000,0.000000,above_band_high
2026-07-01T03:11:00Z,93.0953,0.000000,0.000000,0.000000,above_band_high
2026-07-01T03:12:00Z,93.1014,0.000000,0.000000,0.000000,above_band_high
2026-07-01T03:13:00Z,93.0861,0.000000,0.000000,0.000000,above_band_high
2026-07-01T03:14:00Z,93.0770,0.000000,0.000000,0.000000,above_band_high
2026-07-01T03:15:00Z,93.0968,0.000000,0.000000,0.000000,above_band_high
2026-07-01T03:16:00Z,93.0861,0.000000,0.000000,0.000000,above_band_high
2026-07-01T03:17:00Z,93.0953,0.000000,0.000000,0.000000,above_band_high
2026-07-01T03:18:00Z,93.0770,0.000000,0.000000,0.000000,above_band_high
2026-07-01T03:19:00Z,93.1014,0.000000,0.000000,0.000000,above_band_high
2026-07-01T03:20:00Z,93.0785,0.000000,0.000000,0.000000,above_band_high
2026-07-01T03:21:00Z,93.0861,0.000000,0.000000,0.000000,above_band_high
2026-07-01T03:22:00Z,93.1228,0.000000,0.000000,0.000000,above_band_high
2026-07-01T03:23:00Z,93.1044,0.000000,0.000000,0.000000,above_band_high
2026-07-01T03:24:00Z,93.1365,0.000000,0.000000,0.000000,above_band_high
2026-07-01T03:25:00Z,93.1136,0.000000,0.000000,0.000000,above_band_high
2026-07-01T03:26:00Z,93.0968,0.000000,0.000000,0.000000,above_band_high
2026-07-01T03:27:00Z,93.1273,0.000000,0.000000,0.000000,above_band_high
2026-07-01T03:28:00Z,93.1594,0.000000,0.000000,0.000000,above_band_high
2026-07-01T03:29:00Z,93.1456,0.000000,0.000000,0.000000,above_band_high
2026-07-01T03:30:00Z,93.1319,0.000000,0.000000,0.000000,above_band_high
2026-07-01T03:31:00Z,93.2097,0.000000,0.000000,0.000000,above_band_high
2026-07-01T03:32:00Z,93.1426,0.000000,0.000000,0.000000,above_band_high
2026-07-01T03:33:00Z,93.1319,0.000000,0.000000,0.000000,above_band_high
2026-07-01T03:34:00Z,93.1701,0.000000,0.000000,0.000000,above_band_high
2026-07-01T03:35:00Z,93.1044,0.000000,0.000000,0.000000,above_band_high
2026-07-01T03:36:00Z,93.0968,0.000000,0.000000,0.000000,above_band_high
2026-07-01T03:37:00Z,93.1228,0.000000,0.000000,0.000000,above_band_high
2026-07-01T03:38:00Z,93.1289,0.000000,0.000000,0.000000,above_band_high
2026-07-01T03:39:00Z,93.0968,0.000000,0.000000,0.000000,above_band_high
2026-07-01T03:40:00Z,93.0953,0.000000,0.000000,0.000000,above_band_high
2026-07-01T03:41:00Z,93.0678,0.000000,0.000000,0.000000,above_band_high
2026-07-01T03:42:00Z,93.0739,0.000000,0.000000,0.000000,above_band_high
2026-07-01T03:43:00Z,93.0861,0.000000,0.000000,0.000000,above_band_high
2026-07-01T03:44:00Z,93.0632,0.000000,0.000000,0.000000,above_band_high
2026-07-01T03:45:00Z,93.0678,0.000000,0.000000,0.000000,above_band_high
2026-07-01T03:46:00Z,93.0449,0.000000,0.000000,0.000000,above_band_high
2026-07-01T03:47:00Z,93.0495,0.000000,0.000000,0.000000,above_band_high
2026-07-01T03:48:00Z,93.0495,0.000000,0.000000,0.000000,above_band_high
2026-07-01T03:49:00Z,93.0327,0.000000,0.000000,0.000000,above_band_high
2026-07-01T03:50:00Z,93.0327,0.000000,0.000000,0.000000,above_band_high
2026-07-01T03:51:00Z,93.0190,0.000000,0.000000,0.000000,above_band_high
2026-07-01T03:52:00Z,93.0556,0.000000,0.000000,0.000000,above_band_high
2026-07-01T03:53:00Z,93.0327,0.000000,0.000000,0.000000,above_band_high
2026-07-01T03:54:00Z,93.0465,0.000000,0.000000,0.000000,above_band_high
2026-07-01T03:55:00Z,93.0373,0.000000,0.000000,0.000000,above_band_high
2026-07-01T03:56:00Z,93.0724,0.000000,0.000000,0.000000,above_band_high
2026-07-01T03:57:00Z,93.0312,0.000000,0.000000,0.000000,above_band_high
2026-07-01T03:58:00Z,93.0510,0.000000,0.000000,0.000000,above_band_high
2026-07-01T03:59:00Z,93.0327,0.000000,0.000000,0.000000,above_band_high
2026-07-01T04:00:00Z,93.0556,0.000000,0.000000,0.000000,above_band_high
2026-07-01T04:01:00Z,93.0373,0.000000,0.000000,0.000000,above_band_high
2026-07-01T04:02:00Z,93.0083,0.000000,0.000000,0.000000,above_band_high
2026-07-01T04:03:00Z,93.0175,0.000000,0.000000,0.000000,above_band_high
2026-07-01T04:04:00Z,93.0037,0.000000,0.000000,0.000000,above_band_high
2026-07-01T04:05:00Z,92.9824,0.000000,0.000000,0.000000,above_band_high
2026-07-01T04:06:00Z,93.0175,0.000000,0.000000,0.000000,above_band_high
2026-07-01T04:07:00Z,93.0083,0.000000,0.000000,0.000000,above_band_high
2026-07-01T04:08:00Z,93.0144,0.000000,0.000000,0.000000,above_band_high
2026-07-01T04:09:00Z,93.0282,0.000000,0.000000,0.000000,above_band_high
2026-07-01T04:10:00Z,93.0144,0.000000,0.000000,0.000000,above_band_high
2026-07-01T04:11:00Z,93.0236,0.000000,0.000000,0.000000,above_band_high
2026-07-01T04:12:00Z,92.9961,0.000000,0.000000,0.000000,above_band_high
2026-07-01T04:13:00Z,92.9961,0.000000,0.000000,0.000000,above_band_high
2026-07-01T04:14:00Z,93.0510,0.000000,0.000000,0.000000,above_band_high
2026-07-01T04:15:00Z,93.0404,0.000000,0.000000,0.000000,above_band_high
2026-07-01T04:16:00Z,93.0220,0.000000,0.000000,0.000000,above_band_high
2026-07-01T04:17:00Z,93.0861,0.000000,0.000000,0.000000,above_band_high
2026-07-01T04:18:00Z,93.0816,0.000000,0.000000,0.000000,above_band_high
2026-07-01T04:19:00Z,93.0861,0.000000,0.000000,0.000000,above_band_high
2026-07-01T04:20:00Z,93.0449,0.000000,0.000000,0.000000,above_band_high
2026-07-01T04:21:00Z,93.0632,0.000000,0.000000,0.000000,above_band_high
2026-07-01T04:22:00Z,93.0449,0.000000,0.000000,0.000000,above_band_high
2026-07-01T04:23:00Z,93.0465,0.000000,0.000000,0.000000,above_band_high
2026-07-01T04:24:00Z,93.1014,0.000000,0.000000,0.000000,above_band_high
2026-07-01T04:25:00Z,93.1044,0.000000,0.000000,0.000000,above_band_high
2026-07-01T04:26:00Z,93.1090,0.000000,0.000000,0.000000,above_band_high
2026-07-01T04:27:00Z,93.1090,0.000000,0.000000,0.000000,above_band_high
2026-07-01T04:28:00Z,93.0770,0.000000,0.000000,0.000000,above_band_high
2026-07-01T04:29:00Z,93.0953,0.000000,0.000000,0.000000,above_band_high
2026-07-01T04:30:00Z,93.1319,0.000000,0.000000,0.000000,above_band_high
2026-07-01T04:31:00Z,93.0953,0.000000,0.000000,0.000000,above_band_high
2026-07-01T04:32:00Z,93.1243,0.000000,0.000000,0.000000,above_band_high
2026-07-01T04:33:00Z,93.0999,0.000000,0.000000,0.000000,above_band_high
2026-07-01T04:34:00Z,93.1243,0.000000,0.000000,0.000000,above_band_high
2026-07-01T04:35:00Z,93.1502,0.000000,0.000000,0.000000,above_band_high
2026-07-01T04:36:00Z,93.1090,0.000000,0.000000,0.000000,above_band_high
2026-07-01T04:37:00Z,93.1014,0.000000,0.000000,0.000000,above_band_high
2026-07-01T04:38:00Z,93.1548,0.000000,0.000000,0.000000,above_band_high
2026-07-01T04:39:00Z,93.1548,0.000000,0.000000,0.000000,above_band_high
2026-07-01T04:40:00Z,93.1746,0.000000,0.000000,0.000000,above_band_high
2026-07-01T04:41:00Z,93.2067,0.000000,0.000000,0.000000,above_band_high
2026-07-01T04:42:00Z,93.1823,0.000000,0.000000,0.000000,above_band_high
2026-07-01T04:43:00Z,93.2021,0.000000,0.000000,0.000000,above_band_high
2026-07-01T04:44:00Z,93.1884,0.000000,0.000000,0.000000,above_band_high
2026-07-01T04:45:00Z,93.2021,0.000000,0.000000,0.000000,above_band_high
2026-07-01T04:46:00Z,93.2067,0.000000,0.000000,0.000000,above_band_high
2026-07-01T04:47:00Z,93.2067,0.000000,0.000000,0.000000,above_band_high
2026-07-01T04:48:00Z,93.1884,0.000000,0.000000,0.000000,above_band_high
2026-07-01T04:49:00Z,93.2143,0.000000,0.000000,0.000000,above_band_high
2026-07-01T04:50:00Z,93.1884,0.000000,0.000000,0.000000,above_band_high
2026-07-01T04:51:00Z,93.1685,0.000000,0.000000,0.000000,above_band_high
2026-07-01T04:52:00Z,93.1472,0.000000,0.000000,0.000000,above_band_high
2026-07-01T04:53:00Z,93.1655,0.000000,0.000000,0.000000,above_band_high
2026-07-01T04:54:00Z,93.1731,0.000000,0.000000,0.000000,above_band_high
2026-07-01T04:55:00Z,93.1182,0.000000,0.000000,0.000000,above_band_high
2026-07-01T04:56:00Z,93.1426,0.000000,0.000000,0.000000,above_band_high
2026-07-01T04:57:00Z,93.1319,0.000000,0.000000,0.000000,above_band_high
2026-07-01T04:58:00Z,93.1334,0.000000,0.000000,0.000000,above_band_high
2026-07-01T04:59:00Z,93.1090,0.000000,0.000000,0.000000,above_band_high
2026-07-01T05:00:00Z,93.1136,0.000000,0.000000,0.000000,above_band_high
2026-07-01T05:01:00Z,93.1411,0.000000,0.000000,0.000000,above_band_high
2026-07-01T05:02:00Z,93.1334,0.000000,0.000000,0.000000,above_band_high
2026-07-01T05:03:00Z,93.1273,0.000000,0.000000,0.000000,above_band_high
2026-07-01T05:04:00Z,93.1273,0.000000,0.000000,0.000000,above_band_high
2026-07-01T05:05:00Z,93.1243,0.000000,0.000000,0.000000,above_band_high
2026-07-01T05:06:00Z,93.0724,0.000000,0.000000,0.000000,above_band_high
2026-07-01T05:07:00Z,93.1182,0.000000,0.000000,0.000000,above_band_high
2026-07-01T05:08:00Z,93.0999,0.000000,0.000000,0.000000,above_band_high
2026-07-01T05:09:00Z,93.1334,0.000000,0.000000,0.000000,above_band_high
2026-07-01T05:10:00Z,93.1090,0.000000,0.000000,0.000000,above_band_high
2026-07-01T05:11:00Z,93.0953,0.000000,0.000000,0.000000,above_band_high
2026-07-01T05:12:00Z,93.1014,0.000000,0.000000,0.000000,above_band_high
2026-07-01T05:13:00Z,93.1548,0.000000,0.000000,0.000000,above_band_high
2026-07-01T05:14:00Z,93.1273,0.000000,0.000000,0.000000,above_band_high
2026-07-01T05:15:00Z,93.1380,0.000000,0.000000,0.000000,above_band_high
2026-07-01T05:16:00Z,93.1502,0.000000,0.000000,0.000000,above_band_high
2026-07-01T05:17:00Z,93.1319,0.000000,0.000000,0.000000,above_band_high
2026-07-01T05:18:00Z,93.1014,0.000000,0.000000,0.000000,above_band_high
2026-07-01T05:19:00Z,93.1273,0.000000,0.000000,0.000000,above_band_high
2026-07-01T05:20:00Z,93.0968,0.000000,0.000000,0.000000,above_band_high
2026-07-01T05:21:00Z,93.1319,0.000000,0.000000,0.000000,above_band_high
2026-07-01T05:22:00Z,93.1594,0.000000,0.000000,0.000000,above_band_high
2026-07-01T05:23:00Z,93.1182,0.000000,0.000000,0.000000,above_band_high
2026-07-01T05:24:00Z,93.1319,0.000000,0.000000,0.000000,above_band_high
2026-07-01T05:25:00Z,93.1182,0.000000,0.000000,0.000000,above_band_high
2026-07-01T05:26:00Z,93.1182,0.000000,0.000000,0.000000,above_band_high
2026-07-01T05:27:00Z,93.1380,0.000000,0.000000,0.000000,above_band_high
2026-07-01T05:28:00Z,93.1273,0.000000,0.000000,0.000000,above_band_high
2026-07-01T05:29:00Z,93.0968,0.000000,0.000000,0.000000,above_band_high
2026-07-01T05:30:00Z,93.0907,0.000000,0.000000,0.000000,above_band_high
2026-07-01T05:31:00Z,93.1090,0.000000,0.000000,0.000000,above_band_high
2026-07-01T05:32:00Z,93.0831,0.000000,0.000000,0.000000,above_band_high
2026-07-01T05:33:00Z,93.0907,0.000000,0.000000,0.000000,above_band_high
2026-07-01T05:34:00Z,93.0831,0.000000,0.000000,0.000000,above_band_high
2026-07-01T05:35:00Z,93.0953,0.000000,0.000000,0.000000,above_band_high
2026-07-01T05:36:00Z,93.1243,0.000000,0.000000,0.000000,above_band_high
2026-07-01T05:37:00Z,93.1365,0.000000,0.000000,0.000000,above_band_high
2026-07-01T05:38:00Z,93.1243,0.000000,0.000000,0.000000,above_band_high
2026-07-01T05:39:00Z,93.1548,0.000000,0.000000,0.000000,above_band_high
2026-07-01T05:40:00Z,93.1426,0.000000,0.000000,0.000000,above_band_high
2026-07-01T05:41:00Z,93.1609,0.000000,0.000000,0.000000,above_band_high
2026-07-01T05:42:00Z,93.1609,0.000000,0.000000,0.000000,above_band_high
2026-07-01T05:43:00Z,93.1289,0.000000,0.000000,0.000000,above_band_high
2026-07-01T05:44:00Z,93.1563,0.000000,0.000000,0.000000,above_band_high
2026-07-01T05:45:00Z,93.1960,0.000000,0.000000,0.000000,above_band_high
2026-07-01T05:46:00Z,93.1502,0.000000,0.000000,0.000000,above_band_high
2026-07-01T05:47:00Z,93.1411,0.000000,0.000000,0.000000,above_band_high
2026-07-01T05:48:00Z,93.1701,0.000000,0.000000,0.000000,above_band_high
2026-07-01T05:49:00Z,93.1548,0.000000,0.000000,0.000000,above_band_high
2026-07-01T05:50:00Z,93.1563,0.000000,0.000000,0.000000,above_band_high
2026-07-01T05:51:00Z,93.1548,0.000000,0.000000,0.000000,above_band_high
2026-07-01T05:52:00Z,93.1319,0.000000,0.000000,0.000000,above_band_high
2026-07-01T05:53:00Z,93.1868,0.000000,0.000000,0.000000,above_band_high
2026-07-01T05:54:00Z,93.1960,0.000000,0.000000,0.000000,above_band_high
2026-07-01T05:55:00Z,93.2326,0.000000,0.000000,0.000000,above_band_high
2026-07-01T05:56:00Z,93.2143,0.000000,0.000000,0.000000,above_band_high
2026-07-01T05:57:00Z,93.2387,0.000000,0.000000,0.000000,above_band_high
2026-07-01T05:58:00Z,93.2296,0.000000,0.000000,0.000000,above_band_high
2026-07-01T05:59:00Z,93.2067,0.000000,0.000000,0.000000,above_band_high
2026-07-01T06:00:00Z,93.2372,0.000000,0.000000,0.000000,above_band_high
2026-07-01T06:01:00Z,93.2143,0.000000,0.000000,0.000000,above_band_high
2026-07-01T06:02:00Z,93.2143,0.000000,0.000000,0.000000,above_band_high
2026-07-01T06:03:00Z,93.1548,0.000000,0.000000,0.000000,above_band_high
2026-07-01T06:04:00Z,93.1472,0.000000,0.000000,0.000000,above_band_high
2026-07-01T06:05:00Z,93.1731,0.000000,0.000000,0.000000,above_band_high
2026-07-01T12:08:23Z,84.8066,1.000000,1.000000,0.000000,below_midpoint_feather
2026-07-01T12:09:00Z,84.8066,1.000000,1.000000,0.000000,below_midpoint_feather
2026-07-01T12:10:00Z,84.7150,1.000000,1.000000,0.000000,below_midpoint_feather
2026-07-01T12:11:00Z,84.5533,1.000000,1.000000,0.000000,below_midpoint_feather
2026-07-01T12:12:00Z,84.4572,1.000000,1.000000,0.000000,below_midpoint_feather
2026-07-01T12:13:00Z,84.4022,1.000000,1.000000,0.000000,below_midpoint_feather
2026-07-01T12:14:00Z,84.4343,1.000000,1.000000,0.000000,below_midpoint_feather
2026-07-01T12:15:00Z,84.5304,1.000000,1.000000,0.000000,below_midpoint_feather
2026-07-01T12:16:00Z,84.6189,1.000000,1.000000,0.000000,below_midpoint_feather
2026-07-01T12:17:00Z,84.7608,1.000000,1.000000,0.000000,below_midpoint_feather
2026-07-01T12:18:00Z,84.8875,1.000000,1.000000,0.000000,below_midpoint_feather
2026-07-01T12:19:00Z,84.9989,1.000000,1.000000,0.000000,below_midpoint_feather
2026-07-01T12:20:00Z,85.0675,1.000000,1.000000,0.000000,below_midpoint_feather
2026-07-01T12:21:00Z,85.1118,1.000000,1.000000,0.000000,below_midpoint_feather
2026-07-01T12:22:00Z,85.2552,1.000000,1.000000,0.000000,below_midpoint_feather
2026-07-01T12:23:00Z,85.3193,1.000000,1.000000,0.000000,below_midpoint_feather
2026-07-01T12:24:00Z,85.4154,1.000000,1.000000,0.000000,below_midpoint_feather
2026-07-01T12:25:00Z,85.5100,1.000000,1.000000,0.000000,below_midpoint_feather
2026-07-01T12:26:00Z,85.6352,1.000000,1.000000,0.000000,below_midpoint_feather
2026-07-01T12:27:00Z,85.6306,1.000000,1.000000,0.000000,below_midpoint_feather
2026-07-01T12:28:00Z,85.6748,1.000000,1.000000,0.000000,below_midpoint_feather
2026-07-01T12:29:00Z,85.6840,1.000000,1.000000,0.000000,below_midpoint_feather
2026-07-01T12:30:00Z,85.6992,1.000000,1.000000,0.000000,below_midpoint_feather
2026-07-01T12:31:00Z,85.6901,1.000000,1.000000,0.000000,below_midpoint_feather
2026-07-01T12:32:00Z,85.7313,1.000000,1.000000,0.000000,below_midpoint_feather
2026-07-01T12:33:00Z,85.5665,1.000000,1.000000,0.000000,below_midpoint_feather
2026-07-01T12:34:00Z,85.5116,1.000000,1.000000,0.000000,below_midpoint_feather
2026-07-01T12:35:00Z,85.3681,1.000000,1.000000,0.000000,below_midpoint_feather
2026-07-01T12:36:00Z,85.3086,1.000000,1.000000,0.000000,below_midpoint_feather
2026-07-01T12:37:00Z,85.3742,1.000000,1.000000,0.000000,below_midpoint_feather
2026-07-01T12:38:00Z,85.4093,1.000000,1.000000,0.000000,below_midpoint_feather
2026-07-01T12:39:00Z,85.2033,1.000000,1.000000,0.000000,below_midpoint_feather
2026-07-01T12:40:00Z,85.2140,1.000000,1.000000,0.000000,below_midpoint_feather
2026-07-01T12:41:00Z,85.1682,1.000000,1.000000,0.000000,below_midpoint_feather
2026-07-01T12:42:00Z,85.1545,1.000000,1.000000,0.000000,below_midpoint_feather
2026-07-01T12:43:00Z,85.2033,1.000000,1.000000,0.000000,below_midpoint_feather
2026-07-01T12:44:00Z,85.1713,1.000000,1.000000,0.000000,below_midpoint_feather
2026-07-01T12:45:00Z,85.1316,1.000000,1.000000,0.000000,below_midpoint_feather
2026-07-01T12:46:00Z,85.0584,1.000000,1.000000,0.000000,below_midpoint_feather
2026-07-01T12:47:00Z,84.9760,1.000000,1.000000,0.000000,below_midpoint_feather
2026-07-01T12:48:00Z,84.9119,1.000000,1.000000,0.000000,below_midpoint_feather
2026-07-01T12:49:00Z,84.8966,1.000000,1.000000,0.000000,below_midpoint_feather
2026-07-01T12:50:00Z,84.9424,1.000000,1.000000,0.000000,below_midpoint_feather
2026-07-01T12:51:00Z,84.8554,1.000000,1.000000,0.000000,below_midpoint_feather
2026-07-01T12:52:00Z,84.7593,1.000000,1.000000,0.000000,below_midpoint_feather
2026-07-01T12:53:00Z,84.7044,1.000000,1.000000,0.000000,below_midpoint_feather
2026-07-01T12:54:00Z,84.8478,1.000000,1.000000,0.000000,below_midpoint_feather
2026-07-01T12:55:00Z,84.9561,1.000000,1.000000,0.000000,below_midpoint_feather
2026-07-01T12:56:00Z,84.9882,1.000000,1.000000,0.000000,below_midpoint_feather
2026-07-01T12:57:00Z,85.1118,1.000000,1.000000,0.000000,below_midpoint_feather
2026-07-01T12:58:00Z,85.1225,1.000000,1.000000,0.000000,below_midpoint_feather
2026-07-01T12:59:00Z,84.9714,1.000000,1.000000,0.000000,below_midpoint_feather
2026-07-01T13:00:00Z,84.8386,1.000000,1.000000,0.000000,below_midpoint_feather
2026-07-01T13:01:00Z,84.7868,1.000000,1.000000,0.000000,below_midpoint_feather
2026-07-01T13:02:00Z,84.8890,1.000000,1.000000,0.000000,below_midpoint_feather
2026-07-01T13:03:00Z,84.9195,1.000000,1.000000,0.000000,below_midpoint_feather
2026-07-01T13:04:00Z,84.9378,1.000000,1.000000,0.000000,below_midpoint_feather
2026-07-01T13:05:00Z,84.9882,1.000000,1.000000,0.000000,below_midpoint_feather
2026-07-01T13:06:00Z,84.9989,1.000000,1.000000,0.000000,below_midpoint_feather
2026-07-01T13:07:00Z,84.8737,1.000000,1.000000,0.000000,below_midpoint_feather
2026-07-01T13:08:00Z,84.8371,1.000000,1.000000,0.000000,below_midpoint_feather
2026-07-01T13:09:00Z,84.7700,1.000000,1.000000,0.000000,below_midpoint_feather
2026-07-01T13:10:00Z,84.7959,1.000000,1.000000,0.000000,below_midpoint_feather
2026-07-01T13:11:00Z,84.7730,1.000000,1.000000,0.000000,below_midpoint_feather
2026-07-01T13:12:00Z,84.8249,1.000000,1.000000,0.000000,below_midpoint_feather
2026-07-01T13:13:00Z,84.8981,1.000000,1.000000,0.000000,below_midpoint_feather
2026-07-01T13:14:00Z,84.8936,1.000000,1.000000,0.000000,below_midpoint_feather
2026-07-01T13:15:00Z,84.8661,1.000000,1.000000,0.000000,below_midpoint_feather
2026-07-01T13:16:00Z,84.8066,1.000000,1.000000,0.000000,below_midpoint_feather
2026-07-01T13:17:00Z,84.9302,1.000000,1.000000,0.000000,below_midpoint_feather
2026-07-01T13:18:00Z,85.0950,1.000000,1.000000,0.000000,below_midpoint_feather
2026-07-01T13:19:00Z,85.2506,1.000000,1.000000,0.000000,below_midpoint_feather
2026-07-01T13:20:00Z,85.4414,1.000000,1.000000,0.000000,below_midpoint_feather
2026-07-01T13:21:00Z,85.6611,1.000000,1.000000,0.000000,below_midpoint_feather
2026-07-01T13:22:00Z,85.8320,1.000000,1.000000,0.000000,below_midpoint_feather
2026-07-01T13:23:00Z,85.9174,1.000000,1.000000,0.000000,below_midpoint_feather
2026-07-01T13:24:00Z,85.9861,1.000000,1.000000,0.000000,below_midpoint_feather
2026-07-01T13:25:00Z,86.0090,1.000000,1.000000,0.000000,below_midpoint_feather
2026-07-01T13:26:00Z,86.1326,1.000000,1.000000,0.000000,below_midpoint_feather
2026-07-01T13:27:00Z,86.2654,1.000000,1.000000,0.000000,below_midpoint_feather
2026-07-01T13:28:00Z,86.3539,1.000000,1.000000,0.000000,below_midpoint_feather
2026-07-01T13:29:00Z,86.5690,1.000000,1.000000,0.000000,below_midpoint_feather
2026-07-01T13:30:00Z,86.7063,1.000000,1.000000,0.000000,below_midpoint_feather
2026-07-01T13:31:00Z,86.8162,1.000000,1.000000,0.000000,below_midpoint_feather
2026-07-01T13:32:00Z,86.8528,1.000000,1.000000,0.000000,below_midpoint_feather
2026-07-01T13:33:00Z,86.7887,1.000000,1.000000,0.000000,below_midpoint_feather
2026-07-01T13:34:00Z,86.5354,1.000000,1.000000,0.000000,below_midpoint_feather
2026-07-01T13:35:00Z,86.4912,1.000000,1.000000,0.000000,below_midpoint_feather
2026-07-01T13:36:00Z,86.5675,1.000000,1.000000,0.000000,below_midpoint_feather
2026-07-01T13:37:00Z,86.5873,1.000000,1.000000,0.000000,below_midpoint_feather
2026-07-01T13:38:00Z,86.6972,1.000000,1.000000,0.000000,below_midpoint_feather
2026-07-01T13:39:00Z,86.7048,1.000000,1.000000,0.000000,below_midpoint_feather
2026-07-01T13:40:00Z,86.6728,1.000000,1.000000,0.000000,below_midpoint_feather
2026-07-01T13:41:00Z,86.6773,1.000000,1.000000,0.000000,below_midpoint_feather
2026-07-01T13:42:00Z,86.8162,1.000000,1.000000,0.000000,below_midpoint_feather
2026-07-01T13:43:00Z,86.8986,1.000000,1.000000,0.000000,below_midpoint_feather
2026-07-01T13:44:00Z,87.0985,1.000000,1.000000,0.000000,below_midpoint_feather
2026-07-01T13:45:00Z,87.1351,1.000000,1.000000,0.000000,below_midpoint_feather
2026-07-01T13:46:00Z,87.2969,1.000000,1.000000,0.000000,below_midpoint_feather
2026-07-01T13:47:00Z,87.3426,1.000000,1.000000,0.000000,below_midpoint_feather
2026-07-01T13:48:00Z,87.2190,1.000000,1.000000,0.000000,below_midpoint_feather
2026-07-01T13:49:00Z,87.2053,1.000000,1.000000,0.000000,below_midpoint_feather
2026-07-01T13:50:00Z,87.2877,1.000000,1.000000,0.000000,below_midpoint_feather
2026-07-01T13:51:00Z,87.3960,1.000000,1.000000,0.000000,below_midpoint_feather
2026-07-01T13:52:00Z,87.4983,1.000000,1.000000,0.000000,below_midpoint_feather
2026-07-01T13:53:00Z,87.5807,1.000000,1.000000,0.000000,below_midpoint_feather
2026-07-01T13:54:00Z,87.5898,1.000000,1.000000,0.000000,below_midpoint_feather
2026-07-01T13:55:00Z,87.6631,1.000000,1.000000,0.000000,below_midpoint_feather
2026-07-01T13:56:00Z,87.4418,1.000000,1.000000,0.000000,below_midpoint_feather
2026-07-01T13:57:00Z,87.3838,1.000000,1.000000,0.000000,below_midpoint_feather
2026-07-01T13:58:00Z,87.3365,1.000000,1.000000,0.000000,below_midpoint_feather
2026-07-01T13:59:00Z,87.2602,1.000000,1.000000,0.000000,below_midpoint_feather
2026-07-01T14:00:00Z,87.3732,1.000000,1.000000,0.000000,below_midpoint_feather
2026-07-01T14:01:00Z,87.4189,1.000000,1.000000,0.000000,below_midpoint_feather
2026-07-01T14:02:00Z,87.4388,1.000000,1.000000,0.000000,below_midpoint_feather
2026-07-01T14:03:00Z,87.4571,1.000000,1.000000,0.000000,below_midpoint_feather
2026-07-01T14:04:00Z,87.5380,1.000000,1.000000,0.000000,below_midpoint_feather
2026-07-01T14:05:00Z,87.6295,1.000000,1.000000,0.000000,below_midpoint_feather
2026-07-01T14:06:00Z,87.6493,1.000000,1.000000,0.000000,below_midpoint_feather
2026-07-01T14:07:00Z,87.7989,1.000000,1.000000,0.000000,below_midpoint_feather
2026-07-01T14:08:00Z,87.8645,1.000000,1.000000,0.000000,below_midpoint_feather
2026-07-01T14:09:00Z,88.1056,1.000000,1.000000,0.000000,below_midpoint_feather
2026-07-01T14:10:00Z,88.1987,1.000000,1.000000,0.000000,below_midpoint_feather
2026-07-01T14:11:00Z,88.3177,1.000000,1.000000,0.000000,below_midpoint_feather
2026-07-01T14:12:00Z,88.2795,1.000000,1.000000,0.000000,below_midpoint_feather
2026-07-01T14:13:00Z,88.1514,1.000000,1.000000,0.000000,below_midpoint_feather
2026-07-01T14:14:00Z,88.1941,1.000000,1.000000,0.000000,below_midpoint_feather
2026-07-01T14:15:00Z,88.2948,1.000000,1.000000,0.000000,below_midpoint_feather
2026-07-01T14:16:00Z,88.5328,1.000000,1.000000,0.000000,below_midpoint_feather
2026-07-01T14:17:00Z,88.8334,1.000000,1.000000,0.000000,below_midpoint_feather
2026-07-01T14:18:00Z,89.1737,1.000000,1.000000,0.000000,below_midpoint_feather
2026-07-01T14:19:00Z,89.4621,1.000000,1.000000,0.000000,below_midpoint_feather
2026-07-01T14:20:00Z,89.6544,1.000000,1.000000,0.000000,below_midpoint_feather
2026-07-01T14:20:50Z,89.8604,1.000000,0.998336,-0.001664,below_midpoint_feather
2026-07-01T14:21:20Z,89.9001,0.998272,0.998575,0.000303,below_midpoint_feather
2026-07-01T14:21:39Z,90.0069,0.997797,0.995691,-0.002106,in_band
2026-07-01T14:22:16Z,90.1854,0.978447,0.976346,-0.002101,in_band
2026-07-01T14:22:59Z,90.3685,0.955936,0.953849,-0.002087,in_band
2026-07-01T14:23:00Z,90.3761,0.955414,0.953328,-0.002087,in_band
2026-07-01T14:23:59Z,90.6294,0.924950,0.922910,-0.002041,in_band
2026-07-01T14:24:00Z,90.6386,0.924440,0.922401,-0.002039,in_band
2026-07-01T14:24:59Z,90.8675,0.894758,0.892776,-0.001981,in_band
2026-07-01T14:25:00Z,90.8888,0.894262,0.892282,-0.001980,in_band
2026-07-01T14:25:59Z,91.1192,0.865473,0.863553,-0.001920,in_band
2026-07-01T14:26:00Z,91.1376,0.864993,0.863074,-0.001918,in_band
2026-07-01T14:26:59Z,91.3878,0.837117,0.835260,-0.001858,in_band
2026-07-01T14:27:50Z,91.4977,0.813738,0.813739,0.000001,in_band
2026-07-01T14:27:52Z,91.5267,0.810374,0.801911,-0.008462,above_band_high
2026-07-01T14:29:29Z,91.8013,0.695053,0.680336,-0.014717,above_band_high
2026-07-01T14:29:36Z,91.7494,0.689641,0.701553,0.011912,above_band_high
2026-07-01T14:30:31Z,91.9326,0.634370,0.612686,-0.021684,above_band_high
2026-07-01T14:30:54Z,91.9295,0.598830,0.607547,0.008717,above_band_high
2026-07-01T14:31:43Z,92.0562,0.555034,0.536007,-0.019027,above_band_high
2026-07-01T14:31:46Z,92.0073,0.553830,0.555609,0.001778,above_band_high
2026-07-01T14:32:33Z,92.0699,0.520745,0.507919,-0.012827,above_band_high
2026-07-01T14:32:52Z,92.0073,0.506346,0.525338,0.018992,above_band_high
2026-07-01T14:33:04Z,92.0150,0.497749,0.516062,0.018313,above_band_high
2026-07-01T14:33:26Z,92.0516,0.502063,0.489105,-0.012958,above_band_high
2026-07-01T14:34:00Z,92.0058,0.501915,0.490975,-0.010940,above_band_high
2026-07-01T14:34:27Z,91.8975,0.506365,0.523483,0.017118,above_band_high
2026-07-01T14:35:26Z,91.8044,0.545506,0.536281,-0.009225,above_band_high
2026-07-01T14:35:29Z,91.7281,0.547529,0.567620,0.020091,above_band_high
2026-07-01T14:36:07Z,91.5480,0.611807,0.630981,0.019173,above_band_high
2026-07-01T14:36:14Z,91.5587,0.627924,0.624409,-0.003515,above_band_high
2026-07-01T14:38:02Z,91.0307,0.604661,0.603321,-0.001340,in_band
2026-07-01T14:38:59Z,90.8385,0.584026,0.582839,-0.001187,in_band
2026-07-01T14:39:00Z,90.8248,0.583683,0.582498,-0.001185,in_band
2026-07-01T14:39:59Z,90.6477,0.564162,0.563059,-0.001103,in_band
2026-07-01T14:40:00Z,90.6508,0.563841,0.562739,-0.001102,in_band
2026-07-01T14:40:59Z,90.5135,0.545400,0.544350,-0.001050,in_band
2026-07-01T14:41:00Z,90.5409,0.545094,0.544045,-0.001049,in_band
2026-07-01T14:41:59Z,90.4372,0.527421,0.526411,-0.001010,in_band
2026-07-01T14:42:00Z,90.4219,0.527127,0.526118,-0.001009,in_band
2026-07-01T14:42:59Z,90.3456,0.510093,0.509119,-0.000974,in_band
2026-07-01T14:43:00Z,90.3456,0.509810,0.508836,-0.000974,in_band
2026-07-01T14:43:59Z,90.2434,0.493357,0.492416,-0.000942,in_band
2026-07-01T14:44:00Z,90.2358,0.493083,0.492142,-0.000941,in_band
2026-07-01T14:44:59Z,90.0755,0.477178,0.476268,-0.000910,in_band
2026-07-01T14:45:00Z,90.0801,0.476913,0.476003,-0.000910,in_band
2026-07-01T14:45:39Z,89.9870,0.467215,0.467378,0.000163,below_midpoint_feather
2026-07-01T14:46:12Z,89.8863,0.467674,0.468674,0.001000,below_midpoint_feather
2026-07-01T14:46:52Z,89.9229,0.469063,0.467705,-0.001358,below_midpoint_feather
2026-07-01T14:47:14Z,89.8817,0.470670,0.468887,-0.001783,below_midpoint_feather
2026-07-01T14:47:51Z,89.7459,0.474512,0.476239,0.001728,below_midpoint_feather
2026-07-01T14:48:10Z,89.7459,0.479201,0.476410,-0.002791,below_midpoint_feather
2026-07-01T14:48:47Z,89.6132,0.485259,0.489101,0.003842,below_midpoint_feather
2026-07-01T14:49:27Z,89.4621,0.502620,0.510153,0.007533,below_midpoint_feather
2026-07-01T14:49:58Z,89.4438,0.519414,0.514573,-0.004841,below_midpoint_feather
2026-07-01T14:50:34Z,89.3751,0.535028,0.528896,-0.006132,below_midpoint_feather
2026-07-01T14:50:45Z,89.2821,0.535215,0.547743,0.012528,below_midpoint_feather
2026-07-01T14:51:37Z,89.1875,0.566236,0.574731,0.008495,below_midpoint_feather
2026-07-01T14:51:42Z,89.2317,0.571385,0.565519,-0.005866,below_midpoint_feather
2026-07-01T14:52:46Z,89.1920,0.594296,0.585751,-0.008545,below_midpoint_feather
2026-07-01T14:52:54Z,89.1447,0.590478,0.598568,0.008090,below_midpoint_feather
2026-07-01T14:53:30Z,89.0684,0.613328,0.625648,0.012320,below_midpoint_feather
2026-07-01T14:53:58Z,89.1173,0.631607,0.619568,-0.012039,below_midpoint_feather
2026-07-01T14:54:38Z,89.0822,0.646980,0.638693,-0.008287,below_midpoint_feather
2026-07-01T14:54:48Z,89.0166,0.648394,0.659102,0.010707,below_midpoint_feather
2026-07-01T14:55:14Z,89.0623,0.663044,0.653797,-0.009247,below_midpoint_feather
2026-07-01T14:55:22Z,88.9860,0.667875,0.677264,0.009389,below_midpoint_feather
2026-07-01T14:56:22Z,88.9906,0.700607,0.694303,-0.006304,below_midpoint_feather
2026-07-01T14:56:30Z,88.9479,0.700065,0.709418,0.009353,below_midpoint_feather
2026-07-01T14:57:10Z,88.9296,0.719134,0.728201,0.009067,below_midpoint_feather
2026-07-01T14:57:16Z,88.9662,0.729415,0.719270,-0.010145,below_midpoint_feather
2026-07-01T14:58:22Z,88.8945,0.752991,0.764755,0.011765,below_midpoint_feather
2026-07-01T14:58:36Z,88.9677,0.762428,0.747743,-0.014686,below_midpoint_feather
2026-07-01T14:59:00Z,88.8792,0.772952,0.783983,0.011031,below_midpoint_feather
2026-07-01T14:59:18Z,88.9494,0.774270,0.769260,-0.005010,below_midpoint_feather
2026-07-01T15:00:12Z,88.9570,0.799025,0.788032,-0.010994,below_midpoint_feather
2026-07-01T15:00:30Z,88.8945,0.800929,0.814178,0.013249,below_midpoint_feather
2026-07-01T15:01:08Z,88.9723,0.811514,0.805273,-0.006241,below_midpoint_feather
2026-07-01T15:01:20Z,88.9174,0.815656,0.826350,0.010694,below_midpoint_feather
2026-07-01T15:02:04Z,88.9494,0.825882,0.833152,0.007271,below_midpoint_feather
2026-07-01T15:02:16Z,88.9860,0.833007,0.826837,-0.006170,below_midpoint_feather
2026-07-01T15:03:06Z,88.9754,0.840375,0.847883,0.007507,below_midpoint_feather
2026-07-01T15:03:42Z,89.0028,0.858149,0.852491,-0.005658,below_midpoint_feather
2026-07-01T15:04:10Z,88.9540,0.863879,0.876346,0.012467,below_midpoint_feather
2026-07-01T15:04:22Z,89.0303,0.873283,0.858601,-0.014682,below_midpoint_feather
2026-07-01T15:05:06Z,88.9616,0.881272,0.893216,0.011944,below_midpoint_feather
2026-07-01T15:05:12Z,89.0455,0.879846,0.871453,-0.008393,below_midpoint_feather
2026-07-01T15:06:03Z,89.0806,0.887969,0.879051,-0.008918,below_midpoint_feather
2026-07-01T15:06:16Z,89.0211,0.890532,0.899308,0.008776,below_midpoint_feather
2026-07-01T15:07:02Z,89.0822,0.892910,0.897249,0.004339,below_midpoint_feather
2026-07-01T15:07:15Z,89.1356,0.894482,0.887619,-0.006864,below_midpoint_feather
2026-07-01T15:08:24Z,89.2180,0.882402,0.887360,0.004957,below_midpoint_feather
2026-07-01T15:08:43Z,89.3004,0.884120,0.874605,-0.009515,below_midpoint_feather
2026-07-01T15:09:05Z,89.3462,0.877284,0.870741,-0.006543,below_midpoint_feather
2026-07-01T15:09:20Z,89.3202,0.873167,0.878773,0.005606,below_midpoint_feather
2026-07-01T15:10:30Z,89.4514,0.863441,0.867797,0.004356,below_midpoint_feather
2026-07-01T15:10:53Z,89.5476,0.863686,0.857179,-0.006508,below_midpoint_feather
2026-07-01T15:11:00Z,89.4926,0.858536,0.865534,0.006998,below_midpoint_feather
2026-07-01T15:11:59Z,89.6757,0.853362,0.849746,-0.003616,below_midpoint_feather
2026-07-01T15:12:44Z,89.6941,0.849252,0.851149,0.001896,below_midpoint_feather
2026-07-01T15:12:47Z,89.7765,0.849424,0.845110,-0.004314,below_midpoint_feather
2026-07-01T15:13:09Z,89.8085,0.846582,0.844303,-0.002279,below_midpoint_feather
2026-07-01T15:13:24Z,89.7734,0.845392,0.847004,0.001612,below_midpoint_feather
2026-07-01T15:14:03Z,89.8787,0.844019,0.843003,-0.001016,below_midpoint_feather
2026-07-01T15:14:10Z,89.8650,0.843453,0.843669,0.000217,below_midpoint_feather
2026-07-01T15:15:00Z,90.0206,0.842401,0.841421,-0.000980,in_band
2026-07-01T15:15:05Z,90.0145,0.842292,0.840071,-0.002221,in_band
2026-07-01T15:16:00Z,90.0603,0.817291,0.816039,-0.001251,in_band
2026-07-01T15:16:59Z,90.1244,0.791088,0.789869,-0.001220,in_band
2026-07-01T15:17:00Z,90.1396,0.790651,0.789432,-0.001219,in_band
2026-07-01T15:17:59Z,90.1671,0.765211,0.764029,-0.001183,in_band
2026-07-01T15:18:00Z,90.2037,0.764787,0.763605,-0.001182,in_band
2026-07-01T15:18:59Z,90.2617,0.740147,0.739001,-0.001146,in_band
2026-07-01T15:19:00Z,90.2586,0.739736,0.738591,-0.001145,in_band
2026-07-01T15:19:59Z,90.3120,0.715890,0.714781,-0.001109,in_band
2026-07-01T15:20:00Z,90.2998,0.715492,0.714384,-0.001108,in_band
2026-07-01T15:20:59Z,90.3624,0.692423,0.691351,-0.001072,in_band
2026-07-01T15:21:00Z,90.3685,0.692039,0.690967,-0.001072,in_band
2026-07-01T15:21:59Z,90.4005,0.669724,0.668687,-0.001038,in_band
2026-07-01T15:22:00Z,90.4036,0.669352,0.668315,-0.001037,in_band
2026-07-01T15:22:59Z,90.4555,0.647768,0.646765,-0.001003,in_band
2026-07-01T15:23:00Z,90.4463,0.647408,0.646406,-0.001003,in_band
2026-07-01T15:23:59Z,90.4234,0.626532,0.625561,-0.000970,in_band
2026-07-01T15:24:00Z,90.4219,0.626184,0.625214,-0.000970,in_band
2026-07-01T15:24:59Z,90.4097,0.605992,0.605053,-0.000939,in_band
2026-07-01T15:25:00Z,90.4372,0.605655,0.604717,-0.000938,in_band
2026-07-01T15:25:59Z,90.4219,0.586125,0.585217,-0.000908,in_band
2026-07-01T15:26:00Z,90.4402,0.585800,0.584892,-0.000907,in_band
2026-07-01T15:26:59Z,90.4356,0.566910,0.566031,-0.000878,in_band
2026-07-01T15:27:00Z,90.4356,0.566595,0.565717,-0.000878,in_band
2026-07-01T15:27:59Z,90.4646,0.548324,0.547475,-0.000849,in_band
2026-07-01T15:28:00Z,90.4784,0.548020,0.547171,-0.000849,in_band
2026-07-01T15:28:59Z,90.4677,0.530348,0.529526,-0.000822,in_band
2026-07-01T15:29:00Z,90.4677,0.530053,0.529232,-0.000821,in_band
2026-07-01T15:29:59Z,90.4921,0.512961,0.512166,-0.000795,in_band
2026-07-01T15:30:00Z,90.4677,0.512676,0.511882,-0.000794,in_band
2026-07-01T15:30:59Z,90.4921,0.496144,0.495376,-0.000769,in_band
2026-07-01T15:31:00Z,90.4814,0.495869,0.495101,-0.000768,in_band
2026-07-01T15:31:59Z,90.4952,0.479879,0.479135,-0.000743,in_band
2026-07-01T15:32:00Z,90.4860,0.479612,0.478869,-0.000743,in_band
2026-07-01T15:32:59Z,90.4555,0.464146,0.463427,-0.000719,in_band
2026-07-01T15:33:00Z,90.4814,0.463888,0.463170,-0.000718,in_band
2026-07-01T15:33:59Z,90.4311,0.448930,0.448234,-0.000695,in_band
2026-07-01T15:34:00Z,90.4402,0.448681,0.447985,-0.000695,in_band
2026-07-01T15:34:59Z,90.3441,0.434212,0.433540,-0.000673,in_band
2026-07-01T15:35:00Z,90.3822,0.433971,0.433299,-0.000672,in_band
2026-07-01T15:35:59Z,90.1610,0.419977,0.419326,-0.000651,in_band
2026-07-01T15:36:00Z,90.1946,0.419744,0.419094,-0.000650,in_band
2026-07-01T15:36:57Z,89.8314,0.413625,0.415525,0.001901,below_midpoint_feather
2026-07-01T15:37:06Z,89.7719,0.418609,0.418890,0.000281,below_midpoint_feather
2026-07-01T15:37:59Z,89.3202,0.467659,0.478009,0.010350,below_midpoint_feather
2026-07-01T15:38:16Z,89.1859,0.506923,0.507473,0.000550,below_midpoint_feather
2026-07-01T15:38:59Z,88.7373,0.612404,0.645673,0.033268,below_midpoint_feather
2026-07-01T15:39:02Z,88.7739,0.632230,0.633357,0.001127,below_midpoint_feather
2026-07-01T15:39:43Z,88.2704,0.805147,0.850765,0.045618,below_midpoint_feather
2026-07-01T15:40:07Z,87.9728,0.956649,0.990687,0.034038,below_midpoint_feather
2026-07-01T15:40:14Z,87.8782,1.000000,1.000000,0.000000,below_midpoint_feather
2026-07-01T15:41:00Z,87.4052,1.000000,1.000000,0.000000,below_midpoint_feather
2026-07-01T15:42:00Z,86.7430,1.000000,1.000000,0.000000,below_midpoint_feather
2026-07-01T15:43:00Z,86.3249,1.000000,1.000000,0.000000,below_midpoint_feather
2026-07-01T15:44:00Z,85.9861,1.000000,1.000000,0.000000,below_midpoint_feather
2026-07-01T15:45:00Z,86.0914,1.000000,1.000000,0.000000,below_midpoint_feather
2026-07-01T15:46:00Z,86.1067,1.000000,1.000000,0.000000,below_midpoint_feather
2026-07-01T15:47:00Z,86.2242,1.000000,1.000000,0.000000,below_midpoint_feather
2026-07-01T15:48:00Z,86.5904,1.000000,1.000000,0.000000,below_midpoint_feather
2026-07-01T15:49:00Z,87.0130,1.000000,1.000000,0.000000,below_midpoint_feather
2026-07-01T15:50:00Z,87.4281,1.000000,1.000000,0.000000,below_midpoint_feather
2026-07-01T15:51:00Z,88.0461,1.000000,1.000000,0.000000,below_midpoint_feather
2026-07-01T15:52:00Z,88.4627,1.000000,1.000000,0.000000,below_midpoint_feather
2026-07-01T15:53:00Z,88.8441,1.000000,1.000000,0.000000,below_midpoint_feather
2026-07-01T15:54:00Z,89.0547,1.000000,1.000000,0.000000,below_midpoint_feather
2026-07-01T15:55:00Z,89.2821,1.000000,1.000000,0.000000,below_midpoint_feather
2026-07-01T15:56:00Z,89.3736,1.000000,1.000000,0.000000,below_midpoint_feather
2026-07-01T15:57:00Z,89.5521,1.000000,1.000000,0.000000,below_midpoint_feather
2026-07-01T15:58:46Z,89.9611,0.997487,0.997655,0.000168,below_midpoint_feather
2026-07-01T15:58:53Z,90.0069,0.997587,0.995500,-0.002088,in_band
2026-07-01T15:59:00Z,90.0191,0.995060,0.992981,-0.002079,in_band
2026-07-01T15:59:34Z,90.0832,0.977332,0.975236,-0.002096,in_band
2026-07-01T16:00:00Z,90.1213,0.963729,0.961639,-0.002091,in_band
2026-07-01T16:00:59Z,90.1884,0.933127,0.931074,-0.002052,in_band
2026-07-01T16:01:00Z,90.1396,0.932613,0.930562,-0.002052,in_band
2026-07-01T16:01:59Z,90.1427,0.902716,0.900720,-0.001996,in_band
2026-07-01T16:02:00Z,90.1610,0.902216,0.900221,-0.001995,in_band
2026-07-01T16:02:59Z,90.0572,0.873188,0.871253,-0.001935,in_band
2026-07-01T16:03:00Z,90.0710,0.872704,0.870770,-0.001934,in_band
2026-07-01T16:03:59Z,90.0603,0.844587,0.842714,-0.001874,in_band
2026-07-01T16:04:27Z,89.9733,0.832490,0.832583,0.000093,below_midpoint_feather
2026-07-01T16:04:52Z,89.9962,0.832652,0.830640,-0.002012,below_midpoint_feather
2026-07-01T16:05:18Z,89.9107,0.832908,0.831779,-0.001129,below_midpoint_feather
2026-07-01T16:05:38Z,89.9733,0.832965,0.830758,-0.002207,below_midpoint_feather
2026-07-01T16:06:02Z,89.9001,0.833084,0.832093,-0.000991,below_midpoint_feather
2026-07-01T16:06:47Z,90.0099,0.832547,0.827944,-0.004603,in_band
2026-07-01T16:07:00Z,90.0389,0.826561,0.821993,-0.004568,in_band
2026-07-01T16:07:59Z,90.1076,0.799925,0.795505,-0.004420,in_band
2026-07-01T16:08:00Z,90.1259,0.799481,0.795063,-0.004417,in_band
2026-07-01T16:08:59Z,90.2037,0.773706,0.769432,-0.004274,in_band
2026-07-01T16:09:00Z,90.2205,0.773277,0.769005,-0.004272,in_band
2026-07-01T16:09:59Z,90.2586,0.748344,0.744210,-0.004134,in_band
2026-07-01T16:10:00Z,90.2586,0.747929,0.743796,-0.004132,in_band
2026-07-01T16:10:59Z,90.3441,0.723811,0.719813,-0.003998,in_band
2026-07-01T16:11:00Z,90.4036,0.723409,0.719413,-0.003997,in_band
2026-07-01T16:11:59Z,90.3624,0.700082,0.696215,-0.003867,in_band
2026-07-01T16:12:00Z,90.3487,0.699694,0.695828,-0.003866,in_band
2026-07-01T16:12:59Z,90.3502,0.677131,0.673390,-0.003740,in_band
2026-07-01T16:13:00Z,90.3807,0.676755,0.673016,-0.003738,in_band
2026-07-01T16:13:59Z,90.3548,0.654932,0.651314,-0.003618,in_band
2026-07-01T16:14:00Z,90.3639,0.654568,0.650952,-0.003616,in_band
2026-07-01T16:14:59Z,90.3075,0.633461,0.629961,-0.003499,in_band
2026-07-01T16:15:00Z,90.3227,0.633109,0.629611,-0.003497,in_band
2026-07-01T16:15:59Z,90.1610,0.612693,0.609309,-0.003385,in_band
2026-07-01T16:16:00Z,90.1579,0.612353,0.608970,-0.003383,in_band
2026-07-01T16:16:59Z,90.0847,0.592607,0.589333,-0.003273,in_band
2026-07-01T16:17:00Z,90.0984,0.592278,0.589006,-0.003272,in_band
2026-07-01T16:17:58Z,89.8955,0.581984,0.581147,-0.000837,below_midpoint_feather
2026-07-01T16:18:24Z,89.8451,0.585146,0.583024,-0.002123,below_midpoint_feather
2026-07-01T16:18:57Z,89.6345,0.594040,0.598744,0.004704,below_midpoint_feather
2026-07-01T16:19:16Z,89.6086,0.605174,0.601768,-0.003407,below_midpoint_feather
2026-07-01T16:19:23Z,89.4987,0.608003,0.615846,0.007843,below_midpoint_feather
2026-07-01T16:20:37Z,89.1691,0.672578,0.682639,0.010061,below_midpoint_feather
2026-07-01T16:20:56Z,89.1218,0.699750,0.696496,-0.003254,below_midpoint_feather
2026-07-01T16:21:10Z,89.0822,0.710033,0.708795,-0.001238,below_midpoint_feather
2026-07-01T16:21:13Z,89.0227,0.710522,0.725341,0.014819,below_midpoint_feather
2026-07-01T16:22:44Z,88.7648,0.842617,0.831404,-0.011212,below_midpoint_feather
2026-07-01T16:22:59Z,88.6320,0.857390,0.886572,0.029182,below_midpoint_feather
2026-07-01T16:23:48Z,88.6000,0.933535,0.922768,-0.010767,below_midpoint_feather
2026-07-01T16:23:53Z,88.5451,0.937474,0.947811,0.010337,below_midpoint_feather
2026-07-01T16:24:13Z,88.4779,0.965811,0.987651,0.021840,below_midpoint_feather
2026-07-01T16:24:16Z,88.5191,0.973359,0.971927,-0.001432,below_midpoint_feather
2026-07-01T16:25:00Z,88.4642,1.000000,1.000000,0.000000,below_midpoint_feather
2026-07-01T16:26:00Z,88.4001,1.000000,1.000000,0.000000,below_midpoint_feather
2026-07-01T16:27:00Z,88.4077,1.000000,1.000000,0.000000,below_midpoint_feather
2026-07-01T16:28:00Z,88.4367,1.000000,1.000000,0.000000,below_midpoint_feather
2026-07-01T16:29:00Z,88.4581,1.000000,1.000000,0.000000,below_midpoint_feather
2026-07-01T16:30:00Z,88.5191,1.000000,1.000000,0.000000,below_midpoint_feather
2026-07-01T16:31:00Z,88.4810,1.000000,1.000000,0.000000,below_midpoint_feather
2026-07-01T16:32:00Z,88.4871,1.000000,1.000000,0.000000,below_midpoint_feather
2026-07-01T16:33:00Z,88.4001,1.000000,1.000000,0.000000,below_midpoint_feather
2026-07-01T16:34:00Z,88.2979,1.000000,1.000000,0.000000,below_midpoint_feather
2026-07-01T16:35:00Z,88.1712,1.000000,1.000000,0.000000,below_midpoint_feather
2026-07-01T16:36:00Z,88.1514,1.000000,1.000000,0.000000,below_midpoint_feather
2026-07-01T16:37:00Z,88.3223,1.000000,1.000000,0.000000,below_midpoint_feather
2026-07-01T16:38:00Z,88.4779,1.000000,1.000000,0.000000,below_midpoint_feather
2026-07-01T16:39:00Z,88.6870,1.000000,1.000000,0.000000,below_midpoint_feather
2026-07-01T16:40:00Z,88.9754,1.000000,1.000000,0.000000,below_midpoint_feather
2026-07-01T16:41:00Z,89.2287,1.000000,1.000000,0.000000,below_midpoint_feather
2026-07-01T16:42:00Z,89.4194,1.000000,1.000000,0.000000,below_midpoint_feather
2026-07-01T16:43:00Z,89.6315,1.000000,1.000000,0.000000,below_midpoint_feather
2026-07-01T16:44:00Z,89.6757,1.000000,1.000000,0.000000,below_midpoint_feather
2026-07-01T16:45:00Z,89.6727,1.000000,1.000000,0.000000,below_midpoint_feather
2026-07-01T16:46:00Z,89.6132,1.000000,1.000000,0.000000,below_midpoint_feather
2026-07-01T16:47:00Z,89.6803,1.000000,1.000000,0.000000,below_midpoint_feather
2026-07-01T16:48:00Z,89.6574,1.000000,1.000000,0.000000,below_midpoint_feather
2026-07-01T16:49:00Z,89.7688,1.000000,1.000000,0.000000,below_midpoint_feather
2026-07-01T16:50:00Z,89.8054,1.000000,1.000000,0.000000,below_midpoint_feather
2026-07-01T16:50:58Z,89.9825,1.000000,0.999253,-0.000747,below_midpoint_feather
2026-07-01T16:51:02Z,89.9702,1.000000,0.999381,-0.000619,below_midpoint_feather
2026-07-01T16:51:16Z,89.9245,0.999454,1.000000,0.000546,below_midpoint_feather
2026-07-01T16:52:06Z,89.9519,0.999908,1.000000,0.000092,below_midpoint_feather
2026-07-01T16:52:31Z,90.0114,0.999811,0.996473,-0.003338,in_band
2026-07-01T16:53:00Z,90.0114,0.983890,0.981711,-0.002179,in_band
2026-07-01T16:53:59Z,89.9886,0.952239,0.951203,-0.001036,below_midpoint_feather
2026-07-01T16:54:00Z,90.0435,0.951711,0.950657,-0.001054,in_band
2026-07-01T16:54:59Z,90.0832,0.921049,0.920029,-0.001020,in_band
2026-07-01T16:55:00Z,90.0328,0.920538,0.919518,-0.001020,in_band
2026-07-01T16:55:59Z,90.0435,0.890864,0.889877,-0.000987,in_band
2026-07-01T16:56:00Z,90.0374,0.890370,0.889383,-0.000987,in_band
2026-07-01T16:56:59Z,90.1198,0.861662,0.860707,-0.000955,in_band
2026-07-01T16:57:00Z,90.0938,0.861184,0.860229,-0.000955,in_band
2026-07-01T16:57:59Z,90.1671,0.833415,0.832491,-0.000924,in_band
2026-07-01T16:58:00Z,90.1488,0.832952,0.832029,-0.000923,in_band
2026-07-01T16:58:59Z,90.1900,0.806093,0.805199,-0.000893,in_band
2026-07-01T16:59:00Z,90.1946,0.805645,0.804752,-0.000893,in_band
2026-07-01T16:59:59Z,90.2037,0.779666,0.778802,-0.000864,in_band
2026-07-01T17:00:00Z,90.1610,0.779233,0.778370,-0.000864,in_band
2026-07-01T17:00:59Z,90.2296,0.754106,0.753270,-0.000836,in_band
2026-07-01T17:01:01Z,90.2129,0.753269,0.752433,-0.000835,in_band
2026-07-01T17:01:59Z,90.1396,0.729383,0.728575,-0.000809,in_band
2026-07-01T17:02:00Z,90.1564,0.728978,0.728170,-0.000808,in_band
2026-07-01T17:02:59Z,90.1488,0.705471,0.704689,-0.000782,in_band
2026-07-01T17:03:00Z,90.1488,0.705080,0.704298,-0.000782,in_band
2026-07-01T17:03:59Z,90.1610,0.682343,0.681587,-0.000756,in_band
2026-07-01T17:04:00Z,90.1564,0.681964,0.681208,-0.000756,in_band
2026-07-01T17:04:59Z,90.1762,0.659973,0.659242,-0.000731,in_band
2026-07-01T17:05:00Z,90.1625,0.659607,0.658876,-0.000731,in_band
2026-07-01T17:05:59Z,90.2083,0.638337,0.637629,-0.000708,in_band
2026-07-01T17:06:00Z,90.1717,0.637982,0.637275,-0.000707,in_band
2026-07-01T17:06:59Z,90.1854,0.617409,0.616725,-0.000684,in_band
2026-07-01T17:07:00Z,90.2266,0.617067,0.616383,-0.000684,in_band
2026-07-01T17:07:59Z,90.2296,0.597169,0.596507,-0.000662,in_band
2026-07-01T17:08:00Z,90.2586,0.596837,0.596175,-0.000661,in_band
2026-07-01T17:08:59Z,90.2586,0.577591,0.576951,-0.000640,in_band
2026-07-01T17:09:01Z,90.3075,0.576950,0.576310,-0.000640,in_band
2026-07-01T17:09:59Z,90.3182,0.558656,0.558036,-0.000619,in_band
2026-07-01T17:10:00Z,90.2815,0.558345,0.557726,-0.000619,in_band
2026-07-01T17:10:59Z,90.3212,0.540340,0.539742,-0.000599,in_band
2026-07-01T17:11:00Z,90.3136,0.540040,0.539442,-0.000599,in_band
2026-07-01T17:11:59Z,90.3349,0.522626,0.522047,-0.000579,in_band
2026-07-01T17:12:00Z,90.3365,0.522336,0.521757,-0.000579,in_band
2026-07-01T17:12:59Z,90.4280,0.505492,0.504932,-0.000560,in_band
2026-07-01T17:13:00Z,90.3822,0.505212,0.504652,-0.000560,in_band
2026-07-01T17:13:59Z,90.4692,0.488920,0.488378,-0.000542,in_band
2026-07-01T17:14:00Z,90.4555,0.488649,0.488107,-0.000542,in_band
2026-07-01T17:14:58Z,90.5180,0.473154,0.472630,-0.000524,in_band
2026-07-01T17:15:00Z,90.5638,0.472629,0.472105,-0.000524,in_band
2026-07-01T17:15:59Z,90.6111,0.457388,0.456881,-0.000507,in_band
2026-07-01T17:16:00Z,90.6523,0.457134,0.456628,-0.000507,in_band
2026-07-01T17:16:59Z,90.7332,0.442393,0.441903,-0.000490,in_band
2026-07-01T17:17:00Z,90.7393,0.442148,0.441658,-0.000490,in_band
2026-07-01T17:17:59Z,90.7881,0.427890,0.427416,-0.000474,in_band
2026-07-01T17:18:00Z,90.7393,0.427652,0.427178,-0.000474,in_band
2026-07-01T17:18:59Z,90.8446,0.413862,0.413403,-0.000459,in_band
2026-07-01T17:19:00Z,90.8721,0.413632,0.413174,-0.000459,in_band
2026-07-01T17:19:59Z,90.8583,0.400294,0.399850,-0.000444,in_band
2026-07-01T17:20:00Z,90.8583,0.400072,0.399628,-0.000443,in_band
2026-07-01T17:20:59Z,90.9575,0.387171,0.386742,-0.000429,in_band
2026-07-01T17:21:00Z,90.9545,0.386956,0.386527,-0.000429,in_band
2026-07-01T17:21:59Z,91.0124,0.374478,0.374063,-0.000415,in_band
2026-07-01T17:22:00Z,90.9987,0.374270,0.373855,-0.000415,in_band
2026-07-01T17:22:59Z,91.1177,0.362201,0.361800,-0.000401,in_band
2026-07-01T17:23:00Z,91.0948,0.362000,0.361599,-0.000401,in_band
2026-07-01T17:23:59Z,91.1406,0.350327,0.349938,-0.000388,in_band
2026-07-01T17:24:00Z,91.1238,0.350132,0.349744,-0.000388,in_band
2026-07-01T17:24:59Z,91.1727,0.338841,0.338466,-0.000375,in_band
2026-07-01T17:25:00Z,91.1467,0.338654,0.338278,-0.000375,in_band
2026-07-01T17:25:59Z,91.2016,0.327733,0.327370,-0.000363,in_band
2026-07-01T17:26:00Z,91.1421,0.327551,0.327188,-0.000363,in_band
2026-07-01T17:26:59Z,91.2139,0.316989,0.316637,-0.000351,in_band
2026-07-01T17:27:00Z,91.2062,0.316813,0.316461,-0.000351,in_band
2026-07-01T17:27:59Z,91.1971,0.306597,0.306257,-0.000340,in_band
2026-07-01T17:28:00Z,91.2001,0.306426,0.306087,-0.000340,in_band
2026-07-01T17:28:59Z,91.2459,0.296545,0.296216,-0.000329,in_band
2026-07-01T17:29:00Z,91.2871,0.296381,0.296052,-0.000329,in_band
2026-07-01T17:29:59Z,91.2886,0.286823,0.286505,-0.000318,in_band
2026-07-01T17:30:00Z,91.3344,0.286664,0.286346,-0.000318,in_band
2026-07-01T17:30:59Z,91.3390,0.277420,0.277113,-0.000307,in_band
2026-07-01T17:31:00Z,91.3298,0.277266,0.276959,-0.000307,in_band
2026-07-01T17:31:59Z,91.4061,0.268325,0.268028,-0.000297,in_band
2026-07-01T17:32:00Z,91.4122,0.268176,0.267879,-0.000297,in_band
2026-07-01T17:32:59Z,91.4977,0.259528,0.259241,-0.000288,in_band
2026-07-01T17:33:00Z,91.4580,0.259384,0.259097,-0.000288,in_band
2026-07-01T17:33:59Z,91.4015,0.251020,0.250742,-0.000278,in_band
2026-07-01T17:34:00Z,91.3939,0.250881,0.250603,-0.000278,in_band
2026-07-01T17:34:59Z,91.4702,0.242791,0.242522,-0.000269,in_band
2026-07-01T17:35:00Z,91.4443,0.242656,0.242387,-0.000269,in_band
2026-07-01T17:35:59Z,91.4260,0.234831,0.234571,-0.000260,in_band
2026-07-01T17:36:00Z,91.4443,0.234701,0.234440,-0.000260,in_band
2026-07-01T17:36:59Z,91.4717,0.227132,0.226881,-0.000252,in_band
2026-07-01T17:37:50Z,91.5129,0.220787,0.215393,-0.005395,above_band_high
2026-07-01T17:37:54Z,91.4900,0.220297,0.220788,0.000491,in_band
2026-07-01T17:38:08Z,91.5129,0.218590,0.213915,-0.004675,above_band_high
2026-07-01T17:38:10Z,91.4763,0.218348,0.219309,0.000962,in_band
2026-07-01T17:39:54Z,91.5251,0.202873,0.205974,0.003101,above_band_high
2026-07-01T17:39:57Z,91.5404,0.202817,0.199405,-0.003413,above_band_high
2026-07-01T17:40:02Z,91.5114,0.198816,0.211670,0.012854,above_band_high
2026-07-01T17:40:28Z,91.5633,0.202793,0.188711,-0.014082,above_band_high
2026-07-01T17:41:14Z,91.5801,0.192909,0.180081,-0.012827,above_band_high
2026-07-01T17:41:24Z,91.5480,0.181448,0.193349,0.011901,above_band_high
2026-07-01T17:42:04Z,91.5526,0.174938,0.189433,0.014495,above_band_high
2026-07-01T17:42:52Z,91.6182,0.174601,0.158499,-0.016102,above_band_high
2026-07-01T17:43:12Z,91.5663,0.165331,0.179157,0.013826,above_band_high
2026-07-01T17:43:34Z,91.6442,0.162924,0.144194,-0.018730,above_band_high
2026-07-01T17:44:09Z,91.6503,0.148772,0.138444,-0.010328,above_band_high
2026-07-01T17:44:54Z,91.6121,0.128456,0.149946,0.021490,above_band_high
2026-07-01T17:45:04Z,91.6686,0.135066,0.124659,-0.010407,above_band_high
2026-07-01T17:45:10Z,91.6320,0.129775,0.139546,0.009770,above_band_high
2026-07-01T17:46:22Z,91.6167,0.120907,0.136515,0.015608,above_band_high
2026-07-01T17:46:46Z,91.6808,0.117615,0.105871,-0.011743,above_band_high
2026-07-01T17:47:54Z,91.6808,0.107612,0.095913,-0.011700,above_band_high
2026-07-01T17:47:58Z,91.6045,0.108941,0.127846,0.018905,above_band_high
2026-07-01T17:48:46Z,91.6350,0.095510,0.107327,0.011816,above_band_high
2026-07-01T17:48:54Z,91.7174,0.095532,0.070913,-0.024618,above_band_high
2026-07-01T17:49:12Z,91.6991,0.090693,0.075851,-0.014842,above_band_high
2026-07-01T17:49:26Z,91.6274,0.088433,0.104192,0.015758,above_band_high
2026-07-01T17:50:16Z,91.6548,0.076394,0.084369,0.007975,above_band_high
2026-07-01T17:50:34Z,91.7220,0.077320,0.052747,-0.024572,above_band_high
2026-07-01T17:51:00Z,91.6533,0.069133,0.077708,0.008574,above_band_high
2026-07-01T17:51:54Z,91.7174,0.054858,0.041181,-0.013677,above_band_high
2026-07-01T17:52:10Z,91.6640,0.050150,0.061172,0.011022,above_band_high
2026-07-01T17:52:24Z,91.7403,0.051590,0.026137,-0.025453,above_band_high
2026-07-01T17:53:18Z,91.7174,0.041841,0.026056,-0.015785,above_band_high
2026-07-01T17:53:52Z,91.6640,0.025146,0.042491,0.017346,above_band_high
2026-07-01T17:54:30Z,91.7220,0.029580,0.010440,-0.019139,above_band_high
2026-07-01T17:54:38Z,91.6899,0.009169,0.022573,0.013405,above_band_high
2026-07-01T17:55:12Z,91.6823,0.007639,0.019071,0.011432,above_band_high
2026-07-01T17:55:22Z,91.7357,0.008210,0.000000,-0.008210,above_band_high
2026-07-01T17:56:16Z,91.6991,0.002357,0.000000,-0.002357,above_band_high
2026-07-01T17:56:30Z,91.6716,0.000000,0.007636,0.007636,above_band_high
2026-07-01T17:57:00Z,91.7220,0.000000,0.000000,0.000000,above_band_high
2026-07-01T17:58:00Z,91.6640,0.000000,0.000000,0.000000,above_band_high
2026-07-01T17:59:00Z,91.6915,0.000000,0.000000,0.000000,above_band_high
2026-07-01T18:00:00Z,91.6686,0.000000,0.000000,0.000000,above_band_high
2026-07-01T18:01:00Z,91.6854,0.000000,0.000000,0.000000,above_band_high
2026-07-01T18:02:00Z,91.6442,0.000000,0.000000,0.000000,above_band_high
2026-07-01T18:03:00Z,91.5999,0.000000,0.000000,0.000000,above_band_high
2026-07-01T18:04:14Z,91.4992,0.000000,0.006358,0.006358,in_band
2026-07-01T18:04:56Z,91.4931,0.004432,0.004156,-0.000275,in_band
2026-07-01T18:05:27Z,91.5114,0.000000,0.000000,0.000000,above_band_high
2026-07-01T18:05:54Z,91.4946,0.000000,0.002327,0.002327,in_band
2026-07-01T18:06:02Z,91.4946,0.000000,0.002158,0.002158,in_band
2026-07-01T18:06:10Z,91.5206,0.000394,0.000000,-0.000394,above_band_high
2026-07-01T18:07:00Z,91.5084,0.000000,0.000000,0.000000,above_band_high
2026-07-01T18:07:12Z,91.4885,0.000000,0.001830,0.001830,in_band
2026-07-01T18:08:00Z,91.4977,0.001220,0.001272,0.000052,in_band
2026-07-01T18:09:28Z,91.5068,0.000285,0.000000,-0.000285,above_band_high
2026-07-01T18:09:34Z,91.4809,0.000258,0.000331,0.000073,in_band
2026-07-01T18:10:00Z,91.4809,0.000168,0.000216,0.000048,in_band
2026-07-01T18:10:26Z,91.5068,0.000109,0.000000,-0.000109,above_band_high
2026-07-01T18:11:30Z,91.5221,0.000038,0.000000,-0.000038,above_band_high
2026-07-01T18:11:40Z,91.4672,0.000032,0.000095,0.000063,in_band
2026-07-01T18:12:00Z,91.4839,0.000023,0.000068,0.000045,in_band
2026-07-01T18:12:50Z,91.5068,0.000010,0.000000,-0.000010,above_band_high
2026-07-01T18:13:00Z,91.4717,0.000009,0.000038,0.000030,in_band
2026-07-01T18:13:59Z,91.4427,0.000003,0.000014,0.000011,in_band
2026-07-01T18:14:00Z,91.4565,0.000003,0.000014,0.000011,in_band
2026-07-01T18:14:59Z,91.4015,0.000001,0.000005,0.000004,in_band
2026-07-01T18:15:00Z,91.3787,0.000001,0.000005,0.000004,in_band
2026-07-01T18:15:59Z,91.3436,0.000000,0.000002,0.000002,in_band
2026-07-01T18:16:00Z,91.3741,0.000000,0.000002,0.000002,in_band
2026-07-01T18:16:59Z,91.4076,0.000000,0.000001,0.000001,in_band
2026-07-01T18:17:00Z,91.4076,0.000000,0.000001,0.000001,in_band
2026-07-01T18:17:59Z,91.4702,0.000000,0.000000,0.000000,in_band
2026-07-01T18:18:28Z,91.5023,0.000000,0.000000,-0.000000,above_band_high
2026-07-01T18:18:30Z,91.4580,0.000000,0.000005,0.000005,in_band
2026-07-01T18:21:09Z,91.3756,0.000062,0.000105,0.000043,in_band
2026-07-01T18:21:59Z,91.2474,0.000027,0.000046,0.000019,in_band
2026-07-01T18:22:00Z,91.2795,0.000027,0.000045,0.000018,in_band
2026-07-01T18:22:59Z,91.1238,0.000010,0.000017,0.000007,in_band
2026-07-01T18:23:00Z,91.1604,0.000010,0.000017,0.000007,in_band
2026-07-01T18:23:59Z,91.1177,0.000004,0.000006,0.000003,in_band
2026-07-01T18:24:00Z,91.1177,0.000004,0.000006,0.000003,in_band
2026-07-01T18:24:59Z,91.0964,0.000001,0.000002,0.000001,in_band
2026-07-01T18:25:00Z,91.1055,0.000001,0.000002,0.000001,in_band
2026-07-01T18:25:59Z,91.1650,0.000001,0.000001,0.000000,in_band
2026-07-01T18:26:00Z,91.1604,0.000001,0.000001,0.000000,in_band
2026-07-01T18:26:59Z,91.2245,0.000000,0.000000,0.000000,in_band
2026-07-01T18:27:00Z,91.2062,0.000000,0.000000,0.000000,in_band
2026-07-01T18:27:59Z,91.2917,0.000000,0.000000,0.000000,in_band
2026-07-01T18:28:00Z,91.2917,0.000000,0.000000,0.000000,in_band
2026-07-01T18:28:59Z,91.2932,0.000000,0.000000,0.000000,in_band
2026-07-01T18:29:00Z,91.3237,0.000000,0.000000,0.000000,in_band
2026-07-01T18:29:59Z,91.1543,0.000000,0.000000,0.000000,in_band
2026-07-01T18:30:00Z,91.1284,0.000000,0.000000,0.000000,in_band
2026-07-01T18:30:59Z,91.1101,0.000000,0.000000,0.000000,in_band
2026-07-01T18:31:00Z,91.1192,0.000000,0.000000,0.000000,in_band
2026-07-01T18:31:59Z,91.0719,0.000000,0.000000,0.000000,in_band
2026-07-01T18:32:00Z,91.0643,0.000000,0.000000,0.000000,in_band
2026-07-01T18:32:59Z,90.9773,0.000000,0.000000,0.000000,in_band
2026-07-01T18:33:00Z,91.0048,0.000000,0.000000,0.000000,in_band
2026-07-01T18:33:59Z,90.9392,0.000000,0.000000,0.000000,in_band
2026-07-01T18:34:00Z,90.9758,0.000000,0.000000,0.000000,in_band
2026-07-01T18:34:59Z,90.8812,0.000000,0.000000,0.000000,in_band
2026-07-01T18:35:00Z,90.8705,0.000000,0.000000,0.000000,in_band
2026-07-01T18:35:59Z,90.7805,0.000000,0.000000,0.000000,in_band
2026-07-01T18:36:00Z,90.7622,0.000000,0.000000,0.000000,in_band
2026-07-01T18:36:59Z,90.6661,0.000000,0.000000,0.000000,in_band
2026-07-01T18:37:00Z,90.6966,0.000000,0.000000,0.000000,in_band
2026-07-01T18:37:59Z,90.5241,0.000000,0.000000,0.000000,in_band
2026-07-01T18:38:00Z,90.5516,0.000000,0.000000,0.000000,in_band
2026-07-01T18:38:59Z,90.4372,0.000000,0.000000,0.000000,in_band
2026-07-01T18:39:00Z,90.4097,0.000000,0.000000,0.000000,in_band
2026-07-01T18:39:59Z,90.3639,0.000000,0.000000,0.000000,in_band
2026-07-01T18:40:00Z,90.3502,0.000000,0.000000,0.000000,in_band
2026-07-01T18:40:59Z,90.3365,0.000000,0.000000,0.000000,in_band
2026-07-01T18:41:00Z,90.3502,0.000000,0.000000,0.000000,in_band
2026-07-01T18:41:59Z,90.3441,0.000000,0.000000,0.000000,in_band
2026-07-01T18:42:00Z,90.3731,0.000000,0.000000,0.000000,in_band
2026-07-01T18:42:59Z,90.3624,0.000000,0.000000,0.000000,in_band
2026-07-01T18:43:00Z,90.3639,0.000000,0.000000,0.000000,in_band
2026-07-01T18:43:59Z,90.3441,0.000000,0.000000,0.000000,in_band
2026-07-01T18:44:00Z,90.3914,0.000000,0.000000,0.000000,in_band
2026-07-01T18:44:59Z,90.3548,0.000000,0.000000,0.000000,in_band
2026-07-01T18:45:00Z,90.3410,0.000000,0.000000,0.000000,in_band
2026-07-01T18:45:59Z,90.3502,0.000000,0.000000,0.000000,in_band
2026-07-01T18:46:00Z,90.3822,0.000000,0.000000,0.000000,in_band
2026-07-01T18:46:59Z,90.2846,0.000000,0.000000,0.000000,in_band
2026-07-01T18:47:00Z,90.3212,0.000000,0.000000,0.000000,in_band
2026-07-01T18:47:59Z,90.2983,0.000000,0.000000,0.000000,in_band
2026-07-01T18:48:00Z,90.2770,0.000000,0.000000,0.000000,in_band
2026-07-01T18:48:59Z,90.2159,0.000000,0.000000,0.000000,in_band
2026-07-01T18:49:00Z,90.2220,0.000000,0.000000,0.000000,in_band
2026-07-01T18:49:59Z,90.1976,0.000000,0.000000,0.000000,in_band
2026-07-01T18:50:00Z,90.1976,0.000000,0.000000,0.000000,in_band
2026-07-01T18:50:59Z,90.1656,0.000000,0.000000,0.000000,in_band
2026-07-01T18:51:00Z,90.1793,0.000000,0.000000,0.000000,in_band
2026-07-01T18:51:59Z,90.1762,0.000000,0.000000,0.000000,in_band
2026-07-01T18:52:00Z,90.1946,0.000000,0.000000,0.000000,in_band
2026-07-01T18:52:59Z,90.1930,0.000000,0.000000,0.000000,in_band
2026-07-01T18:53:00Z,90.1717,0.000000,0.000000,0.000000,in_band
2026-07-01T18:53:59Z,90.2571,0.000000,0.000000,0.000000,in_band
2026-07-01T18:54:00Z,90.2403,0.000000,0.000000,0.000000,in_band
2026-07-01T18:54:59Z,90.3349,0.000000,0.000000,0.000000,in_band
2026-07-01T18:55:00Z,90.3395,0.000000,0.000000,0.000000,in_band
2026-07-01T18:55:59Z,90.3944,0.000000,0.000000,0.000000,in_band
2026-07-01T18:56:00Z,90.4097,0.000000,0.000000,0.000000,in_band
2026-07-01T18:56:59Z,90.5089,0.000000,0.000000,0.000000,in_band
2026-07-01T18:57:00Z,90.5241,0.000000,0.000000,0.000000,in_band
2026-07-01T18:57:59Z,90.6157,0.000000,0.000000,0.000000,in_band
2026-07-01T18:58:00Z,90.6386,0.000000,0.000000,0.000000,in_band
2026-07-01T18:58:59Z,90.7301,0.000000,0.000000,0.000000,in_band
2026-07-01T18:59:00Z,90.7210,0.000000,0.000000,0.000000,in_band
2026-07-01T18:59:59Z,90.7942,0.000000,0.000000,0.000000,in_band
2026-07-01T19:00:00Z,90.8217,0.000000,0.000000,0.000000,in_band
2026-07-01T19:00:59Z,90.9026,0.000000,0.000000,0.000000,in_band
2026-07-01T19:01:00Z,90.8675,0.000000,0.000000,0.000000,in_band
2026-07-01T19:01:59Z,91.0048,0.000000,0.000000,0.000000,in_band
2026-07-01T19:02:00Z,91.0094,0.000000,0.000000,0.000000,in_band
2026-07-01T19:02:59Z,91.1330,0.000000,0.000000,0.000000,in_band
2026-07-01T19:03:00Z,91.1040,0.000000,0.000000,0.000000,in_band
2026-07-01T19:03:59Z,91.1925,0.000000,0.000000,0.000000,in_band
2026-07-01T19:04:00Z,91.1955,0.000000,0.000000,0.000000,in_band
2026-07-01T19:04:59Z,91.2657,0.000000,0.000000,0.000000,in_band
2026-07-01T19:05:00Z,91.2688,0.000000,0.000000,0.000000,in_band
2026-07-01T19:05:59Z,91.2825,0.000000,0.000000,0.000000,in_band
2026-07-01T19:06:00Z,91.2825,0.000000,0.000000,0.000000,in_band
2026-07-01T19:06:59Z,91.2612,0.000000,0.000000,0.000000,in_band
2026-07-01T19:07:00Z,91.2917,0.000000,0.000000,0.000000,in_band
2026-07-01T19:07:59Z,91.3008,0.000000,0.000000,0.000000,in_band
2026-07-01T19:08:00Z,91.3344,0.000000,0.000000,0.000000,in_band
2026-07-01T19:08:59Z,91.2688,0.000000,0.000000,0.000000,in_band
2026-07-01T19:09:00Z,91.3329,0.000000,0.000000,0.000000,in_band
2026-07-01T19:09:59Z,91.3436,0.000000,0.000000,0.000000,in_band
2026-07-01T19:10:00Z,91.3329,0.000000,0.000000,0.000000,in_band
2026-07-01T19:10:59Z,91.3191,0.000000,0.000000,0.000000,in_band
2026-07-01T19:11:00Z,91.3527,0.000000,0.000000,0.000000,in_band
2026-07-01T19:11:59Z,91.3298,0.000000,0.000000,0.000000,in_band
2026-07-01T19:12:00Z,91.3558,0.000000,0.000000,0.000000,in_band
2026-07-01T19:12:59Z,91.3237,0.000000,0.000000,0.000000,in_band
2026-07-01T19:13:00Z,91.3390,0.000000,0.000000,0.000000,in_band
2026-07-01T19:13:59Z,91.3512,0.000000,0.000000,0.000000,in_band
2026-07-01T19:14:00Z,91.3710,0.000000,0.000000,0.000000,in_band
2026-07-01T19:14:59Z,91.3832,0.000000,0.000000,0.000000,in_band
2026-07-01T19:15:00Z,91.3710,0.000000,0.000000,0.000000,in_band
2026-07-01T19:15:59Z,91.3832,0.000000,0.000000,0.000000,in_band
2026-07-01T19:16:00Z,91.3619,0.000000,0.000000,0.000000,in_band
2026-07-01T19:16:59Z,91.3329,0.000000,0.000000,0.000000,in_band
2026-07-01T19:17:00Z,91.3191,0.000000,0.000000,0.000000,in_band
2026-07-01T19:17:59Z,91.3481,0.000000,0.000000,0.000000,in_band
2026-07-01T19:18:00Z,91.3100,0.000000,0.000000,0.000000,in_band
2026-07-01T19:18:59Z,91.3024,0.000000,0.000000,0.000000,in_band
2026-07-01T19:19:00Z,91.2886,0.000000,0.000000,0.000000,in_band
2026-07-01T19:19:59Z,91.1406,0.000000,0.000000,0.000000,in_band
2026-07-01T19:20:00Z,91.1131,0.000000,0.000000,0.000000,in_band
2026-07-01T19:20:59Z,90.9758,0.000000,0.000000,0.000000,in_band
2026-07-01T19:21:00Z,90.9636,0.000000,0.000000,0.000000,in_band
2026-07-01T19:21:59Z,90.8034,0.000000,0.000000,0.000000,in_band
2026-07-01T19:22:00Z,90.8034,0.000000,0.000000,0.000000,in_band
2026-07-01T19:22:59Z,90.7103,0.000000,0.000000,0.000000,in_band
2026-07-01T19:23:00Z,90.7027,0.000000,0.000000,0.000000,in_band
2026-07-01T19:23:59Z,90.6798,0.000000,0.000000,0.000000,in_band
2026-07-01T19:24:00Z,90.6966,0.000000,0.000000,0.000000,in_band
2026-07-01T19:24:59Z,90.6477,0.000000,0.000000,0.000000,in_band
2026-07-01T19:25:00Z,90.6188,0.000000,0.000000,0.000000,in_band
2026-07-01T19:25:59Z,90.6340,0.000000,0.000000,0.000000,in_band
2026-07-01T19:26:00Z,90.6645,0.000000,0.000000,0.000000,in_band
2026-07-01T19:26:59Z,90.6920,0.000000,0.000000,0.000000,in_band
2026-07-01T19:27:00Z,90.6645,0.000000,0.000000,0.000000,in_band
2026-07-01T19:27:59Z,90.7164,0.000000,0.000000,0.000000,in_band
2026-07-01T19:28:00Z,90.6874,0.000000,0.000000,0.000000,in_band
2026-07-01T19:28:59Z,90.7256,0.000000,0.000000,0.000000,in_band
2026-07-01T19:29:00Z,90.7210,0.000000,0.000000,0.000000,in_band
2026-07-01T19:29:59Z,90.7347,0.000000,0.000000,0.000000,in_band
2026-07-01T19:30:00Z,90.7424,0.000000,0.000000,0.000000,in_band
2026-07-01T19:30:59Z,90.7332,0.000000,0.000000,0.000000,in_band
2026-07-01T19:31:00Z,90.7012,0.000000,0.000000,0.000000,in_band
2026-07-01T19:31:59Z,90.7012,0.000000,0.000000,0.000000,in_band
2026-07-01T19:32:00Z,90.6477,0.000000,0.000000,0.000000,in_band
2026-07-01T19:32:59Z,90.7256,0.000000,0.000000,0.000000,in_band
2026-07-01T19:33:00Z,90.7149,0.000000,0.000000,0.000000,in_band
2026-07-01T19:33:59Z,90.6783,0.000000,0.000000,0.000000,in_band
2026-07-01T19:34:00Z,90.6706,0.000000,0.000000,0.000000,in_band
2026-07-01T19:34:59Z,90.7210,0.000000,0.000000,0.000000,in_band
2026-07-01T19:35:00Z,90.6706,0.000000,0.000000,0.000000,in_band
2026-07-01T19:35:59Z,90.6569,0.000000,0.000000,0.000000,in_band
2026-07-01T19:36:00Z,90.6844,0.000000,0.000000,0.000000,in_band
2026-07-01T19:36:59Z,90.6477,0.000000,0.000000,0.000000,in_band
2026-07-01T19:37:00Z,90.6462,0.000000,0.000000,0.000000,in_band
2026-07-01T19:37:59Z,90.6142,0.000000,0.000000,0.000000,in_band
2026-07-01T19:38:00Z,90.6279,0.000000,0.000000,0.000000,in_band
2026-07-01T19:38:59Z,90.5699,0.000000,0.000000,0.000000,in_band
2026-07-01T19:39:00Z,90.5882,0.000000,0.000000,0.000000,in_band
2026-07-01T19:39:59Z,90.5882,0.000000,0.000000,0.000000,in_band
2026-07-01T19:40:00Z,90.5653,0.000000,0.000000,0.000000,in_band
2026-07-01T19:40:59Z,90.5425,0.000000,0.000000,0.000000,in_band
2026-07-01T19:41:00Z,90.5455,0.000000,0.000000,0.000000,in_band
2026-07-01T19:41:59Z,90.4967,0.000000,0.000000,0.000000,in_band
2026-07-01T19:42:00Z,90.4906,0.000000,0.000000,0.000000,in_band
2026-07-01T19:42:59Z,90.4494,0.000000,0.000000,0.000000,in_band
2026-07-01T19:43:00Z,90.4448,0.000000,0.000000,0.000000,in_band
2026-07-01T19:43:59Z,90.4509,0.000000,0.000000,0.000000,in_band
2026-07-01T19:44:00Z,90.4555,0.000000,0.000000,0.000000,in_band
2026-07-01T19:44:59Z,90.3990,0.000000,0.000000,0.000000,in_band
2026-07-01T19:45:00Z,90.3853,0.000000,0.000000,0.000000,in_band
2026-07-01T19:45:59Z,90.3899,0.000000,0.000000,0.000000,in_band
2026-07-01T19:46:00Z,90.4051,0.000000,0.000000,0.000000,in_band
2026-07-01T19:46:59Z,90.3532,0.000000,0.000000,0.000000,in_band
2026-07-01T19:47:00Z,90.3731,0.000000,0.000000,0.000000,in_band
2026-07-01T19:47:59Z,90.3593,0.000000,0.000000,0.000000,in_band
2026-07-01T19:48:00Z,90.3624,0.000000,0.000000,0.000000,in_band
2026-07-01T19:48:59Z,90.3487,0.000000,0.000000,0.000000,in_band
2026-07-01T19:49:00Z,90.3304,0.000000,0.000000,0.000000,in_band
2026-07-01T19:49:59Z,90.3090,0.000000,0.000000,0.000000,in_band
2026-07-01T19:50:00Z,90.3166,0.000000,0.000000,0.000000,in_band
2026-07-01T19:50:59Z,90.2846,0.000000,0.000000,0.000000,in_band
2026-07-01T19:51:00Z,90.3029,0.000000,0.000000,0.000000,in_band
2026-07-01T19:51:58Z,90.2708,0.000000,0.000000,0.000000,in_band
2026-07-01T19:52:01Z,90.2495,0.000000,0.000000,0.000000,in_band
2026-07-01T19:52:58Z,90.2449,0.000000,0.000000,0.000000,in_band
2026-07-01T19:53:00Z,90.2251,0.000000,0.000000,0.000000,in_band
2026-07-01T19:53:59Z,90.2251,0.000000,0.000000,0.000000,in_band
2026-07-01T19:54:00Z,90.2129,0.000000,0.000000,0.000000,in_band
2026-07-01T19:54:59Z,90.1854,0.000000,0.000000,0.000000,in_band
2026-07-01T19:55:07Z,90.1701,0.000000,0.000000,0.000000,in_band
2026-07-01T19:55:59Z,90.1671,0.000000,0.000000,0.000000,in_band
2026-07-01T19:56:12Z,90.1564,0.000000,0.000000,-0.000000,in_band
2026-07-01T19:56:13Z,90.1564,0.000000,0.000000,0.000000,in_band
2026-07-01T19:57:00Z,90.0923,0.000000,0.000000,0.000000,in_band
2026-07-01T19:57:59Z,90.0893,0.000000,0.000000,0.000000,in_band
2026-07-01T19:58:00Z,90.1122,0.000000,0.000000,0.000000,in_band
2026-07-01T19:58:59Z,90.0572,0.000000,0.000000,0.000000,in_band
2026-07-01T19:59:00Z,90.0511,0.000000,0.000000,0.000000,in_band
2026-07-01T19:59:59Z,90.0374,0.000000,0.000000,0.000000,in_band
2026-07-01T20:00:28Z,89.9962,0.000000,0.000002,0.000002,below_midpoint_feather
2026-07-01T20:00:32Z,90.0282,0.000000,0.000000,0.000000,in_band
2026-07-01T20:01:40Z,89.9657,0.000000,0.000168,0.000168,below_midpoint_feather
2026-07-01T20:01:44Z,90.0145,0.000044,0.000000,-0.000044,in_band
2026-07-01T20:02:16Z,89.9275,0.000126,0.000748,0.000622,below_midpoint_feather
2026-07-01T20:02:56Z,89.9702,0.000574,0.000134,-0.000440,below_midpoint_feather
2026-07-01T20:03:34Z,89.9062,0.000483,0.001277,0.000793,below_midpoint_feather
2026-07-01T20:03:58Z,89.9519,0.000747,0.000368,-0.000379,below_midpoint_feather
2026-07-01T20:04:34Z,89.8695,0.000639,0.002502,0.001862,below_midpoint_feather
2026-07-01T20:04:52Z,89.9199,0.001932,0.001022,-0.000911,below_midpoint_feather
2026-07-01T20:05:06Z,89.8817,0.001178,0.002127,0.000949,below_midpoint_feather
2026-07-01T20:05:32Z,89.9001,0.002324,0.001619,-0.000705,below_midpoint_feather
2026-07-01T20:06:52Z,89.8909,0.003237,0.002193,-0.001044,below_midpoint_feather
2026-07-01T20:06:54Z,89.8238,0.003247,0.004928,0.001681,below_midpoint_feather
2026-07-01T20:07:20Z,89.8543,0.005034,0.003677,-0.001356,below_midpoint_feather
2026-07-01T20:07:46Z,89.7917,0.004403,0.007005,0.002602,below_midpoint_feather
2026-07-01T20:08:22Z,89.8314,0.007511,0.005179,-0.002332,below_midpoint_feather
2026-07-01T20:08:46Z,89.7536,0.006949,0.010027,0.003078,below_midpoint_feather
2026-07-01T20:09:05Z,89.7414,0.008835,0.011135,0.002299,below_midpoint_feather
2026-07-01T20:09:50Z,89.7810,0.010793,0.009086,-0.001707,below_midpoint_feather
2026-07-01T20:10:14Z,89.7673,0.011725,0.010367,-0.001358,below_midpoint_feather
2026-07-01T20:10:52Z,89.6818,0.012865,0.017777,0.004912,below_midpoint_feather
2026-07-01T20:11:19Z,89.6849,0.015564,0.018080,0.002515,below_midpoint_feather
2026-07-01T20:11:42Z,89.7444,0.016723,0.013787,-0.002937,below_midpoint_feather
2026-07-01T20:12:30Z,89.6727,0.018323,0.020944,0.002621,below_midpoint_feather
2026-07-01T20:12:44Z,89.7215,0.020311,0.017117,-0.003194,below_midpoint_feather
2026-07-01T20:13:38Z,89.6437,0.020808,0.025721,0.004913,below_midpoint_feather
2026-07-01T20:13:46Z,89.7002,0.022693,0.020698,-0.001995,below_midpoint_feather
2026-07-01T20:14:30Z,89.6254,0.024923,0.029260,0.004337,below_midpoint_feather
2026-07-01T20:14:58Z,89.7047,0.025275,0.022651,-0.002624,below_midpoint_feather
2026-07-01T20:15:06Z,89.6895,0.026122,0.024243,-0.001878,below_midpoint_feather
2026-07-01T20:15:30Z,89.6254,0.026958,0.031334,0.004375,below_midpoint_feather
2026-07-01T20:16:28Z,89.6620,0.033564,0.029800,-0.003764,below_midpoint_feather
2026-07-01T20:16:32Z,89.5766,0.032273,0.039214,0.006941,below_midpoint_feather
2026-07-01T20:17:40Z,89.5476,0.049622,0.045954,-0.003667,below_midpoint_feather
2026-07-01T20:17:55Z,89.4560,0.052582,0.059781,0.007199,below_midpoint_feather
2026-07-01T20:18:50Z,89.4301,0.074534,0.067902,-0.006632,below_midpoint_feather
2026-07-01T20:18:57Z,89.3370,0.074082,0.084847,0.010765,below_midpoint_feather
2026-07-01T20:19:44Z,89.3690,0.093130,0.083848,-0.009282,below_midpoint_feather
2026-07-01T20:19:56Z,89.2653,0.093963,0.105453,0.011490,below_midpoint_feather
2026-07-01T20:20:41Z,89.2790,0.101750,0.108680,0.006930,below_midpoint_feather
2026-07-01T20:20:50Z,89.3294,0.105457,0.100017,-0.005440,below_midpoint_feather
2026-07-01T20:21:48Z,89.2226,0.122183,0.130966,0.008783,below_midpoint_feather
2026-07-01T20:21:56Z,89.2866,0.127393,0.118690,-0.008704,below_midpoint_feather
2026-07-01T20:22:08Z,89.2866,0.128081,0.120701,-0.007380,below_midpoint_feather
2026-07-01T20:22:30Z,89.2424,0.123591,0.133755,0.010164,below_midpoint_feather
2026-07-01T20:23:10Z,89.2409,0.133390,0.141079,0.007688,below_midpoint_feather
2026-07-01T20:23:32Z,89.3187,0.138828,0.128999,-0.009830,below_midpoint_feather
2026-07-01T20:24:00Z,89.3019,0.140916,0.137202,-0.003714,below_midpoint_feather
2026-07-01T20:24:52Z,89.2515,0.144727,0.156568,0.011841,below_midpoint_feather
2026-07-01T20:25:16Z,89.2775,0.148834,0.155246,0.006412,below_midpoint_feather
2026-07-01T20:25:24Z,89.3339,0.151710,0.145454,-0.006256,below_midpoint_feather
2026-07-01T20:26:30Z,89.3797,0.152737,0.147764,-0.004972,below_midpoint_feather
2026-07-01T20:26:50Z,89.3477,0.147850,0.156595,0.008745,below_midpoint_feather
2026-07-01T20:27:24Z,89.3568,0.151965,0.159784,0.007819,below_midpoint_feather
2026-07-01T20:27:34Z,89.4377,0.154663,0.147294,-0.007369,below_midpoint_feather
2026-07-01T20:28:04Z,89.4759,0.152000,0.145390,-0.006610,below_midpoint_feather
2026-07-01T20:28:44Z,89.4301,0.148413,0.157372,0.008959,below_midpoint_feather
2026-07-01T20:29:24Z,89.5293,0.152081,0.147012,-0.005069,below_midpoint_feather
2026-07-01T20:29:56Z,89.5079,0.149482,0.153066,0.003584,below_midpoint_feather
2026-07-01T20:30:23Z,89.5842,0.150098,0.145613,-0.004485,below_midpoint_feather
2026-07-01T20:30:46Z,89.5308,0.149679,0.154218,0.004539,below_midpoint_feather
2026-07-01T20:31:07Z,89.5842,0.152275,0.149117,-0.003158,below_midpoint_feather
2026-07-01T20:31:16Z,89.5171,0.153149,0.158366,0.005217,below_midpoint_feather
2026-07-01T20:32:28Z,89.5567,0.154125,0.158020,0.003894,below_midpoint_feather
2026-07-01T20:32:36Z,89.6132,0.156281,0.151859,-0.004422,below_midpoint_feather
2026-07-01T20:33:12Z,89.6178,0.156681,0.153581,-0.003100,below_midpoint_feather
2026-07-01T20:33:36Z,89.5491,0.155683,0.163167,0.007483,below_midpoint_feather
2026-07-01T20:34:00Z,89.6071,0.161383,0.157631,-0.003751,below_midpoint_feather
2026-07-01T20:34:20Z,89.5354,0.162021,0.167576,0.005554,below_midpoint_feather
2026-07-01T20:35:00Z,89.5750,0.168848,0.164989,-0.003858,below_midpoint_feather
2026-07-01T20:35:58Z,89.5018,0.169771,0.178282,0.008510,below_midpoint_feather
2026-07-01T20:36:22Z,89.5903,0.174640,0.168406,-0.006234,below_midpoint_feather
2026-07-01T20:36:26Z,89.5155,0.173114,0.178177,0.005063,below_midpoint_feather
2026-07-01T20:37:04Z,89.6086,0.172962,0.169108,-0.003854,below_midpoint_feather
2026-07-01T20:37:56Z,89.5659,0.174165,0.177481,0.003316,below_midpoint_feather
2026-07-01T20:38:44Z,89.5033,0.184038,0.188781,0.004743,below_midpoint_feather
2026-07-01T20:38:52Z,89.5583,0.185574,0.181970,-0.003604,below_midpoint_feather
2026-07-01T20:39:08Z,89.5079,0.183816,0.189720,0.005904,below_midpoint_feather
2026-07-01T20:39:28Z,89.5842,0.185158,0.181224,-0.003934,below_midpoint_feather
2026-07-01T20:40:12Z,89.6407,0.182305,0.177914,-0.004391,below_midpoint_feather
2026-07-01T20:40:20Z,89.5583,0.182811,0.187803,0.004993,below_midpoint_feather
2026-07-01T20:41:14Z,89.6620,0.184509,0.179531,-0.004978,below_midpoint_feather
2026-07-01T20:41:32Z,89.6086,0.181646,0.186080,0.004434,below_midpoint_feather
2026-07-01T20:42:04Z,89.6452,0.178582,0.183829,0.005247,below_midpoint_feather
2026-07-01T20:42:18Z,89.6956,0.183946,0.179749,-0.004197,below_midpoint_feather
2026-07-01T20:43:00Z,89.6483,0.182830,0.185988,0.003158,below_midpoint_feather
2026-07-01T20:43:04Z,89.6941,0.185637,0.181873,-0.003764,below_midpoint_feather
2026-07-01T20:44:26Z,89.7002,0.186486,0.184535,-0.001952,below_midpoint_feather
2026-07-01T20:44:48Z,89.6498,0.184824,0.189968,0.005144,below_midpoint_feather
2026-07-01T20:45:10Z,89.6483,0.186786,0.190885,0.004099,below_midpoint_feather
2026-07-01T20:45:52Z,89.7215,0.187869,0.185815,-0.002054,below_midpoint_feather
2026-07-01T20:46:48Z,89.7322,0.189940,0.186923,-0.003018,below_midpoint_feather
2026-07-01T20:46:52Z,89.6590,0.189540,0.193399,0.003858,below_midpoint_feather
2026-07-01T20:47:46Z,89.7536,0.188794,0.187263,-0.001531,below_midpoint_feather
2026-07-01T20:47:50Z,89.6895,0.188449,0.192465,0.004015,below_midpoint_feather
2026-07-01T20:48:40Z,89.7597,0.189879,0.188394,-0.001485,below_midpoint_feather
2026-07-01T20:48:44Z,89.7124,0.189411,0.192051,0.002639,below_midpoint_feather
2026-07-01T20:49:00Z,89.7536,0.191104,0.189331,-0.001773,below_midpoint_feather
2026-07-01T20:49:16Z,89.7002,0.189889,0.193884,0.003995,below_midpoint_feather
2026-07-01T20:50:10Z,89.7581,0.188385,0.190660,0.002275,below_midpoint_feather
2026-07-01T20:50:22Z,89.7963,0.190097,0.188485,-0.001613,below_midpoint_feather
2026-07-01T20:51:24Z,89.7734,0.188728,0.191048,0.002320,below_midpoint_feather
2026-07-01T20:51:46Z,89.8421,0.188850,0.187661,-0.001188,below_midpoint_feather
2026-07-01T20:52:26Z,89.7902,0.188191,0.190951,0.002760,below_midpoint_feather
2026-07-01T20:52:52Z,89.8558,0.188153,0.187968,-0.000185,below_midpoint_feather
2026-07-01T20:53:10Z,89.8238,0.188147,0.189629,0.001482,below_midpoint_feather
2026-07-01T20:53:22Z,89.8634,0.189128,0.187992,-0.001135,below_midpoint_feather
2026-07-01T20:54:04Z,89.8375,0.187754,0.189510,0.001756,below_midpoint_feather
2026-07-01T20:54:12Z,89.8772,0.188370,0.187972,-0.000398,below_midpoint_feather
2026-07-01T20:55:36Z,89.9092,0.188132,0.187633,-0.000499,below_midpoint_feather
2026-07-01T20:55:42Z,89.8726,0.187403,0.188808,0.001405,below_midpoint_feather
2026-07-01T20:56:28Z,89.9413,0.187655,0.187239,-0.000415,below_midpoint_feather
2026-07-01T20:56:36Z,89.8741,0.187692,0.189039,0.001346,below_midpoint_feather
2026-07-01T20:57:00Z,89.9458,0.188065,0.187305,-0.000760,below_midpoint_feather
2026-07-01T20:57:50Z,89.9001,0.187264,0.188492,0.001228,below_midpoint_feather
2026-07-01T20:58:12Z,89.9565,0.187625,0.187409,-0.000215,below_midpoint_feather
2026-07-01T20:58:14Z,89.8558,0.187740,0.190103,0.002363,below_midpoint_feather
2026-07-01T20:59:00Z,89.8787,0.187947,0.189374,0.001427,below_midpoint_feather
2026-07-01T20:59:28Z,89.9428,0.187833,0.187823,-0.000011,below_midpoint_feather
2026-07-01T21:00:12Z,89.9504,0.187799,0.187816,0.000017,below_midpoint_feather
2026-07-01T21:00:28Z,89.9245,0.187370,0.188311,0.000941,below_midpoint_feather
2026-07-01T21:01:08Z,89.9245,0.187271,0.188381,0.001110,below_midpoint_feather
2026-07-01T21:01:40Z,89.9748,0.187457,0.187702,0.000245,below_midpoint_feather
2026-07-01T21:02:06Z,89.8863,0.187873,0.189480,0.001607,below_midpoint_feather
2026-07-01T21:02:10Z,89.9687,0.187704,0.187786,0.000081,below_midpoint_feather
2026-07-01T21:03:04Z,89.9962,0.187613,0.187712,0.000098,below_midpoint_feather
2026-07-01T21:03:17Z,89.9428,0.187358,0.188189,0.000831,below_midpoint_feather
2026-07-01T21:04:03Z,90.0008,0.187276,0.187346,0.000070,in_band
2026-07-01T21:04:29Z,89.9931,0.184598,0.185297,0.000700,below_midpoint_feather
2026-07-01T21:05:00Z,90.0649,0.181456,0.182137,0.000682,in_band
2026-07-01T21:05:59Z,90.0649,0.175614,0.176274,0.000660,in_band
2026-07-01T21:06:00Z,90.1076,0.175517,0.176176,0.000659,in_band
2026-07-01T21:06:59Z,90.1701,0.169860,0.170499,0.000639,in_band
2026-07-01T21:07:00Z,90.1930,0.169766,0.170404,0.000638,in_band
2026-07-01T21:07:59Z,90.2449,0.164293,0.164910,0.000618,in_band
2026-07-01T21:08:00Z,90.2312,0.164202,0.164819,0.000617,in_band
2026-07-01T21:08:59Z,90.2708,0.158907,0.159505,0.000597,in_band
2026-07-01T21:09:00Z,90.2708,0.158819,0.159416,0.000597,in_band
2026-07-01T21:09:59Z,90.2892,0.153698,0.154276,0.000578,in_band
2026-07-01T21:10:00Z,90.2861,0.153612,0.154190,0.000577,in_band
2026-07-01T21:10:59Z,90.3670,0.148659,0.149218,0.000559,in_band
2026-07-01T21:11:00Z,90.3593,0.148577,0.149135,0.000558,in_band
2026-07-01T21:11:59Z,90.3716,0.143786,0.144326,0.000540,in_band
2026-07-01T21:12:00Z,90.3807,0.143706,0.144246,0.000540,in_band
2026-07-01T21:12:59Z,90.4692,0.139072,0.139594,0.000523,in_band
2026-07-01T21:13:00Z,90.4494,0.138994,0.139517,0.000522,in_band
2026-07-01T21:13:59Z,90.4860,0.134512,0.135018,0.000506,in_band
2026-07-01T21:14:00Z,90.5287,0.134438,0.134943,0.000505,in_band
2026-07-01T21:14:59Z,90.6737,0.130103,0.130592,0.000489,in_band
2026-07-01T21:15:00Z,90.6661,0.130030,0.130519,0.000489,in_band
2026-07-01T21:15:59Z,90.8034,0.125837,0.126310,0.000473,in_band
2026-07-01T21:16:00Z,90.7698,0.125767,0.126240,0.000473,in_band
2026-07-01T21:16:59Z,90.9300,0.121712,0.122169,0.000457,in_band
2026-07-01T21:17:00Z,90.9346,0.121644,0.122101,0.000457,in_band
2026-07-01T21:17:59Z,91.0643,0.117722,0.118164,0.000442,in_band
2026-07-01T21:18:00Z,91.0445,0.117656,0.118098,0.000442,in_band
2026-07-01T21:18:59Z,91.1284,0.113862,0.114290,0.000428,in_band
2026-07-01T21:19:00Z,91.1360,0.113799,0.114227,0.000428,in_band
2026-07-01T21:19:59Z,91.2093,0.110129,0.110543,0.000414,in_band
2026-07-01T21:20:00Z,91.2047,0.110068,0.110482,0.000414,in_band
2026-07-01T21:20:59Z,91.2367,0.106519,0.106919,0.000400,in_band
2026-07-01T21:21:00Z,91.2932,0.106460,0.106860,0.000400,in_band
2026-07-01T21:21:59Z,91.3787,0.103027,0.103414,0.000387,in_band
2026-07-01T21:22:00Z,91.3619,0.102970,0.103357,0.000387,in_band
2026-07-01T21:22:59Z,91.4122,0.099649,0.100024,0.000375,in_band
2026-07-01T21:23:00Z,91.4214,0.099594,0.099968,0.000374,in_band
2026-07-01T21:23:59Z,91.4763,0.096382,0.096745,0.000362,in_band
2026-07-01T21:24:24Z,91.5160,0.095053,0.088645,-0.006408,above_band_high
2026-07-01T21:24:44Z,91.5068,0.091142,0.091806,0.000664,above_band_high
2026-07-01T21:26:39Z,91.6182,0.056155,0.042072,-0.014083,above_band_high
2026-07-01T21:26:54Z,91.5724,0.043718,0.060812,0.017095,above_band_high
2026-07-01T21:27:12Z,91.6548,0.044566,0.024507,-0.020059,above_band_high
2026-07-01T21:27:42Z,91.6030,0.034457,0.044229,0.009772,above_band_high
2026-07-01T21:28:18Z,91.6548,0.005419,0.018329,0.012910,above_band_high
2026-07-01T21:28:56Z,91.6869,0.018108,0.000000,-0.018108,above_band_high
2026-07-01T21:29:28Z,91.6304,0.011108,0.019336,0.008228,above_band_high
2026-07-01T21:29:40Z,91.6732,0.009420,0.000000,-0.009420,above_band_high
2026-07-01T21:30:02Z,91.6274,0.002383,0.015747,0.013364,above_band_high
2026-07-01T21:30:18Z,91.6594,0.002649,0.000000,-0.002649,above_band_high
2026-07-01T21:31:00Z,91.6854,0.000000,0.000000,0.000000,above_band_high
2026-07-01T21:31:14Z,91.6365,0.000000,0.001087,0.001087,above_band_high
2026-07-01T21:32:00Z,91.6945,0.000000,0.000000,0.000000,above_band_high
2026-07-01T21:33:00Z,91.6777,0.000000,0.000000,0.000000,above_band_high
2026-07-01T21:34:00Z,91.7281,0.000000,0.000000,0.000000,above_band_high
2026-07-01T21:35:00Z,91.7678,0.000000,0.000000,0.000000,above_band_high
2026-07-01T21:36:00Z,91.7739,0.000000,0.000000,0.000000,above_band_high
2026-07-01T21:37:00Z,91.8090,0.000000,0.000000,0.000000,above_band_high
2026-07-01T21:38:00Z,91.8151,0.000000,0.000000,0.000000,above_band_high
2026-07-01T21:39:00Z,91.8379,0.000000,0.000000,0.000000,above_band_high
2026-07-01T21:40:00Z,91.8151,0.000000,0.000000,0.000000,above_band_high
2026-07-01T21:41:00Z,91.8608,0.000000,0.000000,0.000000,above_band_high
2026-07-01T21:42:00Z,91.8608,0.000000,0.000000,0.000000,above_band_high
2026-07-01T21:43:00Z,91.8654,0.000000,0.000000,0.000000,above_band_high
2026-07-01T21:44:00Z,91.8929,0.000000,0.000000,0.000000,above_band_high
2026-07-01T21:45:00Z,91.8822,0.000000,0.000000,0.000000,above_band_high
2026-07-01T21:46:00Z,91.9142,0.000000,0.000000,0.000000,above_band_high
2026-07-01T21:47:00Z,91.9112,0.000000,0.000000,0.000000,above_band_high
2026-07-01T21:48:00Z,91.8959,0.000000,0.000000,0.000000,above_band_high
2026-07-01T21:49:00Z,91.9280,0.000000,0.000000,0.000000,above_band_high
2026-07-01T21:50:00Z,91.9829,0.000000,0.000000,0.000000,above_band_high
2026-07-01T21:51:00Z,91.9615,0.000000,0.000000,0.000000,above_band_high
2026-07-01T21:52:00Z,91.9921,0.000000,0.000000,0.000000,above_band_high
2026-07-01T21:53:00Z,92.0150,0.000000,0.000000,0.000000,above_band_high
2026-07-01T21:54:00Z,91.9966,0.000000,0.000000,0.000000,above_band_high
2026-07-01T21:55:00Z,92.0150,0.000000,0.000000,0.000000,above_band_high
2026-07-01T21:56:00Z,92.0256,0.000000,0.000000,0.000000,above_band_high
2026-07-01T21:57:00Z,92.0653,0.000000,0.000000,0.000000,above_band_high
2026-07-01T21:58:00Z,92.0760,0.000000,0.000000,0.000000,above_band_high
2026-07-01T21:59:00Z,92.0714,0.000000,0.000000,0.000000,above_band_high
2026-07-01T22:00:00Z,92.0836,0.000000,0.000000,0.000000,above_band_high
2026-07-01T22:01:00Z,92.1355,0.000000,0.000000,0.000000,above_band_high
2026-07-01T22:02:00Z,92.1294,0.000000,0.000000,0.000000,above_band_high
2026-07-01T22:03:00Z,92.1355,0.000000,0.000000,0.000000,above_band_high
2026-07-01T22:04:00Z,92.1675,0.000000,0.000000,0.000000,above_band_high
2026-07-01T22:05:00Z,92.1355,0.000000,0.000000,0.000000,above_band_high
2026-07-01T22:06:00Z,92.1904,0.000000,0.000000,0.000000,above_band_high
2026-07-01T22:07:00Z,92.1767,0.000000,0.000000,0.000000,above_band_high
2026-07-01T22:08:00Z,92.1843,0.000000,0.000000,0.000000,above_band_high
2026-07-01T22:09:00Z,92.2484,0.000000,0.000000,0.000000,above_band_high
2026-07-01T22:10:00Z,92.2271,0.000000,0.000000,0.000000,above_band_high
2026-07-01T22:11:00Z,92.2438,0.000000,0.000000,0.000000,above_band_high
2026-07-01T22:12:00Z,92.2408,0.000000,0.000000,0.000000,above_band_high
2026-07-01T22:13:00Z,92.2759,0.000000,0.000000,0.000000,above_band_high
2026-07-01T22:14:00Z,92.2530,0.000000,0.000000,0.000000,above_band_high
2026-07-01T22:15:00Z,92.2957,0.000000,0.000000,0.000000,above_band_high
2026-07-01T22:16:00Z,92.2957,0.000000,0.000000,0.000000,above_band_high
2026-07-01T22:17:00Z,92.3171,0.000000,0.000000,0.000000,above_band_high
2026-07-01T22:18:00Z,92.2942,0.000000,0.000000,0.000000,above_band_high
2026-07-01T22:19:00Z,92.3400,0.000000,0.000000,0.000000,above_band_high
2026-07-01T22:20:00Z,92.3781,0.000000,0.000000,0.000000,above_band_high
2026-07-01T22:21:00Z,92.3690,0.000000,0.000000,0.000000,above_band_high
2026-07-01T22:22:00Z,92.4376,0.000000,0.000000,0.000000,above_band_high
2026-07-01T22:23:00Z,92.4147,0.000000,0.000000,0.000000,above_band_high
2026-07-01T22:24:00Z,92.3949,0.000000,0.000000,0.000000,above_band_high
2026-07-01T22:25:00Z,92.4331,0.000000,0.000000,0.000000,above_band_high
2026-07-01T22:26:00Z,92.4819,0.000000,0.000000,0.000000,above_band_high
2026-07-01T22:27:00Z,92.4834,0.000000,0.000000,0.000000,above_band_high
2026-07-01T22:28:00Z,92.4971,0.000000,0.000000,0.000000,above_band_high
2026-07-01T22:29:00Z,92.5154,0.000000,0.000000,0.000000,above_band_high
2026-07-01T22:30:00Z,92.5429,0.000000,0.000000,0.000000,above_band_high
2026-07-01T22:31:00Z,92.5429,0.000000,0.000000,0.000000,above_band_high
2026-07-01T22:32:00Z,92.5963,0.000000,0.000000,0.000000,above_band_high
2026-07-01T22:33:00Z,92.5704,0.000000,0.000000,0.000000,above_band_high
2026-07-01T22:34:00Z,92.6162,0.000000,0.000000,0.000000,above_band_high
2026-07-01T22:35:00Z,92.6329,0.000000,0.000000,0.000000,above_band_high
2026-07-01T22:36:00Z,92.6238,0.000000,0.000000,0.000000,above_band_high
2026-07-01T22:37:00Z,92.6467,0.000000,0.000000,0.000000,above_band_high
2026-07-01T22:38:00Z,92.6574,0.000000,0.000000,0.000000,above_band_high
2026-07-01T22:39:00Z,92.6757,0.000000,0.000000,0.000000,above_band_high
2026-07-01T22:40:00Z,92.7016,0.000000,0.000000,0.000000,above_band_high
2026-07-01T22:41:00Z,92.6986,0.000000,0.000000,0.000000,above_band_high
2026-07-01T22:42:00Z,92.6940,0.000000,0.000000,0.000000,above_band_high
2026-07-01T22:43:00Z,92.6787,0.000000,0.000000,0.000000,above_band_high
2026-07-01T22:44:00Z,92.7016,0.000000,0.000000,0.000000,above_band_high
2026-07-01T22:45:00Z,92.6894,0.000000,0.000000,0.000000,above_band_high
2026-07-01T22:46:00Z,92.7077,0.000000,0.000000,0.000000,above_band_high
2026-07-01T22:47:00Z,92.7062,0.000000,0.000000,0.000000,above_band_high
2026-07-01T22:48:00Z,92.7199,0.000000,0.000000,0.000000,above_band_high
2026-07-01T22:49:00Z,92.6970,0.000000,0.000000,0.000000,above_band_high
2026-07-01T22:50:00Z,92.7062,0.000000,0.000000,0.000000,above_band_high
2026-07-01T22:51:00Z,92.7153,0.000000,0.000000,0.000000,above_band_high
2026-07-01T22:52:00Z,92.7199,0.000000,0.000000,0.000000,above_band_high
2026-07-01T22:53:00Z,92.7199,0.000000,0.000000,0.000000,above_band_high
2026-07-01T22:54:00Z,92.7749,0.000000,0.000000,0.000000,above_band_high
2026-07-01T22:55:00Z,92.7535,0.000000,0.000000,0.000000,above_band_high
2026-07-01T22:56:00Z,92.7703,0.000000,0.000000,0.000000,above_band_high
2026-07-01T22:57:00Z,92.7398,0.000000,0.000000,0.000000,above_band_high
2026-07-01T22:58:00Z,92.7428,0.000000,0.000000,0.000000,above_band_high
2026-07-01T22:59:00Z,92.7245,0.000000,0.000000,0.000000,above_band_high
2026-07-01T23:00:00Z,92.7291,0.000000,0.000000,0.000000,above_band_high
2026-07-01T23:01:00Z,92.7535,0.000000,0.000000,0.000000,above_band_high
2026-07-01T23:02:00Z,92.7611,0.000000,0.000000,0.000000,above_band_high
2026-07-01T23:03:00Z,92.7535,0.000000,0.000000,0.000000,above_band_high
2026-07-01T23:04:00Z,92.7474,0.000000,0.000000,0.000000,above_band_high
2026-07-01T23:05:00Z,92.7428,0.000000,0.000000,0.000000,above_band_high
2026-07-01T23:06:00Z,92.7245,0.000000,0.000000,0.000000,above_band_high
2026-07-01T23:07:00Z,92.7291,0.000000,0.000000,0.000000,above_band_high
2026-07-01T23:08:00Z,92.7398,0.000000,0.000000,0.000000,above_band_high
2026-07-01T23:09:00Z,92.7398,0.000000,0.000000,0.000000,above_band_high
2026-07-01T23:10:00Z,92.7398,0.000000,0.000000,0.000000,above_band_high
2026-07-01T23:11:00Z,92.7398,0.000000,0.000000,0.000000,above_band_high
2026-07-01T23:12:00Z,92.7428,0.000000,0.000000,0.000000,above_band_high
2026-07-01T23:13:00Z,92.8161,0.000000,0.000000,0.000000,above_band_high
2026-07-01T23:14:00Z,92.7718,0.000000,0.000000,0.000000,above_band_high
2026-07-01T23:15:00Z,92.8481,0.000000,0.000000,0.000000,above_band_high
2026-07-01T23:16:00Z,92.8634,0.000000,0.000000,0.000000,above_band_high
2026-07-01T23:17:00Z,92.8344,0.000000,0.000000,0.000000,above_band_high
2026-07-01T23:18:00Z,92.8756,0.000000,0.000000,0.000000,above_band_high
2026-07-01T23:19:00Z,92.9168,0.000000,0.000000,0.000000,above_band_high
2026-07-01T23:20:00Z,92.9397,0.000000,0.000000,0.000000,above_band_high
2026-07-01T23:21:00Z,92.9274,0.000000,0.000000,0.000000,above_band_high
2026-07-01T23:22:00Z,92.9824,0.000000,0.000000,0.000000,above_band_high
2026-07-01T23:23:00Z,93.0007,0.000000,0.000000,0.000000,above_band_high
2026-07-01T23:24:00Z,93.0282,0.000000,0.000000,0.000000,above_band_high
2026-07-01T23:25:00Z,93.0083,0.000000,0.000000,0.000000,above_band_high
2026-07-01T23:26:00Z,93.0220,0.000000,0.000000,0.000000,above_band_high
2026-07-01T23:27:00Z,93.0419,0.000000,0.000000,0.000000,above_band_high
2026-07-01T23:28:00Z,93.0678,0.000000,0.000000,0.000000,above_band_high
2026-07-01T23:29:00Z,93.0724,0.000000,0.000000,0.000000,above_band_high
2026-07-01T23:30:00Z,93.1014,0.000000,0.000000,0.000000,above_band_high
2026-07-01T23:31:00Z,93.1106,0.000000,0.000000,0.000000,above_band_high
2026-07-01T23:32:00Z,93.1106,0.000000,0.000000,0.000000,above_band_high
2026-07-01T23:33:00Z,93.1151,0.000000,0.000000,0.000000,above_band_high
2026-07-01T23:34:00Z,93.1319,0.000000,0.000000,0.000000,above_band_high
2026-07-01T23:35:00Z,93.1197,0.000000,0.000000,0.000000,above_band_high
2026-07-01T23:36:00Z,93.1685,0.000000,0.000000,0.000000,above_band_high
2026-07-01T23:37:00Z,93.2143,0.000000,0.000000,0.000000,above_band_high
2026-07-01T23:38:00Z,93.2372,0.000000,0.000000,0.000000,above_band_high
2026-07-01T23:39:00Z,93.2372,0.000000,0.000000,0.000000,above_band_high
2026-07-01T23:40:00Z,93.2708,0.000000,0.000000,0.000000,above_band_high
2026-07-01T23:41:00Z,93.3013,0.000000,0.000000,0.000000,above_band_high
2026-07-01T23:42:00Z,93.3165,0.000000,0.000000,0.000000,above_band_high
2026-07-01T23:43:00Z,93.3654,0.000000,0.000000,0.000000,above_band_high
2026-07-01T23:44:00Z,93.3715,0.000000,0.000000,0.000000,above_band_high
2026-07-01T23:45:00Z,93.3837,0.000000,0.000000,0.000000,above_band_high
2026-07-01T23:46:00Z,93.4127,0.000000,0.000000,0.000000,above_band_high
2026-07-01T23:47:00Z,93.4173,0.000000,0.000000,0.000000,above_band_high
2026-07-01T23:48:00Z,93.4340,0.000000,0.000000,0.000000,above_band_high
2026-07-01T23:49:00Z,93.4752,0.000000,0.000000,0.000000,above_band_high
2026-07-01T23:50:00Z,93.4310,0.000000,0.000000,0.000000,above_band_high
2026-07-01T23:51:00Z,93.4585,0.000000,0.000000,0.000000,above_band_high
2026-07-01T23:52:00Z,93.4676,0.000000,0.000000,0.000000,above_band_high
2026-07-01T23:53:00Z,93.5088,0.000000,0.000000,0.000000,above_band_high
2026-07-01T23:54:00Z,93.5134,0.000000,0.000000,0.000000,above_band_high
2026-07-01T23:55:00Z,93.5302,0.000000,0.000000,0.000000,above_band_high
2026-07-01T23:56:00Z,93.5576,0.000000,0.000000,0.000000,above_band_high
2026-07-01T23:57:00Z,93.5805,0.000000,0.000000,0.000000,above_band_high
2026-07-01T23:58:00Z,93.5714,0.000000,0.000000,0.000000,above_band_high
2026-07-01T23:59:00Z,93.5805,0.000000,0.000000,0.000000,above_band_high
2026-07-02T00:00:00Z,93.5988,0.000000,0.000000,0.000000,above_band_high
2026-07-02T00:01:00Z,93.5958,0.000000,0.000000,0.000000,above_band_high
2026-07-02T00:02:00Z,93.6584,0.000000,0.000000,0.000000,above_band_high
2026-07-02T00:03:00Z,93.6370,0.000000,0.000000,0.000000,above_band_high
2026-07-02T00:04:00Z,93.6278,0.000000,0.000000,0.000000,above_band_high
2026-07-02T00:05:00Z,93.6645,0.000000,0.000000,0.000000,above_band_high
2026-07-02T00:06:00Z,93.6812,0.000000,0.000000,0.000000,above_band_high
2026-07-02T00:07:00Z,93.6675,0.000000,0.000000,0.000000,above_band_high
2026-07-02T00:08:00Z,93.7087,0.000000,0.000000,0.000000,above_band_high
2026-07-02T00:09:00Z,93.7011,0.000000,0.000000,0.000000,above_band_high
2026-07-02T00:10:00Z,93.7240,0.000000,0.000000,0.000000,above_band_high
2026-07-02T00:11:00Z,93.7224,0.000000,0.000000,0.000000,above_band_high
2026-07-02T00:12:00Z,93.7469,0.000000,0.000000,0.000000,above_band_high
2026-07-02T00:13:00Z,93.7362,0.000000,0.000000,0.000000,above_band_high
2026-07-02T00:14:00Z,93.7697,0.000000,0.000000,0.000000,above_band_high
2026-07-02T00:15:00Z,93.8140,0.000000,0.000000,0.000000,above_band_high
2026-07-02T00:16:00Z,93.8003,0.000000,0.000000,0.000000,above_band_high
2026-07-02T00:17:00Z,93.8598,0.000000,0.000000,0.000000,above_band_high
2026-07-02T00:18:00Z,93.8598,0.000000,0.000000,0.000000,above_band_high
2026-07-02T00:19:00Z,93.9300,0.000000,0.000000,0.000000,above_band_high
2026-07-02T00:20:00Z,93.9467,0.000000,0.000000,0.000000,above_band_high
2026-07-02T00:21:00Z,93.9971,0.000000,0.000000,0.000000,above_band_high
2026-07-02T00:22:00Z,94.0154,0.000000,0.000000,0.000000,above_band_high
2026-07-02T00:23:00Z,94.0215,0.000000,0.000000,0.000000,above_band_high
2026-07-02T00:24:00Z,94.0108,0.000000,0.000000,0.000000,above_band_high
2026-07-02T00:25:00Z,94.0444,0.000000,0.000000,0.000000,above_band_high
2026-07-02T00:26:00Z,94.0337,0.000000,0.000000,0.000000,above_band_high
2026-07-02T00:27:00Z,94.0078,0.000000,0.000000,0.000000,above_band_high
2026-07-02T00:28:00Z,94.0291,0.000000,0.000000,0.000000,above_band_high
2026-07-02T00:29:00Z,94.0108,0.000000,0.000000,0.000000,above_band_high
2026-07-02T00:30:00Z,94.0032,0.000000,0.000000,0.000000,above_band_high
2026-07-02T00:31:00Z,94.0108,0.000000,0.000000,0.000000,above_band_high
2026-07-02T00:32:00Z,93.9879,0.000000,0.000000,0.000000,above_band_high
2026-07-02T00:33:00Z,94.0017,0.000000,0.000000,0.000000,above_band_high
2026-07-02T00:34:00Z,93.9879,0.000000,0.000000,0.000000,above_band_high
2026-07-02T00:35:00Z,93.9849,0.000000,0.000000,0.000000,above_band_high
2026-07-02T00:36:00Z,93.9986,0.000000,0.000000,0.000000,above_band_high
2026-07-02T00:37:00Z,93.9834,0.000000,0.000000,0.000000,above_band_high
2026-07-02T00:38:00Z,93.9940,0.000000,0.000000,0.000000,above_band_high
2026-07-02T00:39:00Z,93.9742,0.000000,0.000000,0.000000,above_band_high
2026-07-02T00:40:00Z,93.9986,0.000000,0.000000,0.000000,above_band_high
2026-07-02T00:41:00Z,93.9879,0.000000,0.000000,0.000000,above_band_high
2026-07-02T00:42:00Z,94.0383,0.000000,0.000000,0.000000,above_band_high
2026-07-02T00:43:00Z,94.0291,0.000000,0.000000,0.000000,above_band_high
2026-07-02T00:44:00Z,94.0475,0.000000,0.000000,0.000000,above_band_high
2026-07-02T00:45:00Z,94.0169,0.000000,0.000000,0.000000,above_band_high
2026-07-02T00:46:00Z,94.0475,0.000000,0.000000,0.000000,above_band_high
2026-07-02T00:47:00Z,94.0536,0.000000,0.000000,0.000000,above_band_high
2026-07-02T00:48:00Z,94.0795,0.000000,0.000000,0.000000,above_band_high
2026-07-02T00:49:00Z,94.0536,0.000000,0.000000,0.000000,above_band_high
2026-07-02T00:50:00Z,94.0932,0.000000,0.000000,0.000000,above_band_high
2026-07-02T00:51:00Z,94.0978,0.000000,0.000000,0.000000,above_band_high
2026-07-02T00:52:00Z,94.1085,0.000000,0.000000,0.000000,above_band_high
2026-07-02T00:53:00Z,94.1115,0.000000,0.000000,0.000000,above_band_high
2026-07-02T00:54:00Z,94.1573,0.000000,0.000000,0.000000,above_band_high
2026-07-02T00:55:00Z,94.1619,0.000000,0.000000,0.000000,above_band_high
2026-07-02T00:56:00Z,94.1268,0.000000,0.000000,0.000000,above_band_high
2026-07-02T00:57:00Z,94.1848,0.000000,0.000000,0.000000,above_band_high
2026-07-02T00:58:00Z,94.1451,0.000000,0.000000,0.000000,above_band_high
2026-07-02T00:59:00Z,94.1863,0.000000,0.000000,0.000000,above_band_high
2026-07-02T01:00:00Z,94.1588,0.000000,0.000000,0.000000,above_band_high
2026-07-02T01:01:00Z,94.1726,0.000000,0.000000,0.000000,above_band_high
2026-07-02T01:02:00Z,94.2000,0.000000,0.000000,0.000000,above_band_high
2026-07-02T01:03:00Z,94.1817,0.000000,0.000000,0.000000,above_band_high
2026-07-02T01:04:00Z,94.2260,0.000000,0.000000,0.000000,above_band_high
2026-07-02T01:05:00Z,94.2184,0.000000,0.000000,0.000000,above_band_high
2026-07-02T01:06:00Z,94.2184,0.000000,0.000000,0.000000,above_band_high
2026-07-02T01:07:00Z,94.2092,0.000000,0.000000,0.000000,above_band_high
2026-07-02T01:08:00Z,94.2229,0.000000,0.000000,0.000000,above_band_high
2026-07-02T01:09:00Z,94.2489,0.000000,0.000000,0.000000,above_band_high
2026-07-02T01:10:00Z,94.2306,0.000000,0.000000,0.000000,above_band_high
2026-07-02T01:11:00Z,94.2824,0.000000,0.000000,0.000000,above_band_high
2026-07-02T01:12:00Z,94.2580,0.000000,0.000000,0.000000,above_band_high
2026-07-02T01:13:00Z,94.2626,0.000000,0.000000,0.000000,above_band_high
2026-07-02T01:14:00Z,94.3053,0.000000,0.000000,0.000000,above_band_high
2026-07-02T01:15:00Z,94.3236,0.000000,0.000000,0.000000,above_band_high
2026-07-02T01:16:00Z,94.3587,0.000000,0.000000,0.000000,above_band_high
2026-07-02T01:17:00Z,94.3816,0.000000,0.000000,0.000000,above_band_high
2026-07-02T01:18:00Z,94.4045,0.000000,0.000000,0.000000,above_band_high
2026-07-02T01:19:00Z,94.4457,0.000000,0.000000,0.000000,above_band_high
2026-07-02T01:20:00Z,94.4823,0.000000,0.000000,0.000000,above_band_high
2026-07-02T01:21:00Z,94.4839,0.000000,0.000000,0.000000,above_band_high
2026-07-02T01:22:00Z,94.4976,0.000000,0.000000,0.000000,above_band_high
2026-07-02T01:23:00Z,94.5647,0.000000,0.000000,0.000000,above_band_high
2026-07-02T01:24:00Z,94.5617,0.000000,0.000000,0.000000,above_band_high
2026-07-02T01:25:00Z,94.5159,0.000000,0.000000,0.000000,above_band_high
2026-07-02T01:26:00Z,94.5113,0.000000,0.000000,0.000000,above_band_high
2026-07-02T01:27:00Z,94.5296,0.000000,0.000000,0.000000,above_band_high
2026-07-02T01:28:00Z,94.5113,0.000000,0.000000,0.000000,above_band_high
2026-07-02T01:29:00Z,94.5113,0.000000,0.000000,0.000000,above_band_high
2026-07-02T01:30:00Z,94.4961,0.000000,0.000000,0.000000,above_band_high
2026-07-02T01:31:00Z,94.4518,0.000000,0.000000,0.000000,above_band_high
2026-07-02T01:32:00Z,94.4106,0.000000,0.000000,0.000000,above_band_high
2026-07-02T01:33:00Z,94.4274,0.000000,0.000000,0.000000,above_band_high
2026-07-02T01:34:00Z,94.4335,0.000000,0.000000,0.000000,above_band_high
2026-07-02T01:35:00Z,94.4060,0.000000,0.000000,0.000000,above_band_high
2026-07-02T01:36:00Z,94.4060,0.000000,0.000000,0.000000,above_band_high
2026-07-02T01:37:00Z,94.3816,0.000000,0.000000,0.000000,above_band_high
2026-07-02T01:38:00Z,94.4152,0.000000,0.000000,0.000000,above_band_high
2026-07-02T01:39:00Z,94.3954,0.000000,0.000000,0.000000,above_band_high
2026-07-02T01:40:00Z,94.3648,0.000000,0.000000,0.000000,above_band_high
2026-07-02T01:41:00Z,94.3832,0.000000,0.000000,0.000000,above_band_high
2026-07-02T01:42:00Z,94.3999,0.000000,0.000000,0.000000,above_band_high
2026-07-02T01:43:00Z,94.4182,0.000000,0.000000,0.000000,above_band_high
2026-07-02T01:44:00Z,94.4045,0.000000,0.000000,0.000000,above_band_high
2026-07-02T01:45:00Z,94.4335,0.000000,0.000000,0.000000,above_band_high
2026-07-02T01:46:00Z,94.4182,0.000000,0.000000,0.000000,above_band_high
2026-07-02T01:47:00Z,94.4335,0.000000,0.000000,0.000000,above_band_high
2026-07-02T01:48:00Z,94.4747,0.000000,0.000000,0.000000,above_band_high
2026-07-02T01:49:00Z,94.4457,0.000000,0.000000,0.000000,above_band_high
2026-07-02T01:50:00Z,94.4701,0.000000,0.000000,0.000000,above_band_high
2026-07-02T01:51:00Z,94.4640,0.000000,0.000000,0.000000,above_band_high
2026-07-02T01:52:00Z,94.4747,0.000000,0.000000,0.000000,above_band_high
2026-07-02T01:53:00Z,94.5159,0.000000,0.000000,0.000000,above_band_high
2026-07-02T01:54:00Z,94.5068,0.000000,0.000000,0.000000,above_band_high
2026-07-02T01:55:00Z,94.5159,0.000000,0.000000,0.000000,above_band_high
2026-07-02T01:56:00Z,94.5006,0.000000,0.000000,0.000000,above_band_high
2026-07-02T01:57:00Z,94.5144,0.000000,0.000000,0.000000,above_band_high
2026-07-02T01:58:00Z,94.5571,0.000000,0.000000,0.000000,above_band_high
2026-07-02T01:59:00Z,94.5693,0.000000,0.000000,0.000000,above_band_high
2026-07-02T02:00:00Z,94.5464,0.000000,0.000000,0.000000,above_band_high
2026-07-02T02:01:00Z,94.5754,0.000000,0.000000,0.000000,above_band_high
2026-07-02T02:02:00Z,94.5510,0.000000,0.000000,0.000000,above_band_high
2026-07-02T02:03:00Z,94.5785,0.000000,0.000000,0.000000,above_band_high
2026-07-02T02:04:00Z,94.5830,0.000000,0.000000,0.000000,above_band_high
2026-07-02T02:05:00Z,94.5922,0.000000,0.000000,0.000000,above_band_high
2026-07-02T02:06:00Z,94.6105,0.000000,0.000000,0.000000,above_band_high
2026-07-02T02:07:00Z,94.6105,0.000000,0.000000,0.000000,above_band_high
2026-07-02T02:08:00Z,94.6471,0.000000,0.000000,0.000000,above_band_high
2026-07-02T02:09:00Z,94.6517,0.000000,0.000000,0.000000,above_band_high
2026-07-02T02:10:00Z,94.6700,0.000000,0.000000,0.000000,above_band_high
2026-07-02T02:11:00Z,94.6288,0.000000,0.000000,0.000000,above_band_high
2026-07-02T02:12:00Z,94.6563,0.000000,0.000000,0.000000,above_band_high
2026-07-02T02:13:00Z,94.6670,0.000000,0.000000,0.000000,above_band_high
2026-07-02T02:14:00Z,94.6929,0.000000,0.000000,0.000000,above_band_high
2026-07-02T02:15:00Z,94.7219,0.000000,0.000000,0.000000,above_band_high
2026-07-02T02:16:00Z,94.7539,0.000000,0.000000,0.000000,above_band_high
2026-07-02T02:17:00Z,94.7433,0.000000,0.000000,0.000000,above_band_high
2026-07-02T02:18:00Z,94.7799,0.000000,0.000000,0.000000,above_band_high
2026-07-02T02:19:00Z,94.8089,0.000000,0.000000,0.000000,above_band_high
2026-07-02T02:20:00Z,94.8547,0.000000,0.000000,0.000000,above_band_high
2026-07-02T02:21:00Z,94.8486,0.000000,0.000000,0.000000,above_band_high
2026-07-02T02:22:00Z,94.8363,0.000000,0.000000,0.000000,above_band_high
2026-07-02T02:23:00Z,94.8623,0.000000,0.000000,0.000000,above_band_high
2026-07-02T02:24:00Z,94.8302,0.000000,0.000000,0.000000,above_band_high
2026-07-02T02:25:00Z,94.8074,0.000000,0.000000,0.000000,above_band_high
2026-07-02T02:26:00Z,94.8180,0.000000,0.000000,0.000000,above_band_high
2026-07-02T02:27:00Z,94.8211,0.000000,0.000000,0.000000,above_band_high
2026-07-02T02:28:00Z,94.8180,0.000000,0.000000,0.000000,above_band_high
2026-07-02T02:29:00Z,94.7799,0.000000,0.000000,0.000000,above_band_high
2026-07-02T02:30:00Z,94.7616,0.000000,0.000000,0.000000,above_band_high
2026-07-02T02:31:00Z,94.7311,0.000000,0.000000,0.000000,above_band_high
2026-07-02T02:32:00Z,94.7311,0.000000,0.000000,0.000000,above_band_high
2026-07-02T02:33:00Z,94.6975,0.000000,0.000000,0.000000,above_band_high
2026-07-02T02:34:00Z,94.6807,0.000000,0.000000,0.000000,above_band_high
2026-07-02T02:35:00Z,94.6487,0.000000,0.000000,0.000000,above_band_high
2026-07-02T02:36:00Z,94.6487,0.000000,0.000000,0.000000,above_band_high
2026-07-02T02:37:00Z,94.6151,0.000000,0.000000,0.000000,above_band_high
2026-07-02T02:38:00Z,94.6471,0.000000,0.000000,0.000000,above_band_high
2026-07-02T02:39:00Z,94.6120,0.000000,0.000000,0.000000,above_band_high
2026-07-02T02:40:00Z,94.6624,0.000000,0.000000,0.000000,above_band_high
2026-07-02T02:41:00Z,94.6288,0.000000,0.000000,0.000000,above_band_high
2026-07-02T02:42:00Z,94.6395,0.000000,0.000000,0.000000,above_band_high
2026-07-02T02:43:00Z,94.6380,0.000000,0.000000,0.000000,above_band_high
2026-07-02T02:44:00Z,94.6334,0.000000,0.000000,0.000000,above_band_high
2026-07-02T02:45:00Z,94.6441,0.000000,0.000000,0.000000,above_band_high
2026-07-02T02:46:00Z,94.6487,0.000000,0.000000,0.000000,above_band_high
2026-07-02T02:47:00Z,94.6258,0.000000,0.000000,0.000000,above_band_high
2026-07-02T02:48:00Z,94.6105,0.000000,0.000000,0.000000,above_band_high
2026-07-02T02:49:00Z,94.6563,0.000000,0.000000,0.000000,above_band_high
2026-07-02T02:50:00Z,94.6197,0.000000,0.000000,0.000000,above_band_high
2026-07-02T02:51:00Z,94.6563,0.000000,0.000000,0.000000,above_band_high
2026-07-02T02:52:00Z,94.6395,0.000000,0.000000,0.000000,above_band_high
2026-07-02T02:53:00Z,94.6380,0.000000,0.000000,0.000000,above_band_high
2026-07-02T02:54:00Z,94.6563,0.000000,0.000000,0.000000,above_band_high
2026-07-02T02:55:00Z,94.6715,0.000000,0.000000,0.000000,above_band_high
2026-07-02T02:56:00Z,94.6563,0.000000,0.000000,0.000000,above_band_high
2026-07-02T02:57:00Z,94.6609,0.000000,0.000000,0.000000,above_band_high
2026-07-02T02:58:00Z,94.6670,0.000000,0.000000,0.000000,above_band_high
2026-07-02T02:59:00Z,94.6563,0.000000,0.000000,0.000000,above_band_high
2026-07-02T03:00:00Z,94.6853,0.000000,0.000000,0.000000,above_band_high
2026-07-02T03:01:00Z,94.6715,0.000000,0.000000,0.000000,above_band_high
2026-07-02T03:02:00Z,94.6792,0.000000,0.000000,0.000000,above_band_high
2026-07-02T03:03:00Z,94.6624,0.000000,0.000000,0.000000,above_band_high
2026-07-02T03:04:00Z,94.6838,0.000000,0.000000,0.000000,above_band_high
2026-07-02T03:05:00Z,94.6715,0.000000,0.000000,0.000000,above_band_high
2026-07-02T03:06:00Z,94.6746,0.000000,0.000000,0.000000,above_band_high
2026-07-02T03:07:00Z,94.6944,0.000000,0.000000,0.000000,above_band_high
2026-07-02T03:08:00Z,94.6838,0.000000,0.000000,0.000000,above_band_high
2026-07-02T03:09:00Z,94.6838,0.000000,0.000000,0.000000,above_band_high
2026-07-02T03:10:00Z,94.6624,0.000000,0.000000,0.000000,above_band_high
2026-07-02T03:11:00Z,94.7082,0.000000,0.000000,0.000000,above_band_high
2026-07-02T03:12:00Z,94.6838,0.000000,0.000000,0.000000,above_band_high
2026-07-02T03:13:00Z,94.6929,0.000000,0.000000,0.000000,above_band_high
2026-07-02T03:14:00Z,94.6792,0.000000,0.000000,0.000000,above_band_high
2026-07-02T03:15:00Z,94.7311,0.000000,0.000000,0.000000,above_band_high
2026-07-02T03:16:00Z,94.7402,0.000000,0.000000,0.000000,above_band_high
2026-07-02T03:17:00Z,94.7478,0.000000,0.000000,0.000000,above_band_high
2026-07-02T03:18:00Z,94.7814,0.000000,0.000000,0.000000,above_band_high
2026-07-02T03:19:00Z,94.8302,0.000000,0.000000,0.000000,above_band_high
2026-07-02T03:20:00Z,94.7906,0.000000,0.000000,0.000000,above_band_high
2026-07-02T03:21:00Z,94.8348,0.000000,0.000000,0.000000,above_band_high
2026-07-02T03:22:00Z,94.8226,0.000000,0.000000,0.000000,above_band_high
2026-07-02T03:23:00Z,94.8669,0.000000,0.000000,0.000000,above_band_high
2026-07-02T03:24:00Z,94.8669,0.000000,0.000000,0.000000,above_band_high
2026-07-02T03:25:00Z,94.8577,0.000000,0.000000,0.000000,above_band_high
2026-07-02T03:26:00Z,94.8486,0.000000,0.000000,0.000000,above_band_high
2026-07-02T03:27:00Z,94.8363,0.000000,0.000000,0.000000,above_band_high
2026-07-02T03:28:00Z,94.8486,0.000000,0.000000,0.000000,above_band_high
2026-07-02T03:29:00Z,94.8486,0.000000,0.000000,0.000000,above_band_high
2026-07-02T03:30:00Z,94.7951,0.000000,0.000000,0.000000,above_band_high
2026-07-02T03:31:00Z,94.7662,0.000000,0.000000,0.000000,above_band_high
2026-07-02T03:32:00Z,94.7478,0.000000,0.000000,0.000000,above_band_high
2026-07-02T03:33:00Z,94.6975,0.000000,0.000000,0.000000,above_band_high
2026-07-02T03:34:00Z,94.6487,0.000000,0.000000,0.000000,above_band_high
2026-07-02T03:35:00Z,94.6563,0.000000,0.000000,0.000000,above_band_high
2026-07-02T03:36:00Z,94.6441,0.000000,0.000000,0.000000,above_band_high
2026-07-02T03:37:00Z,94.6212,0.000000,0.000000,0.000000,above_band_high
2026-07-02T03:38:00Z,94.6197,0.000000,0.000000,0.000000,above_band_high
2026-07-02T03:39:00Z,94.6349,0.000000,0.000000,0.000000,above_band_high
2026-07-02T03:40:00Z,94.6105,0.000000,0.000000,0.000000,above_band_high
2026-07-02T03:41:00Z,94.6380,0.000000,0.000000,0.000000,above_band_high
2026-07-02T03:42:00Z,94.6426,0.000000,0.000000,0.000000,above_band_high
2026-07-02T03:43:00Z,94.6197,0.000000,0.000000,0.000000,above_band_high
2026-07-02T03:44:00Z,94.6349,0.000000,0.000000,0.000000,above_band_high
2026-07-02T03:45:00Z,94.5937,0.000000,0.000000,0.000000,above_band_high
2026-07-02T03:46:00Z,94.6105,0.000000,0.000000,0.000000,above_band_high
2026-07-02T03:47:00Z,94.6197,0.000000,0.000000,0.000000,above_band_high
2026-07-02T03:48:00Z,94.6426,0.000000,0.000000,0.000000,above_band_high
2026-07-02T03:49:00Z,94.6242,0.000000,0.000000,0.000000,above_band_high
2026-07-02T03:50:00Z,94.6105,0.000000,0.000000,0.000000,above_band_high
2026-07-02T03:51:00Z,94.6242,0.000000,0.000000,0.000000,above_band_high
2026-07-02T03:52:00Z,94.6105,0.000000,0.000000,0.000000,above_band_high
2026-07-02T03:53:00Z,94.6014,0.000000,0.000000,0.000000,above_band_high
2026-07-02T03:54:00Z,94.6242,0.000000,0.000000,0.000000,above_band_high
2026-07-02T03:55:00Z,94.6197,0.000000,0.000000,0.000000,above_band_high
2026-07-02T03:56:00Z,94.6426,0.000000,0.000000,0.000000,above_band_high
2026-07-02T03:57:00Z,94.6014,0.000000,0.000000,0.000000,above_band_high
2026-07-02T03:58:00Z,94.5968,0.000000,0.000000,0.000000,above_band_high
2026-07-02T03:59:00Z,94.6151,0.000000,0.000000,0.000000,above_band_high
2026-07-02T04:00:00Z,94.5937,0.000000,0.000000,0.000000,above_band_high
2026-07-02T04:01:00Z,94.6120,0.000000,0.000000,0.000000,above_band_high
2026-07-02T04:02:00Z,94.5968,0.000000,0.000000,0.000000,above_band_high
2026-07-02T04:03:00Z,94.6075,0.000000,0.000000,0.000000,above_band_high
2026-07-02T04:04:00Z,94.5830,0.000000,0.000000,0.000000,above_band_high
2026-07-02T04:05:00Z,94.6166,0.000000,0.000000,0.000000,above_band_high
2026-07-02T04:06:00Z,94.5968,0.000000,0.000000,0.000000,above_band_high
2026-07-02T04:07:00Z,94.6197,0.000000,0.000000,0.000000,above_band_high
2026-07-02T04:08:00Z,94.5663,0.000000,0.000000,0.000000,above_band_high
2026-07-02T04:09:00Z,94.5785,0.000000,0.000000,0.000000,above_band_high
2026-07-02T04:10:00Z,94.5922,0.000000,0.000000,0.000000,above_band_high
2026-07-02T04:11:00Z,94.5754,0.000000,0.000000,0.000000,above_band_high
2026-07-02T04:12:00Z,94.5785,0.000000,0.000000,0.000000,above_band_high
2026-07-02T04:13:00Z,94.5846,0.000000,0.000000,0.000000,above_band_high
2026-07-02T04:14:00Z,94.5663,0.000000,0.000000,0.000000,above_band_high
2026-07-02T04:15:00Z,94.5464,0.000000,0.000000,0.000000,above_band_high
2026-07-02T04:16:00Z,94.5968,0.000000,0.000000,0.000000,above_band_high
2026-07-02T04:17:00Z,94.6197,0.000000,0.000000,0.000000,above_band_high
2026-07-02T04:18:00Z,94.6563,0.000000,0.000000,0.000000,above_band_high
2026-07-02T04:19:00Z,94.6700,0.000000,0.000000,0.000000,above_band_high
2026-07-02T04:20:00Z,94.6563,0.000000,0.000000,0.000000,above_band_high
2026-07-02T04:21:00Z,94.6899,0.000000,0.000000,0.000000,above_band_high
2026-07-02T04:22:00Z,94.7127,0.000000,0.000000,0.000000,above_band_high
2026-07-02T04:23:00Z,94.7478,0.000000,0.000000,0.000000,above_band_high
2026-07-02T04:24:00Z,94.7158,0.000000,0.000000,0.000000,above_band_high
2026-07-02T04:25:00Z,94.7341,0.000000,0.000000,0.000000,above_band_high
2026-07-02T04:26:00Z,94.6838,0.000000,0.000000,0.000000,above_band_high
2026-07-02T04:27:00Z,94.7295,0.000000,0.000000,0.000000,above_band_high
2026-07-02T04:28:00Z,94.6609,0.000000,0.000000,0.000000,above_band_high
2026-07-02T04:29:00Z,94.6532,0.000000,0.000000,0.000000,above_band_high
2026-07-02T04:30:00Z,94.6197,0.000000,0.000000,0.000000,above_band_high
2026-07-02T04:31:00Z,94.6120,0.000000,0.000000,0.000000,above_band_high
2026-07-02T04:32:00Z,94.5754,0.000000,0.000000,0.000000,above_band_high
2026-07-02T04:33:00Z,94.5251,0.000000,0.000000,0.000000,above_band_high
2026-07-02T04:34:00Z,94.4320,0.000000,0.000000,0.000000,above_band_high
2026-07-02T04:35:00Z,94.4182,0.000000,0.000000,0.000000,above_band_high
2026-07-02T04:36:00Z,94.4182,0.000000,0.000000,0.000000,above_band_high
2026-07-02T04:37:00Z,94.3313,0.000000,0.000000,0.000000,above_band_high
2026-07-02T04:38:00Z,94.3267,0.000000,0.000000,0.000000,above_band_high
2026-07-02T04:39:00Z,94.3191,0.000000,0.000000,0.000000,above_band_high
2026-07-02T04:40:00Z,94.3191,0.000000,0.000000,0.000000,above_band_high
2026-07-02T04:41:00Z,94.2916,0.000000,0.000000,0.000000,above_band_high
2026-07-02T04:42:00Z,94.3008,0.000000,0.000000,0.000000,above_band_high
2026-07-02T04:43:00Z,94.2824,0.000000,0.000000,0.000000,above_band_high
2026-07-02T04:44:00Z,94.2855,0.000000,0.000000,0.000000,above_band_high
2026-07-02T04:45:00Z,94.2596,0.000000,0.000000,0.000000,above_band_high
2026-07-02T04:46:00Z,94.2443,0.000000,0.000000,0.000000,above_band_high
2026-07-02T04:47:00Z,94.2184,0.000000,0.000000,0.000000,above_band_high
2026-07-02T04:48:00Z,94.2596,0.000000,0.000000,0.000000,above_band_high
2026-07-02T04:49:00Z,94.2184,0.000000,0.000000,0.000000,above_band_high
2026-07-02T04:50:00Z,94.2214,0.000000,0.000000,0.000000,above_band_high
2026-07-02T04:51:00Z,94.1939,0.000000,0.000000,0.000000,above_band_high
2026-07-02T04:52:00Z,94.2214,0.000000,0.000000,0.000000,above_band_high
2026-07-02T04:53:00Z,94.1665,0.000000,0.000000,0.000000,above_band_high
2026-07-02T04:54:00Z,94.1772,0.000000,0.000000,0.000000,above_band_high
2026-07-02T04:55:00Z,94.1619,0.000000,0.000000,0.000000,above_band_high
2026-07-02T04:56:00Z,94.1772,0.000000,0.000000,0.000000,above_band_high
2026-07-02T04:57:00Z,94.1405,0.000000,0.000000,0.000000,above_band_high
2026-07-02T04:58:00Z,94.1619,0.000000,0.000000,0.000000,above_band_high
2026-07-02T04:59:00Z,94.1314,0.000000,0.000000,0.000000,above_band_high
2026-07-02T05:00:00Z,94.0932,0.000000,0.000000,0.000000,above_band_high
2026-07-02T05:01:00Z,94.0703,0.000000,0.000000,0.000000,above_band_high
2026-07-02T05:02:00Z,94.1176,0.000000,0.000000,0.000000,above_band_high
2026-07-02T05:03:00Z,94.0764,0.000000,0.000000,0.000000,above_band_high
2026-07-02T05:04:00Z,94.0810,0.000000,0.000000,0.000000,above_band_high
2026-07-02T05:05:00Z,94.0215,0.000000,0.000000,0.000000,above_band_high
2026-07-02T05:06:00Z,94.0169,0.000000,0.000000,0.000000,above_band_high
2026-07-02T05:07:00Z,94.0169,0.000000,0.000000,0.000000,above_band_high
2026-07-02T05:08:00Z,93.9757,0.000000,0.000000,0.000000,above_band_high
2026-07-02T05:09:00Z,93.9788,0.000000,0.000000,0.000000,above_band_high
2026-07-02T05:10:00Z,93.9712,0.000000,0.000000,0.000000,above_band_high
2026-07-02T05:11:00Z,93.9712,0.000000,0.000000,0.000000,above_band_high
2026-07-02T05:12:00Z,93.9437,0.000000,0.000000,0.000000,above_band_high
2026-07-02T05:13:00Z,93.8827,0.000000,0.000000,0.000000,above_band_high
2026-07-02T05:14:00Z,93.9055,0.000000,0.000000,0.000000,above_band_high
2026-07-02T05:15:00Z,93.9010,0.000000,0.000000,0.000000,above_band_high
2026-07-02T05:16:00Z,93.8613,0.000000,0.000000,0.000000,above_band_high
2026-07-02T05:17:00Z,93.8369,0.000000,0.000000,0.000000,above_band_high
2026-07-02T05:18:00Z,93.8613,0.000000,0.000000,0.000000,above_band_high
2026-07-02T05:19:00Z,93.9010,0.000000,0.000000,0.000000,above_band_high
2026-07-02T05:20:00Z,93.9422,0.000000,0.000000,0.000000,above_band_high
2026-07-02T05:21:00Z,93.9651,0.000000,0.000000,0.000000,above_band_high
2026-07-02T05:22:00Z,93.9696,0.000000,0.000000,0.000000,above_band_high
2026-07-02T05:23:00Z,93.9437,0.000000,0.000000,0.000000,above_band_high
2026-07-02T05:24:00Z,93.9986,0.000000,0.000000,0.000000,above_band_high
2026-07-02T05:25:00Z,93.9940,0.000000,0.000000,0.000000,above_band_high
2026-07-02T05:26:00Z,93.9879,0.000000,0.000000,0.000000,above_band_high
2026-07-02T05:27:00Z,93.9834,0.000000,0.000000,0.000000,above_band_high
2026-07-02T05:28:00Z,93.9696,0.000000,0.000000,0.000000,above_band_high
2026-07-02T05:29:00Z,93.9712,0.000000,0.000000,0.000000,above_band_high
2026-07-02T05:30:00Z,93.9712,0.000000,0.000000,0.000000,above_band_high
2026-07-02T05:31:00Z,93.9757,0.000000,0.000000,0.000000,above_band_high
2026-07-02T05:32:00Z,93.9162,0.000000,0.000000,0.000000,above_band_high
2026-07-02T05:33:00Z,93.8659,0.000000,0.000000,0.000000,above_band_high
2026-07-02T05:34:00Z,93.7453,0.000000,0.000000,0.000000,above_band_high
2026-07-02T05:35:00Z,93.7362,0.000000,0.000000,0.000000,above_band_high
2026-07-02T05:36:00Z,93.6690,0.000000,0.000000,0.000000,above_band_high
2026-07-02T05:37:00Z,93.6049,0.000000,0.000000,0.000000,above_band_high
2026-07-02T05:38:00Z,93.5592,0.000000,0.000000,0.000000,above_band_high
2026-07-02T05:39:00Z,93.5500,0.000000,0.000000,0.000000,above_band_high
2026-07-02T05:40:00Z,93.5409,0.000000,0.000000,0.000000,above_band_high
2026-07-02T05:41:00Z,93.5119,0.000000,0.000000,0.000000,above_band_high
2026-07-02T05:42:00Z,93.4768,0.000000,0.000000,0.000000,above_band_high
2026-07-02T05:43:00Z,93.4676,0.000000,0.000000,0.000000,above_band_high
2026-07-02T05:44:00Z,93.4707,0.000000,0.000000,0.000000,above_band_high
2026-07-02T05:45:00Z,93.4295,0.000000,0.000000,0.000000,above_band_high
2026-07-02T05:46:00Z,93.4157,0.000000,0.000000,0.000000,above_band_high
2026-07-02T05:47:00Z,93.3257,0.000000,0.000000,0.000000,above_band_high
2026-07-02T05:48:00Z,93.3333,0.000000,0.000000,0.000000,above_band_high
2026-07-02T05:49:00Z,93.3211,0.000000,0.000000,0.000000,above_band_high
2026-07-02T05:50:00Z,93.2937,0.000000,0.000000,0.000000,above_band_high
2026-07-02T05:51:00Z,93.2753,0.000000,0.000000,0.000000,above_band_high
2026-07-02T05:52:00Z,93.2616,0.000000,0.000000,0.000000,above_band_high
2026-07-02T05:53:00Z,93.2509,0.000000,0.000000,0.000000,above_band_high
2026-07-02T05:54:00Z,93.2189,0.000000,0.000000,0.000000,above_band_high
2026-07-02T05:55:00Z,93.1640,0.000000,0.000000,0.000000,above_band_high
2026-07-02T05:56:00Z,93.1151,0.000000,0.000000,0.000000,above_band_high
2026-07-02T05:57:00Z,93.1044,0.000000,0.000000,0.000000,above_band_high
2026-07-02T05:58:00Z,93.0694,0.000000,0.000000,0.000000,above_band_high
2026-07-02T05:59:00Z,92.9992,0.000000,0.000000,0.000000,above_band_high
2026-07-02T06:00:00Z,92.9595,0.000000,0.000000,0.000000,above_band_high
2026-07-02T06:01:00Z,92.9137,0.000000,0.000000,0.000000,above_band_high
2026-07-02T06:02:00Z,92.8893,0.000000,0.000000,0.000000,above_band_high
2026-07-02T06:03:00Z,92.8313,0.000000,0.000000,0.000000,above_band_high
2026-07-02T06:04:00Z,92.7932,0.000000,0.000000,0.000000,above_band_high
2026-07-02T06:05:00Z,92.7382,0.000000,0.000000,0.000000,above_band_high
2026-07-02T06:06:00Z,92.6528,0.000000,0.000000,0.000000,above_band_high
2026-07-02T06:07:00Z,92.5643,0.000000,0.000000,0.000000,above_band_high
2026-07-02T06:08:00Z,92.5475,0.000000,0.000000,0.000000,above_band_high
2026-07-02T06:09:00Z,92.4697,0.000000,0.000000,0.000000,above_band_high
2026-07-02T06:10:00Z,92.4056,0.000000,0.000000,0.000000,above_band_high
2026-07-02T06:11:00Z,92.2896,0.000000,0.000000,0.000000,above_band_high
2026-07-02T06:12:00Z,92.2484,0.000000,0.000000,0.000000,above_band_high
2026-07-02T06:13:00Z,92.1569,0.000000,0.000000,0.000000,above_band_high
2026-07-02T06:14:00Z,92.0531,0.000000,0.000000,0.000000,above_band_high
2026-07-02T06:15:00Z,91.9524,0.000000,0.000000,0.000000,above_band_high
2026-07-02T06:16:00Z,91.8502,0.000000,0.000000,0.000000,above_band_high
2026-07-02T06:17:00Z,91.7769,0.000000,0.000000,0.000000,above_band_high
2026-07-02T06:18:00Z,91.8746,0.000000,0.000000,0.000000,above_band_high
2026-07-02T06:19:00Z,91.9509,0.000000,0.000000,0.000000,above_band_high
2026-07-02T06:20:00Z,91.9707,0.000000,0.000000,0.000000,above_band_high
2026-07-02T06:21:00Z,92.0333,0.000000,0.000000,0.000000,above_band_high
2026-07-02T06:22:00Z,92.0119,0.000000,0.000000,0.000000,above_band_high
2026-07-02T06:23:00Z,91.9966,0.000000,0.000000,0.000000,above_band_high
2026-07-02T06:24:00Z,92.0165,0.000000,0.000000,0.000000,above_band_high
2026-07-02T06:25:00Z,92.0287,0.000000,0.000000,0.000000,above_band_high
2026-07-02T06:26:00Z,91.9570,0.000000,0.000000,0.000000,above_band_high
2026-07-02T06:27:00Z,92.0348,0.000000,0.000000,0.000000,above_band_high
2026-07-02T06:28:00Z,92.0256,0.000000,0.000000,0.000000,above_band_high
2026-07-02T06:29:00Z,91.9966,0.000000,0.000000,0.000000,above_band_high
2026-07-02T06:30:00Z,91.9966,0.000000,0.000000,0.000000,above_band_high
2026-07-02T06:31:00Z,91.8822,0.000000,0.000000,0.000000,above_band_high
2026-07-02T06:32:00Z,91.7281,0.000000,0.000000,0.000000,above_band_high
2026-07-02T06:32:52Z,91.5267,0.000000,0.002403,0.002403,above_band_high
2026-07-02T06:33:00Z,91.4580,0.001750,0.012382,0.010632,in_band
2026-07-02T06:33:04Z,91.4977,0.012372,0.011590,-0.000782,in_band
2026-07-02T06:34:32Z,91.2551,0.002889,0.002716,-0.000173,in_band
2026-07-02T06:34:59Z,91.2016,0.001849,0.001738,-0.000111,in_band
2026-07-02T06:35:00Z,91.2001,0.001819,0.001710,-0.000109,in_band
2026-07-02T06:35:59Z,91.1177,0.000686,0.000645,-0.000041,in_band
2026-07-02T06:36:00Z,91.1009,0.000675,0.000634,-0.000040,in_band
2026-07-02T06:36:59Z,91.0079,0.000254,0.000239,-0.000015,in_band
2026-07-02T06:37:00Z,91.0399,0.000250,0.000235,-0.000015,in_band
2026-07-02T06:37:59Z,91.0460,0.000094,0.000089,-0.000006,in_band
2026-07-02T06:38:00Z,91.0628,0.000093,0.000087,-0.000006,in_band
2026-07-02T06:38:59Z,91.0689,0.000035,0.000033,-0.000002,in_band
2026-07-02T06:39:00Z,91.0628,0.000034,0.000032,-0.000002,in_band
2026-07-02T06:39:59Z,91.0369,0.000013,0.000012,-0.000001,in_band
2026-07-02T06:40:00Z,91.0231,0.000013,0.000012,-0.000001,in_band
2026-07-02T06:40:59Z,90.9590,0.000005,0.000005,-0.000000,in_band
2026-07-02T06:41:00Z,90.9667,0.000005,0.000004,-0.000000,in_band
2026-07-02T06:41:59Z,90.9178,0.000002,0.000002,-0.000000,in_band
2026-07-02T06:42:00Z,90.9071,0.000002,0.000002,-0.000000,in_band
2026-07-02T06:42:59Z,90.8614,0.000001,0.000001,-0.000000,in_band
2026-07-02T06:43:00Z,90.8614,0.000001,0.000001,-0.000000,in_band
2026-07-02T06:43:59Z,90.8080,0.000000,0.000000,-0.000000,in_band
2026-07-02T06:44:00Z,90.8354,0.000000,0.000000,-0.000000,in_band
2026-07-02T06:44:59Z,90.8202,0.000000,0.000000,-0.000000,in_band
2026-07-02T06:45:00Z,90.7942,0.000000,0.000000,-0.000000,in_band
2026-07-02T06:45:59Z,90.7973,0.000000,0.000000,-0.000000,in_band
2026-07-02T06:46:00Z,90.8110,0.000000,0.000000,-0.000000,in_band
2026-07-02T06:46:59Z,90.7698,0.000000,0.000000,-0.000000,in_band
2026-07-02T06:47:00Z,90.7622,0.000000,0.000000,-0.000000,in_band
2026-07-02T06:47:59Z,90.6966,0.000000,0.000000,-0.000000,in_band
2026-07-02T06:48:00Z,90.6844,0.000000,0.000000,-0.000000,in_band
2026-07-02T06:48:59Z,90.6065,0.000000,0.000000,-0.000000,in_band
2026-07-02T06:49:00Z,90.6462,0.000000,0.000000,-0.000000,in_band
2026-07-02T06:49:59Z,90.6157,0.000000,0.000000,-0.000000,in_band
2026-07-02T06:50:00Z,90.5653,0.000000,0.000000,-0.000000,in_band
2026-07-02T06:50:59Z,90.5425,0.000000,0.000000,-0.000000,in_band
2026-07-02T06:51:00Z,90.5226,0.000000,0.000000,-0.000000,in_band
2026-07-02T06:51:59Z,90.4875,0.000000,0.000000,-0.000000,in_band
2026-07-02T06:52:00Z,90.4952,0.000000,0.000000,-0.000000,in_band
2026-07-02T06:52:59Z,90.4494,0.000000,0.000000,-0.000000,in_band
2026-07-02T06:53:00Z,90.4494,0.000000,0.000000,-0.000000,in_band
2026-07-02T06:53:59Z,90.4143,0.000000,0.000000,-0.000000,in_band
2026-07-02T06:54:00Z,90.4097,0.000000,0.000000,-0.000000,in_band
2026-07-02T06:54:59Z,90.3349,0.000000,0.000000,-0.000000,in_band
2026-07-02T06:55:00Z,90.3624,0.000000,0.000000,-0.000000,in_band
2026-07-02T06:55:59Z,90.3349,0.000000,0.000000,-0.000000,in_band
2026-07-02T06:56:00Z,90.3212,0.000000,0.000000,-0.000000,in_band
2026-07-02T06:56:59Z,90.2983,0.000000,0.000000,-0.000000,in_band
2026-07-02T06:57:00Z,90.2770,0.000000,0.000000,-0.000000,in_band
2026-07-02T06:57:59Z,90.2037,0.000000,0.000000,-0.000000,in_band
2026-07-02T06:58:00Z,90.2068,0.000000,0.000000,-0.000000,in_band
2026-07-02T06:58:59Z,90.1518,0.000000,0.000000,-0.000000,in_band
2026-07-02T06:59:00Z,90.1198,0.000000,0.000000,-0.000000,in_band
2026-07-02T06:59:59Z,90.1076,0.000000,0.000000,-0.000000,in_band
2026-07-02T07:00:00Z,90.1015,0.000000,0.000000,-0.000000,in_band
2026-07-02T07:00:59Z,90.0465,0.000000,0.000000,-0.000000,in_band
2026-07-02T07:01:44Z,89.9184,0.000350,0.000949,0.000599,below_midpoint_feather
2026-07-02T07:01:56Z,89.9657,0.000493,0.000171,-0.000322,below_midpoint_feather
2026-07-02T07:02:45Z,89.7856,0.003661,0.006591,0.002930,below_midpoint_feather
2026-07-02T07:02:50Z,89.8177,0.005271,0.004798,-0.000474,below_midpoint_feather
2026-07-02T07:03:17Z,89.7353,0.006995,0.010174,0.003180,below_midpoint_feather
2026-07-02T07:03:50Z,89.7765,0.008785,0.007634,-0.001151,below_midpoint_feather
2026-07-02T07:04:06Z,89.7734,0.009513,0.008036,-0.001477,below_midpoint_feather
2026-07-02T07:04:10Z,89.6910,0.010006,0.014368,0.004363,below_midpoint_feather
2026-07-02T07:05:04Z,89.6773,0.018698,0.016661,-0.002037,below_midpoint_feather
2026-07-02T07:05:23Z,89.5857,0.021532,0.026792,0.005260,below_midpoint_feather
2026-07-02T07:06:08Z,89.5613,0.032690,0.031383,-0.001307,below_midpoint_feather
2026-07-02T07:06:59Z,89.4392,0.046800,0.051404,0.004604,below_midpoint_feather
2026-07-02T07:07:41Z,89.4209,0.051870,0.057413,0.005543,below_midpoint_feather
2026-07-02T07:07:44Z,89.4621,0.055005,0.051113,-0.003892,below_midpoint_feather
2026-07-02T07:08:02Z,89.4606,0.056758,0.052878,-0.003880,below_midpoint_feather
2026-07-02T07:08:32Z,89.3751,0.061493,0.069796,0.008303,below_midpoint_feather
2026-07-02T07:09:48Z,89.3614,0.086046,0.080684,-0.005362,below_midpoint_feather
2026-07-02T07:09:50Z,89.2775,0.086298,0.097184,0.010886,below_midpoint_feather
2026-07-02T07:10:06Z,89.3614,0.091011,0.083038,-0.007974,below_midpoint_feather
2026-07-02T07:10:15Z,89.2775,0.093112,0.100505,0.007393,below_midpoint_feather
2026-07-02T07:11:04Z,89.2775,0.112711,0.107682,-0.005029,below_midpoint_feather
2026-07-02T07:11:08Z,89.2058,0.113332,0.123779,0.010448,below_midpoint_feather
2026-07-02T07:12:00Z,89.1997,0.141815,0.134134,-0.007681,below_midpoint_feather
2026-07-02T07:12:55Z,89.1234,0.155100,0.163525,0.008425,below_midpoint_feather
2026-07-02T07:13:24Z,89.1234,0.159239,0.169889,0.010650,below_midpoint_feather
2026-07-02T07:13:32Z,89.1768,0.164312,0.158768,-0.005544,below_midpoint_feather
2026-07-02T07:14:07Z,89.1188,0.171863,0.180778,0.008915,below_midpoint_feather
2026-07-02T07:14:18Z,89.1676,0.182262,0.171415,-0.010847,below_midpoint_feather
2026-07-02T07:15:35Z,89.0410,0.210812,0.222621,0.011808,below_midpoint_feather
2026-07-02T07:15:42Z,89.0913,0.217485,0.211103,-0.006383,below_midpoint_feather
2026-07-02T07:16:27Z,89.0318,0.227306,0.239314,0.012008,below_midpoint_feather
2026-07-02T07:16:34Z,89.0715,0.237854,0.230571,-0.007283,below_midpoint_feather
2026-07-02T07:17:16Z,89.1722,0.229003,0.217375,-0.011628,below_midpoint_feather
2026-07-02T07:17:46Z,89.1966,0.212476,0.219906,0.007431,below_midpoint_feather
2026-07-02T07:18:22Z,89.2241,0.214434,0.222508,0.008074,below_midpoint_feather
2026-07-02T07:18:59Z,89.3614,0.208948,0.202903,-0.006046,below_midpoint_feather
2026-07-02T07:19:15Z,89.4148,0.201714,0.196747,-0.004967,below_midpoint_feather
2026-07-02T07:19:58Z,89.3690,0.205858,0.211862,0.006004,below_midpoint_feather
2026-07-02T07:20:10Z,89.3477,0.214122,0.217544,0.003422,below_midpoint_feather
2026-07-02T07:20:36Z,89.4240,0.214090,0.207984,-0.006107,below_midpoint_feather
2026-07-02T07:21:07Z,89.5247,0.202599,0.197174,-0.005425,below_midpoint_feather
2026-07-02T07:21:26Z,89.4606,0.201894,0.208758,0.006863,below_midpoint_feather
2026-07-02T07:22:02Z,89.4469,0.205872,0.214818,0.008946,below_midpoint_feather
2026-07-02T07:22:22Z,89.5384,0.208301,0.203596,-0.004705,below_midpoint_feather
2026-07-02T07:23:05Z,89.6178,0.199889,0.198028,-0.001861,below_midpoint_feather
2026-07-02T07:23:18Z,89.5888,0.197901,0.202348,0.004447,below_midpoint_feather
2026-07-02T07:24:04Z,89.5796,0.202785,0.206613,0.003828,below_midpoint_feather
2026-07-02T07:24:56Z,89.6635,0.203950,0.200742,-0.003209,below_midpoint_feather
2026-07-02T07:25:11Z,89.6681,0.203377,0.201161,-0.002217,below_midpoint_feather
2026-07-02T07:25:48Z,89.5979,0.204698,0.210400,0.005702,below_midpoint_feather
2026-07-02T07:26:31Z,89.5750,0.212364,0.215154,0.002791,below_midpoint_feather
2026-07-02T07:26:40Z,89.6300,0.212105,0.209391,-0.002713,below_midpoint_feather
2026-07-02T07:27:12Z,89.7093,0.206685,0.203523,-0.003162,below_midpoint_feather
2026-07-02T07:27:20Z,89.6666,0.204970,0.207692,0.002722,below_midpoint_feather
2026-07-02T07:28:10Z,89.7276,0.208247,0.204593,-0.003654,below_midpoint_feather
2026-07-02T07:28:22Z,89.6498,0.208044,0.211966,0.003922,below_midpoint_feather
2026-07-02T07:29:26Z,89.6773,0.207694,0.211676,0.003982,below_midpoint_feather
2026-07-02T07:29:56Z,89.7230,0.211359,0.208706,-0.002652,below_midpoint_feather
2026-07-02T07:30:08Z,89.6712,0.210008,0.213547,0.003539,below_midpoint_feather
2026-07-02T07:30:54Z,89.7093,0.213886,0.211663,-0.002224,below_midpoint_feather
2026-07-02T07:31:24Z,89.7780,0.211711,0.207647,-0.004064,below_midpoint_feather
2026-07-02T07:31:48Z,89.6712,0.213214,0.216746,0.003532,below_midpoint_feather
2026-07-02T07:32:08Z,89.6910,0.216222,0.215541,-0.000681,below_midpoint_feather
2026-07-02T07:32:49Z,89.5521,0.226622,0.231858,0.005236,below_midpoint_feather
2026-07-02T07:33:28Z,89.5338,0.241061,0.236006,-0.005055,below_midpoint_feather
2026-07-02T07:33:55Z,89.4118,0.249280,0.255914,0.006634,below_midpoint_feather
2026-07-02T07:34:04Z,89.4652,0.253540,0.248004,-0.005536,below_midpoint_feather
2026-07-02T07:34:49Z,89.3019,0.272011,0.280491,0.008480,below_midpoint_feather
2026-07-02T07:35:13Z,89.2683,0.282267,0.289992,0.007725,below_midpoint_feather
2026-07-02T07:35:20Z,89.3202,0.288040,0.280438,-0.007602,below_midpoint_feather
2026-07-02T07:36:55Z,89.1783,0.314180,0.324644,0.010464,below_midpoint_feather
2026-07-02T07:36:58Z,89.2454,0.318096,0.310099,-0.007997,below_midpoint_feather
2026-07-02T07:37:35Z,89.1554,0.326753,0.337234,0.010480,below_midpoint_feather
2026-07-02T07:37:38Z,89.2180,0.327319,0.323337,-0.003982,below_midpoint_feather
2026-07-02T07:38:30Z,89.2363,0.335519,0.329711,-0.005808,below_midpoint_feather
2026-07-02T07:38:34Z,89.1905,0.330222,0.340771,0.010549,below_midpoint_feather
2026-07-02T07:39:46Z,89.2241,0.354387,0.348225,-0.006162,below_midpoint_feather
2026-07-02T07:39:54Z,89.1585,0.352970,0.365035,0.012065,below_midpoint_feather
2026-07-02T07:40:12Z,89.1768,0.356838,0.364560,0.007722,below_midpoint_feather
2026-07-02T07:40:20Z,89.2103,0.362748,0.358575,-0.004173,below_midpoint_feather
2026-07-02T07:41:13Z,89.1417,0.379619,0.386195,0.006576,below_midpoint_feather
2026-07-02T07:41:54Z,89.1768,0.393187,0.386997,-0.006190,below_midpoint_feather
2026-07-02T07:42:08Z,89.2103,0.389460,0.382508,-0.006952,below_midpoint_feather
2026-07-02T07:42:12Z,89.1173,0.388594,0.405561,0.016968,below_midpoint_feather
2026-07-02T07:43:06Z,89.2226,0.399881,0.393063,-0.006818,below_midpoint_feather
2026-07-02T07:43:30Z,89.1447,0.406008,0.416559,0.010551,below_midpoint_feather
2026-07-02T07:44:40Z,89.1279,0.423122,0.436417,0.013296,below_midpoint_feather
2026-07-02T07:44:48Z,89.2042,0.425644,0.420134,-0.005510,below_midpoint_feather
2026-07-02T07:45:18Z,89.1768,0.437884,0.433280,-0.004604,below_midpoint_feather
2026-07-02T07:45:23Z,89.1417,0.436822,0.442816,0.005994,below_midpoint_feather
2026-07-02T07:46:10Z,89.1371,0.441537,0.454781,0.013244,below_midpoint_feather
2026-07-02T07:46:40Z,89.1966,0.450548,0.447579,-0.002969,below_midpoint_feather
2026-07-02T07:47:04Z,89.1279,0.454945,0.469425,0.014480,below_midpoint_feather
2026-07-02T07:47:50Z,89.2103,0.464298,0.460434,-0.003864,below_midpoint_feather
2026-07-02T07:48:02Z,89.1768,0.462471,0.470854,0.008383,below_midpoint_feather
2026-07-02T07:48:32Z,89.2149,0.472287,0.468846,-0.003441,below_midpoint_feather
2026-07-02T07:49:32Z,89.1966,0.476526,0.486124,0.009598,below_midpoint_feather
2026-07-02T07:49:40Z,89.2500,0.485033,0.476031,-0.009002,below_midpoint_feather
2026-07-02T07:50:24Z,89.2271,0.495701,0.490252,-0.005450,below_midpoint_feather
2026-07-02T07:50:30Z,89.1829,0.490787,0.501520,0.010732,below_midpoint_feather
2026-07-02T07:51:26Z,89.1783,0.503525,0.514290,0.010766,below_midpoint_feather
2026-07-02T07:51:28Z,89.2470,0.503938,0.499326,-0.004612,below_midpoint_feather
2026-07-02T07:52:04Z,89.2515,0.511332,0.505756,-0.005576,below_midpoint_feather
2026-07-02T07:52:52Z,89.1905,0.519720,0.529038,0.009318,below_midpoint_feather
2026-07-02T07:53:04Z,89.1829,0.525211,0.533238,0.008027,below_midpoint_feather
2026-07-02T07:53:58Z,89.2729,0.531040,0.524385,-0.006655,below_midpoint_feather
2026-07-02T07:54:13Z,89.3019,0.527510,0.521488,-0.006021,below_midpoint_feather
2026-07-02T07:54:22Z,89.2271,0.530239,0.538879,0.008639,below_midpoint_feather
2026-07-02T07:55:06Z,89.3233,0.532639,0.527419,-0.005220,below_midpoint_feather
2026-07-02T07:55:22Z,89.2561,0.536834,0.543922,0.007088,below_midpoint_feather
2026-07-02T07:56:10Z,89.2729,0.542291,0.548934,0.006643,below_midpoint_feather
2026-07-02T07:56:28Z,89.3141,0.548185,0.543778,-0.004408,below_midpoint_feather
2026-07-02T07:57:08Z,89.3202,0.556348,0.549495,-0.006854,below_midpoint_feather
2026-07-02T07:57:34Z,89.2912,0.555009,0.559690,0.004680,below_midpoint_feather
2026-07-02T07:58:09Z,89.3385,0.560319,0.556336,-0.003984,below_midpoint_feather
2026-07-02T07:58:12Z,89.2638,0.559625,0.571690,0.012065,below_midpoint_feather
2026-07-02T07:59:46Z,89.2958,0.574041,0.580374,0.006333,below_midpoint_feather
2026-07-02T07:59:48Z,89.3614,0.572890,0.568159,-0.004732,below_midpoint_feather
2026-07-02T08:00:20Z,89.3797,0.574162,0.569867,-0.004295,below_midpoint_feather
2026-07-02T08:00:22Z,89.3278,0.574472,0.579711,0.005239,below_midpoint_feather
2026-07-02T08:01:02Z,89.3935,0.579088,0.573759,-0.005329,below_midpoint_feather
2026-07-02T08:01:40Z,89.3660,0.577776,0.584027,0.006251,below_midpoint_feather
2026-07-02T08:02:28Z,89.4011,0.579603,0.584272,0.004669,below_midpoint_feather
2026-07-02T08:02:48Z,89.4667,0.581372,0.576211,-0.005161,below_midpoint_feather
2026-07-02T08:03:10Z,89.4072,0.582556,0.588394,0.005838,below_midpoint_feather
2026-07-02T08:03:42Z,89.4881,0.585067,0.579401,-0.005666,below_midpoint_feather
2026-07-02T08:04:26Z,89.4377,0.587071,0.591911,0.004840,below_midpoint_feather
2026-07-02T08:04:36Z,89.5171,0.587895,0.581171,-0.006725,below_midpoint_feather
2026-07-02T08:05:36Z,89.4667,0.586536,0.594358,0.007822,below_midpoint_feather
2026-07-02T08:05:58Z,89.5338,0.591158,0.586828,-0.004330,below_midpoint_feather
2026-07-02T08:06:18Z,89.4789,0.591226,0.596327,0.005101,below_midpoint_feather
2026-07-02T08:06:46Z,89.5262,0.595642,0.592082,-0.003560,below_midpoint_feather
2026-07-02T08:07:10Z,89.5445,0.595758,0.591722,-0.004036,below_midpoint_feather
2026-07-02T08:07:52Z,89.4987,0.595533,0.601451,0.005918,below_midpoint_feather
2026-07-02T08:08:32Z,89.5384,0.601647,0.599228,-0.002419,below_midpoint_feather
2026-07-02T08:08:36Z,89.4942,0.601335,0.605635,0.004300,below_midpoint_feather
2026-07-02T08:09:28Z,89.4987,0.601755,0.609059,0.007305,below_midpoint_feather
2026-07-02T08:09:58Z,89.5384,0.607692,0.605913,-0.001779,below_midpoint_feather
2026-07-02T08:10:00Z,89.5476,0.607843,0.604877,-0.002966,below_midpoint_feather
2026-07-02T08:10:10Z,89.4926,0.607353,0.613134,0.005781,below_midpoint_feather
2026-07-02T08:11:30Z,89.5903,0.610471,0.606364,-0.004107,below_midpoint_feather
2026-07-02T08:11:38Z,89.5262,0.610459,0.614990,0.004531,below_midpoint_feather
2026-07-02T08:12:28Z,89.5903,0.612598,0.610413,-0.002185,below_midpoint_feather
2026-07-02T08:12:58Z,89.5476,0.612897,0.617626,0.004729,below_midpoint_feather
2026-07-02T08:13:00Z,89.6254,0.613026,0.608601,-0.004425,below_midpoint_feather
2026-07-02T08:13:42Z,89.5842,0.611418,0.615833,0.004415,below_midpoint_feather
2026-07-02T08:14:40Z,89.6040,0.612684,0.616773,0.004089,below_midpoint_feather
2026-07-02T08:14:46Z,89.6498,0.615468,0.612227,-0.003240,below_midpoint_feather
2026-07-02T08:15:36Z,89.6223,0.612261,0.617536,0.005275,below_midpoint_feather
2026-07-02T08:15:58Z,89.7078,0.613264,0.610396,-0.002868,below_midpoint_feather
2026-07-02T08:16:28Z,89.6727,0.610984,0.614770,0.003786,below_midpoint_feather
2026-07-02T08:16:34Z,89.7597,0.610096,0.607992,-0.002105,below_midpoint_feather
2026-07-02T08:17:01Z,89.8634,0.604432,0.603408,-0.001024,below_midpoint_feather
2026-07-02T08:17:22Z,89.8955,0.601612,0.602898,0.001286,below_midpoint_feather
2026-07-02T08:18:00Z,90.0969,0.594074,0.594387,0.000314,in_band
2026-07-02T08:18:59Z,90.4555,0.575418,0.575693,0.000276,in_band
2026-07-02T08:19:00Z,90.4372,0.575103,0.575378,0.000275,in_band
2026-07-02T08:19:59Z,90.7195,0.556744,0.557000,0.000256,in_band
2026-07-02T08:20:00Z,90.7301,0.556436,0.556692,0.000256,in_band
2026-07-02T08:20:59Z,90.9483,0.538562,0.538806,0.000244,in_band
2026-07-02T08:21:00Z,90.9590,0.538264,0.538507,0.000244,in_band
2026-07-02T08:21:58Z,91.1513,0.521222,0.521456,0.000234,in_band
2026-07-02T08:22:00Z,91.2001,0.520643,0.520877,0.000234,in_band
2026-07-02T08:22:59Z,91.3832,0.503864,0.504090,0.000226,in_band
2026-07-02T08:23:00Z,91.3558,0.503584,0.503810,0.000226,in_band
2026-07-02T08:23:59Z,91.4809,0.487349,0.487567,0.000218,in_band
2026-07-02T08:24:04Z,91.4977,0.485997,0.486757,0.000760,in_band
2026-07-02T08:24:06Z,91.5129,0.485458,0.480969,-0.004488,above_band_high
2026-07-02T08:25:43Z,91.7327,0.402525,0.383962,-0.018564,above_band_high
2026-07-02T08:25:56Z,91.7037,0.391467,0.394963,0.003496,above_band_high
2026-07-02T08:26:00Z,91.7128,0.379295,0.390572,0.011278,above_band_high
2026-07-02T08:26:31Z,91.8151,0.357898,0.342302,-0.015596,above_band_high
2026-07-02T08:27:07Z,91.8502,0.336940,0.319806,-0.017134,above_band_high
2026-07-02T08:27:14Z,91.8181,0.317717,0.331787,0.014069,above_band_high
2026-07-02T08:28:05Z,92.0165,0.259889,0.232675,-0.027214,above_band_high
2026-07-02T08:28:52Z,92.0104,0.210008,0.217557,0.007548,above_band_high
2026-07-02T08:29:23Z,92.0790,0.190557,0.174455,-0.016102,above_band_high
2026-07-02T08:29:50Z,92.0516,0.159385,0.173070,0.013685,above_band_high
2026-07-02T08:30:30Z,92.1065,0.142501,0.128696,-0.013805,above_band_high
2026-07-02T08:30:38Z,92.0714,0.128405,0.139319,0.010914,above_band_high
2026-07-02T08:31:01Z,92.1126,0.121553,0.108976,-0.012577,above_band_high
2026-07-02T08:31:46Z,91.9799,0.125604,0.140349,0.014746,above_band_high
2026-07-02T08:32:46Z,91.8837,0.154547,0.150018,-0.004529,above_band_high
2026-07-02T08:32:57Z,91.8273,0.155811,0.168926,0.013114,above_band_high
2026-07-02T08:33:37Z,91.7220,0.179553,0.196881,0.017328,above_band_high
2026-07-02T08:33:44Z,91.7632,0.187911,0.176658,-0.011253,above_band_high
2026-07-02T08:34:06Z,91.7220,0.191783,0.186565,-0.005219,above_band_high
2026-07-02T08:34:49Z,91.5618,0.222843,0.242721,0.019878,above_band_high
2026-07-02T08:35:12Z,91.5724,0.239211,0.233258,-0.005953,above_band_high
2026-07-02T08:35:32Z,91.4855,0.241533,0.260651,0.019118,in_band
2026-07-02T08:37:12Z,91.2474,0.240001,0.240377,0.000376,in_band
2026-07-02T08:37:59Z,91.1971,0.232838,0.233270,0.000432,in_band
2026-07-02T08:38:00Z,91.1910,0.232695,0.233127,0.000432,in_band
2026-07-02T08:38:59Z,91.0765,0.224684,0.225136,0.000452,in_band
2026-07-02T08:39:18Z,90.9758,0.222241,0.222694,0.000453,in_band
2026-07-02T08:39:59Z,90.9361,0.217124,0.217575,0.000450,in_band
2026-07-02T08:40:00Z,90.9545,0.217002,0.217452,0.000450,in_band
2026-07-02T08:40:59Z,90.8812,0.209935,0.210375,0.000440,in_band
2026-07-02T08:41:00Z,90.9026,0.209817,0.210257,0.000440,in_band
2026-07-02T08:41:59Z,90.8293,0.203026,0.203453,0.000428,in_band
2026-07-02T08:42:00Z,90.7897,0.202913,0.203340,0.000427,in_band
2026-07-02T08:42:59Z,90.8080,0.196360,0.196774,0.000414,in_band
2026-07-02T08:43:00Z,90.7393,0.196250,0.196665,0.000414,in_band
2026-07-02T08:43:59Z,90.6203,0.189919,0.190320,0.000401,in_band
2026-07-02T08:44:00Z,90.5821,0.189813,0.190214,0.000401,in_band
2026-07-02T08:44:59Z,90.4997,0.183691,0.184079,0.000388,in_band
2026-07-02T08:45:00Z,90.4219,0.183589,0.183977,0.000388,in_band
2026-07-02T08:45:59Z,90.3441,0.177668,0.178044,0.000375,in_band
2026-07-02T08:46:00Z,90.3349,0.177570,0.177945,0.000375,in_band
2026-07-02T08:46:59Z,90.2754,0.171843,0.172207,0.000363,in_band
2026-07-02T08:47:00Z,90.2907,0.171748,0.172111,0.000363,in_band
2026-07-02T08:47:59Z,90.1976,0.166210,0.166561,0.000351,in_band
2026-07-02T08:48:00Z,90.1884,0.166117,0.166468,0.000351,in_band
2026-07-02T08:48:59Z,90.1015,0.160761,0.161100,0.000340,in_band
2026-07-02T08:49:00Z,90.1259,0.160671,0.161011,0.000340,in_band
2026-07-02T08:49:59Z,90.0526,0.155490,0.155819,0.000328,in_band
2026-07-02T08:50:29Z,90.0435,0.152920,0.153243,0.000323,in_band
2026-07-02T08:50:55Z,89.9916,0.150727,0.151897,0.001170,below_midpoint_feather
2026-07-02T08:51:22Z,89.9275,0.150650,0.152298,0.001648,below_midpoint_feather
2026-07-02T08:51:46Z,89.9687,0.150912,0.151525,0.000614,below_midpoint_feather
2026-07-02T08:52:40Z,89.9092,0.152739,0.152595,-0.000144,below_midpoint_feather
2026-07-02T08:52:48Z,89.8634,0.152250,0.154088,0.001838,below_midpoint_feather
2026-07-02T08:53:08Z,89.8283,0.153418,0.155671,0.002253,below_midpoint_feather
2026-07-02T08:53:22Z,89.8634,0.154444,0.154180,-0.000264,below_midpoint_feather
2026-07-02T08:54:02Z,89.8360,0.156027,0.155577,-0.000450,below_midpoint_feather
2026-07-02T08:54:48Z,89.7047,0.159831,0.164578,0.004747,below_midpoint_feather
2026-07-02T08:55:32Z,89.7032,0.168041,0.165390,-0.002652,below_midpoint_feather
2026-07-02T08:55:54Z,89.6162,0.169121,0.174318,0.005198,below_midpoint_feather
2026-07-02T08:56:02Z,89.6620,0.171158,0.169833,-0.001325,below_midpoint_feather
2026-07-02T08:56:14Z,89.5933,0.170878,0.177453,0.006574,below_midpoint_feather
2026-07-02T08:57:04Z,89.5811,0.183085,0.180715,-0.002370,below_midpoint_feather
2026-07-02T08:57:54Z,89.4972,0.189261,0.194347,0.005086,below_midpoint_feather
2026-07-02T08:58:21Z,89.4331,0.196765,0.205826,0.009061,below_midpoint_feather
2026-07-02T08:58:40Z,89.4789,0.205121,0.200134,-0.004987,below_midpoint_feather
2026-07-02T08:59:22Z,89.4484,0.211618,0.208358,-0.003260,below_midpoint_feather
2026-07-02T08:59:44Z,89.4072,0.209505,0.217135,0.007630,below_midpoint_feather
2026-07-02T09:00:12Z,89.4102,0.222679,0.219407,-0.003272,below_midpoint_feather
2026-07-02T09:00:26Z,89.3370,0.226042,0.233938,0.007896,below_midpoint_feather
2026-07-02T09:01:07Z,89.2500,0.245239,0.256250,0.011011,below_midpoint_feather
2026-07-02T09:01:36Z,89.2866,0.258964,0.252647,-0.006317,below_midpoint_feather
2026-07-02T09:02:04Z,89.2424,0.272297,0.266239,-0.006058,below_midpoint_feather
2026-07-02T09:02:10Z,89.1829,0.268206,0.280562,0.012356,below_midpoint_feather
2026-07-02T09:03:04Z,89.1630,0.302207,0.295109,-0.007098,below_midpoint_feather
2026-07-02T09:03:39Z,89.0593,0.317707,0.328825,0.011117,below_midpoint_feather
2026-07-02T09:04:31Z,88.9540,0.358319,0.371573,0.013254,below_midpoint_feather
2026-07-02T09:04:40Z,88.9982,0.367424,0.361202,-0.006223,below_midpoint_feather
2026-07-02T09:05:09Z,88.9113,0.381387,0.395698,0.014312,below_midpoint_feather
2026-07-02T09:05:26Z,88.9708,0.389482,0.383185,-0.006297,below_midpoint_feather
2026-07-02T09:06:52Z,88.8655,0.461796,0.446274,-0.015523,below_midpoint_feather
2026-07-02T09:06:58Z,88.7938,0.453985,0.472527,0.018542,below_midpoint_feather
2026-07-02T09:07:34Z,88.7617,0.482736,0.498730,0.015995,below_midpoint_feather
2026-07-02T09:07:40Z,88.8075,0.492695,0.485534,-0.007162,below_midpoint_feather
2026-07-02T09:08:08Z,88.7205,0.505234,0.528715,0.023481,below_midpoint_feather
2026-07-02T09:08:38Z,88.7556,0.535380,0.530206,-0.005175,below_midpoint_feather
2026-07-02T09:09:01Z,88.6549,0.560523,0.578607,0.018083,below_midpoint_feather
2026-07-02T09:09:34Z,88.7144,0.580902,0.573502,-0.007399,below_midpoint_feather
2026-07-02T09:10:28Z,88.5954,0.625441,0.648718,0.023277,below_midpoint_feather
2026-07-02T09:10:58Z,88.6336,0.660606,0.651042,-0.009564,below_midpoint_feather
2026-07-02T09:11:10Z,88.6046,0.652173,0.669572,0.017399,below_midpoint_feather
2026-07-02T09:11:40Z,88.6732,0.674954,0.661053,-0.013901,below_midpoint_feather
2026-07-02T09:12:34Z,88.6824,0.711516,0.690533,-0.020983,below_midpoint_feather
2026-07-02T09:12:54Z,88.5817,0.724495,0.742055,0.017559,below_midpoint_feather
2026-07-02T09:13:06Z,88.6473,0.738608,0.723663,-0.014945,below_midpoint_feather
2026-07-02T09:13:34Z,88.5740,0.749003,0.770206,0.021203,below_midpoint_feather
2026-07-02T09:14:06Z,88.5603,0.773470,0.796075,0.022605,below_midpoint_feather
2026-07-02T09:14:24Z,88.6290,0.788578,0.780133,-0.008444,below_midpoint_feather
2026-07-02T09:15:16Z,88.6519,0.814698,0.804687,-0.010011,below_midpoint_feather
2026-07-02T09:15:56Z,88.6015,0.836689,0.849893,0.013205,below_midpoint_feather
2026-07-02T09:16:42Z,88.6244,0.856375,0.869939,0.013563,below_midpoint_feather
2026-07-02T09:16:47Z,88.6931,0.859525,0.846887,-0.012639,below_midpoint_feather
2026-07-02T09:17:10Z,88.6610,0.860581,0.873205,0.012624,below_midpoint_feather
2026-07-02T09:17:57Z,88.8655,0.842848,0.829417,-0.013431,below_midpoint_feather
2026-07-02T09:18:04Z,88.8609,0.830781,0.834865,0.004084,below_midpoint_feather
2026-07-02T09:18:29Z,88.9845,0.825180,0.810351,-0.014829,below_midpoint_feather
2026-07-02T09:19:06Z,89.3385,0.740841,0.742766,0.001924,below_midpoint_feather
2026-07-02T09:19:15Z,89.4697,0.736284,0.723881,-0.012403,below_midpoint_feather
2026-07-02T09:20:08Z,89.8909,0.698196,0.699235,0.001040,below_midpoint_feather
2026-07-02T09:20:59Z,90.2342,0.689570,0.688660,-0.000910,in_band
2026-07-02T09:21:00Z,90.2113,0.689262,0.688348,-0.000914,in_band
2026-07-02T09:21:59Z,90.5745,0.669807,0.668745,-0.001062,in_band
2026-07-02T09:22:00Z,90.5470,0.669463,0.668400,-0.001063,in_band
2026-07-02T09:22:58Z,90.9300,0.649253,0.648159,-0.001094,in_band
2026-07-02T09:23:07Z,90.9850,0.646104,0.645009,-0.001094,in_band
2026-07-02T09:23:59Z,91.1559,0.628021,0.626937,-0.001083,in_band
2026-07-02T09:24:00Z,91.1467,0.627676,0.626593,-0.001083,in_band
2026-07-02T09:24:59Z,91.3649,0.607577,0.606520,-0.001057,in_band
2026-07-02T09:25:55Z,91.4855,0.589017,0.587989,-0.001028,in_band
2026-07-02T09:25:56Z,91.5068,0.588690,0.585077,-0.003614,above_band_high
2026-07-02T09:26:00Z,91.5175,0.584800,0.580524,-0.004276,above_band_high
2026-07-02T09:27:36Z,91.6350,0.522529,0.527087,0.004558,above_band_high
2026-07-02T09:27:53Z,91.7144,0.509237,0.491611,-0.017626,above_band_high
2026-07-02T09:28:14Z,91.7494,0.460610,0.474085,0.013475,above_band_high
2026-07-02T09:28:23Z,91.8425,0.449555,0.433012,-0.016542,above_band_high
2026-07-02T09:29:44Z,91.8822,0.383982,0.395429,0.011447,above_band_high
2026-07-02T09:29:55Z,91.9707,0.378373,0.353945,-0.024427,above_band_high
2026-07-02T09:30:00Z,91.9188,0.367552,0.374330,0.006778,above_band_high
2026-07-02T09:30:35Z,92.0058,0.342984,0.324132,-0.018852,above_band_high
2026-07-02T09:31:15Z,92.1340,0.279334,0.252338,-0.026996,above_band_high
2026-07-02T09:31:22Z,92.0745,0.267631,0.274416,0.006784,above_band_high
2026-07-02T09:32:32Z,92.0943,0.220138,0.229049,0.008911,above_band_high
2026-07-02T09:32:49Z,92.1798,0.201993,0.182828,-0.019164,above_band_high
2026-07-02T09:33:09Z,92.1569,0.192856,0.180756,-0.012099,above_band_high
2026-07-02T09:33:18Z,92.0714,0.188776,0.211792,0.023016,above_band_high
2026-07-02T09:34:04Z,92.0195,0.213943,0.206422,-0.007521,above_band_high
2026-07-02T09:34:25Z,91.9249,0.220140,0.234852,0.014713,above_band_high
2026-07-02T09:35:18Z,91.8135,0.272969,0.255536,-0.017433,above_band_high
2026-07-02T09:35:25Z,91.7403,0.263967,0.283701,0.019734,above_band_high
2026-07-02T09:36:00Z,91.7082,0.300145,0.283735,-0.016411,above_band_high
2026-07-02T09:36:43Z,91.5862,0.308707,0.323229,0.014522,above_band_high
2026-07-02T09:37:03Z,91.5221,0.326238,0.346124,0.019886,above_band_high
2026-07-02T09:37:22Z,91.5129,0.351314,0.345860,-0.005455,above_band_high
2026-07-02T09:39:00Z,91.3024,0.328177,0.326445,-0.001731,in_band
2026-07-02T09:39:59Z,91.2001,0.316395,0.314792,-0.001603,in_band
2026-07-02T09:40:00Z,91.1879,0.316207,0.314606,-0.001602,in_band
2026-07-02T09:40:59Z,91.0765,0.305566,0.304043,-0.001523,in_band
2026-07-02T09:41:00Z,91.0857,0.305392,0.303870,-0.001522,in_band
2026-07-02T09:41:59Z,90.9865,0.295379,0.293916,-0.001463,in_band
2026-07-02T09:42:00Z,91.0094,0.295213,0.293751,-0.001462,in_band
2026-07-02T09:42:59Z,90.8721,0.285632,0.284221,-0.001411,in_band
2026-07-02T09:43:00Z,90.9071,0.285473,0.284063,-0.001410,in_band
2026-07-02T09:43:59Z,90.8064,0.276245,0.274882,-0.001364,in_band
2026-07-02T09:44:00Z,90.8339,0.276091,0.274729,-0.001363,in_band
2026-07-02T09:44:59Z,90.8202,0.267180,0.265862,-0.001318,in_band
2026-07-02T09:45:00Z,90.8156,0.267032,0.265714,-0.001318,in_band
2026-07-02T09:45:59Z,90.7897,0.258418,0.257143,-0.001275,in_band
2026-07-02T09:46:00Z,90.7698,0.258274,0.257000,-0.001274,in_band
2026-07-02T09:46:59Z,90.7149,0.249945,0.248712,-0.001233,in_band
2026-07-02T09:47:00Z,90.7073,0.249806,0.248573,-0.001232,in_band
2026-07-02T09:47:59Z,90.6371,0.241750,0.240557,-0.001193,in_band
2026-07-02T09:48:00Z,90.6645,0.241616,0.240424,-0.001192,in_band
2026-07-02T09:48:59Z,90.5592,0.233824,0.232671,-0.001153,in_band
2026-07-02T09:49:00Z,90.5745,0.233694,0.232542,-0.001153,in_band
2026-07-02T09:49:59Z,90.5318,0.226159,0.225043,-0.001116,in_band
2026-07-02T09:50:00Z,90.5684,0.226033,0.224918,-0.001115,in_band
2026-07-02T09:50:59Z,90.4646,0.218744,0.217665,-0.001079,in_band
2026-07-02T09:51:00Z,90.4723,0.218623,0.217544,-0.001078,in_band
2026-07-02T09:51:59Z,90.4234,0.211573,0.210529,-0.001044,in_band
2026-07-02T09:52:00Z,90.4051,0.211455,0.210412,-0.001043,in_band
2026-07-02T09:52:59Z,90.3639,0.204637,0.203627,-0.001009,in_band
2026-07-02T09:53:00Z,90.3304,0.204523,0.203514,-0.001009,in_band
2026-07-02T09:53:59Z,90.3136,0.197928,0.196952,-0.000976,in_band
2026-07-02T09:54:00Z,90.2998,0.197818,0.196842,-0.000976,in_band
2026-07-02T09:54:59Z,90.2586,0.191439,0.190495,-0.000944,in_band
2026-07-02T09:55:00Z,90.2663,0.191333,0.190389,-0.000944,in_band
2026-07-02T09:55:59Z,90.2342,0.185163,0.184250,-0.000913,in_band
2026-07-02T09:56:00Z,90.2632,0.185060,0.184147,-0.000913,in_band
2026-07-02T09:56:59Z,90.2388,0.179093,0.178209,-0.000883,in_band
2026-07-02T09:57:00Z,90.2129,0.178993,0.178110,-0.000883,in_band
2026-07-02T09:57:59Z,90.2083,0.173221,0.172367,-0.000855,in_band
2026-07-02T09:58:00Z,90.2083,0.173125,0.172271,-0.000854,in_band
2026-07-02T09:58:59Z,90.2022,0.167542,0.166716,-0.000827,in_band
2026-07-02T09:59:00Z,90.1808,0.167449,0.166623,-0.000826,in_band
2026-07-02T09:59:59Z,90.1305,0.162050,0.161250,-0.000799,in_band
2026-07-02T10:00:00Z,90.1564,0.161960,0.161161,-0.000799,in_band
2026-07-02T10:00:59Z,90.1122,0.156737,0.155964,-0.000773,in_band
2026-07-02T10:01:00Z,90.1030,0.156650,0.155877,-0.000773,in_band
2026-07-02T10:01:59Z,90.0572,0.151599,0.150851,-0.000748,in_band
2026-07-02T10:02:00Z,90.0557,0.151514,0.150767,-0.000747,in_band
2026-07-02T10:02:59Z,90.0237,0.146629,0.146067,-0.000561,in_band
2026-07-02T10:03:00Z,90.0237,0.146547,0.145986,-0.000561,in_band
2026-07-02T10:03:59Z,89.9977,0.141822,0.141909,0.000087,below_midpoint_feather
2026-07-02T10:04:57Z,89.8680,0.143351,0.144080,0.000730,below_midpoint_feather
2026-07-02T10:04:58Z,89.8955,0.143351,0.143158,-0.000194,below_midpoint_feather
2026-07-02T10:05:14Z,89.8955,0.144552,0.143180,-0.001372,below_midpoint_feather
2026-07-02T10:05:39Z,89.7871,0.145790,0.148144,0.002354,below_midpoint_feather
2026-07-02T10:06:14Z,89.7734,0.146766,0.149216,0.002450,below_midpoint_feather
2026-07-02T10:06:56Z,89.7917,0.150072,0.148478,-0.001595,below_midpoint_feather
2026-07-02T10:07:07Z,89.7215,0.151256,0.153469,0.002213,below_midpoint_feather
2026-07-02T10:07:42Z,89.7551,0.154088,0.151512,-0.002575,below_midpoint_feather
2026-07-02T10:08:02Z,89.7322,0.156501,0.153566,-0.002936,below_midpoint_feather
2026-07-02T10:08:59Z,89.5903,0.165591,0.168726,0.003134,below_midpoint_feather
2026-07-02T10:09:33Z,89.5109,0.173874,0.180184,0.006310,below_midpoint_feather
2026-07-02T10:09:50Z,89.5491,0.180531,0.175912,-0.004619,below_midpoint_feather
2026-07-02T10:10:49Z,89.4392,0.190045,0.195352,0.005307,below_midpoint_feather
2026-07-02T10:10:50Z,89.4804,0.190115,0.189094,-0.001021,below_midpoint_feather
2026-07-02T10:11:50Z,89.4606,0.201589,0.196983,-0.004606,below_midpoint_feather
2026-07-02T10:11:57Z,89.3980,0.202226,0.207784,0.005558,below_midpoint_feather
2026-07-02T10:12:20Z,89.3919,0.219351,0.211081,-0.008270,below_midpoint_feather
2026-07-02T10:12:53Z,89.2790,0.228217,0.236112,0.007894,below_midpoint_feather
2026-07-02T10:13:31Z,89.2378,0.242330,0.249783,0.007452,below_midpoint_feather
2026-07-02T10:13:58Z,89.2927,0.249490,0.242320,-0.007169,below_midpoint_feather
2026-07-02T10:14:29Z,89.2012,0.258388,0.266932,0.008544,below_midpoint_feather
2026-07-02T10:14:36Z,89.2363,0.264267,0.260322,-0.003945,below_midpoint_feather
2026-07-02T10:15:32Z,89.1829,0.275875,0.282660,0.006785,below_midpoint_feather
2026-07-02T10:15:50Z,89.2332,0.284291,0.274884,-0.009407,below_midpoint_feather
2026-07-02T10:16:52Z,89.1600,0.311890,0.304610,-0.007280,below_midpoint_feather
2026-07-02T10:16:54Z,89.0867,0.312332,0.323315,0.010984,below_midpoint_feather
2026-07-02T10:17:06Z,89.0776,0.315023,0.328403,0.013380,below_midpoint_feather
2026-07-02T10:17:40Z,89.1737,0.319220,0.312493,-0.006727,below_midpoint_feather
2026-07-02T10:18:12Z,89.2012,0.309787,0.313805,0.004018,below_midpoint_feather
2026-07-02T10:18:39Z,89.3690,0.295808,0.285779,-0.010029,below_midpoint_feather
2026-07-02T10:19:04Z,89.4194,0.279886,0.282126,0.002240,below_midpoint_feather
2026-07-02T10:19:37Z,89.6269,0.265839,0.259405,-0.006434,below_midpoint_feather
2026-07-02T10:20:09Z,89.7642,0.257078,0.251411,-0.005667,below_midpoint_feather
2026-07-02T10:20:46Z,89.8589,0.247920,0.249305,0.001385,below_midpoint_feather
2026-07-02T10:21:28Z,89.9138,0.248596,0.249389,0.000793,below_midpoint_feather
2026-07-02T10:21:53Z,90.0114,0.248922,0.248420,-0.000502,in_band
2026-07-02T10:22:00Z,90.0008,0.248061,0.247589,-0.000472,in_band
2026-07-02T10:22:59Z,90.0893,0.240768,0.240269,-0.000499,in_band
2026-07-02T10:23:28Z,90.0969,0.237085,0.236584,-0.000501,in_band
2026-07-02T10:23:59Z,90.1762,0.233144,0.232645,-0.000499,in_band
2026-07-02T10:24:00Z,90.1900,0.233017,0.232518,-0.000499,in_band
2026-07-02T10:24:59Z,90.2632,0.225600,0.225112,-0.000489,in_band
2026-07-02T10:25:00Z,90.2754,0.225476,0.224988,-0.000489,in_band
2026-07-02T10:25:59Z,90.2998,0.218241,0.217766,-0.000475,in_band
2026-07-02T10:26:00Z,90.3075,0.218121,0.217646,-0.000475,in_band
2026-07-02T10:26:59Z,90.3410,0.211100,0.210640,-0.000460,in_band
2026-07-02T10:27:00Z,90.3899,0.210983,0.210523,-0.000460,in_band
2026-07-02T10:27:59Z,90.4005,0.204185,0.203739,-0.000445,in_band
2026-07-02T10:28:00Z,90.4128,0.204071,0.203626,-0.000445,in_band
2026-07-02T10:28:59Z,90.4646,0.197493,0.197062,-0.000431,in_band
2026-07-02T10:29:00Z,90.4601,0.197383,0.196952,-0.000431,in_band
2026-07-02T10:29:59Z,90.4906,0.191019,0.190602,-0.000417,in_band
2026-07-02T10:30:00Z,90.5333,0.190913,0.190496,-0.000417,in_band
2026-07-02T10:30:59Z,90.5333,0.184757,0.184354,-0.000403,in_band
2026-07-02T10:31:00Z,90.5837,0.184654,0.184251,-0.000403,in_band
2026-07-02T10:31:59Z,90.4509,0.178700,0.178310,-0.000390,in_band
2026-07-02T10:32:00Z,90.4036,0.178600,0.178211,-0.000390,in_band
2026-07-02T10:32:59Z,90.2541,0.172841,0.172464,-0.000377,in_band
2026-07-02T10:33:00Z,90.2724,0.172745,0.172368,-0.000377,in_band
2026-07-02T10:33:59Z,90.0298,0.167175,0.166810,-0.000365,in_band
2026-07-02T10:34:52Z,89.8650,0.166939,0.168484,0.001545,below_midpoint_feather
2026-07-02T10:34:58Z,89.9046,0.167722,0.167187,-0.000534,below_midpoint_feather
2026-07-02T10:35:44Z,89.8405,0.170940,0.169615,-0.001325,below_midpoint_feather
2026-07-02T10:35:55Z,89.7719,0.170907,0.173452,0.002545,below_midpoint_feather
2026-07-02T10:36:12Z,89.8329,0.172285,0.170129,-0.002156,below_midpoint_feather
2026-07-02T10:36:49Z,89.7078,0.175633,0.178663,0.003030,below_midpoint_feather
2026-07-02T10:37:25Z,89.6956,0.177652,0.180255,0.002602,below_midpoint_feather
2026-07-02T10:37:34Z,89.7536,0.178540,0.175883,-0.002657,below_midpoint_feather
2026-07-02T10:38:26Z,89.7002,0.184088,0.181193,-0.002895,below_midpoint_feather
2026-07-02T10:38:34Z,89.6529,0.183020,0.185757,0.002737,below_midpoint_feather
2026-07-02T10:39:21Z,89.5720,0.190692,0.196122,0.005430,below_midpoint_feather
2026-07-02T10:39:34Z,89.5979,0.195332,0.193544,-0.001788,below_midpoint_feather
2026-07-02T10:40:35Z,89.4530,0.209025,0.216146,0.007120,below_midpoint_feather
2026-07-02T10:40:54Z,89.4621,0.217280,0.215979,-0.001300,below_midpoint_feather
2026-07-02T10:41:12Z,89.4530,0.221481,0.218736,-0.002745,below_midpoint_feather
2026-07-02T10:41:33Z,89.3690,0.225189,0.234561,0.009372,below_midpoint_feather
2026-07-02T10:42:44Z,89.3202,0.243629,0.251135,0.007506,below_midpoint_feather
2026-07-02T10:42:52Z,89.3797,0.247399,0.241091,-0.006308,below_midpoint_feather
2026-07-02T10:43:18Z,89.3324,0.246129,0.252986,0.006858,below_midpoint_feather
2026-07-02T10:43:44Z,89.4118,0.258042,0.242193,-0.015849,below_midpoint_feather
2026-07-02T10:44:08Z,89.2866,0.259853,0.268623,0.008771,below_midpoint_feather
2026-07-02T10:44:16Z,89.3416,0.263629,0.259028,-0.004602,below_midpoint_feather
2026-07-02T10:45:06Z,89.2958,0.281184,0.275302,-0.005883,below_midpoint_feather
2026-07-02T10:45:08Z,89.2271,0.282134,0.290038,0.007904,below_midpoint_feather
2026-07-02T10:46:12Z,89.2592,0.295655,0.293827,-0.001829,below_midpoint_feather
2026-07-02T10:46:33Z,89.1875,0.305355,0.313401,0.008046,below_midpoint_feather
2026-07-02T10:47:15Z,89.1218,0.326932,0.337127,0.010195,below_midpoint_feather
2026-07-02T10:47:46Z,89.1279,0.351627,0.342157,-0.009470,below_midpoint_feather
2026-07-02T10:48:23Z,89.0211,0.365104,0.379043,0.013938,below_midpoint_feather
2026-07-02T10:48:34Z,89.0822,0.371518,0.365371,-0.006147,below_midpoint_feather
2026-07-02T10:49:01Z,88.9631,0.395539,0.405610,0.010071,below_midpoint_feather
2026-07-02T10:49:50Z,88.9540,0.431684,0.422920,-0.008764,below_midpoint_feather
2026-07-02T10:50:32Z,88.9220,0.458267,0.446880,-0.011387,below_midpoint_feather
2026-07-02T10:50:55Z,88.8106,0.474547,0.491269,0.016722,below_midpoint_feather
2026-07-02T10:51:20Z,88.8563,0.496339,0.485875,-0.010464,below_midpoint_feather
2026-07-02T10:51:31Z,88.7694,0.504923,0.519736,0.014813,below_midpoint_feather
2026-07-02T10:52:00Z,88.7572,0.520881,0.536424,0.015543,below_midpoint_feather
2026-07-02T10:52:34Z,88.8014,0.552121,0.536422,-0.015700,below_midpoint_feather
2026-07-02T10:53:15Z,88.6915,0.579350,0.595262,0.015913,below_midpoint_feather
2026-07-02T10:53:46Z,88.7236,0.609002,0.599255,-0.009748,below_midpoint_feather
2026-07-02T10:54:20Z,88.7205,0.627037,0.618453,-0.008584,below_midpoint_feather
2026-07-02T10:54:52Z,88.6366,0.649590,0.667447,0.017857,below_midpoint_feather
2026-07-02T10:55:28Z,88.6061,0.683132,0.699672,0.016540,below_midpoint_feather
2026-07-02T10:55:36Z,88.6702,0.695431,0.679452,-0.015980,below_midpoint_feather
2026-07-02T10:56:16Z,88.5817,0.719006,0.737672,0.018666,below_midpoint_feather
2026-07-02T10:56:58Z,88.6641,0.740908,0.730970,-0.009938,below_midpoint_feather
2026-07-02T10:57:24Z,88.6061,0.754480,0.769436,0.014956,below_midpoint_feather
2026-07-02T10:57:26Z,88.6702,0.755709,0.745839,-0.009870,below_midpoint_feather
2026-07-02T10:58:18Z,88.6412,0.774098,0.788661,0.014563,below_midpoint_feather
2026-07-02T10:58:58Z,88.6961,0.795806,0.791861,-0.003944,below_midpoint_feather
2026-07-02T10:59:06Z,88.6183,0.809239,0.826347,0.017108,below_midpoint_feather
2026-07-02T10:59:22Z,88.6885,0.819349,0.809019,-0.010330,below_midpoint_feather
2026-07-02T11:00:40Z,88.7098,0.865270,0.847696,-0.017574,below_midpoint_feather
2026-07-02T11:00:46Z,88.6702,0.850527,0.866050,0.015523,below_midpoint_feather
2026-07-02T11:01:14Z,88.6641,0.869845,0.884828,0.014983,below_midpoint_feather
2026-07-02T11:01:52Z,88.7465,0.885033,0.876378,-0.008655,below_midpoint_feather
2026-07-02T11:02:18Z,88.7388,0.883298,0.893767,0.010469,below_midpoint_feather
2026-07-02T11:02:28Z,88.7755,0.895346,0.886367,-0.008979,below_midpoint_feather
2026-07-02T11:03:24Z,88.8243,0.909511,0.899844,-0.009667,below_midpoint_feather
2026-07-02T11:03:44Z,88.7938,0.909515,0.920520,0.011005,below_midpoint_feather
2026-07-02T11:04:08Z,88.9021,0.916479,0.897030,-0.019450,below_midpoint_feather
2026-07-02T11:04:14Z,88.8121,0.916407,0.929228,0.012821,below_midpoint_feather
2026-07-02T11:05:47Z,89.0028,0.923141,0.911677,-0.011463,below_midpoint_feather
2026-07-02T11:05:54Z,88.9403,0.924674,0.932838,0.008164,below_midpoint_feather
2026-07-02T11:06:03Z,88.9937,0.929682,0.920769,-0.008913,below_midpoint_feather
2026-07-02T11:06:14Z,88.9479,0.926920,0.938518,0.011598,below_midpoint_feather
2026-07-02T11:07:01Z,89.0959,0.923365,0.914894,-0.008471,below_midpoint_feather
2026-07-02T11:07:52Z,89.1005,0.921534,0.930569,0.009035,below_midpoint_feather
2026-07-02T11:08:04Z,89.1127,0.920738,0.931105,0.010366,below_midpoint_feather
2026-07-02T11:08:55Z,89.2653,0.918643,0.909971,-0.008673,below_midpoint_feather
2026-07-02T11:09:11Z,89.2775,0.916953,0.911373,-0.005580,below_midpoint_feather
2026-07-02T11:09:42Z,89.2836,0.912408,0.917144,0.004737,below_midpoint_feather
2026-07-02T11:10:15Z,89.3935,0.908072,0.903079,-0.004993,below_midpoint_feather
2026-07-02T11:10:40Z,89.3874,0.903493,0.908542,0.005049,below_midpoint_feather
2026-07-02T11:11:47Z,89.5659,0.897717,0.891426,-0.006291,below_midpoint_feather
2026-07-02T11:11:58Z,89.5293,0.894321,0.897400,0.003078,below_midpoint_feather
2026-07-02T11:12:17Z,89.6162,0.892933,0.888823,-0.004110,below_midpoint_feather
2026-07-02T11:12:42Z,89.6132,0.888102,0.891424,0.003323,below_midpoint_feather
2026-07-02T11:13:09Z,89.7261,0.886610,0.882837,-0.003773,below_midpoint_feather
2026-07-02T11:13:56Z,89.7719,0.879031,0.882124,0.003093,below_midpoint_feather
2026-07-02T11:14:33Z,89.8787,0.879372,0.878078,-0.001294,below_midpoint_feather
2026-07-02T11:14:36Z,89.8283,0.879045,0.880257,0.001212,below_midpoint_feather
2026-07-02T11:15:14Z,89.8909,0.877449,0.878558,0.001109,below_midpoint_feather
2026-07-02T11:15:51Z,90.0206,0.877033,0.875380,-0.001653,in_band
2026-07-02T11:16:00Z,90.0237,0.874670,0.873028,-0.001643,in_band
2026-07-02T11:16:59Z,90.1976,0.846764,0.845159,-0.001605,in_band
2026-07-02T11:17:00Z,90.2571,0.846296,0.844693,-0.001604,in_band
2026-07-02T11:17:59Z,90.4997,0.819117,0.817560,-0.001557,in_band
2026-07-02T11:18:00Z,90.4784,0.818663,0.817107,-0.001556,in_band
2026-07-02T11:18:59Z,90.7256,0.792304,0.790797,-0.001507,in_band
2026-07-02T11:19:00Z,90.7164,0.791866,0.790358,-0.001507,in_band
2026-07-02T11:19:59Z,91.0079,0.766346,0.764886,-0.001459,in_band
2026-07-02T11:20:00Z,91.0277,0.765920,0.764462,-0.001458,in_band
2026-07-02T11:20:59Z,91.3207,0.741228,0.739816,-0.001412,in_band
2026-07-02T11:21:43Z,91.4809,0.723331,0.721953,-0.001378,in_band
2026-07-02T11:21:48Z,91.5526,0.718161,0.699515,-0.018647,above_band_high
2026-07-02T11:23:23Z,91.9020,0.561441,0.543346,-0.018095,above_band_high
2026-07-02T11:23:24Z,91.8502,0.561258,0.565284,0.004027,above_band_high
2026-07-02T11:24:14Z,92.0058,0.478812,0.485513,0.006701,above_band_high
2026-07-02T11:24:57Z,92.1447,0.432153,0.409130,-0.023023,above_band_high
2026-07-02T11:25:50Z,92.1889,0.355228,0.362947,0.007719,above_band_high
2026-07-02T11:25:59Z,92.2591,0.347416,0.327708,-0.019708,above_band_high
2026-07-02T11:26:23Z,92.2911,0.317109,0.299159,-0.017950,above_band_high
2026-07-02T11:26:36Z,92.2591,0.295676,0.304313,0.008637,above_band_high
2026-07-02T11:27:18Z,92.3369,0.238445,0.241601,0.003157,above_band_high
2026-07-02T11:27:21Z,92.3903,0.236237,0.216591,-0.019646,above_band_high
2026-07-02T11:28:07Z,92.4697,0.169768,0.146565,-0.023203,above_band_high
2026-07-02T11:28:52Z,92.4605,0.105886,0.111686,0.005801,above_band_high
2026-07-02T11:29:09Z,92.5338,0.090585,0.065040,-0.025545,above_band_high
2026-07-02T11:29:26Z,92.4819,0.060615,0.071443,0.010828,above_band_high
2026-07-02T11:30:02Z,92.5154,0.015263,0.022628,0.007365,above_band_high
2026-07-02T11:30:08Z,92.5597,0.012649,0.000000,-0.012649,above_band_high
2026-07-02T11:31:00Z,92.5521,0.000000,0.000000,0.000000,above_band_high
2026-07-02T11:32:00Z,92.5338,0.000000,0.000000,0.000000,above_band_high
2026-07-02T11:33:00Z,92.4865,0.000000,0.000000,0.000000,above_band_high
2026-07-02T11:34:00Z,92.3537,0.000000,0.000000,0.000000,above_band_high
2026-07-02T11:35:00Z,92.2408,0.000000,0.000000,0.000000,above_band_high
2026-07-02T11:36:00Z,91.9982,0.000000,0.000000,0.000000,above_band_high
2026-07-02T11:37:41Z,91.5175,0.022152,0.049511,0.027359,above_band_high
2026-07-02T11:37:52Z,91.5251,0.050875,0.042614,-0.008261,above_band_high
2026-07-02T11:39:24Z,90.9667,0.037564,0.037348,-0.000215,in_band
2026-07-02T11:39:59Z,90.8034,0.035055,0.034953,-0.000101,in_band
2026-07-02T11:40:00Z,90.8110,0.034997,0.034899,-0.000099,in_band
2026-07-02T11:40:59Z,90.5089,0.032484,0.032474,-0.000010,in_band
2026-07-02T11:41:00Z,90.4997,0.032452,0.032442,-0.000010,in_band
2026-07-02T11:41:59Z,90.3822,0.030892,0.030914,0.000022,in_band
2026-07-02T11:42:00Z,90.4051,0.030869,0.030892,0.000023,in_band
2026-07-02T11:42:59Z,90.3029,0.029683,0.029717,0.000034,in_band
2026-07-02T11:43:00Z,90.2937,0.029665,0.029699,0.000034,in_band
2026-07-02T11:43:59Z,90.1518,0.028638,0.028675,0.000037,in_band
2026-07-02T11:44:00Z,90.1472,0.028621,0.028658,0.000037,in_band
2026-07-02T11:44:46Z,89.9474,0.027902,0.028417,0.000515,below_midpoint_feather
2026-07-02T11:45:22Z,89.8451,0.031436,0.031405,-0.000030,below_midpoint_feather
2026-07-02T11:45:49Z,89.6498,0.038272,0.045520,0.007248,below_midpoint_feather
2026-07-02T11:46:52Z,89.4606,0.071272,0.070852,-0.000420,below_midpoint_feather
2026-07-02T11:46:55Z,89.3935,0.074280,0.081932,0.007652,below_midpoint_feather
2026-07-02T11:47:37Z,89.2134,0.111144,0.120624,0.009481,below_midpoint_feather
2026-07-02T11:47:42Z,89.2546,0.114563,0.112162,-0.002401,below_midpoint_feather
2026-07-02T11:48:45Z,88.9891,0.175508,0.188068,0.012560,below_midpoint_feather
2026-07-02T11:48:56Z,88.9998,0.190704,0.187375,-0.003329,below_midpoint_feather
2026-07-02T11:49:11Z,88.8975,0.201769,0.221528,0.019760,below_midpoint_feather
2026-07-02T11:49:26Z,88.9021,0.226663,0.224105,-0.002558,below_midpoint_feather
2026-07-02T11:50:01Z,88.7419,0.268138,0.288933,0.020794,below_midpoint_feather
2026-07-02T11:50:30Z,88.7098,0.318435,0.311805,-0.006631,below_midpoint_feather
2026-07-02T11:51:01Z,88.6000,0.349104,0.367964,0.018860,below_midpoint_feather
2026-07-02T11:51:16Z,88.6458,0.367849,0.357597,-0.010252,below_midpoint_feather
2026-07-02T11:52:15Z,88.3772,0.469908,0.503158,0.033250,below_midpoint_feather
2026-07-02T11:52:30Z,88.4047,0.510251,0.501357,-0.008894,below_midpoint_feather
2026-07-02T11:53:29Z,88.1849,0.619472,0.640579,0.021108,below_midpoint_feather
2026-07-02T11:53:36Z,88.2307,0.637820,0.627110,-0.010711,below_midpoint_feather
2026-07-02T11:54:02Z,88.2033,0.666355,0.662386,-0.003968,below_midpoint_feather
2026-07-02T11:54:31Z,88.0064,0.750785,0.774451,0.023666,below_midpoint_feather
2026-07-02T11:55:49Z,87.7409,0.945613,0.976123,0.030511,below_midpoint_feather
2026-07-02T11:55:52Z,87.8141,0.953924,0.948676,-0.005248,below_midpoint_feather
2026-07-02T11:56:01Z,87.7226,0.984886,0.999285,0.014399,below_midpoint_feather
2026-07-02T11:56:06Z,87.6982,1.000000,1.000000,0.000000,below_midpoint_feather
2026-07-02T11:57:00Z,87.4342,1.000000,1.000000,0.000000,below_midpoint_feather
2026-07-02T11:58:00Z,87.2465,1.000000,1.000000,0.000000,below_midpoint_feather
2026-07-02T11:59:00Z,87.0726,1.000000,1.000000,0.000000,below_midpoint_feather
2026-07-02T12:00:00Z,86.9261,1.000000,1.000000,0.000000,below_midpoint_feather
2026-07-02T12:01:00Z,86.7704,1.000000,1.000000,0.000000,below_midpoint_feather
2026-07-02T12:02:00Z,86.5721,1.000000,1.000000,0.000000,below_midpoint_feather
2026-07-02T12:03:00Z,86.3111,1.000000,1.000000,0.000000,below_midpoint_feather
2026-07-02T12:04:00Z,86.0288,1.000000,1.000000,0.000000,below_midpoint_feather
2026-07-02T12:05:00Z,85.6718,1.000000,1.000000,0.000000,below_midpoint_feather
2026-07-02T12:06:00Z,85.4597,1.000000,1.000000,0.000000,below_midpoint_feather
2026-07-02T12:07:00Z,85.1225,1.000000,1.000000,0.000000,below_midpoint_feather
2026-07-02T12:08:00Z,84.8981,1.000000,1.000000,0.000000,below_midpoint_feather
2026-07-02T12:09:00Z,84.6326,1.000000,1.000000,0.000000,below_midpoint_feather
2026-07-02T12:10:00Z,84.4587,1.000000,1.000000,0.000000,below_midpoint_feather
2026-07-02T12:11:00Z,84.2924,1.000000,1.000000,0.000000,below_midpoint_feather
2026-07-02T12:12:00Z,84.0452,1.000000,1.000000,0.000000,below_midpoint_feather
2026-07-02T12:13:00Z,83.7812,1.000000,1.000000,0.000000,below_midpoint_feather
2026-07-02T12:14:00Z,83.5599,1.000000,1.000000,0.000000,below_midpoint_feather
2026-07-02T12:15:00Z,83.2761,1.000000,1.000000,0.000000,mode_c_bypass
2026-07-02T12:16:00Z,83.0396,1.000000,1.000000,0.000000,mode_c_bypass
2026-07-02T12:17:00Z,82.9297,1.000000,1.000000,0.000000,mode_c_bypass
2026-07-02T12:18:00Z,82.9557,1.000000,1.000000,0.000000,mode_c_bypass
2026-07-02T12:19:00Z,83.2090,1.000000,1.000000,0.000000,mode_c_bypass
2026-07-02T12:20:00Z,83.5294,1.000000,1.000000,0.000000,below_midpoint_feather
2026-07-02T12:21:00Z,84.2374,1.000000,1.000000,0.000000,below_midpoint_feather
2026-07-02T12:22:00Z,84.7089,1.000000,1.000000,0.000000,below_midpoint_feather
2026-07-02T12:23:00Z,85.2689,1.000000,1.000000,0.000000,below_midpoint_feather
2026-07-02T12:24:00Z,85.6352,1.000000,1.000000,0.000000,below_midpoint_feather
2026-07-02T12:25:00Z,86.0273,1.000000,1.000000,0.000000,below_midpoint_feather
2026-07-02T12:26:00Z,86.2699,1.000000,1.000000,0.000000,below_midpoint_feather
2026-07-02T12:27:00Z,86.4225,1.000000,1.000000,0.000000,below_midpoint_feather
2026-07-02T12:28:00Z,86.4897,1.000000,1.000000,0.000000,below_midpoint_feather
2026-07-02T12:29:00Z,86.5583,1.000000,1.000000,0.000000,below_midpoint_feather
2026-07-02T12:30:00Z,86.6194,1.000000,1.000000,0.000000,below_midpoint_feather
2026-07-02T12:31:00Z,86.4851,1.000000,1.000000,0.000000,below_midpoint_feather
2026-07-02T12:32:00Z,86.2074,1.000000,1.000000,0.000000,below_midpoint_feather
2026-07-02T12:33:00Z,85.8396,1.000000,1.000000,0.000000,below_midpoint_feather
2026-07-02T12:34:00Z,85.4871,1.000000,1.000000,0.000000,below_midpoint_feather
2026-07-02T12:35:00Z,85.1270,1.000000,1.000000,0.000000,below_midpoint_feather
2026-07-02T12:36:00Z,84.7501,1.000000,1.000000,0.000000,below_midpoint_feather
2026-07-02T12:37:00Z,84.4434,1.000000,1.000000,0.000000,below_midpoint_feather
2026-07-02T12:38:00Z,84.1703,1.000000,1.000000,0.000000,below_midpoint_feather
2026-07-02T12:39:00Z,83.8529,1.000000,1.000000,0.000000,below_midpoint_feather
2026-07-02T12:40:00Z,83.7064,1.000000,1.000000,0.000000,below_midpoint_feather
2026-07-02T12:41:00Z,83.5462,1.000000,1.000000,0.000000,below_midpoint_feather
2026-07-02T12:42:00Z,83.2761,1.000000,1.000000,0.000000,mode_c_bypass
2026-07-02T12:43:00Z,83.1571,1.000000,1.000000,0.000000,mode_c_bypass
2026-07-02T12:44:00Z,82.8962,1.000000,1.000000,0.000000,mode_c_bypass
2026-07-02T12:45:00Z,82.7420,1.000000,1.000000,0.000000,mode_c_bypass
2026-07-02T12:46:00Z,82.5818,1.000000,1.000000,0.000000,mode_c_bypass
2026-07-02T12:47:00Z,82.3285,1.000000,1.000000,0.000000,mode_c_bypass
2026-07-02T12:48:00Z,82.1424,1.000000,1.000000,0.000000,mode_c_bypass
2026-07-02T12:49:00Z,81.9623,1.000000,1.000000,0.000000,mode_c_bypass
2026-07-02T12:50:00Z,81.8173,1.000000,1.000000,0.000000,mode_c_bypass
2026-07-02T12:51:00Z,81.7838,1.000000,1.000000,0.000000,mode_c_bypass
2026-07-02T12:52:00Z,81.5885,1.000000,1.000000,0.000000,mode_c_bypass
2026-07-02T12:53:00Z,81.4008,1.000000,1.000000,0.000000,mode_c_bypass
2026-07-02T12:54:00Z,81.2482,1.000000,1.000000,0.000000,mode_c_bypass
2026-07-02T12:55:00Z,81.0697,1.000000,1.000000,0.000000,mode_c_bypass
2026-07-02T12:56:00Z,80.8179,1.000000,1.000000,0.000000,mode_c_bypass
2026-07-02T12:57:00Z,80.8728,1.000000,1.000000,0.000000,mode_c_bypass
2026-07-02T12:58:00Z,80.9476,1.000000,1.000000,0.000000,mode_c_bypass
2026-07-02T12:59:00Z,80.7126,1.000000,1.000000,0.000000,mode_c_bypass
2026-07-02T13:00:00Z,80.5524,1.000000,1.000000,0.000000,mode_c_bypass
2026-07-02T13:01:00Z,80.5066,1.000000,1.000000,0.000000,mode_c_bypass
2026-07-02T13:02:00Z,80.2426,1.000000,1.000000,0.000000,mode_c_bypass
2026-07-02T13:03:00Z,80.0046,1.000000,1.000000,0.000000,mode_c_bypass
2026-07-02T13:04:00Z,79.8718,1.000000,1.000000,0.000000,mode_c_bypass
2026-07-02T13:05:00Z,79.7162,1.000000,1.000000,0.000000,mode_c_bypass
2026-07-02T13:06:00Z,79.7116,1.000000,1.000000,0.000000,mode_c_bypass
2026-07-02T13:07:00Z,79.6139,1.000000,1.000000,0.000000,mode_c_bypass
2026-07-02T13:08:00Z,79.6643,1.000000,1.000000,0.000000,mode_c_bypass
2026-07-02T13:09:00Z,79.7436,1.000000,1.000000,0.000000,mode_c_bypass
2026-07-02T13:10:00Z,79.8993,1.000000,1.000000,0.000000,mode_c_bypass
2026-07-02T13:11:00Z,79.7742,1.000000,1.000000,0.000000,mode_c_bypass
2026-07-02T13:12:00Z,79.7559,1.000000,1.000000,0.000000,mode_c_bypass
2026-07-02T13:13:00Z,79.8810,1.000000,1.000000,0.000000,mode_c_bypass
2026-07-02T13:14:00Z,79.9390,1.000000,1.000000,0.000000,mode_c_bypass
2026-07-02T13:15:00Z,80.0366,1.000000,1.000000,0.000000,mode_c_bypass
2026-07-02T13:16:00Z,80.0641,1.000000,1.000000,0.000000,mode_c_bypass
2026-07-02T13:17:00Z,80.2747,1.000000,1.000000,0.000000,mode_c_bypass
2026-07-02T13:18:00Z,80.6210,1.000000,1.000000,0.000000,mode_c_bypass
2026-07-02T13:19:00Z,81.2955,1.000000,1.000000,0.000000,mode_c_bypass
2026-07-02T13:20:00Z,82.0554,1.000000,1.000000,0.000000,mode_c_bypass
2026-07-02T13:21:00Z,82.5772,1.000000,1.000000,0.000000,mode_c_bypass
2026-07-02T13:22:00Z,83.3768,1.000000,1.000000,0.000000,mode_c_bypass
2026-07-02T13:23:00Z,83.9307,1.000000,1.000000,0.000000,below_midpoint_feather
2026-07-02T13:24:00Z,84.4251,1.000000,1.000000,0.000000,below_midpoint_feather
2026-07-02T13:25:00Z,84.9241,1.000000,1.000000,0.000000,below_midpoint_feather
2026-07-02T13:26:00Z,85.3285,1.000000,1.000000,0.000000,below_midpoint_feather
2026-07-02T13:27:00Z,85.7221,1.000000,1.000000,0.000000,below_midpoint_feather
2026-07-02T13:28:00Z,85.9770,1.000000,1.000000,0.000000,below_midpoint_feather
2026-07-02T13:29:00Z,86.2150,1.000000,1.000000,0.000000,below_midpoint_feather
2026-07-02T13:30:00Z,86.5217,1.000000,1.000000,0.000000,below_midpoint_feather
2026-07-02T13:31:00Z,86.9886,1.000000,1.000000,0.000000,below_midpoint_feather
2026-07-02T13:32:00Z,87.6112,1.000000,1.000000,0.000000,below_midpoint_feather
2026-07-02T13:33:00Z,88.0598,1.000000,1.000000,0.000000,below_midpoint_feather
2026-07-02T13:34:00Z,88.3497,1.000000,1.000000,0.000000,below_midpoint_feather
2026-07-02T13:35:00Z,88.3619,1.000000,1.000000,0.000000,below_midpoint_feather
2026-07-02T13:36:00Z,88.1422,1.000000,1.000000,0.000000,below_midpoint_feather
2026-07-02T13:37:00Z,87.8264,1.000000,1.000000,0.000000,below_midpoint_feather
2026-07-02T13:38:00Z,87.5471,1.000000,1.000000,0.000000,below_midpoint_feather
2026-07-02T13:39:00Z,87.4418,1.000000,1.000000,0.000000,below_midpoint_feather
2026-07-02T13:40:00Z,87.4601,1.000000,1.000000,0.000000,below_midpoint_feather
2026-07-02T13:41:00Z,87.4510,1.000000,1.000000,0.000000,below_midpoint_feather
2026-07-02T13:42:00Z,87.3823,1.000000,1.000000,0.000000,below_midpoint_feather
2026-07-02T13:43:00Z,87.3457,1.000000,1.000000,0.000000,below_midpoint_feather
2026-07-02T13:44:00Z,87.2862,1.000000,1.000000,0.000000,below_midpoint_feather
2026-07-02T13:45:00Z,87.3518,1.000000,1.000000,0.000000,below_midpoint_feather
2026-07-02T13:46:00Z,87.5486,1.000000,1.000000,0.000000,below_midpoint_feather
2026-07-02T13:47:00Z,87.6707,1.000000,1.000000,0.000000,below_midpoint_feather
2026-07-02T13:48:00Z,87.7226,1.000000,1.000000,0.000000,below_midpoint_feather
2026-07-02T13:49:00Z,87.7394,1.000000,1.000000,0.000000,below_midpoint_feather
2026-07-02T13:50:00Z,87.8401,1.000000,1.000000,0.000000,below_midpoint_feather
2026-07-02T13:51:00Z,87.7852,1.000000,1.000000,0.000000,below_midpoint_feather
2026-07-02T13:52:00Z,87.7577,1.000000,1.000000,0.000000,below_midpoint_feather
2026-07-02T13:53:00Z,87.5944,1.000000,1.000000,0.000000,below_midpoint_feather
2026-07-02T13:54:00Z,87.6402,1.000000,1.000000,0.000000,below_midpoint_feather
2026-07-02T13:55:00Z,87.5380,1.000000,1.000000,0.000000,below_midpoint_feather
2026-07-02T13:56:00Z,87.4876,1.000000,1.000000,0.000000,below_midpoint_feather
2026-07-02T13:57:00Z,87.4800,1.000000,1.000000,0.000000,below_midpoint_feather
2026-07-02T13:58:00Z,87.3106,1.000000,1.000000,0.000000,below_midpoint_feather
2026-07-02T13:59:00Z,87.2740,1.000000,1.000000,0.000000,below_midpoint_feather
2026-07-02T14:00:00Z,87.1946,1.000000,1.000000,0.000000,below_midpoint_feather
2026-07-02T14:01:00Z,87.0527,1.000000,1.000000,0.000000,below_midpoint_feather
2026-07-02T14:02:00Z,87.0405,1.000000,1.000000,0.000000,below_midpoint_feather
2026-07-02T14:03:00Z,87.0909,1.000000,1.000000,0.000000,below_midpoint_feather
2026-07-02T14:04:00Z,87.1489,1.000000,1.000000,0.000000,below_midpoint_feather
2026-07-02T14:05:00Z,87.0909,1.000000,1.000000,0.000000,below_midpoint_feather
2026-07-02T14:06:00Z,87.0298,1.000000,1.000000,0.000000,below_midpoint_feather
2026-07-02T14:07:00Z,86.9581,1.000000,1.000000,0.000000,below_midpoint_feather
2026-07-02T14:08:00Z,86.8742,1.000000,1.000000,0.000000,below_midpoint_feather
2026-07-02T14:09:00Z,86.8101,1.000000,1.000000,0.000000,below_midpoint_feather
2026-07-02T14:10:00Z,86.7613,1.000000,1.000000,0.000000,below_midpoint_feather
2026-07-02T14:11:00Z,86.7109,1.000000,1.000000,0.000000,below_midpoint_feather
2026-07-02T14:12:00Z,86.7887,1.000000,1.000000,0.000000,below_midpoint_feather
2026-07-02T14:13:00Z,86.7964,1.000000,1.000000,0.000000,below_midpoint_feather
2026-07-02T14:14:00Z,86.8788,1.000000,1.000000,0.000000,below_midpoint_feather
2026-07-02T14:15:00Z,86.9245,1.000000,1.000000,0.000000,below_midpoint_feather
2026-07-02T14:16:00Z,86.9856,1.000000,1.000000,0.000000,below_midpoint_feather
2026-07-02T14:17:00Z,87.1366,1.000000,1.000000,0.000000,below_midpoint_feather
2026-07-02T14:18:00Z,87.5441,1.000000,1.000000,0.000000,below_midpoint_feather
2026-07-02T14:19:00Z,87.6844,1.000000,1.000000,0.000000,below_midpoint_feather
2026-07-02T14:20:00Z,87.8645,1.000000,1.000000,0.000000,below_midpoint_feather
2026-07-02T14:21:00Z,88.1285,1.000000,1.000000,0.000000,below_midpoint_feather
2026-07-02T14:22:00Z,88.4627,1.000000,1.000000,0.000000,below_midpoint_feather
2026-07-02T14:23:00Z,88.8396,1.000000,1.000000,0.000000,below_midpoint_feather
2026-07-02T14:24:00Z,89.1310,1.000000,1.000000,0.000000,below_midpoint_feather
2026-07-02T14:25:00Z,89.4163,1.000000,1.000000,0.000000,below_midpoint_feather
2026-07-02T14:26:00Z,89.6178,1.000000,1.000000,0.000000,below_midpoint_feather
2026-07-02T14:26:54Z,89.8131,1.000000,0.999936,-0.000064,below_midpoint_feather
2026-07-02T14:27:14Z,89.8817,0.997839,0.998224,0.000385,below_midpoint_feather
2026-07-02T14:27:51Z,90.0008,0.997784,0.995694,-0.002089,in_band
2026-07-02T14:28:00Z,90.0465,0.993093,0.991006,-0.002087,in_band
2026-07-02T14:28:31Z,90.1808,0.976874,0.974775,-0.002098,in_band
2026-07-02T14:29:01Z,90.3166,0.961158,0.959067,-0.002091,in_band
2026-07-02T14:29:59Z,90.6157,0.931090,0.929040,-0.002050,in_band
2026-07-02T14:30:00Z,90.6096,0.930577,0.928528,-0.002050,in_band
2026-07-02T14:30:59Z,90.8659,0.900725,0.898732,-0.001993,in_band
2026-07-02T14:31:00Z,90.8812,0.900226,0.898234,-0.001992,in_band
2026-07-02T14:31:59Z,91.1315,0.871255,0.869324,-0.001932,in_band
2026-07-02T14:32:00Z,91.1467,0.870772,0.868841,-0.001930,in_band
2026-07-02T14:32:59Z,91.3100,0.842714,0.840844,-0.001870,in_band
2026-07-02T14:33:00Z,91.2963,0.842246,0.840378,-0.001868,in_band
2026-07-02T14:33:59Z,91.3787,0.815095,0.813286,-0.001809,in_band
2026-07-02T14:34:00Z,91.4199,0.814642,0.812834,-0.001808,in_band
2026-07-02T14:34:59Z,91.4519,0.788376,0.786626,-0.001750,in_band
2026-07-02T14:35:00Z,91.4199,0.787938,0.786189,-0.001749,in_band
2026-07-02T14:35:59Z,91.4443,0.762531,0.760838,-0.001692,in_band
2026-07-02T14:36:00Z,91.4290,0.762107,0.760416,-0.001691,in_band
2026-07-02T14:36:59Z,91.4199,0.737533,0.735896,-0.001637,in_band
2026-07-02T14:37:00Z,91.4199,0.737123,0.735487,-0.001636,in_band
2026-07-02T14:37:59Z,91.3756,0.713354,0.711770,-0.001583,in_band
2026-07-02T14:38:00Z,91.3756,0.712958,0.711375,-0.001583,in_band
2026-07-02T14:38:59Z,91.3191,0.689967,0.688436,-0.001531,in_band
2026-07-02T14:39:00Z,91.3283,0.689584,0.688053,-0.001531,in_band
2026-07-02T14:39:59Z,91.2322,0.667347,0.665866,-0.001481,in_band
2026-07-02T14:40:00Z,91.2337,0.666977,0.665496,-0.001481,in_band
2026-07-02T14:40:59Z,91.1421,0.645468,0.644036,-0.001432,in_band
2026-07-02T14:41:00Z,91.1742,0.645111,0.643679,-0.001432,in_band
2026-07-02T14:41:59Z,91.0826,0.624308,0.622922,-0.001385,in_band
2026-07-02T14:42:00Z,91.0811,0.623961,0.622576,-0.001384,in_band
2026-07-02T14:42:59Z,90.9636,0.603841,0.602501,-0.001340,in_band
2026-07-02T14:43:00Z,90.9438,0.603505,0.602166,-0.001339,in_band
2026-07-02T14:43:59Z,90.7439,0.584044,0.582748,-0.001296,in_band
2026-07-02T14:44:00Z,90.7118,0.583720,0.582425,-0.001296,in_band
2026-07-02T14:44:59Z,90.5364,0.564897,0.563643,-0.001254,in_band
2026-07-02T14:45:00Z,90.5425,0.564584,0.563330,-0.001253,in_band
2026-07-02T14:45:59Z,90.2495,0.546378,0.545165,-0.001213,in_band
2026-07-02T14:46:00Z,90.2495,0.546075,0.544862,-0.001212,in_band
2026-07-02T14:46:59Z,90.0664,0.528465,0.527292,-0.001173,in_band
2026-07-02T14:47:00Z,90.0847,0.528172,0.527000,-0.001172,in_band
2026-07-02T14:47:51Z,89.8634,0.521108,0.522383,0.001275,below_midpoint_feather
2026-07-02T14:48:08Z,89.8543,0.524706,0.522763,-0.001943,below_midpoint_feather
2026-07-02T14:48:31Z,89.6895,0.528983,0.533536,0.004554,below_midpoint_feather
2026-07-02T14:49:35Z,89.4057,0.560301,0.571396,0.011095,below_midpoint_feather
2026-07-02T14:49:50Z,89.4209,0.571152,0.569592,-0.001560,below_midpoint_feather
2026-07-02T14:50:12Z,89.4240,0.574601,0.570558,-0.004043,below_midpoint_feather
2026-07-02T14:50:19Z,89.3462,0.575124,0.584712,0.009588,below_midpoint_feather
2026-07-02T14:51:23Z,89.1447,0.625064,0.634725,0.009662,below_midpoint_feather
2026-07-02T14:51:46Z,89.1096,0.651008,0.647053,-0.003955,below_midpoint_feather
2026-07-02T14:52:22Z,89.0455,0.679414,0.671072,-0.008342,below_midpoint_feather
2026-07-02T14:52:33Z,88.9754,0.680213,0.693394,0.013181,below_midpoint_feather
2026-07-02T14:53:18Z,88.9677,0.713430,0.707825,-0.005605,below_midpoint_feather
2026-07-02T14:53:29Z,88.8563,0.725108,0.745673,0.020565,below_midpoint_feather
2026-07-02T14:54:27Z,88.8106,0.762843,0.781088,0.018246,below_midpoint_feather
2026-07-02T14:54:56Z,88.8121,0.800242,0.792056,-0.008186,below_midpoint_feather
2026-07-02T14:55:30Z,88.7648,0.827579,0.823009,-0.004571,below_midpoint_feather
2026-07-02T14:55:47Z,88.6427,0.851312,0.875793,0.024481,below_midpoint_feather
2026-07-02T14:56:28Z,88.5451,0.937044,0.935647,-0.001397,below_midpoint_feather
2026-07-02T14:56:43Z,88.4215,0.971970,0.996668,0.024699,below_midpoint_feather
2026-07-02T14:57:00Z,88.4184,1.000000,1.000000,0.000000,below_midpoint_feather
2026-07-02T14:58:00Z,88.3574,1.000000,1.000000,0.000000,below_midpoint_feather
2026-07-02T14:59:00Z,88.2124,1.000000,1.000000,0.000000,below_midpoint_feather
2026-07-02T15:00:00Z,88.1147,1.000000,1.000000,0.000000,below_midpoint_feather
2026-07-02T15:01:00Z,88.2628,1.000000,1.000000,0.000000,below_midpoint_feather
2026-07-02T15:02:00Z,88.1788,1.000000,1.000000,0.000000,below_midpoint_feather
2026-07-02T15:03:00Z,88.0888,1.000000,1.000000,0.000000,below_midpoint_feather
2026-07-02T15:04:00Z,87.9927,1.000000,1.000000,0.000000,below_midpoint_feather
2026-07-02T15:05:00Z,87.9194,1.000000,1.000000,0.000000,below_midpoint_feather
2026-07-02T15:06:00Z,87.8676,1.000000,1.000000,0.000000,below_midpoint_feather
2026-07-02T15:07:00Z,87.6982,1.000000,1.000000,0.000000,below_midpoint_feather
2026-07-02T15:08:00Z,87.4098,1.000000,1.000000,0.000000,below_midpoint_feather
2026-07-02T15:09:00Z,87.2908,1.000000,1.000000,0.000000,below_midpoint_feather
2026-07-02T15:10:00Z,87.3472,1.000000,1.000000,0.000000,below_midpoint_feather
2026-07-02T15:11:00Z,87.1000,1.000000,1.000000,0.000000,below_midpoint_feather
2026-07-02T15:12:00Z,86.9764,1.000000,1.000000,0.000000,below_midpoint_feather
2026-07-02T15:13:00Z,86.8437,1.000000,1.000000,0.000000,below_midpoint_feather
2026-07-02T15:14:00Z,86.8162,1.000000,1.000000,0.000000,below_midpoint_feather
2026-07-02T15:15:00Z,86.7201,1.000000,1.000000,0.000000,below_midpoint_feather
2026-07-02T15:16:00Z,86.8666,1.000000,1.000000,0.000000,below_midpoint_feather
2026-07-02T15:17:00Z,87.1412,1.000000,1.000000,0.000000,below_midpoint_feather
2026-07-02T15:18:00Z,87.3686,1.000000,1.000000,0.000000,below_midpoint_feather
2026-07-02T15:19:00Z,87.5715,1.000000,1.000000,0.000000,below_midpoint_feather
2026-07-02T15:20:00Z,87.9011,1.000000,1.000000,0.000000,below_midpoint_feather
2026-07-02T15:21:00Z,88.2750,1.000000,1.000000,0.000000,below_midpoint_feather
2026-07-02T15:22:00Z,88.5222,1.000000,1.000000,0.000000,below_midpoint_feather
2026-07-02T15:23:00Z,88.7526,1.000000,1.000000,0.000000,below_midpoint_feather
2026-07-02T15:24:00Z,88.9479,1.000000,1.000000,0.000000,below_midpoint_feather
2026-07-02T15:25:00Z,89.1539,1.000000,1.000000,0.000000,below_midpoint_feather
2026-07-02T15:26:00Z,89.3690,1.000000,1.000000,0.000000,below_midpoint_feather
2026-07-02T15:27:00Z,89.5583,1.000000,1.000000,0.000000,below_midpoint_feather
2026-07-02T15:28:40Z,89.8329,0.999404,1.000000,0.000596,below_midpoint_feather
2026-07-02T15:28:48Z,89.9016,1.000000,0.998622,-0.001378,below_midpoint_feather
2026-07-02T15:29:00Z,89.9275,0.998128,0.998467,0.000339,below_midpoint_feather
2026-07-02T15:29:38Z,90.0801,0.990404,0.988278,-0.002126,in_band
2026-07-02T15:30:00Z,90.1564,0.978752,0.976630,-0.002122,in_band
2026-07-02T15:30:59Z,90.2983,0.947724,0.945639,-0.002084,in_band
2026-07-02T15:31:00Z,90.3166,0.947203,0.945119,-0.002083,in_band
2026-07-02T15:31:59Z,90.4356,0.916856,0.914829,-0.002028,in_band
2026-07-02T15:32:00Z,90.4036,0.916349,0.914322,-0.002027,in_band
2026-07-02T15:32:59Z,90.5287,0.886874,0.884908,-0.001966,in_band
2026-07-02T15:33:00Z,90.5364,0.886382,0.884417,-0.001965,in_band
2026-07-02T15:33:59Z,90.5974,0.857826,0.855923,-0.001903,in_band
2026-07-02T15:34:00Z,90.5913,0.857350,0.855448,-0.001902,in_band
2026-07-02T15:34:59Z,90.6050,0.829714,0.827873,-0.001841,in_band
2026-07-02T15:35:00Z,90.5776,0.829253,0.827413,-0.001840,in_band
2026-07-02T15:35:59Z,90.4677,0.802517,0.800735,-0.001781,in_band
2026-07-02T15:36:00Z,90.4585,0.802071,0.800291,-0.001780,in_band
2026-07-02T15:36:59Z,90.2541,0.776208,0.774485,-0.001723,in_band
2026-07-02T15:37:00Z,90.2388,0.775777,0.774055,-0.001722,in_band
2026-07-02T15:37:57Z,89.9519,0.751596,0.751925,0.000329,below_midpoint_feather
2026-07-02T15:38:16Z,89.9153,0.752653,0.752617,-0.000036,below_midpoint_feather
2026-07-02T15:38:39Z,89.7581,0.756742,0.759936,0.003194,below_midpoint_feather
2026-07-02T15:39:10Z,89.6117,0.773235,0.773288,0.000053,below_midpoint_feather
2026-07-02T15:39:37Z,89.4102,0.792098,0.801942,0.009843,below_midpoint_feather
2026-07-02T15:40:27Z,89.1188,0.848533,0.866177,0.017643,below_midpoint_feather
2026-07-02T15:40:32Z,89.1783,0.858387,0.852308,-0.006078,below_midpoint_feather
2026-07-02T15:41:19Z,88.8334,0.936920,0.957535,0.020615,below_midpoint_feather
2026-07-02T15:41:44Z,88.7007,1.000000,1.000000,0.000000,below_midpoint_feather
2026-07-02T15:42:00Z,88.6427,1.000000,1.000000,0.000000,below_midpoint_feather
2026-07-02T15:43:00Z,88.2704,1.000000,1.000000,0.000000,below_midpoint_feather
2026-07-02T15:44:00Z,88.0476,1.000000,1.000000,0.000000,below_midpoint_feather
2026-07-02T15:45:00Z,87.9225,1.000000,1.000000,0.000000,below_midpoint_feather
2026-07-02T15:46:00Z,87.9271,1.000000,1.000000,0.000000,below_midpoint_feather
2026-07-02T15:47:00Z,87.9866,1.000000,1.000000,0.000000,below_midpoint_feather
2026-07-02T15:48:00Z,88.0568,1.000000,1.000000,0.000000,below_midpoint_feather
2026-07-02T15:49:00Z,88.1346,1.000000,1.000000,0.000000,below_midpoint_feather
2026-07-02T15:50:00Z,88.1300,1.000000,1.000000,0.000000,below_midpoint_feather
2026-07-02T15:51:00Z,88.1331,1.000000,1.000000,0.000000,below_midpoint_feather
2026-07-02T15:52:00Z,87.9774,1.000000,1.000000,0.000000,below_midpoint_feather
2026-07-02T15:53:00Z,87.8370,1.000000,1.000000,0.000000,below_midpoint_feather
2026-07-02T15:54:00Z,87.7684,1.000000,1.000000,0.000000,below_midpoint_feather
2026-07-02T15:55:00Z,87.8035,1.000000,1.000000,0.000000,below_midpoint_feather
2026-07-02T15:56:00Z,87.8965,1.000000,1.000000,0.000000,below_midpoint_feather
2026-07-02T15:57:00Z,88.0385,1.000000,1.000000,0.000000,below_midpoint_feather
2026-07-02T15:58:00Z,88.3116,1.000000,1.000000,0.000000,below_midpoint_feather
2026-07-02T15:59:00Z,88.4962,1.000000,1.000000,0.000000,below_midpoint_feather
2026-07-02T16:00:00Z,88.6915,1.000000,1.000000,0.000000,below_midpoint_feather
2026-07-02T16:01:00Z,88.8808,1.000000,1.000000,0.000000,below_midpoint_feather
2026-07-02T16:02:00Z,89.1493,1.000000,1.000000,0.000000,below_midpoint_feather
2026-07-02T16:03:00Z,89.4102,1.000000,1.000000,0.000000,below_midpoint_feather
2026-07-02T16:04:00Z,89.6208,1.000000,1.000000,0.000000,below_midpoint_feather
2026-07-02T16:04:52Z,89.8268,1.000000,0.999288,-0.000712,below_midpoint_feather
2026-07-02T16:05:24Z,89.9199,0.997591,0.997796,0.000206,below_midpoint_feather
2026-07-02T16:05:37Z,90.0114,0.997371,0.995262,-0.002109,in_band
2026-07-02T16:06:00Z,90.1015,0.985465,0.983390,-0.002075,in_band
2026-07-02T16:06:30Z,90.2296,0.969866,0.967781,-0.002085,in_band
2026-07-02T16:07:00Z,90.2998,0.954254,0.952177,-0.002077,in_band
2026-07-02T16:07:59Z,90.5379,0.923886,0.921850,-0.002036,in_band
2026-07-02T16:08:00Z,90.5333,0.923377,0.921342,-0.002034,in_band
2026-07-02T16:08:59Z,90.8019,0.893751,0.891772,-0.001979,in_band
2026-07-02T16:09:00Z,90.7744,0.893256,0.891278,-0.001978,in_band
2026-07-02T16:09:59Z,91.1040,0.864507,0.862590,-0.001917,in_band
2026-07-02T16:10:00Z,91.1223,0.864028,0.862111,-0.001916,in_band
2026-07-02T16:10:59Z,91.3649,0.836186,0.834330,-0.001856,in_band
2026-07-02T16:11:48Z,91.5160,0.813737,0.806469,-0.007269,above_band_high
2026-07-02T16:11:50Z,91.5160,0.807769,0.806470,-0.001299,above_band_high
2026-07-02T16:13:24Z,91.5801,0.756118,0.775968,0.019850,above_band_high
2026-07-02T16:13:30Z,91.6457,0.757606,0.747494,-0.010111,above_band_high
2026-07-02T16:14:06Z,91.6548,0.751030,0.740198,-0.010832,above_band_high
2026-07-02T16:14:50Z,91.5450,0.765825,0.782316,0.016491,above_band_high
2026-07-02T16:15:07Z,91.5312,0.775141,0.786458,0.011317,above_band_high
2026-07-02T16:15:16Z,91.5450,0.782745,0.779767,-0.002978,above_band_high
2026-07-02T16:16:56Z,91.2779,0.756205,0.754419,-0.001786,in_band
2026-07-02T16:16:59Z,91.2657,0.754893,0.753112,-0.001780,in_band
2026-07-02T16:17:00Z,91.2703,0.754456,0.752677,-0.001778,in_band
2026-07-02T16:17:59Z,91.1910,0.729487,0.727802,-0.001685,in_band
2026-07-02T16:18:00Z,91.2291,0.729075,0.727392,-0.001683,in_band
2026-07-02T16:18:59Z,91.1009,0.705327,0.703712,-0.001615,in_band
2026-07-02T16:19:00Z,91.0628,0.704933,0.703319,-0.001614,in_band
2026-07-02T16:19:59Z,90.9728,0.682113,0.680556,-0.001557,in_band
2026-07-02T16:20:00Z,90.9850,0.681734,0.680177,-0.001556,in_band
2026-07-02T16:20:59Z,90.9026,0.659717,0.658213,-0.001504,in_band
2026-07-02T16:21:00Z,90.8629,0.659351,0.657847,-0.001504,in_band
2026-07-02T16:21:59Z,90.8980,0.638077,0.636623,-0.001454,in_band
2026-07-02T16:22:00Z,90.9133,0.637722,0.636269,-0.001453,in_band
2026-07-02T16:22:59Z,90.9911,0.617154,0.615747,-0.001406,in_band
2026-07-02T16:23:00Z,91.0048,0.616811,0.615405,-0.001406,in_band
2026-07-02T16:23:59Z,91.1406,0.596919,0.595559,-0.001360,in_band
2026-07-02T16:24:00Z,91.1269,0.596588,0.595228,-0.001359,in_band
2026-07-02T16:24:59Z,91.3054,0.577349,0.576034,-0.001315,in_band
2026-07-02T16:25:00Z,91.2825,0.577028,0.575714,-0.001315,in_band
2026-07-02T16:25:59Z,91.4305,0.558421,0.557149,-0.001272,in_band
2026-07-02T16:26:29Z,91.4900,0.549191,0.548550,-0.000641,in_band
2026-07-02T16:26:30Z,91.5160,0.548886,0.541732,-0.007154,above_band_high
2026-07-02T16:28:25Z,91.7540,0.449467,0.433253,-0.016214,above_band_high
2026-07-02T16:28:42Z,91.7510,0.422262,0.431965,0.009703,above_band_high
2026-07-02T16:29:04Z,91.7693,0.410506,0.420057,0.009551,above_band_high
2026-07-02T16:29:35Z,91.8593,0.393286,0.374667,-0.018619,above_band_high
2026-07-02T16:30:09Z,91.8837,0.372539,0.355020,-0.017520,above_band_high
2026-07-02T16:30:42Z,91.8471,0.345565,0.360408,0.014842,above_band_high
2026-07-02T16:31:26Z,91.9020,0.334555,0.321930,-0.012626,above_band_high
2026-07-02T16:31:38Z,91.8547,0.332262,0.337839,0.005578,above_band_high
2026-07-02T16:32:22Z,91.8288,0.316437,0.333000,0.016563,above_band_high
2026-07-02T16:32:38Z,91.8654,0.323631,0.311548,-0.012083,above_band_high
2026-07-02T16:33:10Z,91.8090,0.345421,0.324275,-0.021146,above_band_high
2026-07-02T16:33:39Z,91.6670,0.355392,0.375351,0.019959,above_band_high
2026-07-02T16:34:21Z,91.5084,0.416774,0.431859,0.015085,above_band_high
2026-07-02T16:34:28Z,91.4702,0.435522,0.432820,-0.002702,in_band
2026-07-02T16:35:56Z,90.6966,0.405791,0.403749,-0.002042,in_band
2026-07-02T16:35:59Z,90.6706,0.404980,0.402949,-0.002031,in_band
2026-07-02T16:36:00Z,90.6752,0.404711,0.402684,-0.002027,in_band
2026-07-02T16:36:59Z,89.8131,0.392729,0.395310,0.002581,below_midpoint_feather
2026-07-02T16:37:06Z,89.7093,0.401089,0.402251,0.001162,below_midpoint_feather
2026-07-02T16:37:49Z,88.8792,0.541763,0.569517,0.027754,below_midpoint_feather
2026-07-02T16:38:19Z,88.2933,0.757025,0.803992,0.046967,below_midpoint_feather
2026-07-02T16:38:56Z,87.8004,1.000000,1.000000,0.000000,below_midpoint_feather
2026-07-02T16:39:00Z,87.7989,1.000000,1.000000,0.000000,below_midpoint_feather
2026-07-02T16:40:00Z,87.2328,1.000000,1.000000,0.000000,below_midpoint_feather
2026-07-02T16:41:00Z,86.7826,1.000000,1.000000,0.000000,below_midpoint_feather
2026-07-02T16:42:00Z,86.4118,1.000000,1.000000,0.000000,below_midpoint_feather
2026-07-02T16:43:00Z,86.0044,1.000000,1.000000,0.000000,below_midpoint_feather
2026-07-02T16:44:00Z,85.4475,1.000000,1.000000,0.000000,below_midpoint_feather
2026-07-02T16:45:00Z,84.7333,1.000000,1.000000,0.000000,below_midpoint_feather
2026-07-02T16:46:00Z,84.1611,1.000000,1.000000,0.000000,below_midpoint_feather
2026-07-02T16:47:00Z,83.6942,1.000000,1.000000,0.000000,below_midpoint_feather
2026-07-02T16:48:00Z,83.3097,1.000000,1.000000,0.000000,mode_c_bypass
2026-07-02T16:49:00Z,83.1479,1.000000,1.000000,0.000000,mode_c_bypass
2026-07-02T16:50:00Z,83.2395,1.000000,1.000000,0.000000,mode_c_bypass
2026-07-02T16:51:00Z,83.8087,1.000000,1.000000,0.000000,below_midpoint_feather
2026-07-02T16:52:00Z,84.6006,1.000000,1.000000,0.000000,below_midpoint_feather
2026-07-02T16:53:00Z,85.4063,1.000000,1.000000,0.000000,below_midpoint_feather
2026-07-02T16:54:00Z,86.2303,1.000000,1.000000,0.000000,below_midpoint_feather
2026-07-02T16:55:00Z,86.7597,1.000000,1.000000,0.000000,below_midpoint_feather
2026-07-02T16:56:00Z,87.1183,1.000000,1.000000,0.000000,below_midpoint_feather
2026-07-02T16:57:00Z,87.3655,1.000000,1.000000,0.000000,below_midpoint_feather
2026-07-02T16:58:00Z,87.6265,1.000000,1.000000,0.000000,below_midpoint_feather
2026-07-02T16:59:00Z,87.8950,1.000000,1.000000,0.000000,below_midpoint_feather
2026-07-02T17:00:00Z,88.1880,1.000000,1.000000,0.000000,below_midpoint_feather
2026-07-02T17:01:00Z,88.4825,1.000000,1.000000,0.000000,below_midpoint_feather
2026-07-02T17:02:00Z,88.6641,1.000000,1.000000,0.000000,below_midpoint_feather
2026-07-02T17:03:00Z,88.9265,1.000000,1.000000,0.000000,below_midpoint_feather
2026-07-02T17:04:00Z,89.1966,1.000000,1.000000,0.000000,below_midpoint_feather
2026-07-02T17:05:00Z,89.4163,1.000000,1.000000,0.000000,below_midpoint_feather
2026-07-02T17:06:00Z,89.6315,1.000000,1.000000,0.000000,below_midpoint_feather
2026-07-02T17:07:18Z,89.8970,0.999789,0.998097,-0.001692,below_midpoint_feather
2026-07-02T17:07:42Z,89.8863,0.998778,0.999476,0.000699,below_midpoint_feather
2026-07-02T17:08:00Z,89.9870,0.998139,0.997148,-0.000991,below_midpoint_feather
2026-07-02T17:08:03Z,90.0328,0.998230,0.996101,-0.002130,in_band
2026-07-02T17:09:00Z,90.1259,0.969207,0.967099,-0.002108,in_band
2026-07-02T17:09:59Z,90.2678,0.938367,0.936301,-0.002067,in_band
2026-07-02T17:10:00Z,90.2495,0.937850,0.935784,-0.002066,in_band
2026-07-02T17:10:59Z,90.3914,0.907761,0.905752,-0.002009,in_band
2026-07-02T17:11:00Z,90.3960,0.907258,0.905251,-0.002007,in_band
2026-07-02T17:11:59Z,90.5272,0.878059,0.876113,-0.001946,in_band
2026-07-02T17:12:00Z,90.5180,0.877572,0.875627,-0.001945,in_band
2026-07-02T17:12:59Z,90.6783,0.849295,0.847411,-0.001884,in_band
2026-07-02T17:13:00Z,90.6935,0.848823,0.846940,-0.001883,in_band
2026-07-02T17:13:59Z,90.8309,0.821460,0.819637,-0.001823,in_band
2026-07-02T17:14:00Z,90.8385,0.821003,0.819182,-0.001822,in_band
2026-07-02T17:14:59Z,90.9255,0.794531,0.792769,-0.001763,in_band
2026-07-02T17:15:00Z,90.9361,0.794090,0.792328,-0.001762,in_band
2026-07-02T17:15:59Z,91.0628,0.768485,0.766780,-0.001705,in_band
2026-07-02T17:16:00Z,91.0552,0.768058,0.766354,-0.001704,in_band
2026-07-02T17:16:59Z,91.1833,0.743292,0.741642,-0.001650,in_band
2026-07-02T17:17:00Z,91.1589,0.742878,0.741230,-0.001648,in_band
2026-07-02T17:17:59Z,91.1925,0.718923,0.717328,-0.001595,in_band
2026-07-02T17:18:00Z,91.2139,0.718524,0.716930,-0.001594,in_band
2026-07-02T17:18:59Z,91.2505,0.695354,0.693811,-0.001543,in_band
2026-07-02T17:19:00Z,91.2413,0.694968,0.693426,-0.001542,in_band
2026-07-02T17:19:59Z,91.3146,0.672558,0.671066,-0.001493,in_band
2026-07-02T17:20:00Z,91.3283,0.672184,0.670693,-0.001492,in_band
2026-07-02T17:20:59Z,91.3893,0.650509,0.649065,-0.001444,in_band
2026-07-02T17:21:00Z,91.3924,0.650148,0.648705,-0.001443,in_band
2026-07-02T17:21:59Z,91.4748,0.629183,0.627787,-0.001396,in_band
2026-07-02T17:22:10Z,91.5129,0.625349,0.618792,-0.006557,above_band_high
2026-07-02T17:22:16Z,91.5129,0.618749,0.618100,-0.000649,above_band_high
2026-07-02T17:23:50Z,91.6182,0.565218,0.569532,0.004314,above_band_high
2026-07-02T17:23:54Z,91.6503,0.570173,0.555598,-0.014575,above_band_high
2026-07-02T17:24:19Z,91.6686,0.561111,0.545813,-0.015298,above_band_high
2026-07-02T17:24:32Z,91.6640,0.538448,0.546526,0.008078,above_band_high
2026-07-02T17:25:23Z,91.8105,0.511656,0.477170,-0.034486,above_band_high
2026-07-02T17:25:38Z,91.8013,0.473952,0.478385,0.004433,above_band_high
2026-07-02T17:26:18Z,91.9280,0.414984,0.415114,0.000129,above_band_high
2026-07-02T17:26:43Z,92.0623,0.379585,0.350136,-0.029449,above_band_high
2026-07-02T17:27:03Z,92.1172,0.337934,0.319284,-0.018650,above_band_high
2026-07-02T17:27:36Z,92.1660,0.277972,0.283631,0.005659,above_band_high
2026-07-02T17:28:03Z,92.2866,0.244308,0.217749,-0.026559,above_band_high
2026-07-02T17:28:18Z,92.2621,0.210188,0.219254,0.009066,above_band_high
2026-07-02T17:29:13Z,92.4544,0.118893,0.099376,-0.019517,above_band_high
2026-07-02T17:29:20Z,92.4315,0.101875,0.103766,0.001891,above_band_high
2026-07-02T17:30:11Z,92.5704,0.020364,0.001577,-0.018787,above_band_high
2026-07-02T17:30:16Z,92.5383,0.007416,0.010717,0.003301,above_band_high
2026-07-02T17:31:00Z,92.6482,0.000000,0.000000,0.000000,above_band_high
2026-07-02T17:32:00Z,92.8023,0.000000,0.000000,0.000000,above_band_high
2026-07-02T17:33:00Z,92.8985,0.000000,0.000000,0.000000,above_band_high
2026-07-02T17:34:00Z,93.0373,0.000000,0.000000,0.000000,above_band_high
2026-07-02T17:35:00Z,93.1289,0.000000,0.000000,0.000000,above_band_high
2026-07-02T17:36:00Z,93.1975,0.000000,0.000000,0.000000,above_band_high
2026-07-02T17:37:00Z,93.2967,0.000000,0.000000,0.000000,above_band_high
2026-07-02T17:38:00Z,93.3471,0.000000,0.000000,0.000000,above_band_high
2026-07-02T17:39:00Z,93.4264,0.000000,0.000000,0.000000,above_band_high
2026-07-02T17:40:00Z,93.4493,0.000000,0.000000,0.000000,above_band_high
2026-07-02T17:41:00Z,93.5164,0.000000,0.000000,0.000000,above_band_high
2026-07-02T17:42:00Z,93.5042,0.000000,0.000000,0.000000,above_band_high
2026-07-02T17:43:00Z,93.5714,0.000000,0.000000,0.000000,above_band_high
2026-07-02T17:44:00Z,93.5897,0.000000,0.000000,0.000000,above_band_high
2026-07-02T17:45:00Z,93.5592,0.000000,0.000000,0.000000,above_band_high
2026-07-02T17:46:00Z,93.6278,0.000000,0.000000,0.000000,above_band_high
2026-07-02T17:47:00Z,93.5943,0.000000,0.000000,0.000000,above_band_high
2026-07-02T17:48:00Z,93.6400,0.000000,0.000000,0.000000,above_band_high
2026-07-02T17:49:00Z,93.6812,0.000000,0.000000,0.000000,above_band_high
2026-07-02T17:50:00Z,93.6446,0.000000,0.000000,0.000000,above_band_high
2026-07-02T17:51:00Z,93.6309,0.000000,0.000000,0.000000,above_band_high
2026-07-02T17:52:00Z,93.6690,0.000000,0.000000,0.000000,above_band_high
2026-07-02T17:53:00Z,93.6507,0.000000,0.000000,0.000000,above_band_high
2026-07-02T17:54:00Z,93.6675,0.000000,0.000000,0.000000,above_band_high
2026-07-02T17:55:00Z,93.6461,0.000000,0.000000,0.000000,above_band_high
2026-07-02T17:56:00Z,93.6736,0.000000,0.000000,0.000000,above_band_high
2026-07-02T17:57:00Z,93.6492,0.000000,0.000000,0.000000,above_band_high
2026-07-02T17:58:00Z,93.6645,0.000000,0.000000,0.000000,above_band_high
2026-07-02T17:59:00Z,93.6492,0.000000,0.000000,0.000000,above_band_high
2026-07-02T18:00:00Z,93.6187,0.000000,0.000000,0.000000,above_band_high
2026-07-02T18:01:00Z,93.6309,0.000000,0.000000,0.000000,above_band_high
2026-07-02T18:02:00Z,93.5805,0.000000,0.000000,0.000000,above_band_high
2026-07-02T18:03:00Z,93.6309,0.000000,0.000000,0.000000,above_band_high
2026-07-02T18:04:00Z,93.5760,0.000000,0.000000,0.000000,above_band_high
2026-07-02T18:05:00Z,93.5897,0.000000,0.000000,0.000000,above_band_high
2026-07-02T18:06:00Z,93.6263,0.000000,0.000000,0.000000,above_band_high
2026-07-02T18:07:00Z,93.6095,0.000000,0.000000,0.000000,above_band_high
2026-07-02T18:08:00Z,93.6355,0.000000,0.000000,0.000000,above_band_high
2026-07-02T18:09:00Z,93.6309,0.000000,0.000000,0.000000,above_band_high
2026-07-02T18:10:00Z,93.6828,0.000000,0.000000,0.000000,above_band_high
2026-07-02T18:11:00Z,93.6645,0.000000,0.000000,0.000000,above_band_high
2026-07-02T18:12:00Z,93.6538,0.000000,0.000000,0.000000,above_band_high
2026-07-02T18:13:00Z,93.6828,0.000000,0.000000,0.000000,above_band_high
2026-07-02T18:14:00Z,93.6507,0.000000,0.000000,0.000000,above_band_high
2026-07-02T18:15:00Z,93.6828,0.000000,0.000000,0.000000,above_band_high
2026-07-02T18:16:00Z,93.6584,0.000000,0.000000,0.000000,above_band_high
2026-07-02T18:17:00Z,93.6690,0.000000,0.000000,0.000000,above_band_high
2026-07-02T18:18:00Z,93.6507,0.000000,0.000000,0.000000,above_band_high
2026-07-02T18:19:00Z,93.6400,0.000000,0.000000,0.000000,above_band_high
2026-07-02T18:20:00Z,93.6461,0.000000,0.000000,0.000000,above_band_high
2026-07-02T18:21:00Z,93.6995,0.000000,0.000000,0.000000,above_band_high
2026-07-02T18:22:00Z,93.6767,0.000000,0.000000,0.000000,above_band_high
2026-07-02T18:23:00Z,93.6950,0.000000,0.000000,0.000000,above_band_high
2026-07-02T18:24:00Z,93.7102,0.000000,0.000000,0.000000,above_band_high
2026-07-02T18:25:00Z,93.7682,0.000000,0.000000,0.000000,above_band_high
2026-07-02T18:26:00Z,93.7835,0.000000,0.000000,0.000000,above_band_high
2026-07-02T18:27:00Z,93.7926,0.000000,0.000000,0.000000,above_band_high
2026-07-02T18:28:00Z,93.7926,0.000000,0.000000,0.000000,above_band_high
2026-07-02T18:29:00Z,93.7957,0.000000,0.000000,0.000000,above_band_high
2026-07-02T18:30:00Z,93.7469,0.000000,0.000000,0.000000,above_band_high
2026-07-02T18:31:00Z,93.6507,0.000000,0.000000,0.000000,above_band_high
2026-07-02T18:32:00Z,93.5805,0.000000,0.000000,0.000000,above_band_high
2026-07-02T18:33:00Z,93.4173,0.000000,0.000000,0.000000,above_band_high
2026-07-02T18:34:00Z,93.2921,0.000000,0.000000,0.000000,above_band_high
2026-07-02T18:35:00Z,93.2006,0.000000,0.000000,0.000000,above_band_high
2026-07-02T18:36:00Z,93.1884,0.000000,0.000000,0.000000,above_band_high
2026-07-02T18:37:00Z,93.1090,0.000000,0.000000,0.000000,above_band_high
2026-07-02T18:38:00Z,93.0449,0.000000,0.000000,0.000000,above_band_high
2026-07-02T18:39:00Z,92.9229,0.000000,0.000000,0.000000,above_band_high
2026-07-02T18:40:00Z,92.8267,0.000000,0.000000,0.000000,above_band_high
2026-07-02T18:41:00Z,92.6741,0.000000,0.000000,0.000000,above_band_high
2026-07-02T18:42:00Z,92.5795,0.000000,0.000000,0.000000,above_band_high
2026-07-02T18:43:00Z,92.4880,0.000000,0.000000,0.000000,above_band_high
2026-07-02T18:44:00Z,92.3857,0.000000,0.000000,0.000000,above_band_high
2026-07-02T18:45:00Z,92.2728,0.000000,0.000000,0.000000,above_band_high
2026-07-02T18:46:00Z,92.2026,0.000000,0.000000,0.000000,above_band_high
2026-07-02T18:47:00Z,92.1065,0.000000,0.000000,0.000000,above_band_high
2026-07-02T18:48:00Z,92.0653,0.000000,0.000000,0.000000,above_band_high
2026-07-02T18:49:00Z,92.0073,0.000000,0.000000,0.000000,above_band_high
2026-07-02T18:50:00Z,92.0073,0.000000,0.000000,0.000000,above_band_high
2026-07-02T18:51:00Z,91.9890,0.000000,0.000000,0.000000,above_band_high
2026-07-02T18:52:00Z,91.9295,0.000000,0.000000,0.000000,above_band_high
2026-07-02T18:53:00Z,91.8883,0.000000,0.000000,0.000000,above_band_high
2026-07-02T18:54:00Z,91.8746,0.000000,0.000000,0.000000,above_band_high
2026-07-02T18:55:00Z,91.8502,0.000000,0.000000,0.000000,above_band_high
2026-07-02T18:56:00Z,91.7510,0.000000,0.000000,0.000000,above_band_high
2026-07-02T18:57:00Z,91.6991,0.000000,0.000000,0.000000,above_band_high
2026-07-02T18:58:00Z,91.5953,0.000000,0.000000,0.000000,above_band_high
2026-07-02T18:59:28Z,91.4931,0.000000,0.005732,0.005732,in_band
2026-07-02T18:59:34Z,91.5129,0.004455,0.000000,-0.004455,above_band_high
2026-07-02T19:01:08Z,91.3695,0.001150,0.001116,-0.000034,in_band
2026-07-02T19:01:59Z,91.2779,0.000495,0.000480,-0.000015,in_band
2026-07-02T19:02:00Z,91.2688,0.000487,0.000473,-0.000014,in_band
2026-07-02T19:02:59Z,91.2139,0.000184,0.000178,-0.000005,in_band
2026-07-02T19:03:00Z,91.1971,0.000181,0.000175,-0.000005,in_band
2026-07-02T19:03:59Z,91.1376,0.000068,0.000066,-0.000002,in_band
2026-07-02T19:04:00Z,91.1284,0.000067,0.000065,-0.000002,in_band
2026-07-02T19:04:59Z,91.0399,0.000025,0.000025,-0.000001,in_band
2026-07-02T19:05:00Z,91.0079,0.000025,0.000024,-0.000001,in_band
2026-07-02T19:05:59Z,90.9773,0.000009,0.000009,-0.000000,in_band
2026-07-02T19:06:00Z,90.9865,0.000009,0.000009,-0.000000,in_band
2026-07-02T19:06:59Z,90.9773,0.000003,0.000003,-0.000000,in_band
2026-07-02T19:07:00Z,91.0002,0.000003,0.000003,-0.000000,in_band
2026-07-02T19:07:59Z,90.9178,0.000001,0.000001,-0.000000,in_band
2026-07-02T19:08:00Z,90.9499,0.000001,0.000001,-0.000000,in_band
2026-07-02T19:08:59Z,90.8949,0.000000,0.000000,-0.000000,in_band
2026-07-02T19:09:00Z,90.9041,0.000000,0.000000,-0.000000,in_band
2026-07-02T19:09:59Z,90.9590,0.000000,0.000000,-0.000000,in_band
2026-07-02T19:10:00Z,90.9270,0.000000,0.000000,-0.000000,in_band
2026-07-02T19:10:59Z,91.0369,0.000000,0.000000,-0.000000,in_band
2026-07-02T19:11:00Z,91.0369,0.000000,0.000000,-0.000000,in_band
2026-07-02T19:11:59Z,91.1147,0.000000,0.000000,-0.000000,in_band
2026-07-02T19:12:00Z,91.1360,0.000000,0.000000,-0.000000,in_band
2026-07-02T19:12:59Z,91.1513,0.000000,0.000000,-0.000000,in_band
2026-07-02T19:13:00Z,91.1772,0.000000,0.000000,-0.000000,in_band
2026-07-02T19:13:59Z,91.2139,0.000000,0.000000,-0.000000,in_band
2026-07-02T19:14:00Z,91.2200,0.000000,0.000000,-0.000000,in_band
2026-07-02T19:14:59Z,91.2062,0.000000,0.000000,-0.000000,in_band
2026-07-02T19:15:00Z,91.2428,0.000000,0.000000,-0.000000,in_band
2026-07-02T19:15:59Z,91.1772,0.000000,0.000000,-0.000000,in_band
2026-07-02T19:16:00Z,91.2062,0.000000,0.000000,-0.000000,in_band
2026-07-02T19:16:59Z,91.2062,0.000000,0.000000,-0.000000,in_band
2026-07-02T19:17:00Z,91.2047,0.000000,0.000000,-0.000000,in_band
2026-07-02T19:17:59Z,91.2245,0.000000,0.000000,-0.000000,in_band
2026-07-02T19:18:00Z,91.2245,0.000000,0.000000,-0.000000,in_band
2026-07-02T19:18:59Z,91.2322,0.000000,0.000000,-0.000000,in_band
2026-07-02T19:19:00Z,91.2322,0.000000,0.000000,-0.000000,in_band
2026-07-02T19:19:59Z,91.2093,0.000000,0.000000,-0.000000,in_band
2026-07-02T19:20:00Z,91.2383,0.000000,0.000000,-0.000000,in_band
2026-07-02T19:20:59Z,91.1864,0.000000,0.000000,-0.000000,in_band
2026-07-02T19:21:00Z,91.2047,0.000000,0.000000,-0.000000,in_band
2026-07-02T19:21:59Z,91.1788,0.000000,0.000000,-0.000000,in_band
2026-07-02T19:22:00Z,91.1818,0.000000,0.000000,-0.000000,in_band
2026-07-02T19:22:59Z,91.1604,0.000000,0.000000,-0.000000,in_band
2026-07-02T19:23:00Z,91.1513,0.000000,0.000000,-0.000000,in_band
2026-07-02T19:23:59Z,91.0994,0.000000,0.000000,-0.000000,in_band
2026-07-02T19:24:00Z,91.0857,0.000000,0.000000,-0.000000,in_band
2026-07-02T19:24:59Z,91.0414,0.000000,0.000000,-0.000000,in_band
2026-07-02T19:25:00Z,91.0491,0.000000,0.000000,-0.000000,in_band
2026-07-02T19:25:59Z,91.0536,0.000000,0.000000,-0.000000,in_band
2026-07-02T19:26:00Z,91.0369,0.000000,0.000000,-0.000000,in_band
2026-07-02T19:26:59Z,91.0094,0.000000,0.000000,-0.000000,in_band
2026-07-02T19:27:00Z,91.0140,0.000000,0.000000,-0.000000,in_band
2026-07-02T19:27:59Z,90.9819,0.000000,0.000000,-0.000000,in_band
2026-07-02T19:28:00Z,91.0079,0.000000,0.000000,-0.000000,in_band
2026-07-02T19:28:59Z,90.9575,0.000000,0.000000,-0.000000,in_band
2026-07-02T19:29:00Z,90.9712,0.000000,0.000000,-0.000000,in_band
2026-07-02T19:29:59Z,91.0079,0.000000,0.000000,-0.000000,in_band
2026-07-02T19:30:00Z,91.0124,0.000000,0.000000,-0.000000,in_band
2026-07-02T19:30:59Z,91.0048,0.000000,0.000000,-0.000000,in_band
2026-07-02T19:31:00Z,91.0094,0.000000,0.000000,-0.000000,in_band
2026-07-02T19:31:59Z,91.0094,0.000000,0.000000,-0.000000,in_band
2026-07-02T19:32:00Z,90.9575,0.000000,0.000000,-0.000000,in_band
2026-07-02T19:32:59Z,90.9636,0.000000,0.000000,-0.000000,in_band
2026-07-02T19:33:00Z,90.9911,0.000000,0.000000,-0.000000,in_band
2026-07-02T19:33:59Z,90.9545,0.000000,0.000000,-0.000000,in_band
2026-07-02T19:34:00Z,90.9911,0.000000,0.000000,-0.000000,in_band
2026-07-02T19:34:59Z,90.9682,0.000000,0.000000,-0.000000,in_band
2026-07-02T19:35:00Z,90.9316,0.000000,0.000000,-0.000000,in_band
2026-07-02T19:35:59Z,90.9392,0.000000,0.000000,-0.000000,in_band
2026-07-02T19:36:00Z,90.9316,0.000000,0.000000,-0.000000,in_band
2026-07-02T19:36:59Z,90.8797,0.000000,0.000000,-0.000000,in_band
2026-07-02T19:37:00Z,90.8751,0.000000,0.000000,-0.000000,in_band
2026-07-02T19:37:59Z,90.8064,0.000000,0.000000,-0.000000,in_band
2026-07-02T19:38:00Z,90.8019,0.000000,0.000000,-0.000000,in_band
2026-07-02T19:38:59Z,90.7805,0.000000,0.000000,-0.000000,in_band
2026-07-02T19:39:00Z,90.7881,0.000000,0.000000,-0.000000,in_band
2026-07-02T19:39:59Z,90.7149,0.000000,0.000000,-0.000000,in_band
2026-07-02T19:40:00Z,90.7195,0.000000,0.000000,-0.000000,in_band
2026-07-02T19:40:59Z,90.6966,0.000000,0.000000,-0.000000,in_band
2026-07-02T19:41:00Z,90.6508,0.000000,0.000000,-0.000000,in_band
2026-07-02T19:41:59Z,90.6477,0.000000,0.000000,-0.000000,in_band
2026-07-02T19:42:00Z,90.6737,0.000000,0.000000,-0.000000,in_band
2026-07-02T19:42:59Z,90.6554,0.000000,0.000000,-0.000000,in_band
2026-07-02T19:43:00Z,90.6142,0.000000,0.000000,-0.000000,in_band
2026-07-02T19:43:59Z,90.6706,0.000000,0.000000,-0.000000,in_band
2026-07-02T19:44:00Z,90.6432,0.000000,0.000000,-0.000000,in_band
2026-07-02T19:44:59Z,90.7027,0.000000,0.000000,-0.000000,in_band
2026-07-02T19:45:00Z,90.7073,0.000000,0.000000,-0.000000,in_band
2026-07-02T19:45:59Z,90.7149,0.000000,0.000000,-0.000000,in_band
2026-07-02T19:46:00Z,90.7164,0.000000,0.000000,-0.000000,in_band
2026-07-02T19:46:59Z,90.7576,0.000000,0.000000,-0.000000,in_band
2026-07-02T19:47:00Z,90.7713,0.000000,0.000000,-0.000000,in_band
2026-07-02T19:47:59Z,90.7942,0.000000,0.000000,-0.000000,in_band
2026-07-02T19:48:00Z,90.7622,0.000000,0.000000,-0.000000,in_band
2026-07-02T19:48:59Z,90.7881,0.000000,0.000000,-0.000000,in_band
2026-07-02T19:49:00Z,90.7942,0.000000,0.000000,-0.000000,in_band
2026-07-02T19:49:59Z,90.8537,0.000000,0.000000,-0.000000,in_band
2026-07-02T19:50:00Z,90.8309,0.000000,0.000000,-0.000000,in_band
2026-07-02T19:50:59Z,90.8629,0.000000,0.000000,-0.000000,in_band
2026-07-02T19:51:00Z,90.8537,0.000000,0.000000,-0.000000,in_band
2026-07-02T19:51:59Z,90.8476,0.000000,0.000000,-0.000000,in_band
2026-07-02T19:52:00Z,90.8858,0.000000,0.000000,-0.000000,in_band
2026-07-02T19:52:59Z,90.8476,0.000000,0.000000,-0.000000,in_band
2026-07-02T19:53:00Z,90.8339,0.000000,0.000000,-0.000000,in_band
2026-07-02T19:53:59Z,90.8583,0.000000,0.000000,-0.000000,in_band
2026-07-02T19:54:00Z,90.9071,0.000000,0.000000,-0.000000,in_band
2026-07-02T19:54:59Z,90.8537,0.000000,0.000000,-0.000000,in_band
2026-07-02T19:55:00Z,90.8446,0.000000,0.000000,-0.000000,in_band
2026-07-02T19:55:59Z,90.8843,0.000000,0.000000,-0.000000,in_band
2026-07-02T19:56:00Z,90.8537,0.000000,0.000000,-0.000000,in_band
2026-07-02T19:56:59Z,90.8110,0.000000,0.000000,-0.000000,in_band
2026-07-02T19:57:00Z,90.8476,0.000000,0.000000,-0.000000,in_band
2026-07-02T19:57:59Z,90.8248,0.000000,0.000000,-0.000000,in_band
2026-07-02T19:58:00Z,90.8110,0.000000,0.000000,-0.000000,in_band
2026-07-02T19:58:59Z,90.7942,0.000000,0.000000,-0.000000,in_band
2026-07-02T19:59:00Z,90.8156,0.000000,0.000000,-0.000000,in_band
2026-07-02T19:59:59Z,90.7942,0.000000,0.000000,-0.000000,in_band
2026-07-02T20:00:00Z,90.8110,0.000000,0.000000,-0.000000,in_band
2026-07-02T20:00:59Z,90.7973,0.000000,0.000000,-0.000000,in_band
2026-07-02T20:01:00Z,90.8446,0.000000,0.000000,-0.000000,in_band
2026-07-02T20:01:59Z,90.7881,0.000000,0.000000,-0.000000,in_band
2026-07-02T20:02:00Z,90.7759,0.000000,0.000000,-0.000000,in_band
2026-07-02T20:02:59Z,90.7301,0.000000,0.000000,-0.000000,in_band
2026-07-02T20:03:00Z,90.7378,0.000000,0.000000,-0.000000,in_band
2026-07-02T20:03:59Z,90.6569,0.000000,0.000000,-0.000000,in_band
2026-07-02T20:04:00Z,90.6828,0.000000,0.000000,-0.000000,in_band
2026-07-02T20:04:59Z,90.5333,0.000000,0.000000,-0.000000,in_band
2026-07-02T20:05:00Z,90.5180,0.000000,0.000000,-0.000000,in_band
2026-07-02T20:05:59Z,90.3349,0.000000,0.000000,-0.000000,in_band
2026-07-02T20:06:00Z,90.3029,0.000000,0.000000,-0.000000,in_band
2026-07-02T20:06:59Z,90.1762,0.000000,0.000000,-0.000000,in_band
2026-07-02T20:07:00Z,90.1839,0.000000,0.000000,-0.000000,in_band
2026-07-02T20:07:59Z,90.1167,0.000000,0.000000,-0.000000,in_band
2026-07-02T20:08:00Z,90.1396,0.000000,0.000000,-0.000000,in_band
2026-07-02T20:08:59Z,90.0694,0.000000,0.000000,-0.000000,in_band
2026-07-02T20:09:50Z,89.9550,0.000000,0.000288,0.000288,below_midpoint_feather
2026-07-02T20:09:58Z,89.9977,0.000090,0.000001,-0.000089,below_midpoint_feather
2026-07-02T20:10:40Z,89.9413,0.000718,0.000495,-0.000223,below_midpoint_feather
2026-07-02T20:10:46Z,89.8863,0.000720,0.001845,0.001125,below_midpoint_feather
2026-07-02T20:11:34Z,89.8421,0.001426,0.003610,0.002184,below_midpoint_feather
2026-07-02T20:11:48Z,89.8955,0.002220,0.001647,-0.000573,below_midpoint_feather
2026-07-02T20:12:07Z,89.8283,0.002540,0.004337,0.001796,below_midpoint_feather
2026-07-02T20:12:38Z,89.8634,0.004202,0.002927,-0.001275,below_midpoint_feather
2026-07-02T20:13:37Z,89.7169,0.009475,0.012088,0.002613,below_midpoint_feather
2026-07-02T20:13:42Z,89.7581,0.010872,0.009067,-0.001805,below_midpoint_feather
2026-07-02T20:14:44Z,89.6483,0.021695,0.019467,-0.002228,below_midpoint_feather
2026-07-02T20:14:51Z,89.5750,0.021880,0.027748,0.005869,below_midpoint_feather
2026-07-02T20:15:45Z,89.4987,0.033021,0.039865,0.006844,below_midpoint_feather
2026-07-02T20:15:52Z,89.5705,0.035554,0.030717,-0.004837,below_midpoint_feather
2026-07-02T20:16:46Z,89.5720,0.037394,0.033629,-0.003765,below_midpoint_feather
2026-07-02T20:16:48Z,89.5125,0.037519,0.041504,0.003984,below_midpoint_feather
2026-07-02T20:17:40Z,89.6315,0.035154,0.030334,-0.004820,below_midpoint_feather
2026-07-02T20:17:48Z,89.6040,0.030563,0.033818,0.003256,below_midpoint_feather
2026-07-02T20:18:26Z,89.6178,0.032013,0.034492,0.002478,below_midpoint_feather
2026-07-02T20:18:31Z,89.6773,0.032603,0.028795,-0.003808,below_midpoint_feather
2026-07-02T20:19:07Z,89.7444,0.027611,0.025045,-0.002566,below_midpoint_feather
2026-07-02T20:19:30Z,89.7276,0.025542,0.027253,0.001711,below_midpoint_feather
2026-07-02T20:20:04Z,89.7719,0.023409,0.025246,0.001836,below_midpoint_feather
2026-07-02T20:20:11Z,89.8405,0.023879,0.021660,-0.002219,below_midpoint_feather
2026-07-02T20:21:11Z,89.9611,0.020009,0.019486,-0.000524,below_midpoint_feather
2026-07-02T20:21:24Z,89.9275,0.019830,0.020181,0.000352,below_midpoint_feather
2026-07-02T20:22:00Z,90.0237,0.019625,0.019605,-0.000020,in_band
2026-07-02T20:22:59Z,90.0664,0.019236,0.019203,-0.000033,in_band
2026-07-02T20:23:00Z,90.1015,0.019228,0.019195,-0.000033,in_band
2026-07-02T20:23:59Z,90.1946,0.018698,0.018661,-0.000037,in_band
2026-07-02T20:24:00Z,90.1610,0.018689,0.018652,-0.000037,in_band
2026-07-02T20:24:55Z,90.1991,0.018159,0.018121,-0.000038,in_band
2026-07-02T20:25:02Z,90.1991,0.018091,0.018053,-0.000038,in_band
2026-07-02T20:25:59Z,90.3304,0.017539,0.017502,-0.000037,in_band
2026-07-02T20:26:00Z,90.3029,0.017529,0.017492,-0.000037,in_band
2026-07-02T20:26:59Z,90.3395,0.016968,0.016932,-0.000036,in_band
2026-07-02T20:27:00Z,90.3395,0.016959,0.016923,-0.000036,in_band
2026-07-02T20:27:59Z,90.3853,0.016414,0.016379,-0.000035,in_band
2026-07-02T20:28:00Z,90.3822,0.016405,0.016370,-0.000035,in_band
2026-07-02T20:28:59Z,90.4280,0.015876,0.015842,-0.000034,in_band
2026-07-02T20:29:00Z,90.4494,0.015868,0.015834,-0.000034,in_band
2026-07-02T20:29:59Z,90.4280,0.015356,0.015323,-0.000033,in_band
2026-07-02T20:30:00Z,90.4280,0.015348,0.015315,-0.000033,in_band
2026-07-02T20:30:59Z,90.4402,0.014853,0.014821,-0.000032,in_band
2026-07-02T20:31:00Z,90.4494,0.014845,0.014813,-0.000032,in_band
2026-07-02T20:31:59Z,90.4356,0.014366,0.014335,-0.000031,in_band
2026-07-02T20:32:00Z,90.4356,0.014358,0.014327,-0.000031,in_band
2026-07-02T20:32:59Z,90.3868,0.013895,0.013865,-0.000030,in_band
2026-07-02T20:33:00Z,90.3410,0.013887,0.013858,-0.000030,in_band
2026-07-02T20:33:59Z,90.3227,0.013439,0.013411,-0.000029,in_band
2026-07-02T20:34:00Z,90.2998,0.013432,0.013403,-0.000029,in_band
2026-07-02T20:34:59Z,90.2251,0.012999,0.012971,-0.000028,in_band
2026-07-02T20:35:00Z,90.2296,0.012992,0.012964,-0.000028,in_band
2026-07-02T20:35:59Z,90.1701,0.012573,0.012546,-0.000027,in_band
2026-07-02T20:36:00Z,90.1793,0.012566,0.012539,-0.000027,in_band
2026-07-02T20:36:59Z,90.1488,0.012160,0.012134,-0.000026,in_band
2026-07-02T20:37:00Z,90.1701,0.012154,0.012128,-0.000026,in_band
2026-07-02T20:37:59Z,90.1427,0.011762,0.011737,-0.000025,in_band
2026-07-02T20:38:00Z,90.1381,0.011755,0.011730,-0.000025,in_band
2026-07-02T20:38:59Z,90.1442,0.011376,0.011352,-0.000024,in_band
2026-07-02T20:39:00Z,90.1534,0.011370,0.011346,-0.000024,in_band
2026-07-02T20:39:59Z,90.1976,0.011003,0.010980,-0.000024,in_band
2026-07-02T20:40:00Z,90.1442,0.010997,0.010974,-0.000024,in_band
2026-07-02T20:40:59Z,90.1793,0.010643,0.010620,-0.000023,in_band
2026-07-02T20:41:00Z,90.1717,0.010637,0.010614,-0.000023,in_band
2026-07-02T20:41:59Z,90.1747,0.010294,0.010272,-0.000022,in_band
2026-07-02T20:42:00Z,90.2205,0.010288,0.010266,-0.000022,in_band
2026-07-02T20:42:59Z,90.1930,0.009956,0.009935,-0.000021,in_band
2026-07-02T20:43:00Z,90.2312,0.009951,0.009929,-0.000021,in_band
2026-07-02T20:43:59Z,90.2358,0.009630,0.009609,-0.000021,in_band
2026-07-02T20:44:00Z,90.2434,0.009624,0.009604,-0.000021,in_band
2026-07-02T20:44:59Z,90.2480,0.009314,0.009294,-0.000020,in_band
2026-07-02T20:45:00Z,90.2480,0.009309,0.009289,-0.000020,in_band
2026-07-02T20:45:59Z,90.2800,0.009009,0.008989,-0.000019,in_band
2026-07-02T20:46:00Z,90.2480,0.009004,0.008984,-0.000019,in_band
2026-07-02T20:46:59Z,90.2632,0.008713,0.008695,-0.000019,in_band
2026-07-02T20:47:00Z,90.2663,0.008709,0.008690,-0.000019,in_band
2026-07-02T20:47:59Z,90.2846,0.008428,0.008410,-0.000018,in_band
2026-07-02T20:48:00Z,90.2525,0.008423,0.008405,-0.000018,in_band
2026-07-02T20:48:59Z,90.2617,0.008151,0.008134,-0.000017,in_band
2026-07-02T20:49:00Z,90.2724,0.008147,0.008129,-0.000017,in_band
2026-07-02T20:49:59Z,90.2770,0.007884,0.007867,-0.000017,in_band
2026-07-02T20:50:00Z,90.2724,0.007880,0.007863,-0.000017,in_band
2026-07-02T20:50:59Z,90.2754,0.007626,0.007609,-0.000016,in_band
2026-07-02T20:51:00Z,90.3182,0.007621,0.007605,-0.000016,in_band
2026-07-02T20:51:59Z,90.3075,0.007376,0.007360,-0.000016,in_band
2026-07-02T20:52:00Z,90.2815,0.007372,0.007356,-0.000016,in_band
2026-07-02T20:52:59Z,90.2678,0.007134,0.007119,-0.000015,in_band
2026-07-02T20:53:00Z,90.2800,0.007130,0.007115,-0.000015,in_band
2026-07-02T20:53:59Z,90.2846,0.006900,0.006885,-0.000015,in_band
2026-07-02T20:54:00Z,90.2525,0.006896,0.006881,-0.000015,in_band
2026-07-02T20:54:59Z,90.2525,0.006674,0.006660,-0.000014,in_band
2026-07-02T20:55:00Z,90.2754,0.006670,0.006656,-0.000014,in_band
2026-07-02T20:55:59Z,90.2541,0.006455,0.006441,-0.000014,in_band
2026-07-02T20:56:00Z,90.2708,0.006451,0.006438,-0.000014,in_band
2026-07-02T20:56:59Z,90.2403,0.006243,0.006230,-0.000013,in_band
2026-07-02T20:57:00Z,90.2296,0.006240,0.006227,-0.000013,in_band
2026-07-02T20:57:59Z,90.2480,0.006039,0.006026,-0.000013,in_band
2026-07-02T20:58:00Z,90.2754,0.006035,0.006022,-0.000013,in_band
2026-07-02T20:58:59Z,90.2632,0.005841,0.005828,-0.000012,in_band
2026-07-02T20:59:00Z,90.2937,0.005837,0.005825,-0.000012,in_band
2026-07-02T20:59:59Z,90.2815,0.005649,0.005637,-0.000012,in_band
2026-07-02T21:00:00Z,90.2800,0.005646,0.005634,-0.000012,in_band
2026-07-02T21:00:59Z,90.2434,0.005464,0.005452,-0.000012,in_band
2026-07-02T21:01:00Z,90.2205,0.005461,0.005449,-0.000012,in_band
2026-07-02T21:01:59Z,90.2037,0.005285,0.005274,-0.000011,in_band
2026-07-02T21:02:00Z,90.1991,0.005282,0.005271,-0.000011,in_band
2026-07-02T21:02:59Z,90.1884,0.005112,0.005101,-0.000011,in_band
2026-07-02T21:03:00Z,90.1350,0.005109,0.005098,-0.000011,in_band
2026-07-02T21:03:59Z,90.1122,0.004944,0.004934,-0.000011,in_band
2026-07-02T21:04:00Z,90.1518,0.004941,0.004931,-0.000011,in_band
2026-07-02T21:04:59Z,90.1167,0.004782,0.004772,-0.000010,in_band
2026-07-02T21:05:00Z,90.0969,0.004779,0.004769,-0.000010,in_band
2026-07-02T21:05:59Z,90.0877,0.004625,0.004615,-0.000010,in_band
2026-07-02T21:06:00Z,90.0435,0.004623,0.004613,-0.000010,in_band
2026-07-02T21:06:59Z,90.0511,0.004474,0.004464,-0.000010,in_band
2026-07-02T21:07:00Z,90.0572,0.004471,0.004462,-0.000010,in_band
2026-07-02T21:07:59Z,90.0435,0.004327,0.004318,-0.000009,in_band
2026-07-02T21:08:00Z,90.0557,0.004325,0.004315,-0.000009,in_band
2026-07-02T21:08:03Z,89.9977,0.004317,0.004314,-0.000004,below_midpoint_feather
2026-07-02T21:09:00Z,90.0389,0.004183,0.004178,-0.000004,in_band
2026-07-02T21:09:59Z,90.0603,0.004048,0.004044,-0.000004,in_band
2026-07-02T21:10:00Z,90.0481,0.004046,0.004041,-0.000004,in_band
2026-07-02T21:10:59Z,90.0710,0.003915,0.003911,-0.000004,in_band
2026-07-02T21:11:00Z,90.0572,0.003913,0.003909,-0.000004,in_band
2026-07-02T21:11:59Z,90.1259,0.003787,0.003783,-0.000004,in_band
2026-07-02T21:12:00Z,90.1076,0.003785,0.003781,-0.000004,in_band
2026-07-02T21:12:58Z,90.0938,0.003665,0.003661,-0.000004,in_band
2026-07-02T21:13:00Z,90.0984,0.003661,0.003657,-0.000004,in_band
2026-07-02T21:13:59Z,90.1747,0.003543,0.003539,-0.000004,in_band
2026-07-02T21:14:00Z,90.1656,0.003541,0.003537,-0.000004,in_band
2026-07-02T21:14:59Z,90.2892,0.003426,0.003423,-0.000004,in_band
2026-07-02T21:15:00Z,90.2449,0.003425,0.003421,-0.000004,in_band
2026-07-02T21:15:59Z,90.3410,0.003314,0.003311,-0.000003,in_band
2026-07-02T21:16:01Z,90.3136,0.003310,0.003307,-0.000003,in_band
2026-07-02T21:16:58Z,90.4051,0.003207,0.003204,-0.000003,in_band
2026-07-02T21:17:00Z,90.3685,0.003204,0.003200,-0.000003,in_band
2026-07-02T21:17:59Z,90.4829,0.003100,0.003097,-0.000003,in_band
2026-07-02T21:18:00Z,90.5287,0.003099,0.003095,-0.000003,in_band
2026-07-02T21:18:59Z,90.5745,0.002999,0.002996,-0.000003,in_band
2026-07-02T21:19:00Z,90.5974,0.002997,0.002994,-0.000003,in_band
2026-07-02T21:19:59Z,90.6752,0.002900,0.002897,-0.000003,in_band
2026-07-02T21:20:00Z,90.6600,0.002899,0.002896,-0.000003,in_band
2026-07-02T21:20:59Z,90.7012,0.002805,0.002802,-0.000003,in_band
2026-07-02T21:21:00Z,90.7195,0.002804,0.002801,-0.000003,in_band
2026-07-02T21:21:59Z,90.7378,0.002713,0.002711,-0.000003,in_band
2026-07-02T21:22:00Z,90.7744,0.002712,0.002709,-0.000003,in_band
2026-07-02T21:22:59Z,90.8385,0.002624,0.002622,-0.000003,in_band
2026-07-02T21:23:00Z,90.7790,0.002623,0.002620,-0.000003,in_band
2026-07-02T21:23:59Z,90.8797,0.002538,0.002536,-0.000003,in_band
2026-07-02T21:24:00Z,90.8888,0.002537,0.002534,-0.000003,in_band
2026-07-02T21:24:59Z,90.8904,0.002455,0.002453,-0.000003,in_band
2026-07-02T21:25:00Z,90.9316,0.002454,0.002451,-0.000003,in_band
2026-07-02T21:25:59Z,90.9499,0.002375,0.002372,-0.000002,in_band
2026-07-02T21:26:00Z,90.9346,0.002373,0.002371,-0.000002,in_band
2026-07-02T21:26:59Z,90.9911,0.002297,0.002294,-0.000002,in_band
2026-07-02T21:27:00Z,90.9865,0.002296,0.002293,-0.000002,in_band
2026-07-02T21:27:59Z,91.0079,0.002222,0.002219,-0.000002,in_band
2026-07-02T21:28:00Z,91.0628,0.002220,0.002218,-0.000002,in_band
2026-07-02T21:28:59Z,91.0643,0.002149,0.002146,-0.000002,in_band
2026-07-02T21:29:00Z,91.0643,0.002147,0.002145,-0.000002,in_band
2026-07-02T21:29:59Z,91.1131,0.002078,0.002076,-0.000002,in_band
2026-07-02T21:30:00Z,91.0994,0.002077,0.002075,-0.000002,in_band
2026-07-02T21:30:59Z,91.1360,0.002010,0.002008,-0.000002,in_band
2026-07-02T21:31:00Z,91.1452,0.002009,0.002007,-0.000002,in_band
2026-07-02T21:31:59Z,91.2093,0.001944,0.001942,-0.000002,in_band
2026-07-02T21:32:00Z,91.1650,0.001943,0.001941,-0.000002,in_band
2026-07-02T21:32:59Z,91.2322,0.001880,0.001879,-0.000002,in_band
2026-07-02T21:33:00Z,91.2505,0.001879,0.001877,-0.000002,in_band
2026-07-02T21:33:59Z,91.2520,0.001819,0.001817,-0.000002,in_band
2026-07-02T21:34:01Z,91.3146,0.001817,0.001815,-0.000002,in_band
2026-07-02T21:34:59Z,91.3161,0.001759,0.001757,-0.000002,in_band
2026-07-02T21:35:00Z,91.3146,0.001758,0.001756,-0.000002,in_band
2026-07-02T21:35:59Z,91.3512,0.001702,0.001700,-0.000002,in_band
2026-07-02T21:36:01Z,91.3527,0.001700,0.001698,-0.000002,in_band
2026-07-02T21:36:59Z,91.3741,0.001646,0.001644,-0.000002,in_band
2026-07-02T21:37:00Z,91.4031,0.001645,0.001643,-0.000002,in_band
2026-07-02T21:37:59Z,91.4199,0.001592,0.001590,-0.000002,in_band
2026-07-02T21:38:52Z,91.5175,0.001546,0.000000,-0.001546,above_band_high
2026-07-02T21:38:56Z,91.4763,0.001542,0.001547,0.000004,in_band
2026-07-02T21:39:00Z,91.4839,0.001539,0.001539,0.000001,in_band
2026-07-02T21:39:06Z,91.5297,0.001534,0.000000,-0.001534,above_band_high
2026-07-02T21:41:05Z,91.5221,0.000000,0.000000,0.000000,above_band_high
2026-07-02T21:42:00Z,91.5908,0.000000,0.000000,0.000000,above_band_high
2026-07-02T21:43:00Z,91.6136,0.000000,0.000000,0.000000,above_band_high
2026-07-02T21:44:00Z,91.6487,0.000000,0.000000,0.000000,above_band_high
2026-07-02T21:45:00Z,91.6869,0.000000,0.000000,0.000000,above_band_high
2026-07-02T21:46:00Z,91.6915,0.000000,0.000000,0.000000,above_band_high
2026-07-02T21:47:00Z,91.7403,0.000000,0.000000,0.000000,above_band_high
2026-07-02T21:48:00Z,91.7693,0.000000,0.000000,0.000000,above_band_high
2026-07-02T21:49:00Z,91.7922,0.000000,0.000000,0.000000,above_band_high
2026-07-02T21:50:00Z,91.8090,0.000000,0.000000,0.000000,above_band_high
2026-07-02T21:51:00Z,91.8242,0.000000,0.000000,0.000000,above_band_high
2026-07-02T21:52:00Z,91.8456,0.000000,0.000000,0.000000,above_band_high
2026-07-02T21:53:00Z,91.8776,0.000000,0.000000,0.000000,above_band_high
2026-07-02T21:54:00Z,91.9158,0.000000,0.000000,0.000000,above_band_high
2026-07-02T21:55:00Z,91.9097,0.000000,0.000000,0.000000,above_band_high
2026-07-02T21:56:00Z,91.9615,0.000000,0.000000,0.000000,above_band_high
2026-07-02T21:57:00Z,91.9936,0.000000,0.000000,0.000000,above_band_high
2026-07-02T21:58:00Z,92.0104,0.000000,0.000000,0.000000,above_band_high
2026-07-02T21:59:00Z,92.0119,0.000000,0.000000,0.000000,above_band_high
2026-07-02T22:00:00Z,92.0607,0.000000,0.000000,0.000000,above_band_high
2026-07-02T22:01:00Z,92.0577,0.000000,0.000000,0.000000,above_band_high
2026-07-02T22:02:00Z,92.1035,0.000000,0.000000,0.000000,above_band_high
2026-07-02T22:03:00Z,92.0882,0.000000,0.000000,0.000000,above_band_high
2026-07-02T22:04:00Z,92.1614,0.000000,0.000000,0.000000,above_band_high
2026-07-02T22:05:00Z,92.1447,0.000000,0.000000,0.000000,above_band_high
2026-07-02T22:06:00Z,92.2087,0.000000,0.000000,0.000000,above_band_high
2026-07-02T22:07:00Z,92.1752,0.000000,0.000000,0.000000,above_band_high
2026-07-02T22:08:00Z,92.1950,0.000000,0.000000,0.000000,above_band_high
2026-07-02T22:09:00Z,92.1950,0.000000,0.000000,0.000000,above_band_high
2026-07-02T22:10:00Z,92.2026,0.000000,0.000000,0.000000,above_band_high
2026-07-02T22:11:00Z,92.2087,0.000000,0.000000,0.000000,above_band_high
2026-07-02T22:12:00Z,92.2210,0.000000,0.000000,0.000000,above_band_high
2026-07-02T22:13:00Z,92.2179,0.000000,0.000000,0.000000,above_band_high
2026-07-02T22:14:00Z,92.1904,0.000000,0.000000,0.000000,above_band_high
2026-07-02T22:15:00Z,92.1981,0.000000,0.000000,0.000000,above_band_high
2026-07-02T22:16:00Z,92.2316,0.000000,0.000000,0.000000,above_band_high
2026-07-02T22:17:00Z,92.2133,0.000000,0.000000,0.000000,above_band_high
2026-07-02T22:18:00Z,92.2393,0.000000,0.000000,0.000000,above_band_high
2026-07-02T22:19:00Z,92.2454,0.000000,0.000000,0.000000,above_band_high
2026-07-02T22:20:00Z,92.2210,0.000000,0.000000,0.000000,above_band_high
2026-07-02T22:21:00Z,92.2393,0.000000,0.000000,0.000000,above_band_high
2026-07-02T22:22:00Z,92.2438,0.000000,0.000000,0.000000,above_band_high
2026-07-02T22:23:00Z,92.2530,0.000000,0.000000,0.000000,above_band_high
2026-07-02T22:24:00Z,92.2683,0.000000,0.000000,0.000000,above_band_high
2026-07-02T22:25:00Z,92.3049,0.000000,0.000000,0.000000,above_band_high
2026-07-02T22:26:00Z,92.3445,0.000000,0.000000,0.000000,above_band_high
2026-07-02T22:27:00Z,92.3415,0.000000,0.000000,0.000000,above_band_high
2026-07-02T22:28:00Z,92.3461,0.000000,0.000000,0.000000,above_band_high
2026-07-02T22:29:00Z,92.3461,0.000000,0.000000,0.000000,above_band_high
2026-07-02T22:30:00Z,92.3354,0.000000,0.000000,0.000000,above_band_high
2026-07-02T22:31:00Z,92.3537,0.000000,0.000000,0.000000,above_band_high
2026-07-02T22:32:00Z,92.3735,0.000000,0.000000,0.000000,above_band_high
2026-07-02T22:33:00Z,92.4269,0.000000,0.000000,0.000000,above_band_high
2026-07-02T22:34:00Z,92.3735,0.000000,0.000000,0.000000,above_band_high
2026-07-02T22:35:00Z,92.4132,0.000000,0.000000,0.000000,above_band_high
2026-07-02T22:36:00Z,92.3781,0.000000,0.000000,0.000000,above_band_high
2026-07-02T22:37:00Z,92.4315,0.000000,0.000000,0.000000,above_band_high
2026-07-02T22:38:00Z,92.4498,0.000000,0.000000,0.000000,above_band_high
2026-07-02T22:39:00Z,92.4422,0.000000,0.000000,0.000000,above_band_high
2026-07-02T22:40:00Z,92.4315,0.000000,0.000000,0.000000,above_band_high
2026-07-02T22:41:00Z,92.4544,0.000000,0.000000,0.000000,above_band_high
2026-07-02T22:42:00Z,92.4498,0.000000,0.000000,0.000000,above_band_high
2026-07-02T22:43:00Z,92.4376,0.000000,0.000000,0.000000,above_band_high
2026-07-02T22:44:00Z,92.4193,0.000000,0.000000,0.000000,above_band_high
2026-07-02T22:45:00Z,92.4681,0.000000,0.000000,0.000000,above_band_high
2026-07-02T22:46:00Z,92.4193,0.000000,0.000000,0.000000,above_band_high
2026-07-02T22:47:00Z,92.4239,0.000000,0.000000,0.000000,above_band_high
2026-07-02T22:48:00Z,92.4544,0.000000,0.000000,0.000000,above_band_high
2026-07-02T22:49:00Z,92.4422,0.000000,0.000000,0.000000,above_band_high
2026-07-02T22:50:00Z,92.4498,0.000000,0.000000,0.000000,above_band_high
2026-07-02T22:51:00Z,92.4559,0.000000,0.000000,0.000000,above_band_high
2026-07-02T22:52:00Z,92.4605,0.000000,0.000000,0.000000,above_band_high
2026-07-02T22:53:00Z,92.4514,0.000000,0.000000,0.000000,above_band_high
2026-07-02T22:54:00Z,92.4727,0.000000,0.000000,0.000000,above_band_high
2026-07-02T22:55:00Z,92.4681,0.000000,0.000000,0.000000,above_band_high
2026-07-02T22:56:00Z,92.4681,0.000000,0.000000,0.000000,above_band_high
2026-07-02T22:57:00Z,92.4727,0.000000,0.000000,0.000000,above_band_high
2026-07-02T22:58:00Z,92.4681,0.000000,0.000000,0.000000,above_band_high
2026-07-02T22:59:00Z,92.4727,0.000000,0.000000,0.000000,above_band_high
2026-07-02T23:00:00Z,92.4727,0.000000,0.000000,0.000000,above_band_high
2026-07-02T23:01:00Z,92.4743,0.000000,0.000000,0.000000,above_band_high
2026-07-02T23:02:00Z,92.4926,0.000000,0.000000,0.000000,above_band_high
2026-07-02T23:03:00Z,92.4514,0.000000,0.000000,0.000000,above_band_high
2026-07-02T23:04:00Z,92.4498,0.000000,0.000000,0.000000,above_band_high
2026-07-02T23:05:00Z,92.4086,0.000000,0.000000,0.000000,above_band_high
2026-07-02T23:06:00Z,92.4681,0.000000,0.000000,0.000000,above_band_high
2026-07-02T23:07:00Z,92.4651,0.000000,0.000000,0.000000,above_band_high
2026-07-02T23:08:00Z,92.4422,0.000000,0.000000,0.000000,above_band_high
2026-07-02T23:09:00Z,92.4331,0.000000,0.000000,0.000000,above_band_high
2026-07-02T23:10:00Z,92.4681,0.000000,0.000000,0.000000,above_band_high
2026-07-02T23:11:00Z,92.4743,0.000000,0.000000,0.000000,above_band_high
2026-07-02T23:12:00Z,92.4422,0.000000,0.000000,0.000000,above_band_high
2026-07-02T23:13:00Z,92.4681,0.000000,0.000000,0.000000,above_band_high
2026-07-02T23:14:00Z,92.4819,0.000000,0.000000,0.000000,above_band_high
2026-07-02T23:15:00Z,92.5063,0.000000,0.000000,0.000000,above_band_high
2026-07-02T23:16:00Z,92.4865,0.000000,0.000000,0.000000,above_band_high
2026-07-02T23:17:00Z,92.5109,0.000000,0.000000,0.000000,above_band_high
2026-07-02T23:18:00Z,92.5383,0.000000,0.000000,0.000000,above_band_high
2026-07-02T23:19:00Z,92.5689,0.000000,0.000000,0.000000,above_band_high
2026-07-02T23:20:00Z,92.5551,0.000000,0.000000,0.000000,above_band_high
2026-07-02T23:21:00Z,92.5643,0.000000,0.000000,0.000000,above_band_high
2026-07-02T23:22:00Z,92.5643,0.000000,0.000000,0.000000,above_band_high
2026-07-02T23:23:00Z,92.5612,0.000000,0.000000,0.000000,above_band_high
2026-07-02T23:24:00Z,92.6009,0.000000,0.000000,0.000000,above_band_high
2026-07-02T23:25:00Z,92.6375,0.000000,0.000000,0.000000,above_band_high
2026-07-02T23:26:00Z,92.6558,0.000000,0.000000,0.000000,above_band_high
2026-07-02T23:27:00Z,92.6833,0.000000,0.000000,0.000000,above_band_high
2026-07-02T23:28:00Z,92.6711,0.000000,0.000000,0.000000,above_band_high
2026-07-02T23:29:00Z,92.7199,0.000000,0.000000,0.000000,above_band_high
2026-07-02T23:30:00Z,92.7199,0.000000,0.000000,0.000000,above_band_high
2026-07-02T23:31:00Z,92.7764,0.000000,0.000000,0.000000,above_band_high
2026-07-02T23:32:00Z,92.7443,0.000000,0.000000,0.000000,above_band_high
2026-07-02T23:33:00Z,92.7749,0.000000,0.000000,0.000000,above_band_high
2026-07-02T23:34:00Z,92.8038,0.000000,0.000000,0.000000,above_band_high
2026-07-02T23:35:00Z,92.7764,0.000000,0.000000,0.000000,above_band_high
2026-07-02T23:36:00Z,92.8252,0.000000,0.000000,0.000000,above_band_high
2026-07-02T23:37:00Z,92.8618,0.000000,0.000000,0.000000,above_band_high
2026-07-02T23:38:00Z,92.8893,0.000000,0.000000,0.000000,above_band_high
2026-07-02T23:39:00Z,92.8756,0.000000,0.000000,0.000000,above_band_high
2026-07-02T23:40:00Z,92.8756,0.000000,0.000000,0.000000,above_band_high
2026-07-02T23:41:00Z,92.8817,0.000000,0.000000,0.000000,above_band_high
2026-07-02T23:42:00Z,92.8710,0.000000,0.000000,0.000000,above_band_high
2026-07-02T23:43:00Z,92.9076,0.000000,0.000000,0.000000,above_band_high
2026-07-02T23:44:00Z,92.8954,0.000000,0.000000,0.000000,above_band_high
2026-07-02T23:45:00Z,92.9412,0.000000,0.000000,0.000000,above_band_high
2026-07-02T23:46:00Z,92.9580,0.000000,0.000000,0.000000,above_band_high
2026-07-02T23:47:00Z,92.9915,0.000000,0.000000,0.000000,above_band_high
2026-07-02T23:48:00Z,93.0282,0.000000,0.000000,0.000000,above_band_high
2026-07-02T23:49:00Z,92.9992,0.000000,0.000000,0.000000,above_band_high
2026-07-02T23:50:00Z,93.0282,0.000000,0.000000,0.000000,above_band_high
2026-07-02T23:51:00Z,93.0602,0.000000,0.000000,0.000000,above_band_high
2026-07-02T23:52:00Z,93.0510,0.000000,0.000000,0.000000,above_band_high
2026-07-02T23:53:00Z,93.0968,0.000000,0.000000,0.000000,above_band_high
2026-07-02T23:54:00Z,93.1518,0.000000,0.000000,0.000000,above_band_high
2026-07-02T23:55:00Z,93.1594,0.000000,0.000000,0.000000,above_band_high
2026-07-02T23:56:00Z,93.1792,0.000000,0.000000,0.000000,above_band_high
2026-07-02T23:57:00Z,93.2021,0.000000,0.000000,0.000000,above_band_high
2026-07-02T23:58:00Z,93.2525,0.000000,0.000000,0.000000,above_band_high
2026-07-02T23:59:00Z,93.2937,0.000000,0.000000,0.000000,above_band_high
2026-07-03T00:00:00Z,93.2387,0.000000,0.000000,0.000000,above_band_high
2026-07-03T00:01:00Z,93.2464,0.000000,0.000000,0.000000,above_band_high
2026-07-03T00:02:00Z,93.2601,0.000000,0.000000,0.000000,above_band_high
2026-07-03T00:03:00Z,93.2753,0.000000,0.000000,0.000000,above_band_high
2026-07-03T00:04:00Z,93.3196,0.000000,0.000000,0.000000,above_band_high
2026-07-03T00:05:00Z,93.3013,0.000000,0.000000,0.000000,above_band_high
2026-07-03T00:06:00Z,93.3349,0.000000,0.000000,0.000000,above_band_high
2026-07-03T00:07:00Z,93.3394,0.000000,0.000000,0.000000,above_band_high
2026-07-03T00:08:00Z,93.3669,0.000000,0.000000,0.000000,above_band_high
2026-07-03T00:09:00Z,93.3806,0.000000,0.000000,0.000000,above_band_high
2026-07-03T00:10:00Z,93.3791,0.000000,0.000000,0.000000,above_band_high
2026-07-03T00:11:00Z,93.3669,0.000000,0.000000,0.000000,above_band_high
2026-07-03T00:12:00Z,93.4112,0.000000,0.000000,0.000000,above_band_high
2026-07-03T00:13:00Z,93.4264,0.000000,0.000000,0.000000,above_band_high
2026-07-03T00:14:00Z,93.4401,0.000000,0.000000,0.000000,above_band_high
2026-07-03T00:15:00Z,93.4447,0.000000,0.000000,0.000000,above_band_high
2026-07-03T00:16:00Z,93.4661,0.000000,0.000000,0.000000,above_band_high
2026-07-03T00:17:00Z,93.4447,0.000000,0.000000,0.000000,above_band_high
2026-07-03T00:18:00Z,93.5302,0.000000,0.000000,0.000000,above_band_high
2026-07-03T00:19:00Z,93.4981,0.000000,0.000000,0.000000,above_band_high
2026-07-03T00:20:00Z,93.5348,0.000000,0.000000,0.000000,above_band_high
2026-07-03T00:21:00Z,93.5485,0.000000,0.000000,0.000000,above_band_high
2026-07-03T00:22:00Z,93.5714,0.000000,0.000000,0.000000,above_band_high
2026-07-03T00:23:00Z,93.5637,0.000000,0.000000,0.000000,above_band_high
2026-07-03T00:24:00Z,93.5302,0.000000,0.000000,0.000000,above_band_high
2026-07-03T00:25:00Z,93.5668,0.000000,0.000000,0.000000,above_band_high
2026-07-03T00:26:00Z,93.5302,0.000000,0.000000,0.000000,above_band_high
2026-07-03T00:27:00Z,93.5119,0.000000,0.000000,0.000000,above_band_high
2026-07-03T00:28:00Z,93.5454,0.000000,0.000000,0.000000,above_band_high
2026-07-03T00:29:00Z,93.5119,0.000000,0.000000,0.000000,above_band_high
2026-07-03T00:30:00Z,93.5180,0.000000,0.000000,0.000000,above_band_high
2026-07-03T00:31:00Z,93.4844,0.000000,0.000000,0.000000,above_band_high
2026-07-03T00:32:00Z,93.5302,0.000000,0.000000,0.000000,above_band_high
2026-07-03T00:33:00Z,93.4859,0.000000,0.000000,0.000000,above_band_high
2026-07-03T00:34:00Z,93.5042,0.000000,0.000000,0.000000,above_band_high
2026-07-03T00:35:00Z,93.5042,0.000000,0.000000,0.000000,above_band_high
2026-07-03T00:36:00Z,93.5119,0.000000,0.000000,0.000000,above_band_high
2026-07-03T00:37:00Z,93.4997,0.000000,0.000000,0.000000,above_band_high
2026-07-03T00:38:00Z,93.5531,0.000000,0.000000,0.000000,above_band_high
2026-07-03T00:39:00Z,93.5409,0.000000,0.000000,0.000000,above_band_high
2026-07-03T00:40:00Z,93.5363,0.000000,0.000000,0.000000,above_band_high
2026-07-03T00:41:00Z,93.5760,0.000000,0.000000,0.000000,above_band_high
2026-07-03T00:42:00Z,93.5622,0.000000,0.000000,0.000000,above_band_high
2026-07-03T00:43:00Z,93.5821,0.000000,0.000000,0.000000,above_band_high
2026-07-03T00:44:00Z,93.6309,0.000000,0.000000,0.000000,above_band_high
2026-07-03T00:45:00Z,93.6263,0.000000,0.000000,0.000000,above_band_high
2026-07-03T00:46:00Z,93.6370,0.000000,0.000000,0.000000,above_band_high
2026-07-03T00:47:00Z,93.6736,0.000000,0.000000,0.000000,above_band_high
2026-07-03T00:48:00Z,93.6446,0.000000,0.000000,0.000000,above_band_high
2026-07-03T00:49:00Z,93.6736,0.000000,0.000000,0.000000,above_band_high
2026-07-03T00:50:00Z,93.6858,0.000000,0.000000,0.000000,above_band_high
2026-07-03T00:51:00Z,93.6965,0.000000,0.000000,0.000000,above_band_high
2026-07-03T00:52:00Z,93.6782,0.000000,0.000000,0.000000,above_band_high
2026-07-03T00:53:00Z,93.6919,0.000000,0.000000,0.000000,above_band_high
2026-07-03T00:54:00Z,93.7377,0.000000,0.000000,0.000000,above_band_high
2026-07-03T00:55:00Z,93.7316,0.000000,0.000000,0.000000,above_band_high
2026-07-03T00:56:00Z,93.7087,0.000000,0.000000,0.000000,above_band_high
2026-07-03T00:57:00Z,93.7224,0.000000,0.000000,0.000000,above_band_high
2026-07-03T00:58:00Z,93.7560,0.000000,0.000000,0.000000,above_band_high
2026-07-03T00:59:00Z,93.7331,0.000000,0.000000,0.000000,above_band_high
2026-07-03T01:00:00Z,93.7469,0.000000,0.000000,0.000000,above_band_high
2026-07-03T01:01:00Z,93.7560,0.000000,0.000000,0.000000,above_band_high
2026-07-03T01:02:00Z,93.7545,0.000000,0.000000,0.000000,above_band_high
2026-07-03T01:03:00Z,93.7469,0.000000,0.000000,0.000000,above_band_high
2026-07-03T01:04:00Z,93.7453,0.000000,0.000000,0.000000,above_band_high
2026-07-03T01:05:00Z,93.7545,0.000000,0.000000,0.000000,above_band_high
2026-07-03T01:06:00Z,93.7957,0.000000,0.000000,0.000000,above_band_high
2026-07-03T01:07:00Z,93.7606,0.000000,0.000000,0.000000,above_band_high
2026-07-03T01:08:00Z,93.7407,0.000000,0.000000,0.000000,above_band_high
2026-07-03T01:09:00Z,93.7148,0.000000,0.000000,0.000000,above_band_high
2026-07-03T01:10:00Z,93.7835,0.000000,0.000000,0.000000,above_band_high
2026-07-03T01:11:00Z,93.7636,0.000000,0.000000,0.000000,above_band_high
2026-07-03T01:12:00Z,93.7743,0.000000,0.000000,0.000000,above_band_high
2026-07-03T01:13:00Z,93.7636,0.000000,0.000000,0.000000,above_band_high
2026-07-03T01:14:00Z,93.7636,0.000000,0.000000,0.000000,above_band_high
2026-07-03T01:15:00Z,93.8003,0.000000,0.000000,0.000000,above_band_high
2026-07-03T01:16:00Z,93.8201,0.000000,0.000000,0.000000,above_band_high
2026-07-03T01:17:00Z,93.7819,0.000000,0.000000,0.000000,above_band_high
2026-07-03T01:18:00Z,93.8338,0.000000,0.000000,0.000000,above_band_high
2026-07-03T01:19:00Z,93.8109,0.000000,0.000000,0.000000,above_band_high
2026-07-03T01:20:00Z,93.8277,0.000000,0.000000,0.000000,above_band_high
2026-07-03T01:21:00Z,93.8293,0.000000,0.000000,0.000000,above_band_high
2026-07-03T01:22:00Z,93.8506,0.000000,0.000000,0.000000,above_band_high
2026-07-03T01:23:00Z,93.8415,0.000000,0.000000,0.000000,above_band_high
2026-07-03T01:24:00Z,93.8567,0.000000,0.000000,0.000000,above_band_high
2026-07-03T01:25:00Z,93.8293,0.000000,0.000000,0.000000,above_band_high
2026-07-03T01:26:00Z,93.8659,0.000000,0.000000,0.000000,above_band_high
2026-07-03T01:27:00Z,93.8735,0.000000,0.000000,0.000000,above_band_high
2026-07-03T01:28:00Z,93.8369,0.000000,0.000000,0.000000,above_band_high
2026-07-03T01:29:00Z,93.8689,0.000000,0.000000,0.000000,above_band_high
2026-07-03T01:30:00Z,93.8659,0.000000,0.000000,0.000000,above_band_high
2026-07-03T01:31:00Z,93.8369,0.000000,0.000000,0.000000,above_band_high
2026-07-03T01:32:00Z,93.8064,0.000000,0.000000,0.000000,above_band_high
2026-07-03T01:33:00Z,93.8277,0.000000,0.000000,0.000000,above_band_high
2026-07-03T01:34:00Z,93.8415,0.000000,0.000000,0.000000,above_band_high
2026-07-03T01:35:00Z,93.8415,0.000000,0.000000,0.000000,above_band_high
2026-07-03T01:36:00Z,93.8323,0.000000,0.000000,0.000000,above_band_high
2026-07-03T01:37:00Z,93.8521,0.000000,0.000000,0.000000,above_band_high
2026-07-03T01:38:00Z,93.8598,0.000000,0.000000,0.000000,above_band_high
2026-07-03T01:39:00Z,93.8369,0.000000,0.000000,0.000000,above_band_high
2026-07-03T01:40:00Z,93.8415,0.000000,0.000000,0.000000,above_band_high
2026-07-03T01:41:00Z,93.8369,0.000000,0.000000,0.000000,above_band_high
2026-07-03T01:42:00Z,93.8613,0.000000,0.000000,0.000000,above_band_high
2026-07-03T01:43:00Z,93.8140,0.000000,0.000000,0.000000,above_band_high
2026-07-03T01:44:00Z,93.8827,0.000000,0.000000,0.000000,above_band_high
2026-07-03T01:45:00Z,93.8888,0.000000,0.000000,0.000000,above_band_high
2026-07-03T01:46:00Z,93.8827,0.000000,0.000000,0.000000,above_band_high
2026-07-03T01:47:00Z,93.9010,0.000000,0.000000,0.000000,above_band_high
2026-07-03T01:48:00Z,93.8918,0.000000,0.000000,0.000000,above_band_high
2026-07-03T01:49:00Z,93.9010,0.000000,0.000000,0.000000,above_band_high
2026-07-03T01:50:00Z,93.8781,0.000000,0.000000,0.000000,above_band_high
2026-07-03T01:51:00Z,93.9300,0.000000,0.000000,0.000000,above_band_high
2026-07-03T01:52:00Z,93.9330,0.000000,0.000000,0.000000,above_band_high
2026-07-03T01:53:00Z,93.9330,0.000000,0.000000,0.000000,above_band_high
2026-07-03T01:54:00Z,93.9742,0.000000,0.000000,0.000000,above_band_high
2026-07-03T01:55:00Z,93.9513,0.000000,0.000000,0.000000,above_band_high
2026-07-03T01:56:00Z,93.9483,0.000000,0.000000,0.000000,above_band_high
2026-07-03T01:57:00Z,93.9574,0.000000,0.000000,0.000000,above_band_high
2026-07-03T01:58:00Z,93.9666,0.000000,0.000000,0.000000,above_band_high
2026-07-03T01:59:00Z,93.9483,0.000000,0.000000,0.000000,above_band_high
2026-07-03T02:00:00Z,93.9834,0.000000,0.000000,0.000000,above_band_high
2026-07-03T02:01:00Z,93.9971,0.000000,0.000000,0.000000,above_band_high
2026-07-03T02:02:00Z,94.0017,0.000000,0.000000,0.000000,above_band_high
2026-07-03T02:03:00Z,93.9803,0.000000,0.000000,0.000000,above_band_high
2026-07-03T02:04:00Z,94.0490,0.000000,0.000000,0.000000,above_band_high
2026-07-03T02:05:00Z,94.0490,0.000000,0.000000,0.000000,above_band_high
2026-07-03T02:06:00Z,94.0124,0.000000,0.000000,0.000000,above_band_high
2026-07-03T02:07:00Z,94.0215,0.000000,0.000000,0.000000,above_band_high
2026-07-03T02:08:00Z,94.0444,0.000000,0.000000,0.000000,above_band_high
2026-07-03T02:09:00Z,94.0444,0.000000,0.000000,0.000000,above_band_high
2026-07-03T02:10:00Z,94.0612,0.000000,0.000000,0.000000,above_band_high
2026-07-03T02:11:00Z,94.0520,0.000000,0.000000,0.000000,above_band_high
2026-07-03T02:12:00Z,94.0566,0.000000,0.000000,0.000000,above_band_high
2026-07-03T02:13:00Z,94.0429,0.000000,0.000000,0.000000,above_band_high
2026-07-03T02:14:00Z,94.0307,0.000000,0.000000,0.000000,above_band_high
2026-07-03T02:15:00Z,94.0307,0.000000,0.000000,0.000000,above_band_high
2026-07-03T02:16:00Z,94.0429,0.000000,0.000000,0.000000,above_band_high
2026-07-03T02:17:00Z,94.0261,0.000000,0.000000,0.000000,above_band_high
2026-07-03T02:18:00Z,94.0200,0.000000,0.000000,0.000000,above_band_high
2026-07-03T02:19:00Z,94.0063,0.000000,0.000000,0.000000,above_band_high
2026-07-03T02:20:00Z,94.0078,0.000000,0.000000,0.000000,above_band_high
2026-07-03T02:21:00Z,93.9742,0.000000,0.000000,0.000000,above_band_high
2026-07-03T02:22:00Z,93.9986,0.000000,0.000000,0.000000,above_band_high
2026-07-03T02:23:00Z,93.9788,0.000000,0.000000,0.000000,above_band_high
2026-07-03T02:24:00Z,93.9712,0.000000,0.000000,0.000000,above_band_high
2026-07-03T02:25:00Z,93.9239,0.000000,0.000000,0.000000,above_band_high
2026-07-03T02:26:00Z,93.9605,0.000000,0.000000,0.000000,above_band_high
2026-07-03T02:27:00Z,93.9467,0.000000,0.000000,0.000000,above_band_high
2026-07-03T02:28:00Z,93.9788,0.000000,0.000000,0.000000,above_band_high
2026-07-03T02:29:00Z,93.9559,0.000000,0.000000,0.000000,above_band_high
2026-07-03T02:30:00Z,93.9483,0.000000,0.000000,0.000000,above_band_high
2026-07-03T02:31:00Z,93.9300,0.000000,0.000000,0.000000,above_band_high
2026-07-03T02:32:00Z,93.9391,0.000000,0.000000,0.000000,above_band_high
2026-07-03T02:33:00Z,93.9162,0.000000,0.000000,0.000000,above_band_high
2026-07-03T02:34:00Z,93.8933,0.000000,0.000000,0.000000,above_band_high
2026-07-03T02:35:00Z,93.9117,0.000000,0.000000,0.000000,above_band_high
2026-07-03T02:36:00Z,93.9117,0.000000,0.000000,0.000000,above_band_high
2026-07-03T02:37:00Z,93.8796,0.000000,0.000000,0.000000,above_band_high
2026-07-03T02:38:00Z,93.8827,0.000000,0.000000,0.000000,above_band_high
2026-07-03T02:39:00Z,93.8415,0.000000,0.000000,0.000000,above_band_high
2026-07-03T02:40:00Z,93.8247,0.000000,0.000000,0.000000,above_band_high
2026-07-03T02:41:00Z,93.8338,0.000000,0.000000,0.000000,above_band_high
2026-07-03T02:42:00Z,93.8094,0.000000,0.000000,0.000000,above_band_high
2026-07-03T02:43:00Z,93.8567,0.000000,0.000000,0.000000,above_band_high
2026-07-03T02:44:00Z,93.8140,0.000000,0.000000,0.000000,above_band_high
2026-07-03T02:45:00Z,93.7957,0.000000,0.000000,0.000000,above_band_high
2026-07-03T02:46:00Z,93.8018,0.000000,0.000000,0.000000,above_band_high
2026-07-03T02:47:00Z,93.8094,0.000000,0.000000,0.000000,above_band_high
2026-07-03T02:48:00Z,93.8201,0.000000,0.000000,0.000000,above_band_high
2026-07-03T02:49:00Z,93.8018,0.000000,0.000000,0.000000,above_band_high
2026-07-03T02:50:00Z,93.8109,0.000000,0.000000,0.000000,above_band_high
2026-07-03T02:51:00Z,93.8231,0.000000,0.000000,0.000000,above_band_high
2026-07-03T02:52:00Z,93.8476,0.000000,0.000000,0.000000,above_band_high
2026-07-03T02:53:00Z,93.8384,0.000000,0.000000,0.000000,above_band_high
2026-07-03T02:54:00Z,93.8460,0.000000,0.000000,0.000000,above_band_high
2026-07-03T02:55:00Z,93.8460,0.000000,0.000000,0.000000,above_band_high
2026-07-03T02:56:00Z,93.8338,0.000000,0.000000,0.000000,above_band_high
2026-07-03T02:57:00Z,93.8552,0.000000,0.000000,0.000000,above_band_high
2026-07-03T02:58:00Z,93.8689,0.000000,0.000000,0.000000,above_band_high
2026-07-03T02:59:00Z,93.8872,0.000000,0.000000,0.000000,above_band_high
2026-07-03T03:00:00Z,93.8552,0.000000,0.000000,0.000000,above_band_high
2026-07-03T03:01:00Z,93.8750,0.000000,0.000000,0.000000,above_band_high
2026-07-03T03:02:00Z,93.9117,0.000000,0.000000,0.000000,above_band_high
2026-07-03T03:03:00Z,93.9071,0.000000,0.000000,0.000000,above_band_high
2026-07-03T03:04:00Z,93.9330,0.000000,0.000000,0.000000,above_band_high
2026-07-03T03:05:00Z,93.9284,0.000000,0.000000,0.000000,above_band_high
2026-07-03T03:06:00Z,93.9284,0.000000,0.000000,0.000000,above_band_high
2026-07-03T03:07:00Z,93.9117,0.000000,0.000000,0.000000,above_band_high
2026-07-03T03:08:00Z,93.9467,0.000000,0.000000,0.000000,above_band_high
2026-07-03T03:09:00Z,93.9895,0.000000,0.000000,0.000000,above_band_high
2026-07-03T03:10:00Z,93.9345,0.000000,0.000000,0.000000,above_band_high
2026-07-03T03:11:00Z,93.9528,0.000000,0.000000,0.000000,above_band_high
2026-07-03T03:12:00Z,93.9788,0.000000,0.000000,0.000000,above_band_high
2026-07-03T03:13:00Z,94.0246,0.000000,0.000000,0.000000,above_band_high
2026-07-03T03:14:00Z,93.9971,0.000000,0.000000,0.000000,above_band_high
2026-07-03T03:15:00Z,94.0703,0.000000,0.000000,0.000000,above_band_high
2026-07-03T03:16:00Z,94.0566,0.000000,0.000000,0.000000,above_band_high
2026-07-03T03:17:00Z,94.0856,0.000000,0.000000,0.000000,above_band_high
2026-07-03T03:18:00Z,94.1222,0.000000,0.000000,0.000000,above_band_high
2026-07-03T03:19:00Z,94.0810,0.000000,0.000000,0.000000,above_band_high
2026-07-03T03:20:00Z,94.1161,0.000000,0.000000,0.000000,above_band_high
2026-07-03T03:21:00Z,94.1299,0.000000,0.000000,0.000000,above_band_high
2026-07-03T03:22:00Z,94.1222,0.000000,0.000000,0.000000,above_band_high
2026-07-03T03:23:00Z,94.1024,0.000000,0.000000,0.000000,above_band_high
2026-07-03T03:24:00Z,94.0932,0.000000,0.000000,0.000000,above_band_high
2026-07-03T03:25:00Z,94.1268,0.000000,0.000000,0.000000,above_band_high
2026-07-03T03:26:00Z,94.1131,0.000000,0.000000,0.000000,above_band_high
2026-07-03T03:27:00Z,94.1131,0.000000,0.000000,0.000000,above_band_high
2026-07-03T03:28:00Z,94.0978,0.000000,0.000000,0.000000,above_band_high
2026-07-03T03:29:00Z,94.1024,0.000000,0.000000,0.000000,above_band_high
2026-07-03T03:30:00Z,94.0795,0.000000,0.000000,0.000000,above_band_high
2026-07-03T03:31:00Z,94.0887,0.000000,0.000000,0.000000,above_band_high
2026-07-03T03:32:00Z,94.0719,0.000000,0.000000,0.000000,above_band_high
2026-07-03T03:33:00Z,94.0490,0.000000,0.000000,0.000000,above_band_high
2026-07-03T03:34:00Z,93.9834,0.000000,0.000000,0.000000,above_band_high
2026-07-03T03:35:00Z,94.0627,0.000000,0.000000,0.000000,above_band_high
2026-07-03T03:36:00Z,94.0200,0.000000,0.000000,0.000000,above_band_high
2026-07-03T03:37:00Z,93.9712,0.000000,0.000000,0.000000,above_band_high
2026-07-03T03:38:00Z,94.0108,0.000000,0.000000,0.000000,above_band_high
2026-07-03T03:39:00Z,94.0200,0.000000,0.000000,0.000000,above_band_high
2026-07-03T03:40:00Z,93.9986,0.000000,0.000000,0.000000,above_band_high
2026-07-03T03:41:00Z,93.9940,0.000000,0.000000,0.000000,above_band_high
2026-07-03T03:42:00Z,93.9879,0.000000,0.000000,0.000000,above_band_high
2026-07-03T03:43:00Z,93.9986,0.000000,0.000000,0.000000,above_band_high
2026-07-03T03:44:00Z,93.9803,0.000000,0.000000,0.000000,above_band_high
2026-07-03T03:45:00Z,93.9574,0.000000,0.000000,0.000000,above_band_high
2026-07-03T03:46:00Z,93.9879,0.000000,0.000000,0.000000,above_band_high
2026-07-03T03:47:00Z,94.0169,0.000000,0.000000,0.000000,above_band_high
2026-07-03T03:48:00Z,93.9696,0.000000,0.000000,0.000000,above_band_high
2026-07-03T03:49:00Z,93.9971,0.000000,0.000000,0.000000,above_band_high
2026-07-03T03:50:00Z,94.0291,0.000000,0.000000,0.000000,above_band_high
2026-07-03T03:51:00Z,94.0108,0.000000,0.000000,0.000000,above_band_high
2026-07-03T03:52:00Z,93.9879,0.000000,0.000000,0.000000,above_band_high
2026-07-03T03:53:00Z,94.0291,0.000000,0.000000,0.000000,above_band_high
2026-07-03T03:54:00Z,93.9834,0.000000,0.000000,0.000000,above_band_high
2026-07-03T03:55:00Z,94.0078,0.000000,0.000000,0.000000,above_band_high
2026-07-03T03:56:00Z,93.9849,0.000000,0.000000,0.000000,above_band_high
2026-07-03T03:57:00Z,94.0032,0.000000,0.000000,0.000000,above_band_high
2026-07-03T03:58:00Z,94.0032,0.000000,0.000000,0.000000,above_band_high
2026-07-03T03:59:00Z,94.0032,0.000000,0.000000,0.000000,above_band_high
2026-07-03T04:00:00Z,94.0200,0.000000,0.000000,0.000000,above_band_high
2026-07-03T04:01:00Z,94.0032,0.000000,0.000000,0.000000,above_band_high
2026-07-03T04:02:00Z,94.0307,0.000000,0.000000,0.000000,above_band_high
2026-07-03T04:03:00Z,94.0383,0.000000,0.000000,0.000000,above_band_high
2026-07-03T04:04:00Z,93.9925,0.000000,0.000000,0.000000,above_band_high
2026-07-03T04:05:00Z,94.0337,0.000000,0.000000,0.000000,above_band_high
2026-07-03T04:06:00Z,94.0475,0.000000,0.000000,0.000000,above_band_high
2026-07-03T04:07:00Z,94.0444,0.000000,0.000000,0.000000,above_band_high
2026-07-03T04:08:00Z,94.0581,0.000000,0.000000,0.000000,above_band_high
2026-07-03T04:09:00Z,94.0627,0.000000,0.000000,0.000000,above_band_high
2026-07-03T04:10:00Z,94.1176,0.000000,0.000000,0.000000,above_band_high
2026-07-03T04:11:00Z,94.0932,0.000000,0.000000,0.000000,above_band_high
2026-07-03T04:12:00Z,94.1222,0.000000,0.000000,0.000000,above_band_high
2026-07-03T04:13:00Z,94.0993,0.000000,0.000000,0.000000,above_band_high
2026-07-03T04:14:00Z,94.1039,0.000000,0.000000,0.000000,above_band_high
2026-07-03T04:15:00Z,94.0810,0.000000,0.000000,0.000000,above_band_high
2026-07-03T04:16:00Z,94.0719,0.000000,0.000000,0.000000,above_band_high
2026-07-03T04:17:00Z,94.0627,0.000000,0.000000,0.000000,above_band_high
2026-07-03T04:18:00Z,94.0566,0.000000,0.000000,0.000000,above_band_high
2026-07-03T04:19:00Z,94.0291,0.000000,0.000000,0.000000,above_band_high
2026-07-03T04:20:00Z,94.0444,0.000000,0.000000,0.000000,above_band_high
2026-07-03T04:21:00Z,94.0337,0.000000,0.000000,0.000000,above_band_high
2026-07-03T04:22:00Z,93.9971,0.000000,0.000000,0.000000,above_band_high
2026-07-03T04:23:00Z,94.0215,0.000000,0.000000,0.000000,above_band_high
2026-07-03T04:24:00Z,94.0154,0.000000,0.000000,0.000000,above_band_high
2026-07-03T04:25:00Z,94.0063,0.000000,0.000000,0.000000,above_band_high
2026-07-03T04:26:00Z,93.9605,0.000000,0.000000,0.000000,above_band_high
2026-07-03T04:27:00Z,93.9986,0.000000,0.000000,0.000000,above_band_high
2026-07-03T04:28:00Z,93.9712,0.000000,0.000000,0.000000,above_band_high
2026-07-03T04:29:00Z,93.9559,0.000000,0.000000,0.000000,above_band_high
2026-07-03T04:30:00Z,93.9895,0.000000,0.000000,0.000000,above_band_high
2026-07-03T04:31:00Z,93.9666,0.000000,0.000000,0.000000,above_band_high
2026-07-03T04:32:00Z,93.9712,0.000000,0.000000,0.000000,above_band_high
2026-07-03T04:33:00Z,93.9712,0.000000,0.000000,0.000000,above_band_high
2026-07-03T04:34:00Z,93.9712,0.000000,0.000000,0.000000,above_band_high
2026-07-03T04:35:00Z,93.9071,0.000000,0.000000,0.000000,above_band_high
2026-07-03T04:36:00Z,93.9437,0.000000,0.000000,0.000000,above_band_high
2026-07-03T04:37:00Z,93.9193,0.000000,0.000000,0.000000,above_band_high
2026-07-03T04:38:00Z,93.9345,0.000000,0.000000,0.000000,above_band_high
2026-07-03T04:39:00Z,93.9147,0.000000,0.000000,0.000000,above_band_high
2026-07-03T04:40:00Z,93.9193,0.000000,0.000000,0.000000,above_band_high
2026-07-03T04:41:00Z,93.9010,0.000000,0.000000,0.000000,above_band_high
2026-07-03T04:42:00Z,93.8933,0.000000,0.000000,0.000000,above_band_high
2026-07-03T04:43:00Z,93.9055,0.000000,0.000000,0.000000,above_band_high
2026-07-03T04:44:00Z,93.9147,0.000000,0.000000,0.000000,above_band_high
2026-07-03T04:45:00Z,93.9071,0.000000,0.000000,0.000000,above_band_high
2026-07-03T04:46:00Z,93.8933,0.000000,0.000000,0.000000,above_band_high
2026-07-03T04:47:00Z,93.9101,0.000000,0.000000,0.000000,above_band_high
2026-07-03T04:48:00Z,93.9483,0.000000,0.000000,0.000000,above_band_high
2026-07-03T04:49:00Z,93.9055,0.000000,0.000000,0.000000,above_band_high
2026-07-03T04:50:00Z,93.9147,0.000000,0.000000,0.000000,above_band_high
2026-07-03T04:51:00Z,93.9376,0.000000,0.000000,0.000000,above_band_high
2026-07-03T04:52:00Z,93.9528,0.000000,0.000000,0.000000,above_band_high
2026-07-03T04:53:00Z,93.9300,0.000000,0.000000,0.000000,above_band_high
2026-07-03T04:54:00Z,93.9300,0.000000,0.000000,0.000000,above_band_high
2026-07-03T04:55:00Z,93.9437,0.000000,0.000000,0.000000,above_band_high
2026-07-03T04:56:00Z,93.9620,0.000000,0.000000,0.000000,above_band_high
2026-07-03T04:57:00Z,93.9605,0.000000,0.000000,0.000000,above_band_high
2026-07-03T04:58:00Z,93.9651,0.000000,0.000000,0.000000,above_band_high
2026-07-03T04:59:00Z,93.9651,0.000000,0.000000,0.000000,above_band_high
2026-07-03T05:00:00Z,93.9651,0.000000,0.000000,0.000000,above_band_high
2026-07-03T05:01:00Z,93.9559,0.000000,0.000000,0.000000,above_band_high
2026-07-03T05:02:00Z,93.9483,0.000000,0.000000,0.000000,above_band_high
2026-07-03T05:03:00Z,93.9803,0.000000,0.000000,0.000000,above_band_high
2026-07-03T05:04:00Z,93.9651,0.000000,0.000000,0.000000,above_band_high
2026-07-03T05:05:00Z,93.9666,0.000000,0.000000,0.000000,above_band_high
2026-07-03T05:06:00Z,93.9742,0.000000,0.000000,0.000000,above_band_high
2026-07-03T05:07:00Z,93.9742,0.000000,0.000000,0.000000,above_band_high
2026-07-03T05:08:00Z,94.0078,0.000000,0.000000,0.000000,above_band_high
2026-07-03T05:09:00Z,94.0566,0.000000,0.000000,0.000000,above_band_high
2026-07-03T05:10:00Z,94.0261,0.000000,0.000000,0.000000,above_band_high
2026-07-03T05:11:00Z,94.0520,0.000000,0.000000,0.000000,above_band_high
2026-07-03T05:12:00Z,94.0383,0.000000,0.000000,0.000000,above_band_high
2026-07-03T05:13:00Z,94.0932,0.000000,0.000000,0.000000,above_band_high
2026-07-03T05:14:00Z,94.0749,0.000000,0.000000,0.000000,above_band_high
2026-07-03T05:15:00Z,94.0887,0.000000,0.000000,0.000000,above_band_high
2026-07-03T05:16:00Z,94.1299,0.000000,0.000000,0.000000,above_band_high
2026-07-03T05:17:00Z,94.1527,0.000000,0.000000,0.000000,above_band_high
2026-07-03T05:18:00Z,94.1497,0.000000,0.000000,0.000000,above_band_high
2026-07-03T05:19:00Z,94.1573,0.000000,0.000000,0.000000,above_band_high
2026-07-03T05:20:00Z,94.1588,0.000000,0.000000,0.000000,above_band_high
2026-07-03T05:21:00Z,94.1665,0.000000,0.000000,0.000000,above_band_high
2026-07-03T05:22:00Z,94.1451,0.000000,0.000000,0.000000,above_band_high
2026-07-03T05:23:00Z,94.1772,0.000000,0.000000,0.000000,above_band_high
2026-07-03T05:24:00Z,94.1573,0.000000,0.000000,0.000000,above_band_high
2026-07-03T05:25:00Z,94.1817,0.000000,0.000000,0.000000,above_band_high
2026-07-03T05:26:00Z,94.1665,0.000000,0.000000,0.000000,above_band_high
2026-07-03T05:27:00Z,94.1711,0.000000,0.000000,0.000000,above_band_high
2026-07-03T05:28:00Z,94.1772,0.000000,0.000000,0.000000,above_band_high
2026-07-03T05:29:00Z,94.1436,0.000000,0.000000,0.000000,above_band_high
2026-07-03T05:30:00Z,94.1894,0.000000,0.000000,0.000000,above_band_high
2026-07-03T05:31:00Z,94.2229,0.000000,0.000000,0.000000,above_band_high
2026-07-03T05:32:00Z,94.1817,0.000000,0.000000,0.000000,above_band_high
2026-07-03T05:33:00Z,94.2092,0.000000,0.000000,0.000000,above_band_high
2026-07-03T05:34:00Z,94.1711,0.000000,0.000000,0.000000,above_band_high
2026-07-03T05:35:00Z,94.1634,0.000000,0.000000,0.000000,above_band_high
2026-07-03T05:36:00Z,94.1756,0.000000,0.000000,0.000000,above_band_high
2026-07-03T05:37:00Z,94.1772,0.000000,0.000000,0.000000,above_band_high
2026-07-03T05:38:00Z,94.1680,0.000000,0.000000,0.000000,above_band_high
2026-07-03T05:39:00Z,94.1390,0.000000,0.000000,0.000000,above_band_high
2026-07-03T05:40:00Z,94.1314,0.000000,0.000000,0.000000,above_band_high
2026-07-03T05:41:00Z,94.1344,0.000000,0.000000,0.000000,above_band_high
2026-07-03T05:42:00Z,94.1726,0.000000,0.000000,0.000000,above_band_high
2026-07-03T05:43:00Z,94.1176,0.000000,0.000000,0.000000,above_band_high
2026-07-03T05:44:00Z,94.1436,0.000000,0.000000,0.000000,above_band_high
2026-07-03T05:45:00Z,94.1268,0.000000,0.000000,0.000000,above_band_high
2026-07-03T05:46:00Z,94.1634,0.000000,0.000000,0.000000,above_band_high
2026-07-03T05:47:00Z,94.1527,0.000000,0.000000,0.000000,above_band_high
2026-07-03T05:48:00Z,94.1634,0.000000,0.000000,0.000000,above_band_high
2026-07-03T05:49:00Z,94.1527,0.000000,0.000000,0.000000,above_band_high
2026-07-03T05:50:00Z,94.1161,0.000000,0.000000,0.000000,above_band_high
2026-07-03T05:51:00Z,94.1756,0.000000,0.000000,0.000000,above_band_high
2026-07-03T05:52:00Z,94.1573,0.000000,0.000000,0.000000,above_band_high
2026-07-03T05:53:00Z,94.1756,0.000000,0.000000,0.000000,above_band_high
2026-07-03T05:54:00Z,94.1588,0.000000,0.000000,0.000000,above_band_high
2026-07-03T05:55:00Z,94.1817,0.000000,0.000000,0.000000,above_band_high
2026-07-03T05:56:00Z,94.1756,0.000000,0.000000,0.000000,above_band_high
2026-07-03T05:57:00Z,94.1588,0.000000,0.000000,0.000000,above_band_high
2026-07-03T05:58:00Z,94.1756,0.000000,0.000000,0.000000,above_band_high
2026-07-03T05:59:00Z,94.1756,0.000000,0.000000,0.000000,above_band_high
2026-07-03T06:00:00Z,94.1802,0.000000,0.000000,0.000000,above_band_high
2026-07-03T06:01:00Z,94.1756,0.000000,0.000000,0.000000,above_band_high
2026-07-03T06:02:00Z,94.1680,0.000000,0.000000,0.000000,above_band_high
2026-07-03T06:03:00Z,94.1756,0.000000,0.000000,0.000000,above_band_high
2026-07-03T06:04:00Z,94.2092,0.000000,0.000000,0.000000,above_band_high
2026-07-03T06:05:00Z,94.2000,0.000000,0.000000,0.000000,above_band_high
2026-07-03T06:06:00Z,94.2000,0.000000,0.000000,0.000000,above_band_high
2026-07-03T06:07:00Z,94.2046,0.000000,0.000000,0.000000,above_band_high
2026-07-03T06:08:00Z,94.1985,0.000000,0.000000,0.000000,above_band_high
2026-07-03T06:09:00Z,94.2596,0.000000,0.000000,0.000000,above_band_high
2026-07-03T06:10:00Z,94.2168,0.000000,0.000000,0.000000,above_band_high
2026-07-03T06:11:00Z,94.2489,0.000000,0.000000,0.000000,above_band_high
2026-07-03T06:12:00Z,94.2306,0.000000,0.000000,0.000000,above_band_high
2026-07-03T06:13:00Z,94.2580,0.000000,0.000000,0.000000,above_band_high
2026-07-03T06:14:00Z,94.2733,0.000000,0.000000,0.000000,above_band_high
2026-07-03T06:15:00Z,94.2687,0.000000,0.000000,0.000000,above_band_high
2026-07-03T06:16:00Z,94.2763,0.000000,0.000000,0.000000,above_band_high
2026-07-03T06:17:00Z,94.2763,0.000000,0.000000,0.000000,above_band_high
2026-07-03T06:18:00Z,94.2763,0.000000,0.000000,0.000000,above_band_high
2026-07-03T06:19:00Z,94.3008,0.000000,0.000000,0.000000,above_band_high
2026-07-03T06:20:00Z,94.2779,0.000000,0.000000,0.000000,above_band_high
2026-07-03T06:23:08Z,94.2947,0.000000,0.000000,0.000000,above_band_high
2026-07-03T06:24:00Z,94.2596,0.000000,0.000000,0.000000,above_band_high
2026-07-03T06:25:00Z,94.3191,0.000000,0.000000,0.000000,above_band_high
2026-07-03T06:26:00Z,94.2870,0.000000,0.000000,0.000000,above_band_high
2026-07-03T06:27:00Z,94.2809,0.000000,0.000000,0.000000,above_band_high
2026-07-03T06:28:00Z,94.3008,0.000000,0.000000,0.000000,above_band_high
2026-07-03T06:29:00Z,94.2809,0.000000,0.000000,0.000000,above_band_high
2026-07-03T06:30:00Z,94.2641,0.000000,0.000000,0.000000,above_band_high
2026-07-03T06:31:00Z,94.2535,0.000000,0.000000,0.000000,above_band_high
2026-07-03T06:32:00Z,94.2626,0.000000,0.000000,0.000000,above_band_high
2026-07-03T06:33:00Z,94.2626,0.000000,0.000000,0.000000,above_band_high
2026-07-03T06:34:00Z,94.2412,0.000000,0.000000,0.000000,above_band_high
2026-07-03T06:35:00Z,94.2092,0.000000,0.000000,0.000000,above_band_high
2026-07-03T06:36:00Z,94.2321,0.000000,0.000000,0.000000,above_band_high
2026-07-03T06:37:00Z,94.1985,0.000000,0.000000,0.000000,above_band_high
2026-07-03T06:38:00Z,94.1772,0.000000,0.000000,0.000000,above_band_high
2026-07-03T06:39:00Z,94.1802,0.000000,0.000000,0.000000,above_band_high
2026-07-03T06:40:00Z,94.1726,0.000000,0.000000,0.000000,above_band_high
2026-07-03T06:41:00Z,94.1451,0.000000,0.000000,0.000000,above_band_high
2026-07-03T06:42:00Z,94.1390,0.000000,0.000000,0.000000,above_band_high
2026-07-03T06:43:00Z,94.1360,0.000000,0.000000,0.000000,above_band_high
2026-07-03T06:44:00Z,94.1711,0.000000,0.000000,0.000000,above_band_high
2026-07-03T06:45:00Z,94.1314,0.000000,0.000000,0.000000,above_band_high
2026-07-03T06:46:00Z,94.1497,0.000000,0.000000,0.000000,above_band_high
2026-07-03T06:47:00Z,94.1207,0.000000,0.000000,0.000000,above_band_high
2026-07-03T06:48:00Z,94.1451,0.000000,0.000000,0.000000,above_band_high
2026-07-03T06:49:00Z,94.1772,0.000000,0.000000,0.000000,above_band_high
2026-07-03T06:50:00Z,94.1665,0.000000,0.000000,0.000000,above_band_high
2026-07-03T06:51:00Z,94.1909,0.000000,0.000000,0.000000,above_band_high
2026-07-03T06:52:00Z,94.1573,0.000000,0.000000,0.000000,above_band_high
2026-07-03T06:53:00Z,94.1497,0.000000,0.000000,0.000000,above_band_high
2026-07-03T06:54:00Z,94.1985,0.000000,0.000000,0.000000,above_band_high
2026-07-03T06:55:00Z,94.1863,0.000000,0.000000,0.000000,above_band_high
2026-07-03T06:56:00Z,94.1909,0.000000,0.000000,0.000000,above_band_high
2026-07-03T06:57:00Z,94.2351,0.000000,0.000000,0.000000,above_band_high
2026-07-03T06:58:00Z,94.2000,0.000000,0.000000,0.000000,above_band_high
2026-07-03T06:59:00Z,94.2031,0.000000,0.000000,0.000000,above_band_high
2026-07-03T07:00:00Z,94.2168,0.000000,0.000000,0.000000,above_band_high
2026-07-03T07:01:00Z,94.2443,0.000000,0.000000,0.000000,above_band_high
2026-07-03T07:02:00Z,94.2489,0.000000,0.000000,0.000000,above_band_high
2026-07-03T07:03:00Z,94.2443,0.000000,0.000000,0.000000,above_band_high
2026-07-03T07:04:00Z,94.2504,0.000000,0.000000,0.000000,above_band_high
2026-07-03T07:05:00Z,94.2550,0.000000,0.000000,0.000000,above_band_high
2026-07-03T07:06:00Z,94.2397,0.000000,0.000000,0.000000,above_band_high
2026-07-03T07:07:00Z,94.2504,0.000000,0.000000,0.000000,above_band_high
2026-07-03T07:08:00Z,94.2672,0.000000,0.000000,0.000000,above_band_high
2026-07-03T07:09:00Z,94.2550,0.000000,0.000000,0.000000,above_band_high
2026-07-03T07:10:00Z,94.2992,0.000000,0.000000,0.000000,above_band_high
2026-07-03T07:11:00Z,94.2947,0.000000,0.000000,0.000000,above_band_high
2026-07-03T07:12:00Z,94.2992,0.000000,0.000000,0.000000,above_band_high
2026-07-03T07:13:00Z,94.3084,0.000000,0.000000,0.000000,above_band_high
2026-07-03T07:14:00Z,94.2779,0.000000,0.000000,0.000000,above_band_high
2026-07-03T07:15:00Z,94.2718,0.000000,0.000000,0.000000,above_band_high
2026-07-03T07:16:00Z,94.2779,0.000000,0.000000,0.000000,above_band_high
2026-07-03T07:17:00Z,94.3038,0.000000,0.000000,0.000000,above_band_high
2026-07-03T07:18:00Z,94.3328,0.000000,0.000000,0.000000,above_band_high
2026-07-03T07:19:00Z,94.2992,0.000000,0.000000,0.000000,above_band_high
2026-07-03T07:20:00Z,94.3221,0.000000,0.000000,0.000000,above_band_high
2026-07-03T07:21:00Z,94.3145,0.000000,0.000000,0.000000,above_band_high
2026-07-03T07:22:00Z,94.3221,0.000000,0.000000,0.000000,above_band_high
2026-07-03T07:23:00Z,94.3099,0.000000,0.000000,0.000000,above_band_high
2026-07-03T07:24:00Z,94.2901,0.000000,0.000000,0.000000,above_band_high
2026-07-03T07:25:00Z,94.3328,0.000000,0.000000,0.000000,above_band_high
2026-07-03T07:26:00Z,94.3084,0.000000,0.000000,0.000000,above_band_high
2026-07-03T07:27:00Z,94.2687,0.000000,0.000000,0.000000,above_band_high
2026-07-03T07:28:00Z,94.2718,0.000000,0.000000,0.000000,above_band_high
2026-07-03T07:29:00Z,94.2855,0.000000,0.000000,0.000000,above_band_high
2026-07-03T07:30:00Z,94.3145,0.000000,0.000000,0.000000,above_band_high
2026-07-03T07:31:00Z,94.2947,0.000000,0.000000,0.000000,above_band_high
2026-07-03T07:32:00Z,94.2580,0.000000,0.000000,0.000000,above_band_high
2026-07-03T07:33:00Z,94.2626,0.000000,0.000000,0.000000,above_band_high
2026-07-03T07:34:00Z,94.2550,0.000000,0.000000,0.000000,above_band_high
2026-07-03T07:35:00Z,94.2123,0.000000,0.000000,0.000000,above_band_high
2026-07-03T07:36:00Z,94.1848,0.000000,0.000000,0.000000,above_band_high
2026-07-03T07:37:00Z,94.1848,0.000000,0.000000,0.000000,above_band_high
2026-07-03T07:38:00Z,94.1588,0.000000,0.000000,0.000000,above_band_high
2026-07-03T07:39:00Z,94.1451,0.000000,0.000000,0.000000,above_band_high
2026-07-03T07:40:00Z,94.1131,0.000000,0.000000,0.000000,above_band_high
2026-07-03T07:41:00Z,94.0810,0.000000,0.000000,0.000000,above_band_high
2026-07-03T07:42:00Z,94.0658,0.000000,0.000000,0.000000,above_band_high
2026-07-03T07:43:00Z,94.0337,0.000000,0.000000,0.000000,above_band_high
2026-07-03T07:44:00Z,94.0200,0.000000,0.000000,0.000000,above_band_high
2026-07-03T07:45:00Z,94.0154,0.000000,0.000000,0.000000,above_band_high
2026-07-03T07:46:00Z,94.0063,0.000000,0.000000,0.000000,above_band_high
2026-07-03T07:47:00Z,93.9879,0.000000,0.000000,0.000000,above_band_high
2026-07-03T07:48:00Z,93.9834,0.000000,0.000000,0.000000,above_band_high
2026-07-03T07:49:00Z,93.9208,0.000000,0.000000,0.000000,above_band_high
2026-07-03T07:50:00Z,93.9284,0.000000,0.000000,0.000000,above_band_high
2026-07-03T07:51:00Z,93.9117,0.000000,0.000000,0.000000,above_band_high
2026-07-03T07:52:00Z,93.8979,0.000000,0.000000,0.000000,above_band_high
2026-07-03T07:53:00Z,93.9055,0.000000,0.000000,0.000000,above_band_high
2026-07-03T07:54:00Z,93.8384,0.000000,0.000000,0.000000,above_band_high
2026-07-03T07:55:00Z,93.8384,0.000000,0.000000,0.000000,above_band_high
2026-07-03T07:56:00Z,93.8155,0.000000,0.000000,0.000000,above_band_high
2026-07-03T07:57:00Z,93.7819,0.000000,0.000000,0.000000,above_band_high
2026-07-03T07:58:00Z,93.8186,0.000000,0.000000,0.000000,above_band_high
2026-07-03T07:59:00Z,93.8018,0.000000,0.000000,0.000000,above_band_high
2026-07-03T08:00:00Z,93.7697,0.000000,0.000000,0.000000,above_band_high
2026-07-03T08:01:00Z,93.7545,0.000000,0.000000,0.000000,above_band_high
2026-07-03T08:02:00Z,93.7545,0.000000,0.000000,0.000000,above_band_high
2026-07-03T08:03:00Z,93.7331,0.000000,0.000000,0.000000,above_band_high
2026-07-03T08:04:00Z,93.7240,0.000000,0.000000,0.000000,above_band_high
2026-07-03T08:05:00Z,93.7011,0.000000,0.000000,0.000000,above_band_high
2026-07-03T08:06:00Z,93.7362,0.000000,0.000000,0.000000,above_band_high
2026-07-03T08:07:00Z,93.7331,0.000000,0.000000,0.000000,above_band_high
2026-07-03T08:08:00Z,93.6950,0.000000,0.000000,0.000000,above_band_high
2026-07-03T08:09:00Z,93.7087,0.000000,0.000000,0.000000,above_band_high
2026-07-03T08:10:00Z,93.7133,0.000000,0.000000,0.000000,above_band_high
2026-07-03T08:11:00Z,93.7194,0.000000,0.000000,0.000000,above_band_high
2026-07-03T08:12:00Z,93.6782,0.000000,0.000000,0.000000,above_band_high
2026-07-03T08:13:00Z,93.6629,0.000000,0.000000,0.000000,above_band_high
2026-07-03T08:14:00Z,93.6584,0.000000,0.000000,0.000000,above_band_high
2026-07-03T08:15:00Z,93.6492,0.000000,0.000000,0.000000,above_band_high
2026-07-03T08:16:00Z,93.6416,0.000000,0.000000,0.000000,above_band_high
2026-07-03T08:17:00Z,93.6599,0.000000,0.000000,0.000000,above_band_high
2026-07-03T08:18:00Z,93.6645,0.000000,0.000000,0.000000,above_band_high
2026-07-03T08:19:00Z,93.6629,0.000000,0.000000,0.000000,above_band_high
2026-07-03T08:20:00Z,93.6904,0.000000,0.000000,0.000000,above_band_high
2026-07-03T08:21:00Z,93.7041,0.000000,0.000000,0.000000,above_band_high
2026-07-03T08:22:00Z,93.7560,0.000000,0.000000,0.000000,above_band_high
2026-07-03T08:23:00Z,93.7240,0.000000,0.000000,0.000000,above_band_high
2026-07-03T08:24:00Z,93.7545,0.000000,0.000000,0.000000,above_band_high
2026-07-03T08:25:00Z,93.7240,0.000000,0.000000,0.000000,above_band_high
2026-07-03T08:26:00Z,93.6950,0.000000,0.000000,0.000000,above_band_high
2026-07-03T08:27:00Z,93.7087,0.000000,0.000000,0.000000,above_band_high
2026-07-03T08:28:00Z,93.7087,0.000000,0.000000,0.000000,above_band_high
2026-07-03T08:29:00Z,93.7179,0.000000,0.000000,0.000000,above_band_high
2026-07-03T08:30:00Z,93.7469,0.000000,0.000000,0.000000,above_band_high
2026-07-03T08:31:00Z,93.7362,0.000000,0.000000,0.000000,above_band_high
2026-07-03T08:32:00Z,93.6873,0.000000,0.000000,0.000000,above_band_high
2026-07-03T08:33:00Z,93.6767,0.000000,0.000000,0.000000,above_band_high
2026-07-03T08:34:00Z,93.6767,0.000000,0.000000,0.000000,above_band_high
2026-07-03T08:35:00Z,93.6492,0.000000,0.000000,0.000000,above_band_high
2026-07-03T08:36:00Z,93.6278,0.000000,0.000000,0.000000,above_band_high
2026-07-03T08:37:00Z,93.6126,0.000000,0.000000,0.000000,above_band_high
2026-07-03T08:38:00Z,93.5531,0.000000,0.000000,0.000000,above_band_high
2026-07-03T08:39:00Z,93.6187,0.000000,0.000000,0.000000,above_band_high
2026-07-03T08:40:00Z,93.5760,0.000000,0.000000,0.000000,above_band_high
2026-07-03T08:41:00Z,93.5485,0.000000,0.000000,0.000000,above_band_high
2026-07-03T08:42:00Z,93.5088,0.000000,0.000000,0.000000,above_band_high
2026-07-03T08:43:00Z,93.5042,0.000000,0.000000,0.000000,above_band_high
2026-07-03T08:44:00Z,93.4813,0.000000,0.000000,0.000000,above_band_high
2026-07-03T08:45:00Z,93.4615,0.000000,0.000000,0.000000,above_band_high
2026-07-03T08:46:00Z,93.4569,0.000000,0.000000,0.000000,above_band_high
2026-07-03T08:47:00Z,93.4524,0.000000,0.000000,0.000000,above_band_high
2026-07-03T08:48:00Z,93.4524,0.000000,0.000000,0.000000,above_band_high
2026-07-03T08:49:00Z,93.4173,0.000000,0.000000,0.000000,above_band_high
2026-07-03T08:50:00Z,93.3516,0.000000,0.000000,0.000000,above_band_high
2026-07-03T08:51:00Z,93.3379,0.000000,0.000000,0.000000,above_band_high
2026-07-03T08:52:00Z,93.3303,0.000000,0.000000,0.000000,above_band_high
2026-07-03T08:53:00Z,93.3242,0.000000,0.000000,0.000000,above_band_high
2026-07-03T08:54:00Z,93.2891,0.000000,0.000000,0.000000,above_band_high
2026-07-03T08:55:00Z,93.2891,0.000000,0.000000,0.000000,above_band_high
2026-07-03T08:56:00Z,93.2784,0.000000,0.000000,0.000000,above_band_high
2026-07-03T08:57:00Z,93.2372,0.000000,0.000000,0.000000,above_band_high
2026-07-03T08:58:00Z,93.2143,0.000000,0.000000,0.000000,above_band_high
2026-07-03T08:59:00Z,93.2067,0.000000,0.000000,0.000000,above_band_high
2026-07-03T09:00:00Z,93.1838,0.000000,0.000000,0.000000,above_band_high
2026-07-03T09:01:00Z,93.1594,0.000000,0.000000,0.000000,above_band_high
2026-07-03T09:02:00Z,93.1197,0.000000,0.000000,0.000000,above_band_high
2026-07-03T09:03:00Z,93.1655,0.000000,0.000000,0.000000,above_band_high
2026-07-03T09:04:00Z,93.1548,0.000000,0.000000,0.000000,above_band_high
2026-07-03T09:05:00Z,93.1136,0.000000,0.000000,0.000000,above_band_high
2026-07-03T09:06:00Z,93.1060,0.000000,0.000000,0.000000,above_band_high
2026-07-03T09:07:00Z,93.0922,0.000000,0.000000,0.000000,above_band_high
2026-07-03T09:08:00Z,93.0694,0.000000,0.000000,0.000000,above_band_high
2026-07-03T09:09:00Z,93.0724,0.000000,0.000000,0.000000,above_band_high
2026-07-03T09:10:00Z,93.0266,0.000000,0.000000,0.000000,above_band_high
2026-07-03T09:11:00Z,93.0907,0.000000,0.000000,0.000000,above_band_high
2026-07-03T09:12:00Z,93.0495,0.000000,0.000000,0.000000,above_band_high
2026-07-03T09:13:00Z,93.0098,0.000000,0.000000,0.000000,above_band_high
2026-07-03T09:14:00Z,93.0098,0.000000,0.000000,0.000000,above_band_high
2026-07-03T09:15:00Z,92.9778,0.000000,0.000000,0.000000,above_band_high
2026-07-03T09:16:00Z,92.9625,0.000000,0.000000,0.000000,above_band_high
2026-07-03T09:17:00Z,93.0220,0.000000,0.000000,0.000000,above_band_high
2026-07-03T09:18:00Z,93.0175,0.000000,0.000000,0.000000,above_band_high
2026-07-03T09:19:00Z,93.0632,0.000000,0.000000,0.000000,above_band_high
2026-07-03T09:20:00Z,93.0678,0.000000,0.000000,0.000000,above_band_high
2026-07-03T09:21:00Z,93.0999,0.000000,0.000000,0.000000,above_band_high
2026-07-03T09:22:00Z,93.0999,0.000000,0.000000,0.000000,above_band_high
2026-07-03T09:23:00Z,93.1090,0.000000,0.000000,0.000000,above_band_high
2026-07-03T09:24:00Z,93.0404,0.000000,0.000000,0.000000,above_band_high
2026-07-03T09:25:00Z,93.0632,0.000000,0.000000,0.000000,above_band_high
2026-07-03T09:26:00Z,93.0877,0.000000,0.000000,0.000000,above_band_high
2026-07-03T09:27:00Z,93.1044,0.000000,0.000000,0.000000,above_band_high
2026-07-03T09:28:00Z,93.1090,0.000000,0.000000,0.000000,above_band_high
2026-07-03T09:29:00Z,93.1273,0.000000,0.000000,0.000000,above_band_high
2026-07-03T09:30:00Z,93.1197,0.000000,0.000000,0.000000,above_band_high
2026-07-03T09:31:00Z,93.0770,0.000000,0.000000,0.000000,above_band_high
2026-07-03T09:32:00Z,93.1365,0.000000,0.000000,0.000000,above_band_high
2026-07-03T09:33:00Z,93.0724,0.000000,0.000000,0.000000,above_band_high
2026-07-03T09:34:00Z,93.0953,0.000000,0.000000,0.000000,above_band_high
2026-07-03T09:35:00Z,93.0678,0.000000,0.000000,0.000000,above_band_high
2026-07-03T09:36:00Z,93.0327,0.000000,0.000000,0.000000,above_band_high
2026-07-03T09:37:00Z,93.0770,0.000000,0.000000,0.000000,above_band_high
2026-07-03T09:38:00Z,93.0404,0.000000,0.000000,0.000000,above_band_high
2026-07-03T09:39:00Z,93.0358,0.000000,0.000000,0.000000,above_band_high
2026-07-03T09:40:00Z,93.0587,0.000000,0.000000,0.000000,above_band_high
2026-07-03T09:41:00Z,93.0282,0.000000,0.000000,0.000000,above_band_high
2026-07-03T09:42:00Z,93.0465,0.000000,0.000000,0.000000,above_band_high
2026-07-03T09:43:00Z,93.0510,0.000000,0.000000,0.000000,above_band_high
2026-07-03T09:44:00Z,93.0602,0.000000,0.000000,0.000000,above_band_high
2026-07-03T09:45:00Z,93.0007,0.000000,0.000000,0.000000,above_band_high
2026-07-03T09:46:00Z,93.0678,0.000000,0.000000,0.000000,above_band_high
2026-07-03T09:47:00Z,93.0632,0.000000,0.000000,0.000000,above_band_high
2026-07-03T09:48:00Z,93.0831,0.000000,0.000000,0.000000,above_band_high
2026-07-03T09:49:00Z,93.1319,0.000000,0.000000,0.000000,above_band_high
2026-07-03T09:50:00Z,93.1319,0.000000,0.000000,0.000000,above_band_high
2026-07-03T09:51:00Z,93.1548,0.000000,0.000000,0.000000,above_band_high
2026-07-03T09:52:00Z,93.1838,0.000000,0.000000,0.000000,above_band_high
2026-07-03T09:53:00Z,93.1930,0.000000,0.000000,0.000000,above_band_high
2026-07-03T09:54:00Z,93.2067,0.000000,0.000000,0.000000,above_band_high
2026-07-03T09:55:00Z,93.2204,0.000000,0.000000,0.000000,above_band_high
2026-07-03T09:56:00Z,93.2464,0.000000,0.000000,0.000000,above_band_high
2026-07-03T09:57:00Z,93.2601,0.000000,0.000000,0.000000,above_band_high
2026-07-03T09:58:00Z,93.3013,0.000000,0.000000,0.000000,above_band_high
2026-07-03T09:59:00Z,93.3059,0.000000,0.000000,0.000000,above_band_high
2026-07-03T10:00:00Z,93.3211,0.000000,0.000000,0.000000,above_band_high
2026-07-03T10:01:00Z,93.3211,0.000000,0.000000,0.000000,above_band_high
2026-07-03T10:02:00Z,93.3257,0.000000,0.000000,0.000000,above_band_high
2026-07-03T10:03:00Z,93.3974,0.000000,0.000000,0.000000,above_band_high
2026-07-03T10:04:00Z,93.4173,0.000000,0.000000,0.000000,above_band_high
2026-07-03T10:05:00Z,93.4081,0.000000,0.000000,0.000000,above_band_high
2026-07-03T10:06:00Z,93.4310,0.000000,0.000000,0.000000,above_band_high
2026-07-03T10:07:00Z,93.4310,0.000000,0.000000,0.000000,above_band_high
2026-07-03T10:08:00Z,93.4539,0.000000,0.000000,0.000000,above_band_high
2026-07-03T10:09:00Z,93.4859,0.000000,0.000000,0.000000,above_band_high
2026-07-03T10:10:00Z,93.4890,0.000000,0.000000,0.000000,above_band_high
2026-07-03T10:11:00Z,93.5088,0.000000,0.000000,0.000000,above_band_high
2026-07-03T10:12:00Z,93.5119,0.000000,0.000000,0.000000,above_band_high
2026-07-03T10:13:00Z,93.5439,0.000000,0.000000,0.000000,above_band_high
2026-07-03T10:14:00Z,93.5363,0.000000,0.000000,0.000000,above_band_high
2026-07-03T10:15:00Z,93.5988,0.000000,0.000000,0.000000,above_band_high
2026-07-03T10:16:00Z,93.6233,0.000000,0.000000,0.000000,above_band_high
2026-07-03T10:17:00Z,93.5912,0.000000,0.000000,0.000000,above_band_high
2026-07-03T10:18:00Z,93.6461,0.000000,0.000000,0.000000,above_band_high
2026-07-03T10:19:00Z,93.6461,0.000000,0.000000,0.000000,above_band_high
2026-07-03T10:20:00Z,93.7148,0.000000,0.000000,0.000000,above_band_high
2026-07-03T10:21:00Z,93.6584,0.000000,0.000000,0.000000,above_band_high
2026-07-03T10:22:00Z,93.6828,0.000000,0.000000,0.000000,above_band_high
2026-07-03T10:23:00Z,93.6736,0.000000,0.000000,0.000000,above_band_high
2026-07-03T10:24:00Z,93.6995,0.000000,0.000000,0.000000,above_band_high
2026-07-03T10:25:00Z,93.7133,0.000000,0.000000,0.000000,above_band_high
2026-07-03T10:26:00Z,93.6995,0.000000,0.000000,0.000000,above_band_high
2026-07-03T10:27:00Z,93.6721,0.000000,0.000000,0.000000,above_band_high
2026-07-03T10:28:00Z,93.6767,0.000000,0.000000,0.000000,above_band_high
2026-07-03T10:29:00Z,93.6767,0.000000,0.000000,0.000000,above_band_high
2026-07-03T10:30:00Z,93.6965,0.000000,0.000000,0.000000,above_band_high
2026-07-03T10:31:00Z,93.6538,0.000000,0.000000,0.000000,above_band_high
2026-07-03T10:32:00Z,93.6538,0.000000,0.000000,0.000000,above_band_high
2026-07-03T10:33:00Z,93.6553,0.000000,0.000000,0.000000,above_band_high
2026-07-03T10:34:00Z,93.6675,0.000000,0.000000,0.000000,above_band_high
2026-07-03T10:35:00Z,93.6400,0.000000,0.000000,0.000000,above_band_high
2026-07-03T10:36:00Z,93.6278,0.000000,0.000000,0.000000,above_band_high
2026-07-03T10:37:00Z,93.6233,0.000000,0.000000,0.000000,above_band_high
2026-07-03T10:38:00Z,93.6233,0.000000,0.000000,0.000000,above_band_high
2026-07-03T10:39:00Z,93.6355,0.000000,0.000000,0.000000,above_band_high
2026-07-03T10:40:00Z,93.6461,0.000000,0.000000,0.000000,above_band_high
2026-07-03T10:41:00Z,93.6690,0.000000,0.000000,0.000000,above_band_high
2026-07-03T10:42:00Z,93.6721,0.000000,0.000000,0.000000,above_band_high
2026-07-03T10:43:00Z,93.6767,0.000000,0.000000,0.000000,above_band_high
2026-07-03T10:44:00Z,93.6965,0.000000,0.000000,0.000000,above_band_high
2026-07-03T10:45:00Z,93.7133,0.000000,0.000000,0.000000,above_band_high
2026-07-03T10:46:00Z,93.7270,0.000000,0.000000,0.000000,above_band_high
2026-07-03T10:47:00Z,93.7316,0.000000,0.000000,0.000000,above_band_high
2026-07-03T10:48:00Z,93.7591,0.000000,0.000000,0.000000,above_band_high
2026-07-03T10:49:00Z,93.7835,0.000000,0.000000,0.000000,above_band_high
2026-07-03T10:50:00Z,93.8018,0.000000,0.000000,0.000000,above_band_high
2026-07-03T10:51:00Z,93.8247,0.000000,0.000000,0.000000,above_band_high
2026-07-03T10:52:00Z,93.8247,0.000000,0.000000,0.000000,above_band_high
2026-07-03T10:53:00Z,93.8018,0.000000,0.000000,0.000000,above_band_high
2026-07-03T10:54:00Z,93.8277,0.000000,0.000000,0.000000,above_band_high
2026-07-03T10:55:00Z,93.8796,0.000000,0.000000,0.000000,above_band_high
2026-07-03T10:56:00Z,93.8827,0.000000,0.000000,0.000000,above_band_high
2026-07-03T10:57:00Z,93.8842,0.000000,0.000000,0.000000,above_band_high
2026-07-03T10:58:00Z,93.8827,0.000000,0.000000,0.000000,above_band_high
2026-07-03T10:59:00Z,93.9696,0.000000,0.000000,0.000000,above_band_high
2026-07-03T11:00:00Z,93.9376,0.000000,0.000000,0.000000,above_band_high
2026-07-03T11:01:00Z,93.9574,0.000000,0.000000,0.000000,above_band_high
2026-07-03T11:02:00Z,93.9696,0.000000,0.000000,0.000000,above_band_high
2026-07-03T11:03:00Z,94.0032,0.000000,0.000000,0.000000,above_band_high
2026-07-03T11:04:00Z,94.0078,0.000000,0.000000,0.000000,above_band_high
2026-07-03T11:05:00Z,94.0398,0.000000,0.000000,0.000000,above_band_high
2026-07-03T11:06:00Z,94.0520,0.000000,0.000000,0.000000,above_band_high
2026-07-03T11:07:00Z,94.0703,0.000000,0.000000,0.000000,above_band_high
2026-07-03T11:08:00Z,94.1161,0.000000,0.000000,0.000000,above_band_high
2026-07-03T11:09:00Z,94.1115,0.000000,0.000000,0.000000,above_band_high
2026-07-03T11:10:00Z,94.0993,0.000000,0.000000,0.000000,above_band_high
2026-07-03T11:11:00Z,94.1543,0.000000,0.000000,0.000000,above_band_high
2026-07-03T11:12:00Z,94.1299,0.000000,0.000000,0.000000,above_band_high
2026-07-03T11:13:00Z,94.1939,0.000000,0.000000,0.000000,above_band_high
2026-07-03T11:14:00Z,94.2123,0.000000,0.000000,0.000000,above_band_high
2026-07-03T11:15:00Z,94.2443,0.000000,0.000000,0.000000,above_band_high
2026-07-03T11:16:00Z,94.2412,0.000000,0.000000,0.000000,above_band_high
2026-07-03T11:17:00Z,94.2824,0.000000,0.000000,0.000000,above_band_high
2026-07-03T11:18:00Z,94.3008,0.000000,0.000000,0.000000,above_band_high
2026-07-03T11:19:00Z,94.3542,0.000000,0.000000,0.000000,above_band_high
2026-07-03T11:20:00Z,94.3603,0.000000,0.000000,0.000000,above_band_high
2026-07-03T11:21:00Z,94.4060,0.000000,0.000000,0.000000,above_band_high
2026-07-03T11:22:00Z,94.4320,0.000000,0.000000,0.000000,above_band_high
2026-07-03T11:23:00Z,94.4244,0.000000,0.000000,0.000000,above_band_high
2026-07-03T11:24:00Z,94.4747,0.000000,0.000000,0.000000,above_band_high
2026-07-03T11:25:00Z,94.4869,0.000000,0.000000,0.000000,above_band_high
2026-07-03T11:26:00Z,94.4793,0.000000,0.000000,0.000000,above_band_high
2026-07-03T11:27:00Z,94.4244,0.000000,0.000000,0.000000,above_band_high
2026-07-03T11:28:00Z,94.4289,0.000000,0.000000,0.000000,above_band_high
2026-07-03T11:29:00Z,94.4503,0.000000,0.000000,0.000000,above_band_high
2026-07-03T11:30:00Z,94.3832,0.000000,0.000000,0.000000,above_band_high
2026-07-03T11:31:00Z,94.3511,0.000000,0.000000,0.000000,above_band_high
2026-07-03T11:32:00Z,94.3420,0.000000,0.000000,0.000000,above_band_high
2026-07-03T11:33:00Z,94.3236,0.000000,0.000000,0.000000,above_band_high
2026-07-03T11:34:00Z,94.2947,0.000000,0.000000,0.000000,above_band_high
2026-07-03T11:35:00Z,94.3008,0.000000,0.000000,0.000000,above_band_high
2026-07-03T11:36:00Z,94.2855,0.000000,0.000000,0.000000,above_band_high
2026-07-03T11:37:00Z,94.2901,0.000000,0.000000,0.000000,above_band_high
2026-07-03T11:38:00Z,94.2901,0.000000,0.000000,0.000000,above_band_high
2026-07-03T11:39:00Z,94.2489,0.000000,0.000000,0.000000,above_band_high
2026-07-03T11:40:00Z,94.3084,0.000000,0.000000,0.000000,above_band_high
2026-07-03T11:41:00Z,94.3038,0.000000,0.000000,0.000000,above_band_high
2026-07-03T11:42:00Z,94.2901,0.000000,0.000000,0.000000,above_band_high
2026-07-03T11:43:00Z,94.2412,0.000000,0.000000,0.000000,above_band_high
2026-07-03T11:44:00Z,94.2870,0.000000,0.000000,0.000000,above_band_high
2026-07-03T11:45:00Z,94.2779,0.000000,0.000000,0.000000,above_band_high
2026-07-03T11:46:00Z,94.2901,0.000000,0.000000,0.000000,above_band_high
2026-07-03T11:47:00Z,94.3038,0.000000,0.000000,0.000000,above_band_high
2026-07-03T11:48:00Z,94.3130,0.000000,0.000000,0.000000,above_band_high
2026-07-03T11:49:00Z,94.3130,0.000000,0.000000,0.000000,above_band_high
2026-07-03T11:50:00Z,94.3175,0.000000,0.000000,0.000000,above_band_high
2026-07-03T11:51:00Z,94.3282,0.000000,0.000000,0.000000,above_band_high
2026-07-03T11:52:00Z,94.2809,0.000000,0.000000,0.000000,above_band_high
2026-07-03T11:53:00Z,94.3374,0.000000,0.000000,0.000000,above_band_high
2026-07-03T11:54:00Z,94.3603,0.000000,0.000000,0.000000,above_band_high
2026-07-03T11:55:00Z,94.3465,0.000000,0.000000,0.000000,above_band_high
2026-07-03T11:56:00Z,94.3679,0.000000,0.000000,0.000000,above_band_high
2026-07-03T11:57:00Z,94.3587,0.000000,0.000000,0.000000,above_band_high
2026-07-03T11:58:00Z,94.3648,0.000000,0.000000,0.000000,above_band_high
2026-07-03T11:59:00Z,94.3832,0.000000,0.000000,0.000000,above_band_high
2026-07-03T12:00:00Z,94.4015,0.000000,0.000000,0.000000,above_band_high
2026-07-03T12:01:00Z,94.4015,0.000000,0.000000,0.000000,above_band_high
2026-07-03T12:02:00Z,94.3999,0.000000,0.000000,0.000000,above_band_high
2026-07-03T12:03:00Z,94.4091,0.000000,0.000000,0.000000,above_band_high
2026-07-03T12:04:00Z,94.3786,0.000000,0.000000,0.000000,above_band_high
2026-07-03T12:05:00Z,94.3969,0.000000,0.000000,0.000000,above_band_high
2026-07-03T12:06:00Z,94.4472,0.000000,0.000000,0.000000,above_band_high
2026-07-03T12:07:00Z,94.3877,0.000000,0.000000,0.000000,above_band_high
2026-07-03T12:08:00Z,94.3908,0.000000,0.000000,0.000000,above_band_high
2026-07-03T12:09:00Z,94.4091,0.000000,0.000000,0.000000,above_band_high
2026-07-03T12:10:00Z,94.4198,0.000000,0.000000,0.000000,above_band_high
2026-07-03T12:11:00Z,94.4091,0.000000,0.000000,0.000000,above_band_high
2026-07-03T12:12:00Z,94.4137,0.000000,0.000000,0.000000,above_band_high
2026-07-03T12:13:00Z,94.4152,0.000000,0.000000,0.000000,above_band_high
2026-07-03T12:14:00Z,94.3954,0.000000,0.000000,0.000000,above_band_high
2026-07-03T12:15:00Z,94.4549,0.000000,0.000000,0.000000,above_band_high
2026-07-03T12:16:00Z,94.4411,0.000000,0.000000,0.000000,above_band_high
2026-07-03T12:17:00Z,94.4060,0.000000,0.000000,0.000000,above_band_high
2026-07-03T12:18:00Z,94.4411,0.000000,0.000000,0.000000,above_band_high
2026-07-03T12:19:00Z,94.4366,0.000000,0.000000,0.000000,above_band_high
2026-07-03T12:20:00Z,94.4182,0.000000,0.000000,0.000000,above_band_high
2026-07-03T12:21:00Z,94.4228,0.000000,0.000000,0.000000,above_band_high
2026-07-03T12:22:00Z,94.3999,0.000000,0.000000,0.000000,above_band_high
2026-07-03T12:23:00Z,94.4320,0.000000,0.000000,0.000000,above_band_high
2026-07-03T12:24:00Z,94.4244,0.000000,0.000000,0.000000,above_band_high
2026-07-03T12:25:00Z,94.4182,0.000000,0.000000,0.000000,above_band_high
2026-07-03T12:26:00Z,94.4015,0.000000,0.000000,0.000000,above_band_high
2026-07-03T12:27:00Z,94.4594,0.000000,0.000000,0.000000,above_band_high
2026-07-03T12:28:00Z,94.3771,0.000000,0.000000,0.000000,above_band_high
2026-07-03T12:29:00Z,94.4060,0.000000,0.000000,0.000000,above_band_high
2026-07-03T12:30:00Z,94.3725,0.000000,0.000000,0.000000,above_band_high
2026-07-03T12:31:00Z,94.3786,0.000000,0.000000,0.000000,above_band_high
2026-07-03T12:32:00Z,94.4060,0.000000,0.000000,0.000000,above_band_high
2026-07-03T12:33:00Z,94.3725,0.000000,0.000000,0.000000,above_band_high
2026-07-03T12:34:00Z,94.3908,0.000000,0.000000,0.000000,above_band_high
2026-07-03T12:35:00Z,94.4106,0.000000,0.000000,0.000000,above_band_high
2026-07-03T12:36:00Z,94.3359,0.000000,0.000000,0.000000,above_band_high
2026-07-03T12:37:00Z,94.3542,0.000000,0.000000,0.000000,above_band_high
2026-07-03T12:38:00Z,94.3648,0.000000,0.000000,0.000000,above_band_high
2026-07-03T12:39:00Z,94.3771,0.000000,0.000000,0.000000,above_band_high
2026-07-03T12:40:00Z,94.3679,0.000000,0.000000,0.000000,above_band_high
2026-07-03T12:41:00Z,94.3542,0.000000,0.000000,0.000000,above_band_high
2026-07-03T12:42:00Z,94.3877,0.000000,0.000000,0.000000,above_band_high
2026-07-03T12:43:00Z,94.3816,0.000000,0.000000,0.000000,above_band_high
2026-07-03T12:44:00Z,94.3313,0.000000,0.000000,0.000000,above_band_high
2026-07-03T12:45:00Z,94.3786,0.000000,0.000000,0.000000,above_band_high
2026-07-03T12:46:00Z,94.3633,0.000000,0.000000,0.000000,above_band_high
2026-07-03T12:47:00Z,94.3633,0.000000,0.000000,0.000000,above_band_high
2026-07-03T12:48:00Z,94.3633,0.000000,0.000000,0.000000,above_band_high
2026-07-03T12:49:00Z,94.3648,0.000000,0.000000,0.000000,above_band_high
2026-07-03T12:50:00Z,94.3496,0.000000,0.000000,0.000000,above_band_high
2026-07-03T12:51:00Z,94.3496,0.000000,0.000000,0.000000,above_band_high
2026-07-03T12:52:00Z,94.3648,0.000000,0.000000,0.000000,above_band_high
2026-07-03T12:53:00Z,94.3557,0.000000,0.000000,0.000000,above_band_high
2026-07-03T12:54:00Z,94.3648,0.000000,0.000000,0.000000,above_band_high
2026-07-03T12:55:00Z,94.4228,0.000000,0.000000,0.000000,above_band_high
2026-07-03T12:56:00Z,94.4015,0.000000,0.000000,0.000000,above_band_high
2026-07-03T12:57:00Z,94.4015,0.000000,0.000000,0.000000,above_band_high
2026-07-03T12:58:00Z,94.3999,0.000000,0.000000,0.000000,above_band_high
2026-07-03T12:59:00Z,94.4137,0.000000,0.000000,0.000000,above_band_high
2026-07-03T13:00:00Z,94.4015,0.000000,0.000000,0.000000,above_band_high
2026-07-03T13:01:00Z,94.4182,0.000000,0.000000,0.000000,above_band_high
2026-07-03T13:02:00Z,94.3923,0.000000,0.000000,0.000000,above_band_high
2026-07-03T13:03:00Z,94.4244,0.000000,0.000000,0.000000,above_band_high
2026-07-03T13:04:00Z,94.4060,0.000000,0.000000,0.000000,above_band_high
2026-07-03T13:05:00Z,94.3877,0.000000,0.000000,0.000000,above_band_high
2026-07-03T13:06:00Z,94.3877,0.000000,0.000000,0.000000,above_band_high
2026-07-03T13:07:00Z,94.4182,0.000000,0.000000,0.000000,above_band_high
2026-07-03T13:08:00Z,94.3908,0.000000,0.000000,0.000000,above_band_high
2026-07-03T13:09:00Z,94.3679,0.000000,0.000000,0.000000,above_band_high
2026-07-03T13:10:00Z,94.3999,0.000000,0.000000,0.000000,above_band_high
2026-07-03T13:11:00Z,94.3740,0.000000,0.000000,0.000000,above_band_high
2026-07-03T13:12:00Z,94.4244,0.000000,0.000000,0.000000,above_band_high
2026-07-03T13:13:00Z,94.3908,0.000000,0.000000,0.000000,above_band_high
2026-07-03T13:14:00Z,94.3832,0.000000,0.000000,0.000000,above_band_high
2026-07-03T13:15:00Z,94.3877,0.000000,0.000000,0.000000,above_band_high
2026-07-03T13:16:00Z,94.3923,0.000000,0.000000,0.000000,above_band_high
2026-07-03T13:17:00Z,94.4411,0.000000,0.000000,0.000000,above_band_high
2026-07-03T13:18:00Z,94.4594,0.000000,0.000000,0.000000,above_band_high
2026-07-03T13:19:00Z,94.4137,0.000000,0.000000,0.000000,above_band_high
2026-07-03T13:20:00Z,94.4411,0.000000,0.000000,0.000000,above_band_high
2026-07-03T13:21:00Z,94.4381,0.000000,0.000000,0.000000,above_band_high
2026-07-03T13:22:00Z,94.4457,0.000000,0.000000,0.000000,above_band_high
2026-07-03T13:23:00Z,94.4244,0.000000,0.000000,0.000000,above_band_high
2026-07-03T13:24:00Z,94.4411,0.000000,0.000000,0.000000,above_band_high
2026-07-03T13:25:00Z,94.4091,0.000000,0.000000,0.000000,above_band_high
2026-07-03T13:26:00Z,94.4182,0.000000,0.000000,0.000000,above_band_high
2026-07-03T13:27:00Z,94.3877,0.000000,0.000000,0.000000,above_band_high
2026-07-03T13:28:00Z,94.3999,0.000000,0.000000,0.000000,above_band_high
2026-07-03T13:29:00Z,94.3465,0.000000,0.000000,0.000000,above_band_high
2026-07-03T13:30:00Z,94.3587,0.000000,0.000000,0.000000,above_band_high
2026-07-03T13:31:00Z,94.3786,0.000000,0.000000,0.000000,above_band_high
2026-07-03T13:32:00Z,94.3694,0.000000,0.000000,0.000000,above_band_high
2026-07-03T13:33:00Z,94.3236,0.000000,0.000000,0.000000,above_band_high
2026-07-03T13:34:00Z,94.2901,0.000000,0.000000,0.000000,above_band_high
2026-07-03T13:35:00Z,94.3175,0.000000,0.000000,0.000000,above_band_high
2026-07-03T13:36:00Z,94.3175,0.000000,0.000000,0.000000,above_band_high
2026-07-03T13:37:00Z,94.2916,0.000000,0.000000,0.000000,above_band_high
2026-07-03T13:38:00Z,94.2779,0.000000,0.000000,0.000000,above_band_high
2026-07-03T13:39:00Z,94.2443,0.000000,0.000000,0.000000,above_band_high
2026-07-03T13:40:00Z,94.2580,0.000000,0.000000,0.000000,above_band_high
2026-07-03T13:41:00Z,94.2779,0.000000,0.000000,0.000000,above_band_high
2026-07-03T13:42:00Z,94.2306,0.000000,0.000000,0.000000,above_band_high
2026-07-03T13:43:00Z,94.2763,0.000000,0.000000,0.000000,above_band_high
2026-07-03T13:44:00Z,94.2535,0.000000,0.000000,0.000000,above_band_high
2026-07-03T13:45:00Z,94.2763,0.000000,0.000000,0.000000,above_band_high
2026-07-03T13:46:00Z,94.2412,0.000000,0.000000,0.000000,above_band_high
2026-07-03T13:47:00Z,94.2809,0.000000,0.000000,0.000000,above_band_high
2026-07-03T13:48:00Z,94.2443,0.000000,0.000000,0.000000,above_band_high
2026-07-03T13:49:00Z,94.2901,0.000000,0.000000,0.000000,above_band_high
2026-07-03T13:50:00Z,94.2779,0.000000,0.000000,0.000000,above_band_high
2026-07-03T13:51:00Z,94.2489,0.000000,0.000000,0.000000,above_band_high
2026-07-03T13:52:00Z,94.2397,0.000000,0.000000,0.000000,above_band_high
2026-07-03T13:53:00Z,94.2397,0.000000,0.000000,0.000000,above_band_high
2026-07-03T13:54:00Z,94.2489,0.000000,0.000000,0.000000,above_band_high
2026-07-03T13:55:00Z,94.2138,0.000000,0.000000,0.000000,above_band_high
2026-07-03T13:56:00Z,94.2641,0.000000,0.000000,0.000000,above_band_high
2026-07-03T13:57:00Z,94.2870,0.000000,0.000000,0.000000,above_band_high
2026-07-03T13:58:00Z,94.2992,0.000000,0.000000,0.000000,above_band_high
2026-07-03T13:59:00Z,94.2992,0.000000,0.000000,0.000000,above_band_high
2026-07-03T14:00:00Z,94.3236,0.000000,0.000000,0.000000,above_band_high
2026-07-03T14:01:00Z,94.3328,0.000000,0.000000,0.000000,above_band_high
2026-07-03T14:02:00Z,94.3175,0.000000,0.000000,0.000000,above_band_high
2026-07-03T14:03:00Z,94.3404,0.000000,0.000000,0.000000,above_band_high
2026-07-03T14:04:00Z,94.3175,0.000000,0.000000,0.000000,above_band_high
2026-07-03T14:05:00Z,94.3359,0.000000,0.000000,0.000000,above_band_high
2026-07-03T14:06:00Z,94.3175,0.000000,0.000000,0.000000,above_band_high
2026-07-03T14:07:00Z,94.3191,0.000000,0.000000,0.000000,above_band_high
2026-07-03T14:08:00Z,94.2947,0.000000,0.000000,0.000000,above_band_high
2026-07-03T14:09:00Z,94.3236,0.000000,0.000000,0.000000,above_band_high
2026-07-03T14:10:00Z,94.3236,0.000000,0.000000,0.000000,above_band_high
2026-07-03T14:11:00Z,94.3008,0.000000,0.000000,0.000000,above_band_high
2026-07-03T14:12:00Z,94.3008,0.000000,0.000000,0.000000,above_band_high
2026-07-03T14:13:00Z,94.2824,0.000000,0.000000,0.000000,above_band_high
2026-07-03T14:14:00Z,94.2412,0.000000,0.000000,0.000000,above_band_high
2026-07-03T14:15:00Z,94.2809,0.000000,0.000000,0.000000,above_band_high
2026-07-03T14:16:00Z,94.2733,0.000000,0.000000,0.000000,above_band_high
2026-07-03T14:17:00Z,94.2580,0.000000,0.000000,0.000000,above_band_high
2026-07-03T14:18:00Z,94.2535,0.000000,0.000000,0.000000,above_band_high
2026-07-03T14:19:00Z,94.2779,0.000000,0.000000,0.000000,above_band_high
2026-07-03T14:20:00Z,94.2351,0.000000,0.000000,0.000000,above_band_high
2026-07-03T14:21:00Z,94.2550,0.000000,0.000000,0.000000,above_band_high
2026-07-03T14:22:00Z,94.2184,0.000000,0.000000,0.000000,above_band_high
2026-07-03T14:23:00Z,94.2184,0.000000,0.000000,0.000000,above_band_high
2026-07-03T14:24:00Z,94.2214,0.000000,0.000000,0.000000,above_band_high
2026-07-03T14:25:00Z,94.2214,0.000000,0.000000,0.000000,above_band_high
2026-07-03T14:26:00Z,94.2031,0.000000,0.000000,0.000000,above_band_high
2026-07-03T14:27:00Z,94.2184,0.000000,0.000000,0.000000,above_band_high
2026-07-03T14:28:00Z,94.2046,0.000000,0.000000,0.000000,above_band_high
2026-07-03T14:29:00Z,94.2489,0.000000,0.000000,0.000000,above_band_high
2026-07-03T14:30:00Z,94.2031,0.000000,0.000000,0.000000,above_band_high
2026-07-03T14:31:00Z,94.1955,0.000000,0.000000,0.000000,above_band_high
2026-07-03T14:32:00Z,94.1665,0.000000,0.000000,0.000000,above_band_high
2026-07-03T14:33:00Z,94.2031,0.000000,0.000000,0.000000,above_band_high
2026-07-03T14:34:00Z,94.2214,0.000000,0.000000,0.000000,above_band_high
2026-07-03T14:35:00Z,94.1894,0.000000,0.000000,0.000000,above_band_high
2026-07-03T14:36:00Z,94.1939,0.000000,0.000000,0.000000,above_band_high
2026-07-03T14:37:00Z,94.1772,0.000000,0.000000,0.000000,above_band_high
2026-07-03T14:38:00Z,94.1711,0.000000,0.000000,0.000000,above_band_high
2026-07-03T14:39:00Z,94.1360,0.000000,0.000000,0.000000,above_band_high
2026-07-03T14:40:00Z,94.1253,0.000000,0.000000,0.000000,above_band_high
2026-07-03T14:41:00Z,94.1131,0.000000,0.000000,0.000000,above_band_high
2026-07-03T14:42:00Z,94.0948,0.000000,0.000000,0.000000,above_band_high
2026-07-03T14:43:00Z,94.0978,0.000000,0.000000,0.000000,above_band_high
2026-07-03T14:44:00Z,94.0719,0.000000,0.000000,0.000000,above_band_high
2026-07-03T14:45:00Z,94.0703,0.000000,0.000000,0.000000,above_band_high
2026-07-03T14:46:00Z,94.0536,0.000000,0.000000,0.000000,above_band_high
2026-07-03T14:47:00Z,94.0627,0.000000,0.000000,0.000000,above_band_high
2026-07-03T14:48:00Z,94.0475,0.000000,0.000000,0.000000,above_band_high
2026-07-03T14:49:00Z,94.0429,0.000000,0.000000,0.000000,above_band_high
2026-07-03T14:50:00Z,94.0536,0.000000,0.000000,0.000000,above_band_high
2026-07-03T14:51:00Z,94.0673,0.000000,0.000000,0.000000,above_band_high
2026-07-03T14:52:00Z,94.1024,0.000000,0.000000,0.000000,above_band_high
2026-07-03T14:53:00Z,94.1115,0.000000,0.000000,0.000000,above_band_high
2026-07-03T14:54:00Z,94.1405,0.000000,0.000000,0.000000,above_band_high
2026-07-03T14:55:00Z,94.1955,0.000000,0.000000,0.000000,above_band_high
2026-07-03T14:56:00Z,94.1619,0.000000,0.000000,0.000000,above_band_high
2026-07-03T14:57:00Z,94.1955,0.000000,0.000000,0.000000,above_band_high
2026-07-03T14:58:00Z,94.1985,0.000000,0.000000,0.000000,above_band_high
2026-07-03T14:59:00Z,94.2092,0.000000,0.000000,0.000000,above_band_high
2026-07-03T15:00:00Z,94.2184,0.000000,0.000000,0.000000,above_band_high
2026-07-03T15:01:00Z,94.2184,0.000000,0.000000,0.000000,above_band_high
2026-07-03T15:02:00Z,94.2412,0.000000,0.000000,0.000000,above_band_high
2026-07-03T15:03:00Z,94.2168,0.000000,0.000000,0.000000,above_band_high
2026-07-03T15:04:00Z,94.2580,0.000000,0.000000,0.000000,above_band_high
2026-07-03T15:05:00Z,94.2184,0.000000,0.000000,0.000000,above_band_high
2026-07-03T15:06:00Z,94.2779,0.000000,0.000000,0.000000,above_band_high
2026-07-03T15:07:00Z,94.2809,0.000000,0.000000,0.000000,above_band_high
2026-07-03T15:08:00Z,94.2489,0.000000,0.000000,0.000000,above_band_high
2026-07-03T15:09:00Z,94.2672,0.000000,0.000000,0.000000,above_band_high
2026-07-03T15:10:00Z,94.2733,0.000000,0.000000,0.000000,above_band_high
2026-07-03T15:11:00Z,94.2672,0.000000,0.000000,0.000000,above_band_high
2026-07-03T15:12:00Z,94.2779,0.000000,0.000000,0.000000,above_band_high
2026-07-03T15:13:00Z,94.2504,0.000000,0.000000,0.000000,above_band_high
2026-07-03T15:14:00Z,94.2397,0.000000,0.000000,0.000000,above_band_high
2026-07-03T15:15:00Z,94.2184,0.000000,0.000000,0.000000,above_band_high
2026-07-03T15:16:00Z,94.2275,0.000000,0.000000,0.000000,above_band_high
2026-07-03T15:17:00Z,94.2077,0.000000,0.000000,0.000000,above_band_high
2026-07-03T15:18:00Z,94.1665,0.000000,0.000000,0.000000,above_band_high
2026-07-03T15:19:00Z,94.1863,0.000000,0.000000,0.000000,above_band_high
2026-07-03T15:20:00Z,94.1314,0.000000,0.000000,0.000000,above_band_high
2026-07-03T15:21:00Z,94.1527,0.000000,0.000000,0.000000,above_band_high
2026-07-03T15:22:00Z,94.1527,0.000000,0.000000,0.000000,above_band_high
2026-07-03T15:23:00Z,94.1451,0.000000,0.000000,0.000000,above_band_high
2026-07-03T15:24:00Z,94.1451,0.000000,0.000000,0.000000,above_band_high
2026-07-03T15:25:00Z,94.1253,0.000000,0.000000,0.000000,above_band_high
2026-07-03T15:26:00Z,94.1039,0.000000,0.000000,0.000000,above_band_high
2026-07-03T15:27:00Z,94.1253,0.000000,0.000000,0.000000,above_band_high
2026-07-03T15:28:00Z,94.1451,0.000000,0.000000,0.000000,above_band_high
2026-07-03T15:29:00Z,94.1115,0.000000,0.000000,0.000000,above_band_high
2026-07-03T15:30:00Z,94.1161,0.000000,0.000000,0.000000,above_band_high
2026-07-03T15:31:00Z,94.1039,0.000000,0.000000,0.000000,above_band_high
2026-07-03T15:32:00Z,94.1207,0.000000,0.000000,0.000000,above_band_high
2026-07-03T15:33:00Z,94.0795,0.000000,0.000000,0.000000,above_band_high
2026-07-03T15:34:00Z,94.1039,0.000000,0.000000,0.000000,above_band_high
2026-07-03T15:35:00Z,94.0948,0.000000,0.000000,0.000000,above_band_high
2026-07-03T15:36:00Z,94.0978,0.000000,0.000000,0.000000,above_band_high
2026-07-03T15:37:00Z,94.0887,0.000000,0.000000,0.000000,above_band_high
2026-07-03T15:38:00Z,94.1344,0.000000,0.000000,0.000000,above_band_high
2026-07-03T15:39:00Z,94.1405,0.000000,0.000000,0.000000,above_band_high
2026-07-03T15:40:00Z,94.1726,0.000000,0.000000,0.000000,above_band_high
2026-07-03T15:41:00Z,94.1482,0.000000,0.000000,0.000000,above_band_high
2026-07-03T15:42:00Z,94.1680,0.000000,0.000000,0.000000,above_band_high
2026-07-03T15:43:00Z,94.1619,0.000000,0.000000,0.000000,above_band_high
2026-07-03T15:44:00Z,94.1451,0.000000,0.000000,0.000000,above_band_high
2026-07-03T15:45:00Z,94.1680,0.000000,0.000000,0.000000,above_band_high
2026-07-03T15:46:00Z,94.1573,0.000000,0.000000,0.000000,above_band_high
2026-07-03T15:47:00Z,94.1634,0.000000,0.000000,0.000000,above_band_high
2026-07-03T15:48:00Z,94.1451,0.000000,0.000000,0.000000,above_band_high
2026-07-03T15:49:00Z,94.1482,0.000000,0.000000,0.000000,above_band_high
2026-07-03T15:50:00Z,94.1344,0.000000,0.000000,0.000000,above_band_high
2026-07-03T15:51:00Z,94.0978,0.000000,0.000000,0.000000,above_band_high
2026-07-03T15:52:00Z,94.0932,0.000000,0.000000,0.000000,above_band_high
2026-07-03T15:53:00Z,94.1161,0.000000,0.000000,0.000000,above_band_high
2026-07-03T15:54:00Z,94.1070,0.000000,0.000000,0.000000,above_band_high
2026-07-03T15:55:00Z,94.1115,0.000000,0.000000,0.000000,above_band_high
2026-07-03T15:56:00Z,94.1573,0.000000,0.000000,0.000000,above_band_high
2026-07-03T15:57:00Z,94.1497,0.000000,0.000000,0.000000,above_band_high
2026-07-03T15:58:00Z,94.1390,0.000000,0.000000,0.000000,above_band_high
2026-07-03T15:59:00Z,94.1268,0.000000,0.000000,0.000000,above_band_high
2026-07-03T16:00:00Z,94.1527,0.000000,0.000000,0.000000,above_band_high
2026-07-03T16:01:00Z,94.1314,0.000000,0.000000,0.000000,above_band_high
2026-07-03T16:02:00Z,94.1497,0.000000,0.000000,0.000000,above_band_high
2026-07-03T16:03:00Z,94.1711,0.000000,0.000000,0.000000,above_band_high
2026-07-03T16:04:00Z,94.1909,0.000000,0.000000,0.000000,above_band_high
2026-07-03T16:05:00Z,94.1680,0.000000,0.000000,0.000000,above_band_high
2026-07-03T16:06:00Z,94.2046,0.000000,0.000000,0.000000,above_band_high
2026-07-03T16:07:00Z,94.1711,0.000000,0.000000,0.000000,above_band_high
2026-07-03T16:08:00Z,94.1451,0.000000,0.000000,0.000000,above_band_high
2026-07-03T16:09:00Z,94.1802,0.000000,0.000000,0.000000,above_band_high
2026-07-03T16:10:00Z,94.1543,0.000000,0.000000,0.000000,above_band_high
2026-07-03T16:11:00Z,94.1497,0.000000,0.000000,0.000000,above_band_high
2026-07-03T16:12:00Z,94.1680,0.000000,0.000000,0.000000,above_band_high
2026-07-03T16:13:00Z,94.1390,0.000000,0.000000,0.000000,above_band_high
2026-07-03T16:14:00Z,94.1222,0.000000,0.000000,0.000000,above_band_high
2026-07-03T16:15:00Z,94.1161,0.000000,0.000000,0.000000,above_band_high
2026-07-03T16:16:00Z,94.0932,0.000000,0.000000,0.000000,above_band_high
2026-07-03T16:17:00Z,94.1390,0.000000,0.000000,0.000000,above_band_high
2026-07-03T16:18:00Z,94.1039,0.000000,0.000000,0.000000,above_band_high
2026-07-03T16:19:00Z,94.1039,0.000000,0.000000,0.000000,above_band_high
2026-07-03T16:20:00Z,94.1039,0.000000,0.000000,0.000000,above_band_high
2026-07-03T16:21:00Z,94.1268,0.000000,0.000000,0.000000,above_band_high
2026-07-03T16:22:00Z,94.0978,0.000000,0.000000,0.000000,above_band_high
2026-07-03T16:23:00Z,94.1268,0.000000,0.000000,0.000000,above_band_high
2026-07-03T16:24:00Z,94.0887,0.000000,0.000000,0.000000,above_band_high
2026-07-03T16:25:00Z,94.1161,0.000000,0.000000,0.000000,above_band_high
2026-07-03T16:26:00Z,94.1207,0.000000,0.000000,0.000000,above_band_high
2026-07-03T16:27:00Z,94.1115,0.000000,0.000000,0.000000,above_band_high
2026-07-03T16:28:00Z,94.1268,0.000000,0.000000,0.000000,above_band_high
2026-07-03T16:29:00Z,94.1405,0.000000,0.000000,0.000000,above_band_high
2026-07-03T16:30:00Z,94.1222,0.000000,0.000000,0.000000,above_band_high
2026-07-03T16:31:00Z,94.1222,0.000000,0.000000,0.000000,above_band_high
2026-07-03T16:32:00Z,94.1070,0.000000,0.000000,0.000000,above_band_high
2026-07-03T16:33:00Z,94.1314,0.000000,0.000000,0.000000,above_band_high
2026-07-03T16:34:00Z,94.1222,0.000000,0.000000,0.000000,above_band_high
2026-07-03T16:35:00Z,94.1482,0.000000,0.000000,0.000000,above_band_high
2026-07-03T16:36:00Z,94.1482,0.000000,0.000000,0.000000,above_band_high
2026-07-03T16:37:00Z,94.1939,0.000000,0.000000,0.000000,above_band_high
2026-07-03T16:38:00Z,94.1527,0.000000,0.000000,0.000000,above_band_high
2026-07-03T16:39:00Z,94.1497,0.000000,0.000000,0.000000,above_band_high
2026-07-03T16:40:00Z,94.1680,0.000000,0.000000,0.000000,above_band_high
2026-07-03T16:41:00Z,94.1756,0.000000,0.000000,0.000000,above_band_high
2026-07-03T16:42:00Z,94.1299,0.000000,0.000000,0.000000,above_band_high
2026-07-03T16:43:00Z,94.1588,0.000000,0.000000,0.000000,above_band_high
2026-07-03T16:44:00Z,94.1863,0.000000,0.000000,0.000000,above_band_high
2026-07-03T16:45:00Z,94.1573,0.000000,0.000000,0.000000,above_band_high
2026-07-03T16:46:00Z,94.1955,0.000000,0.000000,0.000000,above_band_high
2026-07-03T16:47:00Z,94.1711,0.000000,0.000000,0.000000,above_band_high
2026-07-03T16:48:00Z,94.2031,0.000000,0.000000,0.000000,above_band_high
2026-07-03T16:49:00Z,94.1634,0.000000,0.000000,0.000000,above_band_high
2026-07-03T16:50:00Z,94.2184,0.000000,0.000000,0.000000,above_band_high
2026-07-03T16:51:00Z,94.1756,0.000000,0.000000,0.000000,above_band_high
2026-07-03T16:52:00Z,94.2214,0.000000,0.000000,0.000000,above_band_high
2026-07-03T16:53:00Z,94.1802,0.000000,0.000000,0.000000,above_band_high
2026-07-03T16:54:00Z,94.2077,0.000000,0.000000,0.000000,above_band_high
2026-07-03T16:55:00Z,94.2123,0.000000,0.000000,0.000000,above_band_high
2026-07-03T16:56:00Z,94.1985,0.000000,0.000000,0.000000,above_band_high
2026-07-03T16:57:00Z,94.1665,0.000000,0.000000,0.000000,above_band_high
2026-07-03T16:58:00Z,94.1588,0.000000,0.000000,0.000000,above_band_high
2026-07-03T16:59:00Z,94.1711,0.000000,0.000000,0.000000,above_band_high
2026-07-03T17:00:00Z,94.1772,0.000000,0.000000,0.000000,above_band_high
2026-07-03T17:01:00Z,94.1497,0.000000,0.000000,0.000000,above_band_high
2026-07-03T17:02:00Z,94.1222,0.000000,0.000000,0.000000,above_band_high
2026-07-03T17:03:00Z,94.1436,0.000000,0.000000,0.000000,above_band_high
2026-07-03T17:04:00Z,94.1360,0.000000,0.000000,0.000000,above_band_high
2026-07-03T17:05:00Z,94.1024,0.000000,0.000000,0.000000,above_band_high
2026-07-03T17:06:00Z,94.1176,0.000000,0.000000,0.000000,above_band_high
2026-07-03T17:07:00Z,94.0749,0.000000,0.000000,0.000000,above_band_high
2026-07-03T17:08:00Z,94.0536,0.000000,0.000000,0.000000,above_band_high
2026-07-03T17:09:00Z,94.0536,0.000000,0.000000,0.000000,above_band_high
2026-07-03T17:10:00Z,93.9940,0.000000,0.000000,0.000000,above_band_high
2026-07-03T17:11:00Z,94.0200,0.000000,0.000000,0.000000,above_band_high
2026-07-03T17:12:00Z,93.9940,0.000000,0.000000,0.000000,above_band_high
2026-07-03T17:13:00Z,93.9834,0.000000,0.000000,0.000000,above_band_high
2026-07-03T17:14:00Z,93.9895,0.000000,0.000000,0.000000,above_band_high
2026-07-03T17:15:00Z,93.9437,0.000000,0.000000,0.000000,above_band_high
2026-07-03T17:16:00Z,93.9834,0.000000,0.000000,0.000000,above_band_high
2026-07-03T17:17:00Z,93.9666,0.000000,0.000000,0.000000,above_band_high
2026-07-03T17:18:00Z,93.9742,0.000000,0.000000,0.000000,above_band_high
2026-07-03T17:19:00Z,93.9651,0.000000,0.000000,0.000000,above_band_high
2026-07-03T17:20:00Z,93.9422,0.000000,0.000000,0.000000,above_band_high
2026-07-03T17:21:00Z,93.9620,0.000000,0.000000,0.000000,above_band_high
2026-07-03T17:22:00Z,93.9834,0.000000,0.000000,0.000000,above_band_high
2026-07-03T17:23:00Z,93.9742,0.000000,0.000000,0.000000,above_band_high
2026-07-03T17:24:00Z,93.9788,0.000000,0.000000,0.000000,above_band_high
2026-07-03T17:25:00Z,93.9666,0.000000,0.000000,0.000000,above_band_high
2026-07-03T17:26:00Z,93.9788,0.000000,0.000000,0.000000,above_band_high
2026-07-03T17:27:00Z,93.9834,0.000000,0.000000,0.000000,above_band_high
2026-07-03T17:28:00Z,93.9971,0.000000,0.000000,0.000000,above_band_high
2026-07-03T17:29:00Z,94.0154,0.000000,0.000000,0.000000,above_band_high
2026-07-03T17:30:00Z,93.9834,0.000000,0.000000,0.000000,above_band_high
2026-07-03T17:31:00Z,93.9742,0.000000,0.000000,0.000000,above_band_high
2026-07-03T17:32:00Z,94.0429,0.000000,0.000000,0.000000,above_band_high
2026-07-03T17:33:00Z,94.0200,0.000000,0.000000,0.000000,above_band_high
2026-07-03T17:34:00Z,94.0200,0.000000,0.000000,0.000000,above_band_high
2026-07-03T17:35:00Z,93.9925,0.000000,0.000000,0.000000,above_band_high
2026-07-03T17:36:00Z,93.9742,0.000000,0.000000,0.000000,above_band_high
2026-07-03T17:37:00Z,93.9742,0.000000,0.000000,0.000000,above_band_high
2026-07-03T17:38:00Z,93.9559,0.000000,0.000000,0.000000,above_band_high
2026-07-03T17:39:00Z,93.9834,0.000000,0.000000,0.000000,above_band_high
2026-07-03T17:40:00Z,93.9879,0.000000,0.000000,0.000000,above_band_high
2026-07-03T17:41:00Z,93.9666,0.000000,0.000000,0.000000,above_band_high
2026-07-03T17:42:00Z,93.9712,0.000000,0.000000,0.000000,above_band_high
2026-07-03T17:43:00Z,93.9803,0.000000,0.000000,0.000000,above_band_high
2026-07-03T17:44:00Z,93.9757,0.000000,0.000000,0.000000,above_band_high
2026-07-03T17:45:00Z,93.9666,0.000000,0.000000,0.000000,above_band_high
2026-07-03T17:46:00Z,93.9483,0.000000,0.000000,0.000000,above_band_high
2026-07-03T17:47:00Z,93.9666,0.000000,0.000000,0.000000,above_band_high
2026-07-03T17:48:00Z,93.9971,0.000000,0.000000,0.000000,above_band_high
2026-07-03T17:49:00Z,94.0032,0.000000,0.000000,0.000000,above_band_high
2026-07-03T17:50:00Z,94.0017,0.000000,0.000000,0.000000,above_band_high
2026-07-03T17:51:00Z,94.0124,0.000000,0.000000,0.000000,above_band_high
2026-07-03T17:52:00Z,94.0475,0.000000,0.000000,0.000000,above_band_high
2026-07-03T17:53:00Z,94.0383,0.000000,0.000000,0.000000,above_band_high
2026-07-03T17:54:00Z,94.0291,0.000000,0.000000,0.000000,above_band_high
2026-07-03T17:55:00Z,94.0581,0.000000,0.000000,0.000000,above_band_high
2026-07-03T17:56:00Z,94.0978,0.000000,0.000000,0.000000,above_band_high
2026-07-03T17:57:00Z,94.0719,0.000000,0.000000,0.000000,above_band_high
2026-07-03T17:58:00Z,94.1070,0.000000,0.000000,0.000000,above_band_high
2026-07-03T17:59:00Z,94.1039,0.000000,0.000000,0.000000,above_band_high
2026-07-03T18:00:00Z,94.1161,0.000000,0.000000,0.000000,above_band_high
2026-07-03T18:01:00Z,94.1039,0.000000,0.000000,0.000000,above_band_high
2026-07-03T18:02:00Z,94.1070,0.000000,0.000000,0.000000,above_band_high
2026-07-03T18:03:00Z,94.1039,0.000000,0.000000,0.000000,above_band_high
2026-07-03T18:04:00Z,94.0627,0.000000,0.000000,0.000000,above_band_high
2026-07-03T18:05:00Z,94.1070,0.000000,0.000000,0.000000,above_band_high
2026-07-03T18:06:00Z,94.0749,0.000000,0.000000,0.000000,above_band_high
2026-07-03T18:07:00Z,94.0810,0.000000,0.000000,0.000000,above_band_high
2026-07-03T18:08:00Z,94.0581,0.000000,0.000000,0.000000,above_band_high
2026-07-03T18:09:00Z,94.0703,0.000000,0.000000,0.000000,above_band_high
2026-07-03T18:10:00Z,94.0581,0.000000,0.000000,0.000000,above_band_high
2026-07-03T18:11:00Z,94.0352,0.000000,0.000000,0.000000,above_band_high
2026-07-03T18:12:00Z,94.0475,0.000000,0.000000,0.000000,above_band_high
2026-07-03T18:13:00Z,94.0124,0.000000,0.000000,0.000000,above_band_high
2026-07-03T18:14:00Z,93.9940,0.000000,0.000000,0.000000,above_band_high
2026-07-03T18:15:00Z,94.0352,0.000000,0.000000,0.000000,above_band_high
2026-07-03T18:16:00Z,94.0063,0.000000,0.000000,0.000000,above_band_high
2026-07-03T18:17:00Z,94.0017,0.000000,0.000000,0.000000,above_band_high
2026-07-03T18:18:00Z,94.0703,0.000000,0.000000,0.000000,above_band_high
2026-07-03T18:19:00Z,94.0169,0.000000,0.000000,0.000000,above_band_high
2026-07-03T18:20:00Z,93.9971,0.000000,0.000000,0.000000,above_band_high
2026-07-03T18:21:00Z,94.0291,0.000000,0.000000,0.000000,above_band_high
2026-07-03T18:22:00Z,94.0307,0.000000,0.000000,0.000000,above_band_high
2026-07-03T18:23:00Z,94.0429,0.000000,0.000000,0.000000,above_band_high
2026-07-03T18:24:00Z,94.0429,0.000000,0.000000,0.000000,above_band_high
2026-07-03T18:25:00Z,94.0520,0.000000,0.000000,0.000000,above_band_high
2026-07-03T18:26:00Z,94.0887,0.000000,0.000000,0.000000,above_band_high
2026-07-03T18:27:00Z,94.0703,0.000000,0.000000,0.000000,above_band_high
2026-07-03T18:28:00Z,94.0703,0.000000,0.000000,0.000000,above_band_high
2026-07-03T18:29:00Z,94.0658,0.000000,0.000000,0.000000,above_band_high
2026-07-03T18:30:00Z,94.0581,0.000000,0.000000,0.000000,above_band_high
2026-07-03T18:31:00Z,94.1039,0.000000,0.000000,0.000000,above_band_high
2026-07-03T18:32:00Z,94.0352,0.000000,0.000000,0.000000,above_band_high
2026-07-03T18:33:00Z,94.0887,0.000000,0.000000,0.000000,above_band_high
2026-07-03T18:34:00Z,94.0810,0.000000,0.000000,0.000000,above_band_high
2026-07-03T18:35:00Z,94.0352,0.000000,0.000000,0.000000,above_band_high
2026-07-03T18:36:00Z,94.0658,0.000000,0.000000,0.000000,above_band_high
2026-07-03T18:37:00Z,94.0719,0.000000,0.000000,0.000000,above_band_high
2026-07-03T18:38:00Z,94.1070,0.000000,0.000000,0.000000,above_band_high
2026-07-03T18:39:00Z,94.0856,0.000000,0.000000,0.000000,above_band_high
2026-07-03T18:40:00Z,94.0932,0.000000,0.000000,0.000000,above_band_high
2026-07-03T18:41:00Z,94.0810,0.000000,0.000000,0.000000,above_band_high
2026-07-03T18:42:00Z,94.1222,0.000000,0.000000,0.000000,above_band_high
2026-07-03T18:43:00Z,94.1222,0.000000,0.000000,0.000000,above_band_high
2026-07-03T18:44:00Z,94.1314,0.000000,0.000000,0.000000,above_band_high
2026-07-03T18:45:00Z,94.1634,0.000000,0.000000,0.000000,above_band_high
2026-07-03T18:46:00Z,94.1360,0.000000,0.000000,0.000000,above_band_high
2026-07-03T18:47:00Z,94.1268,0.000000,0.000000,0.000000,above_band_high
2026-07-03T18:48:00Z,94.1482,0.000000,0.000000,0.000000,above_band_high
2026-07-03T18:49:00Z,94.1268,0.000000,0.000000,0.000000,above_band_high
2026-07-03T18:50:00Z,94.0993,0.000000,0.000000,0.000000,above_band_high
2026-07-03T18:51:00Z,94.1314,0.000000,0.000000,0.000000,above_band_high
2026-07-03T18:52:00Z,94.1024,0.000000,0.000000,0.000000,above_band_high
2026-07-03T18:53:00Z,94.1131,0.000000,0.000000,0.000000,above_band_high
2026-07-03T18:54:00Z,94.1299,0.000000,0.000000,0.000000,above_band_high
2026-07-03T18:55:00Z,94.0948,0.000000,0.000000,0.000000,above_band_high
2026-07-03T18:56:00Z,94.1070,0.000000,0.000000,0.000000,above_band_high
2026-07-03T18:57:00Z,94.1222,0.000000,0.000000,0.000000,above_band_high
2026-07-03T18:58:00Z,94.0932,0.000000,0.000000,0.000000,above_band_high
2026-07-03T18:59:00Z,94.1268,0.000000,0.000000,0.000000,above_band_high
2026-07-03T19:00:00Z,94.1497,0.000000,0.000000,0.000000,above_band_high
2026-07-03T19:01:00Z,94.0627,0.000000,0.000000,0.000000,above_band_high
2026-07-03T19:02:00Z,94.1176,0.000000,0.000000,0.000000,above_band_high
2026-07-03T19:03:00Z,94.1299,0.000000,0.000000,0.000000,above_band_high
2026-07-03T19:04:00Z,94.1299,0.000000,0.000000,0.000000,above_band_high
2026-07-03T19:05:00Z,94.1161,0.000000,0.000000,0.000000,above_band_high
2026-07-03T19:06:00Z,94.1253,0.000000,0.000000,0.000000,above_band_high
2026-07-03T19:07:00Z,94.1115,0.000000,0.000000,0.000000,above_band_high
2026-07-03T19:08:00Z,94.1299,0.000000,0.000000,0.000000,above_band_high
2026-07-03T19:09:00Z,94.1070,0.000000,0.000000,0.000000,above_band_high
2026-07-03T19:10:00Z,94.1482,0.000000,0.000000,0.000000,above_band_high
2026-07-03T19:11:00Z,94.1344,0.000000,0.000000,0.000000,above_band_high
2026-07-03T19:12:00Z,94.1161,0.000000,0.000000,0.000000,above_band_high
2026-07-03T19:13:00Z,94.1634,0.000000,0.000000,0.000000,above_band_high
2026-07-03T19:14:00Z,94.1711,0.000000,0.000000,0.000000,above_band_high
2026-07-03T19:15:00Z,94.1863,0.000000,0.000000,0.000000,above_band_high
2026-07-03T19:16:00Z,94.1863,0.000000,0.000000,0.000000,above_band_high
2026-07-03T19:17:00Z,94.2092,0.000000,0.000000,0.000000,above_band_high
2026-07-03T19:18:00Z,94.1863,0.000000,0.000000,0.000000,above_band_high
2026-07-03T19:19:00Z,94.1711,0.000000,0.000000,0.000000,above_band_high
2026-07-03T19:20:00Z,94.2458,0.000000,0.000000,0.000000,above_band_high
2026-07-03T19:21:00Z,94.2000,0.000000,0.000000,0.000000,above_band_high
2026-07-03T19:22:00Z,94.2214,0.000000,0.000000,0.000000,above_band_high
2026-07-03T19:23:00Z,94.2351,0.000000,0.000000,0.000000,above_band_high
2026-07-03T19:24:00Z,94.2275,0.000000,0.000000,0.000000,above_band_high
2026-07-03T19:25:00Z,94.2321,0.000000,0.000000,0.000000,above_band_high
2026-07-03T19:26:00Z,94.2260,0.000000,0.000000,0.000000,above_band_high
2026-07-03T19:27:00Z,94.2168,0.000000,0.000000,0.000000,above_band_high
2026-07-03T19:28:00Z,94.2504,0.000000,0.000000,0.000000,above_band_high
2026-07-03T19:29:00Z,94.2046,0.000000,0.000000,0.000000,above_band_high
2026-07-03T19:30:00Z,94.2214,0.000000,0.000000,0.000000,above_band_high
2026-07-03T19:31:00Z,94.2580,0.000000,0.000000,0.000000,above_band_high
2026-07-03T19:32:00Z,94.2260,0.000000,0.000000,0.000000,above_band_high
2026-07-03T19:33:00Z,94.2672,0.000000,0.000000,0.000000,above_band_high
2026-07-03T19:34:00Z,94.2626,0.000000,0.000000,0.000000,above_band_high
2026-07-03T19:35:00Z,94.2275,0.000000,0.000000,0.000000,above_band_high
2026-07-03T19:36:00Z,94.2458,0.000000,0.000000,0.000000,above_band_high
2026-07-03T19:37:00Z,94.2397,0.000000,0.000000,0.000000,above_band_high
2026-07-03T19:38:00Z,94.2397,0.000000,0.000000,0.000000,above_band_high
2026-07-03T19:39:00Z,94.2687,0.000000,0.000000,0.000000,above_band_high
2026-07-03T19:40:00Z,94.2687,0.000000,0.000000,0.000000,above_band_high
2026-07-03T19:41:00Z,94.2641,0.000000,0.000000,0.000000,above_band_high
2026-07-03T19:42:00Z,94.3053,0.000000,0.000000,0.000000,above_band_high
2026-07-03T19:43:00Z,94.2809,0.000000,0.000000,0.000000,above_band_high
2026-07-03T19:44:00Z,94.2870,0.000000,0.000000,0.000000,above_band_high
2026-07-03T19:45:00Z,94.2809,0.000000,0.000000,0.000000,above_band_high
2026-07-03T19:46:00Z,94.2992,0.000000,0.000000,0.000000,above_band_high
2026-07-03T19:47:00Z,94.2779,0.000000,0.000000,0.000000,above_band_high
2026-07-03T19:48:00Z,94.3191,0.000000,0.000000,0.000000,above_band_high
2026-07-03T19:49:00Z,94.3191,0.000000,0.000000,0.000000,above_band_high
2026-07-03T19:50:00Z,94.2992,0.000000,0.000000,0.000000,above_band_high
2026-07-03T19:51:00Z,94.3328,0.000000,0.000000,0.000000,above_band_high
2026-07-03T19:52:00Z,94.3191,0.000000,0.000000,0.000000,above_band_high
2026-07-03T19:53:00Z,94.3053,0.000000,0.000000,0.000000,above_band_high
2026-07-03T19:54:00Z,94.3145,0.000000,0.000000,0.000000,above_band_high
2026-07-03T19:55:00Z,94.3084,0.000000,0.000000,0.000000,above_band_high
2026-07-03T19:56:00Z,94.3450,0.000000,0.000000,0.000000,above_band_high
2026-07-03T19:57:00Z,94.2992,0.000000,0.000000,0.000000,above_band_high
2026-07-03T19:58:00Z,94.2992,0.000000,0.000000,0.000000,above_band_high
2026-07-03T19:59:00Z,94.3359,0.000000,0.000000,0.000000,above_band_high
2026-07-03T20:00:00Z,94.3359,0.000000,0.000000,0.000000,above_band_high
2026-07-03T20:01:00Z,94.2855,0.000000,0.000000,0.000000,above_band_high
2026-07-03T20:02:00Z,94.3404,0.000000,0.000000,0.000000,above_band_high
2026-07-03T20:03:00Z,94.3145,0.000000,0.000000,0.000000,above_band_high
2026-07-03T20:04:00Z,94.3267,0.000000,0.000000,0.000000,above_band_high
2026-07-03T20:05:00Z,94.3328,0.000000,0.000000,0.000000,above_band_high
2026-07-03T20:06:00Z,94.3267,0.000000,0.000000,0.000000,above_band_high
2026-07-03T20:07:00Z,94.3603,0.000000,0.000000,0.000000,above_band_high
2026-07-03T20:08:00Z,94.3496,0.000000,0.000000,0.000000,above_band_high
2026-07-03T20:09:00Z,94.3511,0.000000,0.000000,0.000000,above_band_high
2026-07-03T20:10:00Z,94.3450,0.000000,0.000000,0.000000,above_band_high
2026-07-03T20:11:00Z,94.3374,0.000000,0.000000,0.000000,above_band_high
2026-07-03T20:12:00Z,94.3603,0.000000,0.000000,0.000000,above_band_high
2026-07-03T20:13:00Z,94.3923,0.000000,0.000000,0.000000,above_band_high
2026-07-03T20:14:00Z,94.4106,0.000000,0.000000,0.000000,above_band_high
2026-07-03T20:15:00Z,94.3923,0.000000,0.000000,0.000000,above_band_high
2026-07-03T20:16:00Z,94.4137,0.000000,0.000000,0.000000,above_band_high
2026-07-03T20:17:00Z,94.4198,0.000000,0.000000,0.000000,above_band_high
2026-07-03T20:18:00Z,94.4335,0.000000,0.000000,0.000000,above_band_high
2026-07-03T20:19:00Z,94.4274,0.000000,0.000000,0.000000,above_band_high
2026-07-03T20:20:00Z,94.4137,0.000000,0.000000,0.000000,above_band_high
2026-07-03T20:21:00Z,94.4457,0.000000,0.000000,0.000000,above_band_high
2026-07-03T20:22:00Z,94.4381,0.000000,0.000000,0.000000,above_band_high
2026-07-03T20:23:00Z,94.4503,0.000000,0.000000,0.000000,above_band_high
2026-07-03T20:24:00Z,94.4656,0.000000,0.000000,0.000000,above_band_high
2026-07-03T20:25:00Z,94.4839,0.000000,0.000000,0.000000,above_band_high
2026-07-03T20:26:00Z,94.4610,0.000000,0.000000,0.000000,above_band_high
2026-07-03T20:27:00Z,94.4732,0.000000,0.000000,0.000000,above_band_high
2026-07-03T20:28:00Z,94.4686,0.000000,0.000000,0.000000,above_band_high
2026-07-03T20:29:00Z,94.4793,0.000000,0.000000,0.000000,above_band_high
2026-07-03T20:30:00Z,94.4610,0.000000,0.000000,0.000000,above_band_high
2026-07-03T20:31:00Z,94.4686,0.000000,0.000000,0.000000,above_band_high
2026-07-03T20:32:00Z,94.4686,0.000000,0.000000,0.000000,above_band_high
2026-07-03T20:33:00Z,94.4381,0.000000,0.000000,0.000000,above_band_high
2026-07-03T20:34:00Z,94.4335,0.000000,0.000000,0.000000,above_band_high
2026-07-03T20:35:00Z,94.4411,0.000000,0.000000,0.000000,above_band_high
2026-07-03T20:36:00Z,94.4610,0.000000,0.000000,0.000000,above_band_high
2026-07-03T20:37:00Z,94.4732,0.000000,0.000000,0.000000,above_band_high
2026-07-03T20:38:00Z,94.4686,0.000000,0.000000,0.000000,above_band_high
2026-07-03T20:39:00Z,94.4976,0.000000,0.000000,0.000000,above_band_high
2026-07-03T20:40:00Z,94.5190,0.000000,0.000000,0.000000,above_band_high
2026-07-03T20:41:00Z,94.5068,0.000000,0.000000,0.000000,above_band_high
2026-07-03T20:42:00Z,94.5510,0.000000,0.000000,0.000000,above_band_high
2026-07-03T20:43:00Z,94.4961,0.000000,0.000000,0.000000,above_band_high
2026-07-03T20:44:00Z,94.5113,0.000000,0.000000,0.000000,above_band_high
2026-07-03T20:45:00Z,94.5068,0.000000,0.000000,0.000000,above_band_high
2026-07-03T20:46:00Z,94.5190,0.000000,0.000000,0.000000,above_band_high
2026-07-03T20:47:00Z,94.5480,0.000000,0.000000,0.000000,above_band_high
2026-07-03T20:48:00Z,94.5434,0.000000,0.000000,0.000000,above_band_high
2026-07-03T20:49:00Z,94.5281,0.000000,0.000000,0.000000,above_band_high
2026-07-03T20:50:00Z,94.5480,0.000000,0.000000,0.000000,above_band_high
2026-07-03T20:51:00Z,94.5281,0.000000,0.000000,0.000000,above_band_high
2026-07-03T20:52:00Z,94.5373,0.000000,0.000000,0.000000,above_band_high
2026-07-03T20:53:00Z,94.5693,0.000000,0.000000,0.000000,above_band_high
2026-07-03T20:54:00Z,94.5556,0.000000,0.000000,0.000000,above_band_high
2026-07-03T20:55:00Z,94.5663,0.000000,0.000000,0.000000,above_band_high
2026-07-03T20:56:00Z,94.5480,0.000000,0.000000,0.000000,above_band_high
2026-07-03T20:57:00Z,94.5785,0.000000,0.000000,0.000000,above_band_high
2026-07-03T20:58:00Z,94.5525,0.000000,0.000000,0.000000,above_band_high
2026-07-03T20:59:00Z,94.5830,0.000000,0.000000,0.000000,above_band_high
2026-07-03T21:00:00Z,94.5785,0.000000,0.000000,0.000000,above_band_high
2026-07-03T21:01:00Z,94.5556,0.000000,0.000000,0.000000,above_band_high
2026-07-03T21:02:00Z,94.5785,0.000000,0.000000,0.000000,above_band_high
2026-07-03T21:03:00Z,94.6029,0.000000,0.000000,0.000000,above_band_high
2026-07-03T21:04:00Z,94.5892,0.000000,0.000000,0.000000,above_band_high
2026-07-03T21:05:00Z,94.5785,0.000000,0.000000,0.000000,above_band_high
2026-07-03T21:06:00Z,94.6075,0.000000,0.000000,0.000000,above_band_high
2026-07-03T21:07:00Z,94.5785,0.000000,0.000000,0.000000,above_band_high
2026-07-03T21:08:00Z,94.5892,0.000000,0.000000,0.000000,above_band_high
2026-07-03T21:09:00Z,94.6197,0.000000,0.000000,0.000000,above_band_high
2026-07-03T21:10:00Z,94.6075,0.000000,0.000000,0.000000,above_band_high
2026-07-03T21:11:00Z,94.6242,0.000000,0.000000,0.000000,above_band_high
2026-07-03T21:12:00Z,94.6349,0.000000,0.000000,0.000000,above_band_high
2026-07-03T21:13:00Z,94.6609,0.000000,0.000000,0.000000,above_band_high
2026-07-03T21:14:00Z,94.5968,0.000000,0.000000,0.000000,above_band_high
2026-07-03T21:15:00Z,94.6487,0.000000,0.000000,0.000000,above_band_high
2026-07-03T21:16:00Z,94.6654,0.000000,0.000000,0.000000,above_band_high
2026-07-03T21:17:00Z,94.6395,0.000000,0.000000,0.000000,above_band_high
2026-07-03T21:18:00Z,94.6609,0.000000,0.000000,0.000000,above_band_high
2026-07-03T21:19:00Z,94.6715,0.000000,0.000000,0.000000,above_band_high
2026-07-03T21:20:00Z,94.7021,0.000000,0.000000,0.000000,above_band_high
2026-07-03T21:21:00Z,94.7173,0.000000,0.000000,0.000000,above_band_high
2026-07-03T21:22:00Z,94.7066,0.000000,0.000000,0.000000,above_band_high
2026-07-03T21:23:00Z,94.7112,0.000000,0.000000,0.000000,above_band_high
2026-07-03T21:24:00Z,94.7127,0.000000,0.000000,0.000000,above_band_high
2026-07-03T21:25:00Z,94.7112,0.000000,0.000000,0.000000,above_band_high
2026-07-03T21:26:00Z,94.7112,0.000000,0.000000,0.000000,above_band_high
2026-07-03T21:27:00Z,94.7112,0.000000,0.000000,0.000000,above_band_high
2026-07-03T21:28:00Z,94.7433,0.000000,0.000000,0.000000,above_band_high
2026-07-03T21:29:00Z,94.7387,0.000000,0.000000,0.000000,above_band_high
2026-07-03T21:30:00Z,94.7402,0.000000,0.000000,0.000000,above_band_high
2026-07-03T21:31:00Z,94.6990,0.000000,0.000000,0.000000,above_band_high
2026-07-03T21:32:00Z,94.7433,0.000000,0.000000,0.000000,above_band_high
2026-07-03T21:33:00Z,94.7250,0.000000,0.000000,0.000000,above_band_high
2026-07-03T21:34:00Z,94.7204,0.000000,0.000000,0.000000,above_band_high
2026-07-03T21:35:00Z,94.7402,0.000000,0.000000,0.000000,above_band_high
2026-07-03T21:36:00Z,94.7799,0.000000,0.000000,0.000000,above_band_high
2026-07-03T21:37:00Z,94.7677,0.000000,0.000000,0.000000,above_band_high
2026-07-03T21:38:00Z,94.7677,0.000000,0.000000,0.000000,above_band_high
2026-07-03T21:39:00Z,94.7768,0.000000,0.000000,0.000000,above_band_high
2026-07-03T21:40:00Z,94.7677,0.000000,0.000000,0.000000,above_band_high
2026-07-03T21:41:00Z,94.7845,0.000000,0.000000,0.000000,above_band_high
2026-07-03T21:42:00Z,94.8028,0.000000,0.000000,0.000000,above_band_high
2026-07-03T21:43:00Z,94.8180,0.000000,0.000000,0.000000,above_band_high
2026-07-03T21:44:00Z,94.8180,0.000000,0.000000,0.000000,above_band_high
2026-07-03T21:45:00Z,94.8028,0.000000,0.000000,0.000000,above_band_high
2026-07-03T21:46:00Z,94.8363,0.000000,0.000000,0.000000,above_band_high
2026-07-03T21:47:00Z,94.8074,0.000000,0.000000,0.000000,above_band_high
2026-07-03T21:48:00Z,94.8638,0.000000,0.000000,0.000000,above_band_high
2026-07-03T21:49:00Z,94.8501,0.000000,0.000000,0.000000,above_band_high
2026-07-03T21:50:00Z,94.8486,0.000000,0.000000,0.000000,above_band_high
2026-07-03T21:51:00Z,94.8852,0.000000,0.000000,0.000000,above_band_high
2026-07-03T21:52:00Z,94.9004,0.000000,0.000000,0.000000,above_band_high
2026-07-03T21:53:00Z,94.8775,0.000000,0.000000,0.000000,above_band_high
2026-07-03T21:54:00Z,94.9081,0.000000,0.000000,0.000000,above_band_high
2026-07-03T21:55:00Z,94.8669,0.000000,0.000000,0.000000,above_band_high
2026-07-03T21:56:00Z,94.9126,0.000000,0.000000,0.000000,above_band_high
2026-07-03T21:57:00Z,94.9081,0.000000,0.000000,0.000000,above_band_high
2026-07-03T21:58:00Z,94.8959,0.000000,0.000000,0.000000,above_band_high
2026-07-03T21:59:00Z,94.8959,0.000000,0.000000,0.000000,above_band_high
2026-07-03T22:00:00Z,94.8959,0.000000,0.000000,0.000000,above_band_high
2026-07-03T22:01:00Z,94.8775,0.000000,0.000000,0.000000,above_band_high
2026-07-03T22:02:00Z,94.9035,0.000000,0.000000,0.000000,above_band_high
2026-07-03T22:03:00Z,94.8959,0.000000,0.000000,0.000000,above_band_high
2026-07-03T22:04:00Z,94.8898,0.000000,0.000000,0.000000,above_band_high
2026-07-03T22:05:00Z,94.9035,0.000000,0.000000,0.000000,above_band_high
2026-07-03T22:06:00Z,94.8775,0.000000,0.000000,0.000000,above_band_high
2026-07-03T22:07:00Z,94.8959,0.000000,0.000000,0.000000,above_band_high
2026-07-03T22:08:00Z,94.8943,0.000000,0.000000,0.000000,above_band_high
2026-07-03T22:09:00Z,94.8821,0.000000,0.000000,0.000000,above_band_high
2026-07-03T22:10:00Z,94.8821,0.000000,0.000000,0.000000,above_band_high
2026-07-03T22:11:00Z,94.8775,0.000000,0.000000,0.000000,above_band_high
2026-07-03T22:12:00Z,94.8592,0.000000,0.000000,0.000000,above_band_high
2026-07-03T22:13:00Z,94.8959,0.000000,0.000000,0.000000,above_band_high
2026-07-03T22:14:00Z,94.9142,0.000000,0.000000,0.000000,above_band_high
2026-07-03T22:15:00Z,94.8867,0.000000,0.000000,0.000000,above_band_high
2026-07-03T22:16:00Z,94.8943,0.000000,0.000000,0.000000,above_band_high
2026-07-03T22:17:00Z,94.9264,0.000000,0.000000,0.000000,above_band_high
2026-07-03T22:18:00Z,94.8898,0.000000,0.000000,0.000000,above_band_high
2026-07-03T22:19:00Z,94.8257,0.000000,0.000000,0.000000,above_band_high
2026-07-03T22:20:00Z,94.8592,0.000000,0.000000,0.000000,above_band_high
2026-07-03T22:21:00Z,94.8714,0.000000,0.000000,0.000000,above_band_high
2026-07-03T22:22:00Z,94.8318,0.000000,0.000000,0.000000,above_band_high
2026-07-03T22:23:00Z,94.8394,0.000000,0.000000,0.000000,above_band_high
2026-07-03T22:24:00Z,94.8180,0.000000,0.000000,0.000000,above_band_high
2026-07-03T22:25:00Z,94.8501,0.000000,0.000000,0.000000,above_band_high
2026-07-03T22:26:00Z,94.8135,0.000000,0.000000,0.000000,above_band_high
2026-07-03T22:27:00Z,94.8501,0.000000,0.000000,0.000000,above_band_high
2026-07-03T22:28:00Z,94.8226,0.000000,0.000000,0.000000,above_band_high
2026-07-03T22:29:00Z,94.8486,0.000000,0.000000,0.000000,above_band_high
2026-07-03T22:30:00Z,94.8852,0.000000,0.000000,0.000000,above_band_high
2026-07-03T22:31:00Z,94.8501,0.000000,0.000000,0.000000,above_band_high
2026-07-03T22:32:00Z,94.8226,0.000000,0.000000,0.000000,above_band_high
2026-07-03T22:33:00Z,94.8226,0.000000,0.000000,0.000000,above_band_high
2026-07-03T22:34:00Z,94.8135,0.000000,0.000000,0.000000,above_band_high
2026-07-03T22:35:00Z,94.8135,0.000000,0.000000,0.000000,above_band_high
2026-07-03T22:36:00Z,94.8257,0.000000,0.000000,0.000000,above_band_high
2026-07-03T22:37:00Z,94.8180,0.000000,0.000000,0.000000,above_band_high
2026-07-03T22:38:00Z,94.7936,0.000000,0.000000,0.000000,above_band_high
2026-07-03T22:39:00Z,94.7951,0.000000,0.000000,0.000000,above_band_high
2026-07-03T22:40:00Z,94.7951,0.000000,0.000000,0.000000,above_band_high
2026-07-03T22:41:00Z,94.8348,0.000000,0.000000,0.000000,above_band_high
2026-07-03T22:42:00Z,94.7951,0.000000,0.000000,0.000000,above_band_high
2026-07-03T22:43:00Z,94.8257,0.000000,0.000000,0.000000,above_band_high
2026-07-03T22:44:00Z,94.7890,0.000000,0.000000,0.000000,above_band_high
2026-07-03T22:45:00Z,94.8074,0.000000,0.000000,0.000000,above_band_high
2026-07-03T22:46:00Z,94.8089,0.000000,0.000000,0.000000,above_band_high
2026-07-03T22:47:00Z,94.8180,0.000000,0.000000,0.000000,above_band_high
2026-07-03T22:48:00Z,94.8135,0.000000,0.000000,0.000000,above_band_high
2026-07-03T22:49:00Z,94.8028,0.000000,0.000000,0.000000,above_band_high
2026-07-03T22:50:00Z,94.8302,0.000000,0.000000,0.000000,above_band_high
2026-07-03T22:51:00Z,94.7845,0.000000,0.000000,0.000000,above_band_high
2026-07-03T22:52:00Z,94.7768,0.000000,0.000000,0.000000,above_band_high
2026-07-03T22:53:00Z,94.7906,0.000000,0.000000,0.000000,above_band_high
2026-07-03T22:54:00Z,94.8135,0.000000,0.000000,0.000000,above_band_high
2026-07-03T22:55:00Z,94.7951,0.000000,0.000000,0.000000,above_band_high
2026-07-03T22:56:00Z,94.7860,0.000000,0.000000,0.000000,above_band_high
2026-07-03T22:57:00Z,94.7768,0.000000,0.000000,0.000000,above_band_high
2026-07-03T22:58:00Z,94.7799,0.000000,0.000000,0.000000,above_band_high
2026-07-03T22:59:00Z,94.7799,0.000000,0.000000,0.000000,above_band_high
2026-07-03T23:00:00Z,94.7951,0.000000,0.000000,0.000000,above_band_high
2026-07-03T23:01:00Z,94.7539,0.000000,0.000000,0.000000,above_band_high
2026-07-03T23:02:00Z,94.7799,0.000000,0.000000,0.000000,above_band_high
2026-07-03T23:03:00Z,94.7494,0.000000,0.000000,0.000000,above_band_high
2026-07-03T23:04:00Z,94.7356,0.000000,0.000000,0.000000,above_band_high
2026-07-03T23:05:00Z,94.7356,0.000000,0.000000,0.000000,above_band_high
2026-07-03T23:06:00Z,94.7250,0.000000,0.000000,0.000000,above_band_high
2026-07-03T23:07:00Z,94.7250,0.000000,0.000000,0.000000,above_band_high
2026-07-03T23:08:00Z,94.7265,0.000000,0.000000,0.000000,above_band_high
2026-07-03T23:09:00Z,94.7448,0.000000,0.000000,0.000000,above_band_high
2026-07-03T23:10:00Z,94.7387,0.000000,0.000000,0.000000,above_band_high
2026-07-03T23:11:00Z,94.7662,0.000000,0.000000,0.000000,above_band_high
2026-07-03T23:12:00Z,94.7616,0.000000,0.000000,0.000000,above_band_high
2026-07-03T23:13:00Z,94.7478,0.000000,0.000000,0.000000,above_band_high
2026-07-03T23:14:00Z,94.7524,0.000000,0.000000,0.000000,above_band_high
2026-07-03T23:15:00Z,94.7616,0.000000,0.000000,0.000000,above_band_high
2026-07-03T23:16:00Z,94.7616,0.000000,0.000000,0.000000,above_band_high
2026-07-03T23:17:00Z,94.7478,0.000000,0.000000,0.000000,above_band_high
2026-07-03T23:18:00Z,94.7433,0.000000,0.000000,0.000000,above_band_high
2026-07-03T23:19:00Z,94.7814,0.000000,0.000000,0.000000,above_band_high
2026-07-03T23:20:00Z,94.7906,0.000000,0.000000,0.000000,above_band_high
2026-07-03T23:21:00Z,94.7723,0.000000,0.000000,0.000000,above_band_high
2026-07-03T23:22:00Z,94.7707,0.000000,0.000000,0.000000,above_band_high
2026-07-03T23:23:00Z,94.8318,0.000000,0.000000,0.000000,above_band_high
2026-07-03T23:24:00Z,94.8226,0.000000,0.000000,0.000000,above_band_high
2026-07-03T23:25:00Z,94.8135,0.000000,0.000000,0.000000,above_band_high
2026-07-03T23:26:00Z,94.8531,0.000000,0.000000,0.000000,above_band_high
2026-07-03T23:27:00Z,94.8363,0.000000,0.000000,0.000000,above_band_high
2026-07-03T23:28:00Z,94.8623,0.000000,0.000000,0.000000,above_band_high
2026-07-03T23:29:00Z,94.8592,0.000000,0.000000,0.000000,above_band_high
2026-07-03T23:30:00Z,94.8592,0.000000,0.000000,0.000000,above_band_high
2026-07-03T23:31:00Z,94.8547,0.000000,0.000000,0.000000,above_band_high
2026-07-03T23:32:00Z,94.8211,0.000000,0.000000,0.000000,above_band_high
2026-07-03T23:33:00Z,94.8455,0.000000,0.000000,0.000000,above_band_high
2026-07-03T23:34:00Z,94.8486,0.000000,0.000000,0.000000,above_band_high
2026-07-03T23:35:00Z,94.8592,0.000000,0.000000,0.000000,above_band_high
2026-07-03T23:36:00Z,94.8821,0.000000,0.000000,0.000000,above_band_high
2026-07-03T23:37:00Z,94.8959,0.000000,0.000000,0.000000,above_band_high
2026-07-03T23:38:00Z,94.9447,0.000000,0.000000,0.000000,above_band_high
2026-07-03T23:39:00Z,94.9035,0.000000,0.000000,0.000000,above_band_high
2026-07-03T23:40:00Z,94.9187,0.000000,0.000000,0.000000,above_band_high
2026-07-03T23:41:00Z,94.9325,0.000000,0.000000,0.000000,above_band_high
2026-07-03T23:42:00Z,94.9584,0.000000,0.000000,0.000000,above_band_high
2026-07-03T23:43:00Z,94.9493,0.000000,0.000000,0.000000,above_band_high
2026-07-03T23:44:00Z,94.9737,0.000000,0.000000,0.000000,above_band_high
2026-07-03T23:45:00Z,94.9691,0.000000,0.000000,0.000000,above_band_high
2026-07-03T23:46:00Z,95.0057,0.000000,0.000000,0.000000,above_band_high
2026-07-03T23:47:00Z,94.9783,0.000000,0.000000,0.000000,above_band_high
2026-07-03T23:48:00Z,94.9538,0.000000,0.000000,0.000000,above_band_high
2026-07-03T23:49:00Z,95.0179,0.000000,0.000000,0.000000,above_band_high
2026-07-03T23:50:00Z,95.0195,0.000000,0.000000,0.000000,above_band_high
2026-07-03T23:51:00Z,95.0454,0.000000,0.000000,0.000000,above_band_high
2026-07-03T23:52:00Z,95.0591,0.000000,0.000000,0.000000,above_band_high
2026-07-03T23:53:00Z,95.0790,0.000000,0.000000,0.000000,above_band_high
2026-07-03T23:54:00Z,95.0790,0.000000,0.000000,0.000000,above_band_high
2026-07-03T23:55:00Z,95.0729,0.000000,0.000000,0.000000,above_band_high
2026-07-03T23:56:00Z,95.1049,0.000000,0.000000,0.000000,above_band_high
2026-07-03T23:57:00Z,95.1141,0.000000,0.000000,0.000000,above_band_high
2026-07-03T23:58:00Z,95.1095,0.000000,0.000000,0.000000,above_band_high
2026-07-03T23:59:00Z,95.1110,0.000000,0.000000,0.000000,above_band_high
2026-07-04T00:00:00Z,95.1339,0.000000,0.000000,0.000000,above_band_high
2026-07-04T00:01:00Z,95.1156,0.000000,0.000000,0.000000,above_band_high
2026-07-04T00:02:00Z,95.1369,0.000000,0.000000,0.000000,above_band_high
2026-07-04T00:03:00Z,95.1507,0.000000,0.000000,0.000000,above_band_high
2026-07-04T00:04:00Z,95.1781,0.000000,0.000000,0.000000,above_band_high
2026-07-04T00:05:00Z,95.1751,0.000000,0.000000,0.000000,above_band_high
2026-07-04T00:06:00Z,95.1705,0.000000,0.000000,0.000000,above_band_high
2026-07-04T00:07:00Z,95.1934,0.000000,0.000000,0.000000,above_band_high
2026-07-04T00:08:00Z,95.1934,0.000000,0.000000,0.000000,above_band_high
2026-07-04T00:09:00Z,95.2163,0.000000,0.000000,0.000000,above_band_high
2026-07-04T00:10:00Z,95.2422,0.000000,0.000000,0.000000,above_band_high
2026-07-04T00:11:00Z,95.2331,0.000000,0.000000,0.000000,above_band_high
2026-07-04T00:12:00Z,95.2285,0.000000,0.000000,0.000000,above_band_high
2026-07-04T00:13:00Z,95.2209,0.000000,0.000000,0.000000,above_band_high
2026-07-04T00:14:00Z,95.2377,0.000000,0.000000,0.000000,above_band_high
2026-07-04T00:15:00Z,95.2621,0.000000,0.000000,0.000000,above_band_high
2026-07-04T00:16:00Z,95.2895,0.000000,0.000000,0.000000,above_band_high
2026-07-04T00:17:00Z,95.3338,0.000000,0.000000,0.000000,above_band_high
2026-07-04T00:18:00Z,95.3292,0.000000,0.000000,0.000000,above_band_high
2026-07-04T00:19:00Z,95.3750,0.000000,0.000000,0.000000,above_band_high
2026-07-04T00:20:00Z,95.3353,0.000000,0.000000,0.000000,above_band_high
2026-07-04T00:21:00Z,95.3475,0.000000,0.000000,0.000000,above_band_high
2026-07-04T00:22:00Z,95.4086,0.000000,0.000000,0.000000,above_band_high
2026-07-04T00:23:00Z,95.4116,0.000000,0.000000,0.000000,above_band_high
2026-07-04T00:24:00Z,95.4162,0.000000,0.000000,0.000000,above_band_high
2026-07-04T00:25:00Z,95.4345,0.000000,0.000000,0.000000,above_band_high
2026-07-04T00:26:00Z,95.4025,0.000000,0.000000,0.000000,above_band_high
2026-07-04T00:27:00Z,95.4452,0.000000,0.000000,0.000000,above_band_high
2026-07-04T00:28:00Z,95.4452,0.000000,0.000000,0.000000,above_band_high
2026-07-04T00:29:00Z,95.4269,0.000000,0.000000,0.000000,above_band_high
2026-07-04T00:30:00Z,95.4574,0.000000,0.000000,0.000000,above_band_high
2026-07-04T00:31:00Z,95.4498,0.000000,0.000000,0.000000,above_band_high
2026-07-04T00:32:00Z,95.4269,0.000000,0.000000,0.000000,above_band_high
2026-07-04T00:33:00Z,95.4452,0.000000,0.000000,0.000000,above_band_high
2026-07-04T00:34:00Z,95.4681,0.000000,0.000000,0.000000,above_band_high
2026-07-04T00:35:00Z,95.4437,0.000000,0.000000,0.000000,above_band_high
2026-07-04T00:36:00Z,95.4299,0.000000,0.000000,0.000000,above_band_high
2026-07-04T00:37:00Z,95.4437,0.000000,0.000000,0.000000,above_band_high
2026-07-04T00:38:00Z,95.5001,0.000000,0.000000,0.000000,above_band_high
2026-07-04T00:39:00Z,95.5001,0.000000,0.000000,0.000000,above_band_high
2026-07-04T00:40:00Z,95.4757,0.000000,0.000000,0.000000,above_band_high
2026-07-04T00:41:00Z,95.4711,0.000000,0.000000,0.000000,above_band_high
2026-07-04T00:42:00Z,95.5169,0.000000,0.000000,0.000000,above_band_high
2026-07-04T00:43:00Z,95.4894,0.000000,0.000000,0.000000,above_band_high
2026-07-04T00:44:00Z,95.4726,0.000000,0.000000,0.000000,above_band_high
2026-07-04T00:45:00Z,95.5077,0.000000,0.000000,0.000000,above_band_high
2026-07-04T00:46:00Z,95.5047,0.000000,0.000000,0.000000,above_band_high
2026-07-04T00:47:00Z,95.5505,0.000000,0.000000,0.000000,above_band_high
2026-07-04T00:48:00Z,95.5138,0.000000,0.000000,0.000000,above_band_high
2026-07-04T00:49:00Z,95.5276,0.000000,0.000000,0.000000,above_band_high
2026-07-04T00:50:00Z,95.5505,0.000000,0.000000,0.000000,above_band_high
2026-07-04T00:51:00Z,95.5627,0.000000,0.000000,0.000000,above_band_high
2026-07-04T00:52:00Z,95.5230,0.000000,0.000000,0.000000,above_band_high
2026-07-04T00:53:00Z,95.5459,0.000000,0.000000,0.000000,above_band_high
2026-07-04T00:54:00Z,95.5642,0.000000,0.000000,0.000000,above_band_high
2026-07-04T00:55:00Z,95.5856,0.000000,0.000000,0.000000,above_band_high
2026-07-04T00:56:00Z,95.5276,0.000000,0.000000,0.000000,above_band_high
2026-07-04T00:57:00Z,95.5505,0.000000,0.000000,0.000000,above_band_high
2026-07-04T00:58:00Z,95.5993,0.000000,0.000000,0.000000,above_band_high
2026-07-04T00:59:00Z,95.5535,0.000000,0.000000,0.000000,above_band_high
2026-07-04T01:00:00Z,95.5856,0.000000,0.000000,0.000000,above_band_high
2026-07-04T01:01:00Z,95.6085,0.000000,0.000000,0.000000,above_band_high
2026-07-04T01:02:00Z,95.6054,0.000000,0.000000,0.000000,above_band_high
2026-07-04T01:03:00Z,95.6359,0.000000,0.000000,0.000000,above_band_high
2026-07-04T01:04:00Z,95.5947,0.000000,0.000000,0.000000,above_band_high
2026-07-04T01:05:00Z,95.6146,0.000000,0.000000,0.000000,above_band_high
2026-07-04T01:06:00Z,95.6283,0.000000,0.000000,0.000000,above_band_high
2026-07-04T01:07:00Z,95.6176,0.000000,0.000000,0.000000,above_band_high
2026-07-04T01:08:00Z,95.6558,0.000000,0.000000,0.000000,above_band_high
2026-07-04T01:09:00Z,95.6497,0.000000,0.000000,0.000000,above_band_high
2026-07-04T01:10:00Z,95.6359,0.000000,0.000000,0.000000,above_band_high
2026-07-04T01:11:00Z,95.6680,0.000000,0.000000,0.000000,above_band_high
2026-07-04T01:12:00Z,95.6634,0.000000,0.000000,0.000000,above_band_high
2026-07-04T01:13:00Z,95.6497,0.000000,0.000000,0.000000,above_band_high
2026-07-04T01:14:00Z,95.6634,0.000000,0.000000,0.000000,above_band_high
2026-07-04T01:15:00Z,95.6741,0.000000,0.000000,0.000000,above_band_high
2026-07-04T01:16:00Z,95.6878,0.000000,0.000000,0.000000,above_band_high
2026-07-04T01:17:00Z,95.7382,0.000000,0.000000,0.000000,above_band_high
2026-07-04T01:18:00Z,95.7275,0.000000,0.000000,0.000000,above_band_high
2026-07-04T01:19:00Z,95.7412,0.000000,0.000000,0.000000,above_band_high
2026-07-04T01:20:00Z,95.7275,0.000000,0.000000,0.000000,above_band_high
2026-07-04T01:21:00Z,95.7366,0.000000,0.000000,0.000000,above_band_high
2026-07-04T01:22:00Z,95.7519,0.000000,0.000000,0.000000,above_band_high
2026-07-04T01:23:00Z,95.7504,0.000000,0.000000,0.000000,above_band_high
2026-07-04T01:24:00Z,95.7458,0.000000,0.000000,0.000000,above_band_high
2026-07-04T01:25:00Z,95.7504,0.000000,0.000000,0.000000,above_band_high
2026-07-04T01:26:00Z,95.7702,0.000000,0.000000,0.000000,above_band_high
2026-07-04T01:27:00Z,95.7641,0.000000,0.000000,0.000000,above_band_high
2026-07-04T01:28:00Z,95.7473,0.000000,0.000000,0.000000,above_band_high
2026-07-04T01:29:00Z,95.7687,0.000000,0.000000,0.000000,above_band_high
2026-07-04T01:30:00Z,95.7748,0.000000,0.000000,0.000000,above_band_high
2026-07-04T01:31:00Z,95.8099,0.000000,0.000000,0.000000,above_band_high
2026-07-04T01:32:00Z,95.7931,0.000000,0.000000,0.000000,above_band_high
2026-07-04T01:33:00Z,95.7870,0.000000,0.000000,0.000000,above_band_high
2026-07-04T01:34:00Z,95.7687,0.000000,0.000000,0.000000,above_band_high
2026-07-04T01:35:00Z,95.7641,0.000000,0.000000,0.000000,above_band_high
2026-07-04T01:36:00Z,95.7458,0.000000,0.000000,0.000000,above_band_high
2026-07-04T01:37:00Z,95.7519,0.000000,0.000000,0.000000,above_band_high
2026-07-04T01:38:00Z,95.7473,0.000000,0.000000,0.000000,above_band_high
2026-07-04T01:39:00Z,95.7610,0.000000,0.000000,0.000000,above_band_high
2026-07-04T01:40:00Z,95.7610,0.000000,0.000000,0.000000,above_band_high
2026-07-04T01:41:00Z,95.7641,0.000000,0.000000,0.000000,above_band_high
2026-07-04T01:42:00Z,95.7504,0.000000,0.000000,0.000000,above_band_high
2026-07-04T01:43:00Z,95.7870,0.000000,0.000000,0.000000,above_band_high
2026-07-04T01:44:00Z,95.7641,0.000000,0.000000,0.000000,above_band_high
2026-07-04T01:45:00Z,95.7977,0.000000,0.000000,0.000000,above_band_high
2026-07-04T01:46:00Z,95.7977,0.000000,0.000000,0.000000,above_band_high
2026-07-04T01:47:00Z,95.7733,0.000000,0.000000,0.000000,above_band_high
2026-07-04T01:48:00Z,95.8099,0.000000,0.000000,0.000000,above_band_high
2026-07-04T01:49:00Z,95.8465,0.000000,0.000000,0.000000,above_band_high
2026-07-04T01:50:00Z,95.8190,0.000000,0.000000,0.000000,above_band_high
2026-07-04T01:51:00Z,95.7794,0.000000,0.000000,0.000000,above_band_high
2026-07-04T01:52:00Z,95.7504,0.000000,0.000000,0.000000,above_band_high
2026-07-04T01:53:00Z,95.8145,0.000000,0.000000,0.000000,above_band_high
2026-07-04T01:54:00Z,95.8343,0.000000,0.000000,0.000000,above_band_high
2026-07-04T01:55:00Z,95.7870,0.000000,0.000000,0.000000,above_band_high
2026-07-04T01:56:00Z,95.8145,0.000000,0.000000,0.000000,above_band_high
2026-07-04T01:57:00Z,95.8236,0.000000,0.000000,0.000000,above_band_high
2026-07-04T01:58:00Z,95.8114,0.000000,0.000000,0.000000,above_band_high
2026-07-04T01:59:00Z,95.8236,0.000000,0.000000,0.000000,above_band_high
2026-07-04T02:00:00Z,95.8114,0.000000,0.000000,0.000000,above_band_high
2026-07-04T02:01:00Z,95.8297,0.000000,0.000000,0.000000,above_band_high
2026-07-04T02:02:00Z,95.8465,0.000000,0.000000,0.000000,above_band_high
2026-07-04T02:03:00Z,95.8160,0.000000,0.000000,0.000000,above_band_high
2026-07-04T02:04:00Z,95.8694,0.000000,0.000000,0.000000,above_band_high
2026-07-04T02:05:00Z,95.8480,0.000000,0.000000,0.000000,above_band_high
2026-07-04T02:06:00Z,95.8618,0.000000,0.000000,0.000000,above_band_high
2026-07-04T02:07:00Z,95.8572,0.000000,0.000000,0.000000,above_band_high
2026-07-04T02:08:00Z,95.8236,0.000000,0.000000,0.000000,above_band_high
2026-07-04T02:09:00Z,95.8755,0.000000,0.000000,0.000000,above_band_high
2026-07-04T02:10:00Z,95.8694,0.000000,0.000000,0.000000,above_band_high
2026-07-04T02:11:00Z,95.8968,0.000000,0.000000,0.000000,above_band_high
2026-07-04T02:12:00Z,95.8526,0.000000,0.000000,0.000000,above_band_high
2026-07-04T02:13:00Z,95.8801,0.000000,0.000000,0.000000,above_band_high
2026-07-04T02:14:00Z,95.8877,0.000000,0.000000,0.000000,above_band_high
2026-07-04T02:15:00Z,95.8923,0.000000,0.000000,0.000000,above_band_high
2026-07-04T02:16:00Z,95.9289,0.000000,0.000000,0.000000,above_band_high
2026-07-04T02:17:00Z,95.8923,0.000000,0.000000,0.000000,above_band_high
2026-07-04T02:18:00Z,95.8846,0.000000,0.000000,0.000000,above_band_high
2026-07-04T02:19:00Z,95.9106,0.000000,0.000000,0.000000,above_band_high
2026-07-04T02:20:00Z,95.9030,0.000000,0.000000,0.000000,above_band_high
2026-07-04T02:21:00Z,95.9030,0.000000,0.000000,0.000000,above_band_high
2026-07-04T02:22:00Z,95.9762,0.000000,0.000000,0.000000,above_band_high
2026-07-04T02:23:00Z,95.9426,0.000000,0.000000,0.000000,above_band_high
2026-07-04T02:24:00Z,95.9213,0.000000,0.000000,0.000000,above_band_high
2026-07-04T02:25:00Z,95.9152,0.000000,0.000000,0.000000,above_band_high
2026-07-04T02:26:00Z,95.9579,0.000000,0.000000,0.000000,above_band_high
2026-07-04T02:27:00Z,95.9258,0.000000,0.000000,0.000000,above_band_high
2026-07-04T02:28:00Z,95.9380,0.000000,0.000000,0.000000,above_band_high
2026-07-04T02:29:00Z,95.9884,0.000000,0.000000,0.000000,above_band_high
2026-07-04T02:30:00Z,95.9716,0.000000,0.000000,0.000000,above_band_high
2026-07-04T02:31:00Z,95.9396,0.000000,0.000000,0.000000,above_band_high
2026-07-04T02:32:00Z,95.9670,0.000000,0.000000,0.000000,above_band_high
2026-07-04T02:33:00Z,95.9258,0.000000,0.000000,0.000000,above_band_high
2026-07-04T02:34:00Z,95.9258,0.000000,0.000000,0.000000,above_band_high
2026-07-04T02:35:00Z,95.9442,0.000000,0.000000,0.000000,above_band_high
2026-07-04T02:36:00Z,95.9716,0.000000,0.000000,0.000000,above_band_high
2026-07-04T02:37:00Z,95.9289,0.000000,0.000000,0.000000,above_band_high
2026-07-04T02:38:00Z,95.9533,0.000000,0.000000,0.000000,above_band_high
2026-07-04T02:39:00Z,95.9396,0.000000,0.000000,0.000000,above_band_high
2026-07-04T02:40:00Z,95.9106,0.000000,0.000000,0.000000,above_band_high
2026-07-04T02:41:00Z,95.9335,0.000000,0.000000,0.000000,above_band_high
2026-07-04T02:42:00Z,95.9060,0.000000,0.000000,0.000000,above_band_high
2026-07-04T02:43:00Z,95.9213,0.000000,0.000000,0.000000,above_band_high
2026-07-04T02:44:00Z,95.8801,0.000000,0.000000,0.000000,above_band_high
2026-07-04T02:45:00Z,95.9289,0.000000,0.000000,0.000000,above_band_high
2026-07-04T02:46:00Z,95.9152,0.000000,0.000000,0.000000,above_band_high
2026-07-04T02:47:00Z,95.9060,0.000000,0.000000,0.000000,above_band_high
2026-07-04T02:48:00Z,95.9396,0.000000,0.000000,0.000000,above_band_high
2026-07-04T02:49:00Z,95.9396,0.000000,0.000000,0.000000,above_band_high
2026-07-04T02:50:00Z,95.9289,0.000000,0.000000,0.000000,above_band_high
2026-07-04T02:51:00Z,95.9396,0.000000,0.000000,0.000000,above_band_high
2026-07-04T02:52:00Z,95.9014,0.000000,0.000000,0.000000,above_band_high
2026-07-04T02:53:00Z,95.9106,0.000000,0.000000,0.000000,above_band_high
2026-07-04T02:54:00Z,95.9167,0.000000,0.000000,0.000000,above_band_high
2026-07-04T02:55:00Z,95.9289,0.000000,0.000000,0.000000,above_band_high
2026-07-04T02:56:00Z,95.9426,0.000000,0.000000,0.000000,above_band_high
2026-07-04T02:57:00Z,95.9487,0.000000,0.000000,0.000000,above_band_high
2026-07-04T02:58:00Z,95.9472,0.000000,0.000000,0.000000,above_band_high
2026-07-04T02:59:00Z,95.9518,0.000000,0.000000,0.000000,above_band_high
2026-07-04T03:00:00Z,95.9670,0.000000,0.000000,0.000000,above_band_high
2026-07-04T03:01:00Z,95.9579,0.000000,0.000000,0.000000,above_band_high
2026-07-04T03:02:00Z,95.9396,0.000000,0.000000,0.000000,above_band_high
2026-07-04T03:03:00Z,95.9442,0.000000,0.000000,0.000000,above_band_high
2026-07-04T03:04:00Z,95.9396,0.000000,0.000000,0.000000,above_band_high
2026-07-04T03:05:00Z,95.9487,0.000000,0.000000,0.000000,above_band_high
2026-07-04T03:06:00Z,95.9106,0.000000,0.000000,0.000000,above_band_high
2026-07-04T03:07:00Z,95.9213,0.000000,0.000000,0.000000,above_band_high
2026-07-04T03:08:00Z,95.9350,0.000000,0.000000,0.000000,above_band_high
2026-07-04T03:09:00Z,95.9518,0.000000,0.000000,0.000000,above_band_high
2026-07-04T03:10:00Z,95.9426,0.000000,0.000000,0.000000,above_band_high
2026-07-04T03:11:00Z,95.9518,0.000000,0.000000,0.000000,above_band_high
2026-07-04T03:12:00Z,95.9838,0.000000,0.000000,0.000000,above_band_high
2026-07-04T03:13:00Z,95.9808,0.000000,0.000000,0.000000,above_band_high
2026-07-04T03:14:00Z,95.9701,0.000000,0.000000,0.000000,above_band_high
2026-07-04T03:15:00Z,95.9854,0.000000,0.000000,0.000000,above_band_high
2026-07-04T03:16:00Z,95.9762,0.000000,0.000000,0.000000,above_band_high
2026-07-04T03:17:00Z,95.9808,0.000000,0.000000,0.000000,above_band_high
2026-07-04T03:18:00Z,95.9625,0.000000,0.000000,0.000000,above_band_high
2026-07-04T03:19:00Z,95.9930,0.000000,0.000000,0.000000,above_band_high
2026-07-04T03:20:00Z,96.0037,0.000000,0.000000,0.000000,above_band_high
2026-07-04T03:21:00Z,96.0159,0.000000,0.000000,0.000000,above_band_high
2026-07-04T03:22:00Z,95.9899,0.000000,0.000000,0.000000,above_band_high
2026-07-04T03:23:00Z,95.9930,0.000000,0.000000,0.000000,above_band_high
2026-07-04T03:24:00Z,95.9884,0.000000,0.000000,0.000000,above_band_high
2026-07-04T03:25:00Z,96.0082,0.000000,0.000000,0.000000,above_band_high
2026-07-04T03:26:00Z,96.0296,0.000000,0.000000,0.000000,above_band_high
2026-07-04T03:27:00Z,96.0433,0.000000,0.000000,0.000000,above_band_high
2026-07-04T03:28:00Z,96.0037,0.000000,0.000000,0.000000,above_band_high
2026-07-04T03:29:00Z,95.9930,0.000000,0.000000,0.000000,above_band_high
2026-07-04T03:30:00Z,96.0204,0.000000,0.000000,0.000000,above_band_high
2026-07-04T03:31:00Z,96.0296,0.000000,0.000000,0.000000,above_band_high
2026-07-04T03:32:00Z,95.9838,0.000000,0.000000,0.000000,above_band_high
2026-07-04T03:33:00Z,95.9930,0.000000,0.000000,0.000000,above_band_high
2026-07-04T03:34:00Z,95.9838,0.000000,0.000000,0.000000,above_band_high
2026-07-04T03:35:00Z,95.9747,0.000000,0.000000,0.000000,above_band_high
2026-07-04T03:36:00Z,95.9808,0.000000,0.000000,0.000000,above_band_high
2026-07-04T03:37:00Z,96.0082,0.000000,0.000000,0.000000,above_band_high
2026-07-04T03:38:00Z,95.9838,0.000000,0.000000,0.000000,above_band_high
2026-07-04T03:39:00Z,95.9899,0.000000,0.000000,0.000000,above_band_high
2026-07-04T03:40:00Z,95.9899,0.000000,0.000000,0.000000,above_band_high
2026-07-04T03:41:00Z,95.9762,0.000000,0.000000,0.000000,above_band_high
2026-07-04T03:42:00Z,95.9854,0.000000,0.000000,0.000000,above_band_high
2026-07-04T03:43:00Z,95.9854,0.000000,0.000000,0.000000,above_band_high
2026-07-04T03:44:00Z,95.9670,0.000000,0.000000,0.000000,above_band_high
2026-07-04T03:45:00Z,95.9838,0.000000,0.000000,0.000000,above_band_high
2026-07-04T03:46:00Z,95.9899,0.000000,0.000000,0.000000,above_band_high
2026-07-04T03:47:00Z,95.9564,0.000000,0.000000,0.000000,above_band_high
2026-07-04T03:48:00Z,95.9670,0.000000,0.000000,0.000000,above_band_high
2026-07-04T03:49:00Z,95.9792,0.000000,0.000000,0.000000,above_band_high
2026-07-04T03:50:00Z,95.9747,0.000000,0.000000,0.000000,above_band_high
2026-07-04T03:51:00Z,95.9930,0.000000,0.000000,0.000000,above_band_high
2026-07-04T03:52:00Z,95.9884,0.000000,0.000000,0.000000,above_band_high
2026-07-04T03:53:00Z,95.9854,0.000000,0.000000,0.000000,above_band_high
2026-07-04T03:54:00Z,95.9884,0.000000,0.000000,0.000000,above_band_high
2026-07-04T03:55:00Z,95.9976,0.000000,0.000000,0.000000,above_band_high
2026-07-04T03:56:00Z,95.9884,0.000000,0.000000,0.000000,above_band_high
2026-07-04T03:57:00Z,95.9518,0.000000,0.000000,0.000000,above_band_high
2026-07-04T03:58:00Z,96.0037,0.000000,0.000000,0.000000,above_band_high
2026-07-04T03:59:00Z,95.9930,0.000000,0.000000,0.000000,above_band_high
2026-07-04T04:00:00Z,95.9747,0.000000,0.000000,0.000000,above_band_high
2026-07-04T04:01:00Z,95.9991,0.000000,0.000000,0.000000,above_band_high
2026-07-04T04:02:00Z,96.0113,0.000000,0.000000,0.000000,above_band_high
2026-07-04T04:03:00Z,95.9930,0.000000,0.000000,0.000000,above_band_high
2026-07-04T04:04:00Z,96.0037,0.000000,0.000000,0.000000,above_band_high
2026-07-04T04:05:00Z,96.0037,0.000000,0.000000,0.000000,above_band_high
2026-07-04T04:06:00Z,96.0204,0.000000,0.000000,0.000000,above_band_high
2026-07-04T04:07:00Z,96.0204,0.000000,0.000000,0.000000,above_band_high
2026-07-04T04:08:00Z,96.0159,0.000000,0.000000,0.000000,above_band_high
2026-07-04T04:09:00Z,96.0159,0.000000,0.000000,0.000000,above_band_high
2026-07-04T04:10:00Z,96.0067,0.000000,0.000000,0.000000,above_band_high
2026-07-04T04:11:00Z,96.0174,0.000000,0.000000,0.000000,above_band_high
2026-07-04T04:12:00Z,96.0250,0.000000,0.000000,0.000000,above_band_high
2026-07-04T04:13:00Z,96.0449,0.000000,0.000000,0.000000,above_band_high
2026-07-04T04:14:00Z,96.0113,0.000000,0.000000,0.000000,above_band_high
2026-07-04T04:15:00Z,96.0204,0.000000,0.000000,0.000000,above_band_high
2026-07-04T04:16:00Z,96.0342,0.000000,0.000000,0.000000,above_band_high
2026-07-04T04:17:00Z,96.0113,0.000000,0.000000,0.000000,above_band_high
2026-07-04T04:18:00Z,96.0403,0.000000,0.000000,0.000000,above_band_high
2026-07-04T04:19:00Z,96.0586,0.000000,0.000000,0.000000,above_band_high
2026-07-04T04:20:00Z,96.0525,0.000000,0.000000,0.000000,above_band_high
2026-07-04T04:21:00Z,96.0616,0.000000,0.000000,0.000000,above_band_high
2026-07-04T04:22:00Z,96.0494,0.000000,0.000000,0.000000,above_band_high
2026-07-04T04:23:00Z,96.0662,0.000000,0.000000,0.000000,above_band_high
2026-07-04T04:24:00Z,96.0571,0.000000,0.000000,0.000000,above_band_high
2026-07-04T04:25:00Z,96.0723,0.000000,0.000000,0.000000,above_band_high
2026-07-04T04:26:00Z,96.0586,0.000000,0.000000,0.000000,above_band_high
2026-07-04T04:27:00Z,96.0525,0.000000,0.000000,0.000000,above_band_high
2026-07-04T04:28:00Z,96.0662,0.000000,0.000000,0.000000,above_band_high
2026-07-04T04:29:00Z,96.0800,0.000000,0.000000,0.000000,above_band_high
2026-07-04T04:30:00Z,96.0723,0.000000,0.000000,0.000000,above_band_high
2026-07-04T04:31:00Z,96.0571,0.000000,0.000000,0.000000,above_band_high
2026-07-04T04:32:00Z,96.0632,0.000000,0.000000,0.000000,above_band_high
2026-07-04T04:33:00Z,96.0723,0.000000,0.000000,0.000000,above_band_high
2026-07-04T04:34:00Z,96.0388,0.000000,0.000000,0.000000,above_band_high
2026-07-04T04:35:00Z,96.0678,0.000000,0.000000,0.000000,above_band_high
2026-07-04T04:36:00Z,96.0494,0.000000,0.000000,0.000000,above_band_high
2026-07-04T04:37:00Z,96.0403,0.000000,0.000000,0.000000,above_band_high
2026-07-04T04:38:00Z,96.0754,0.000000,0.000000,0.000000,above_band_high
2026-07-04T04:39:00Z,96.0616,0.000000,0.000000,0.000000,above_band_high
2026-07-04T04:40:00Z,96.0586,0.000000,0.000000,0.000000,above_band_high
2026-07-04T04:41:00Z,96.0082,0.000000,0.000000,0.000000,above_band_high
2026-07-04T04:42:00Z,96.0494,0.000000,0.000000,0.000000,above_band_high
2026-07-04T04:43:00Z,96.0449,0.000000,0.000000,0.000000,above_band_high
2026-07-04T04:44:00Z,96.0037,0.000000,0.000000,0.000000,above_band_high
2026-07-04T04:45:00Z,96.0479,0.000000,0.000000,0.000000,above_band_high
2026-07-04T04:46:00Z,96.0204,0.000000,0.000000,0.000000,above_band_high
2026-07-04T04:47:00Z,96.0204,0.000000,0.000000,0.000000,above_band_high
2026-07-04T04:48:00Z,96.0571,0.000000,0.000000,0.000000,above_band_high
2026-07-04T04:49:00Z,96.0266,0.000000,0.000000,0.000000,above_band_high
2026-07-04T04:50:00Z,96.0342,0.000000,0.000000,0.000000,above_band_high
2026-07-04T04:51:00Z,96.0357,0.000000,0.000000,0.000000,above_band_high
2026-07-04T04:52:00Z,96.0037,0.000000,0.000000,0.000000,above_band_high
2026-07-04T04:53:00Z,96.0357,0.000000,0.000000,0.000000,above_band_high
2026-07-04T04:54:00Z,96.0449,0.000000,0.000000,0.000000,above_band_high
2026-07-04T04:55:00Z,96.0571,0.000000,0.000000,0.000000,above_band_high
2026-07-04T04:56:00Z,96.0113,0.000000,0.000000,0.000000,above_band_high
2026-07-04T04:57:00Z,96.0403,0.000000,0.000000,0.000000,above_band_high
2026-07-04T04:58:00Z,95.9991,0.000000,0.000000,0.000000,above_band_high
2026-07-04T04:59:00Z,96.0220,0.000000,0.000000,0.000000,above_band_high
2026-07-04T05:00:00Z,96.0220,0.000000,0.000000,0.000000,above_band_high
2026-07-04T05:01:00Z,96.0220,0.000000,0.000000,0.000000,above_band_high
2026-07-04T05:02:00Z,96.0342,0.000000,0.000000,0.000000,above_band_high
2026-07-04T05:03:00Z,96.0159,0.000000,0.000000,0.000000,above_band_high
2026-07-04T05:04:00Z,96.0342,0.000000,0.000000,0.000000,above_band_high
2026-07-04T05:05:00Z,96.0159,0.000000,0.000000,0.000000,above_band_high
2026-07-04T05:06:00Z,96.0204,0.000000,0.000000,0.000000,above_band_high
2026-07-04T05:07:00Z,96.0357,0.000000,0.000000,0.000000,above_band_high
2026-07-04T05:08:00Z,96.0159,0.000000,0.000000,0.000000,above_band_high
2026-07-04T05:09:00Z,96.0540,0.000000,0.000000,0.000000,above_band_high
2026-07-04T05:10:00Z,96.0479,0.000000,0.000000,0.000000,above_band_high
2026-07-04T05:11:00Z,96.0037,0.000000,0.000000,0.000000,above_band_high
2026-07-04T05:12:00Z,96.0128,0.000000,0.000000,0.000000,above_band_high
2026-07-04T05:13:00Z,96.0296,0.000000,0.000000,0.000000,above_band_high
2026-07-04T05:14:00Z,96.0220,0.000000,0.000000,0.000000,above_band_high
2026-07-04T05:15:00Z,96.0525,0.000000,0.000000,0.000000,above_band_high
2026-07-04T05:16:00Z,96.0403,0.000000,0.000000,0.000000,above_band_high
2026-07-04T05:17:00Z,96.0403,0.000000,0.000000,0.000000,above_band_high
2026-07-04T05:18:00Z,96.0296,0.000000,0.000000,0.000000,above_band_high
2026-07-04T05:19:00Z,96.0449,0.000000,0.000000,0.000000,above_band_high
2026-07-04T05:20:00Z,96.0616,0.000000,0.000000,0.000000,above_band_high
2026-07-04T05:21:00Z,96.0571,0.000000,0.000000,0.000000,above_band_high
2026-07-04T05:22:00Z,96.0723,0.000000,0.000000,0.000000,above_band_high
2026-07-04T05:23:00Z,96.0586,0.000000,0.000000,0.000000,above_band_high
2026-07-04T05:24:00Z,96.0815,0.000000,0.000000,0.000000,above_band_high
2026-07-04T05:25:00Z,96.0861,0.000000,0.000000,0.000000,above_band_high
2026-07-04T05:26:00Z,96.0754,0.000000,0.000000,0.000000,above_band_high
2026-07-04T05:27:00Z,96.0861,0.000000,0.000000,0.000000,above_band_high
2026-07-04T05:28:00Z,96.1028,0.000000,0.000000,0.000000,above_band_high
2026-07-04T05:29:00Z,96.0754,0.000000,0.000000,0.000000,above_band_high
2026-07-04T05:30:00Z,96.0754,0.000000,0.000000,0.000000,above_band_high
2026-07-04T05:31:00Z,96.0861,0.000000,0.000000,0.000000,above_band_high
2026-07-04T05:32:00Z,96.0662,0.000000,0.000000,0.000000,above_band_high
2026-07-04T05:33:00Z,96.0525,0.000000,0.000000,0.000000,above_band_high
2026-07-04T05:34:00Z,96.0632,0.000000,0.000000,0.000000,above_band_high
2026-07-04T05:35:00Z,96.0540,0.000000,0.000000,0.000000,above_band_high
2026-07-04T05:36:00Z,96.0540,0.000000,0.000000,0.000000,above_band_high
2026-07-04T05:37:00Z,96.0586,0.000000,0.000000,0.000000,above_band_high
2026-07-04T05:38:00Z,96.0494,0.000000,0.000000,0.000000,above_band_high
2026-07-04T05:39:00Z,96.0525,0.000000,0.000000,0.000000,above_band_high
2026-07-04T05:40:00Z,96.0586,0.000000,0.000000,0.000000,above_band_high
2026-07-04T05:41:00Z,96.0479,0.000000,0.000000,0.000000,above_band_high
2026-07-04T05:42:00Z,96.0891,0.000000,0.000000,0.000000,above_band_high
2026-07-04T05:43:00Z,96.0479,0.000000,0.000000,0.000000,above_band_high
2026-07-04T05:44:00Z,96.0494,0.000000,0.000000,0.000000,above_band_high
2026-07-04T05:45:00Z,96.0662,0.000000,0.000000,0.000000,above_band_high
2026-07-04T05:46:00Z,96.0571,0.000000,0.000000,0.000000,above_band_high
2026-07-04T05:47:00Z,96.0525,0.000000,0.000000,0.000000,above_band_high
2026-07-04T05:48:00Z,96.0616,0.000000,0.000000,0.000000,above_band_high
2026-07-04T05:49:00Z,96.0662,0.000000,0.000000,0.000000,above_band_high
2026-07-04T05:50:00Z,96.0769,0.000000,0.000000,0.000000,above_band_high
2026-07-04T05:51:00Z,96.0998,0.000000,0.000000,0.000000,above_band_high
2026-07-04T05:52:00Z,96.0357,0.000000,0.000000,0.000000,above_band_high
2026-07-04T05:53:00Z,96.0891,0.000000,0.000000,0.000000,above_band_high
2026-07-04T05:54:00Z,96.0357,0.000000,0.000000,0.000000,above_band_high
2026-07-04T05:55:00Z,96.0815,0.000000,0.000000,0.000000,above_band_high
2026-07-04T05:56:00Z,96.0433,0.000000,0.000000,0.000000,above_band_high
2026-07-04T05:57:00Z,96.0311,0.000000,0.000000,0.000000,above_band_high
2026-07-04T05:58:00Z,96.0357,0.000000,0.000000,0.000000,above_band_high
2026-07-04T05:59:00Z,96.0616,0.000000,0.000000,0.000000,above_band_high
2026-07-04T06:00:00Z,96.0357,0.000000,0.000000,0.000000,above_band_high
2026-07-04T06:01:00Z,96.0586,0.000000,0.000000,0.000000,above_band_high
2026-07-04T06:02:00Z,96.0616,0.000000,0.000000,0.000000,above_band_high
2026-07-04T06:03:00Z,96.0754,0.000000,0.000000,0.000000,above_band_high
2026-07-04T06:04:00Z,96.0708,0.000000,0.000000,0.000000,above_band_high
2026-07-04T06:05:00Z,96.0952,0.000000,0.000000,0.000000,above_band_high
2026-07-04T06:06:00Z,96.0937,0.000000,0.000000,0.000000,above_band_high
2026-07-04T06:07:00Z,96.0937,0.000000,0.000000,0.000000,above_band_high
2026-07-04T06:08:00Z,96.0769,0.000000,0.000000,0.000000,above_band_high
2026-07-04T06:09:00Z,96.0937,0.000000,0.000000,0.000000,above_band_high
2026-07-04T06:10:00Z,96.0616,0.000000,0.000000,0.000000,above_band_high
2026-07-04T06:11:00Z,96.0662,0.000000,0.000000,0.000000,above_band_high
2026-07-04T06:12:00Z,96.0845,0.000000,0.000000,0.000000,above_band_high
2026-07-04T06:13:00Z,96.0479,0.000000,0.000000,0.000000,above_band_high
2026-07-04T06:14:00Z,96.0815,0.000000,0.000000,0.000000,above_band_high
2026-07-04T06:15:00Z,96.0616,0.000000,0.000000,0.000000,above_band_high
2026-07-04T06:16:00Z,96.0662,0.000000,0.000000,0.000000,above_band_high
2026-07-04T06:17:00Z,96.0891,0.000000,0.000000,0.000000,above_band_high
2026-07-04T06:18:00Z,96.1349,0.000000,0.000000,0.000000,above_band_high
2026-07-04T06:19:00Z,96.0998,0.000000,0.000000,0.000000,above_band_high
2026-07-04T06:20:00Z,96.0952,0.000000,0.000000,0.000000,above_band_high
2026-07-04T06:21:00Z,96.1028,0.000000,0.000000,0.000000,above_band_high
2026-07-04T06:22:00Z,96.1364,0.000000,0.000000,0.000000,above_band_high
2026-07-04T06:23:00Z,96.1028,0.000000,0.000000,0.000000,above_band_high
2026-07-04T06:24:00Z,96.1303,0.000000,0.000000,0.000000,above_band_high
2026-07-04T06:25:00Z,96.1486,0.000000,0.000000,0.000000,above_band_high
2026-07-04T06:26:00Z,96.1166,0.000000,0.000000,0.000000,above_band_high
2026-07-04T06:27:00Z,96.1166,0.000000,0.000000,0.000000,above_band_high
2026-07-04T06:28:00Z,96.1303,0.000000,0.000000,0.000000,above_band_high
2026-07-04T06:29:00Z,96.1303,0.000000,0.000000,0.000000,above_band_high
2026-07-04T06:30:00Z,96.1303,0.000000,0.000000,0.000000,above_band_high
2026-07-04T06:31:00Z,96.1501,0.000000,0.000000,0.000000,above_band_high
2026-07-04T06:32:00Z,96.1166,0.000000,0.000000,0.000000,above_band_high
2026-07-04T06:33:00Z,96.1227,0.000000,0.000000,0.000000,above_band_high
2026-07-04T06:34:00Z,96.1120,0.000000,0.000000,0.000000,above_band_high
2026-07-04T06:35:00Z,96.1074,0.000000,0.000000,0.000000,above_band_high
2026-07-04T06:36:00Z,96.0891,0.000000,0.000000,0.000000,above_band_high
2026-07-04T06:37:00Z,96.0769,0.000000,0.000000,0.000000,above_band_high
2026-07-04T06:38:00Z,96.1028,0.000000,0.000000,0.000000,above_band_high
2026-07-04T06:39:00Z,96.1181,0.000000,0.000000,0.000000,above_band_high
2026-07-04T06:40:00Z,96.1303,0.000000,0.000000,0.000000,above_band_high
2026-07-04T06:41:00Z,96.0983,0.000000,0.000000,0.000000,above_band_high
2026-07-04T06:42:00Z,96.1120,0.000000,0.000000,0.000000,above_band_high
2026-07-04T06:43:00Z,96.1181,0.000000,0.000000,0.000000,above_band_high
2026-07-04T06:44:00Z,96.1227,0.000000,0.000000,0.000000,above_band_high
2026-07-04T06:45:00Z,96.0769,0.000000,0.000000,0.000000,above_band_high
2026-07-04T06:46:00Z,96.1181,0.000000,0.000000,0.000000,above_band_high
2026-07-04T06:47:00Z,96.0998,0.000000,0.000000,0.000000,above_band_high
2026-07-04T06:48:00Z,96.1074,0.000000,0.000000,0.000000,above_band_high
2026-07-04T06:49:00Z,96.0952,0.000000,0.000000,0.000000,above_band_high
2026-07-04T06:50:00Z,96.0983,0.000000,0.000000,0.000000,above_band_high
2026-07-04T06:51:00Z,96.1044,0.000000,0.000000,0.000000,above_band_high
2026-07-04T06:52:00Z,96.0769,0.000000,0.000000,0.000000,above_band_high
2026-07-04T06:53:00Z,96.0906,0.000000,0.000000,0.000000,above_band_high
2026-07-04T06:54:00Z,96.0906,0.000000,0.000000,0.000000,above_band_high
2026-07-04T06:55:00Z,96.0800,0.000000,0.000000,0.000000,above_band_high
2026-07-04T06:56:00Z,96.1074,0.000000,0.000000,0.000000,above_band_high
2026-07-04T06:57:00Z,96.0891,0.000000,0.000000,0.000000,above_band_high
2026-07-04T06:58:00Z,96.1257,0.000000,0.000000,0.000000,above_band_high
2026-07-04T06:59:00Z,96.0906,0.000000,0.000000,0.000000,above_band_high
2026-07-04T07:00:00Z,96.1044,0.000000,0.000000,0.000000,above_band_high
2026-07-04T07:01:00Z,96.1303,0.000000,0.000000,0.000000,above_band_high
2026-07-04T07:02:00Z,96.1257,0.000000,0.000000,0.000000,above_band_high
2026-07-04T07:03:00Z,96.0937,0.000000,0.000000,0.000000,above_band_high
2026-07-04T07:04:00Z,96.1120,0.000000,0.000000,0.000000,above_band_high
2026-07-04T07:05:00Z,96.1593,0.000000,0.000000,0.000000,above_band_high
2026-07-04T07:06:00Z,96.1135,0.000000,0.000000,0.000000,above_band_high
2026-07-04T07:07:00Z,96.0937,0.000000,0.000000,0.000000,above_band_high
2026-07-04T07:08:00Z,96.1181,0.000000,0.000000,0.000000,above_band_high
2026-07-04T07:09:00Z,96.1364,0.000000,0.000000,0.000000,above_band_high
2026-07-04T07:10:00Z,96.1028,0.000000,0.000000,0.000000,above_band_high
2026-07-04T07:11:00Z,96.1074,0.000000,0.000000,0.000000,above_band_high
2026-07-04T07:12:00Z,96.1364,0.000000,0.000000,0.000000,above_band_high
2026-07-04T07:13:00Z,96.1257,0.000000,0.000000,0.000000,above_band_high
2026-07-04T07:14:00Z,96.0952,0.000000,0.000000,0.000000,above_band_high
2026-07-04T07:15:00Z,96.1074,0.000000,0.000000,0.000000,above_band_high
2026-07-04T07:16:00Z,96.1410,0.000000,0.000000,0.000000,above_band_high
2026-07-04T07:17:00Z,96.1089,0.000000,0.000000,0.000000,above_band_high
2026-07-04T07:18:00Z,96.1410,0.000000,0.000000,0.000000,above_band_high
2026-07-04T07:19:00Z,96.1501,0.000000,0.000000,0.000000,above_band_high
2026-07-04T07:20:00Z,96.1761,0.000000,0.000000,0.000000,above_band_high
2026-07-04T07:21:00Z,96.1547,0.000000,0.000000,0.000000,above_band_high
2026-07-04T07:22:00Z,96.1501,0.000000,0.000000,0.000000,above_band_high
2026-07-04T07:23:00Z,96.1761,0.000000,0.000000,0.000000,above_band_high
2026-07-04T07:24:00Z,96.1593,0.000000,0.000000,0.000000,above_band_high
2026-07-04T07:25:00Z,96.1776,0.000000,0.000000,0.000000,above_band_high
2026-07-04T07:26:00Z,96.1898,0.000000,0.000000,0.000000,above_band_high
2026-07-04T07:27:00Z,96.1715,0.000000,0.000000,0.000000,above_band_high
2026-07-04T07:28:00Z,96.1730,0.000000,0.000000,0.000000,above_band_high
2026-07-04T07:29:00Z,96.1822,0.000000,0.000000,0.000000,above_band_high
2026-07-04T07:30:00Z,96.1410,0.000000,0.000000,0.000000,above_band_high
2026-07-04T07:31:00Z,96.1959,0.000000,0.000000,0.000000,above_band_high
2026-07-04T07:32:00Z,96.1532,0.000000,0.000000,0.000000,above_band_high
2026-07-04T07:33:00Z,96.1669,0.000000,0.000000,0.000000,above_band_high
2026-07-04T07:34:00Z,96.1669,0.000000,0.000000,0.000000,above_band_high
2026-07-04T07:35:00Z,96.1944,0.000000,0.000000,0.000000,above_band_high
2026-07-04T07:36:00Z,96.1776,0.000000,0.000000,0.000000,above_band_high
2026-07-04T07:37:00Z,96.1532,0.000000,0.000000,0.000000,above_band_high
2026-07-04T07:38:00Z,96.1501,0.000000,0.000000,0.000000,above_band_high
2026-07-04T07:39:00Z,96.1364,0.000000,0.000000,0.000000,above_band_high
2026-07-04T07:40:00Z,96.1212,0.000000,0.000000,0.000000,above_band_high
2026-07-04T07:41:00Z,96.1486,0.000000,0.000000,0.000000,above_band_high
2026-07-04T07:42:00Z,96.1257,0.000000,0.000000,0.000000,above_band_high
2026-07-04T07:43:00Z,96.1410,0.000000,0.000000,0.000000,above_band_high
2026-07-04T07:44:00Z,96.1410,0.000000,0.000000,0.000000,above_band_high
2026-07-04T07:45:00Z,96.0937,0.000000,0.000000,0.000000,above_band_high
2026-07-04T07:46:00Z,96.1303,0.000000,0.000000,0.000000,above_band_high
2026-07-04T07:47:00Z,96.1074,0.000000,0.000000,0.000000,above_band_high
2026-07-04T07:48:00Z,96.1303,0.000000,0.000000,0.000000,above_band_high
2026-07-04T07:49:00Z,96.1257,0.000000,0.000000,0.000000,above_band_high
2026-07-04T07:50:00Z,96.1364,0.000000,0.000000,0.000000,above_band_high
2026-07-04T07:51:00Z,96.1135,0.000000,0.000000,0.000000,above_band_high
2026-07-04T07:52:00Z,96.1303,0.000000,0.000000,0.000000,above_band_high
2026-07-04T07:53:00Z,96.1456,0.000000,0.000000,0.000000,above_band_high
2026-07-04T07:54:00Z,96.1303,0.000000,0.000000,0.000000,above_band_high
2026-07-04T07:55:00Z,96.1227,0.000000,0.000000,0.000000,above_band_high
2026-07-04T07:56:00Z,96.1410,0.000000,0.000000,0.000000,above_band_high
2026-07-04T07:57:00Z,96.1227,0.000000,0.000000,0.000000,above_band_high
2026-07-04T07:58:00Z,96.1135,0.000000,0.000000,0.000000,above_band_high
2026-07-04T07:59:00Z,96.1044,0.000000,0.000000,0.000000,above_band_high
2026-07-04T08:00:00Z,96.0952,0.000000,0.000000,0.000000,above_band_high
2026-07-04T08:01:00Z,96.1456,0.000000,0.000000,0.000000,above_band_high
2026-07-04T08:02:00Z,96.1120,0.000000,0.000000,0.000000,above_band_high
2026-07-04T08:03:00Z,96.1089,0.000000,0.000000,0.000000,above_band_high
2026-07-04T08:04:00Z,96.1257,0.000000,0.000000,0.000000,above_band_high
2026-07-04T08:05:00Z,96.1318,0.000000,0.000000,0.000000,above_band_high
2026-07-04T08:06:00Z,96.0845,0.000000,0.000000,0.000000,above_band_high
2026-07-04T08:07:00Z,96.1440,0.000000,0.000000,0.000000,above_band_high
2026-07-04T08:08:00Z,96.1273,0.000000,0.000000,0.000000,above_band_high
2026-07-04T08:09:00Z,96.1456,0.000000,0.000000,0.000000,above_band_high
2026-07-04T08:10:00Z,96.1074,0.000000,0.000000,0.000000,above_band_high
2026-07-04T08:11:00Z,96.1212,0.000000,0.000000,0.000000,above_band_high
2026-07-04T08:12:00Z,96.1318,0.000000,0.000000,0.000000,above_band_high
2026-07-04T08:13:00Z,96.1074,0.000000,0.000000,0.000000,above_band_high
2026-07-04T08:14:00Z,96.1089,0.000000,0.000000,0.000000,above_band_high
2026-07-04T08:15:00Z,96.1181,0.000000,0.000000,0.000000,above_band_high
2026-07-04T08:16:00Z,96.1440,0.000000,0.000000,0.000000,above_band_high
2026-07-04T08:17:00Z,96.1486,0.000000,0.000000,0.000000,above_band_high
2026-07-04T08:18:00Z,96.1318,0.000000,0.000000,0.000000,above_band_high
2026-07-04T08:19:00Z,96.1593,0.000000,0.000000,0.000000,above_band_high
2026-07-04T08:20:00Z,96.1776,0.000000,0.000000,0.000000,above_band_high
2026-07-04T08:21:00Z,96.1624,0.000000,0.000000,0.000000,above_band_high
2026-07-04T08:22:00Z,96.1807,0.000000,0.000000,0.000000,above_band_high
2026-07-04T08:23:00Z,96.2036,0.000000,0.000000,0.000000,above_band_high
2026-07-04T08:24:00Z,96.1852,0.000000,0.000000,0.000000,above_band_high
2026-07-04T08:25:00Z,96.2036,0.000000,0.000000,0.000000,above_band_high
2026-07-04T08:26:00Z,96.1730,0.000000,0.000000,0.000000,above_band_high
2026-07-04T08:27:00Z,96.1944,0.000000,0.000000,0.000000,above_band_high
2026-07-04T08:28:00Z,96.1868,0.000000,0.000000,0.000000,above_band_high
2026-07-04T08:29:00Z,96.1456,0.000000,0.000000,0.000000,above_band_high
2026-07-04T08:30:00Z,96.1624,0.000000,0.000000,0.000000,above_band_high
2026-07-04T08:31:00Z,96.1852,0.000000,0.000000,0.000000,above_band_high
2026-07-04T08:32:00Z,96.1624,0.000000,0.000000,0.000000,above_band_high
2026-07-04T08:33:00Z,96.1730,0.000000,0.000000,0.000000,above_band_high
2026-07-04T08:34:00Z,96.1730,0.000000,0.000000,0.000000,above_band_high
2026-07-04T08:35:00Z,96.1395,0.000000,0.000000,0.000000,above_band_high
2026-07-04T08:36:00Z,96.1669,0.000000,0.000000,0.000000,above_band_high
2026-07-04T08:37:00Z,96.1776,0.000000,0.000000,0.000000,above_band_high
2026-07-04T08:38:00Z,96.1318,0.000000,0.000000,0.000000,above_band_high
2026-07-04T08:39:00Z,96.1410,0.000000,0.000000,0.000000,above_band_high
2026-07-04T08:40:00Z,96.1166,0.000000,0.000000,0.000000,above_band_high
2026-07-04T08:41:00Z,96.0998,0.000000,0.000000,0.000000,above_band_high
2026-07-04T08:42:00Z,96.0998,0.000000,0.000000,0.000000,above_band_high
2026-07-04T08:43:00Z,96.0906,0.000000,0.000000,0.000000,above_band_high
2026-07-04T08:44:00Z,96.1166,0.000000,0.000000,0.000000,above_band_high
2026-07-04T08:45:00Z,96.1135,0.000000,0.000000,0.000000,above_band_high
2026-07-04T08:46:00Z,96.0800,0.000000,0.000000,0.000000,above_band_high
2026-07-04T08:47:00Z,96.1318,0.000000,0.000000,0.000000,above_band_high
2026-07-04T08:48:00Z,96.1028,0.000000,0.000000,0.000000,above_band_high
2026-07-04T08:49:00Z,96.0983,0.000000,0.000000,0.000000,above_band_high
2026-07-04T08:50:00Z,96.1120,0.000000,0.000000,0.000000,above_band_high
2026-07-04T08:51:00Z,96.1212,0.000000,0.000000,0.000000,above_band_high
2026-07-04T08:52:00Z,96.0983,0.000000,0.000000,0.000000,above_band_high
2026-07-04T08:53:00Z,96.0952,0.000000,0.000000,0.000000,above_band_high
2026-07-04T08:54:00Z,96.0952,0.000000,0.000000,0.000000,above_band_high
2026-07-04T08:55:00Z,96.0906,0.000000,0.000000,0.000000,above_band_high
2026-07-04T08:56:00Z,96.1028,0.000000,0.000000,0.000000,above_band_high
2026-07-04T08:57:00Z,96.0952,0.000000,0.000000,0.000000,above_band_high
2026-07-04T08:58:00Z,96.0906,0.000000,0.000000,0.000000,above_band_high
2026-07-04T08:59:00Z,96.0678,0.000000,0.000000,0.000000,above_band_high
2026-07-04T09:00:00Z,96.1135,0.000000,0.000000,0.000000,above_band_high
2026-07-04T09:01:00Z,96.0937,0.000000,0.000000,0.000000,above_band_high
2026-07-04T09:02:00Z,96.0861,0.000000,0.000000,0.000000,above_band_high
2026-07-04T09:03:00Z,96.0861,0.000000,0.000000,0.000000,above_band_high
2026-07-04T09:04:00Z,96.1135,0.000000,0.000000,0.000000,above_band_high
2026-07-04T09:05:00Z,96.1227,0.000000,0.000000,0.000000,above_band_high
2026-07-04T09:06:00Z,96.0906,0.000000,0.000000,0.000000,above_band_high
2026-07-04T09:07:00Z,96.1212,0.000000,0.000000,0.000000,above_band_high
2026-07-04T09:08:00Z,96.1318,0.000000,0.000000,0.000000,above_band_high
2026-07-04T09:09:00Z,96.1120,0.000000,0.000000,0.000000,above_band_high
2026-07-04T09:10:00Z,96.0906,0.000000,0.000000,0.000000,above_band_high
2026-07-04T09:11:00Z,96.0952,0.000000,0.000000,0.000000,above_band_high
2026-07-04T09:12:00Z,96.1028,0.000000,0.000000,0.000000,above_band_high
2026-07-04T09:13:00Z,96.0861,0.000000,0.000000,0.000000,above_band_high
2026-07-04T09:14:00Z,96.0861,0.000000,0.000000,0.000000,above_band_high
2026-07-04T09:15:00Z,96.0861,0.000000,0.000000,0.000000,above_band_high
2026-07-04T09:16:00Z,96.1120,0.000000,0.000000,0.000000,above_band_high
2026-07-04T09:17:00Z,96.1044,0.000000,0.000000,0.000000,above_band_high
2026-07-04T09:18:00Z,96.1166,0.000000,0.000000,0.000000,above_band_high
2026-07-04T09:19:00Z,96.1456,0.000000,0.000000,0.000000,above_band_high
2026-07-04T09:20:00Z,96.1624,0.000000,0.000000,0.000000,above_band_high
2026-07-04T09:21:00Z,96.1578,0.000000,0.000000,0.000000,above_band_high
2026-07-04T09:22:00Z,96.1501,0.000000,0.000000,0.000000,above_band_high
2026-07-04T09:23:00Z,96.1578,0.000000,0.000000,0.000000,above_band_high
2026-07-04T09:24:00Z,96.1685,0.000000,0.000000,0.000000,above_band_high
2026-07-04T09:25:00Z,96.1547,0.000000,0.000000,0.000000,above_band_high
2026-07-04T09:26:00Z,96.1685,0.000000,0.000000,0.000000,above_band_high
2026-07-04T09:27:00Z,96.1898,0.000000,0.000000,0.000000,above_band_high
2026-07-04T09:28:00Z,96.1913,0.000000,0.000000,0.000000,above_band_high
2026-07-04T09:29:00Z,96.1807,0.000000,0.000000,0.000000,above_band_high
2026-07-04T09:30:00Z,96.1807,0.000000,0.000000,0.000000,above_band_high
2026-07-04T09:31:00Z,96.1730,0.000000,0.000000,0.000000,above_band_high
2026-07-04T09:32:00Z,96.1089,0.000000,0.000000,0.000000,above_band_high
2026-07-04T09:33:00Z,96.1364,0.000000,0.000000,0.000000,above_band_high
2026-07-04T09:34:00Z,96.1547,0.000000,0.000000,0.000000,above_band_high
2026-07-04T09:35:00Z,96.1685,0.000000,0.000000,0.000000,above_band_high
2026-07-04T09:36:00Z,96.1410,0.000000,0.000000,0.000000,above_band_high
2026-07-04T09:37:00Z,96.1395,0.000000,0.000000,0.000000,above_band_high
2026-07-04T09:38:00Z,96.1578,0.000000,0.000000,0.000000,above_band_high
2026-07-04T09:39:00Z,96.1501,0.000000,0.000000,0.000000,above_band_high
2026-07-04T09:40:00Z,96.1318,0.000000,0.000000,0.000000,above_band_high
2026-07-04T09:41:00Z,96.1273,0.000000,0.000000,0.000000,above_band_high
2026-07-04T09:42:00Z,96.1028,0.000000,0.000000,0.000000,above_band_high
2026-07-04T09:43:00Z,96.1074,0.000000,0.000000,0.000000,above_band_high
2026-07-04T09:44:00Z,96.1089,0.000000,0.000000,0.000000,above_band_high
2026-07-04T09:45:00Z,96.1318,0.000000,0.000000,0.000000,above_band_high
2026-07-04T09:46:00Z,96.1212,0.000000,0.000000,0.000000,above_band_high
2026-07-04T09:47:00Z,96.0815,0.000000,0.000000,0.000000,above_band_high
2026-07-04T09:48:00Z,96.1227,0.000000,0.000000,0.000000,above_band_high
2026-07-04T09:49:00Z,96.0983,0.000000,0.000000,0.000000,above_band_high
2026-07-04T09:50:00Z,96.0861,0.000000,0.000000,0.000000,above_band_high
2026-07-04T09:51:00Z,96.0937,0.000000,0.000000,0.000000,above_band_high
2026-07-04T09:52:00Z,96.1166,0.000000,0.000000,0.000000,above_band_high
2026-07-04T09:53:00Z,96.0433,0.000000,0.000000,0.000000,above_band_high
2026-07-04T09:54:00Z,96.0708,0.000000,0.000000,0.000000,above_band_high
2026-07-04T09:55:00Z,96.0708,0.000000,0.000000,0.000000,above_band_high
2026-07-04T09:56:00Z,96.0983,0.000000,0.000000,0.000000,above_band_high
2026-07-04T09:57:00Z,96.1120,0.000000,0.000000,0.000000,above_band_high
2026-07-04T09:58:00Z,96.0662,0.000000,0.000000,0.000000,above_band_high
2026-07-04T09:59:00Z,96.0632,0.000000,0.000000,0.000000,above_band_high
2026-07-04T10:00:00Z,96.1166,0.000000,0.000000,0.000000,above_band_high
2026-07-04T10:01:00Z,96.0586,0.000000,0.000000,0.000000,above_band_high
2026-07-04T10:02:00Z,96.0861,0.000000,0.000000,0.000000,above_band_high
2026-07-04T10:03:00Z,96.1166,0.000000,0.000000,0.000000,above_band_high
2026-07-04T10:04:00Z,96.0815,0.000000,0.000000,0.000000,above_band_high
2026-07-04T10:05:00Z,96.0815,0.000000,0.000000,0.000000,above_band_high
2026-07-04T10:06:00Z,96.0937,0.000000,0.000000,0.000000,above_band_high
2026-07-04T10:07:00Z,96.0754,0.000000,0.000000,0.000000,above_band_high
2026-07-04T10:08:00Z,96.0616,0.000000,0.000000,0.000000,above_band_high
2026-07-04T10:09:00Z,96.0540,0.000000,0.000000,0.000000,above_band_high
2026-07-04T10:10:00Z,96.0708,0.000000,0.000000,0.000000,above_band_high
2026-07-04T10:11:00Z,96.0525,0.000000,0.000000,0.000000,above_band_high
2026-07-04T10:12:00Z,96.0678,0.000000,0.000000,0.000000,above_band_high
2026-07-04T10:13:00Z,96.0891,0.000000,0.000000,0.000000,above_band_high
2026-07-04T10:14:00Z,96.0754,0.000000,0.000000,0.000000,above_band_high
2026-07-04T10:15:00Z,96.0891,0.000000,0.000000,0.000000,above_band_high
2026-07-04T10:16:00Z,96.0571,0.000000,0.000000,0.000000,above_band_high
2026-07-04T10:17:00Z,96.0494,0.000000,0.000000,0.000000,above_band_high
2026-07-04T10:18:00Z,96.0494,0.000000,0.000000,0.000000,above_band_high
2026-07-04T10:19:00Z,96.1044,0.000000,0.000000,0.000000,above_band_high
2026-07-04T10:20:00Z,96.1303,0.000000,0.000000,0.000000,above_band_high
2026-07-04T10:21:00Z,96.1120,0.000000,0.000000,0.000000,above_band_high
2026-07-04T10:22:00Z,96.1028,0.000000,0.000000,0.000000,above_band_high
2026-07-04T10:23:00Z,96.1089,0.000000,0.000000,0.000000,above_band_high
2026-07-04T10:24:00Z,96.0937,0.000000,0.000000,0.000000,above_band_high
2026-07-04T10:25:00Z,96.1349,0.000000,0.000000,0.000000,above_band_high
2026-07-04T10:26:00Z,96.0708,0.000000,0.000000,0.000000,above_band_high
2026-07-04T10:27:00Z,96.1120,0.000000,0.000000,0.000000,above_band_high
2026-07-04T10:28:00Z,96.1120,0.000000,0.000000,0.000000,above_band_high
2026-07-04T10:29:00Z,96.1120,0.000000,0.000000,0.000000,above_band_high
2026-07-04T10:30:00Z,96.1166,0.000000,0.000000,0.000000,above_band_high
2026-07-04T10:31:00Z,96.1440,0.000000,0.000000,0.000000,above_band_high
2026-07-04T10:32:00Z,96.1349,0.000000,0.000000,0.000000,above_band_high
2026-07-04T10:33:00Z,96.0998,0.000000,0.000000,0.000000,above_band_high
2026-07-04T10:34:00Z,96.1028,0.000000,0.000000,0.000000,above_band_high
2026-07-04T10:35:00Z,96.0845,0.000000,0.000000,0.000000,above_band_high
2026-07-04T10:36:00Z,96.0769,0.000000,0.000000,0.000000,above_band_high
2026-07-04T10:37:00Z,96.0815,0.000000,0.000000,0.000000,above_band_high
2026-07-04T10:38:00Z,96.0708,0.000000,0.000000,0.000000,above_band_high
2026-07-04T10:39:00Z,96.0403,0.000000,0.000000,0.000000,above_band_high
2026-07-04T10:40:00Z,96.0525,0.000000,0.000000,0.000000,above_band_high
2026-07-04T10:41:00Z,96.0723,0.000000,0.000000,0.000000,above_band_high
2026-07-04T10:42:00Z,96.0342,0.000000,0.000000,0.000000,above_band_high
2026-07-04T10:43:00Z,96.0037,0.000000,0.000000,0.000000,above_band_high
2026-07-04T10:44:00Z,96.0388,0.000000,0.000000,0.000000,above_band_high
2026-07-04T10:45:00Z,96.0296,0.000000,0.000000,0.000000,above_band_high
2026-07-04T10:46:00Z,96.0037,0.000000,0.000000,0.000000,above_band_high
2026-07-04T10:47:00Z,95.9930,0.000000,0.000000,0.000000,above_band_high
2026-07-04T10:48:00Z,96.0174,0.000000,0.000000,0.000000,above_band_high
2026-07-04T10:49:00Z,96.0067,0.000000,0.000000,0.000000,above_band_high
2026-07-04T10:50:00Z,95.9884,0.000000,0.000000,0.000000,above_band_high
2026-07-04T10:51:00Z,96.0266,0.000000,0.000000,0.000000,above_band_high
2026-07-04T10:52:00Z,96.0128,0.000000,0.000000,0.000000,above_band_high
2026-07-04T10:53:00Z,95.9945,0.000000,0.000000,0.000000,above_band_high
2026-07-04T10:54:00Z,96.0357,0.000000,0.000000,0.000000,above_band_high
2026-07-04T10:55:00Z,95.9945,0.000000,0.000000,0.000000,above_band_high
2026-07-04T10:56:00Z,96.0220,0.000000,0.000000,0.000000,above_band_high
2026-07-04T10:57:00Z,96.0220,0.000000,0.000000,0.000000,above_band_high
2026-07-04T10:58:00Z,95.9991,0.000000,0.000000,0.000000,above_band_high
2026-07-04T10:59:00Z,95.9991,0.000000,0.000000,0.000000,above_band_high
2026-07-04T11:00:00Z,95.9838,0.000000,0.000000,0.000000,above_band_high
2026-07-04T11:01:00Z,95.9884,0.000000,0.000000,0.000000,above_band_high
2026-07-04T11:02:00Z,95.9930,0.000000,0.000000,0.000000,above_band_high
2026-07-04T11:03:00Z,96.0403,0.000000,0.000000,0.000000,above_band_high
2026-07-04T11:04:00Z,96.0113,0.000000,0.000000,0.000000,above_band_high
2026-07-04T11:05:00Z,95.9747,0.000000,0.000000,0.000000,above_band_high
2026-07-04T11:06:00Z,96.0037,0.000000,0.000000,0.000000,above_band_high
2026-07-04T11:07:00Z,95.9899,0.000000,0.000000,0.000000,above_band_high
2026-07-04T11:08:00Z,95.9884,0.000000,0.000000,0.000000,above_band_high
2026-07-04T11:09:00Z,95.9579,0.000000,0.000000,0.000000,above_band_high
2026-07-04T11:10:00Z,95.9762,0.000000,0.000000,0.000000,above_band_high
2026-07-04T11:11:00Z,95.9884,0.000000,0.000000,0.000000,above_band_high
2026-07-04T11:12:00Z,96.0082,0.000000,0.000000,0.000000,above_band_high
2026-07-04T11:13:00Z,96.0021,0.000000,0.000000,0.000000,above_band_high
2026-07-04T11:14:00Z,95.9854,0.000000,0.000000,0.000000,above_band_high
2026-07-04T11:15:00Z,95.9762,0.000000,0.000000,0.000000,above_band_high
2026-07-04T11:16:00Z,96.0174,0.000000,0.000000,0.000000,above_band_high
2026-07-04T11:17:00Z,95.9930,0.000000,0.000000,0.000000,above_band_high
2026-07-04T11:18:00Z,96.0403,0.000000,0.000000,0.000000,above_band_high
2026-07-04T11:19:00Z,96.0128,0.000000,0.000000,0.000000,above_band_high
2026-07-04T11:20:00Z,96.0754,0.000000,0.000000,0.000000,above_band_high
2026-07-04T11:21:00Z,96.0403,0.000000,0.000000,0.000000,above_band_high
2026-07-04T11:22:00Z,96.0891,0.000000,0.000000,0.000000,above_band_high
2026-07-04T11:23:00Z,96.0861,0.000000,0.000000,0.000000,above_band_high
2026-07-04T11:24:00Z,96.1120,0.000000,0.000000,0.000000,above_band_high
2026-07-04T11:25:00Z,96.1166,0.000000,0.000000,0.000000,above_band_high
2026-07-04T11:26:00Z,96.1257,0.000000,0.000000,0.000000,above_band_high
2026-07-04T11:27:00Z,96.0983,0.000000,0.000000,0.000000,above_band_high
2026-07-04T11:28:00Z,96.0754,0.000000,0.000000,0.000000,above_band_high
2026-07-04T11:29:00Z,96.0861,0.000000,0.000000,0.000000,above_band_high
2026-07-04T11:30:00Z,96.0861,0.000000,0.000000,0.000000,above_band_high
2026-07-04T11:31:00Z,96.0815,0.000000,0.000000,0.000000,above_band_high
2026-07-04T11:32:00Z,96.1074,0.000000,0.000000,0.000000,above_band_high
2026-07-04T11:33:00Z,96.1074,0.000000,0.000000,0.000000,above_band_high
2026-07-04T11:34:00Z,96.0754,0.000000,0.000000,0.000000,above_band_high
2026-07-04T11:35:00Z,96.0708,0.000000,0.000000,0.000000,above_band_high
2026-07-04T11:36:00Z,96.0800,0.000000,0.000000,0.000000,above_band_high
2026-07-04T11:37:00Z,96.0540,0.000000,0.000000,0.000000,above_band_high
2026-07-04T11:38:00Z,96.0296,0.000000,0.000000,0.000000,above_band_high
2026-07-04T11:39:00Z,96.0388,0.000000,0.000000,0.000000,above_band_high
2026-07-04T11:40:00Z,96.0449,0.000000,0.000000,0.000000,above_band_high
2026-07-04T11:41:00Z,96.0082,0.000000,0.000000,0.000000,above_band_high
2026-07-04T11:42:00Z,96.0082,0.000000,0.000000,0.000000,above_band_high
2026-07-04T11:43:00Z,96.0021,0.000000,0.000000,0.000000,above_band_high
2026-07-04T11:44:00Z,95.9716,0.000000,0.000000,0.000000,above_band_high
2026-07-04T11:45:00Z,96.0082,0.000000,0.000000,0.000000,above_band_high
2026-07-04T11:46:00Z,95.9884,0.000000,0.000000,0.000000,above_band_high
2026-07-04T11:47:00Z,95.9609,0.000000,0.000000,0.000000,above_band_high
2026-07-04T11:48:00Z,95.9213,0.000000,0.000000,0.000000,above_band_high
2026-07-04T11:49:00Z,95.9380,0.000000,0.000000,0.000000,above_band_high
2026-07-04T11:50:00Z,95.9472,0.000000,0.000000,0.000000,above_band_high
2026-07-04T11:51:00Z,95.9487,0.000000,0.000000,0.000000,above_band_high
2026-07-04T11:52:00Z,95.8968,0.000000,0.000000,0.000000,above_band_high
2026-07-04T11:53:00Z,95.9121,0.000000,0.000000,0.000000,above_band_high
2026-07-04T11:54:00Z,95.9258,0.000000,0.000000,0.000000,above_band_high
2026-07-04T11:55:00Z,95.9518,0.000000,0.000000,0.000000,above_band_high
2026-07-04T11:56:00Z,95.9106,0.000000,0.000000,0.000000,above_band_high
2026-07-04T11:57:00Z,95.8923,0.000000,0.000000,0.000000,above_band_high
2026-07-04T11:58:00Z,95.9152,0.000000,0.000000,0.000000,above_band_high
2026-07-04T11:59:00Z,95.9152,0.000000,0.000000,0.000000,above_band_high
2026-07-04T12:00:00Z,95.8618,0.000000,0.000000,0.000000,above_band_high
2026-07-04T12:01:00Z,95.8511,0.000000,0.000000,0.000000,above_band_high
2026-07-04T12:02:00Z,95.8663,0.000000,0.000000,0.000000,above_band_high
2026-07-04T12:03:00Z,95.8465,0.000000,0.000000,0.000000,above_band_high
2026-07-04T12:04:00Z,95.8511,0.000000,0.000000,0.000000,above_band_high
2026-07-04T12:05:00Z,95.8389,0.000000,0.000000,0.000000,above_band_high
2026-07-04T12:06:00Z,95.8434,0.000000,0.000000,0.000000,above_band_high
2026-07-04T12:07:00Z,95.8282,0.000000,0.000000,0.000000,above_band_high
2026-07-04T12:08:00Z,95.8145,0.000000,0.000000,0.000000,above_band_high
2026-07-04T12:09:00Z,95.8236,0.000000,0.000000,0.000000,above_band_high
2026-07-04T12:10:00Z,95.8251,0.000000,0.000000,0.000000,above_band_high
2026-07-04T12:11:00Z,95.8206,0.000000,0.000000,0.000000,above_band_high
2026-07-04T12:12:00Z,95.7885,0.000000,0.000000,0.000000,above_band_high
2026-07-04T12:13:00Z,95.7885,0.000000,0.000000,0.000000,above_band_high
2026-07-04T12:14:00Z,95.7687,0.000000,0.000000,0.000000,above_band_high
2026-07-04T12:15:00Z,95.7473,0.000000,0.000000,0.000000,above_band_high
2026-07-04T12:16:00Z,95.7549,0.000000,0.000000,0.000000,above_band_high
2026-07-04T12:17:00Z,95.7427,0.000000,0.000000,0.000000,above_band_high
2026-07-04T12:18:00Z,95.7092,0.000000,0.000000,0.000000,above_band_high
2026-07-04T12:19:00Z,95.7275,0.000000,0.000000,0.000000,above_band_high
2026-07-04T12:20:00Z,95.7198,0.000000,0.000000,0.000000,above_band_high
2026-07-04T12:21:00Z,95.6970,0.000000,0.000000,0.000000,above_band_high
2026-07-04T12:22:00Z,95.6970,0.000000,0.000000,0.000000,above_band_high
2026-07-04T12:23:00Z,95.7015,0.000000,0.000000,0.000000,above_band_high
2026-07-04T12:24:00Z,95.7000,0.000000,0.000000,0.000000,above_band_high
2026-07-04T12:25:00Z,95.7412,0.000000,0.000000,0.000000,above_band_high
2026-07-04T12:26:00Z,95.6680,0.000000,0.000000,0.000000,above_band_high
2026-07-04T12:27:00Z,95.6832,0.000000,0.000000,0.000000,above_band_high
2026-07-04T12:28:00Z,95.6786,0.000000,0.000000,0.000000,above_band_high
2026-07-04T12:29:00Z,95.6466,0.000000,0.000000,0.000000,above_band_high
2026-07-04T12:30:00Z,95.6771,0.000000,0.000000,0.000000,above_band_high
2026-07-04T12:31:00Z,95.6497,0.000000,0.000000,0.000000,above_band_high
2026-07-04T12:32:00Z,95.6146,0.000000,0.000000,0.000000,above_band_high
2026-07-04T12:33:00Z,95.6085,0.000000,0.000000,0.000000,above_band_high
2026-07-04T12:34:00Z,95.5993,0.000000,0.000000,0.000000,above_band_high
2026-07-04T12:35:00Z,95.5901,0.000000,0.000000,0.000000,above_band_high
2026-07-04T12:36:00Z,95.5718,0.000000,0.000000,0.000000,above_band_high
2026-07-04T12:37:00Z,95.5718,0.000000,0.000000,0.000000,above_band_high
2026-07-04T12:38:00Z,95.5673,0.000000,0.000000,0.000000,above_band_high
2026-07-04T12:39:00Z,95.5550,0.000000,0.000000,0.000000,above_band_high
2026-07-04T12:40:00Z,95.5688,0.000000,0.000000,0.000000,above_band_high
2026-07-04T12:41:00Z,95.5184,0.000000,0.000000,0.000000,above_band_high
2026-07-04T12:42:00Z,95.5459,0.000000,0.000000,0.000000,above_band_high
2026-07-04T12:43:00Z,95.5138,0.000000,0.000000,0.000000,above_band_high
2026-07-04T12:44:00Z,95.5322,0.000000,0.000000,0.000000,above_band_high
2026-07-04T12:45:00Z,95.5230,0.000000,0.000000,0.000000,above_band_high
2026-07-04T12:46:00Z,95.5413,0.000000,0.000000,0.000000,above_band_high
2026-07-04T12:47:00Z,95.5032,0.000000,0.000000,0.000000,above_band_high
2026-07-04T12:48:00Z,95.5077,0.000000,0.000000,0.000000,above_band_high
2026-07-04T12:49:00Z,95.5734,0.000000,0.000000,0.000000,above_band_high
2026-07-04T12:50:00Z,95.5947,0.000000,0.000000,0.000000,above_band_high
2026-07-04T12:51:00Z,95.5642,0.000000,0.000000,0.000000,above_band_high
2026-07-04T12:52:00Z,95.5261,0.000000,0.000000,0.000000,above_band_high
2026-07-04T12:53:00Z,95.4757,0.000000,0.000000,0.000000,above_band_high
2026-07-04T12:54:00Z,95.4574,0.000000,0.000000,0.000000,above_band_high
2026-07-04T12:55:00Z,95.4528,0.000000,0.000000,0.000000,above_band_high
2026-07-04T12:56:00Z,95.3704,0.000000,0.000000,0.000000,above_band_high
2026-07-04T12:57:00Z,95.3262,0.000000,0.000000,0.000000,above_band_high
2026-07-04T12:58:00Z,95.2850,0.000000,0.000000,0.000000,above_band_high
2026-07-04T12:59:00Z,95.2285,0.000000,0.000000,0.000000,above_band_high
2026-07-04T13:00:00Z,95.2026,0.000000,0.000000,0.000000,above_band_high
2026-07-04T13:01:00Z,95.1980,0.000000,0.000000,0.000000,above_band_high
2026-07-04T13:02:00Z,95.1568,0.000000,0.000000,0.000000,above_band_high
2026-07-04T13:03:00Z,95.1003,0.000000,0.000000,0.000000,above_band_high
2026-07-04T13:04:00Z,95.0774,0.000000,0.000000,0.000000,above_band_high
2026-07-04T13:05:00Z,95.0546,0.000000,0.000000,0.000000,above_band_high
2026-07-04T13:06:00Z,94.9828,0.000000,0.000000,0.000000,above_band_high
2026-07-04T13:07:00Z,94.9950,0.000000,0.000000,0.000000,above_band_high
2026-07-04T13:08:00Z,94.9371,0.000000,0.000000,0.000000,above_band_high
2026-07-04T13:09:00Z,94.9050,0.000000,0.000000,0.000000,above_band_high
2026-07-04T13:10:00Z,94.8867,0.000000,0.000000,0.000000,above_band_high
2026-07-04T13:11:00Z,94.8623,0.000000,0.000000,0.000000,above_band_high
2026-07-04T13:12:00Z,94.8486,0.000000,0.000000,0.000000,above_band_high
2026-07-04T13:13:00Z,94.8074,0.000000,0.000000,0.000000,above_band_high
2026-07-04T13:14:00Z,94.8363,0.000000,0.000000,0.000000,above_band_high
2026-07-04T13:15:00Z,94.7814,0.000000,0.000000,0.000000,above_band_high
2026-07-04T13:16:00Z,94.7494,0.000000,0.000000,0.000000,above_band_high
2026-07-04T13:17:00Z,94.7295,0.000000,0.000000,0.000000,above_band_high
2026-07-04T13:18:00Z,94.7127,0.000000,0.000000,0.000000,above_band_high
2026-07-04T13:19:00Z,94.6853,0.000000,0.000000,0.000000,above_band_high
2026-07-04T13:20:00Z,94.7021,0.000000,0.000000,0.000000,above_band_high
2026-07-04T13:21:00Z,94.6990,0.000000,0.000000,0.000000,above_band_high
2026-07-04T13:22:00Z,94.6761,0.000000,0.000000,0.000000,above_band_high
2026-07-04T13:23:00Z,94.7036,0.000000,0.000000,0.000000,above_band_high
2026-07-04T13:24:00Z,94.7982,0.000000,0.000000,0.000000,above_band_high
2026-07-04T13:25:00Z,94.8760,0.000000,0.000000,0.000000,above_band_high
2026-07-04T13:26:00Z,94.9599,0.000000,0.000000,0.000000,above_band_high
2026-07-04T13:27:00Z,94.9874,0.000000,0.000000,0.000000,above_band_high
2026-07-04T13:28:00Z,94.9828,0.000000,0.000000,0.000000,above_band_high
2026-07-04T13:29:00Z,94.9493,0.000000,0.000000,0.000000,above_band_high
2026-07-04T13:30:00Z,94.7890,0.000000,0.000000,0.000000,above_band_high
2026-07-04T13:31:00Z,94.5708,0.000000,0.000000,0.000000,above_band_high
2026-07-04T13:32:00Z,94.3267,0.000000,0.000000,0.000000,above_band_high
2026-07-04T13:33:00Z,94.0627,0.000000,0.000000,0.000000,above_band_high
2026-07-04T13:34:00Z,93.8659,0.000000,0.000000,0.000000,above_band_high
2026-07-04T13:35:00Z,93.6126,0.000000,0.000000,0.000000,above_band_high
2026-07-04T13:36:00Z,93.3837,0.000000,0.000000,0.000000,above_band_high
2026-07-04T13:37:00Z,93.2280,0.000000,0.000000,0.000000,above_band_high
2026-07-04T13:38:00Z,93.0953,0.000000,0.000000,0.000000,above_band_high
2026-07-04T13:39:00Z,92.8817,0.000000,0.000000,0.000000,above_band_high
2026-07-04T13:40:00Z,92.6604,0.000000,0.000000,0.000000,above_band_high
2026-07-04T13:41:00Z,92.5154,0.000000,0.000000,0.000000,above_band_high
2026-07-04T13:42:00Z,92.3232,0.000000,0.000000,0.000000,above_band_high
2026-07-04T13:43:00Z,92.1752,0.000000,0.000000,0.000000,above_band_high
2026-07-04T13:44:00Z,92.0714,0.000000,0.000000,0.000000,above_band_high
2026-07-04T13:45:00Z,92.0165,0.000000,0.000000,0.000000,above_band_high
2026-07-04T13:46:00Z,91.9371,0.000000,0.000000,0.000000,above_band_high
2026-07-04T13:47:00Z,91.8776,0.000000,0.000000,0.000000,above_band_high
2026-07-04T13:48:00Z,91.8883,0.000000,0.000000,0.000000,above_band_high
2026-07-04T13:49:00Z,91.9982,0.000000,0.000000,0.000000,above_band_high
2026-07-04T13:50:00Z,92.0745,0.000000,0.000000,0.000000,above_band_high
2026-07-04T13:51:00Z,92.1263,0.000000,0.000000,0.000000,above_band_high
2026-07-04T13:52:00Z,92.1523,0.000000,0.000000,0.000000,above_band_high
2026-07-04T13:53:00Z,92.0424,0.000000,0.000000,0.000000,above_band_high
2026-07-04T13:54:00Z,91.9203,0.000000,0.000000,0.000000,above_band_high
2026-07-04T13:55:00Z,91.7784,0.000000,0.000000,0.000000,above_band_high
2026-07-04T13:56:42Z,91.4839,0.000000,0.011197,0.011197,in_band
2026-07-04T13:56:49Z,91.5312,0.010466,0.000000,-0.010466,above_band_high
2026-07-04T13:58:17Z,91.2505,0.002444,0.002348,-0.000096,in_band
2026-07-04T13:58:59Z,91.1513,0.001221,0.001173,-0.000048,in_band
2026-07-04T13:59:00Z,91.1589,0.001201,0.001154,-0.000047,in_band
2026-07-04T13:59:59Z,90.9728,0.000453,0.000435,-0.000018,in_band
2026-07-04T14:00:00Z,90.9773,0.000445,0.000428,-0.000017,in_band
2026-07-04T14:00:59Z,90.7805,0.000168,0.000161,-0.000007,in_band
2026-07-04T14:01:00Z,90.8019,0.000165,0.000159,-0.000006,in_band
2026-07-04T14:01:59Z,90.6645,0.000062,0.000060,-0.000002,in_band
2026-07-04T14:02:00Z,90.6462,0.000061,0.000059,-0.000002,in_band
2026-07-04T14:02:59Z,90.5180,0.000023,0.000022,-0.000001,in_band
2026-07-04T14:03:00Z,90.5226,0.000023,0.000022,-0.000001,in_band
2026-07-04T14:03:59Z,90.4402,0.000009,0.000008,-0.000000,in_band
2026-07-04T14:04:00Z,90.4234,0.000008,0.000008,-0.000000,in_band
2026-07-04T14:04:59Z,90.3548,0.000003,0.000003,-0.000000,in_band
2026-07-04T14:05:00Z,90.3136,0.000003,0.000003,-0.000000,in_band
2026-07-04T14:05:59Z,90.1884,0.000001,0.000001,-0.000000,in_band
2026-07-04T14:06:00Z,90.2068,0.000001,0.000001,-0.000000,in_band
2026-07-04T14:06:59Z,90.1656,0.000000,0.000000,-0.000000,in_band
2026-07-04T14:07:00Z,90.1534,0.000000,0.000000,-0.000000,in_band
2026-07-04T14:07:59Z,90.1427,0.000000,0.000000,-0.000000,in_band
2026-07-04T14:08:00Z,90.1488,0.000000,0.000000,-0.000000,in_band
2026-07-04T14:08:59Z,90.0237,0.000000,0.000000,-0.000000,in_band
2026-07-04T14:09:46Z,89.9840,0.000126,0.000037,-0.000089,below_midpoint_feather
2026-07-04T14:09:56Z,89.9519,0.000126,0.000329,0.000203,below_midpoint_feather
2026-07-04T14:10:36Z,89.9138,0.001517,0.001070,-0.000447,below_midpoint_feather
2026-07-04T14:10:53Z,89.8589,0.001718,0.002866,0.001148,below_midpoint_feather
2026-07-04T14:11:42Z,89.7459,0.006174,0.009387,0.003214,below_midpoint_feather
2026-07-04T14:11:50Z,89.7810,0.008766,0.007084,-0.001682,below_midpoint_feather
2026-07-04T14:12:14Z,89.6895,0.010430,0.014217,0.003787,below_midpoint_feather
2026-07-04T14:12:19Z,89.7719,0.011793,0.007969,-0.003825,below_midpoint_feather
2026-07-04T14:13:02Z,89.6803,0.019624,0.015869,-0.003755,below_midpoint_feather
2026-07-04T14:13:45Z,89.5720,0.023260,0.028641,0.005381,below_midpoint_feather
2026-07-04T14:14:13Z,89.5628,0.026010,0.030848,0.004838,below_midpoint_feather
2026-07-04T14:14:46Z,89.6254,0.028497,0.025090,-0.003407,below_midpoint_feather
2026-07-04T14:15:06Z,89.6315,0.029441,0.025402,-0.004039,below_midpoint_feather
2026-07-04T14:15:32Z,89.5857,0.026507,0.031778,0.005271,below_midpoint_feather
2026-07-04T14:16:30Z,89.6361,0.024895,0.028943,0.004048,below_midpoint_feather
2026-07-04T14:16:44Z,89.7002,0.026802,0.023508,-0.003294,below_midpoint_feather
2026-07-04T14:17:02Z,89.7185,0.027421,0.022757,-0.004664,below_midpoint_feather
2026-07-04T14:17:23Z,89.6498,0.024322,0.029774,0.005451,below_midpoint_feather
2026-07-04T14:18:05Z,89.7398,0.027057,0.023521,-0.003535,below_midpoint_feather
2026-07-04T14:18:39Z,89.7139,0.023728,0.026663,0.002935,below_midpoint_feather
2026-07-04T14:19:04Z,89.7642,0.025834,0.023677,-0.002158,below_midpoint_feather
2026-07-04T14:19:47Z,89.7139,0.024195,0.028560,0.004364,below_midpoint_feather
2026-07-04T14:20:10Z,89.8192,0.024444,0.022111,-0.002334,below_midpoint_feather
2026-07-04T14:20:58Z,89.7642,0.022509,0.026335,0.003826,below_midpoint_feather
2026-07-04T14:21:15Z,89.7826,0.023029,0.025449,0.002419,below_midpoint_feather
2026-07-04T14:21:38Z,89.8604,0.023233,0.021857,-0.001376,below_midpoint_feather
2026-07-04T14:22:06Z,89.8787,0.022557,0.021556,-0.001001,below_midpoint_feather
2026-07-04T14:22:39Z,89.8329,0.021696,0.023791,0.002095,below_midpoint_feather
2026-07-04T14:23:25Z,89.8817,0.021023,0.022174,0.001151,below_midpoint_feather
2026-07-04T14:23:32Z,89.9413,0.021371,0.020719,-0.000652,below_midpoint_feather
2026-07-04T14:24:01Z,89.9886,0.020736,0.020399,-0.000337,below_midpoint_feather
2026-07-04T14:24:06Z,89.9062,0.020918,0.021654,0.000736,below_midpoint_feather
2026-07-04T14:25:02Z,89.9657,0.020471,0.020718,0.000247,below_midpoint_feather
2026-07-04T14:25:11Z,90.0023,0.020522,0.020522,-0.000001,in_band
2026-07-04T14:26:00Z,90.0191,0.019996,0.020140,0.000144,in_band
2026-07-04T14:26:59Z,90.0893,0.019380,0.019519,0.000139,in_band
2026-07-04T14:27:00Z,90.0801,0.019369,0.019509,0.000139,in_band
2026-07-04T14:27:59Z,90.1289,0.018755,0.018890,0.000135,in_band
2026-07-04T14:28:00Z,90.1289,0.018745,0.018880,0.000135,in_band
2026-07-04T14:28:59Z,90.1381,0.018144,0.018275,0.000131,in_band
2026-07-04T14:29:00Z,90.1625,0.018134,0.018265,0.000131,in_band
2026-07-04T14:29:59Z,90.1259,0.017551,0.017677,0.000126,in_band
2026-07-04T14:30:51Z,90.0420,0.017052,0.017175,0.000123,in_band
2026-07-04T14:30:53Z,89.9840,0.017033,0.017211,0.000178,below_midpoint_feather
2026-07-04T14:31:43Z,89.9107,0.017165,0.018138,0.000974,below_midpoint_feather
2026-07-04T14:31:53Z,89.9519,0.017381,0.017336,-0.000044,below_midpoint_feather
2026-07-04T14:32:28Z,89.8589,0.018277,0.019865,0.001588,below_midpoint_feather
2026-07-04T14:32:51Z,89.8741,0.019912,0.019329,-0.000584,below_midpoint_feather
2026-07-04T14:33:53Z,89.6773,0.029411,0.032290,0.002879,below_midpoint_feather
2026-07-04T14:33:55Z,89.7368,0.030469,0.027357,-0.003113,below_midpoint_feather
2026-07-04T14:34:50Z,89.5659,0.040686,0.045444,0.004757,below_midpoint_feather
2026-07-04T14:34:54Z,89.6086,0.043637,0.040549,-0.003089,below_midpoint_feather
2026-07-04T14:35:56Z,89.4606,0.054352,0.062894,0.008542,below_midpoint_feather
2026-07-04T14:35:59Z,89.4987,0.059291,0.057421,-0.001870,below_midpoint_feather
2026-07-04T14:36:32Z,89.4987,0.066743,0.059602,-0.007141,below_midpoint_feather
2026-07-04T14:36:49Z,89.3980,0.069724,0.076710,0.006986,below_midpoint_feather
2026-07-04T14:37:09Z,89.3568,0.075892,0.085707,0.009815,below_midpoint_feather
2026-07-04T14:37:50Z,89.3782,0.094668,0.085946,-0.008722,below_midpoint_feather
2026-07-04T14:38:05Z,89.3706,0.093489,0.089041,-0.004448,below_midpoint_feather
2026-07-04T14:38:08Z,89.2836,0.096728,0.106045,0.009318,below_midpoint_feather
2026-07-04T14:39:08Z,89.3248,0.111508,0.105892,-0.005617,below_midpoint_feather
2026-07-04T14:39:34Z,89.2546,0.114695,0.123892,0.009197,below_midpoint_feather
2026-07-04T14:40:30Z,89.2836,0.133054,0.126838,-0.006216,below_midpoint_feather
2026-07-04T14:40:58Z,89.1905,0.143875,0.151919,0.008044,below_midpoint_feather
2026-07-04T14:41:06Z,89.2317,0.151144,0.144124,-0.007020,below_midpoint_feather
2026-07-04T14:41:38Z,89.1325,0.161394,0.173256,0.011862,below_midpoint_feather
2026-07-04T14:42:46Z,89.0898,0.180194,0.198279,0.018085,below_midpoint_feather
2026-07-04T14:42:49Z,89.1829,0.188287,0.176077,-0.012211,below_midpoint_feather
2026-07-04T14:43:44Z,89.0074,0.220498,0.234229,0.013731,below_midpoint_feather
2026-07-04T14:43:49Z,89.0532,0.228007,0.222884,-0.005122,below_midpoint_feather
2026-07-04T14:44:04Z,88.9631,0.237035,0.252248,0.015214,below_midpoint_feather
2026-07-04T14:44:09Z,89.0227,0.243147,0.236569,-0.006578,below_midpoint_feather
2026-07-04T14:45:32Z,88.9433,0.298982,0.285352,-0.013630,below_midpoint_feather
2026-07-04T14:45:55Z,88.8258,0.313459,0.330862,0.017403,below_midpoint_feather
2026-07-04T14:46:23Z,88.7877,0.337512,0.354521,0.017010,below_midpoint_feather
2026-07-04T14:46:59Z,88.8060,0.370919,0.363116,-0.007803,below_midpoint_feather
2026-07-04T14:47:14Z,88.7205,0.379028,0.399725,0.020697,below_midpoint_feather
2026-07-04T14:47:18Z,88.7663,0.393209,0.385147,-0.008062,below_midpoint_feather
2026-07-04T14:48:51Z,88.6458,0.483222,0.476977,-0.006244,below_midpoint_feather
2026-07-04T14:48:52Z,88.5908,0.483786,0.499133,0.015347,below_midpoint_feather
2026-07-04T14:49:31Z,88.5237,0.529177,0.549703,0.020526,below_midpoint_feather
2026-07-04T14:49:59Z,88.5542,0.564926,0.554634,-0.010292,below_midpoint_feather
2026-07-04T14:50:36Z,88.4367,0.609451,0.628932,0.019480,below_midpoint_feather
2026-07-04T14:50:59Z,88.4504,0.648937,0.639256,-0.009681,below_midpoint_feather
2026-07-04T14:51:45Z,88.4001,0.706162,0.695435,-0.010727,below_midpoint_feather
2026-07-04T14:51:55Z,88.3543,0.700371,0.722882,0.022511,below_midpoint_feather
2026-07-04T14:52:30Z,88.3940,0.742378,0.734452,-0.007926,below_midpoint_feather
2026-07-04T14:52:38Z,88.3528,0.739898,0.758691,0.018793,below_midpoint_feather
2026-07-04T14:53:11Z,88.3223,0.779368,0.799569,0.020200,below_midpoint_feather
2026-07-04T14:53:52Z,88.3803,0.821888,0.810365,-0.011523,below_midpoint_feather
2026-07-04T14:54:13Z,88.3986,0.840349,0.821069,-0.019280,below_midpoint_feather
2026-07-04T14:54:41Z,88.3207,0.855359,0.879069,0.023709,below_midpoint_feather
2026-07-04T14:55:08Z,88.3223,0.883297,0.902460,0.019163,below_midpoint_feather
2026-07-04T14:55:24Z,88.3726,0.904069,0.895256,-0.008814,below_midpoint_feather
2026-07-04T14:56:36Z,88.3223,0.963915,0.981106,0.017191,below_midpoint_feather
2026-07-04T14:56:48Z,88.3894,0.983128,0.963205,-0.019922,below_midpoint_feather
2026-07-04T14:57:03Z,88.3223,0.988156,1.000000,0.011844,below_midpoint_feather
2026-07-04T14:57:06Z,88.3757,0.990856,0.985232,-0.005624,below_midpoint_feather
2026-07-04T14:58:00Z,88.3543,1.000000,1.000000,0.000000,below_midpoint_feather
2026-07-04T14:59:00Z,88.3543,1.000000,1.000000,0.000000,below_midpoint_feather
2026-07-04T15:00:00Z,88.4504,1.000000,1.000000,0.000000,below_midpoint_feather
2026-07-04T15:01:00Z,88.4398,1.000000,1.000000,0.000000,below_midpoint_feather
2026-07-04T15:02:00Z,88.4504,1.000000,1.000000,0.000000,below_midpoint_feather
2026-07-04T15:03:00Z,88.5328,1.000000,1.000000,0.000000,below_midpoint_feather
2026-07-04T15:04:00Z,88.5878,1.000000,1.000000,0.000000,below_midpoint_feather
2026-07-04T15:05:00Z,88.6870,1.000000,1.000000,0.000000,below_midpoint_feather
2026-07-04T15:06:00Z,88.7526,1.000000,1.000000,0.000000,below_midpoint_feather
2026-07-04T15:07:00Z,88.7846,1.000000,1.000000,0.000000,below_midpoint_feather
2026-07-04T15:08:00Z,88.8075,1.000000,1.000000,0.000000,below_midpoint_feather
2026-07-04T15:09:00Z,88.7877,1.000000,1.000000,0.000000,below_midpoint_feather
2026-07-04T15:10:00Z,88.8075,1.000000,1.000000,0.000000,below_midpoint_feather
2026-07-04T15:11:00Z,88.8289,1.000000,1.000000,0.000000,below_midpoint_feather
2026-07-04T15:12:00Z,88.8396,1.000000,1.000000,0.000000,below_midpoint_feather
2026-07-04T15:13:00Z,88.8334,1.000000,1.000000,0.000000,below_midpoint_feather
2026-07-04T15:14:00Z,88.8167,1.000000,1.000000,0.000000,below_midpoint_feather
2026-07-04T15:15:00Z,88.7709,1.000000,1.000000,0.000000,below_midpoint_feather
2026-07-04T15:16:00Z,88.7572,1.000000,1.000000,0.000000,below_midpoint_feather
2026-07-04T15:17:00Z,88.8243,1.000000,1.000000,0.000000,below_midpoint_feather
2026-07-04T15:18:00Z,88.9525,1.000000,1.000000,0.000000,below_midpoint_feather
2026-07-04T15:19:00Z,89.0867,1.000000,1.000000,0.000000,below_midpoint_feather
2026-07-04T15:20:00Z,89.2607,1.000000,1.000000,0.000000,below_midpoint_feather
2026-07-04T15:21:00Z,89.3645,1.000000,1.000000,0.000000,below_midpoint_feather
2026-07-04T15:22:00Z,89.4759,1.000000,1.000000,0.000000,below_midpoint_feather
2026-07-04T15:23:00Z,89.6208,1.000000,1.000000,0.000000,below_midpoint_feather
2026-07-04T15:24:00Z,89.6849,1.000000,1.000000,0.000000,below_midpoint_feather
2026-07-04T15:25:00Z,89.7917,1.000000,1.000000,0.000000,below_midpoint_feather
2026-07-04T15:25:56Z,89.9199,0.999991,0.999698,-0.000293,below_midpoint_feather
2026-07-04T15:26:31Z,89.9413,0.999529,0.999758,0.000230,below_midpoint_feather
2026-07-04T15:26:53Z,90.0298,0.999470,0.996161,-0.003310,in_band
2026-07-04T15:27:00Z,89.9962,0.996199,0.994006,-0.002192,below_midpoint_feather
2026-07-04T15:27:59Z,90.1152,0.964355,0.962755,-0.001599,in_band
2026-07-04T15:28:00Z,90.0923,0.963822,0.962224,-0.001598,in_band
2026-07-04T15:28:59Z,90.1335,0.932846,0.931295,-0.001551,in_band
2026-07-04T15:29:00Z,90.1625,0.932329,0.930779,-0.001550,in_band
2026-07-04T15:29:59Z,90.1854,0.902303,0.900802,-0.001501,in_band
2026-07-04T15:30:00Z,90.2083,0.901802,0.900302,-0.001500,in_band
2026-07-04T15:30:59Z,90.2358,0.872737,0.871284,-0.001453,in_band
2026-07-04T15:31:00Z,90.2541,0.872252,0.870800,-0.001452,in_band
2026-07-04T15:31:59Z,90.2617,0.844130,0.842725,-0.001405,in_band
2026-07-04T15:32:00Z,90.2678,0.843661,0.842257,-0.001404,in_band
2026-07-04T15:32:59Z,90.3182,0.816459,0.815099,-0.001359,in_band
2026-07-04T15:33:00Z,90.3258,0.816005,0.814647,-0.001358,in_band
2026-07-04T15:33:59Z,90.3670,0.789692,0.788378,-0.001315,in_band
2026-07-04T15:34:00Z,90.3395,0.789254,0.787940,-0.001314,in_band
2026-07-04T15:34:59Z,90.4051,0.763804,0.762532,-0.001272,in_band
2026-07-04T15:35:00Z,90.3868,0.763379,0.762109,-0.001271,in_band
2026-07-04T15:35:59Z,90.4372,0.738763,0.737533,-0.001230,in_band
2026-07-04T15:36:00Z,90.4082,0.738353,0.737124,-0.001229,in_band
2026-07-04T15:36:59Z,90.3685,0.714544,0.713354,-0.001190,in_band
2026-07-04T15:37:00Z,90.3807,0.714147,0.712958,-0.001189,in_band
2026-07-04T15:37:59Z,90.3502,0.691118,0.689968,-0.001150,in_band
2026-07-04T15:38:00Z,90.3441,0.690734,0.689585,-0.001150,in_band
2026-07-04T15:38:59Z,90.2525,0.668461,0.667348,-0.001113,in_band
2026-07-04T15:39:00Z,90.2480,0.668089,0.666977,-0.001112,in_band
2026-07-04T15:39:59Z,90.1518,0.646546,0.645470,-0.001076,in_band
2026-07-04T15:40:00Z,90.1610,0.646187,0.645111,-0.001076,in_band
2026-07-04T15:40:59Z,90.1015,0.625350,0.624309,-0.001041,in_band
2026-07-04T15:41:00Z,90.0923,0.625002,0.623962,-0.001040,in_band
2026-07-04T15:41:57Z,89.9733,0.605521,0.605286,-0.000235,below_midpoint_feather
2026-07-04T15:42:57Z,89.9062,0.604470,0.605099,0.000628,below_midpoint_feather
2026-07-04T15:42:59Z,89.9474,0.604591,0.604241,-0.000350,below_midpoint_feather
2026-07-04T15:43:14Z,89.8512,0.604598,0.607003,0.002405,below_midpoint_feather
2026-07-04T15:43:38Z,89.8970,0.606705,0.605393,-0.001313,below_midpoint_feather
2026-07-04T15:44:21Z,89.7917,0.611619,0.610214,-0.001405,below_midpoint_feather
2026-07-04T15:44:54Z,89.6681,0.615321,0.620000,0.004679,below_midpoint_feather
2026-07-04T15:45:15Z,89.6956,0.621123,0.617824,-0.003298,below_midpoint_feather
2026-07-04T15:45:25Z,89.6040,0.621449,0.627131,0.005682,below_midpoint_feather
2026-07-04T15:46:28Z,89.4743,0.637982,0.646111,0.008129,below_midpoint_feather
2026-07-04T15:46:45Z,89.5430,0.643205,0.637346,-0.005860,below_midpoint_feather
2026-07-04T15:47:13Z,89.4347,0.659369,0.654810,-0.004559,below_midpoint_feather
2026-07-04T15:47:29Z,89.3462,0.663439,0.671374,0.007935,below_midpoint_feather
2026-07-04T15:48:15Z,89.3187,0.689647,0.681149,-0.008498,below_midpoint_feather
2026-07-04T15:48:36Z,89.2088,0.697040,0.706794,0.009754,below_midpoint_feather
2026-07-04T15:49:52Z,89.1829,0.735274,0.725647,-0.009626,below_midpoint_feather
2026-07-04T15:49:57Z,89.1127,0.731860,0.743686,0.011825,below_midpoint_feather
2026-07-04T15:50:30Z,89.1859,0.741818,0.733030,-0.008787,below_midpoint_feather
2026-07-04T15:50:52Z,89.1234,0.744882,0.753005,0.008123,below_midpoint_feather
2026-07-04T15:51:06Z,89.1142,0.746984,0.758514,0.011529,below_midpoint_feather
2026-07-04T15:51:54Z,89.1951,0.763438,0.750369,-0.013069,below_midpoint_feather
2026-07-04T15:52:05Z,89.1234,0.759801,0.770141,0.010340,below_midpoint_feather
2026-07-04T15:52:27Z,89.2180,0.761820,0.753058,-0.008762,below_midpoint_feather
2026-07-04T15:53:19Z,89.2180,0.755395,0.764881,0.009487,below_midpoint_feather
2026-07-04T15:53:55Z,89.3202,0.757884,0.751154,-0.006729,below_midpoint_feather
2026-07-04T15:54:00Z,89.3294,0.757954,0.750394,-0.007560,below_midpoint_feather
2026-07-04T15:54:07Z,89.2775,0.751239,0.762048,0.010809,below_midpoint_feather
2026-07-04T15:55:03Z,89.3935,0.757324,0.750187,-0.007137,below_midpoint_feather
2026-07-04T15:55:41Z,89.3431,0.757633,0.765288,0.007654,below_midpoint_feather
2026-07-04T15:56:39Z,89.3980,0.772438,0.763910,-0.008528,below_midpoint_feather
2026-07-04T15:56:54Z,89.3065,0.772290,0.782872,0.010583,below_midpoint_feather
2026-07-04T15:57:00Z,89.4011,0.773119,0.766312,-0.006806,below_midpoint_feather
2026-07-04T15:57:40Z,89.3416,0.775032,0.782425,0.007394,below_midpoint_feather
2026-07-04T15:58:11Z,89.3477,0.778398,0.785453,0.007055,below_midpoint_feather
2026-07-04T15:58:24Z,89.3889,0.787020,0.779789,-0.007231,below_midpoint_feather
2026-07-04T15:59:21Z,89.4011,0.791343,0.785357,-0.005986,below_midpoint_feather
2026-07-04T15:59:36Z,89.3339,0.793089,0.799443,0.006354,below_midpoint_feather
2026-07-04T16:00:41Z,89.3416,0.798739,0.806597,0.007858,below_midpoint_feather
2026-07-04T16:00:58Z,89.4331,0.800951,0.792852,-0.008100,below_midpoint_feather
2026-07-04T16:01:14Z,89.3736,0.798301,0.805005,0.006703,below_midpoint_feather
2026-07-04T16:01:34Z,89.4514,0.801336,0.794523,-0.006814,below_midpoint_feather
2026-07-04T16:02:36Z,89.4972,0.799416,0.795015,-0.004401,below_midpoint_feather
2026-07-04T16:02:43Z,89.4484,0.796122,0.803108,0.006985,below_midpoint_feather
2026-07-04T16:03:00Z,89.5491,0.797726,0.790562,-0.007164,below_midpoint_feather
2026-07-04T16:03:37Z,89.4987,0.795680,0.800991,0.005312,below_midpoint_feather
2026-07-04T16:04:03Z,89.5430,0.792232,0.797251,0.005019,below_midpoint_feather
2026-07-04T16:04:22Z,89.6391,0.792166,0.787599,-0.004567,below_midpoint_feather
2026-07-04T16:05:05Z,89.6040,0.789274,0.794348,0.005074,below_midpoint_feather
2026-07-04T16:05:43Z,89.7322,0.787948,0.784360,-0.003589,below_midpoint_feather
2026-07-04T16:06:10Z,89.7581,0.786123,0.783709,-0.002413,below_midpoint_feather
2026-07-04T16:06:21Z,89.6864,0.784962,0.789820,0.004858,below_midpoint_feather
2026-07-04T16:07:02Z,89.7871,0.786076,0.783709,-0.002367,below_midpoint_feather
2026-07-04T16:07:52Z,89.7642,0.784112,0.786512,0.002399,below_midpoint_feather
2026-07-04T16:08:13Z,89.8375,0.785110,0.782825,-0.002285,below_midpoint_feather
2026-07-04T16:08:14Z,89.7505,0.785130,0.787941,0.002811,below_midpoint_feather
2026-07-04T16:09:00Z,89.7826,0.784310,0.786664,0.002354,below_midpoint_feather
2026-07-04T16:09:50Z,89.7734,0.789780,0.788034,-0.001746,below_midpoint_feather
2026-07-04T16:10:44Z,89.7261,0.795324,0.792436,-0.002887,below_midpoint_feather
2026-07-04T16:10:54Z,89.6361,0.795553,0.800837,0.005284,below_midpoint_feather
2026-07-04T16:11:44Z,89.5491,0.805198,0.812355,0.007157,below_midpoint_feather
2026-07-04T16:11:49Z,89.6162,0.807822,0.804564,-0.003258,below_midpoint_feather
2026-07-04T16:12:21Z,89.5491,0.820664,0.813883,-0.006780,below_midpoint_feather
2026-07-04T16:12:38Z,89.4392,0.821524,0.830580,0.009056,below_midpoint_feather
2026-07-04T16:13:53Z,89.3202,0.848392,0.857388,0.008996,below_midpoint_feather
2026-07-04T16:13:57Z,89.3660,0.855005,0.849244,-0.005761,below_midpoint_feather
2026-07-04T16:14:17Z,89.3004,0.857147,0.863877,0.006731,below_midpoint_feather
2026-07-04T16:14:48Z,89.3339,0.870529,0.861200,-0.009329,below_midpoint_feather
2026-07-04T16:15:32Z,89.3507,0.870387,0.864336,-0.006052,below_midpoint_feather
2026-07-04T16:15:46Z,89.2912,0.870127,0.877923,0.007796,below_midpoint_feather
2026-07-04T16:16:36Z,89.4026,0.873310,0.864704,-0.008606,below_midpoint_feather
2026-07-04T16:16:49Z,89.3751,0.865237,0.871359,0.006122,below_midpoint_feather
2026-07-04T16:17:06Z,89.4209,0.871036,0.865897,-0.005139,below_midpoint_feather
2026-07-04T16:17:13Z,89.3797,0.868602,0.873880,0.005278,below_midpoint_feather
2026-07-04T16:18:36Z,89.4301,0.870120,0.875605,0.005485,below_midpoint_feather
2026-07-04T16:18:51Z,89.4942,0.871776,0.867449,-0.004327,below_midpoint_feather
2026-07-04T16:19:32Z,89.5033,0.876790,0.870430,-0.006360,below_midpoint_feather
2026-07-04T16:19:47Z,89.4514,0.874407,0.879657,0.005250,below_midpoint_feather
2026-07-04T16:20:12Z,89.4347,0.875996,0.884783,0.008787,below_midpoint_feather
2026-07-04T16:20:30Z,89.5155,0.879064,0.874431,-0.004633,below_midpoint_feather
2026-07-04T16:21:24Z,89.4560,0.880710,0.888066,0.007356,below_midpoint_feather
2026-07-04T16:21:57Z,89.5171,0.886451,0.882040,-0.004411,below_midpoint_feather
2026-07-04T16:22:20Z,89.5216,0.887561,0.883414,-0.004146,below_midpoint_feather
2026-07-04T16:22:43Z,89.4484,0.888898,0.896137,0.007240,below_midpoint_feather
2026-07-04T16:23:21Z,89.5247,0.894217,0.888322,-0.005896,below_midpoint_feather
2026-07-04T16:23:44Z,89.4575,0.895580,0.900069,0.004489,below_midpoint_feather
2026-07-04T16:24:18Z,89.5109,0.903676,0.895247,-0.008430,below_midpoint_feather
2026-07-04T16:24:23Z,89.4301,0.903177,0.907875,0.004697,below_midpoint_feather
2026-07-04T16:25:47Z,89.4667,0.916484,0.910067,-0.006418,below_midpoint_feather
2026-07-04T16:25:49Z,89.3889,0.914950,0.922929,0.007979,below_midpoint_feather
2026-07-04T16:26:18Z,89.4621,0.918636,0.913918,-0.004718,below_midpoint_feather
2026-07-04T16:26:53Z,89.3935,0.924058,0.928777,0.004718,below_midpoint_feather
2026-07-04T16:27:15Z,89.4301,0.929493,0.925027,-0.004465,below_midpoint_feather
2026-07-04T16:27:17Z,89.3568,0.927905,0.937878,0.009972,below_midpoint_feather
2026-07-04T16:28:00Z,89.3980,0.940128,0.935440,-0.004688,below_midpoint_feather
2026-07-04T16:28:48Z,89.3156,0.950698,0.956385,0.005687,below_midpoint_feather
2026-07-04T16:29:24Z,89.3385,0.966155,0.956814,-0.009341,below_midpoint_feather
2026-07-04T16:29:57Z,89.2241,0.975978,0.985027,0.009049,below_midpoint_feather
2026-07-04T16:30:31Z,89.1875,0.988264,0.998772,0.010508,below_midpoint_feather
2026-07-04T16:30:33Z,89.2363,0.996794,0.988169,-0.008625,below_midpoint_feather
2026-07-04T16:31:00Z,89.1676,1.000000,1.000000,0.000000,below_midpoint_feather
2026-07-04T16:32:00Z,88.9113,1.000000,1.000000,0.000000,below_midpoint_feather
2026-07-04T16:33:00Z,88.5466,1.000000,1.000000,0.000000,below_midpoint_feather
2026-07-04T16:34:00Z,88.1743,1.000000,1.000000,0.000000,below_midpoint_feather
2026-07-04T16:35:00Z,87.7684,1.000000,1.000000,0.000000,below_midpoint_feather
2026-07-04T16:36:00Z,87.4296,1.000000,1.000000,0.000000,below_midpoint_feather
2026-07-04T16:37:00Z,87.1031,1.000000,1.000000,0.000000,below_midpoint_feather
2026-07-04T16:38:00Z,86.8147,1.000000,1.000000,0.000000,below_midpoint_feather
2026-07-04T16:39:00Z,86.4576,1.000000,1.000000,0.000000,below_midpoint_feather
2026-07-04T16:40:00Z,86.1509,1.000000,1.000000,0.000000,below_midpoint_feather
2026-07-04T16:41:00Z,85.8259,1.000000,1.000000,0.000000,below_midpoint_feather
2026-07-04T16:42:00Z,85.5024,1.000000,1.000000,0.000000,below_midpoint_feather
2026-07-04T16:43:00Z,85.2461,1.000000,1.000000,0.000000,below_midpoint_feather
2026-07-04T16:44:00Z,85.0355,1.000000,1.000000,0.000000,below_midpoint_feather
2026-07-04T16:45:00Z,84.9104,1.000000,1.000000,0.000000,below_midpoint_feather
2026-07-04T16:46:00Z,84.8524,1.000000,1.000000,0.000000,below_midpoint_feather
2026-07-04T16:47:00Z,84.8890,1.000000,1.000000,0.000000,below_midpoint_feather
2026-07-04T16:48:00Z,84.9485,1.000000,1.000000,0.000000,below_midpoint_feather
2026-07-04T16:49:00Z,85.0401,1.000000,1.000000,0.000000,below_midpoint_feather
2026-07-04T16:50:00Z,85.2399,1.000000,1.000000,0.000000,below_midpoint_feather
2026-07-04T16:51:00Z,85.4704,1.000000,1.000000,0.000000,below_midpoint_feather
2026-07-04T16:52:00Z,85.6611,1.000000,1.000000,0.000000,below_midpoint_feather
2026-07-04T16:53:00Z,85.9327,1.000000,1.000000,0.000000,below_midpoint_feather
2026-07-04T16:54:00Z,86.0838,1.000000,1.000000,0.000000,below_midpoint_feather
2026-07-04T16:55:00Z,86.3401,1.000000,1.000000,0.000000,below_midpoint_feather
2026-07-04T16:56:00Z,86.4622,1.000000,1.000000,0.000000,below_midpoint_feather
2026-07-04T16:57:00Z,86.5553,1.000000,1.000000,0.000000,below_midpoint_feather
2026-07-04T16:58:00Z,86.6148,1.000000,1.000000,0.000000,below_midpoint_feather
2026-07-04T16:59:00Z,86.6285,1.000000,1.000000,0.000000,below_midpoint_feather
2026-07-04T17:00:00Z,86.6423,1.000000,1.000000,0.000000,below_midpoint_feather
2026-07-04T17:01:00Z,86.6178,1.000000,1.000000,0.000000,below_midpoint_feather
2026-07-04T17:02:00Z,86.6728,1.000000,1.000000,0.000000,below_midpoint_feather
2026-07-04T17:03:00Z,86.7781,1.000000,1.000000,0.000000,below_midpoint_feather
2026-07-04T17:04:00Z,86.8605,1.000000,1.000000,0.000000,below_midpoint_feather
2026-07-04T17:05:00Z,86.8757,1.000000,1.000000,0.000000,below_midpoint_feather
2026-07-04T17:06:00Z,86.8986,1.000000,1.000000,0.000000,below_midpoint_feather
2026-07-04T17:07:00Z,87.0253,1.000000,1.000000,0.000000,below_midpoint_feather
2026-07-04T17:08:00Z,87.1824,1.000000,1.000000,0.000000,below_midpoint_feather
2026-07-04T17:09:00Z,87.4235,1.000000,1.000000,0.000000,below_midpoint_feather
2026-07-04T17:10:00Z,87.6081,1.000000,1.000000,0.000000,below_midpoint_feather
2026-07-04T17:11:00Z,87.7821,1.000000,1.000000,0.000000,below_midpoint_feather
2026-07-04T17:12:00Z,87.9103,1.000000,1.000000,0.000000,below_midpoint_feather
2026-07-04T17:13:00Z,87.9973,1.000000,1.000000,0.000000,below_midpoint_feather
2026-07-04T17:14:00Z,88.1605,1.000000,1.000000,0.000000,below_midpoint_feather
2026-07-04T17:15:00Z,88.2612,1.000000,1.000000,0.000000,below_midpoint_feather
2026-07-04T17:16:00Z,88.3848,1.000000,1.000000,0.000000,below_midpoint_feather
2026-07-04T17:17:00Z,88.5420,1.000000,1.000000,0.000000,below_midpoint_feather
2026-07-04T17:18:00Z,88.7068,1.000000,1.000000,0.000000,below_midpoint_feather
2026-07-04T17:19:00Z,88.8014,1.000000,1.000000,0.000000,below_midpoint_feather
2026-07-04T17:20:00Z,88.9525,1.000000,1.000000,0.000000,below_midpoint_feather
2026-07-04T17:21:00Z,89.1051,1.000000,1.000000,0.000000,below_midpoint_feather
2026-07-04T17:22:00Z,89.2744,1.000000,1.000000,0.000000,below_midpoint_feather
2026-07-04T17:23:00Z,89.3828,1.000000,1.000000,0.000000,below_midpoint_feather
2026-07-04T17:24:00Z,89.5796,1.000000,1.000000,0.000000,below_midpoint_feather
2026-07-04T17:25:00Z,89.7414,1.000000,1.000000,0.000000,below_midpoint_feather
2026-07-04T17:25:28Z,89.8451,1.000000,0.999983,-0.000017,below_midpoint_feather
2026-07-04T17:26:00Z,89.8909,1.000000,0.999403,-0.000597,below_midpoint_feather
2026-07-04T17:26:25Z,89.8955,0.999329,0.999941,0.000613,below_midpoint_feather
2026-07-04T17:27:01Z,89.9962,0.999084,0.999087,0.000003,below_midpoint_feather
2026-07-04T17:27:14Z,90.0282,0.999261,0.996488,-0.002773,in_band
2026-07-04T17:28:00Z,90.0649,0.974406,0.972801,-0.001605,in_band
2026-07-04T17:28:59Z,90.1656,0.943199,0.941635,-0.001564,in_band
2026-07-04T17:29:00Z,90.1244,0.942677,0.941114,-0.001563,in_band
2026-07-04T17:29:59Z,90.2632,0.912359,0.910842,-0.001516,in_band
2026-07-04T17:30:00Z,90.2861,0.911853,0.910337,-0.001515,in_band
2026-07-04T17:30:59Z,90.3944,0.882478,0.881010,-0.001468,in_band
2026-07-04T17:31:00Z,90.4311,0.881988,0.880521,-0.001467,in_band
2026-07-04T17:31:59Z,90.5455,0.853558,0.852138,-0.001420,in_band
2026-07-04T17:32:00Z,90.5379,0.853084,0.851665,-0.001419,in_band
2026-07-04T17:32:59Z,90.6569,0.825579,0.824206,-0.001374,in_band
2026-07-04T17:33:00Z,90.6661,0.825121,0.823748,-0.001373,in_band
2026-07-04T17:33:59Z,90.7347,0.798515,0.797186,-0.001329,in_band
2026-07-04T17:34:00Z,90.7378,0.798072,0.796744,-0.001328,in_band
2026-07-04T17:34:59Z,90.8171,0.772337,0.771052,-0.001285,in_band
2026-07-04T17:35:00Z,90.7897,0.771908,0.770624,-0.001285,in_band
2026-07-04T17:35:59Z,90.8492,0.747017,0.745774,-0.001243,in_band
2026-07-04T17:36:00Z,90.8492,0.746602,0.745360,-0.001242,in_band
2026-07-04T17:36:59Z,90.8949,0.722527,0.721325,-0.001203,in_band
2026-07-04T17:37:00Z,90.9224,0.722126,0.720924,-0.001202,in_band
2026-07-04T17:37:59Z,90.9819,0.698840,0.697677,-0.001163,in_band
2026-07-04T17:38:00Z,90.9773,0.698452,0.697290,-0.001162,in_band
2026-07-04T17:38:59Z,91.0369,0.675929,0.674805,-0.001125,in_band
2026-07-04T17:39:00Z,91.0369,0.675554,0.674430,-0.001124,in_band
2026-07-04T17:39:59Z,91.0719,0.653770,0.652682,-0.001088,in_band
2026-07-04T17:40:00Z,91.0872,0.653407,0.652319,-0.001087,in_band
2026-07-04T17:40:59Z,91.1467,0.632337,0.631284,-0.001052,in_band
2026-07-04T17:41:00Z,91.1315,0.631985,0.630934,-0.001052,in_band
2026-07-04T17:41:59Z,91.1788,0.611606,0.610588,-0.001018,in_band
2026-07-04T17:42:00Z,91.1833,0.611267,0.610249,-0.001017,in_band
2026-07-04T17:42:59Z,91.2230,0.591555,0.590571,-0.000985,in_band
2026-07-04T17:43:00Z,91.2505,0.591227,0.590243,-0.000984,in_band
2026-07-04T17:43:59Z,91.3024,0.572162,0.571210,-0.000952,in_band
2026-07-04T17:44:00Z,91.3481,0.571844,0.570892,-0.000952,in_band
2026-07-04T17:44:59Z,91.3802,0.553404,0.552483,-0.000921,in_band
2026-07-04T17:45:00Z,91.3985,0.553097,0.552176,-0.000920,in_band
2026-07-04T17:45:59Z,91.4565,0.535261,0.534371,-0.000891,in_band
2026-07-04T17:46:26Z,91.5160,0.527292,0.520476,-0.006816,above_band_high
2026-07-04T17:46:31Z,91.4855,0.521256,0.526123,0.004866,in_band
2026-07-04T17:48:39Z,91.6411,0.448693,0.460681,0.011988,above_band_high
2026-07-04T17:48:58Z,91.7082,0.447503,0.430121,-0.017381,above_band_high
2026-07-04T17:49:17Z,91.6899,0.417269,0.435608,0.018340,above_band_high
2026-07-04T17:49:45Z,91.8135,0.402022,0.378569,-0.023453,above_band_high
2026-07-04T17:50:04Z,91.7967,0.395976,0.382184,-0.013792,above_band_high
2026-07-04T17:50:55Z,91.8334,0.341477,0.354775,0.013298,above_band_high
2026-07-04T17:51:29Z,91.8776,0.314211,0.326080,0.011870,above_band_high
2026-07-04T17:51:56Z,91.9753,0.301456,0.275485,-0.025971,above_band_high
2026-07-04T17:52:13Z,91.9875,0.280445,0.264171,-0.016275,above_band_high
2026-07-04T17:52:20Z,91.9478,0.270033,0.278461,0.008428,above_band_high
2026-07-04T17:53:07Z,92.0012,0.226778,0.236302,0.009525,above_band_high
2026-07-04T17:53:49Z,92.1035,0.190340,0.173005,-0.017335,above_band_high
2026-07-04T17:54:32Z,92.0928,0.142216,0.155241,0.013025,above_band_high
2026-07-04T17:54:38Z,92.1614,0.144802,0.122645,-0.022157,above_band_high
2026-07-04T17:55:02Z,92.1813,0.114408,0.100605,-0.013803,above_band_high
2026-07-04T17:55:35Z,92.1660,0.075290,0.087353,0.012063,above_band_high
2026-07-04T17:56:06Z,92.2621,0.055739,0.026653,-0.029086,above_band_high
2026-07-04T17:56:30Z,92.2118,0.020392,0.032207,0.011815,above_band_high
2026-07-04T17:57:00Z,92.2591,0.000000,0.000000,0.000000,above_band_high
2026-07-04T17:58:00Z,92.3217,0.000000,0.000000,0.000000,above_band_high
2026-07-04T17:59:00Z,92.3278,0.000000,0.000000,0.000000,above_band_high
2026-07-04T18:00:00Z,92.3323,0.000000,0.000000,0.000000,above_band_high
2026-07-04T18:01:00Z,92.3232,0.000000,0.000000,0.000000,above_band_high
2026-07-04T18:02:00Z,92.3674,0.000000,0.000000,0.000000,above_band_high
2026-07-04T18:03:00Z,92.3507,0.000000,0.000000,0.000000,above_band_high
2026-07-04T18:04:00Z,92.3369,0.000000,0.000000,0.000000,above_band_high
2026-07-04T18:05:00Z,92.2820,0.000000,0.000000,0.000000,above_band_high
2026-07-04T18:06:00Z,92.2820,0.000000,0.000000,0.000000,above_band_high
2026-07-04T18:07:00Z,92.2896,0.000000,0.000000,0.000000,above_band_high
2026-07-04T18:08:00Z,92.2545,0.000000,0.000000,0.000000,above_band_high
2026-07-04T18:09:00Z,92.1981,0.000000,0.000000,0.000000,above_band_high
2026-07-04T18:10:00Z,92.1538,0.000000,0.000000,0.000000,above_band_high
2026-07-04T18:11:00Z,92.1309,0.000000,0.000000,0.000000,above_band_high
2026-07-04T18:12:00Z,92.1477,0.000000,0.000000,0.000000,above_band_high
2026-07-04T18:13:00Z,92.1294,0.000000,0.000000,0.000000,above_band_high
2026-07-04T18:14:00Z,92.0394,0.000000,0.000000,0.000000,above_band_high
2026-07-04T18:15:00Z,91.9936,0.000000,0.000000,0.000000,above_band_high
2026-07-04T18:16:00Z,91.9005,0.000000,0.000000,0.000000,above_band_high
2026-07-04T18:17:00Z,91.8914,0.000000,0.000000,0.000000,above_band_high
2026-07-04T18:18:00Z,91.8746,0.000000,0.000000,0.000000,above_band_high
2026-07-04T18:19:00Z,91.8975,0.000000,0.000000,0.000000,above_band_high
2026-07-04T18:20:00Z,91.9875,0.000000,0.000000,0.000000,above_band_high
2026-07-04T18:21:00Z,92.0745,0.000000,0.000000,0.000000,above_band_high
2026-07-04T18:22:00Z,92.1294,0.000000,0.000000,0.000000,above_band_high
2026-07-04T18:23:00Z,92.1675,0.000000,0.000000,0.000000,above_band_high
2026-07-04T18:24:00Z,92.2576,0.000000,0.000000,0.000000,above_band_high
2026-07-04T18:25:00Z,92.3400,0.000000,0.000000,0.000000,above_band_high
2026-07-04T18:26:00Z,92.4132,0.000000,0.000000,0.000000,above_band_high
2026-07-04T18:27:00Z,92.4651,0.000000,0.000000,0.000000,above_band_high
2026-07-04T18:28:00Z,92.5048,0.000000,0.000000,0.000000,above_band_high
2026-07-04T18:29:00Z,92.4697,0.000000,0.000000,0.000000,above_band_high
2026-07-04T18:30:00Z,92.4453,0.000000,0.000000,0.000000,above_band_high
2026-07-04T18:31:00Z,92.4224,0.000000,0.000000,0.000000,above_band_high
2026-07-04T18:32:00Z,92.4269,0.000000,0.000000,0.000000,above_band_high
2026-07-04T18:33:00Z,92.4056,0.000000,0.000000,0.000000,above_band_high
2026-07-04T18:34:00Z,92.3507,0.000000,0.000000,0.000000,above_band_high
2026-07-04T18:35:00Z,92.3354,0.000000,0.000000,0.000000,above_band_high
2026-07-04T18:36:00Z,92.3400,0.000000,0.000000,0.000000,above_band_high
2026-07-04T18:37:00Z,92.3537,0.000000,0.000000,0.000000,above_band_high
2026-07-04T18:38:00Z,92.2942,0.000000,0.000000,0.000000,above_band_high
2026-07-04T18:39:00Z,92.2393,0.000000,0.000000,0.000000,above_band_high
2026-07-04T18:40:00Z,92.2347,0.000000,0.000000,0.000000,above_band_high
2026-07-04T18:41:00Z,92.2408,0.000000,0.000000,0.000000,above_band_high
2026-07-04T18:42:00Z,92.2042,0.000000,0.000000,0.000000,above_band_high
2026-07-04T18:43:00Z,92.1981,0.000000,0.000000,0.000000,above_band_high
2026-07-04T18:44:00Z,92.1706,0.000000,0.000000,0.000000,above_band_high
2026-07-04T18:45:00Z,92.1996,0.000000,0.000000,0.000000,above_band_high
2026-07-04T18:46:00Z,92.2072,0.000000,0.000000,0.000000,above_band_high
2026-07-04T18:47:00Z,92.1798,0.000000,0.000000,0.000000,above_band_high
2026-07-04T18:48:00Z,92.2408,0.000000,0.000000,0.000000,above_band_high
2026-07-04T18:49:00Z,92.2347,0.000000,0.000000,0.000000,above_band_high
2026-07-04T18:50:00Z,92.2408,0.000000,0.000000,0.000000,above_band_high
2026-07-04T18:51:00Z,92.2499,0.000000,0.000000,0.000000,above_band_high
2026-07-04T18:52:00Z,92.2805,0.000000,0.000000,0.000000,above_band_high
2026-07-04T18:53:00Z,92.2805,0.000000,0.000000,0.000000,above_band_high
2026-07-04T18:54:00Z,92.2957,0.000000,0.000000,0.000000,above_band_high
2026-07-04T18:55:00Z,92.3095,0.000000,0.000000,0.000000,above_band_high
2026-07-04T18:56:00Z,92.3171,0.000000,0.000000,0.000000,above_band_high
2026-07-04T18:57:00Z,92.3171,0.000000,0.000000,0.000000,above_band_high
2026-07-04T18:58:00Z,92.3491,0.000000,0.000000,0.000000,above_band_high
2026-07-04T18:59:00Z,92.3720,0.000000,0.000000,0.000000,above_band_high
2026-07-04T19:00:00Z,92.3598,0.000000,0.000000,0.000000,above_band_high
2026-07-04T19:01:00Z,92.4086,0.000000,0.000000,0.000000,above_band_high
2026-07-04T19:02:00Z,92.4132,0.000000,0.000000,0.000000,above_band_high
2026-07-04T19:03:00Z,92.4285,0.000000,0.000000,0.000000,above_band_high
2026-07-04T19:04:00Z,92.4086,0.000000,0.000000,0.000000,above_band_high
2026-07-04T19:05:00Z,92.4544,0.000000,0.000000,0.000000,above_band_high
2026-07-04T19:06:00Z,92.4727,0.000000,0.000000,0.000000,above_band_high
2026-07-04T19:07:00Z,92.4636,0.000000,0.000000,0.000000,above_band_high
2026-07-04T19:08:00Z,92.4727,0.000000,0.000000,0.000000,above_band_high
2026-07-04T19:09:00Z,92.4727,0.000000,0.000000,0.000000,above_band_high
2026-07-04T19:10:00Z,92.4834,0.000000,0.000000,0.000000,above_band_high
2026-07-04T19:11:00Z,92.5322,0.000000,0.000000,0.000000,above_band_high
2026-07-04T19:12:00Z,92.4834,0.000000,0.000000,0.000000,above_band_high
2026-07-04T19:13:00Z,92.5154,0.000000,0.000000,0.000000,above_band_high
2026-07-04T19:14:00Z,92.5643,0.000000,0.000000,0.000000,above_band_high
2026-07-04T19:15:00Z,92.5734,0.000000,0.000000,0.000000,above_band_high
2026-07-04T19:16:00Z,92.5978,0.000000,0.000000,0.000000,above_band_high
2026-07-04T19:17:00Z,92.6284,0.000000,0.000000,0.000000,above_band_high
2026-07-04T19:18:00Z,92.6284,0.000000,0.000000,0.000000,above_band_high
2026-07-04T19:19:00Z,92.6345,0.000000,0.000000,0.000000,above_band_high
2026-07-04T19:20:00Z,92.6802,0.000000,0.000000,0.000000,above_band_high
2026-07-04T19:21:00Z,92.6604,0.000000,0.000000,0.000000,above_band_high
2026-07-04T19:22:00Z,92.6802,0.000000,0.000000,0.000000,above_band_high
2026-07-04T19:23:00Z,92.6436,0.000000,0.000000,0.000000,above_band_high
2026-07-04T19:24:00Z,92.6528,0.000000,0.000000,0.000000,above_band_high
2026-07-04T19:25:00Z,92.5978,0.000000,0.000000,0.000000,above_band_high
2026-07-04T19:26:00Z,92.5826,0.000000,0.000000,0.000000,above_band_high
2026-07-04T19:27:00Z,92.6009,0.000000,0.000000,0.000000,above_band_high
2026-07-04T19:28:00Z,92.5460,0.000000,0.000000,0.000000,above_band_high
2026-07-04T19:29:00Z,92.4880,0.000000,0.000000,0.000000,above_band_high
2026-07-04T19:30:00Z,92.5109,0.000000,0.000000,0.000000,above_band_high
2026-07-04T19:31:00Z,92.4880,0.000000,0.000000,0.000000,above_band_high
2026-07-04T19:32:00Z,92.5109,0.000000,0.000000,0.000000,above_band_high
2026-07-04T19:33:00Z,92.4376,0.000000,0.000000,0.000000,above_band_high
2026-07-04T19:34:00Z,92.5154,0.000000,0.000000,0.000000,above_band_high
2026-07-04T19:35:00Z,92.4834,0.000000,0.000000,0.000000,above_band_high
2026-07-04T19:36:00Z,92.5231,0.000000,0.000000,0.000000,above_band_high
2026-07-04T19:37:00Z,92.4727,0.000000,0.000000,0.000000,above_band_high
2026-07-04T19:38:00Z,92.5002,0.000000,0.000000,0.000000,above_band_high
2026-07-04T19:39:00Z,92.4376,0.000000,0.000000,0.000000,above_band_high
2026-07-04T19:40:00Z,92.4453,0.000000,0.000000,0.000000,above_band_high
2026-07-04T19:41:00Z,92.4193,0.000000,0.000000,0.000000,above_band_high
2026-07-04T19:42:00Z,92.4041,0.000000,0.000000,0.000000,above_band_high
2026-07-04T19:43:00Z,92.4056,0.000000,0.000000,0.000000,above_band_high
2026-07-04T19:44:00Z,92.3873,0.000000,0.000000,0.000000,above_band_high
2026-07-04T19:45:00Z,92.4224,0.000000,0.000000,0.000000,above_band_high
2026-07-04T19:46:00Z,92.4285,0.000000,0.000000,0.000000,above_band_high
2026-07-04T19:47:00Z,92.4743,0.000000,0.000000,0.000000,above_band_high
2026-07-04T19:48:00Z,92.5292,0.000000,0.000000,0.000000,above_band_high
2026-07-04T19:49:00Z,92.5154,0.000000,0.000000,0.000000,above_band_high
2026-07-04T19:50:00Z,92.5231,0.000000,0.000000,0.000000,above_band_high
2026-07-04T19:51:00Z,92.5154,0.000000,0.000000,0.000000,above_band_high
2026-07-04T19:52:00Z,92.5521,0.000000,0.000000,0.000000,above_band_high
2026-07-04T19:53:00Z,92.5154,0.000000,0.000000,0.000000,above_band_high
2026-07-04T19:54:00Z,92.5002,0.000000,0.000000,0.000000,above_band_high
2026-07-04T19:55:00Z,92.4743,0.000000,0.000000,0.000000,above_band_high
2026-07-04T19:56:00Z,92.4331,0.000000,0.000000,0.000000,above_band_high
2026-07-04T19:57:00Z,92.4498,0.000000,0.000000,0.000000,above_band_high
2026-07-04T19:58:00Z,92.4498,0.000000,0.000000,0.000000,above_band_high
2026-07-04T19:59:00Z,92.4407,0.000000,0.000000,0.000000,above_band_high
2026-07-04T20:00:00Z,92.4193,0.000000,0.000000,0.000000,above_band_high
2026-07-04T20:01:00Z,92.4468,0.000000,0.000000,0.000000,above_band_high
2026-07-04T20:02:00Z,92.4239,0.000000,0.000000,0.000000,above_band_high
2026-07-04T20:03:00Z,92.4331,0.000000,0.000000,0.000000,above_band_high
2026-07-04T20:04:00Z,92.4788,0.000000,0.000000,0.000000,above_band_high
2026-07-04T20:05:00Z,92.4910,0.000000,0.000000,0.000000,above_band_high
2026-07-04T20:06:00Z,92.5292,0.000000,0.000000,0.000000,above_band_high
2026-07-04T20:07:00Z,92.5322,0.000000,0.000000,0.000000,above_band_high
2026-07-04T20:08:00Z,92.5917,0.000000,0.000000,0.000000,above_band_high
2026-07-04T20:09:00Z,92.6070,0.000000,0.000000,0.000000,above_band_high
2026-07-04T20:10:00Z,92.6116,0.000000,0.000000,0.000000,above_band_high
2026-07-04T20:11:00Z,92.6146,0.000000,0.000000,0.000000,above_band_high
2026-07-04T20:12:00Z,92.6207,0.000000,0.000000,0.000000,above_band_high
2026-07-04T20:13:00Z,92.6024,0.000000,0.000000,0.000000,above_band_high
2026-07-04T20:14:00Z,92.6162,0.000000,0.000000,0.000000,above_band_high
2026-07-04T20:15:00Z,92.6207,0.000000,0.000000,0.000000,above_band_high
2026-07-04T20:16:00Z,92.6390,0.000000,0.000000,0.000000,above_band_high
2026-07-04T20:17:00Z,92.6482,0.000000,0.000000,0.000000,above_band_high
2026-07-04T20:18:00Z,92.6558,0.000000,0.000000,0.000000,above_band_high
2026-07-04T20:19:00Z,92.7169,0.000000,0.000000,0.000000,above_band_high
2026-07-04T20:20:00Z,92.7123,0.000000,0.000000,0.000000,above_band_high
2026-07-04T20:21:00Z,92.7337,0.000000,0.000000,0.000000,above_band_high
2026-07-04T20:22:00Z,92.7703,0.000000,0.000000,0.000000,above_band_high
2026-07-04T20:23:00Z,92.7993,0.000000,0.000000,0.000000,above_band_high
2026-07-04T20:24:00Z,92.7993,0.000000,0.000000,0.000000,above_band_high
2026-07-04T20:25:00Z,92.8038,0.000000,0.000000,0.000000,above_band_high
2026-07-04T20:26:00Z,92.8252,0.000000,0.000000,0.000000,above_band_high
2026-07-04T20:27:00Z,92.8115,0.000000,0.000000,0.000000,above_band_high
2026-07-04T20:28:00Z,92.8206,0.000000,0.000000,0.000000,above_band_high
2026-07-04T20:29:00Z,92.8389,0.000000,0.000000,0.000000,above_band_high
2026-07-04T20:30:00Z,92.8527,0.000000,0.000000,0.000000,above_band_high
2026-07-04T20:31:00Z,92.8450,0.000000,0.000000,0.000000,above_band_high
2026-07-04T20:32:00Z,92.8496,0.000000,0.000000,0.000000,above_band_high
2026-07-04T20:33:00Z,92.8130,0.000000,0.000000,0.000000,above_band_high
2026-07-04T20:34:00Z,92.8389,0.000000,0.000000,0.000000,above_band_high
2026-07-04T20:35:00Z,92.7993,0.000000,0.000000,0.000000,above_band_high
2026-07-04T20:36:00Z,92.8267,0.000000,0.000000,0.000000,above_band_high
2026-07-04T20:37:00Z,92.8267,0.000000,0.000000,0.000000,above_band_high
2026-07-04T20:38:00Z,92.8206,0.000000,0.000000,0.000000,above_band_high
2026-07-04T20:39:00Z,92.8038,0.000000,0.000000,0.000000,above_band_high
2026-07-04T20:40:00Z,92.7810,0.000000,0.000000,0.000000,above_band_high
2026-07-04T20:41:00Z,92.7657,0.000000,0.000000,0.000000,above_band_high
2026-07-04T20:42:00Z,92.7672,0.000000,0.000000,0.000000,above_band_high
2026-07-04T20:43:00Z,92.7352,0.000000,0.000000,0.000000,above_band_high
2026-07-04T20:44:00Z,92.7291,0.000000,0.000000,0.000000,above_band_high
2026-07-04T20:45:00Z,92.7443,0.000000,0.000000,0.000000,above_band_high
2026-07-04T20:46:00Z,92.7443,0.000000,0.000000,0.000000,above_band_high
2026-07-04T20:47:00Z,92.7382,0.000000,0.000000,0.000000,above_band_high
2026-07-04T20:48:00Z,92.7611,0.000000,0.000000,0.000000,above_band_high
2026-07-04T20:49:00Z,92.7535,0.000000,0.000000,0.000000,above_band_high
2026-07-04T20:50:00Z,92.7474,0.000000,0.000000,0.000000,above_band_high
2026-07-04T20:51:00Z,92.7657,0.000000,0.000000,0.000000,above_band_high
2026-07-04T20:52:00Z,92.8023,0.000000,0.000000,0.000000,above_band_high
2026-07-04T20:53:00Z,92.8069,0.000000,0.000000,0.000000,above_band_high
2026-07-04T20:54:00Z,92.8130,0.000000,0.000000,0.000000,above_band_high
2026-07-04T20:55:00Z,92.8161,0.000000,0.000000,0.000000,above_band_high
2026-07-04T20:56:00Z,92.8450,0.000000,0.000000,0.000000,above_band_high
2026-07-04T20:57:00Z,92.8710,0.000000,0.000000,0.000000,above_band_high
2026-07-04T20:58:00Z,92.8893,0.000000,0.000000,0.000000,above_band_high
2026-07-04T20:59:00Z,92.8939,0.000000,0.000000,0.000000,above_band_high
2026-07-04T21:00:00Z,92.9458,0.000000,0.000000,0.000000,above_band_high
2026-07-04T21:01:00Z,92.9580,0.000000,0.000000,0.000000,above_band_high
2026-07-04T21:02:00Z,92.9732,0.000000,0.000000,0.000000,above_band_high
2026-07-04T21:03:00Z,92.9808,0.000000,0.000000,0.000000,above_band_high
2026-07-04T21:04:00Z,93.0266,0.000000,0.000000,0.000000,above_band_high
2026-07-04T21:05:00Z,93.0220,0.000000,0.000000,0.000000,above_band_high
2026-07-04T21:06:00Z,93.0373,0.000000,0.000000,0.000000,above_band_high
2026-07-04T21:07:00Z,93.0556,0.000000,0.000000,0.000000,above_band_high
2026-07-04T21:08:00Z,93.0785,0.000000,0.000000,0.000000,above_band_high
2026-07-04T21:09:00Z,93.0953,0.000000,0.000000,0.000000,above_band_high
2026-07-04T21:10:00Z,93.0770,0.000000,0.000000,0.000000,above_band_high
2026-07-04T21:11:00Z,93.1197,0.000000,0.000000,0.000000,above_band_high
2026-07-04T21:12:00Z,93.1090,0.000000,0.000000,0.000000,above_band_high
2026-07-04T21:13:00Z,93.1243,0.000000,0.000000,0.000000,above_band_high
2026-07-04T21:14:00Z,93.1243,0.000000,0.000000,0.000000,above_band_high
2026-07-04T21:15:00Z,93.1472,0.000000,0.000000,0.000000,above_band_high
2026-07-04T21:16:00Z,93.1746,0.000000,0.000000,0.000000,above_band_high
2026-07-04T21:17:00Z,93.1609,0.000000,0.000000,0.000000,above_band_high
2026-07-04T21:18:00Z,93.1975,0.000000,0.000000,0.000000,above_band_high
2026-07-04T21:19:00Z,93.1823,0.000000,0.000000,0.000000,above_band_high
2026-07-04T21:20:00Z,93.1914,0.000000,0.000000,0.000000,above_band_high
2026-07-04T21:21:00Z,93.2189,0.000000,0.000000,0.000000,above_band_high
2026-07-04T21:22:00Z,93.2372,0.000000,0.000000,0.000000,above_band_high
2026-07-04T21:23:00Z,93.2525,0.000000,0.000000,0.000000,above_band_high
2026-07-04T21:24:00Z,93.2418,0.000000,0.000000,0.000000,above_band_high
2026-07-04T21:25:00Z,93.2464,0.000000,0.000000,0.000000,above_band_high
2026-07-04T21:26:00Z,93.2830,0.000000,0.000000,0.000000,above_band_high
2026-07-04T21:27:00Z,93.2876,0.000000,0.000000,0.000000,above_band_high
2026-07-04T21:28:00Z,93.2921,0.000000,0.000000,0.000000,above_band_high
2026-07-04T21:29:00Z,93.2509,0.000000,0.000000,0.000000,above_band_high
2026-07-04T21:30:00Z,93.2876,0.000000,0.000000,0.000000,above_band_high
2026-07-04T21:31:00Z,93.2830,0.000000,0.000000,0.000000,above_band_high
2026-07-04T21:32:00Z,93.3104,0.000000,0.000000,0.000000,above_band_high
2026-07-04T21:33:00Z,93.2982,0.000000,0.000000,0.000000,above_band_high
2026-07-04T21:34:00Z,93.3288,0.000000,0.000000,0.000000,above_band_high
2026-07-04T21:35:00Z,93.3303,0.000000,0.000000,0.000000,above_band_high
2026-07-04T21:36:00Z,93.3623,0.000000,0.000000,0.000000,above_band_high
2026-07-04T21:37:00Z,93.3745,0.000000,0.000000,0.000000,above_band_high
2026-07-04T21:38:00Z,93.4035,0.000000,0.000000,0.000000,above_band_high
2026-07-04T21:39:00Z,93.3898,0.000000,0.000000,0.000000,above_band_high
2026-07-04T21:40:00Z,93.4112,0.000000,0.000000,0.000000,above_band_high
2026-07-04T21:41:00Z,93.4310,0.000000,0.000000,0.000000,above_band_high
2026-07-04T21:42:00Z,93.4722,0.000000,0.000000,0.000000,above_band_high
2026-07-04T21:43:00Z,93.4569,0.000000,0.000000,0.000000,above_band_high
2026-07-04T21:44:00Z,93.4752,0.000000,0.000000,0.000000,above_band_high
2026-07-04T21:45:00Z,93.4340,0.000000,0.000000,0.000000,above_band_high
2026-07-04T21:46:00Z,93.4722,0.000000,0.000000,0.000000,above_band_high
2026-07-04T21:47:00Z,93.4401,0.000000,0.000000,0.000000,above_band_high
2026-07-04T21:48:00Z,93.4798,0.000000,0.000000,0.000000,above_band_high
2026-07-04T21:49:00Z,93.4951,0.000000,0.000000,0.000000,above_band_high
2026-07-04T21:50:00Z,93.4890,0.000000,0.000000,0.000000,above_band_high
2026-07-04T21:51:00Z,93.4676,0.000000,0.000000,0.000000,above_band_high
2026-07-04T21:52:00Z,93.4890,0.000000,0.000000,0.000000,above_band_high
2026-07-04T21:53:00Z,93.4813,0.000000,0.000000,0.000000,above_band_high
2026-07-04T21:54:00Z,93.4722,0.000000,0.000000,0.000000,above_band_high
2026-07-04T21:55:00Z,93.4752,0.000000,0.000000,0.000000,above_band_high
2026-07-04T21:56:00Z,93.4676,0.000000,0.000000,0.000000,above_band_high
2026-07-04T21:57:00Z,93.4722,0.000000,0.000000,0.000000,above_band_high
2026-07-04T21:58:00Z,93.4676,0.000000,0.000000,0.000000,above_band_high
2026-07-04T21:59:00Z,93.5088,0.000000,0.000000,0.000000,above_band_high
2026-07-04T22:00:00Z,93.4752,0.000000,0.000000,0.000000,above_band_high
2026-07-04T22:01:00Z,93.4676,0.000000,0.000000,0.000000,above_band_high
2026-07-04T22:02:00Z,93.4951,0.000000,0.000000,0.000000,above_band_high
2026-07-04T22:03:00Z,93.4493,0.000000,0.000000,0.000000,above_band_high
2026-07-04T22:04:00Z,93.4722,0.000000,0.000000,0.000000,above_band_high
2026-07-04T22:05:00Z,93.4401,0.000000,0.000000,0.000000,above_band_high
2026-07-04T22:06:00Z,93.4264,0.000000,0.000000,0.000000,above_band_high
2026-07-04T22:07:00Z,93.4295,0.000000,0.000000,0.000000,above_band_high
2026-07-04T22:08:00Z,93.4676,0.000000,0.000000,0.000000,above_band_high
2026-07-04T22:09:00Z,93.4401,0.000000,0.000000,0.000000,above_band_high
2026-07-04T22:10:00Z,93.4447,0.000000,0.000000,0.000000,above_band_high
2026-07-04T22:11:00Z,93.4478,0.000000,0.000000,0.000000,above_band_high
2026-07-04T22:12:00Z,93.4447,0.000000,0.000000,0.000000,above_band_high
2026-07-04T22:13:00Z,93.4340,0.000000,0.000000,0.000000,above_band_high
2026-07-04T22:14:00Z,93.4386,0.000000,0.000000,0.000000,above_band_high
2026-07-04T22:15:00Z,93.4264,0.000000,0.000000,0.000000,above_band_high
2026-07-04T22:16:00Z,93.4539,0.000000,0.000000,0.000000,above_band_high
2026-07-04T22:17:00Z,93.4112,0.000000,0.000000,0.000000,above_band_high
2026-07-04T22:18:00Z,93.4264,0.000000,0.000000,0.000000,above_band_high
2026-07-04T22:19:00Z,93.4432,0.000000,0.000000,0.000000,above_band_high
2026-07-04T22:20:00Z,93.4432,0.000000,0.000000,0.000000,above_band_high
2026-07-04T22:21:00Z,93.4340,0.000000,0.000000,0.000000,above_band_high
2026-07-04T22:22:00Z,93.3852,0.000000,0.000000,0.000000,above_band_high
2026-07-04T22:23:00Z,93.4447,0.000000,0.000000,0.000000,above_band_high
2026-07-04T22:24:00Z,93.4432,0.000000,0.000000,0.000000,above_band_high
2026-07-04T22:25:00Z,93.4539,0.000000,0.000000,0.000000,above_band_high
2026-07-04T22:26:00Z,93.4218,0.000000,0.000000,0.000000,above_band_high
2026-07-04T22:27:00Z,93.4432,0.000000,0.000000,0.000000,above_band_high
2026-07-04T22:28:00Z,93.4035,0.000000,0.000000,0.000000,above_band_high
2026-07-04T22:29:00Z,93.4447,0.000000,0.000000,0.000000,above_band_high
2026-07-04T22:30:00Z,93.4493,0.000000,0.000000,0.000000,above_band_high
2026-07-04T22:31:00Z,93.4218,0.000000,0.000000,0.000000,above_band_high
2026-07-04T22:32:00Z,93.4218,0.000000,0.000000,0.000000,above_band_high
2026-07-04T22:33:00Z,93.4173,0.000000,0.000000,0.000000,above_band_high
2026-07-04T22:34:00Z,93.4386,0.000000,0.000000,0.000000,above_band_high
2026-07-04T22:35:00Z,93.4386,0.000000,0.000000,0.000000,above_band_high
2026-07-04T22:36:00Z,93.4264,0.000000,0.000000,0.000000,above_band_high
2026-07-04T22:37:00Z,93.4310,0.000000,0.000000,0.000000,above_band_high
2026-07-04T22:38:00Z,93.4356,0.000000,0.000000,0.000000,above_band_high
2026-07-04T22:39:00Z,93.4249,0.000000,0.000000,0.000000,above_band_high
2026-07-04T22:40:00Z,93.4386,0.000000,0.000000,0.000000,above_band_high
2026-07-04T22:41:00Z,93.4264,0.000000,0.000000,0.000000,above_band_high
2026-07-04T22:42:00Z,93.4264,0.000000,0.000000,0.000000,above_band_high
2026-07-04T22:43:00Z,93.4112,0.000000,0.000000,0.000000,above_band_high
2026-07-04T22:44:00Z,93.4203,0.000000,0.000000,0.000000,above_band_high
2026-07-04T22:45:00Z,93.4203,0.000000,0.000000,0.000000,above_band_high
2026-07-04T22:46:00Z,93.4020,0.000000,0.000000,0.000000,above_band_high
2026-07-04T22:47:00Z,93.4203,0.000000,0.000000,0.000000,above_band_high
2026-07-04T22:48:00Z,93.4035,0.000000,0.000000,0.000000,above_band_high
2026-07-04T22:49:00Z,93.4081,0.000000,0.000000,0.000000,above_band_high
2026-07-04T22:50:00Z,93.4173,0.000000,0.000000,0.000000,above_band_high
2026-07-04T22:51:00Z,93.3837,0.000000,0.000000,0.000000,above_band_high
2026-07-04T22:52:00Z,93.4127,0.000000,0.000000,0.000000,above_band_high
2026-07-04T22:53:00Z,93.3989,0.000000,0.000000,0.000000,above_band_high
2026-07-04T22:54:00Z,93.4249,0.000000,0.000000,0.000000,above_band_high
2026-07-04T22:55:00Z,93.4066,0.000000,0.000000,0.000000,above_band_high
2026-07-04T22:56:00Z,93.4264,0.000000,0.000000,0.000000,above_band_high
2026-07-04T22:57:00Z,93.4203,0.000000,0.000000,0.000000,above_band_high
2026-07-04T22:58:00Z,93.4203,0.000000,0.000000,0.000000,above_band_high
2026-07-04T22:59:00Z,93.4081,0.000000,0.000000,0.000000,above_band_high
2026-07-04T23:00:00Z,93.3974,0.000000,0.000000,0.000000,above_band_high
2026-07-04T23:01:00Z,93.4081,0.000000,0.000000,0.000000,above_band_high
2026-07-04T23:02:00Z,93.4020,0.000000,0.000000,0.000000,above_band_high
2026-07-04T23:03:00Z,93.4203,0.000000,0.000000,0.000000,above_band_high
2026-07-04T23:04:00Z,93.3852,0.000000,0.000000,0.000000,above_band_high
2026-07-04T23:05:00Z,93.3944,0.000000,0.000000,0.000000,above_band_high
2026-07-04T23:06:00Z,93.3608,0.000000,0.000000,0.000000,above_band_high
2026-07-04T23:07:00Z,93.4295,0.000000,0.000000,0.000000,above_band_high
2026-07-04T23:08:00Z,93.3791,0.000000,0.000000,0.000000,above_band_high
2026-07-04T23:09:00Z,93.3974,0.000000,0.000000,0.000000,above_band_high
2026-07-04T23:10:00Z,93.4218,0.000000,0.000000,0.000000,above_band_high
2026-07-04T23:11:00Z,93.4066,0.000000,0.000000,0.000000,above_band_high
2026-07-04T23:12:00Z,93.4203,0.000000,0.000000,0.000000,above_band_high
2026-07-04T23:13:00Z,93.4249,0.000000,0.000000,0.000000,above_band_high
2026-07-04T23:14:00Z,93.4707,0.000000,0.000000,0.000000,above_band_high
2026-07-04T23:15:00Z,93.4661,0.000000,0.000000,0.000000,above_band_high
2026-07-04T23:16:00Z,93.4707,0.000000,0.000000,0.000000,above_band_high
2026-07-04T23:17:00Z,93.4890,0.000000,0.000000,0.000000,above_band_high
2026-07-04T23:18:00Z,93.5225,0.000000,0.000000,0.000000,above_band_high
2026-07-04T23:19:00Z,93.5302,0.000000,0.000000,0.000000,above_band_high
2026-07-04T23:20:00Z,93.5164,0.000000,0.000000,0.000000,above_band_high
2026-07-04T23:21:00Z,93.5851,0.000000,0.000000,0.000000,above_band_high
2026-07-04T23:22:00Z,93.5943,0.000000,0.000000,0.000000,above_band_high
2026-07-04T23:23:00Z,93.5805,0.000000,0.000000,0.000000,above_band_high
2026-07-04T23:24:00Z,93.6126,0.000000,0.000000,0.000000,above_band_high
2026-07-04T23:25:00Z,93.6416,0.000000,0.000000,0.000000,above_band_high
2026-07-04T23:26:00Z,93.6400,0.000000,0.000000,0.000000,above_band_high
2026-07-04T23:27:00Z,93.6629,0.000000,0.000000,0.000000,above_band_high
2026-07-04T23:28:00Z,93.6812,0.000000,0.000000,0.000000,above_band_high
2026-07-04T23:29:00Z,93.6812,0.000000,0.000000,0.000000,above_band_high
2026-07-04T23:30:00Z,93.7133,0.000000,0.000000,0.000000,above_band_high
2026-07-04T23:31:00Z,93.7407,0.000000,0.000000,0.000000,above_band_high
2026-07-04T23:32:00Z,93.7316,0.000000,0.000000,0.000000,above_band_high
2026-07-04T23:33:00Z,93.7194,0.000000,0.000000,0.000000,above_band_high
2026-07-04T23:34:00Z,93.7682,0.000000,0.000000,0.000000,above_band_high
2026-07-04T23:35:00Z,93.7636,0.000000,0.000000,0.000000,above_band_high
2026-07-04T23:36:00Z,93.7377,0.000000,0.000000,0.000000,above_band_high
2026-07-04T23:37:00Z,93.7697,0.000000,0.000000,0.000000,above_band_high
2026-07-04T23:38:00Z,93.7972,0.000000,0.000000,0.000000,above_band_high
2026-07-04T23:39:00Z,93.7926,0.000000,0.000000,0.000000,above_band_high
2026-07-04T23:40:00Z,93.8003,0.000000,0.000000,0.000000,above_band_high
2026-07-04T23:41:00Z,93.8277,0.000000,0.000000,0.000000,above_band_high
2026-07-04T23:42:00Z,93.8384,0.000000,0.000000,0.000000,above_band_high
2026-07-04T23:43:00Z,93.8460,0.000000,0.000000,0.000000,above_band_high
2026-07-04T23:44:00Z,93.8659,0.000000,0.000000,0.000000,above_band_high
2026-07-04T23:45:00Z,93.8796,0.000000,0.000000,0.000000,above_band_high
2026-07-04T23:46:00Z,93.8735,0.000000,0.000000,0.000000,above_band_high
2026-07-04T23:47:00Z,93.9025,0.000000,0.000000,0.000000,above_band_high
2026-07-04T23:48:00Z,93.9208,0.000000,0.000000,0.000000,above_band_high
2026-07-04T23:49:00Z,93.9300,0.000000,0.000000,0.000000,above_band_high
2026-07-04T23:50:00Z,93.9208,0.000000,0.000000,0.000000,above_band_high
2026-07-04T23:51:00Z,93.9391,0.000000,0.000000,0.000000,above_band_high
2026-07-04T23:52:00Z,93.9666,0.000000,0.000000,0.000000,above_band_high
2026-07-04T23:53:00Z,93.9696,0.000000,0.000000,0.000000,above_band_high
2026-07-04T23:54:00Z,93.9666,0.000000,0.000000,0.000000,above_band_high
2026-07-04T23:55:00Z,93.9971,0.000000,0.000000,0.000000,above_band_high
2026-07-04T23:56:00Z,93.9971,0.000000,0.000000,0.000000,above_band_high
2026-07-04T23:57:00Z,94.0261,0.000000,0.000000,0.000000,above_band_high
2026-07-04T23:58:00Z,94.0169,0.000000,0.000000,0.000000,above_band_high
2026-07-04T23:59:00Z,94.0566,0.000000,0.000000,0.000000,above_band_high
2026-07-05T00:00:00Z,94.0490,0.000000,0.000000,0.000000,above_band_high
2026-07-05T00:01:00Z,94.0856,0.000000,0.000000,0.000000,above_band_high
2026-07-05T00:02:00Z,94.0764,0.000000,0.000000,0.000000,above_band_high
2026-07-05T00:03:00Z,94.1085,0.000000,0.000000,0.000000,above_band_high
2026-07-05T00:04:00Z,94.0978,0.000000,0.000000,0.000000,above_band_high
2026-07-05T00:05:00Z,94.0932,0.000000,0.000000,0.000000,above_band_high
2026-07-05T00:06:00Z,94.0978,0.000000,0.000000,0.000000,above_band_high
2026-07-05T00:07:00Z,94.1543,0.000000,0.000000,0.000000,above_band_high
2026-07-05T00:08:00Z,94.1543,0.000000,0.000000,0.000000,above_band_high
2026-07-05T00:09:00Z,94.1253,0.000000,0.000000,0.000000,above_band_high
2026-07-05T00:10:00Z,94.1726,0.000000,0.000000,0.000000,above_band_high
2026-07-05T00:11:00Z,94.1726,0.000000,0.000000,0.000000,above_band_high
2026-07-05T00:12:00Z,94.1848,0.000000,0.000000,0.000000,above_band_high
2026-07-05T00:13:00Z,94.2000,0.000000,0.000000,0.000000,above_band_high
2026-07-05T00:14:00Z,94.2000,0.000000,0.000000,0.000000,above_band_high
2026-07-05T00:15:00Z,94.2138,0.000000,0.000000,0.000000,above_band_high
2026-07-05T00:16:00Z,94.2275,0.000000,0.000000,0.000000,above_band_high
2026-07-05T00:17:00Z,94.2351,0.000000,0.000000,0.000000,above_band_high
2026-07-05T00:18:00Z,94.2672,0.000000,0.000000,0.000000,above_band_high
2026-07-05T00:19:00Z,94.2901,0.000000,0.000000,0.000000,above_band_high
2026-07-05T00:20:00Z,94.2596,0.000000,0.000000,0.000000,above_band_high
2026-07-05T00:21:00Z,94.2962,0.000000,0.000000,0.000000,above_band_high
2026-07-05T00:22:00Z,94.2596,0.000000,0.000000,0.000000,above_band_high
2026-07-05T00:23:00Z,94.3313,0.000000,0.000000,0.000000,above_band_high
2026-07-05T00:24:00Z,94.3267,0.000000,0.000000,0.000000,above_band_high
2026-07-05T00:25:00Z,94.3267,0.000000,0.000000,0.000000,above_band_high
2026-07-05T00:26:00Z,94.3084,0.000000,0.000000,0.000000,above_band_high
2026-07-05T00:27:00Z,94.3313,0.000000,0.000000,0.000000,above_band_high
2026-07-05T00:28:00Z,94.3725,0.000000,0.000000,0.000000,above_band_high
2026-07-05T00:29:00Z,94.3175,0.000000,0.000000,0.000000,above_band_high
2026-07-05T00:30:00Z,94.2962,0.000000,0.000000,0.000000,above_band_high
2026-07-05T00:31:00Z,94.3420,0.000000,0.000000,0.000000,above_band_high
2026-07-05T00:32:00Z,94.3313,0.000000,0.000000,0.000000,above_band_high
2026-07-05T00:33:00Z,94.3374,0.000000,0.000000,0.000000,above_band_high
2026-07-05T00:34:00Z,94.3313,0.000000,0.000000,0.000000,above_band_high
2026-07-05T00:35:00Z,94.3267,0.000000,0.000000,0.000000,above_band_high
2026-07-05T00:36:00Z,94.3145,0.000000,0.000000,0.000000,above_band_high
2026-07-05T00:37:00Z,94.3603,0.000000,0.000000,0.000000,above_band_high
2026-07-05T00:38:00Z,94.3420,0.000000,0.000000,0.000000,above_band_high
2026-07-05T00:39:00Z,94.3877,0.000000,0.000000,0.000000,above_band_high
2026-07-05T00:40:00Z,94.4015,0.000000,0.000000,0.000000,above_band_high
2026-07-05T00:41:00Z,94.4045,0.000000,0.000000,0.000000,above_band_high
2026-07-05T00:42:00Z,94.3832,0.000000,0.000000,0.000000,above_band_high
2026-07-05T00:43:00Z,94.4060,0.000000,0.000000,0.000000,above_band_high
2026-07-05T00:44:00Z,94.4106,0.000000,0.000000,0.000000,above_band_high
2026-07-05T00:45:00Z,94.4060,0.000000,0.000000,0.000000,above_band_high
2026-07-05T00:46:00Z,94.4549,0.000000,0.000000,0.000000,above_band_high
2026-07-05T00:47:00Z,94.4427,0.000000,0.000000,0.000000,above_band_high
2026-07-05T00:48:00Z,94.4518,0.000000,0.000000,0.000000,above_band_high
2026-07-05T00:49:00Z,94.4518,0.000000,0.000000,0.000000,above_band_high
2026-07-05T00:50:00Z,94.4472,0.000000,0.000000,0.000000,above_band_high
2026-07-05T00:51:00Z,94.4732,0.000000,0.000000,0.000000,above_band_high
2026-07-05T00:52:00Z,94.4793,0.000000,0.000000,0.000000,above_band_high
2026-07-05T00:53:00Z,94.4884,0.000000,0.000000,0.000000,above_band_high
2026-07-05T00:54:00Z,94.5235,0.000000,0.000000,0.000000,above_band_high
2026-07-05T00:55:00Z,94.5098,0.000000,0.000000,0.000000,above_band_high
2026-07-05T00:56:00Z,94.4961,0.000000,0.000000,0.000000,above_band_high
2026-07-05T00:57:00Z,94.5113,0.000000,0.000000,0.000000,above_band_high
2026-07-05T00:58:00Z,94.4930,0.000000,0.000000,0.000000,above_band_high
2026-07-05T00:59:00Z,94.5098,0.000000,0.000000,0.000000,above_band_high
2026-07-05T01:00:00Z,94.5022,0.000000,0.000000,0.000000,above_band_high
2026-07-05T01:01:00Z,94.5006,0.000000,0.000000,0.000000,above_band_high
2026-07-05T01:02:00Z,94.5510,0.000000,0.000000,0.000000,above_band_high
2026-07-05T01:03:00Z,94.5510,0.000000,0.000000,0.000000,above_band_high
2026-07-05T01:04:00Z,94.5510,0.000000,0.000000,0.000000,above_band_high
2026-07-05T01:05:00Z,94.5525,0.000000,0.000000,0.000000,above_band_high
2026-07-05T01:06:00Z,94.5327,0.000000,0.000000,0.000000,above_band_high
2026-07-05T01:07:00Z,94.5373,0.000000,0.000000,0.000000,above_band_high
2026-07-05T01:08:00Z,94.5739,0.000000,0.000000,0.000000,above_band_high
2026-07-05T01:09:00Z,94.5800,0.000000,0.000000,0.000000,above_band_high
2026-07-05T01:10:00Z,94.5388,0.000000,0.000000,0.000000,above_band_high
2026-07-05T01:11:00Z,94.5754,0.000000,0.000000,0.000000,above_band_high
2026-07-05T01:12:00Z,94.5617,0.000000,0.000000,0.000000,above_band_high
2026-07-05T01:13:00Z,94.5968,0.000000,0.000000,0.000000,above_band_high
2026-07-05T01:14:00Z,94.5708,0.000000,0.000000,0.000000,above_band_high
2026-07-05T01:15:00Z,94.6014,0.000000,0.000000,0.000000,above_band_high
2026-07-05T01:16:00Z,94.6288,0.000000,0.000000,0.000000,above_band_high
2026-07-05T01:17:00Z,94.6242,0.000000,0.000000,0.000000,above_band_high
2026-07-05T01:18:00Z,94.6105,0.000000,0.000000,0.000000,above_band_high
2026-07-05T01:19:00Z,94.6075,0.000000,0.000000,0.000000,above_band_high
2026-07-05T01:20:00Z,94.6441,0.000000,0.000000,0.000000,above_band_high
2026-07-05T01:21:00Z,94.6258,0.000000,0.000000,0.000000,above_band_high
2026-07-05T01:22:00Z,94.6715,0.000000,0.000000,0.000000,above_band_high
2026-07-05T01:23:00Z,94.6349,0.000000,0.000000,0.000000,above_band_high
2026-07-05T01:24:00Z,94.6944,0.000000,0.000000,0.000000,above_band_high
2026-07-05T01:25:00Z,94.6944,0.000000,0.000000,0.000000,above_band_high
2026-07-05T01:26:00Z,94.6487,0.000000,0.000000,0.000000,above_band_high
2026-07-05T01:27:00Z,94.6899,0.000000,0.000000,0.000000,above_band_high
2026-07-05T01:28:00Z,94.6670,0.000000,0.000000,0.000000,above_band_high
2026-07-05T01:29:00Z,94.6578,0.000000,0.000000,0.000000,above_band_high
2026-07-05T01:30:00Z,94.6761,0.000000,0.000000,0.000000,above_band_high
2026-07-05T01:31:00Z,94.6715,0.000000,0.000000,0.000000,above_band_high
2026-07-05T01:32:00Z,94.6883,0.000000,0.000000,0.000000,above_band_high
2026-07-05T01:33:00Z,94.6792,0.000000,0.000000,0.000000,above_band_high
2026-07-05T01:34:00Z,94.6532,0.000000,0.000000,0.000000,above_band_high
2026-07-05T01:35:00Z,94.6609,0.000000,0.000000,0.000000,above_band_high
2026-07-05T01:36:00Z,94.6746,0.000000,0.000000,0.000000,above_band_high
2026-07-05T01:37:00Z,94.6471,0.000000,0.000000,0.000000,above_band_high
2026-07-05T01:38:00Z,94.6654,0.000000,0.000000,0.000000,above_band_high
2026-07-05T01:39:00Z,94.6807,0.000000,0.000000,0.000000,above_band_high
2026-07-05T01:40:00Z,94.6715,0.000000,0.000000,0.000000,above_band_high
2026-07-05T01:41:00Z,94.6883,0.000000,0.000000,0.000000,above_band_high
2026-07-05T01:42:00Z,94.6624,0.000000,0.000000,0.000000,above_band_high
2026-07-05T01:43:00Z,94.6715,0.000000,0.000000,0.000000,above_band_high
2026-07-05T01:44:00Z,94.7036,0.000000,0.000000,0.000000,above_band_high
2026-07-05T01:45:00Z,94.6883,0.000000,0.000000,0.000000,above_band_high
2026-07-05T01:46:00Z,94.6899,0.000000,0.000000,0.000000,above_band_high
2026-07-05T01:47:00Z,94.6944,0.000000,0.000000,0.000000,above_band_high
2026-07-05T01:48:00Z,94.6975,0.000000,0.000000,0.000000,above_band_high
2026-07-05T01:49:00Z,94.7204,0.000000,0.000000,0.000000,above_band_high
2026-07-05T01:50:00Z,94.7616,0.000000,0.000000,0.000000,above_band_high
2026-07-05T01:51:00Z,94.7250,0.000000,0.000000,0.000000,above_band_high
2026-07-05T01:52:00Z,94.7250,0.000000,0.000000,0.000000,above_band_high
2026-07-05T01:53:00Z,94.7127,0.000000,0.000000,0.000000,above_band_high
2026-07-05T01:54:00Z,94.7539,0.000000,0.000000,0.000000,above_band_high
2026-07-05T01:55:00Z,94.7753,0.000000,0.000000,0.000000,above_band_high
2026-07-05T01:56:00Z,94.7539,0.000000,0.000000,0.000000,above_band_high
2026-07-05T01:57:00Z,94.7707,0.000000,0.000000,0.000000,above_band_high
2026-07-05T01:58:00Z,94.7448,0.000000,0.000000,0.000000,above_band_high
2026-07-05T01:59:00Z,94.7768,0.000000,0.000000,0.000000,above_band_high
2026-07-05T02:00:00Z,94.7814,0.000000,0.000000,0.000000,above_band_high
2026-07-05T02:01:00Z,94.7707,0.000000,0.000000,0.000000,above_band_high
2026-07-05T02:02:00Z,94.8028,0.000000,0.000000,0.000000,above_band_high
2026-07-05T02:03:00Z,94.8226,0.000000,0.000000,0.000000,above_band_high
2026-07-05T02:04:00Z,94.8302,0.000000,0.000000,0.000000,above_band_high
2026-07-05T02:05:00Z,94.8074,0.000000,0.000000,0.000000,above_band_high
2026-07-05T02:06:00Z,94.7768,0.000000,0.000000,0.000000,above_band_high
2026-07-05T02:07:00Z,94.7814,0.000000,0.000000,0.000000,above_band_high
2026-07-05T02:08:00Z,94.8074,0.000000,0.000000,0.000000,above_band_high
2026-07-05T02:09:00Z,94.8180,0.000000,0.000000,0.000000,above_band_high
2026-07-05T02:10:00Z,94.8440,0.000000,0.000000,0.000000,above_band_high
2026-07-05T02:11:00Z,94.8318,0.000000,0.000000,0.000000,above_band_high
2026-07-05T02:12:00Z,94.8226,0.000000,0.000000,0.000000,above_band_high
2026-07-05T02:13:00Z,94.8592,0.000000,0.000000,0.000000,above_band_high
2026-07-05T02:14:00Z,94.8257,0.000000,0.000000,0.000000,above_band_high
2026-07-05T02:15:00Z,94.8638,0.000000,0.000000,0.000000,above_band_high
2026-07-05T02:16:00Z,94.8318,0.000000,0.000000,0.000000,above_band_high
2026-07-05T02:17:00Z,94.8775,0.000000,0.000000,0.000000,above_band_high
2026-07-05T02:18:00Z,94.8684,0.000000,0.000000,0.000000,above_band_high
2026-07-05T02:19:00Z,94.8943,0.000000,0.000000,0.000000,above_band_high
2026-07-05T02:20:00Z,94.8898,0.000000,0.000000,0.000000,above_band_high
2026-07-05T02:21:00Z,94.8959,0.000000,0.000000,0.000000,above_band_high
2026-07-05T02:22:00Z,94.8638,0.000000,0.000000,0.000000,above_band_high
2026-07-05T02:23:00Z,94.9142,0.000000,0.000000,0.000000,above_band_high
2026-07-05T02:24:00Z,94.8943,0.000000,0.000000,0.000000,above_band_high
2026-07-05T02:25:00Z,94.8592,0.000000,0.000000,0.000000,above_band_high
2026-07-05T02:26:00Z,94.8714,0.000000,0.000000,0.000000,above_band_high
2026-07-05T02:27:00Z,94.8760,0.000000,0.000000,0.000000,above_band_high
2026-07-05T02:28:00Z,94.8684,0.000000,0.000000,0.000000,above_band_high
2026-07-05T02:29:00Z,94.8959,0.000000,0.000000,0.000000,above_band_high
2026-07-05T02:30:00Z,94.8669,0.000000,0.000000,0.000000,above_band_high
2026-07-05T02:31:00Z,94.8684,0.000000,0.000000,0.000000,above_band_high
2026-07-05T02:32:00Z,94.8775,0.000000,0.000000,0.000000,above_band_high
2026-07-05T02:33:00Z,94.8623,0.000000,0.000000,0.000000,above_band_high
2026-07-05T02:34:00Z,94.8486,0.000000,0.000000,0.000000,above_band_high
2026-07-05T02:35:00Z,94.8714,0.000000,0.000000,0.000000,above_band_high
2026-07-05T02:36:00Z,94.8714,0.000000,0.000000,0.000000,above_band_high
2026-07-05T02:37:00Z,94.8547,0.000000,0.000000,0.000000,above_band_high
2026-07-05T02:38:00Z,94.8409,0.000000,0.000000,0.000000,above_band_high
2026-07-05T02:39:00Z,94.8501,0.000000,0.000000,0.000000,above_band_high
2026-07-05T02:40:00Z,94.8501,0.000000,0.000000,0.000000,above_band_high
2026-07-05T02:41:00Z,94.8669,0.000000,0.000000,0.000000,above_band_high
2026-07-05T02:42:00Z,94.8714,0.000000,0.000000,0.000000,above_band_high
2026-07-05T02:43:00Z,94.8669,0.000000,0.000000,0.000000,above_band_high
2026-07-05T02:44:00Z,94.8318,0.000000,0.000000,0.000000,above_band_high
2026-07-05T02:45:00Z,94.8638,0.000000,0.000000,0.000000,above_band_high
2026-07-05T02:46:00Z,94.8714,0.000000,0.000000,0.000000,above_band_high
2026-07-05T02:47:00Z,94.8898,0.000000,0.000000,0.000000,above_band_high
2026-07-05T02:48:00Z,94.8775,0.000000,0.000000,0.000000,above_band_high
2026-07-05T02:49:00Z,94.8852,0.000000,0.000000,0.000000,above_band_high
2026-07-05T02:50:00Z,94.9126,0.000000,0.000000,0.000000,above_band_high
2026-07-05T02:51:00Z,94.9081,0.000000,0.000000,0.000000,above_band_high
2026-07-05T02:52:00Z,94.9493,0.000000,0.000000,0.000000,above_band_high
2026-07-05T02:53:00Z,94.9142,0.000000,0.000000,0.000000,above_band_high
2026-07-05T02:54:00Z,94.9279,0.000000,0.000000,0.000000,above_band_high
2026-07-05T02:55:00Z,94.9279,0.000000,0.000000,0.000000,above_band_high
2026-07-05T02:56:00Z,94.9416,0.000000,0.000000,0.000000,above_band_high
2026-07-05T02:57:00Z,94.9538,0.000000,0.000000,0.000000,above_band_high
2026-07-05T02:58:00Z,94.9371,0.000000,0.000000,0.000000,above_band_high
2026-07-05T02:59:00Z,94.9676,0.000000,0.000000,0.000000,above_band_high
2026-07-05T03:00:00Z,94.9462,0.000000,0.000000,0.000000,above_band_high
2026-07-05T03:01:00Z,94.9599,0.000000,0.000000,0.000000,above_band_high
2026-07-05T03:02:00Z,94.9828,0.000000,0.000000,0.000000,above_band_high
2026-07-05T03:03:00Z,94.9508,0.000000,0.000000,0.000000,above_band_high
2026-07-05T03:04:00Z,94.9737,0.000000,0.000000,0.000000,above_band_high
2026-07-05T03:05:00Z,94.9737,0.000000,0.000000,0.000000,above_band_high
2026-07-05T03:06:00Z,94.9905,0.000000,0.000000,0.000000,above_band_high
2026-07-05T03:07:00Z,94.9828,0.000000,0.000000,0.000000,above_band_high
2026-07-05T03:08:00Z,95.0057,0.000000,0.000000,0.000000,above_band_high
2026-07-05T03:09:00Z,94.9950,0.000000,0.000000,0.000000,above_band_high
2026-07-05T03:10:00Z,95.0149,0.000000,0.000000,0.000000,above_band_high
2026-07-05T03:11:00Z,95.0225,0.000000,0.000000,0.000000,above_band_high
2026-07-05T03:12:00Z,95.0454,0.000000,0.000000,0.000000,above_band_high
2026-07-05T03:13:00Z,95.0454,0.000000,0.000000,0.000000,above_band_high
2026-07-05T03:14:00Z,95.0332,0.000000,0.000000,0.000000,above_band_high
2026-07-05T03:15:00Z,95.0561,0.000000,0.000000,0.000000,above_band_high
2026-07-05T03:16:00Z,95.0378,0.000000,0.000000,0.000000,above_band_high
2026-07-05T03:17:00Z,95.0454,0.000000,0.000000,0.000000,above_band_high
2026-07-05T03:18:00Z,95.0591,0.000000,0.000000,0.000000,above_band_high
2026-07-05T03:19:00Z,95.0546,0.000000,0.000000,0.000000,above_band_high
2026-07-05T03:20:00Z,95.0835,0.000000,0.000000,0.000000,above_band_high
2026-07-05T03:21:00Z,95.0790,0.000000,0.000000,0.000000,above_band_high
2026-07-05T03:22:00Z,95.1141,0.000000,0.000000,0.000000,above_band_high
2026-07-05T03:23:00Z,95.0973,0.000000,0.000000,0.000000,above_band_high
2026-07-05T03:24:00Z,95.1141,0.000000,0.000000,0.000000,above_band_high
2026-07-05T03:25:00Z,95.1110,0.000000,0.000000,0.000000,above_band_high
2026-07-05T03:26:00Z,95.1324,0.000000,0.000000,0.000000,above_band_high
2026-07-05T03:27:00Z,95.1110,0.000000,0.000000,0.000000,above_band_high
2026-07-05T03:28:00Z,95.1110,0.000000,0.000000,0.000000,above_band_high
2026-07-05T03:29:00Z,95.1202,0.000000,0.000000,0.000000,above_band_high
2026-07-05T03:30:00Z,95.1064,0.000000,0.000000,0.000000,above_band_high
2026-07-05T03:31:00Z,95.1019,0.000000,0.000000,0.000000,above_band_high
2026-07-05T03:32:00Z,95.1110,0.000000,0.000000,0.000000,above_band_high
2026-07-05T03:33:00Z,95.0973,0.000000,0.000000,0.000000,above_band_high
2026-07-05T03:34:00Z,95.1110,0.000000,0.000000,0.000000,above_band_high
2026-07-05T03:35:00Z,95.1186,0.000000,0.000000,0.000000,above_band_high
2026-07-05T03:36:00Z,95.1141,0.000000,0.000000,0.000000,above_band_high
2026-07-05T03:37:00Z,95.0698,0.000000,0.000000,0.000000,above_band_high
2026-07-05T03:38:00Z,95.0958,0.000000,0.000000,0.000000,above_band_high
2026-07-05T03:39:00Z,95.0958,0.000000,0.000000,0.000000,above_band_high
2026-07-05T03:40:00Z,95.0866,0.000000,0.000000,0.000000,above_band_high
2026-07-05T03:41:00Z,95.0835,0.000000,0.000000,0.000000,above_band_high
2026-07-05T03:42:00Z,95.0958,0.000000,0.000000,0.000000,above_band_high
2026-07-05T03:43:00Z,95.0973,0.000000,0.000000,0.000000,above_band_high
2026-07-05T03:44:00Z,95.1186,0.000000,0.000000,0.000000,above_band_high
2026-07-05T03:45:00Z,95.1064,0.000000,0.000000,0.000000,above_band_high
2026-07-05T03:46:00Z,95.1247,0.000000,0.000000,0.000000,above_band_high
2026-07-05T03:47:00Z,95.1553,0.000000,0.000000,0.000000,above_band_high
2026-07-05T03:48:00Z,95.1324,0.000000,0.000000,0.000000,above_band_high
2026-07-05T03:49:00Z,95.1324,0.000000,0.000000,0.000000,above_band_high
2026-07-05T03:50:00Z,95.1415,0.000000,0.000000,0.000000,above_band_high
2026-07-05T03:51:00Z,95.1553,0.000000,0.000000,0.000000,above_band_high
2026-07-05T03:52:00Z,95.1614,0.000000,0.000000,0.000000,above_band_high
2026-07-05T03:53:00Z,95.1568,0.000000,0.000000,0.000000,above_band_high
2026-07-05T03:54:00Z,95.1431,0.000000,0.000000,0.000000,above_band_high
2026-07-05T03:55:00Z,95.1751,0.000000,0.000000,0.000000,above_band_high
2026-07-05T03:56:00Z,95.1781,0.000000,0.000000,0.000000,above_band_high
2026-07-05T03:57:00Z,95.1843,0.000000,0.000000,0.000000,above_band_high
2026-07-05T03:58:00Z,95.1705,0.000000,0.000000,0.000000,above_band_high
2026-07-05T03:59:00Z,95.2163,0.000000,0.000000,0.000000,above_band_high
2026-07-05T04:00:00Z,95.2026,0.000000,0.000000,0.000000,above_band_high
2026-07-05T04:01:00Z,95.2255,0.000000,0.000000,0.000000,above_band_high
2026-07-05T04:02:00Z,95.2163,0.000000,0.000000,0.000000,above_band_high
2026-07-05T04:03:00Z,95.2026,0.000000,0.000000,0.000000,above_band_high
2026-07-05T04:04:00Z,95.1965,0.000000,0.000000,0.000000,above_band_high
2026-07-05T04:05:00Z,95.2163,0.000000,0.000000,0.000000,above_band_high
2026-07-05T04:06:00Z,95.2255,0.000000,0.000000,0.000000,above_band_high
2026-07-05T04:07:00Z,95.2117,0.000000,0.000000,0.000000,above_band_high
2026-07-05T04:08:00Z,95.2529,0.000000,0.000000,0.000000,above_band_high
2026-07-05T04:09:00Z,95.2377,0.000000,0.000000,0.000000,above_band_high
2026-07-05T04:10:00Z,95.2377,0.000000,0.000000,0.000000,above_band_high
2026-07-05T04:11:00Z,95.2422,0.000000,0.000000,0.000000,above_band_high
2026-07-05T04:12:00Z,95.2422,0.000000,0.000000,0.000000,above_band_high
2026-07-05T04:13:00Z,95.2483,0.000000,0.000000,0.000000,above_band_high
2026-07-05T04:14:00Z,95.2529,0.000000,0.000000,0.000000,above_band_high
2026-07-05T04:15:00Z,95.2651,0.000000,0.000000,0.000000,above_band_high
2026-07-05T04:16:00Z,95.2850,0.000000,0.000000,0.000000,above_band_high
2026-07-05T04:17:00Z,95.2651,0.000000,0.000000,0.000000,above_band_high
2026-07-05T04:18:00Z,95.2926,0.000000,0.000000,0.000000,above_band_high
2026-07-05T04:19:00Z,95.2850,0.000000,0.000000,0.000000,above_band_high
2026-07-05T04:20:00Z,95.3017,0.000000,0.000000,0.000000,above_band_high
2026-07-05T04:21:00Z,95.3063,0.000000,0.000000,0.000000,above_band_high
2026-07-05T04:22:00Z,95.3216,0.000000,0.000000,0.000000,above_band_high
2026-07-05T04:23:00Z,95.3201,0.000000,0.000000,0.000000,above_band_high
2026-07-05T04:24:00Z,95.2972,0.000000,0.000000,0.000000,above_band_high
2026-07-05T04:25:00Z,95.2895,0.000000,0.000000,0.000000,above_band_high
2026-07-05T04:26:00Z,95.3063,0.000000,0.000000,0.000000,above_band_high
2026-07-05T04:27:00Z,95.3017,0.000000,0.000000,0.000000,above_band_high
2026-07-05T04:28:00Z,95.3216,0.000000,0.000000,0.000000,above_band_high
2026-07-05T04:29:00Z,95.3109,0.000000,0.000000,0.000000,above_band_high
2026-07-05T04:30:00Z,95.3262,0.000000,0.000000,0.000000,above_band_high
2026-07-05T04:31:00Z,95.3109,0.000000,0.000000,0.000000,above_band_high
2026-07-05T04:32:00Z,95.3124,0.000000,0.000000,0.000000,above_band_high
2026-07-05T04:33:00Z,95.2850,0.000000,0.000000,0.000000,above_band_high
2026-07-05T04:34:00Z,95.2712,0.000000,0.000000,0.000000,above_band_high
2026-07-05T04:35:00Z,95.2743,0.000000,0.000000,0.000000,above_band_high
2026-07-05T04:36:00Z,95.2834,0.000000,0.000000,0.000000,above_band_high
2026-07-05T04:37:00Z,95.2712,0.000000,0.000000,0.000000,above_band_high
2026-07-05T04:38:00Z,95.2712,0.000000,0.000000,0.000000,above_band_high
2026-07-05T04:39:00Z,95.2605,0.000000,0.000000,0.000000,above_band_high
2026-07-05T04:40:00Z,95.2422,0.000000,0.000000,0.000000,above_band_high
2026-07-05T04:41:00Z,95.2667,0.000000,0.000000,0.000000,above_band_high
2026-07-05T04:42:00Z,95.2514,0.000000,0.000000,0.000000,above_band_high
2026-07-05T04:43:00Z,95.2895,0.000000,0.000000,0.000000,above_band_high
2026-07-05T04:44:00Z,95.2651,0.000000,0.000000,0.000000,above_band_high
2026-07-05T04:45:00Z,95.2712,0.000000,0.000000,0.000000,above_band_high
2026-07-05T04:46:00Z,95.2743,0.000000,0.000000,0.000000,above_band_high
2026-07-05T04:47:00Z,95.2605,0.000000,0.000000,0.000000,above_band_high
2026-07-05T04:48:00Z,95.2743,0.000000,0.000000,0.000000,above_band_high
2026-07-05T04:49:00Z,95.2850,0.000000,0.000000,0.000000,above_band_high
2026-07-05T04:50:00Z,95.2651,0.000000,0.000000,0.000000,above_band_high
2026-07-05T04:51:00Z,95.3216,0.000000,0.000000,0.000000,above_band_high
2026-07-05T04:52:00Z,95.2529,0.000000,0.000000,0.000000,above_band_high
2026-07-05T04:53:00Z,95.2605,0.000000,0.000000,0.000000,above_band_high
2026-07-05T04:54:00Z,95.2743,0.000000,0.000000,0.000000,above_band_high
2026-07-05T04:55:00Z,95.2529,0.000000,0.000000,0.000000,above_band_high
2026-07-05T04:56:00Z,95.2789,0.000000,0.000000,0.000000,above_band_high
2026-07-05T04:57:00Z,95.2789,0.000000,0.000000,0.000000,above_band_high
2026-07-05T04:58:00Z,95.2972,0.000000,0.000000,0.000000,above_band_high
2026-07-05T04:59:00Z,95.2621,0.000000,0.000000,0.000000,above_band_high
2026-07-05T05:00:00Z,95.3033,0.000000,0.000000,0.000000,above_band_high
2026-07-05T05:01:00Z,95.3109,0.000000,0.000000,0.000000,above_band_high
2026-07-05T05:02:00Z,95.2605,0.000000,0.000000,0.000000,above_band_high
2026-07-05T05:03:00Z,95.3033,0.000000,0.000000,0.000000,above_band_high
2026-07-05T05:04:00Z,95.2743,0.000000,0.000000,0.000000,above_band_high
2026-07-05T05:05:00Z,95.2560,0.000000,0.000000,0.000000,above_band_high
2026-07-05T05:06:00Z,95.3017,0.000000,0.000000,0.000000,above_band_high
2026-07-05T05:07:00Z,95.2972,0.000000,0.000000,0.000000,above_band_high
2026-07-05T05:08:00Z,95.2895,0.000000,0.000000,0.000000,above_band_high
2026-07-05T05:09:00Z,95.2834,0.000000,0.000000,0.000000,above_band_high
2026-07-05T05:10:00Z,95.3033,0.000000,0.000000,0.000000,above_band_high
2026-07-05T05:11:00Z,95.3262,0.000000,0.000000,0.000000,above_band_high
2026-07-05T05:12:00Z,95.2987,0.000000,0.000000,0.000000,above_band_high
2026-07-05T05:13:00Z,95.3124,0.000000,0.000000,0.000000,above_band_high
2026-07-05T05:14:00Z,95.2895,0.000000,0.000000,0.000000,above_band_high
2026-07-05T05:15:00Z,95.3017,0.000000,0.000000,0.000000,above_band_high
2026-07-05T05:16:00Z,95.3124,0.000000,0.000000,0.000000,above_band_high
2026-07-05T05:17:00Z,95.3628,0.000000,0.000000,0.000000,above_band_high
2026-07-05T05:18:00Z,95.2712,0.000000,0.000000,0.000000,above_band_high
2026-07-05T05:19:00Z,95.3292,0.000000,0.000000,0.000000,above_band_high
2026-07-05T05:20:00Z,95.3216,0.000000,0.000000,0.000000,above_band_high
2026-07-05T05:21:00Z,95.3429,0.000000,0.000000,0.000000,above_band_high
2026-07-05T05:22:00Z,95.3429,0.000000,0.000000,0.000000,above_band_high
2026-07-05T05:23:00Z,95.3292,0.000000,0.000000,0.000000,above_band_high
2026-07-05T05:24:00Z,95.3567,0.000000,0.000000,0.000000,above_band_high
2026-07-05T05:25:00Z,95.3429,0.000000,0.000000,0.000000,above_band_high
2026-07-05T05:26:00Z,95.3292,0.000000,0.000000,0.000000,above_band_high
2026-07-05T05:27:00Z,95.3429,0.000000,0.000000,0.000000,above_band_high
2026-07-05T05:28:00Z,95.3079,0.000000,0.000000,0.000000,above_band_high
2026-07-05T05:29:00Z,95.3567,0.000000,0.000000,0.000000,above_band_high
2026-07-05T05:30:00Z,95.3246,0.000000,0.000000,0.000000,above_band_high
2026-07-05T05:31:00Z,95.3246,0.000000,0.000000,0.000000,above_band_high
2026-07-05T05:32:00Z,95.3170,0.000000,0.000000,0.000000,above_band_high
2026-07-05T05:33:00Z,95.3246,0.000000,0.000000,0.000000,above_band_high
2026-07-05T05:34:00Z,95.3338,0.000000,0.000000,0.000000,above_band_high
2026-07-05T05:35:00Z,95.2850,0.000000,0.000000,0.000000,above_band_high
2026-07-05T05:36:00Z,95.3063,0.000000,0.000000,0.000000,above_band_high
2026-07-05T05:37:00Z,95.3109,0.000000,0.000000,0.000000,above_band_high
2026-07-05T05:38:00Z,95.3216,0.000000,0.000000,0.000000,above_band_high
2026-07-05T05:39:00Z,95.3262,0.000000,0.000000,0.000000,above_band_high
2026-07-05T05:40:00Z,95.2926,0.000000,0.000000,0.000000,above_band_high
2026-07-05T05:41:00Z,95.3216,0.000000,0.000000,0.000000,above_band_high
2026-07-05T05:42:00Z,95.3017,0.000000,0.000000,0.000000,above_band_high
2026-07-05T05:43:00Z,95.3033,0.000000,0.000000,0.000000,above_band_high
2026-07-05T05:44:00Z,95.2575,0.000000,0.000000,0.000000,above_band_high
2026-07-05T05:45:00Z,95.2987,0.000000,0.000000,0.000000,above_band_high
2026-07-05T05:46:00Z,95.3033,0.000000,0.000000,0.000000,above_band_high
2026-07-05T05:47:00Z,95.2926,0.000000,0.000000,0.000000,above_band_high
2026-07-05T05:48:00Z,95.3216,0.000000,0.000000,0.000000,above_band_high
2026-07-05T05:49:00Z,95.3338,0.000000,0.000000,0.000000,above_band_high
2026-07-05T05:50:00Z,95.3155,0.000000,0.000000,0.000000,above_band_high
2026-07-05T05:51:00Z,95.2850,0.000000,0.000000,0.000000,above_band_high
2026-07-05T05:52:00Z,95.2926,0.000000,0.000000,0.000000,above_band_high
2026-07-05T05:53:00Z,95.2941,0.000000,0.000000,0.000000,above_band_high
2026-07-05T05:54:00Z,95.3109,0.000000,0.000000,0.000000,above_band_high
2026-07-05T05:55:00Z,95.3292,0.000000,0.000000,0.000000,above_band_high
2026-07-05T05:56:00Z,95.3475,0.000000,0.000000,0.000000,above_band_high
2026-07-05T05:57:00Z,95.3292,0.000000,0.000000,0.000000,above_band_high
2026-07-05T05:58:00Z,95.3445,0.000000,0.000000,0.000000,above_band_high
2026-07-05T05:59:00Z,95.3384,0.000000,0.000000,0.000000,above_band_high
2026-07-05T06:00:00Z,95.3582,0.000000,0.000000,0.000000,above_band_high
2026-07-05T06:01:00Z,95.3765,0.000000,0.000000,0.000000,above_band_high
2026-07-05T06:02:00Z,95.3811,0.000000,0.000000,0.000000,above_band_high
2026-07-05T06:03:00Z,95.4223,0.000000,0.000000,0.000000,above_band_high
2026-07-05T06:04:00Z,95.3887,0.000000,0.000000,0.000000,above_band_high
2026-07-05T06:05:00Z,95.4253,0.000000,0.000000,0.000000,above_band_high
2026-07-05T06:06:00Z,95.4665,0.000000,0.000000,0.000000,above_band_high
2026-07-05T06:07:00Z,95.4849,0.000000,0.000000,0.000000,above_band_high
2026-07-05T06:08:00Z,95.4757,0.000000,0.000000,0.000000,above_band_high
2026-07-05T06:09:00Z,95.4757,0.000000,0.000000,0.000000,above_band_high
2026-07-05T06:10:00Z,95.5123,0.000000,0.000000,0.000000,above_band_high
2026-07-05T06:11:00Z,95.5123,0.000000,0.000000,0.000000,above_band_high
2026-07-05T06:12:00Z,95.5047,0.000000,0.000000,0.000000,above_band_high
2026-07-05T06:13:00Z,95.4986,0.000000,0.000000,0.000000,above_band_high
2026-07-05T06:14:00Z,95.5627,0.000000,0.000000,0.000000,above_band_high
2026-07-05T06:15:00Z,95.5642,0.000000,0.000000,0.000000,above_band_high
2026-07-05T06:16:00Z,95.4986,0.000000,0.000000,0.000000,above_band_high
2026-07-05T06:17:00Z,95.5581,0.000000,0.000000,0.000000,above_band_high
2026-07-05T06:18:00Z,95.5077,0.000000,0.000000,0.000000,above_band_high
2026-07-05T06:19:00Z,95.5581,0.000000,0.000000,0.000000,above_band_high
2026-07-05T06:20:00Z,95.5352,0.000000,0.000000,0.000000,above_band_high
2026-07-05T06:21:00Z,95.5535,0.000000,0.000000,0.000000,above_band_high
2026-07-05T06:22:00Z,95.5764,0.000000,0.000000,0.000000,above_band_high
2026-07-05T06:23:00Z,95.5779,0.000000,0.000000,0.000000,above_band_high
2026-07-05T06:24:00Z,95.5642,0.000000,0.000000,0.000000,above_band_high
2026-07-05T06:25:00Z,95.5306,0.000000,0.000000,0.000000,above_band_high
2026-07-05T06:26:00Z,95.5596,0.000000,0.000000,0.000000,above_band_high
2026-07-05T06:27:00Z,95.5856,0.000000,0.000000,0.000000,above_band_high
2026-07-05T06:28:00Z,95.5581,0.000000,0.000000,0.000000,above_band_high
2026-07-05T06:29:00Z,95.5871,0.000000,0.000000,0.000000,above_band_high
2026-07-05T06:30:00Z,95.5535,0.000000,0.000000,0.000000,above_band_high
2026-07-05T06:31:00Z,95.5413,0.000000,0.000000,0.000000,above_band_high
2026-07-05T06:32:00Z,95.5734,0.000000,0.000000,0.000000,above_band_high
2026-07-05T06:33:00Z,95.5764,0.000000,0.000000,0.000000,above_band_high
2026-07-05T06:34:00Z,95.6039,0.000000,0.000000,0.000000,above_band_high
2026-07-05T06:35:00Z,95.5734,0.000000,0.000000,0.000000,above_band_high
2026-07-05T06:36:00Z,95.5627,0.000000,0.000000,0.000000,above_band_high
2026-07-05T06:37:00Z,95.5413,0.000000,0.000000,0.000000,above_band_high
2026-07-05T06:38:00Z,95.5688,0.000000,0.000000,0.000000,above_band_high
2026-07-05T06:39:00Z,95.5489,0.000000,0.000000,0.000000,above_band_high
2026-07-05T06:40:00Z,95.5489,0.000000,0.000000,0.000000,above_band_high
2026-07-05T06:41:00Z,95.5352,0.000000,0.000000,0.000000,above_band_high
2026-07-05T06:42:00Z,95.5581,0.000000,0.000000,0.000000,above_band_high
2026-07-05T06:43:00Z,95.5413,0.000000,0.000000,0.000000,above_band_high
2026-07-05T06:44:00Z,95.5367,0.000000,0.000000,0.000000,above_band_high
2026-07-05T06:45:00Z,95.5169,0.000000,0.000000,0.000000,above_band_high
2026-07-05T06:46:00Z,95.5322,0.000000,0.000000,0.000000,above_band_high
2026-07-05T06:47:00Z,95.5184,0.000000,0.000000,0.000000,above_band_high
2026-07-05T06:48:00Z,95.5459,0.000000,0.000000,0.000000,above_band_high
2026-07-05T06:49:00Z,95.5047,0.000000,0.000000,0.000000,above_band_high
2026-07-05T06:50:00Z,95.5367,0.000000,0.000000,0.000000,above_band_high
2026-07-05T06:51:00Z,95.5306,0.000000,0.000000,0.000000,above_band_high
2026-07-05T06:52:00Z,95.5169,0.000000,0.000000,0.000000,above_band_high
2026-07-05T06:53:00Z,95.5688,0.000000,0.000000,0.000000,above_band_high
2026-07-05T06:54:00Z,95.5856,0.000000,0.000000,0.000000,above_band_high
2026-07-05T06:55:00Z,95.6008,0.000000,0.000000,0.000000,above_band_high
2026-07-05T06:56:00Z,95.6130,0.000000,0.000000,0.000000,above_band_high
2026-07-05T06:57:00Z,95.6222,0.000000,0.000000,0.000000,above_band_high
2026-07-05T06:58:00Z,95.6237,0.000000,0.000000,0.000000,above_band_high
2026-07-05T06:59:00Z,95.6878,0.000000,0.000000,0.000000,above_band_high
2026-07-05T07:00:00Z,95.6725,0.000000,0.000000,0.000000,above_band_high
2026-07-05T07:01:00Z,95.7046,0.000000,0.000000,0.000000,above_band_high
2026-07-05T07:02:00Z,95.7244,0.000000,0.000000,0.000000,above_band_high
2026-07-05T07:03:00Z,95.7519,0.000000,0.000000,0.000000,above_band_high
2026-07-05T07:04:00Z,95.7519,0.000000,0.000000,0.000000,above_band_high
2026-07-05T07:05:00Z,95.7870,0.000000,0.000000,0.000000,above_band_high
2026-07-05T07:06:00Z,95.8068,0.000000,0.000000,0.000000,above_band_high
2026-07-05T07:07:00Z,95.7824,0.000000,0.000000,0.000000,above_band_high
2026-07-05T07:08:00Z,95.8114,0.000000,0.000000,0.000000,above_band_high
2026-07-05T07:09:00Z,95.8282,0.000000,0.000000,0.000000,above_band_high
2026-07-05T07:10:00Z,95.8160,0.000000,0.000000,0.000000,above_band_high
2026-07-05T07:11:00Z,95.8831,0.000000,0.000000,0.000000,above_band_high
2026-07-05T07:12:00Z,95.8801,0.000000,0.000000,0.000000,above_band_high
2026-07-05T07:13:00Z,95.8572,0.000000,0.000000,0.000000,above_band_high
2026-07-05T07:14:00Z,95.8984,0.000000,0.000000,0.000000,above_band_high
2026-07-05T07:15:00Z,95.9060,0.000000,0.000000,0.000000,above_band_high
2026-07-05T07:16:00Z,95.9289,0.000000,0.000000,0.000000,above_band_high
2026-07-05T07:17:00Z,95.8984,0.000000,0.000000,0.000000,above_band_high
2026-07-05T07:18:00Z,95.8968,0.000000,0.000000,0.000000,above_band_high
2026-07-05T07:19:00Z,95.9060,0.000000,0.000000,0.000000,above_band_high
2026-07-05T07:20:00Z,95.8755,0.000000,0.000000,0.000000,above_band_high
2026-07-05T07:21:00Z,95.9152,0.000000,0.000000,0.000000,above_band_high
2026-07-05T07:22:00Z,95.8801,0.000000,0.000000,0.000000,above_band_high
2026-07-05T07:23:00Z,95.8556,0.000000,0.000000,0.000000,above_band_high
2026-07-05T07:24:00Z,95.8755,0.000000,0.000000,0.000000,above_band_high
2026-07-05T07:25:00Z,95.8465,0.000000,0.000000,0.000000,above_band_high
2026-07-05T07:26:00Z,95.8160,0.000000,0.000000,0.000000,above_band_high
2026-07-05T07:27:00Z,95.8190,0.000000,0.000000,0.000000,above_band_high
2026-07-05T07:28:00Z,95.7519,0.000000,0.000000,0.000000,above_band_high
2026-07-05T07:29:00Z,95.7458,0.000000,0.000000,0.000000,above_band_high
2026-07-05T07:30:00Z,95.7412,0.000000,0.000000,0.000000,above_band_high
2026-07-05T07:31:00Z,95.6909,0.000000,0.000000,0.000000,above_band_high
2026-07-05T07:32:00Z,95.6817,0.000000,0.000000,0.000000,above_band_high
2026-07-05T07:33:00Z,95.6588,0.000000,0.000000,0.000000,above_band_high
2026-07-05T07:34:00Z,95.6100,0.000000,0.000000,0.000000,above_band_high
2026-07-05T07:35:00Z,95.6039,0.000000,0.000000,0.000000,above_band_high
2026-07-05T07:36:00Z,95.5962,0.000000,0.000000,0.000000,above_band_high
2026-07-05T07:37:00Z,95.5688,0.000000,0.000000,0.000000,above_band_high
2026-07-05T07:38:00Z,95.5367,0.000000,0.000000,0.000000,above_band_high
2026-07-05T07:39:00Z,95.4894,0.000000,0.000000,0.000000,above_band_high
2026-07-05T07:40:00Z,95.5123,0.000000,0.000000,0.000000,above_band_high
2026-07-05T07:41:00Z,95.4223,0.000000,0.000000,0.000000,above_band_high
2026-07-05T07:42:00Z,95.4116,0.000000,0.000000,0.000000,above_band_high
2026-07-05T07:43:00Z,95.3994,0.000000,0.000000,0.000000,above_band_high
2026-07-05T07:44:00Z,95.4025,0.000000,0.000000,0.000000,above_band_high
2026-07-05T07:45:00Z,95.3674,0.000000,0.000000,0.000000,above_band_high
2026-07-05T07:46:00Z,95.3796,0.000000,0.000000,0.000000,above_band_high
2026-07-05T07:47:00Z,95.3353,0.000000,0.000000,0.000000,above_band_high
2026-07-05T07:48:00Z,95.3399,0.000000,0.000000,0.000000,above_band_high
2026-07-05T07:49:00Z,95.3536,0.000000,0.000000,0.000000,above_band_high
2026-07-05T07:50:00Z,95.3536,0.000000,0.000000,0.000000,above_band_high
2026-07-05T07:51:00Z,95.3384,0.000000,0.000000,0.000000,above_band_high
2026-07-05T07:52:00Z,95.3353,0.000000,0.000000,0.000000,above_band_high
2026-07-05T07:53:00Z,95.3384,0.000000,0.000000,0.000000,above_band_high
2026-07-05T07:54:00Z,95.3170,0.000000,0.000000,0.000000,above_band_high
2026-07-05T07:55:00Z,95.3491,0.000000,0.000000,0.000000,above_band_high
2026-07-05T07:56:00Z,95.3124,0.000000,0.000000,0.000000,above_band_high
2026-07-05T07:57:00Z,95.3338,0.000000,0.000000,0.000000,above_band_high
2026-07-05T07:58:00Z,95.3262,0.000000,0.000000,0.000000,above_band_high
2026-07-05T07:59:00Z,95.3338,0.000000,0.000000,0.000000,above_band_high
2026-07-05T08:00:00Z,95.3246,0.000000,0.000000,0.000000,above_band_high
2026-07-05T08:01:00Z,95.3384,0.000000,0.000000,0.000000,above_band_high
2026-07-05T08:02:00Z,95.3399,0.000000,0.000000,0.000000,above_band_high
2026-07-05T08:03:00Z,95.2941,0.000000,0.000000,0.000000,above_band_high
2026-07-05T08:04:00Z,95.3017,0.000000,0.000000,0.000000,above_band_high
2026-07-05T08:05:00Z,95.3262,0.000000,0.000000,0.000000,above_band_high
2026-07-05T08:06:00Z,95.3292,0.000000,0.000000,0.000000,above_band_high
2026-07-05T08:07:00Z,95.3216,0.000000,0.000000,0.000000,above_band_high
2026-07-05T08:08:00Z,95.3384,0.000000,0.000000,0.000000,above_band_high
2026-07-05T08:09:00Z,95.3445,0.000000,0.000000,0.000000,above_band_high
2026-07-05T08:10:00Z,95.3750,0.000000,0.000000,0.000000,above_band_high
2026-07-05T08:11:00Z,95.3292,0.000000,0.000000,0.000000,above_band_high
2026-07-05T08:12:00Z,95.3399,0.000000,0.000000,0.000000,above_band_high
2026-07-05T08:13:00Z,95.3079,0.000000,0.000000,0.000000,above_band_high
2026-07-05T08:14:00Z,95.3399,0.000000,0.000000,0.000000,above_band_high
2026-07-05T08:15:00Z,95.3613,0.000000,0.000000,0.000000,above_band_high
2026-07-05T08:16:00Z,95.3262,0.000000,0.000000,0.000000,above_band_high
2026-07-05T08:17:00Z,95.3216,0.000000,0.000000,0.000000,above_band_high
2026-07-05T08:18:00Z,95.3674,0.000000,0.000000,0.000000,above_band_high
2026-07-05T08:19:00Z,95.3292,0.000000,0.000000,0.000000,above_band_high
2026-07-05T08:20:00Z,95.3338,0.000000,0.000000,0.000000,above_band_high
2026-07-05T08:21:00Z,95.3811,0.000000,0.000000,0.000000,above_band_high
2026-07-05T08:22:00Z,95.3765,0.000000,0.000000,0.000000,above_band_high
2026-07-05T08:23:00Z,95.3933,0.000000,0.000000,0.000000,above_band_high
2026-07-05T08:24:00Z,95.3887,0.000000,0.000000,0.000000,above_band_high
2026-07-05T08:25:00Z,95.3887,0.000000,0.000000,0.000000,above_band_high
2026-07-05T08:26:00Z,95.4116,0.000000,0.000000,0.000000,above_band_high
2026-07-05T08:27:00Z,95.4269,0.000000,0.000000,0.000000,above_band_high
2026-07-05T08:28:00Z,95.4360,0.000000,0.000000,0.000000,above_band_high
2026-07-05T08:29:00Z,95.4681,0.000000,0.000000,0.000000,above_band_high
2026-07-05T08:30:00Z,95.4345,0.000000,0.000000,0.000000,above_band_high
2026-07-05T08:31:00Z,95.4940,0.000000,0.000000,0.000000,above_band_high
2026-07-05T08:32:00Z,95.5032,0.000000,0.000000,0.000000,above_band_high
2026-07-05T08:33:00Z,95.4360,0.000000,0.000000,0.000000,above_band_high
2026-07-05T08:34:00Z,95.4772,0.000000,0.000000,0.000000,above_band_high
2026-07-05T08:35:00Z,95.4894,0.000000,0.000000,0.000000,above_band_high
2026-07-05T08:36:00Z,95.4406,0.000000,0.000000,0.000000,above_band_high
2026-07-05T08:37:00Z,95.4681,0.000000,0.000000,0.000000,above_band_high
2026-07-05T08:38:00Z,95.4772,0.000000,0.000000,0.000000,above_band_high
2026-07-05T08:39:00Z,95.5352,0.000000,0.000000,0.000000,above_band_high
2026-07-05T08:40:00Z,95.4940,0.000000,0.000000,0.000000,above_band_high
2026-07-05T08:41:00Z,95.4940,0.000000,0.000000,0.000000,above_band_high
2026-07-05T08:42:00Z,95.4772,0.000000,0.000000,0.000000,above_band_high
2026-07-05T08:43:00Z,95.5077,0.000000,0.000000,0.000000,above_band_high
2026-07-05T08:44:00Z,95.4772,0.000000,0.000000,0.000000,above_band_high
2026-07-05T08:45:00Z,95.5306,0.000000,0.000000,0.000000,above_band_high
2026-07-05T08:46:00Z,95.4864,0.000000,0.000000,0.000000,above_band_high
2026-07-05T08:47:00Z,95.5032,0.000000,0.000000,0.000000,above_band_high
2026-07-05T08:48:00Z,95.5032,0.000000,0.000000,0.000000,above_band_high
2026-07-05T08:49:00Z,95.5123,0.000000,0.000000,0.000000,above_band_high
2026-07-05T08:50:00Z,95.5398,0.000000,0.000000,0.000000,above_band_high
2026-07-05T08:51:00Z,95.4894,0.000000,0.000000,0.000000,above_band_high
2026-07-05T08:52:00Z,95.5398,0.000000,0.000000,0.000000,above_band_high
2026-07-05T08:53:00Z,95.5505,0.000000,0.000000,0.000000,above_band_high
2026-07-05T08:54:00Z,95.5596,0.000000,0.000000,0.000000,above_band_high
2026-07-05T08:55:00Z,95.5550,0.000000,0.000000,0.000000,above_band_high
2026-07-05T08:56:00Z,95.5734,0.000000,0.000000,0.000000,above_band_high
2026-07-05T08:57:00Z,95.5550,0.000000,0.000000,0.000000,above_band_high
2026-07-05T08:58:00Z,95.5917,0.000000,0.000000,0.000000,above_band_high
2026-07-05T08:59:00Z,95.5825,0.000000,0.000000,0.000000,above_band_high
2026-07-05T09:00:00Z,95.5856,0.000000,0.000000,0.000000,above_band_high
2026-07-05T09:01:00Z,95.6268,0.000000,0.000000,0.000000,above_band_high
2026-07-05T09:02:00Z,95.6054,0.000000,0.000000,0.000000,above_band_high
2026-07-05T09:03:00Z,95.6237,0.000000,0.000000,0.000000,above_band_high
2026-07-05T09:04:00Z,95.6603,0.000000,0.000000,0.000000,above_band_high
2026-07-05T09:05:00Z,95.6542,0.000000,0.000000,0.000000,above_band_high
2026-07-05T09:06:00Z,95.6237,0.000000,0.000000,0.000000,above_band_high
2026-07-05T09:07:00Z,95.6680,0.000000,0.000000,0.000000,above_band_high
2026-07-05T09:08:00Z,95.6878,0.000000,0.000000,0.000000,above_band_high
2026-07-05T09:09:00Z,95.6588,0.000000,0.000000,0.000000,above_band_high
2026-07-05T09:10:00Z,95.6832,0.000000,0.000000,0.000000,above_band_high
2026-07-05T09:11:00Z,95.6878,0.000000,0.000000,0.000000,above_band_high
2026-07-05T09:12:00Z,95.6970,0.000000,0.000000,0.000000,above_band_high
2026-07-05T09:13:00Z,95.6909,0.000000,0.000000,0.000000,above_band_high
2026-07-05T09:14:00Z,95.7046,0.000000,0.000000,0.000000,above_band_high
2026-07-05T09:15:00Z,95.7015,0.000000,0.000000,0.000000,above_band_high
2026-07-05T09:16:00Z,95.7198,0.000000,0.000000,0.000000,above_band_high
2026-07-05T09:17:00Z,95.7183,0.000000,0.000000,0.000000,above_band_high
2026-07-05T09:18:00Z,95.7046,0.000000,0.000000,0.000000,above_band_high
2026-07-05T09:19:00Z,95.7427,0.000000,0.000000,0.000000,above_band_high
2026-07-05T09:20:00Z,95.7549,0.000000,0.000000,0.000000,above_band_high
2026-07-05T09:21:00Z,95.7244,0.000000,0.000000,0.000000,above_band_high
2026-07-05T09:22:00Z,95.7473,0.000000,0.000000,0.000000,above_band_high
2026-07-05T09:23:00Z,95.7549,0.000000,0.000000,0.000000,above_band_high
2026-07-05T09:24:00Z,95.7733,0.000000,0.000000,0.000000,above_band_high
2026-07-05T09:25:00Z,95.7794,0.000000,0.000000,0.000000,above_band_high
2026-07-05T09:26:00Z,95.7549,0.000000,0.000000,0.000000,above_band_high
2026-07-05T09:27:00Z,95.7473,0.000000,0.000000,0.000000,above_band_high
2026-07-05T09:28:00Z,95.8022,0.000000,0.000000,0.000000,above_band_high
2026-07-05T09:29:00Z,95.7794,0.000000,0.000000,0.000000,above_band_high
2026-07-05T09:30:00Z,95.7473,0.000000,0.000000,0.000000,above_band_high
2026-07-05T09:31:00Z,95.7794,0.000000,0.000000,0.000000,above_band_high
2026-07-05T09:32:00Z,95.7931,0.000000,0.000000,0.000000,above_band_high
2026-07-05T09:33:00Z,95.7778,0.000000,0.000000,0.000000,above_band_high
2026-07-05T09:34:00Z,95.7931,0.000000,0.000000,0.000000,above_band_high
2026-07-05T09:35:00Z,95.7641,0.000000,0.000000,0.000000,above_band_high
2026-07-05T09:36:00Z,95.7733,0.000000,0.000000,0.000000,above_band_high
2026-07-05T09:37:00Z,95.8053,0.000000,0.000000,0.000000,above_band_high
2026-07-05T09:38:00Z,95.7656,0.000000,0.000000,0.000000,above_band_high
2026-07-05T09:39:00Z,95.7565,0.000000,0.000000,0.000000,above_band_high
2026-07-05T09:40:00Z,95.7778,0.000000,0.000000,0.000000,above_band_high
2026-07-05T09:41:00Z,95.8114,0.000000,0.000000,0.000000,above_band_high
2026-07-05T09:42:00Z,95.7977,0.000000,0.000000,0.000000,above_band_high
2026-07-05T09:43:00Z,95.7961,0.000000,0.000000,0.000000,above_band_high
2026-07-05T09:44:00Z,95.8114,0.000000,0.000000,0.000000,above_band_high
2026-07-05T09:45:00Z,95.7778,0.000000,0.000000,0.000000,above_band_high
2026-07-05T09:46:00Z,95.7641,0.000000,0.000000,0.000000,above_band_high
2026-07-05T09:47:00Z,95.7427,0.000000,0.000000,0.000000,above_band_high
2026-07-05T09:48:00Z,95.7656,0.000000,0.000000,0.000000,above_band_high
2026-07-05T09:49:00Z,95.7885,0.000000,0.000000,0.000000,above_band_high
2026-07-05T09:50:00Z,95.7916,0.000000,0.000000,0.000000,above_band_high
2026-07-05T09:51:00Z,95.8068,0.000000,0.000000,0.000000,above_band_high
2026-07-05T09:52:00Z,95.7656,0.000000,0.000000,0.000000,above_band_high
2026-07-05T09:53:00Z,95.8007,0.000000,0.000000,0.000000,above_band_high
2026-07-05T09:54:00Z,95.7565,0.000000,0.000000,0.000000,above_band_high
2026-07-05T09:55:00Z,95.7778,0.000000,0.000000,0.000000,above_band_high
2026-07-05T09:56:00Z,95.8007,0.000000,0.000000,0.000000,above_band_high
2026-07-05T09:57:00Z,95.7702,0.000000,0.000000,0.000000,above_band_high
2026-07-05T09:58:00Z,95.7977,0.000000,0.000000,0.000000,above_band_high
2026-07-05T09:59:00Z,95.7839,0.000000,0.000000,0.000000,above_band_high
2026-07-05T10:00:00Z,95.7916,0.000000,0.000000,0.000000,above_band_high
2026-07-05T10:01:00Z,95.7839,0.000000,0.000000,0.000000,above_band_high
2026-07-05T10:02:00Z,95.7549,0.000000,0.000000,0.000000,above_band_high
2026-07-05T10:03:00Z,95.8007,0.000000,0.000000,0.000000,above_band_high
2026-07-05T10:04:00Z,95.7656,0.000000,0.000000,0.000000,above_band_high
2026-07-05T10:05:00Z,95.7885,0.000000,0.000000,0.000000,above_band_high
2026-07-05T10:06:00Z,95.7733,0.000000,0.000000,0.000000,above_band_high
2026-07-05T10:07:00Z,95.7656,0.000000,0.000000,0.000000,above_band_high
2026-07-05T10:08:00Z,95.8114,0.000000,0.000000,0.000000,above_band_high
2026-07-05T10:09:00Z,95.7961,0.000000,0.000000,0.000000,above_band_high
2026-07-05T10:10:00Z,95.7824,0.000000,0.000000,0.000000,above_band_high
2026-07-05T10:11:00Z,95.7916,0.000000,0.000000,0.000000,above_band_high
2026-07-05T10:12:00Z,95.8007,0.000000,0.000000,0.000000,above_band_high
2026-07-05T10:13:00Z,95.7885,0.000000,0.000000,0.000000,above_band_high
2026-07-05T10:14:00Z,95.7824,0.000000,0.000000,0.000000,above_band_high
2026-07-05T10:15:00Z,95.7961,0.000000,0.000000,0.000000,above_band_high
2026-07-05T10:16:00Z,95.7961,0.000000,0.000000,0.000000,above_band_high
2026-07-05T10:17:00Z,95.7839,0.000000,0.000000,0.000000,above_band_high
2026-07-05T10:18:00Z,95.7839,0.000000,0.000000,0.000000,above_band_high
2026-07-05T10:19:00Z,95.8007,0.000000,0.000000,0.000000,above_band_high
2026-07-05T10:20:00Z,95.8190,0.000000,0.000000,0.000000,above_band_high
2026-07-05T10:21:00Z,95.7931,0.000000,0.000000,0.000000,above_band_high
2026-07-05T10:22:00Z,95.8434,0.000000,0.000000,0.000000,above_band_high
2026-07-05T10:23:00Z,95.8236,0.000000,0.000000,0.000000,above_band_high
2026-07-05T10:24:00Z,95.8114,0.000000,0.000000,0.000000,above_band_high
2026-07-05T10:25:00Z,95.8160,0.000000,0.000000,0.000000,above_band_high
2026-07-05T10:26:00Z,95.8068,0.000000,0.000000,0.000000,above_band_high
2026-07-05T10:27:00Z,95.8297,0.000000,0.000000,0.000000,above_band_high
2026-07-05T10:28:00Z,95.8236,0.000000,0.000000,0.000000,above_band_high
2026-07-05T10:29:00Z,95.8160,0.000000,0.000000,0.000000,above_band_high
2026-07-05T10:30:00Z,95.8190,0.000000,0.000000,0.000000,above_band_high
2026-07-05T10:31:00Z,95.8145,0.000000,0.000000,0.000000,above_band_high
2026-07-05T10:32:00Z,95.7931,0.000000,0.000000,0.000000,above_band_high
2026-07-05T10:33:00Z,95.8145,0.000000,0.000000,0.000000,above_band_high
2026-07-05T10:34:00Z,95.8526,0.000000,0.000000,0.000000,above_band_high
2026-07-05T10:35:00Z,95.8328,0.000000,0.000000,0.000000,above_band_high
2026-07-05T10:36:00Z,95.8343,0.000000,0.000000,0.000000,above_band_high
2026-07-05T10:37:00Z,95.8328,0.000000,0.000000,0.000000,above_band_high
2026-07-05T10:38:00Z,95.8556,0.000000,0.000000,0.000000,above_band_high
2026-07-05T10:39:00Z,95.8556,0.000000,0.000000,0.000000,above_band_high
2026-07-05T10:40:00Z,95.8190,0.000000,0.000000,0.000000,above_band_high
2026-07-05T10:41:00Z,95.8297,0.000000,0.000000,0.000000,above_band_high
2026-07-05T10:42:00Z,95.8343,0.000000,0.000000,0.000000,above_band_high
2026-07-05T10:43:00Z,95.8465,0.000000,0.000000,0.000000,above_band_high
2026-07-05T10:44:00Z,95.8099,0.000000,0.000000,0.000000,above_band_high
2026-07-05T10:45:00Z,95.8389,0.000000,0.000000,0.000000,above_band_high
2026-07-05T10:46:00Z,95.8297,0.000000,0.000000,0.000000,above_band_high
2026-07-05T10:47:00Z,95.8282,0.000000,0.000000,0.000000,above_band_high
2026-07-05T10:48:00Z,95.8099,0.000000,0.000000,0.000000,above_band_high
2026-07-05T10:49:00Z,95.8190,0.000000,0.000000,0.000000,above_band_high
2026-07-05T10:50:00Z,95.8022,0.000000,0.000000,0.000000,above_band_high
2026-07-05T10:51:00Z,95.8190,0.000000,0.000000,0.000000,above_band_high
2026-07-05T10:52:00Z,95.8282,0.000000,0.000000,0.000000,above_band_high
2026-07-05T10:53:00Z,95.8297,0.000000,0.000000,0.000000,above_band_high
2026-07-05T10:54:00Z,95.7885,0.000000,0.000000,0.000000,above_band_high
2026-07-05T10:55:00Z,95.8236,0.000000,0.000000,0.000000,above_band_high
2026-07-05T10:56:00Z,95.8053,0.000000,0.000000,0.000000,above_band_high
2026-07-05T10:57:00Z,95.8190,0.000000,0.000000,0.000000,above_band_high
2026-07-05T10:58:00Z,95.7931,0.000000,0.000000,0.000000,above_band_high
2026-07-05T10:59:00Z,95.8236,0.000000,0.000000,0.000000,above_band_high
2026-07-05T11:00:00Z,95.8114,0.000000,0.000000,0.000000,above_band_high
2026-07-05T11:01:00Z,95.8160,0.000000,0.000000,0.000000,above_band_high
2026-07-05T11:02:00Z,95.8053,0.000000,0.000000,0.000000,above_band_high
2026-07-05T11:03:00Z,95.7870,0.000000,0.000000,0.000000,above_band_high
2026-07-05T11:04:00Z,95.7961,0.000000,0.000000,0.000000,above_band_high
2026-07-05T11:05:00Z,95.8206,0.000000,0.000000,0.000000,above_band_high
2026-07-05T11:06:00Z,95.8160,0.000000,0.000000,0.000000,above_band_high
2026-07-05T11:07:00Z,95.8114,0.000000,0.000000,0.000000,above_band_high
2026-07-05T11:08:00Z,95.7824,0.000000,0.000000,0.000000,above_band_high
2026-07-05T11:09:00Z,95.8022,0.000000,0.000000,0.000000,above_band_high
2026-07-05T11:10:00Z,95.8022,0.000000,0.000000,0.000000,above_band_high
2026-07-05T11:11:00Z,95.7641,0.000000,0.000000,0.000000,above_band_high
2026-07-05T11:12:00Z,95.7824,0.000000,0.000000,0.000000,above_band_high
2026-07-05T11:13:00Z,95.7931,0.000000,0.000000,0.000000,above_band_high
2026-07-05T11:14:00Z,95.7824,0.000000,0.000000,0.000000,above_band_high
2026-07-05T11:15:00Z,95.7687,0.000000,0.000000,0.000000,above_band_high
2026-07-05T11:16:00Z,95.8022,0.000000,0.000000,0.000000,above_band_high
2026-07-05T11:17:00Z,95.7916,0.000000,0.000000,0.000000,above_band_high
2026-07-05T11:18:00Z,95.8099,0.000000,0.000000,0.000000,above_band_high
2026-07-05T11:19:00Z,95.7931,0.000000,0.000000,0.000000,above_band_high
2026-07-05T11:20:00Z,95.8099,0.000000,0.000000,0.000000,above_band_high
2026-07-05T11:21:00Z,95.7824,0.000000,0.000000,0.000000,above_band_high
2026-07-05T11:22:00Z,95.8114,0.000000,0.000000,0.000000,above_band_high
2026-07-05T11:23:00Z,95.8282,0.000000,0.000000,0.000000,above_band_high
2026-07-05T11:24:00Z,95.8206,0.000000,0.000000,0.000000,above_band_high
2026-07-05T11:25:00Z,95.8145,0.000000,0.000000,0.000000,above_band_high
2026-07-05T11:26:00Z,95.8419,0.000000,0.000000,0.000000,above_band_high
2026-07-05T11:27:00Z,95.8526,0.000000,0.000000,0.000000,above_band_high
2026-07-05T11:28:00Z,95.8343,0.000000,0.000000,0.000000,above_band_high
2026-07-05T11:29:00Z,95.8465,0.000000,0.000000,0.000000,above_band_high
2026-07-05T11:30:00Z,95.8465,0.000000,0.000000,0.000000,above_band_high
2026-07-05T11:31:00Z,95.8236,0.000000,0.000000,0.000000,above_band_high
2026-07-05T11:32:00Z,95.8618,0.000000,0.000000,0.000000,above_band_high
2026-07-05T11:33:00Z,95.8801,0.000000,0.000000,0.000000,above_band_high
2026-07-05T11:34:00Z,95.8648,0.000000,0.000000,0.000000,above_band_high
2026-07-05T11:35:00Z,95.8694,0.000000,0.000000,0.000000,above_band_high
2026-07-05T11:36:00Z,95.8923,0.000000,0.000000,0.000000,above_band_high
2026-07-05T11:37:00Z,95.8663,0.000000,0.000000,0.000000,above_band_high
2026-07-05T11:38:00Z,95.8938,0.000000,0.000000,0.000000,above_band_high
2026-07-05T11:39:00Z,95.8709,0.000000,0.000000,0.000000,above_band_high
2026-07-05T11:40:00Z,95.8618,0.000000,0.000000,0.000000,above_band_high
2026-07-05T11:41:00Z,95.8602,0.000000,0.000000,0.000000,above_band_high
2026-07-05T11:42:00Z,95.8740,0.000000,0.000000,0.000000,above_band_high
2026-07-05T11:43:00Z,95.8663,0.000000,0.000000,0.000000,above_band_high
2026-07-05T11:44:00Z,95.8801,0.000000,0.000000,0.000000,above_band_high
2026-07-05T11:45:00Z,95.8556,0.000000,0.000000,0.000000,above_band_high
2026-07-05T11:46:00Z,95.8648,0.000000,0.000000,0.000000,above_band_high
2026-07-05T11:47:00Z,95.8831,0.000000,0.000000,0.000000,above_band_high
2026-07-05T11:48:00Z,95.8648,0.000000,0.000000,0.000000,above_band_high
2026-07-05T11:49:00Z,95.9197,0.000000,0.000000,0.000000,above_band_high
2026-07-05T11:50:00Z,95.9121,0.000000,0.000000,0.000000,above_band_high
2026-07-05T11:51:00Z,95.9014,0.000000,0.000000,0.000000,above_band_high
2026-07-05T11:52:00Z,95.9335,0.000000,0.000000,0.000000,above_band_high
2026-07-05T11:53:00Z,95.9167,0.000000,0.000000,0.000000,above_band_high
2026-07-05T11:54:00Z,95.9426,0.000000,0.000000,0.000000,above_band_high
2026-07-05T11:55:00Z,95.9304,0.000000,0.000000,0.000000,above_band_high
2026-07-05T11:56:00Z,95.9396,0.000000,0.000000,0.000000,above_band_high
2026-07-05T11:57:00Z,95.9167,0.000000,0.000000,0.000000,above_band_high
2026-07-05T11:58:00Z,95.9396,0.000000,0.000000,0.000000,above_band_high
2026-07-05T11:59:00Z,95.9396,0.000000,0.000000,0.000000,above_band_high
2026-07-05T12:00:00Z,95.9930,0.000000,0.000000,0.000000,above_band_high
2026-07-05T12:01:00Z,96.1135,0.000000,0.000000,0.000000,above_band_high
2026-07-05T12:02:00Z,96.1547,0.000000,0.000000,0.000000,above_band_high
2026-07-05T12:03:00Z,96.1944,0.000000,0.000000,0.000000,above_band_high
2026-07-05T12:04:00Z,96.1959,0.000000,0.000000,0.000000,above_band_high
2026-07-05T12:05:00Z,96.2234,0.000000,0.000000,0.000000,above_band_high
2026-07-05T12:06:00Z,96.1364,0.000000,0.000000,0.000000,above_band_high
2026-07-05T12:07:00Z,96.1212,0.000000,0.000000,0.000000,above_band_high
2026-07-05T12:08:00Z,96.0815,0.000000,0.000000,0.000000,above_band_high
2026-07-05T12:09:00Z,96.0220,0.000000,0.000000,0.000000,above_band_high
2026-07-05T12:10:00Z,95.9152,0.000000,0.000000,0.000000,above_band_high
2026-07-05T12:11:00Z,95.8282,0.000000,0.000000,0.000000,above_band_high
2026-07-05T12:12:00Z,95.7458,0.000000,0.000000,0.000000,above_band_high
2026-07-05T12:13:00Z,95.6039,0.000000,0.000000,0.000000,above_band_high
2026-07-05T12:14:00Z,95.4940,0.000000,0.000000,0.000000,above_band_high
2026-07-05T12:15:00Z,95.3811,0.000000,0.000000,0.000000,above_band_high
2026-07-05T12:16:00Z,95.2880,0.000000,0.000000,0.000000,above_band_high
2026-07-05T12:17:00Z,95.1598,0.000000,0.000000,0.000000,above_band_high
2026-07-05T12:18:00Z,95.0820,0.000000,0.000000,0.000000,above_band_high
2026-07-05T12:19:00Z,94.9722,0.000000,0.000000,0.000000,above_band_high
2026-07-05T12:20:00Z,94.9126,0.000000,0.000000,0.000000,above_band_high
2026-07-05T12:21:00Z,94.7951,0.000000,0.000000,0.000000,above_band_high
2026-07-05T12:22:00Z,94.7204,0.000000,0.000000,0.000000,above_band_high
2026-07-05T12:23:00Z,94.6151,0.000000,0.000000,0.000000,above_band_high
2026-07-05T12:24:00Z,94.4732,0.000000,0.000000,0.000000,above_band_high
2026-07-05T12:25:00Z,94.4472,0.000000,0.000000,0.000000,above_band_high
2026-07-05T12:26:00Z,94.3633,0.000000,0.000000,0.000000,above_band_high
2026-07-05T12:27:00Z,94.3267,0.000000,0.000000,0.000000,above_band_high
2026-07-05T12:28:00Z,94.2992,0.000000,0.000000,0.000000,above_band_high
2026-07-05T12:29:00Z,94.2489,0.000000,0.000000,0.000000,above_band_high
2026-07-05T12:30:00Z,94.2275,0.000000,0.000000,0.000000,above_band_high
2026-07-05T12:31:00Z,94.1939,0.000000,0.000000,0.000000,above_band_high
2026-07-05T12:32:00Z,94.1527,0.000000,0.000000,0.000000,above_band_high
2026-07-05T12:33:00Z,94.1588,0.000000,0.000000,0.000000,above_band_high
2026-07-05T12:34:00Z,94.1497,0.000000,0.000000,0.000000,above_band_high
2026-07-05T12:35:00Z,94.1390,0.000000,0.000000,0.000000,above_band_high
2026-07-05T12:36:00Z,94.1405,0.000000,0.000000,0.000000,above_band_high
2026-07-05T12:37:00Z,94.0810,0.000000,0.000000,0.000000,above_band_high
2026-07-05T12:38:00Z,94.1070,0.000000,0.000000,0.000000,above_band_high
2026-07-05T12:39:00Z,94.1039,0.000000,0.000000,0.000000,above_band_high
2026-07-05T12:40:00Z,94.0749,0.000000,0.000000,0.000000,above_band_high
2026-07-05T12:41:00Z,94.0764,0.000000,0.000000,0.000000,above_band_high
2026-07-05T12:42:00Z,94.0291,0.000000,0.000000,0.000000,above_band_high
2026-07-05T12:43:00Z,94.0246,0.000000,0.000000,0.000000,above_band_high
2026-07-05T12:44:00Z,93.9712,0.000000,0.000000,0.000000,above_band_high
2026-07-05T12:45:00Z,93.9559,0.000000,0.000000,0.000000,above_band_high
2026-07-05T12:46:00Z,93.9300,0.000000,0.000000,0.000000,above_band_high
2026-07-05T12:47:00Z,93.9055,0.000000,0.000000,0.000000,above_band_high
2026-07-05T12:48:00Z,93.8659,0.000000,0.000000,0.000000,above_band_high
2026-07-05T12:49:00Z,93.8506,0.000000,0.000000,0.000000,above_band_high
2026-07-05T12:50:00Z,93.8598,0.000000,0.000000,0.000000,above_band_high
2026-07-05T12:51:00Z,93.7835,0.000000,0.000000,0.000000,above_band_high
2026-07-05T12:52:00Z,93.7682,0.000000,0.000000,0.000000,above_band_high
2026-07-05T12:53:00Z,93.7514,0.000000,0.000000,0.000000,above_band_high
2026-07-05T12:54:00Z,93.7407,0.000000,0.000000,0.000000,above_band_high
2026-07-05T12:55:00Z,93.7270,0.000000,0.000000,0.000000,above_band_high
2026-07-05T12:56:00Z,93.7331,0.000000,0.000000,0.000000,above_band_high
2026-07-05T12:57:00Z,93.7331,0.000000,0.000000,0.000000,above_band_high
2026-07-05T12:58:00Z,93.6736,0.000000,0.000000,0.000000,above_band_high
2026-07-05T12:59:00Z,93.6690,0.000000,0.000000,0.000000,above_band_high
2026-07-05T13:00:00Z,93.6828,0.000000,0.000000,0.000000,above_band_high
2026-07-05T13:01:00Z,93.6675,0.000000,0.000000,0.000000,above_band_high
2026-07-05T13:02:00Z,93.6141,0.000000,0.000000,0.000000,above_band_high
2026-07-05T13:03:00Z,93.6446,0.000000,0.000000,0.000000,above_band_high
2026-07-05T13:04:00Z,93.6690,0.000000,0.000000,0.000000,above_band_high
2026-07-05T13:05:00Z,93.6461,0.000000,0.000000,0.000000,above_band_high
2026-07-05T13:06:00Z,93.6492,0.000000,0.000000,0.000000,above_band_high
2026-07-05T13:07:00Z,93.6507,0.000000,0.000000,0.000000,above_band_high
2026-07-05T13:08:00Z,93.6995,0.000000,0.000000,0.000000,above_band_high
2026-07-05T13:09:00Z,93.6873,0.000000,0.000000,0.000000,above_band_high
2026-07-05T13:10:00Z,93.7285,0.000000,0.000000,0.000000,above_band_high
2026-07-05T13:11:00Z,93.7743,0.000000,0.000000,0.000000,above_band_high
2026-07-05T13:12:00Z,93.7926,0.000000,0.000000,0.000000,above_band_high
2026-07-05T13:13:00Z,93.7881,0.000000,0.000000,0.000000,above_band_high
2026-07-05T13:14:00Z,93.7636,0.000000,0.000000,0.000000,above_band_high
2026-07-05T13:15:00Z,93.7835,0.000000,0.000000,0.000000,above_band_high
2026-07-05T13:16:00Z,93.7972,0.000000,0.000000,0.000000,above_band_high
2026-07-05T13:17:00Z,93.7957,0.000000,0.000000,0.000000,above_band_high
2026-07-05T13:18:00Z,93.8186,0.000000,0.000000,0.000000,above_band_high
2026-07-05T13:19:00Z,93.8247,0.000000,0.000000,0.000000,above_band_high
2026-07-05T13:20:00Z,93.8369,0.000000,0.000000,0.000000,above_band_high
2026-07-05T13:21:00Z,93.8506,0.000000,0.000000,0.000000,above_band_high
2026-07-05T13:22:00Z,93.8369,0.000000,0.000000,0.000000,above_band_high
2026-07-05T13:23:00Z,93.8476,0.000000,0.000000,0.000000,above_band_high
2026-07-05T13:24:00Z,93.8323,0.000000,0.000000,0.000000,above_band_high
2026-07-05T13:25:00Z,93.7865,0.000000,0.000000,0.000000,above_band_high
2026-07-05T13:26:00Z,93.7881,0.000000,0.000000,0.000000,above_band_high
2026-07-05T13:27:00Z,93.7133,0.000000,0.000000,0.000000,above_band_high
2026-07-05T13:28:00Z,93.6538,0.000000,0.000000,0.000000,above_band_high
2026-07-05T13:29:00Z,93.6034,0.000000,0.000000,0.000000,above_band_high
2026-07-05T13:30:00Z,93.5225,0.000000,0.000000,0.000000,above_band_high
2026-07-05T13:31:00Z,93.4401,0.000000,0.000000,0.000000,above_band_high
2026-07-05T13:32:00Z,93.3806,0.000000,0.000000,0.000000,above_band_high
2026-07-05T13:33:00Z,93.2525,0.000000,0.000000,0.000000,above_band_high
2026-07-05T13:34:00Z,93.2021,0.000000,0.000000,0.000000,above_band_high
2026-07-05T13:35:00Z,93.1151,0.000000,0.000000,0.000000,above_band_high
2026-07-05T13:36:00Z,93.0312,0.000000,0.000000,0.000000,above_band_high
2026-07-05T13:37:00Z,92.9717,0.000000,0.000000,0.000000,above_band_high
2026-07-05T13:38:00Z,92.8908,0.000000,0.000000,0.000000,above_band_high
2026-07-05T13:39:00Z,92.8847,0.000000,0.000000,0.000000,above_band_high
2026-07-05T13:40:00Z,92.8389,0.000000,0.000000,0.000000,above_band_high
2026-07-05T13:41:00Z,92.7886,0.000000,0.000000,0.000000,above_band_high
2026-07-05T13:42:00Z,92.7535,0.000000,0.000000,0.000000,above_band_high
2026-07-05T13:43:00Z,92.7245,0.000000,0.000000,0.000000,above_band_high
2026-07-05T13:44:00Z,92.6665,0.000000,0.000000,0.000000,above_band_high
2026-07-05T13:45:00Z,92.7016,0.000000,0.000000,0.000000,above_band_high
2026-07-05T13:46:00Z,92.6436,0.000000,0.000000,0.000000,above_band_high
2026-07-05T13:47:00Z,92.6284,0.000000,0.000000,0.000000,above_band_high
2026-07-05T13:48:00Z,92.6329,0.000000,0.000000,0.000000,above_band_high
2026-07-05T13:49:00Z,92.6101,0.000000,0.000000,0.000000,above_band_high
2026-07-05T13:50:00Z,92.6345,0.000000,0.000000,0.000000,above_band_high
2026-07-05T13:51:00Z,92.5933,0.000000,0.000000,0.000000,above_band_high
2026-07-05T13:52:00Z,92.5887,0.000000,0.000000,0.000000,above_band_high
2026-07-05T13:53:00Z,92.5612,0.000000,0.000000,0.000000,above_band_high
2026-07-05T13:54:00Z,92.5917,0.000000,0.000000,0.000000,above_band_high
2026-07-05T13:55:00Z,92.5231,0.000000,0.000000,0.000000,above_band_high
2026-07-05T13:56:00Z,92.4636,0.000000,0.000000,0.000000,above_band_high
2026-07-05T13:57:00Z,92.4147,0.000000,0.000000,0.000000,above_band_high
2026-07-05T13:58:00Z,92.3827,0.000000,0.000000,0.000000,above_band_high
2026-07-05T13:59:00Z,92.3354,0.000000,0.000000,0.000000,above_band_high
2026-07-05T14:00:00Z,92.2454,0.000000,0.000000,0.000000,above_band_high
2026-07-05T14:01:00Z,92.2042,0.000000,0.000000,0.000000,above_band_high
2026-07-05T14:02:00Z,92.2026,0.000000,0.000000,0.000000,above_band_high
2026-07-05T14:03:00Z,92.2133,0.000000,0.000000,0.000000,above_band_high
2026-07-05T14:04:00Z,92.2072,0.000000,0.000000,0.000000,above_band_high
2026-07-05T14:05:00Z,92.1935,0.000000,0.000000,0.000000,above_band_high
2026-07-05T14:06:00Z,92.2179,0.000000,0.000000,0.000000,above_band_high
2026-07-05T14:07:00Z,92.1935,0.000000,0.000000,0.000000,above_band_high
2026-07-05T14:08:00Z,92.1477,0.000000,0.000000,0.000000,above_band_high
2026-07-05T14:09:00Z,92.1752,0.000000,0.000000,0.000000,above_band_high
2026-07-05T14:10:00Z,92.1584,0.000000,0.000000,0.000000,above_band_high
2026-07-05T14:11:00Z,92.1080,0.000000,0.000000,0.000000,above_band_high
2026-07-05T14:12:00Z,92.0424,0.000000,0.000000,0.000000,above_band_high
2026-07-05T14:13:00Z,92.0150,0.000000,0.000000,0.000000,above_band_high
2026-07-05T14:14:00Z,91.9875,0.000000,0.000000,0.000000,above_band_high
2026-07-05T14:15:00Z,91.9371,0.000000,0.000000,0.000000,above_band_high
2026-07-05T14:16:00Z,91.9112,0.000000,0.000000,0.000000,above_band_high
2026-07-05T14:17:00Z,91.8593,0.000000,0.000000,0.000000,above_band_high
2026-07-05T14:18:00Z,91.8608,0.000000,0.000000,0.000000,above_band_high
2026-07-05T14:19:00Z,91.8227,0.000000,0.000000,0.000000,above_band_high
2026-07-05T14:20:00Z,91.8105,0.000000,0.000000,0.000000,above_band_high
2026-07-05T14:21:00Z,91.8059,0.000000,0.000000,0.000000,above_band_high
2026-07-05T14:22:00Z,91.8090,0.000000,0.000000,0.000000,above_band_high
2026-07-05T14:23:00Z,91.8151,0.000000,0.000000,0.000000,above_band_high
2026-07-05T14:24:00Z,91.8410,0.000000,0.000000,0.000000,above_band_high
2026-07-05T14:25:00Z,91.8685,0.000000,0.000000,0.000000,above_band_high
2026-07-05T14:26:00Z,91.9066,0.000000,0.000000,0.000000,above_band_high
2026-07-05T14:27:00Z,91.9295,0.000000,0.000000,0.000000,above_band_high
2026-07-05T14:28:00Z,91.9203,0.000000,0.000000,0.000000,above_band_high
2026-07-05T14:29:00Z,91.9753,0.000000,0.000000,0.000000,above_band_high
2026-07-05T14:30:00Z,91.9509,0.000000,0.000000,0.000000,above_band_high
2026-07-05T14:31:00Z,91.9875,0.000000,0.000000,0.000000,above_band_high
2026-07-05T14:32:00Z,91.9707,0.000000,0.000000,0.000000,above_band_high
2026-07-05T14:33:00Z,91.9936,0.000000,0.000000,0.000000,above_band_high
2026-07-05T14:34:00Z,92.0119,0.000000,0.000000,0.000000,above_band_high
2026-07-05T14:35:00Z,91.9966,0.000000,0.000000,0.000000,above_band_high
2026-07-05T14:36:00Z,91.9509,0.000000,0.000000,0.000000,above_band_high
2026-07-05T14:37:00Z,92.0241,0.000000,0.000000,0.000000,above_band_high
2026-07-05T14:38:00Z,92.0333,0.000000,0.000000,0.000000,above_band_high
2026-07-05T14:39:00Z,92.0836,0.000000,0.000000,0.000000,above_band_high
2026-07-05T14:40:00Z,92.0974,0.000000,0.000000,0.000000,above_band_high
2026-07-05T14:41:00Z,92.0974,0.000000,0.000000,0.000000,above_band_high
2026-07-05T14:42:00Z,92.0897,0.000000,0.000000,0.000000,above_band_high
2026-07-05T14:43:00Z,92.1065,0.000000,0.000000,0.000000,above_band_high
2026-07-05T14:44:00Z,92.0989,0.000000,0.000000,0.000000,above_band_high
2026-07-05T14:45:00Z,92.0211,0.000000,0.000000,0.000000,above_band_high
2026-07-05T14:46:00Z,92.0119,0.000000,0.000000,0.000000,above_band_high
2026-07-05T14:47:00Z,92.0119,0.000000,0.000000,0.000000,above_band_high
2026-07-05T14:48:00Z,92.0058,0.000000,0.000000,0.000000,above_band_high
2026-07-05T14:49:00Z,91.9890,0.000000,0.000000,0.000000,above_band_high
2026-07-05T14:50:00Z,91.9707,0.000000,0.000000,0.000000,above_band_high
2026-07-05T14:51:00Z,91.8868,0.000000,0.000000,0.000000,above_band_high
2026-07-05T14:52:00Z,91.8456,0.000000,0.000000,0.000000,above_band_high
2026-07-05T14:53:00Z,91.7601,0.000000,0.000000,0.000000,above_band_high
2026-07-05T14:54:00Z,91.6686,0.000000,0.000000,0.000000,above_band_high
2026-07-05T14:55:00Z,91.5846,0.000000,0.000000,0.000000,above_band_high
2026-07-05T14:56:00Z,91.5480,0.000000,0.000000,0.000000,above_band_high
2026-07-05T14:56:58Z,91.5038,0.000000,0.002734,0.002734,above_band_high
2026-07-05T14:57:02Z,91.5023,0.000000,0.003177,0.003177,above_band_high
2026-07-05T14:57:10Z,91.5175,0.002771,0.000000,-0.002771,above_band_high
2026-07-05T14:59:12Z,91.4397,0.000514,0.000581,0.000067,in_band
2026-07-05T14:59:59Z,91.4534,0.000236,0.000267,0.000031,in_band
2026-07-05T15:00:22Z,91.5160,0.000162,0.000000,-0.000162,above_band_high
2026-07-05T15:00:24Z,91.4946,0.000156,0.000211,0.000055,in_band
2026-07-05T15:01:04Z,91.5114,0.000081,0.000000,-0.000081,above_band_high
2026-07-05T15:01:28Z,91.4611,0.000054,0.000162,0.000108,in_band
2026-07-05T15:02:00Z,91.4900,0.000032,0.000117,0.000085,in_band
2026-07-05T15:02:38Z,91.5023,0.000017,0.000000,-0.000017,above_band_high
2026-07-05T15:05:18Z,91.5480,0.000000,0.000000,0.000000,above_band_high
2026-07-05T15:06:00Z,91.5358,0.000000,0.000000,0.000000,above_band_high
2026-07-05T15:07:00Z,91.5953,0.000000,0.000000,0.000000,above_band_high
2026-07-05T15:08:00Z,91.6442,0.000000,0.000000,0.000000,above_band_high
2026-07-05T15:09:00Z,91.7220,0.000000,0.000000,0.000000,above_band_high
2026-07-05T15:10:00Z,91.7540,0.000000,0.000000,0.000000,above_band_high
2026-07-05T15:11:00Z,91.8334,0.000000,0.000000,0.000000,above_band_high
2026-07-05T15:12:00Z,91.8410,0.000000,0.000000,0.000000,above_band_high
2026-07-05T15:13:00Z,91.7784,0.000000,0.000000,0.000000,above_band_high
2026-07-05T15:14:00Z,91.7510,0.000000,0.000000,0.000000,above_band_high
2026-07-05T15:15:00Z,91.7052,0.000000,0.000000,0.000000,above_band_high
2026-07-05T15:16:00Z,91.6732,0.000000,0.000000,0.000000,above_band_high
2026-07-05T15:17:00Z,91.6503,0.000000,0.000000,0.000000,above_band_high
2026-07-05T15:18:00Z,91.6442,0.000000,0.000000,0.000000,above_band_high
2026-07-05T15:19:00Z,91.6121,0.000000,0.000000,0.000000,above_band_high
2026-07-05T15:20:00Z,91.6228,0.000000,0.000000,0.000000,above_band_high
2026-07-05T15:21:00Z,91.6136,0.000000,0.000000,0.000000,above_band_high
2026-07-05T15:22:00Z,91.6304,0.000000,0.000000,0.000000,above_band_high
2026-07-05T15:23:00Z,91.6365,0.000000,0.000000,0.000000,above_band_high
2026-07-05T15:24:00Z,91.6304,0.000000,0.000000,0.000000,above_band_high
2026-07-05T15:25:00Z,91.6457,0.000000,0.000000,0.000000,above_band_high
2026-07-05T15:26:00Z,91.6686,0.000000,0.000000,0.000000,above_band_high
2026-07-05T15:27:00Z,91.6365,0.000000,0.000000,0.000000,above_band_high
2026-07-05T15:28:00Z,91.6686,0.000000,0.000000,0.000000,above_band_high
2026-07-05T15:29:00Z,91.7006,0.000000,0.000000,0.000000,above_band_high
2026-07-05T15:30:00Z,91.7082,0.000000,0.000000,0.000000,above_band_high
2026-07-05T15:31:00Z,91.7266,0.000000,0.000000,0.000000,above_band_high
2026-07-05T15:32:00Z,91.7952,0.000000,0.000000,0.000000,above_band_high
2026-07-05T15:33:00Z,91.8822,0.000000,0.000000,0.000000,above_band_high
2026-07-05T15:34:00Z,91.9326,0.000000,0.000000,0.000000,above_band_high
2026-07-05T15:35:00Z,91.9554,0.000000,0.000000,0.000000,above_band_high
2026-07-05T15:36:00Z,91.9753,0.000000,0.000000,0.000000,above_band_high
2026-07-05T15:37:00Z,92.0073,0.000000,0.000000,0.000000,above_band_high
2026-07-05T15:38:00Z,91.9341,0.000000,0.000000,0.000000,above_band_high
2026-07-05T15:39:00Z,91.8914,0.000000,0.000000,0.000000,above_band_high
2026-07-05T15:40:00Z,91.8730,0.000000,0.000000,0.000000,above_band_high
2026-07-05T15:41:00Z,91.8273,0.000000,0.000000,0.000000,above_band_high
2026-07-05T15:42:00Z,91.7723,0.000000,0.000000,0.000000,above_band_high
2026-07-05T15:43:00Z,91.7556,0.000000,0.000000,0.000000,above_band_high
2026-07-05T15:44:00Z,91.7464,0.000000,0.000000,0.000000,above_band_high
2026-07-05T15:45:00Z,91.6915,0.000000,0.000000,0.000000,above_band_high
2026-07-05T15:46:00Z,91.6960,0.000000,0.000000,0.000000,above_band_high
2026-07-05T15:47:00Z,91.7082,0.000000,0.000000,0.000000,above_band_high
2026-07-05T15:48:00Z,91.7144,0.000000,0.000000,0.000000,above_band_high
2026-07-05T15:49:00Z,91.7540,0.000000,0.000000,0.000000,above_band_high
2026-07-05T15:50:00Z,91.7861,0.000000,0.000000,0.000000,above_band_high
2026-07-05T15:51:00Z,91.7601,0.000000,0.000000,0.000000,above_band_high
2026-07-05T15:52:00Z,91.7494,0.000000,0.000000,0.000000,above_band_high
2026-07-05T15:53:00Z,91.7189,0.000000,0.000000,0.000000,above_band_high
2026-07-05T15:54:00Z,91.7540,0.000000,0.000000,0.000000,above_band_high
2026-07-05T15:55:00Z,91.7174,0.000000,0.000000,0.000000,above_band_high
2026-07-05T15:56:00Z,91.6045,0.000000,0.000000,0.000000,above_band_high
2026-07-05T15:57:00Z,91.6167,0.000000,0.000000,0.000000,above_band_high
2026-07-05T15:58:00Z,91.6030,0.000000,0.000000,0.000000,above_band_high
2026-07-05T15:59:00Z,91.5618,0.000000,0.000000,0.000000,above_band_high
2026-07-05T15:59:54Z,91.5084,0.000000,0.000372,0.000372,above_band_high
2026-07-05T16:00:16Z,91.4992,0.000000,0.003220,0.003220,in_band
2026-07-05T16:00:49Z,91.5221,0.002151,0.000000,-0.002151,above_band_high
2026-07-05T16:02:21Z,91.4290,0.000472,0.000477,0.000005,in_band
2026-07-05T16:02:59Z,91.4244,0.000252,0.000255,0.000002,in_band
2026-07-05T16:03:00Z,91.4336,0.000248,0.000250,0.000002,in_band
2026-07-05T16:03:59Z,91.3802,0.000094,0.000094,0.000001,in_band
2026-07-05T16:04:00Z,91.3558,0.000092,0.000093,0.000001,in_band
2026-07-05T16:04:59Z,91.3283,0.000035,0.000035,0.000000,in_band
2026-07-05T16:05:00Z,91.3161,0.000034,0.000034,0.000000,in_band
2026-07-05T16:05:59Z,91.3115,0.000013,0.000013,0.000000,in_band
2026-07-05T16:06:00Z,91.3375,0.000013,0.000013,0.000000,in_band
2026-07-05T16:06:59Z,91.2703,0.000005,0.000005,0.000000,in_band
2026-07-05T16:07:00Z,91.2459,0.000005,0.000005,0.000000,in_band
2026-07-05T16:07:59Z,91.2734,0.000002,0.000002,0.000000,in_band
2026-07-05T16:08:00Z,91.2093,0.000002,0.000002,0.000000,in_band
2026-07-05T16:08:59Z,91.2230,0.000001,0.000001,0.000000,in_band
2026-07-05T16:09:00Z,91.2184,0.000001,0.000001,0.000000,in_band
2026-07-05T16:09:59Z,91.2200,0.000000,0.000000,0.000000,in_band
2026-07-05T16:10:00Z,91.2383,0.000000,0.000000,0.000000,in_band
2026-07-05T16:10:59Z,91.2016,0.000000,0.000000,0.000000,in_band
2026-07-05T16:11:00Z,91.2062,0.000000,0.000000,0.000000,in_band
2026-07-05T16:11:59Z,91.1910,0.000000,0.000000,0.000000,in_band
2026-07-05T16:12:00Z,91.2001,0.000000,0.000000,0.000000,in_band
2026-07-05T16:12:59Z,91.1681,0.000000,0.000000,0.000000,in_band
2026-07-05T16:13:00Z,91.1910,0.000000,0.000000,0.000000,in_band
2026-07-05T16:13:59Z,91.2001,0.000000,0.000000,0.000000,in_band
2026-07-05T16:14:00Z,91.2016,0.000000,0.000000,0.000000,in_band
2026-07-05T16:14:59Z,91.2200,0.000000,0.000000,0.000000,in_band
2026-07-05T16:15:00Z,91.2383,0.000000,0.000000,0.000000,in_band
2026-07-05T16:15:59Z,91.2200,0.000000,0.000000,0.000000,in_band
2026-07-05T16:16:00Z,91.2596,0.000000,0.000000,0.000000,in_band
2026-07-05T16:16:59Z,91.2383,0.000000,0.000000,0.000000,in_band
2026-07-05T16:17:00Z,91.2688,0.000000,0.000000,0.000000,in_band
2026-07-05T16:17:59Z,91.2596,0.000000,0.000000,0.000000,in_band
2026-07-05T16:18:00Z,91.2596,0.000000,0.000000,0.000000,in_band
2026-07-05T16:18:59Z,91.2963,0.000000,0.000000,0.000000,in_band
2026-07-05T16:19:00Z,91.2688,0.000000,0.000000,0.000000,in_band
2026-07-05T16:19:59Z,91.3207,0.000000,0.000000,0.000000,in_band
2026-07-05T16:20:00Z,91.2749,0.000000,0.000000,0.000000,in_band
2026-07-05T16:20:59Z,91.3481,0.000000,0.000000,0.000000,in_band
2026-07-05T16:21:00Z,91.3146,0.000000,0.000000,0.000000,in_band
2026-07-05T16:21:59Z,91.3069,0.000000,0.000000,0.000000,in_band
2026-07-05T16:22:00Z,91.3054,0.000000,0.000000,0.000000,in_band
2026-07-05T16:22:59Z,91.2688,0.000000,0.000000,0.000000,in_band
2026-07-05T16:23:00Z,91.3146,0.000000,0.000000,0.000000,in_band
2026-07-05T16:23:14Z,91.3237,0.000000,0.000000,-0.000000,in_band
2026-07-05T16:24:00Z,91.3207,0.000000,0.000000,0.000000,in_band
2026-07-05T16:24:59Z,91.3420,0.000000,0.000000,0.000000,in_band
2026-07-05T16:25:00Z,91.3146,0.000000,0.000000,0.000000,in_band
2026-07-05T16:25:59Z,91.3466,0.000000,0.000000,0.000000,in_band
2026-07-05T16:26:00Z,91.2978,0.000000,0.000000,0.000000,in_band
2026-07-05T16:26:59Z,91.3069,0.000000,0.000000,0.000000,in_band
2026-07-05T16:27:00Z,91.3664,0.000000,0.000000,0.000000,in_band
2026-07-05T16:27:59Z,91.3344,0.000000,0.000000,0.000000,in_band
2026-07-05T16:28:00Z,91.3390,0.000000,0.000000,0.000000,in_band
2026-07-05T16:28:59Z,91.3558,0.000000,0.000000,0.000000,in_band
2026-07-05T16:29:00Z,91.3664,0.000000,0.000000,0.000000,in_band
2026-07-05T16:29:59Z,91.3802,0.000000,0.000000,0.000000,in_band
2026-07-05T16:30:00Z,91.3603,0.000000,0.000000,0.000000,in_band
2026-07-05T16:30:59Z,91.4336,0.000000,0.000000,0.000000,in_band
2026-07-05T16:31:00Z,91.4122,0.000000,0.000000,0.000000,in_band
2026-07-05T16:31:59Z,91.4244,0.000000,0.000000,0.000000,in_band
2026-07-05T16:32:00Z,91.4336,0.000000,0.000000,0.000000,in_band
2026-07-05T16:32:59Z,91.4794,0.000000,0.000000,0.000000,in_band
2026-07-05T16:33:06Z,91.5084,0.000000,0.000000,-0.000000,above_band_high
2026-07-05T16:33:36Z,91.4794,0.000000,0.000135,0.000135,in_band
2026-07-05T16:35:07Z,91.5770,0.000000,0.000000,0.000000,above_band_high
2026-07-05T16:36:00Z,91.5953,0.000000,0.000000,0.000000,above_band_high
2026-07-05T16:37:00Z,91.6396,0.000000,0.000000,0.000000,above_band_high
2026-07-05T16:38:00Z,91.6182,0.000000,0.000000,0.000000,above_band_high
2026-07-05T16:39:00Z,91.6457,0.000000,0.000000,0.000000,above_band_high
2026-07-05T16:40:00Z,91.6823,0.000000,0.000000,0.000000,above_band_high
2026-07-05T16:41:00Z,91.6457,0.000000,0.000000,0.000000,above_band_high
2026-07-05T16:42:00Z,91.6640,0.000000,0.000000,0.000000,above_band_high
2026-07-05T16:43:00Z,91.6716,0.000000,0.000000,0.000000,above_band_high
2026-07-05T16:44:00Z,91.6457,0.000000,0.000000,0.000000,above_band_high
2026-07-05T16:45:00Z,91.6640,0.000000,0.000000,0.000000,above_band_high
2026-07-05T16:46:00Z,91.6716,0.000000,0.000000,0.000000,above_band_high
2026-07-05T16:47:00Z,91.6640,0.000000,0.000000,0.000000,above_band_high
2026-07-05T16:48:00Z,91.6915,0.000000,0.000000,0.000000,above_band_high
2026-07-05T16:49:00Z,91.6915,0.000000,0.000000,0.000000,above_band_high
2026-07-05T16:50:00Z,91.6823,0.000000,0.000000,0.000000,above_band_high
2026-07-05T16:51:00Z,91.6823,0.000000,0.000000,0.000000,above_band_high
2026-07-05T16:52:00Z,91.6960,0.000000,0.000000,0.000000,above_band_high
2026-07-05T16:53:00Z,91.7174,0.000000,0.000000,0.000000,above_band_high
2026-07-05T16:54:00Z,91.6594,0.000000,0.000000,0.000000,above_band_high
2026-07-05T16:55:00Z,91.7098,0.000000,0.000000,0.000000,above_band_high
2026-07-05T16:56:00Z,91.7052,0.000000,0.000000,0.000000,above_band_high
2026-07-05T16:57:00Z,91.7174,0.000000,0.000000,0.000000,above_band_high
2026-07-05T16:58:00Z,91.7327,0.000000,0.000000,0.000000,above_band_high
2026-07-05T16:59:00Z,91.7464,0.000000,0.000000,0.000000,above_band_high
2026-07-05T17:00:00Z,91.7311,0.000000,0.000000,0.000000,above_band_high
2026-07-05T17:01:00Z,91.7144,0.000000,0.000000,0.000000,above_band_high
2026-07-05T17:02:00Z,91.7082,0.000000,0.000000,0.000000,above_band_high
2026-07-05T17:03:00Z,91.7144,0.000000,0.000000,0.000000,above_band_high
2026-07-05T17:04:00Z,91.6716,0.000000,0.000000,0.000000,above_band_high
2026-07-05T17:05:00Z,91.6686,0.000000,0.000000,0.000000,above_band_high
2026-07-05T17:06:00Z,91.6228,0.000000,0.000000,0.000000,above_band_high
2026-07-05T17:07:00Z,91.6075,0.000000,0.000000,0.000000,above_band_high
2026-07-05T17:08:00Z,91.5663,0.000000,0.000000,0.000000,above_band_high
2026-07-05T17:09:00Z,91.5496,0.000000,0.000000,0.000000,above_band_high
2026-07-05T17:10:00Z,91.5129,0.000000,0.000000,0.000000,above_band_high
2026-07-05T17:10:46Z,91.4992,0.000000,0.003070,0.003070,in_band
2026-07-05T17:11:06Z,91.4992,0.000000,0.002680,0.002680,in_band
2026-07-05T17:11:31Z,91.5114,0.000665,0.000000,-0.000665,above_band_high
2026-07-05T17:12:00Z,91.4946,0.000000,0.001821,0.001821,in_band
2026-07-05T17:12:27Z,91.5221,0.001334,0.000000,-0.001334,above_band_high
2026-07-05T17:14:13Z,91.4443,0.000240,0.000292,0.000052,in_band
2026-07-05T17:14:59Z,91.4748,0.000112,0.000136,0.000024,in_band
2026-07-05T17:15:00Z,91.4626,0.000110,0.000134,0.000024,in_band
2026-07-05T17:15:59Z,91.4199,0.000042,0.000051,0.000009,in_band
2026-07-05T17:16:00Z,91.4260,0.000041,0.000050,0.000009,in_band
2026-07-05T17:16:59Z,91.4519,0.000015,0.000019,0.000003,in_band
2026-07-05T17:17:00Z,91.4290,0.000015,0.000018,0.000003,in_band
2026-07-05T17:17:59Z,91.3939,0.000006,0.000007,0.000001,in_band
2026-07-05T17:18:00Z,91.4076,0.000006,0.000007,0.000001,in_band
2026-07-05T17:18:59Z,91.4443,0.000002,0.000003,0.000000,in_band
2026-07-05T17:19:00Z,91.4290,0.000002,0.000003,0.000000,in_band
2026-07-05T17:19:59Z,91.4427,0.000001,0.000001,0.000000,in_band
2026-07-05T17:20:00Z,91.4153,0.000001,0.000001,0.000000,in_band
2026-07-05T17:20:59Z,91.4260,0.000000,0.000000,0.000000,in_band
2026-07-05T17:21:00Z,91.4122,0.000000,0.000000,0.000000,in_band
2026-07-05T17:21:59Z,91.4122,0.000000,0.000000,0.000000,in_band
2026-07-05T17:22:00Z,91.4473,0.000000,0.000000,0.000000,in_band
2026-07-05T17:22:59Z,91.4336,0.000000,0.000000,0.000000,in_band
2026-07-05T17:23:00Z,91.4397,0.000000,0.000000,0.000000,in_band
2026-07-05T17:23:58Z,91.5084,0.000000,0.000000,-0.000000,above_band_high
2026-07-05T17:24:36Z,91.5023,0.000000,0.000000,-0.000000,above_band_high
2026-07-05T17:24:46Z,91.4809,0.000000,0.000027,0.000027,in_band
2026-07-05T17:25:00Z,91.4855,0.000000,0.000022,0.000021,in_band
2026-07-05T17:25:24Z,91.5023,0.000000,0.000000,-0.000000,above_band_high
2026-07-05T17:28:21Z,91.5267,0.000000,0.000000,0.000000,above_band_high
2026-07-05T17:28:36Z,91.4885,0.000000,0.001291,0.001291,in_band
2026-07-05T17:29:00Z,91.5724,0.000000,0.000000,0.000000,above_band_high
2026-07-05T17:30:00Z,91.5404,0.000000,0.000000,0.000000,above_band_high
2026-07-05T17:31:00Z,91.5770,0.000000,0.000000,0.000000,above_band_high
2026-07-05T17:32:00Z,91.6091,0.000000,0.000000,0.000000,above_band_high
2026-07-05T17:33:00Z,91.6045,0.000000,0.000000,0.000000,above_band_high
2026-07-05T17:34:00Z,91.6594,0.000000,0.000000,0.000000,above_band_high
2026-07-05T17:35:00Z,91.6503,0.000000,0.000000,0.000000,above_band_high
2026-07-05T17:36:00Z,91.6777,0.000000,0.000000,0.000000,above_band_high
2026-07-05T17:37:00Z,91.6945,0.000000,0.000000,0.000000,above_band_high
2026-07-05T17:38:00Z,91.7311,0.000000,0.000000,0.000000,above_band_high
2026-07-05T17:39:00Z,91.7281,0.000000,0.000000,0.000000,above_band_high
2026-07-05T17:40:00Z,91.7739,0.000000,0.000000,0.000000,above_band_high
2026-07-05T17:41:00Z,91.7830,0.000000,0.000000,0.000000,above_band_high
2026-07-05T17:42:00Z,91.8471,0.000000,0.000000,0.000000,above_band_high
2026-07-05T17:43:00Z,91.8425,0.000000,0.000000,0.000000,above_band_high
2026-07-05T17:44:00Z,91.8746,0.000000,0.000000,0.000000,above_band_high
2026-07-05T17:45:00Z,91.8746,0.000000,0.000000,0.000000,above_band_high
2026-07-05T17:46:00Z,91.9158,0.000000,0.000000,0.000000,above_band_high
2026-07-05T17:47:00Z,91.9295,0.000000,0.000000,0.000000,above_band_high
2026-07-05T17:48:00Z,91.9249,0.000000,0.000000,0.000000,above_band_high
2026-07-05T17:49:00Z,91.9417,0.000000,0.000000,0.000000,above_band_high
2026-07-05T17:50:00Z,91.9478,0.000000,0.000000,0.000000,above_band_high
2026-07-05T17:51:00Z,91.9478,0.000000,0.000000,0.000000,above_band_high
2026-07-05T17:52:00Z,91.9783,0.000000,0.000000,0.000000,above_band_high
2026-07-05T17:53:00Z,91.9890,0.000000,0.000000,0.000000,above_band_high
2026-07-05T17:54:00Z,92.0104,0.000000,0.000000,0.000000,above_band_high
2026-07-05T17:55:00Z,92.0333,0.000000,0.000000,0.000000,above_band_high
2026-07-05T17:56:00Z,92.0241,0.000000,0.000000,0.000000,above_band_high
2026-07-05T17:57:00Z,92.0348,0.000000,0.000000,0.000000,above_band_high
2026-07-05T17:58:00Z,92.0668,0.000000,0.000000,0.000000,above_band_high
2026-07-05T17:59:00Z,92.0287,0.000000,0.000000,0.000000,above_band_high
2026-07-05T18:00:00Z,92.0653,0.000000,0.000000,0.000000,above_band_high
2026-07-05T18:01:00Z,92.0714,0.000000,0.000000,0.000000,above_band_high
2026-07-05T18:02:00Z,92.0851,0.000000,0.000000,0.000000,above_band_high
2026-07-05T18:03:00Z,92.1157,0.000000,0.000000,0.000000,above_band_high
2026-07-05T18:04:00Z,92.0897,0.000000,0.000000,0.000000,above_band_high
2026-07-05T18:05:00Z,92.1340,0.000000,0.000000,0.000000,above_band_high
2026-07-05T18:06:00Z,92.1263,0.000000,0.000000,0.000000,above_band_high
2026-07-05T18:07:00Z,92.1019,0.000000,0.000000,0.000000,above_band_high
2026-07-05T18:08:00Z,92.1492,0.000000,0.000000,0.000000,above_band_high
2026-07-05T18:09:00Z,92.1401,0.000000,0.000000,0.000000,above_band_high
2026-07-05T18:10:00Z,92.1355,0.000000,0.000000,0.000000,above_band_high
2026-07-05T18:11:00Z,92.1660,0.000000,0.000000,0.000000,above_band_high
2026-07-05T18:12:00Z,92.1477,0.000000,0.000000,0.000000,above_band_high
2026-07-05T18:13:00Z,92.1614,0.000000,0.000000,0.000000,above_band_high
2026-07-05T18:14:00Z,92.1386,0.000000,0.000000,0.000000,above_band_high
2026-07-05T18:15:00Z,92.1721,0.000000,0.000000,0.000000,above_band_high
2026-07-05T18:16:00Z,92.1752,0.000000,0.000000,0.000000,above_band_high
2026-07-05T18:17:00Z,92.2133,0.000000,0.000000,0.000000,above_band_high
2026-07-05T18:18:00Z,92.2362,0.000000,0.000000,0.000000,above_band_high
2026-07-05T18:19:00Z,92.2408,0.000000,0.000000,0.000000,above_band_high
2026-07-05T18:20:00Z,92.2499,0.000000,0.000000,0.000000,above_band_high
2026-07-05T18:21:00Z,92.2621,0.000000,0.000000,0.000000,above_band_high
2026-07-05T18:22:00Z,92.3369,0.000000,0.000000,0.000000,above_band_high
2026-07-05T18:23:00Z,92.3125,0.000000,0.000000,0.000000,above_band_high
2026-07-05T18:24:00Z,92.3262,0.000000,0.000000,0.000000,above_band_high
2026-07-05T18:25:00Z,92.3644,0.000000,0.000000,0.000000,above_band_high
2026-07-05T18:26:00Z,92.3766,0.000000,0.000000,0.000000,above_band_high
2026-07-05T18:27:00Z,92.4269,0.000000,0.000000,0.000000,above_band_high
2026-07-05T18:28:00Z,92.4331,0.000000,0.000000,0.000000,above_band_high
2026-07-05T18:29:00Z,92.4407,0.000000,0.000000,0.000000,above_band_high
2026-07-05T18:30:00Z,92.4788,0.000000,0.000000,0.000000,above_band_high
2026-07-05T18:31:00Z,92.5322,0.000000,0.000000,0.000000,above_band_high
2026-07-05T18:32:00Z,92.5658,0.000000,0.000000,0.000000,above_band_high
2026-07-05T18:33:00Z,92.5841,0.000000,0.000000,0.000000,above_band_high
2026-07-05T18:34:00Z,92.6421,0.000000,0.000000,0.000000,above_band_high
2026-07-05T18:35:00Z,92.6238,0.000000,0.000000,0.000000,above_band_high
2026-07-05T18:36:00Z,92.6650,0.000000,0.000000,0.000000,above_band_high
2026-07-05T18:37:00Z,92.6528,0.000000,0.000000,0.000000,above_band_high
2026-07-05T18:38:00Z,92.6986,0.000000,0.000000,0.000000,above_band_high
2026-07-05T18:39:00Z,92.7062,0.000000,0.000000,0.000000,above_band_high
2026-07-05T18:40:00Z,92.7062,0.000000,0.000000,0.000000,above_band_high
2026-07-05T18:41:00Z,92.6986,0.000000,0.000000,0.000000,above_band_high
2026-07-05T18:42:00Z,92.7428,0.000000,0.000000,0.000000,above_band_high
2026-07-05T18:43:00Z,92.7382,0.000000,0.000000,0.000000,above_band_high
2026-07-05T18:44:00Z,92.7489,0.000000,0.000000,0.000000,above_band_high
2026-07-05T18:45:00Z,92.7428,0.000000,0.000000,0.000000,above_band_high
2026-07-05T18:46:00Z,92.7672,0.000000,0.000000,0.000000,above_band_high
2026-07-05T18:47:00Z,92.7672,0.000000,0.000000,0.000000,above_band_high
2026-07-05T18:48:00Z,92.8222,0.000000,0.000000,0.000000,above_band_high
2026-07-05T18:49:00Z,92.7703,0.000000,0.000000,0.000000,above_band_high
2026-07-05T18:50:00Z,92.8084,0.000000,0.000000,0.000000,above_band_high
2026-07-05T18:51:00Z,92.8161,0.000000,0.000000,0.000000,above_band_high
2026-07-05T18:52:00Z,92.8298,0.000000,0.000000,0.000000,above_band_high
2026-07-05T18:53:00Z,92.8618,0.000000,0.000000,0.000000,above_band_high
2026-07-05T18:54:00Z,92.8267,0.000000,0.000000,0.000000,above_band_high
2026-07-05T18:55:00Z,92.8985,0.000000,0.000000,0.000000,above_band_high
2026-07-05T18:56:00Z,92.8496,0.000000,0.000000,0.000000,above_band_high
2026-07-05T18:57:00Z,92.8756,0.000000,0.000000,0.000000,above_band_high
2026-07-05T18:58:00Z,92.8618,0.000000,0.000000,0.000000,above_band_high
2026-07-05T18:59:00Z,92.8893,0.000000,0.000000,0.000000,above_band_high
2026-07-05T19:00:00Z,92.9229,0.000000,0.000000,0.000000,above_band_high
2026-07-05T19:01:00Z,92.9183,0.000000,0.000000,0.000000,above_band_high
2026-07-05T19:02:00Z,92.9320,0.000000,0.000000,0.000000,above_band_high
2026-07-05T19:03:00Z,92.9641,0.000000,0.000000,0.000000,above_band_high
2026-07-05T19:04:00Z,92.9305,0.000000,0.000000,0.000000,above_band_high
2026-07-05T19:05:00Z,92.9763,0.000000,0.000000,0.000000,above_band_high
2026-07-05T19:06:00Z,92.9488,0.000000,0.000000,0.000000,above_band_high
2026-07-05T19:07:00Z,92.9717,0.000000,0.000000,0.000000,above_band_high
2026-07-05T19:08:00Z,92.9870,0.000000,0.000000,0.000000,above_band_high
2026-07-05T19:09:00Z,92.9992,0.000000,0.000000,0.000000,above_band_high
2026-07-05T19:10:00Z,93.0098,0.000000,0.000000,0.000000,above_band_high
2026-07-05T19:11:00Z,93.0327,0.000000,0.000000,0.000000,above_band_high
2026-07-05T19:12:00Z,93.0449,0.000000,0.000000,0.000000,above_band_high
2026-07-05T19:13:00Z,93.0220,0.000000,0.000000,0.000000,above_band_high
2026-07-05T19:14:00Z,93.0510,0.000000,0.000000,0.000000,above_band_high
2026-07-05T19:15:00Z,93.0312,0.000000,0.000000,0.000000,above_band_high
2026-07-05T19:16:00Z,93.0739,0.000000,0.000000,0.000000,above_band_high
2026-07-05T19:17:00Z,93.0724,0.000000,0.000000,0.000000,above_band_high
2026-07-05T19:18:00Z,93.0999,0.000000,0.000000,0.000000,above_band_high
2026-07-05T19:19:00Z,93.1151,0.000000,0.000000,0.000000,above_band_high
2026-07-05T19:20:00Z,93.1151,0.000000,0.000000,0.000000,above_band_high
2026-07-05T19:21:00Z,93.1548,0.000000,0.000000,0.000000,above_band_high
2026-07-05T19:22:00Z,93.1411,0.000000,0.000000,0.000000,above_band_high
2026-07-05T19:23:00Z,93.1090,0.000000,0.000000,0.000000,above_band_high
2026-07-05T19:24:00Z,93.1609,0.000000,0.000000,0.000000,above_band_high
2026-07-05T19:25:00Z,93.1334,0.000000,0.000000,0.000000,above_band_high
2026-07-05T19:26:00Z,93.1838,0.000000,0.000000,0.000000,above_band_high
2026-07-05T19:27:00Z,93.2204,0.000000,0.000000,0.000000,above_band_high
2026-07-05T19:28:00Z,93.1914,0.000000,0.000000,0.000000,above_band_high
2026-07-05T19:29:00Z,93.2021,0.000000,0.000000,0.000000,above_band_high
2026-07-05T19:30:00Z,93.2143,0.000000,0.000000,0.000000,above_band_high
2026-07-05T19:31:00Z,93.2235,0.000000,0.000000,0.000000,above_band_high
2026-07-05T19:32:00Z,93.2387,0.000000,0.000000,0.000000,above_band_high
2026-07-05T19:33:00Z,93.2067,0.000000,0.000000,0.000000,above_band_high
2026-07-05T19:34:00Z,93.2143,0.000000,0.000000,0.000000,above_band_high
2026-07-05T19:35:00Z,93.2280,0.000000,0.000000,0.000000,above_band_high
2026-07-05T19:36:00Z,93.2418,0.000000,0.000000,0.000000,above_band_high
2026-07-05T19:37:00Z,93.2601,0.000000,0.000000,0.000000,above_band_high
2026-07-05T19:38:00Z,93.2738,0.000000,0.000000,0.000000,above_band_high
2026-07-05T19:39:00Z,93.2891,0.000000,0.000000,0.000000,above_band_high
2026-07-05T19:40:00Z,93.2479,0.000000,0.000000,0.000000,above_band_high
2026-07-05T19:41:00Z,93.2570,0.000000,0.000000,0.000000,above_band_high
2026-07-05T19:42:00Z,93.2616,0.000000,0.000000,0.000000,above_band_high
2026-07-05T19:43:00Z,93.3074,0.000000,0.000000,0.000000,above_band_high
2026-07-05T19:44:00Z,93.3150,0.000000,0.000000,0.000000,above_band_high
2026-07-05T19:45:00Z,93.3333,0.000000,0.000000,0.000000,above_band_high
2026-07-05T19:46:00Z,93.3165,0.000000,0.000000,0.000000,above_band_high
2026-07-05T19:47:00Z,93.3761,0.000000,0.000000,0.000000,above_band_high
2026-07-05T19:48:00Z,93.3715,0.000000,0.000000,0.000000,above_band_high
2026-07-05T19:49:00Z,93.3837,0.000000,0.000000,0.000000,above_band_high
2026-07-05T19:50:00Z,93.4020,0.000000,0.000000,0.000000,above_band_high
2026-07-05T19:51:00Z,93.4020,0.000000,0.000000,0.000000,above_band_high
2026-07-05T19:52:00Z,93.4112,0.000000,0.000000,0.000000,above_band_high
2026-07-05T19:53:00Z,93.4035,0.000000,0.000000,0.000000,above_band_high
2026-07-05T19:54:00Z,93.3974,0.000000,0.000000,0.000000,above_band_high
2026-07-05T19:55:00Z,93.4173,0.000000,0.000000,0.000000,above_band_high
2026-07-05T19:56:00Z,93.4112,0.000000,0.000000,0.000000,above_band_high
2026-07-05T19:57:00Z,93.4295,0.000000,0.000000,0.000000,above_band_high
2026-07-05T19:58:00Z,93.3928,0.000000,0.000000,0.000000,above_band_high
2026-07-05T19:59:00Z,93.4340,0.000000,0.000000,0.000000,above_band_high
2026-07-05T20:00:00Z,93.4401,0.000000,0.000000,0.000000,above_band_high
2026-07-05T20:01:00Z,93.4447,0.000000,0.000000,0.000000,above_band_high
2026-07-05T20:02:00Z,93.4585,0.000000,0.000000,0.000000,above_band_high
2026-07-05T20:03:00Z,93.4539,0.000000,0.000000,0.000000,above_band_high
2026-07-05T20:04:00Z,93.4524,0.000000,0.000000,0.000000,above_band_high
2026-07-05T20:05:00Z,93.4813,0.000000,0.000000,0.000000,above_band_high
2026-07-05T20:06:00Z,93.4905,0.000000,0.000000,0.000000,above_band_high
2026-07-05T20:07:00Z,93.4813,0.000000,0.000000,0.000000,above_band_high
2026-07-05T20:08:00Z,93.4752,0.000000,0.000000,0.000000,above_band_high
2026-07-05T20:09:00Z,93.5088,0.000000,0.000000,0.000000,above_band_high
2026-07-05T20:10:00Z,93.5485,0.000000,0.000000,0.000000,above_band_high
2026-07-05T20:11:00Z,93.4981,0.000000,0.000000,0.000000,above_band_high
2026-07-05T20:12:00Z,93.5439,0.000000,0.000000,0.000000,above_band_high
2026-07-05T20:13:00Z,93.5393,0.000000,0.000000,0.000000,above_band_high
2026-07-05T20:14:00Z,93.5271,0.000000,0.000000,0.000000,above_band_high
2026-07-05T20:15:00Z,93.5271,0.000000,0.000000,0.000000,above_band_high
2026-07-05T20:16:00Z,93.5225,0.000000,0.000000,0.000000,above_band_high
2026-07-05T20:17:00Z,93.5317,0.000000,0.000000,0.000000,above_band_high
2026-07-05T20:18:00Z,93.5409,0.000000,0.000000,0.000000,above_band_high
2026-07-05T20:19:00Z,93.5348,0.000000,0.000000,0.000000,above_band_high
2026-07-05T20:20:00Z,93.5622,0.000000,0.000000,0.000000,above_band_high
2026-07-05T20:21:00Z,93.5851,0.000000,0.000000,0.000000,above_band_high
2026-07-05T20:22:00Z,93.5683,0.000000,0.000000,0.000000,above_band_high
2026-07-05T20:23:00Z,93.5546,0.000000,0.000000,0.000000,above_band_high
2026-07-05T20:24:00Z,93.5729,0.000000,0.000000,0.000000,above_band_high
2026-07-05T20:25:00Z,93.6141,0.000000,0.000000,0.000000,above_band_high
2026-07-05T20:26:00Z,93.6004,0.000000,0.000000,0.000000,above_band_high
2026-07-05T20:27:00Z,93.6309,0.000000,0.000000,0.000000,above_band_high
2026-07-05T20:28:00Z,93.6309,0.000000,0.000000,0.000000,above_band_high
2026-07-05T20:29:00Z,93.6126,0.000000,0.000000,0.000000,above_band_high
2026-07-05T20:30:00Z,93.6492,0.000000,0.000000,0.000000,above_band_high
2026-07-05T20:31:00Z,93.6416,0.000000,0.000000,0.000000,above_band_high
2026-07-05T20:32:00Z,93.6172,0.000000,0.000000,0.000000,above_band_high
2026-07-05T20:33:00Z,93.6584,0.000000,0.000000,0.000000,above_band_high
2026-07-05T20:34:00Z,93.6904,0.000000,0.000000,0.000000,above_band_high
2026-07-05T20:35:00Z,93.6919,0.000000,0.000000,0.000000,above_band_high
2026-07-05T20:36:00Z,93.6995,0.000000,0.000000,0.000000,above_band_high
2026-07-05T20:37:00Z,93.6965,0.000000,0.000000,0.000000,above_band_high
2026-07-05T20:38:00Z,93.7377,0.000000,0.000000,0.000000,above_band_high
2026-07-05T20:39:00Z,93.7194,0.000000,0.000000,0.000000,above_band_high
2026-07-05T20:40:00Z,93.7041,0.000000,0.000000,0.000000,above_band_high
2026-07-05T20:41:00Z,93.8003,0.000000,0.000000,0.000000,above_band_high
2026-07-05T20:42:00Z,93.7652,0.000000,0.000000,0.000000,above_band_high
2026-07-05T20:43:00Z,93.7652,0.000000,0.000000,0.000000,above_band_high
2026-07-05T20:44:00Z,93.7606,0.000000,0.000000,0.000000,above_band_high
2026-07-05T20:45:00Z,93.7926,0.000000,0.000000,0.000000,above_band_high
2026-07-05T20:46:00Z,93.8064,0.000000,0.000000,0.000000,above_band_high
2026-07-05T20:47:00Z,93.7957,0.000000,0.000000,0.000000,above_band_high
2026-07-05T20:48:00Z,93.8293,0.000000,0.000000,0.000000,above_band_high
2026-07-05T20:49:00Z,93.8369,0.000000,0.000000,0.000000,above_band_high
2026-07-05T20:50:00Z,93.8598,0.000000,0.000000,0.000000,above_band_high
2026-07-05T20:51:00Z,93.8705,0.000000,0.000000,0.000000,above_band_high
2026-07-05T20:52:00Z,93.8705,0.000000,0.000000,0.000000,above_band_high
2026-07-05T20:53:00Z,93.8705,0.000000,0.000000,0.000000,above_band_high
2026-07-05T20:54:00Z,93.9330,0.000000,0.000000,0.000000,above_band_high
2026-07-05T20:55:00Z,93.9117,0.000000,0.000000,0.000000,above_band_high
2026-07-05T20:56:00Z,93.8872,0.000000,0.000000,0.000000,above_band_high
2026-07-05T20:57:00Z,93.9254,0.000000,0.000000,0.000000,above_band_high
2026-07-05T20:58:00Z,93.9483,0.000000,0.000000,0.000000,above_band_high
2026-07-05T20:59:00Z,93.9483,0.000000,0.000000,0.000000,above_band_high
2026-07-05T21:00:00Z,93.9208,0.000000,0.000000,0.000000,above_band_high
2026-07-05T21:01:00Z,93.9620,0.000000,0.000000,0.000000,above_band_high
2026-07-05T21:02:00Z,93.9254,0.000000,0.000000,0.000000,above_band_high
2026-07-05T21:03:00Z,93.9437,0.000000,0.000000,0.000000,above_band_high
2026-07-05T21:04:00Z,93.9620,0.000000,0.000000,0.000000,above_band_high
2026-07-05T21:05:00Z,93.9467,0.000000,0.000000,0.000000,above_band_high
2026-07-05T21:06:00Z,94.0063,0.000000,0.000000,0.000000,above_band_high
2026-07-05T21:07:00Z,94.0017,0.000000,0.000000,0.000000,above_band_high
2026-07-05T21:08:00Z,93.9986,0.000000,0.000000,0.000000,above_band_high
2026-07-05T21:09:00Z,94.0200,0.000000,0.000000,0.000000,above_band_high
2026-07-05T21:10:00Z,94.0429,0.000000,0.000000,0.000000,above_band_high
2026-07-05T21:11:00Z,94.0169,0.000000,0.000000,0.000000,above_band_high
2026-07-05T21:12:00Z,94.0475,0.000000,0.000000,0.000000,above_band_high
2026-07-05T21:13:00Z,94.0612,0.000000,0.000000,0.000000,above_band_high
2026-07-05T21:14:00Z,94.0536,0.000000,0.000000,0.000000,above_band_high
2026-07-05T21:15:00Z,94.0261,0.000000,0.000000,0.000000,above_band_high
2026-07-05T21:16:00Z,94.0536,0.000000,0.000000,0.000000,above_band_high
2026-07-05T21:17:00Z,94.0673,0.000000,0.000000,0.000000,above_band_high
2026-07-05T21:18:00Z,94.0352,0.000000,0.000000,0.000000,above_band_high
2026-07-05T21:19:00Z,94.0078,0.000000,0.000000,0.000000,above_band_high
2026-07-05T21:20:00Z,94.0841,0.000000,0.000000,0.000000,above_band_high
2026-07-05T21:21:00Z,94.0475,0.000000,0.000000,0.000000,above_band_high
2026-07-05T21:22:00Z,94.0703,0.000000,0.000000,0.000000,above_band_high
2026-07-05T21:23:00Z,94.0841,0.000000,0.000000,0.000000,above_band_high
2026-07-05T21:24:00Z,94.0536,0.000000,0.000000,0.000000,above_band_high
2026-07-05T21:25:00Z,94.0810,0.000000,0.000000,0.000000,above_band_high
2026-07-05T21:26:00Z,94.0703,0.000000,0.000000,0.000000,above_band_high
2026-07-05T21:27:00Z,94.0612,0.000000,0.000000,0.000000,above_band_high
2026-07-05T21:28:00Z,94.0673,0.000000,0.000000,0.000000,above_band_high
2026-07-05T21:29:00Z,94.1115,0.000000,0.000000,0.000000,above_band_high
2026-07-05T21:30:00Z,94.0581,0.000000,0.000000,0.000000,above_band_high
2026-07-05T21:31:00Z,94.0887,0.000000,0.000000,0.000000,above_band_high
2026-07-05T21:32:00Z,94.1115,0.000000,0.000000,0.000000,above_band_high
2026-07-05T21:33:00Z,94.0673,0.000000,0.000000,0.000000,above_band_high
2026-07-05T21:34:00Z,94.0612,0.000000,0.000000,0.000000,above_band_high
2026-07-05T21:35:00Z,94.0475,0.000000,0.000000,0.000000,above_band_high
2026-07-05T21:36:00Z,94.1115,0.000000,0.000000,0.000000,above_band_high
2026-07-05T21:37:00Z,94.1085,0.000000,0.000000,0.000000,above_band_high
2026-07-05T21:38:00Z,94.1390,0.000000,0.000000,0.000000,above_band_high
2026-07-05T21:39:00Z,94.1268,0.000000,0.000000,0.000000,above_band_high
2026-07-05T21:40:00Z,94.1634,0.000000,0.000000,0.000000,above_band_high
2026-07-05T21:41:00Z,94.1360,0.000000,0.000000,0.000000,above_band_high
2026-07-05T21:42:00Z,94.1299,0.000000,0.000000,0.000000,above_band_high
2026-07-05T21:43:00Z,94.1161,0.000000,0.000000,0.000000,above_band_high
2026-07-05T21:44:00Z,94.1222,0.000000,0.000000,0.000000,above_band_high
2026-07-05T21:45:00Z,94.1360,0.000000,0.000000,0.000000,above_band_high
2026-07-05T21:46:00Z,94.1360,0.000000,0.000000,0.000000,above_band_high
2026-07-05T21:47:00Z,94.1268,0.000000,0.000000,0.000000,above_band_high
2026-07-05T21:48:00Z,94.1588,0.000000,0.000000,0.000000,above_band_high
2026-07-05T21:49:00Z,94.1314,0.000000,0.000000,0.000000,above_band_high
2026-07-05T21:50:00Z,94.1497,0.000000,0.000000,0.000000,above_band_high
2026-07-05T21:51:00Z,94.1314,0.000000,0.000000,0.000000,above_band_high
2026-07-05T21:52:00Z,94.1314,0.000000,0.000000,0.000000,above_band_high
2026-07-05T21:53:00Z,94.1573,0.000000,0.000000,0.000000,above_band_high
2026-07-05T21:54:00Z,94.1588,0.000000,0.000000,0.000000,above_band_high
2026-07-05T21:55:00Z,94.1634,0.000000,0.000000,0.000000,above_band_high
2026-07-05T21:56:00Z,94.1726,0.000000,0.000000,0.000000,above_band_high
2026-07-05T21:57:00Z,94.1588,0.000000,0.000000,0.000000,above_band_high
2026-07-05T21:58:00Z,94.2031,0.000000,0.000000,0.000000,above_band_high
2026-07-05T21:59:00Z,94.1634,0.000000,0.000000,0.000000,above_band_high
2026-07-05T22:00:00Z,94.2138,0.000000,0.000000,0.000000,above_band_high
2026-07-05T22:01:00Z,94.1802,0.000000,0.000000,0.000000,above_band_high
2026-07-05T22:02:00Z,94.2138,0.000000,0.000000,0.000000,above_band_high
2026-07-05T22:03:00Z,94.1848,0.000000,0.000000,0.000000,above_band_high
2026-07-05T22:04:00Z,94.1863,0.000000,0.000000,0.000000,above_band_high
2026-07-05T22:05:00Z,94.1909,0.000000,0.000000,0.000000,above_band_high
2026-07-05T22:06:00Z,94.1802,0.000000,0.000000,0.000000,above_band_high
2026-07-05T22:07:00Z,94.1573,0.000000,0.000000,0.000000,above_band_high
2026-07-05T22:08:00Z,94.1588,0.000000,0.000000,0.000000,above_band_high
2026-07-05T22:09:00Z,94.1863,0.000000,0.000000,0.000000,above_band_high
2026-07-05T22:10:00Z,94.1848,0.000000,0.000000,0.000000,above_band_high
2026-07-05T22:11:00Z,94.2138,0.000000,0.000000,0.000000,above_band_high
2026-07-05T22:12:00Z,94.2046,0.000000,0.000000,0.000000,above_band_high
2026-07-05T22:13:00Z,94.2306,0.000000,0.000000,0.000000,above_band_high
2026-07-05T22:14:00Z,94.2077,0.000000,0.000000,0.000000,above_band_high
2026-07-05T22:15:00Z,94.1909,0.000000,0.000000,0.000000,above_band_high
2026-07-05T22:16:00Z,94.2123,0.000000,0.000000,0.000000,above_band_high
2026-07-05T22:17:00Z,94.1848,0.000000,0.000000,0.000000,above_band_high
2026-07-05T22:18:00Z,94.2397,0.000000,0.000000,0.000000,above_band_high
2026-07-05T22:19:00Z,94.2184,0.000000,0.000000,0.000000,above_band_high
2026-07-05T22:20:00Z,94.2000,0.000000,0.000000,0.000000,above_band_high
2026-07-05T22:21:00Z,94.1955,0.000000,0.000000,0.000000,above_band_high
2026-07-05T22:22:00Z,94.1955,0.000000,0.000000,0.000000,above_band_high
2026-07-05T22:23:00Z,94.1985,0.000000,0.000000,0.000000,above_band_high
2026-07-05T22:24:00Z,94.2046,0.000000,0.000000,0.000000,above_band_high
2026-07-05T22:25:00Z,94.2031,0.000000,0.000000,0.000000,above_band_high
2026-07-05T22:26:00Z,94.2046,0.000000,0.000000,0.000000,above_band_high
2026-07-05T22:27:00Z,94.1955,0.000000,0.000000,0.000000,above_band_high
2026-07-05T22:28:00Z,94.1802,0.000000,0.000000,0.000000,above_band_high
2026-07-05T22:29:00Z,94.1802,0.000000,0.000000,0.000000,above_band_high
2026-07-05T22:30:00Z,94.1756,0.000000,0.000000,0.000000,above_band_high
2026-07-05T22:31:00Z,94.2092,0.000000,0.000000,0.000000,above_band_high
2026-07-05T22:32:00Z,94.1955,0.000000,0.000000,0.000000,above_band_high
2026-07-05T22:33:00Z,94.2077,0.000000,0.000000,0.000000,above_band_high
2026-07-05T22:34:00Z,94.1756,0.000000,0.000000,0.000000,above_band_high
2026-07-05T22:35:00Z,94.2138,0.000000,0.000000,0.000000,above_band_high
2026-07-05T22:36:00Z,94.2214,0.000000,0.000000,0.000000,above_band_high
2026-07-05T22:37:00Z,94.1955,0.000000,0.000000,0.000000,above_band_high
2026-07-05T22:38:00Z,94.2275,0.000000,0.000000,0.000000,above_band_high
2026-07-05T22:39:00Z,94.1848,0.000000,0.000000,0.000000,above_band_high
2026-07-05T22:40:00Z,94.2031,0.000000,0.000000,0.000000,above_band_high
2026-07-05T22:41:00Z,94.2077,0.000000,0.000000,0.000000,above_band_high
2026-07-05T22:42:00Z,94.2351,0.000000,0.000000,0.000000,above_band_high
2026-07-05T22:43:00Z,94.2138,0.000000,0.000000,0.000000,above_band_high
2026-07-05T22:44:00Z,94.1848,0.000000,0.000000,0.000000,above_band_high
2026-07-05T22:45:00Z,94.2031,0.000000,0.000000,0.000000,above_band_high
2026-07-05T22:46:00Z,94.2138,0.000000,0.000000,0.000000,above_band_high
2026-07-05T22:47:00Z,94.1802,0.000000,0.000000,0.000000,above_band_high
2026-07-05T22:48:00Z,94.1863,0.000000,0.000000,0.000000,above_band_high
2026-07-05T22:49:00Z,94.1894,0.000000,0.000000,0.000000,above_band_high
2026-07-05T22:50:00Z,94.2138,0.000000,0.000000,0.000000,above_band_high
2026-07-05T22:51:00Z,94.2184,0.000000,0.000000,0.000000,above_band_high
2026-07-05T22:52:00Z,94.1955,0.000000,0.000000,0.000000,above_band_high
2026-07-05T22:53:00Z,94.2306,0.000000,0.000000,0.000000,above_band_high
2026-07-05T22:54:00Z,94.2077,0.000000,0.000000,0.000000,above_band_high
2026-07-05T22:55:00Z,94.2412,0.000000,0.000000,0.000000,above_band_high
2026-07-05T22:56:00Z,94.2138,0.000000,0.000000,0.000000,above_band_high
2026-07-05T22:57:00Z,94.2367,0.000000,0.000000,0.000000,above_band_high
2026-07-05T22:58:00Z,94.2214,0.000000,0.000000,0.000000,above_band_high
2026-07-05T22:59:00Z,94.2214,0.000000,0.000000,0.000000,above_band_high
2026-07-05T23:00:00Z,94.1939,0.000000,0.000000,0.000000,above_band_high
2026-07-05T23:01:00Z,94.1955,0.000000,0.000000,0.000000,above_band_high
2026-07-05T23:02:00Z,94.1848,0.000000,0.000000,0.000000,above_band_high
2026-07-05T23:03:00Z,94.2260,0.000000,0.000000,0.000000,above_band_high
2026-07-05T23:04:00Z,94.2138,0.000000,0.000000,0.000000,above_band_high
2026-07-05T23:05:00Z,94.2168,0.000000,0.000000,0.000000,above_band_high
2026-07-05T23:06:00Z,94.1772,0.000000,0.000000,0.000000,above_band_high
2026-07-05T23:07:00Z,94.1848,0.000000,0.000000,0.000000,above_band_high
2026-07-05T23:08:00Z,94.2306,0.000000,0.000000,0.000000,above_band_high
2026-07-05T23:09:00Z,94.2351,0.000000,0.000000,0.000000,above_band_high
2026-07-05T23:10:00Z,94.2306,0.000000,0.000000,0.000000,above_band_high
2026-07-05T23:11:00Z,94.2443,0.000000,0.000000,0.000000,above_band_high
2026-07-05T23:12:00Z,94.2168,0.000000,0.000000,0.000000,above_band_high
2026-07-05T23:13:00Z,94.2306,0.000000,0.000000,0.000000,above_band_high
2026-07-05T23:14:00Z,94.2184,0.000000,0.000000,0.000000,above_band_high
2026-07-05T23:15:00Z,94.2535,0.000000,0.000000,0.000000,above_band_high
2026-07-05T23:16:00Z,94.2687,0.000000,0.000000,0.000000,above_band_high
2026-07-05T23:17:00Z,94.2947,0.000000,0.000000,0.000000,above_band_high
2026-07-05T23:18:00Z,94.2916,0.000000,0.000000,0.000000,above_band_high
2026-07-05T23:19:00Z,94.3450,0.000000,0.000000,0.000000,above_band_high
2026-07-05T23:20:00Z,94.3404,0.000000,0.000000,0.000000,above_band_high
2026-07-05T23:21:00Z,94.3420,0.000000,0.000000,0.000000,above_band_high
2026-07-05T23:22:00Z,94.3633,0.000000,0.000000,0.000000,above_band_high
2026-07-05T23:23:00Z,94.4091,0.000000,0.000000,0.000000,above_band_high
2026-07-05T23:24:00Z,94.3862,0.000000,0.000000,0.000000,above_band_high
2026-07-05T23:25:00Z,94.3786,0.000000,0.000000,0.000000,above_band_high
2026-07-05T23:26:00Z,94.4366,0.000000,0.000000,0.000000,above_band_high
2026-07-05T23:27:00Z,94.4472,0.000000,0.000000,0.000000,above_band_high
2026-07-05T23:28:00Z,94.4594,0.000000,0.000000,0.000000,above_band_high
2026-07-05T23:29:00Z,94.4823,0.000000,0.000000,0.000000,above_band_high
2026-07-05T23:30:00Z,94.4640,0.000000,0.000000,0.000000,above_band_high
2026-07-05T23:31:00Z,94.4656,0.000000,0.000000,0.000000,above_band_high
2026-07-05T23:32:00Z,94.5068,0.000000,0.000000,0.000000,above_band_high
2026-07-05T23:33:00Z,94.5068,0.000000,0.000000,0.000000,above_band_high
2026-07-05T23:34:00Z,94.5251,0.000000,0.000000,0.000000,above_band_high
2026-07-05T23:35:00Z,94.5571,0.000000,0.000000,0.000000,above_band_high
2026-07-05T23:36:00Z,94.5342,0.000000,0.000000,0.000000,above_band_high
2026-07-05T23:37:00Z,94.5418,0.000000,0.000000,0.000000,above_band_high
2026-07-05T23:38:00Z,94.5800,0.000000,0.000000,0.000000,above_band_high
2026-07-05T23:39:00Z,94.5571,0.000000,0.000000,0.000000,above_band_high
2026-07-05T23:40:00Z,94.5968,0.000000,0.000000,0.000000,above_band_high
2026-07-05T23:41:00Z,94.5968,0.000000,0.000000,0.000000,above_band_high
2026-07-05T23:42:00Z,94.5754,0.000000,0.000000,0.000000,above_band_high
2026-07-05T23:43:00Z,94.6258,0.000000,0.000000,0.000000,above_band_high
2026-07-05T23:44:00Z,94.6380,0.000000,0.000000,0.000000,above_band_high
2026-07-05T23:45:00Z,94.6838,0.000000,0.000000,0.000000,above_band_high
2026-07-05T23:46:00Z,94.6563,0.000000,0.000000,0.000000,above_band_high
2026-07-05T23:47:00Z,94.6670,0.000000,0.000000,0.000000,above_band_high
2026-07-05T23:48:00Z,94.7204,0.000000,0.000000,0.000000,above_band_high
2026-07-05T23:49:00Z,94.7585,0.000000,0.000000,0.000000,above_band_high
2026-07-05T23:50:00Z,94.7021,0.000000,0.000000,0.000000,above_band_high
2026-07-05T23:51:00Z,94.7127,0.000000,0.000000,0.000000,above_band_high
2026-07-05T23:52:00Z,94.7494,0.000000,0.000000,0.000000,above_band_high
2026-07-05T23:53:00Z,94.7539,0.000000,0.000000,0.000000,above_band_high
2026-07-05T23:54:00Z,94.7723,0.000000,0.000000,0.000000,above_band_high
2026-07-05T23:55:00Z,94.7799,0.000000,0.000000,0.000000,above_band_high
2026-07-05T23:56:00Z,94.7890,0.000000,0.000000,0.000000,above_band_high
2026-07-05T23:57:00Z,94.8226,0.000000,0.000000,0.000000,above_band_high
2026-07-05T23:58:00Z,94.8135,0.000000,0.000000,0.000000,above_band_high
2026-07-05T23:59:00Z,94.7890,0.000000,0.000000,0.000000,above_band_high
2026-07-06T00:00:00Z,94.8119,0.000000,0.000000,0.000000,above_band_high
2026-07-06T00:01:00Z,94.8135,0.000000,0.000000,0.000000,above_band_high
2026-07-06T00:02:00Z,94.8119,0.000000,0.000000,0.000000,above_band_high
2026-07-06T00:03:00Z,94.8577,0.000000,0.000000,0.000000,above_band_high
2026-07-06T00:04:00Z,94.8394,0.000000,0.000000,0.000000,above_band_high
2026-07-06T00:05:00Z,94.8409,0.000000,0.000000,0.000000,above_band_high
2026-07-06T00:06:00Z,94.8684,0.000000,0.000000,0.000000,above_band_high
2026-07-06T00:07:00Z,94.8898,0.000000,0.000000,0.000000,above_band_high
2026-07-06T00:08:00Z,94.8806,0.000000,0.000000,0.000000,above_band_high
2026-07-06T00:09:00Z,94.8867,0.000000,0.000000,0.000000,above_band_high
2026-07-06T00:10:00Z,94.8898,0.000000,0.000000,0.000000,above_band_high
2026-07-06T00:11:00Z,94.8867,0.000000,0.000000,0.000000,above_band_high
2026-07-06T00:12:00Z,94.9035,0.000000,0.000000,0.000000,above_band_high
2026-07-06T00:13:00Z,94.8684,0.000000,0.000000,0.000000,above_band_high
2026-07-06T00:14:00Z,94.9096,0.000000,0.000000,0.000000,above_band_high
2026-07-06T00:15:00Z,94.9172,0.000000,0.000000,0.000000,above_band_high
2026-07-06T00:16:00Z,94.9401,0.000000,0.000000,0.000000,above_band_high
2026-07-06T00:17:00Z,94.9554,0.000000,0.000000,0.000000,above_band_high
2026-07-06T00:18:00Z,94.9325,0.000000,0.000000,0.000000,above_band_high
2026-07-06T00:19:00Z,94.9462,0.000000,0.000000,0.000000,above_band_high
2026-07-06T00:20:00Z,94.9783,0.000000,0.000000,0.000000,above_band_high
2026-07-06T00:21:00Z,94.9859,0.000000,0.000000,0.000000,above_band_high
2026-07-06T00:22:00Z,94.9828,0.000000,0.000000,0.000000,above_band_high
2026-07-06T00:23:00Z,94.9493,0.000000,0.000000,0.000000,above_band_high
2026-07-06T00:24:00Z,94.9096,0.000000,0.000000,0.000000,above_band_high
2026-07-06T00:25:00Z,94.9828,0.000000,0.000000,0.000000,above_band_high
2026-07-06T00:26:00Z,94.9828,0.000000,0.000000,0.000000,above_band_high
2026-07-06T00:27:00Z,94.9859,0.000000,0.000000,0.000000,above_band_high
2026-07-06T00:28:00Z,94.9737,0.000000,0.000000,0.000000,above_band_high
2026-07-06T00:29:00Z,94.9905,0.000000,0.000000,0.000000,above_band_high
2026-07-06T00:30:00Z,94.9920,0.000000,0.000000,0.000000,above_band_high
2026-07-06T00:31:00Z,94.9920,0.000000,0.000000,0.000000,above_band_high
2026-07-06T00:32:00Z,95.0134,0.000000,0.000000,0.000000,above_band_high
2026-07-06T00:33:00Z,95.0408,0.000000,0.000000,0.000000,above_band_high
2026-07-06T00:34:00Z,95.0011,0.000000,0.000000,0.000000,above_band_high
2026-07-06T00:35:00Z,95.0240,0.000000,0.000000,0.000000,above_band_high
2026-07-06T00:36:00Z,95.0011,0.000000,0.000000,0.000000,above_band_high
2026-07-06T00:37:00Z,95.0317,0.000000,0.000000,0.000000,above_band_high
2026-07-06T00:38:00Z,95.0408,0.000000,0.000000,0.000000,above_band_high
2026-07-06T00:39:00Z,95.0408,0.000000,0.000000,0.000000,above_band_high
2026-07-06T00:40:00Z,95.0286,0.000000,0.000000,0.000000,above_band_high
2026-07-06T00:41:00Z,95.0500,0.000000,0.000000,0.000000,above_band_high
2026-07-06T00:42:00Z,95.0286,0.000000,0.000000,0.000000,above_band_high
2026-07-06T00:43:00Z,95.0774,0.000000,0.000000,0.000000,above_band_high
2026-07-06T00:44:00Z,95.0683,0.000000,0.000000,0.000000,above_band_high
2026-07-06T00:45:00Z,95.0607,0.000000,0.000000,0.000000,above_band_high
2026-07-06T00:46:00Z,95.0774,0.000000,0.000000,0.000000,above_band_high
2026-07-06T00:47:00Z,95.0927,0.000000,0.000000,0.000000,above_band_high
2026-07-06T00:48:00Z,95.0698,0.000000,0.000000,0.000000,above_band_high
2026-07-06T00:49:00Z,95.0591,0.000000,0.000000,0.000000,above_band_high
2026-07-06T00:50:00Z,95.0607,0.000000,0.000000,0.000000,above_band_high
2026-07-06T00:51:00Z,95.0774,0.000000,0.000000,0.000000,above_band_high
2026-07-06T00:52:00Z,95.0652,0.000000,0.000000,0.000000,above_band_high
2026-07-06T00:53:00Z,95.0774,0.000000,0.000000,0.000000,above_band_high
2026-07-06T00:54:00Z,95.1095,0.000000,0.000000,0.000000,above_band_high
2026-07-06T00:55:00Z,95.0958,0.000000,0.000000,0.000000,above_band_high
2026-07-06T00:56:00Z,95.0958,0.000000,0.000000,0.000000,above_band_high
2026-07-06T00:57:00Z,95.1141,0.000000,0.000000,0.000000,above_band_high
2026-07-06T00:58:00Z,95.1110,0.000000,0.000000,0.000000,above_band_high
2026-07-06T00:59:00Z,95.1141,0.000000,0.000000,0.000000,above_band_high
2026-07-06T01:00:00Z,95.1247,0.000000,0.000000,0.000000,above_band_high
2026-07-06T01:01:00Z,95.1324,0.000000,0.000000,0.000000,above_band_high
2026-07-06T01:02:00Z,95.0973,0.000000,0.000000,0.000000,above_band_high
2026-07-06T01:03:00Z,95.1156,0.000000,0.000000,0.000000,above_band_high
2026-07-06T01:04:00Z,95.1476,0.000000,0.000000,0.000000,above_band_high
2026-07-06T01:05:00Z,95.1507,0.000000,0.000000,0.000000,above_band_high
2026-07-06T01:06:00Z,95.1202,0.000000,0.000000,0.000000,above_band_high
2026-07-06T01:07:00Z,95.1461,0.000000,0.000000,0.000000,above_band_high
2026-07-06T01:08:00Z,95.1522,0.000000,0.000000,0.000000,above_band_high
2026-07-06T01:09:00Z,95.1476,0.000000,0.000000,0.000000,above_band_high
2026-07-06T01:10:00Z,95.1797,0.000000,0.000000,0.000000,above_band_high
2026-07-06T01:11:00Z,95.1690,0.000000,0.000000,0.000000,above_band_high
2026-07-06T01:12:00Z,95.1644,0.000000,0.000000,0.000000,above_band_high
2026-07-06T01:13:00Z,95.1690,0.000000,0.000000,0.000000,above_band_high
2026-07-06T01:14:00Z,95.1690,0.000000,0.000000,0.000000,above_band_high
2026-07-06T01:15:00Z,95.1751,0.000000,0.000000,0.000000,above_band_high
2026-07-06T01:16:00Z,95.2163,0.000000,0.000000,0.000000,above_band_high
2026-07-06T01:17:00Z,95.1888,0.000000,0.000000,0.000000,above_band_high
2026-07-06T01:18:00Z,95.2148,0.000000,0.000000,0.000000,above_band_high
2026-07-06T01:19:00Z,95.2071,0.000000,0.000000,0.000000,above_band_high
2026-07-06T01:20:00Z,95.1965,0.000000,0.000000,0.000000,above_band_high
2026-07-06T01:21:00Z,95.1965,0.000000,0.000000,0.000000,above_band_high
2026-07-06T01:22:00Z,95.2163,0.000000,0.000000,0.000000,above_band_high
2026-07-06T01:23:00Z,95.2163,0.000000,0.000000,0.000000,above_band_high
2026-07-06T01:24:00Z,95.2285,0.000000,0.000000,0.000000,above_band_high
2026-07-06T01:25:00Z,95.2239,0.000000,0.000000,0.000000,above_band_high
2026-07-06T01:26:00Z,95.2163,0.000000,0.000000,0.000000,above_band_high
2026-07-06T01:27:00Z,95.1965,0.000000,0.000000,0.000000,above_band_high
2026-07-06T01:28:00Z,95.2209,0.000000,0.000000,0.000000,above_band_high
2026-07-06T01:29:00Z,95.2468,0.000000,0.000000,0.000000,above_band_high
2026-07-06T01:30:00Z,95.2239,0.000000,0.000000,0.000000,above_band_high
2026-07-06T01:31:00Z,95.2239,0.000000,0.000000,0.000000,above_band_high
2026-07-06T01:32:00Z,95.2255,0.000000,0.000000,0.000000,above_band_high
2026-07-06T01:33:00Z,95.2102,0.000000,0.000000,0.000000,above_band_high
2026-07-06T01:34:00Z,95.2300,0.000000,0.000000,0.000000,above_band_high
2026-07-06T01:35:00Z,95.1965,0.000000,0.000000,0.000000,above_band_high
2026-07-06T01:36:00Z,95.1980,0.000000,0.000000,0.000000,above_band_high
2026-07-06T01:37:00Z,95.1965,0.000000,0.000000,0.000000,above_band_high
2026-07-06T01:38:00Z,95.1934,0.000000,0.000000,0.000000,above_band_high
2026-07-06T01:39:00Z,95.1980,0.000000,0.000000,0.000000,above_band_high
2026-07-06T01:40:00Z,95.2438,0.000000,0.000000,0.000000,above_band_high
2026-07-06T01:41:00Z,95.2102,0.000000,0.000000,0.000000,above_band_high
2026-07-06T01:42:00Z,95.2148,0.000000,0.000000,0.000000,above_band_high
2026-07-06T01:43:00Z,95.2148,0.000000,0.000000,0.000000,above_band_high
2026-07-06T01:44:00Z,95.2331,0.000000,0.000000,0.000000,above_band_high
2026-07-06T01:45:00Z,95.2438,0.000000,0.000000,0.000000,above_band_high
2026-07-06T01:46:00Z,95.2148,0.000000,0.000000,0.000000,above_band_high
2026-07-06T01:47:00Z,95.2285,0.000000,0.000000,0.000000,above_band_high
2026-07-06T01:48:00Z,95.2331,0.000000,0.000000,0.000000,above_band_high
2026-07-06T01:49:00Z,95.2209,0.000000,0.000000,0.000000,above_band_high
2026-07-06T01:50:00Z,95.2285,0.000000,0.000000,0.000000,above_band_high
2026-07-06T01:51:00Z,95.2331,0.000000,0.000000,0.000000,above_band_high
2026-07-06T01:52:00Z,95.2697,0.000000,0.000000,0.000000,above_band_high
2026-07-06T01:53:00Z,95.2377,0.000000,0.000000,0.000000,above_band_high
2026-07-06T01:54:00Z,95.2514,0.000000,0.000000,0.000000,above_band_high
2026-07-06T01:55:00Z,95.2667,0.000000,0.000000,0.000000,above_band_high
2026-07-06T01:56:00Z,95.2621,0.000000,0.000000,0.000000,above_band_high
2026-07-06T01:57:00Z,95.2514,0.000000,0.000000,0.000000,above_band_high
2026-07-06T01:58:00Z,95.2560,0.000000,0.000000,0.000000,above_band_high
2026-07-06T01:59:00Z,95.2560,0.000000,0.000000,0.000000,above_band_high
2026-07-06T02:00:00Z,95.2483,0.000000,0.000000,0.000000,above_band_high
2026-07-06T02:01:00Z,95.2743,0.000000,0.000000,0.000000,above_band_high
2026-07-06T02:02:00Z,95.2651,0.000000,0.000000,0.000000,above_band_high
2026-07-06T02:03:00Z,95.2743,0.000000,0.000000,0.000000,above_band_high
2026-07-06T02:04:00Z,95.2712,0.000000,0.000000,0.000000,above_band_high
2026-07-06T02:05:00Z,95.2605,0.000000,0.000000,0.000000,above_band_high
2026-07-06T02:06:00Z,95.3017,0.000000,0.000000,0.000000,above_band_high
2026-07-06T02:07:00Z,95.2941,0.000000,0.000000,0.000000,above_band_high
2026-07-06T02:08:00Z,95.2804,0.000000,0.000000,0.000000,above_band_high
2026-07-06T02:09:00Z,95.2895,0.000000,0.000000,0.000000,above_band_high
2026-07-06T02:10:00Z,95.3017,0.000000,0.000000,0.000000,above_band_high
2026-07-06T02:11:00Z,95.2804,0.000000,0.000000,0.000000,above_band_high
2026-07-06T02:12:00Z,95.3155,0.000000,0.000000,0.000000,above_band_high
2026-07-06T02:13:00Z,95.3109,0.000000,0.000000,0.000000,above_band_high
2026-07-06T02:14:00Z,95.2697,0.000000,0.000000,0.000000,above_band_high
2026-07-06T02:15:00Z,95.2972,0.000000,0.000000,0.000000,above_band_high
2026-07-06T02:16:00Z,95.2834,0.000000,0.000000,0.000000,above_band_high
2026-07-06T02:17:00Z,95.3307,0.000000,0.000000,0.000000,above_band_high
2026-07-06T02:18:00Z,95.3124,0.000000,0.000000,0.000000,above_band_high
2026-07-06T02:19:00Z,95.3124,0.000000,0.000000,0.000000,above_band_high
2026-07-06T02:20:00Z,95.3307,0.000000,0.000000,0.000000,above_band_high
2026-07-06T02:21:00Z,95.3292,0.000000,0.000000,0.000000,above_band_high
2026-07-06T02:22:00Z,95.3475,0.000000,0.000000,0.000000,above_band_high
2026-07-06T02:23:00Z,95.3475,0.000000,0.000000,0.000000,above_band_high
2026-07-06T02:24:00Z,95.3429,0.000000,0.000000,0.000000,above_band_high
2026-07-06T02:25:00Z,95.3384,0.000000,0.000000,0.000000,above_band_high
2026-07-06T02:26:00Z,95.3201,0.000000,0.000000,0.000000,above_band_high
2026-07-06T02:27:00Z,95.3338,0.000000,0.000000,0.000000,above_band_high
2026-07-06T02:28:00Z,95.3613,0.000000,0.000000,0.000000,above_band_high
2026-07-06T02:29:00Z,95.3613,0.000000,0.000000,0.000000,above_band_high
2026-07-06T02:30:00Z,95.3613,0.000000,0.000000,0.000000,above_band_high
2026-07-06T02:31:00Z,95.3536,0.000000,0.000000,0.000000,above_band_high
2026-07-06T02:32:00Z,95.3674,0.000000,0.000000,0.000000,above_band_high
2026-07-06T02:33:00Z,95.3262,0.000000,0.000000,0.000000,above_band_high
2026-07-06T02:34:00Z,95.3887,0.000000,0.000000,0.000000,above_band_high
2026-07-06T02:35:00Z,95.3491,0.000000,0.000000,0.000000,above_band_high
2026-07-06T02:36:00Z,95.3491,0.000000,0.000000,0.000000,above_band_high
2026-07-06T02:37:00Z,95.3750,0.000000,0.000000,0.000000,above_band_high
2026-07-06T02:38:00Z,95.3292,0.000000,0.000000,0.000000,above_band_high
2026-07-06T02:39:00Z,95.3353,0.000000,0.000000,0.000000,above_band_high
2026-07-06T02:40:00Z,95.3246,0.000000,0.000000,0.000000,above_band_high
2026-07-06T02:41:00Z,95.3216,0.000000,0.000000,0.000000,above_band_high
2026-07-06T02:42:00Z,95.3521,0.000000,0.000000,0.000000,above_band_high
2026-07-06T02:43:00Z,95.3704,0.000000,0.000000,0.000000,above_band_high
2026-07-06T02:44:00Z,95.3384,0.000000,0.000000,0.000000,above_band_high
2026-07-06T02:45:00Z,95.3429,0.000000,0.000000,0.000000,above_band_high
2026-07-06T02:46:00Z,95.3536,0.000000,0.000000,0.000000,above_band_high
2026-07-06T02:47:00Z,95.3613,0.000000,0.000000,0.000000,above_band_high
2026-07-06T02:48:00Z,95.3063,0.000000,0.000000,0.000000,above_band_high
2026-07-06T02:49:00Z,95.3338,0.000000,0.000000,0.000000,above_band_high
2026-07-06T02:50:00Z,95.3475,0.000000,0.000000,0.000000,above_band_high
2026-07-06T02:51:00Z,95.3521,0.000000,0.000000,0.000000,above_band_high
2026-07-06T02:52:00Z,95.3475,0.000000,0.000000,0.000000,above_band_high
2026-07-06T02:53:00Z,95.3353,0.000000,0.000000,0.000000,above_band_high
2026-07-06T02:54:00Z,95.3307,0.000000,0.000000,0.000000,above_band_high
2026-07-06T02:55:00Z,95.3292,0.000000,0.000000,0.000000,above_band_high
2026-07-06T02:56:00Z,95.3704,0.000000,0.000000,0.000000,above_band_high
2026-07-06T02:57:00Z,95.3353,0.000000,0.000000,0.000000,above_band_high
2026-07-06T02:58:00Z,95.3399,0.000000,0.000000,0.000000,above_band_high
2026-07-06T02:59:00Z,95.3796,0.000000,0.000000,0.000000,above_band_high
2026-07-06T03:00:00Z,95.3445,0.000000,0.000000,0.000000,above_band_high
2026-07-06T03:01:00Z,95.3887,0.000000,0.000000,0.000000,above_band_high
2026-07-06T03:02:00Z,95.3475,0.000000,0.000000,0.000000,above_band_high
2026-07-06T03:03:00Z,95.3796,0.000000,0.000000,0.000000,above_band_high
2026-07-06T03:04:00Z,95.3536,0.000000,0.000000,0.000000,above_band_high
2026-07-06T03:05:00Z,95.3628,0.000000,0.000000,0.000000,above_band_high
2026-07-06T03:06:00Z,95.3857,0.000000,0.000000,0.000000,above_band_high
2026-07-06T03:07:00Z,95.3887,0.000000,0.000000,0.000000,above_band_high
2026-07-06T03:08:00Z,95.3979,0.000000,0.000000,0.000000,above_band_high
2026-07-06T03:09:00Z,95.4116,0.000000,0.000000,0.000000,above_band_high
2026-07-06T03:10:00Z,95.3933,0.000000,0.000000,0.000000,above_band_high
2026-07-06T03:11:00Z,95.3902,0.000000,0.000000,0.000000,above_band_high
2026-07-06T03:12:00Z,95.3979,0.000000,0.000000,0.000000,above_band_high
2026-07-06T03:13:00Z,95.3902,0.000000,0.000000,0.000000,above_band_high
2026-07-06T03:14:00Z,95.3994,0.000000,0.000000,0.000000,above_band_high
2026-07-06T03:15:00Z,95.4040,0.000000,0.000000,0.000000,above_band_high
2026-07-06T03:16:00Z,95.4131,0.000000,0.000000,0.000000,above_band_high
2026-07-06T03:17:00Z,95.4116,0.000000,0.000000,0.000000,above_band_high
2026-07-06T03:18:00Z,95.4223,0.000000,0.000000,0.000000,above_band_high
2026-07-06T03:19:00Z,95.4391,0.000000,0.000000,0.000000,above_band_high
2026-07-06T03:20:00Z,95.4391,0.000000,0.000000,0.000000,above_band_high
2026-07-06T03:21:00Z,95.4452,0.000000,0.000000,0.000000,above_band_high
2026-07-06T03:22:00Z,95.4482,0.000000,0.000000,0.000000,above_band_high
2026-07-06T03:23:00Z,95.4726,0.000000,0.000000,0.000000,above_band_high
2026-07-06T03:24:00Z,95.4543,0.000000,0.000000,0.000000,above_band_high
2026-07-06T03:25:00Z,95.4681,0.000000,0.000000,0.000000,above_band_high
2026-07-06T03:26:00Z,95.4574,0.000000,0.000000,0.000000,above_band_high
2026-07-06T03:27:00Z,95.4681,0.000000,0.000000,0.000000,above_band_high
2026-07-06T03:28:00Z,95.4726,0.000000,0.000000,0.000000,above_band_high
2026-07-06T03:29:00Z,95.4894,0.000000,0.000000,0.000000,above_band_high
2026-07-06T03:30:00Z,95.4940,0.000000,0.000000,0.000000,above_band_high
2026-07-06T03:31:00Z,95.4803,0.000000,0.000000,0.000000,above_band_high
2026-07-06T03:32:00Z,95.4894,0.000000,0.000000,0.000000,above_band_high
2026-07-06T03:33:00Z,95.4864,0.000000,0.000000,0.000000,above_band_high
2026-07-06T03:34:00Z,95.4986,0.000000,0.000000,0.000000,above_band_high
2026-07-06T03:35:00Z,95.5261,0.000000,0.000000,0.000000,above_band_high
2026-07-06T03:36:00Z,95.4711,0.000000,0.000000,0.000000,above_band_high
2026-07-06T03:37:00Z,95.5093,0.000000,0.000000,0.000000,above_band_high
2026-07-06T03:38:00Z,95.5169,0.000000,0.000000,0.000000,above_band_high
2026-07-06T03:39:00Z,95.5032,0.000000,0.000000,0.000000,above_band_high
2026-07-06T03:40:00Z,95.4894,0.000000,0.000000,0.000000,above_band_high
2026-07-06T03:41:00Z,95.4681,0.000000,0.000000,0.000000,above_band_high
2026-07-06T03:42:00Z,95.4986,0.000000,0.000000,0.000000,above_band_high
2026-07-06T03:43:00Z,95.4864,0.000000,0.000000,0.000000,above_band_high
2026-07-06T03:44:00Z,95.4986,0.000000,0.000000,0.000000,above_band_high
2026-07-06T03:45:00Z,95.5138,0.000000,0.000000,0.000000,above_band_high
2026-07-06T03:46:00Z,95.4864,0.000000,0.000000,0.000000,above_band_high
2026-07-06T03:47:00Z,95.5032,0.000000,0.000000,0.000000,above_band_high
2026-07-06T03:48:00Z,95.5123,0.000000,0.000000,0.000000,above_band_high
2026-07-06T03:49:00Z,95.5077,0.000000,0.000000,0.000000,above_band_high
2026-07-06T03:50:00Z,95.4986,0.000000,0.000000,0.000000,above_band_high
2026-07-06T03:51:00Z,95.5032,0.000000,0.000000,0.000000,above_band_high
2026-07-06T03:52:00Z,95.5032,0.000000,0.000000,0.000000,above_band_high
2026-07-06T03:53:00Z,95.5138,0.000000,0.000000,0.000000,above_band_high
2026-07-06T03:54:00Z,95.5276,0.000000,0.000000,0.000000,above_band_high
2026-07-06T03:55:00Z,95.5215,0.000000,0.000000,0.000000,above_band_high
2026-07-06T03:56:00Z,95.5169,0.000000,0.000000,0.000000,above_band_high
2026-07-06T03:57:00Z,95.5093,0.000000,0.000000,0.000000,above_band_high
2026-07-06T03:58:00Z,95.5138,0.000000,0.000000,0.000000,above_band_high
2026-07-06T03:59:00Z,95.5276,0.000000,0.000000,0.000000,above_band_high
2026-07-06T04:00:00Z,95.5489,0.000000,0.000000,0.000000,above_band_high
2026-07-06T04:01:00Z,95.5077,0.000000,0.000000,0.000000,above_band_high
2026-07-06T04:02:00Z,95.5398,0.000000,0.000000,0.000000,above_band_high
2026-07-06T04:03:00Z,95.5138,0.000000,0.000000,0.000000,above_band_high
2026-07-06T04:04:00Z,95.5169,0.000000,0.000000,0.000000,above_band_high
2026-07-06T04:05:00Z,95.5261,0.000000,0.000000,0.000000,above_band_high
2026-07-06T04:06:00Z,95.5215,0.000000,0.000000,0.000000,above_band_high
2026-07-06T04:07:00Z,95.5215,0.000000,0.000000,0.000000,above_band_high
2026-07-06T04:08:00Z,95.5367,0.000000,0.000000,0.000000,above_band_high
2026-07-06T04:09:00Z,95.5581,0.000000,0.000000,0.000000,above_band_high
2026-07-06T04:10:00Z,95.5810,0.000000,0.000000,0.000000,above_band_high
2026-07-06T04:11:00Z,95.5261,0.000000,0.000000,0.000000,above_band_high
2026-07-06T04:12:00Z,95.5871,0.000000,0.000000,0.000000,above_band_high
2026-07-06T04:13:00Z,95.5596,0.000000,0.000000,0.000000,above_band_high
2026-07-06T04:14:00Z,95.5138,0.000000,0.000000,0.000000,above_band_high
2026-07-06T04:15:00Z,95.5459,0.000000,0.000000,0.000000,above_band_high
2026-07-06T04:16:00Z,95.5673,0.000000,0.000000,0.000000,above_band_high
2026-07-06T04:17:00Z,95.5734,0.000000,0.000000,0.000000,above_band_high
2026-07-06T04:18:00Z,95.5398,0.000000,0.000000,0.000000,above_band_high
2026-07-06T04:19:00Z,95.5688,0.000000,0.000000,0.000000,above_band_high
2026-07-06T04:20:00Z,95.5688,0.000000,0.000000,0.000000,above_band_high
2026-07-06T04:21:00Z,95.5764,0.000000,0.000000,0.000000,above_band_high
2026-07-06T04:22:00Z,95.6085,0.000000,0.000000,0.000000,above_band_high
2026-07-06T04:23:00Z,95.6039,0.000000,0.000000,0.000000,above_band_high
2026-07-06T04:24:00Z,95.5917,0.000000,0.000000,0.000000,above_band_high
2026-07-06T04:25:00Z,95.6313,0.000000,0.000000,0.000000,above_band_high
2026-07-06T04:26:00Z,95.6100,0.000000,0.000000,0.000000,above_band_high
2026-07-06T04:27:00Z,95.5993,0.000000,0.000000,0.000000,above_band_high
2026-07-06T04:28:00Z,95.6100,0.000000,0.000000,0.000000,above_band_high
2026-07-06T04:29:00Z,95.6100,0.000000,0.000000,0.000000,above_band_high
2026-07-06T04:30:00Z,95.5779,0.000000,0.000000,0.000000,above_band_high
2026-07-06T04:31:00Z,95.5962,0.000000,0.000000,0.000000,above_band_high
2026-07-06T04:32:00Z,95.5718,0.000000,0.000000,0.000000,above_band_high
2026-07-06T04:33:00Z,95.6039,0.000000,0.000000,0.000000,above_band_high
2026-07-06T04:34:00Z,95.5871,0.000000,0.000000,0.000000,above_band_high
2026-07-06T04:35:00Z,95.5993,0.000000,0.000000,0.000000,above_band_high
2026-07-06T04:36:00Z,95.6039,0.000000,0.000000,0.000000,above_band_high
2026-07-06T04:37:00Z,95.5810,0.000000,0.000000,0.000000,above_band_high
2026-07-06T04:38:00Z,95.6146,0.000000,0.000000,0.000000,above_band_high
2026-07-06T04:39:00Z,95.5856,0.000000,0.000000,0.000000,above_band_high
2026-07-06T04:40:00Z,95.6374,0.000000,0.000000,0.000000,above_band_high
2026-07-06T04:41:00Z,95.6085,0.000000,0.000000,0.000000,above_band_high
2026-07-06T04:42:00Z,95.5962,0.000000,0.000000,0.000000,above_band_high
2026-07-06T04:43:00Z,95.5734,0.000000,0.000000,0.000000,above_band_high
2026-07-06T04:44:00Z,95.6146,0.000000,0.000000,0.000000,above_band_high
2026-07-06T04:45:00Z,95.6008,0.000000,0.000000,0.000000,above_band_high
2026-07-06T04:46:00Z,95.5688,0.000000,0.000000,0.000000,above_band_high
2026-07-06T04:47:00Z,95.5962,0.000000,0.000000,0.000000,above_band_high
2026-07-06T04:48:00Z,95.6176,0.000000,0.000000,0.000000,above_band_high
2026-07-06T04:49:00Z,95.5917,0.000000,0.000000,0.000000,above_band_high
2026-07-06T04:50:00Z,95.5688,0.000000,0.000000,0.000000,above_band_high
2026-07-06T04:51:00Z,95.6100,0.000000,0.000000,0.000000,above_band_high
2026-07-06T04:52:00Z,95.5962,0.000000,0.000000,0.000000,above_band_high
2026-07-06T04:53:00Z,95.5901,0.000000,0.000000,0.000000,above_band_high
2026-07-06T04:54:00Z,95.6100,0.000000,0.000000,0.000000,above_band_high
2026-07-06T04:55:00Z,95.6054,0.000000,0.000000,0.000000,above_band_high
2026-07-06T04:56:00Z,95.6054,0.000000,0.000000,0.000000,above_band_high
2026-07-06T04:57:00Z,95.6039,0.000000,0.000000,0.000000,above_band_high
2026-07-06T04:58:00Z,95.5810,0.000000,0.000000,0.000000,above_band_high
2026-07-06T04:59:00Z,95.6329,0.000000,0.000000,0.000000,above_band_high
2026-07-06T05:00:00Z,95.6191,0.000000,0.000000,0.000000,above_band_high
2026-07-06T05:01:00Z,95.6222,0.000000,0.000000,0.000000,above_band_high
2026-07-06T05:02:00Z,95.6100,0.000000,0.000000,0.000000,above_band_high
2026-07-06T05:03:00Z,95.5962,0.000000,0.000000,0.000000,above_band_high
2026-07-06T05:04:00Z,95.5962,0.000000,0.000000,0.000000,above_band_high
2026-07-06T05:05:00Z,95.6191,0.000000,0.000000,0.000000,above_band_high
2026-07-06T05:06:00Z,95.5779,0.000000,0.000000,0.000000,above_band_high
2026-07-06T05:07:00Z,95.6237,0.000000,0.000000,0.000000,above_band_high
2026-07-06T05:08:00Z,95.6039,0.000000,0.000000,0.000000,above_band_high
2026-07-06T05:09:00Z,95.6313,0.000000,0.000000,0.000000,above_band_high
2026-07-06T05:10:00Z,95.5901,0.000000,0.000000,0.000000,above_band_high
2026-07-06T05:11:00Z,95.6313,0.000000,0.000000,0.000000,above_band_high
2026-07-06T05:12:00Z,95.6237,0.000000,0.000000,0.000000,above_band_high
2026-07-06T05:13:00Z,95.6191,0.000000,0.000000,0.000000,above_band_high
2026-07-06T05:14:00Z,95.6085,0.000000,0.000000,0.000000,above_band_high
2026-07-06T05:15:00Z,95.6268,0.000000,0.000000,0.000000,above_band_high
2026-07-06T05:16:00Z,95.6191,0.000000,0.000000,0.000000,above_band_high
2026-07-06T05:17:00Z,95.6085,0.000000,0.000000,0.000000,above_band_high
2026-07-06T05:18:00Z,95.6466,0.000000,0.000000,0.000000,above_band_high
2026-07-06T05:19:00Z,95.6970,0.000000,0.000000,0.000000,above_band_high
2026-07-06T05:20:00Z,95.6832,0.000000,0.000000,0.000000,above_band_high
2026-07-06T05:21:00Z,95.6497,0.000000,0.000000,0.000000,above_band_high
2026-07-06T05:22:00Z,95.6786,0.000000,0.000000,0.000000,above_band_high
2026-07-06T05:23:00Z,95.6741,0.000000,0.000000,0.000000,above_band_high
2026-07-06T05:24:00Z,95.6909,0.000000,0.000000,0.000000,above_band_high
2026-07-06T05:25:00Z,95.6771,0.000000,0.000000,0.000000,above_band_high
2026-07-06T05:26:00Z,95.6466,0.000000,0.000000,0.000000,above_band_high
2026-07-06T05:27:00Z,95.7015,0.000000,0.000000,0.000000,above_band_high
2026-07-06T05:28:00Z,95.7015,0.000000,0.000000,0.000000,above_band_high
2026-07-06T05:29:00Z,95.6863,0.000000,0.000000,0.000000,above_band_high
2026-07-06T05:30:00Z,95.7015,0.000000,0.000000,0.000000,above_band_high
2026-07-06T05:31:00Z,95.7244,0.000000,0.000000,0.000000,above_band_high
2026-07-06T05:32:00Z,95.6725,0.000000,0.000000,0.000000,above_band_high
2026-07-06T05:33:00Z,95.6725,0.000000,0.000000,0.000000,above_band_high
2026-07-06T05:34:00Z,95.7275,0.000000,0.000000,0.000000,above_band_high
2026-07-06T05:35:00Z,95.6863,0.000000,0.000000,0.000000,above_band_high
2026-07-06T05:36:00Z,95.6786,0.000000,0.000000,0.000000,above_band_high
2026-07-06T05:37:00Z,95.7015,0.000000,0.000000,0.000000,above_band_high
2026-07-06T05:38:00Z,95.6832,0.000000,0.000000,0.000000,above_band_high
2026-07-06T05:39:00Z,95.6832,0.000000,0.000000,0.000000,above_band_high
2026-07-06T05:40:00Z,95.6771,0.000000,0.000000,0.000000,above_band_high
2026-07-06T05:41:00Z,95.6786,0.000000,0.000000,0.000000,above_band_high
2026-07-06T05:42:00Z,95.6863,0.000000,0.000000,0.000000,above_band_high
2026-07-06T05:43:00Z,95.6817,0.000000,0.000000,0.000000,above_band_high
2026-07-06T05:44:00Z,95.6924,0.000000,0.000000,0.000000,above_band_high
2026-07-06T05:45:00Z,95.7015,0.000000,0.000000,0.000000,above_band_high
2026-07-06T05:46:00Z,95.7015,0.000000,0.000000,0.000000,above_band_high
2026-07-06T05:47:00Z,95.6786,0.000000,0.000000,0.000000,above_band_high
2026-07-06T05:48:00Z,95.6863,0.000000,0.000000,0.000000,above_band_high
2026-07-06T05:49:00Z,95.7061,0.000000,0.000000,0.000000,above_band_high
2026-07-06T05:50:00Z,95.6741,0.000000,0.000000,0.000000,above_band_high
2026-07-06T05:51:00Z,95.7015,0.000000,0.000000,0.000000,above_band_high
2026-07-06T05:52:00Z,95.6863,0.000000,0.000000,0.000000,above_band_high
2026-07-06T05:53:00Z,95.6832,0.000000,0.000000,0.000000,above_band_high
2026-07-06T05:54:00Z,95.6680,0.000000,0.000000,0.000000,above_band_high
2026-07-06T05:55:00Z,95.6863,0.000000,0.000000,0.000000,above_band_high
2026-07-06T05:56:00Z,95.7046,0.000000,0.000000,0.000000,above_band_high
2026-07-06T05:57:00Z,95.6954,0.000000,0.000000,0.000000,above_band_high
2026-07-06T05:58:00Z,95.6970,0.000000,0.000000,0.000000,above_band_high
2026-07-06T05:59:00Z,95.6680,0.000000,0.000000,0.000000,above_band_high
2026-07-06T06:00:00Z,95.7366,0.000000,0.000000,0.000000,above_band_high
2026-07-06T06:01:00Z,95.7107,0.000000,0.000000,0.000000,above_band_high
2026-07-06T06:02:00Z,95.7046,0.000000,0.000000,0.000000,above_band_high
2026-07-06T06:03:00Z,95.7183,0.000000,0.000000,0.000000,above_band_high
2026-07-06T06:04:00Z,95.7198,0.000000,0.000000,0.000000,above_band_high
2026-07-06T06:05:00Z,95.7061,0.000000,0.000000,0.000000,above_band_high
2026-07-06T06:06:00Z,95.6909,0.000000,0.000000,0.000000,above_band_high
2026-07-06T06:07:00Z,95.7198,0.000000,0.000000,0.000000,above_band_high
2026-07-06T06:08:00Z,95.7275,0.000000,0.000000,0.000000,above_band_high
2026-07-06T06:09:00Z,95.6970,0.000000,0.000000,0.000000,above_band_high
2026-07-06T06:10:00Z,95.7000,0.000000,0.000000,0.000000,above_band_high
2026-07-06T06:11:00Z,95.7275,0.000000,0.000000,0.000000,above_band_high
2026-07-06T06:12:00Z,95.7275,0.000000,0.000000,0.000000,above_band_high
2026-07-06T06:13:00Z,95.7427,0.000000,0.000000,0.000000,above_band_high
2026-07-06T06:14:00Z,95.7382,0.000000,0.000000,0.000000,above_band_high
2026-07-06T06:15:00Z,95.7382,0.000000,0.000000,0.000000,above_band_high
2026-07-06T06:16:00Z,95.7137,0.000000,0.000000,0.000000,above_band_high
2026-07-06T06:17:00Z,95.7153,0.000000,0.000000,0.000000,above_band_high
2026-07-06T06:18:00Z,95.7244,0.000000,0.000000,0.000000,above_band_high
2026-07-06T06:19:00Z,95.7916,0.000000,0.000000,0.000000,above_band_high
2026-07-06T06:20:00Z,95.7702,0.000000,0.000000,0.000000,above_band_high
2026-07-06T06:21:00Z,95.7382,0.000000,0.000000,0.000000,above_band_high
2026-07-06T06:22:00Z,95.7504,0.000000,0.000000,0.000000,above_band_high
2026-07-06T06:23:00Z,95.7794,0.000000,0.000000,0.000000,above_band_high
2026-07-06T06:24:00Z,95.7366,0.000000,0.000000,0.000000,above_band_high
2026-07-06T06:25:00Z,95.7794,0.000000,0.000000,0.000000,above_band_high
2026-07-06T06:26:00Z,95.7427,0.000000,0.000000,0.000000,above_band_high
2026-07-06T06:27:00Z,95.7702,0.000000,0.000000,0.000000,above_band_high
2026-07-06T06:28:00Z,95.7977,0.000000,0.000000,0.000000,above_band_high
2026-07-06T06:29:00Z,95.8206,0.000000,0.000000,0.000000,above_band_high
2026-07-06T06:30:00Z,95.7870,0.000000,0.000000,0.000000,above_band_high
2026-07-06T06:31:00Z,95.7870,0.000000,0.000000,0.000000,above_band_high
2026-07-06T06:32:00Z,95.7794,0.000000,0.000000,0.000000,above_band_high
2026-07-06T06:33:00Z,95.8068,0.000000,0.000000,0.000000,above_band_high
2026-07-06T06:34:00Z,95.7656,0.000000,0.000000,0.000000,above_band_high
2026-07-06T06:35:00Z,95.8068,0.000000,0.000000,0.000000,above_band_high
2026-07-06T06:36:00Z,95.7961,0.000000,0.000000,0.000000,above_band_high
2026-07-06T06:37:00Z,95.7870,0.000000,0.000000,0.000000,above_band_high
2026-07-06T06:38:00Z,95.7794,0.000000,0.000000,0.000000,above_band_high
2026-07-06T06:39:00Z,95.7565,0.000000,0.000000,0.000000,above_band_high
2026-07-06T06:40:00Z,95.8145,0.000000,0.000000,0.000000,above_band_high
2026-07-06T06:41:00Z,95.7977,0.000000,0.000000,0.000000,above_band_high
2026-07-06T06:42:00Z,95.7916,0.000000,0.000000,0.000000,above_band_high
2026-07-06T06:43:00Z,95.8190,0.000000,0.000000,0.000000,above_band_high
2026-07-06T06:44:00Z,95.7916,0.000000,0.000000,0.000000,above_band_high
2026-07-06T06:45:00Z,95.8007,0.000000,0.000000,0.000000,above_band_high
2026-07-06T06:46:00Z,95.7839,0.000000,0.000000,0.000000,above_band_high
2026-07-06T06:47:00Z,95.7961,0.000000,0.000000,0.000000,above_band_high
2026-07-06T06:48:00Z,95.7748,0.000000,0.000000,0.000000,above_band_high
2026-07-06T06:49:00Z,95.7733,0.000000,0.000000,0.000000,above_band_high
2026-07-06T06:50:00Z,95.8251,0.000000,0.000000,0.000000,above_band_high
2026-07-06T06:51:00Z,95.7870,0.000000,0.000000,0.000000,above_band_high
2026-07-06T06:52:00Z,95.7687,0.000000,0.000000,0.000000,above_band_high
2026-07-06T06:53:00Z,95.8068,0.000000,0.000000,0.000000,above_band_high
2026-07-06T06:54:00Z,95.8022,0.000000,0.000000,0.000000,above_band_high
2026-07-06T06:55:00Z,95.8099,0.000000,0.000000,0.000000,above_band_high
2026-07-06T06:56:00Z,95.8480,0.000000,0.000000,0.000000,above_band_high
2026-07-06T06:57:00Z,95.8251,0.000000,0.000000,0.000000,above_band_high
2026-07-06T06:58:00Z,95.8206,0.000000,0.000000,0.000000,above_band_high
2026-07-06T06:59:00Z,95.7839,0.000000,0.000000,0.000000,above_band_high
2026-07-06T07:00:00Z,95.8328,0.000000,0.000000,0.000000,above_band_high
2026-07-06T07:01:00Z,95.8160,0.000000,0.000000,0.000000,above_band_high
2026-07-06T07:02:00Z,95.8068,0.000000,0.000000,0.000000,above_band_high
2026-07-06T07:03:00Z,95.8373,0.000000,0.000000,0.000000,above_band_high
2026-07-06T07:04:00Z,95.8099,0.000000,0.000000,0.000000,above_band_high
2026-07-06T07:05:00Z,95.8282,0.000000,0.000000,0.000000,above_band_high
2026-07-06T07:06:00Z,95.8099,0.000000,0.000000,0.000000,above_band_high
2026-07-06T07:07:00Z,95.8190,0.000000,0.000000,0.000000,above_band_high
2026-07-06T07:08:00Z,95.8145,0.000000,0.000000,0.000000,above_band_high
2026-07-06T07:09:00Z,95.8556,0.000000,0.000000,0.000000,above_band_high
2026-07-06T07:10:00Z,95.8251,0.000000,0.000000,0.000000,above_band_high
2026-07-06T07:11:00Z,95.8282,0.000000,0.000000,0.000000,above_band_high
2026-07-06T07:12:00Z,95.8465,0.000000,0.000000,0.000000,above_band_high
2026-07-06T07:13:00Z,95.8251,0.000000,0.000000,0.000000,above_band_high
2026-07-06T07:14:00Z,95.8602,0.000000,0.000000,0.000000,above_band_high
2026-07-06T07:15:00Z,95.8785,0.000000,0.000000,0.000000,above_band_high
2026-07-06T07:16:00Z,95.8526,0.000000,0.000000,0.000000,above_band_high
2026-07-06T07:17:00Z,95.8160,0.000000,0.000000,0.000000,above_band_high
2026-07-06T07:18:00Z,95.8526,0.000000,0.000000,0.000000,above_band_high
2026-07-06T07:19:00Z,95.8526,0.000000,0.000000,0.000000,above_band_high
2026-07-06T07:20:00Z,95.8694,0.000000,0.000000,0.000000,above_band_high
2026-07-06T07:21:00Z,95.8618,0.000000,0.000000,0.000000,above_band_high
2026-07-06T07:22:00Z,95.8694,0.000000,0.000000,0.000000,above_band_high
2026-07-06T07:23:00Z,95.8846,0.000000,0.000000,0.000000,above_band_high
2026-07-06T07:24:00Z,95.8694,0.000000,0.000000,0.000000,above_band_high
2026-07-06T07:25:00Z,95.8694,0.000000,0.000000,0.000000,above_band_high
2026-07-06T07:26:00Z,95.8801,0.000000,0.000000,0.000000,above_band_high
2026-07-06T07:27:00Z,95.8618,0.000000,0.000000,0.000000,above_band_high
2026-07-06T07:28:00Z,95.8694,0.000000,0.000000,0.000000,above_band_high
2026-07-06T07:29:00Z,95.8755,0.000000,0.000000,0.000000,above_band_high
2026-07-06T07:30:00Z,95.8740,0.000000,0.000000,0.000000,above_band_high
2026-07-06T07:31:00Z,95.8892,0.000000,0.000000,0.000000,above_band_high
2026-07-06T07:32:00Z,95.8755,0.000000,0.000000,0.000000,above_band_high
2026-07-06T07:33:00Z,95.9030,0.000000,0.000000,0.000000,above_band_high
2026-07-06T07:34:00Z,95.8892,0.000000,0.000000,0.000000,above_band_high
2026-07-06T07:35:00Z,95.8602,0.000000,0.000000,0.000000,above_band_high
2026-07-06T07:36:00Z,95.9030,0.000000,0.000000,0.000000,above_band_high
2026-07-06T07:37:00Z,95.8602,0.000000,0.000000,0.000000,above_band_high
2026-07-06T07:38:00Z,95.8618,0.000000,0.000000,0.000000,above_band_high
2026-07-06T07:39:00Z,95.8663,0.000000,0.000000,0.000000,above_band_high
2026-07-06T07:40:00Z,95.8663,0.000000,0.000000,0.000000,above_band_high
2026-07-06T07:41:00Z,95.8480,0.000000,0.000000,0.000000,above_band_high
2026-07-06T07:42:00Z,95.8373,0.000000,0.000000,0.000000,above_band_high
2026-07-06T07:43:00Z,95.8663,0.000000,0.000000,0.000000,above_band_high
2026-07-06T07:44:00Z,95.8740,0.000000,0.000000,0.000000,above_band_high
2026-07-06T07:45:00Z,95.8480,0.000000,0.000000,0.000000,above_band_high
2026-07-06T07:46:00Z,95.8740,0.000000,0.000000,0.000000,above_band_high
2026-07-06T07:47:00Z,95.8694,0.000000,0.000000,0.000000,above_band_high
2026-07-06T07:48:00Z,95.8373,0.000000,0.000000,0.000000,above_band_high
2026-07-06T07:49:00Z,95.8618,0.000000,0.000000,0.000000,above_band_high
2026-07-06T07:50:00Z,95.8556,0.000000,0.000000,0.000000,above_band_high
2026-07-06T07:51:00Z,95.8618,0.000000,0.000000,0.000000,above_band_high
2026-07-06T07:52:00Z,95.8511,0.000000,0.000000,0.000000,above_band_high
2026-07-06T07:53:00Z,95.8846,0.000000,0.000000,0.000000,above_band_high
2026-07-06T07:54:00Z,95.8801,0.000000,0.000000,0.000000,above_band_high
2026-07-06T07:55:00Z,95.8282,0.000000,0.000000,0.000000,above_band_high
2026-07-06T07:56:00Z,95.8846,0.000000,0.000000,0.000000,above_band_high
2026-07-06T07:57:00Z,95.8709,0.000000,0.000000,0.000000,above_band_high
2026-07-06T07:58:00Z,95.8434,0.000000,0.000000,0.000000,above_band_high
2026-07-06T07:59:00Z,95.8389,0.000000,0.000000,0.000000,above_band_high
2026-07-06T08:00:00Z,95.8694,0.000000,0.000000,0.000000,above_band_high
2026-07-06T08:01:00Z,95.8389,0.000000,0.000000,0.000000,above_band_high
2026-07-06T08:02:00Z,95.8663,0.000000,0.000000,0.000000,above_band_high
2026-07-06T08:03:00Z,95.8923,0.000000,0.000000,0.000000,above_band_high
2026-07-06T08:04:00Z,95.8419,0.000000,0.000000,0.000000,above_band_high
2026-07-06T08:05:00Z,95.8465,0.000000,0.000000,0.000000,above_band_high
2026-07-06T08:06:00Z,95.8831,0.000000,0.000000,0.000000,above_band_high
2026-07-06T08:07:00Z,95.8968,0.000000,0.000000,0.000000,above_band_high
2026-07-06T08:08:00Z,95.8556,0.000000,0.000000,0.000000,above_band_high
2026-07-06T08:09:00Z,95.8892,0.000000,0.000000,0.000000,above_band_high
2026-07-06T08:10:00Z,95.8755,0.000000,0.000000,0.000000,above_band_high
2026-07-06T08:11:00Z,95.8511,0.000000,0.000000,0.000000,above_band_high
2026-07-06T08:12:00Z,95.8984,0.000000,0.000000,0.000000,above_band_high
2026-07-06T08:13:00Z,95.8572,0.000000,0.000000,0.000000,above_band_high
2026-07-06T08:14:00Z,95.8694,0.000000,0.000000,0.000000,above_band_high
2026-07-06T08:15:00Z,95.8801,0.000000,0.000000,0.000000,above_band_high
2026-07-06T08:16:00Z,95.9060,0.000000,0.000000,0.000000,above_band_high
2026-07-06T08:17:00Z,95.8984,0.000000,0.000000,0.000000,above_band_high
2026-07-06T08:18:00Z,95.9060,0.000000,0.000000,0.000000,above_band_high
2026-07-06T08:19:00Z,95.8663,0.000000,0.000000,0.000000,above_band_high
2026-07-06T08:20:00Z,95.9014,0.000000,0.000000,0.000000,above_band_high
2026-07-06T08:21:00Z,95.8755,0.000000,0.000000,0.000000,above_band_high
2026-07-06T08:22:00Z,95.9075,0.000000,0.000000,0.000000,above_band_high
2026-07-06T08:23:00Z,95.9152,0.000000,0.000000,0.000000,above_band_high
2026-07-06T08:24:00Z,95.9075,0.000000,0.000000,0.000000,above_band_high
2026-07-06T08:25:00Z,95.9075,0.000000,0.000000,0.000000,above_band_high
2026-07-06T08:26:00Z,95.8984,0.000000,0.000000,0.000000,above_band_high
2026-07-06T08:27:00Z,95.9258,0.000000,0.000000,0.000000,above_band_high
2026-07-06T08:28:00Z,95.9167,0.000000,0.000000,0.000000,above_band_high
2026-07-06T08:29:00Z,95.9030,0.000000,0.000000,0.000000,above_band_high
2026-07-06T08:30:00Z,95.9380,0.000000,0.000000,0.000000,above_band_high
2026-07-06T08:31:00Z,95.8968,0.000000,0.000000,0.000000,above_band_high
2026-07-06T08:32:00Z,95.9380,0.000000,0.000000,0.000000,above_band_high
2026-07-06T08:33:00Z,95.9014,0.000000,0.000000,0.000000,above_band_high
2026-07-06T08:34:00Z,95.9564,0.000000,0.000000,0.000000,above_band_high
2026-07-06T08:35:00Z,95.9030,0.000000,0.000000,0.000000,above_band_high
2026-07-06T08:36:00Z,95.9030,0.000000,0.000000,0.000000,above_band_high
2026-07-06T08:37:00Z,95.9075,0.000000,0.000000,0.000000,above_band_high
2026-07-06T08:38:00Z,95.9167,0.000000,0.000000,0.000000,above_band_high
2026-07-06T08:39:00Z,95.8938,0.000000,0.000000,0.000000,above_band_high
2026-07-06T08:40:00Z,95.9106,0.000000,0.000000,0.000000,above_band_high
2026-07-06T08:41:00Z,95.8877,0.000000,0.000000,0.000000,above_band_high
2026-07-06T08:42:00Z,95.9304,0.000000,0.000000,0.000000,above_band_high
2026-07-06T08:43:00Z,95.9258,0.000000,0.000000,0.000000,above_band_high
2026-07-06T08:44:00Z,95.9335,0.000000,0.000000,0.000000,above_band_high
2026-07-06T08:45:00Z,95.9258,0.000000,0.000000,0.000000,above_band_high
2026-07-06T08:46:00Z,95.9060,0.000000,0.000000,0.000000,above_band_high
2026-07-06T08:47:00Z,95.9426,0.000000,0.000000,0.000000,above_band_high
2026-07-06T08:48:00Z,95.9442,0.000000,0.000000,0.000000,above_band_high
2026-07-06T08:49:00Z,95.9335,0.000000,0.000000,0.000000,above_band_high
2026-07-06T08:50:00Z,95.9335,0.000000,0.000000,0.000000,above_band_high
2026-07-06T08:51:00Z,95.9304,0.000000,0.000000,0.000000,above_band_high
2026-07-06T08:52:00Z,95.9167,0.000000,0.000000,0.000000,above_band_high
2026-07-06T08:53:00Z,95.9518,0.000000,0.000000,0.000000,above_band_high
2026-07-06T08:54:00Z,95.9060,0.000000,0.000000,0.000000,above_band_high
2026-07-06T08:55:00Z,95.9579,0.000000,0.000000,0.000000,above_band_high
2026-07-06T08:56:00Z,95.9121,0.000000,0.000000,0.000000,above_band_high
2026-07-06T08:57:00Z,95.8923,0.000000,0.000000,0.000000,above_band_high
2026-07-06T08:58:00Z,95.9121,0.000000,0.000000,0.000000,above_band_high
2026-07-06T08:59:00Z,95.9396,0.000000,0.000000,0.000000,above_band_high
2026-07-06T09:00:00Z,95.9213,0.000000,0.000000,0.000000,above_band_high
2026-07-06T09:01:00Z,95.9472,0.000000,0.000000,0.000000,above_band_high
2026-07-06T09:02:00Z,95.9289,0.000000,0.000000,0.000000,above_band_high
2026-07-06T09:03:00Z,95.9258,0.000000,0.000000,0.000000,above_band_high
2026-07-06T09:04:00Z,95.9396,0.000000,0.000000,0.000000,above_band_high
2026-07-06T09:05:00Z,95.9075,0.000000,0.000000,0.000000,above_band_high
2026-07-06T09:06:00Z,95.9625,0.000000,0.000000,0.000000,above_band_high
2026-07-06T09:07:00Z,95.9625,0.000000,0.000000,0.000000,above_band_high
2026-07-06T09:08:00Z,95.9152,0.000000,0.000000,0.000000,above_band_high
2026-07-06T09:09:00Z,95.9106,0.000000,0.000000,0.000000,above_band_high
2026-07-06T09:10:00Z,95.9014,0.000000,0.000000,0.000000,above_band_high
2026-07-06T09:11:00Z,95.9289,0.000000,0.000000,0.000000,above_band_high
2026-07-06T09:12:00Z,95.8892,0.000000,0.000000,0.000000,above_band_high
2026-07-06T09:13:00Z,95.8923,0.000000,0.000000,0.000000,above_band_high
2026-07-06T09:14:00Z,95.9213,0.000000,0.000000,0.000000,above_band_high
2026-07-06T09:15:00Z,95.9289,0.000000,0.000000,0.000000,above_band_high
2026-07-06T09:16:00Z,95.9304,0.000000,0.000000,0.000000,above_band_high
2026-07-06T09:17:00Z,95.9258,0.000000,0.000000,0.000000,above_band_high
2026-07-06T09:18:00Z,95.9426,0.000000,0.000000,0.000000,above_band_high
2026-07-06T09:19:00Z,95.9426,0.000000,0.000000,0.000000,above_band_high
2026-07-06T09:20:00Z,95.9350,0.000000,0.000000,0.000000,above_band_high
2026-07-06T09:21:00Z,95.8892,0.000000,0.000000,0.000000,above_band_high
2026-07-06T09:22:00Z,95.9167,0.000000,0.000000,0.000000,above_band_high
2026-07-06T09:23:00Z,95.8968,0.000000,0.000000,0.000000,above_band_high
2026-07-06T09:24:00Z,95.9380,0.000000,0.000000,0.000000,above_band_high
2026-07-06T09:25:00Z,95.9426,0.000000,0.000000,0.000000,above_band_high
2026-07-06T09:26:00Z,95.9304,0.000000,0.000000,0.000000,above_band_high
2026-07-06T09:27:00Z,95.9396,0.000000,0.000000,0.000000,above_band_high
2026-07-06T09:28:00Z,95.9258,0.000000,0.000000,0.000000,above_band_high
2026-07-06T09:29:00Z,95.9213,0.000000,0.000000,0.000000,above_band_high
2026-07-06T09:30:00Z,95.9167,0.000000,0.000000,0.000000,above_band_high
2026-07-06T09:31:00Z,95.9213,0.000000,0.000000,0.000000,above_band_high
2026-07-06T09:32:00Z,95.9533,0.000000,0.000000,0.000000,above_band_high
2026-07-06T09:33:00Z,95.9243,0.000000,0.000000,0.000000,above_band_high
2026-07-06T09:34:00Z,95.9243,0.000000,0.000000,0.000000,above_band_high
2026-07-06T09:35:00Z,95.9289,0.000000,0.000000,0.000000,above_band_high
2026-07-06T09:36:00Z,95.9167,0.000000,0.000000,0.000000,above_band_high
2026-07-06T09:37:00Z,95.9380,0.000000,0.000000,0.000000,above_band_high
2026-07-06T09:38:00Z,95.9258,0.000000,0.000000,0.000000,above_band_high
2026-07-06T09:39:00Z,95.8755,0.000000,0.000000,0.000000,above_band_high
2026-07-06T09:40:00Z,95.9060,0.000000,0.000000,0.000000,above_band_high
2026-07-06T09:41:00Z,95.9014,0.000000,0.000000,0.000000,above_band_high
2026-07-06T09:42:00Z,95.9121,0.000000,0.000000,0.000000,above_band_high
2026-07-06T09:43:00Z,95.9075,0.000000,0.000000,0.000000,above_band_high
2026-07-06T09:44:00Z,95.9335,0.000000,0.000000,0.000000,above_band_high
2026-07-06T09:45:00Z,95.9197,0.000000,0.000000,0.000000,above_band_high
2026-07-06T09:46:00Z,95.9380,0.000000,0.000000,0.000000,above_band_high
2026-07-06T09:47:00Z,95.9243,0.000000,0.000000,0.000000,above_band_high
2026-07-06T09:48:00Z,95.9014,0.000000,0.000000,0.000000,above_band_high
2026-07-06T09:49:00Z,95.9167,0.000000,0.000000,0.000000,above_band_high
2026-07-06T09:50:00Z,95.9014,0.000000,0.000000,0.000000,above_band_high
2026-07-06T09:51:00Z,95.9304,0.000000,0.000000,0.000000,above_band_high
2026-07-06T09:52:00Z,95.9167,0.000000,0.000000,0.000000,above_band_high
2026-07-06T09:53:00Z,95.8846,0.000000,0.000000,0.000000,above_band_high
2026-07-06T09:54:00Z,95.8755,0.000000,0.000000,0.000000,above_band_high
2026-07-06T09:55:00Z,95.9014,0.000000,0.000000,0.000000,above_band_high
2026-07-06T09:56:00Z,95.8740,0.000000,0.000000,0.000000,above_band_high
2026-07-06T09:57:00Z,95.9060,0.000000,0.000000,0.000000,above_band_high
2026-07-06T09:58:00Z,95.8740,0.000000,0.000000,0.000000,above_band_high
2026-07-06T09:59:00Z,95.8709,0.000000,0.000000,0.000000,above_band_high
2026-07-06T10:00:00Z,95.8801,0.000000,0.000000,0.000000,above_band_high
2026-07-06T10:01:00Z,95.8846,0.000000,0.000000,0.000000,above_band_high
2026-07-06T10:02:00Z,95.9060,0.000000,0.000000,0.000000,above_band_high
2026-07-06T10:03:00Z,95.8877,0.000000,0.000000,0.000000,above_band_high
2026-07-06T10:04:00Z,95.9075,0.000000,0.000000,0.000000,above_band_high
2026-07-06T10:05:00Z,95.9075,0.000000,0.000000,0.000000,above_band_high
2026-07-06T10:06:00Z,95.8968,0.000000,0.000000,0.000000,above_band_high
2026-07-06T10:07:00Z,95.9106,0.000000,0.000000,0.000000,above_band_high
2026-07-06T10:08:00Z,95.9075,0.000000,0.000000,0.000000,above_band_high
2026-07-06T10:09:00Z,95.8755,0.000000,0.000000,0.000000,above_band_high
2026-07-06T10:10:00Z,95.9106,0.000000,0.000000,0.000000,above_band_high
2026-07-06T10:11:00Z,95.9075,0.000000,0.000000,0.000000,above_band_high
2026-07-06T10:12:00Z,95.8892,0.000000,0.000000,0.000000,above_band_high
2026-07-06T10:13:00Z,95.8831,0.000000,0.000000,0.000000,above_band_high
2026-07-06T10:14:00Z,95.8709,0.000000,0.000000,0.000000,above_band_high
2026-07-06T10:15:00Z,95.8785,0.000000,0.000000,0.000000,above_band_high
2026-07-06T10:16:00Z,95.8801,0.000000,0.000000,0.000000,above_band_high
2026-07-06T10:17:00Z,95.8923,0.000000,0.000000,0.000000,above_band_high
2026-07-06T10:18:00Z,95.8923,0.000000,0.000000,0.000000,above_band_high
2026-07-06T10:19:00Z,95.8892,0.000000,0.000000,0.000000,above_band_high
2026-07-06T10:20:00Z,95.9197,0.000000,0.000000,0.000000,above_band_high
2026-07-06T10:21:00Z,95.9213,0.000000,0.000000,0.000000,above_band_high
2026-07-06T10:22:00Z,95.9014,0.000000,0.000000,0.000000,above_band_high
2026-07-06T10:23:00Z,95.8968,0.000000,0.000000,0.000000,above_band_high
2026-07-06T10:24:00Z,95.9106,0.000000,0.000000,0.000000,above_band_high
2026-07-06T10:25:00Z,95.9152,0.000000,0.000000,0.000000,above_band_high
2026-07-06T10:26:00Z,95.9197,0.000000,0.000000,0.000000,above_band_high
2026-07-06T10:27:00Z,95.9258,0.000000,0.000000,0.000000,above_band_high
2026-07-06T10:28:00Z,95.9304,0.000000,0.000000,0.000000,above_band_high
2026-07-06T10:29:00Z,95.9197,0.000000,0.000000,0.000000,above_band_high
2026-07-06T10:30:00Z,95.9304,0.000000,0.000000,0.000000,above_band_high
2026-07-06T10:31:00Z,95.9213,0.000000,0.000000,0.000000,above_band_high
2026-07-06T10:32:00Z,95.9380,0.000000,0.000000,0.000000,above_band_high
2026-07-06T10:33:00Z,95.9304,0.000000,0.000000,0.000000,above_band_high
2026-07-06T10:34:00Z,95.9030,0.000000,0.000000,0.000000,above_band_high
2026-07-06T10:35:00Z,95.9167,0.000000,0.000000,0.000000,above_band_high
2026-07-06T10:36:00Z,95.9518,0.000000,0.000000,0.000000,above_band_high
2026-07-06T10:37:00Z,95.9258,0.000000,0.000000,0.000000,above_band_high
2026-07-06T10:38:00Z,95.9152,0.000000,0.000000,0.000000,above_band_high
2026-07-06T10:39:00Z,95.9258,0.000000,0.000000,0.000000,above_band_high
2026-07-06T10:40:00Z,95.9121,0.000000,0.000000,0.000000,above_band_high
2026-07-06T10:41:00Z,95.9152,0.000000,0.000000,0.000000,above_band_high
2026-07-06T10:42:00Z,95.9060,0.000000,0.000000,0.000000,above_band_high
2026-07-06T10:43:00Z,95.8984,0.000000,0.000000,0.000000,above_band_high
2026-07-06T10:44:00Z,95.8968,0.000000,0.000000,0.000000,above_band_high
2026-07-06T10:45:00Z,95.8846,0.000000,0.000000,0.000000,above_band_high
2026-07-06T10:46:00Z,95.9350,0.000000,0.000000,0.000000,above_band_high
2026-07-06T10:47:00Z,95.8801,0.000000,0.000000,0.000000,above_band_high
2026-07-06T10:48:00Z,95.8801,0.000000,0.000000,0.000000,above_band_high
2026-07-06T10:49:00Z,95.9152,0.000000,0.000000,0.000000,above_band_high
2026-07-06T10:50:00Z,95.9152,0.000000,0.000000,0.000000,above_band_high
2026-07-06T10:51:00Z,95.9243,0.000000,0.000000,0.000000,above_band_high
2026-07-06T10:52:00Z,95.9152,0.000000,0.000000,0.000000,above_band_high
2026-07-06T10:53:00Z,95.9243,0.000000,0.000000,0.000000,above_band_high
2026-07-06T10:54:00Z,95.8923,0.000000,0.000000,0.000000,above_band_high
2026-07-06T10:55:00Z,95.8968,0.000000,0.000000,0.000000,above_band_high
2026-07-06T10:56:00Z,95.9060,0.000000,0.000000,0.000000,above_band_high
2026-07-06T10:57:00Z,95.9030,0.000000,0.000000,0.000000,above_band_high
2026-07-06T10:58:00Z,95.8923,0.000000,0.000000,0.000000,above_band_high
2026-07-06T10:59:00Z,95.9213,0.000000,0.000000,0.000000,above_band_high
2026-07-06T11:00:00Z,95.8923,0.000000,0.000000,0.000000,above_band_high
2026-07-06T11:01:00Z,95.9106,0.000000,0.000000,0.000000,above_band_high
2026-07-06T11:02:00Z,95.8984,0.000000,0.000000,0.000000,above_band_high
2026-07-06T11:03:00Z,95.8877,0.000000,0.000000,0.000000,above_band_high
2026-07-06T11:04:00Z,95.9213,0.000000,0.000000,0.000000,above_band_high
2026-07-06T11:05:00Z,95.9289,0.000000,0.000000,0.000000,above_band_high
2026-07-06T11:06:00Z,95.9060,0.000000,0.000000,0.000000,above_band_high
2026-07-06T11:07:00Z,95.9289,0.000000,0.000000,0.000000,above_band_high
2026-07-06T11:08:00Z,95.9167,0.000000,0.000000,0.000000,above_band_high
2026-07-06T11:09:00Z,95.9213,0.000000,0.000000,0.000000,above_band_high
2026-07-06T11:10:00Z,95.8938,0.000000,0.000000,0.000000,above_band_high
2026-07-06T11:11:00Z,95.8892,0.000000,0.000000,0.000000,above_band_high
2026-07-06T11:12:00Z,95.9167,0.000000,0.000000,0.000000,above_band_high
2026-07-06T11:13:00Z,95.9304,0.000000,0.000000,0.000000,above_band_high
2026-07-06T11:14:00Z,95.9335,0.000000,0.000000,0.000000,above_band_high
2026-07-06T11:15:00Z,95.8984,0.000000,0.000000,0.000000,above_band_high
2026-07-06T11:16:00Z,95.9442,0.000000,0.000000,0.000000,above_band_high
2026-07-06T11:17:00Z,95.9472,0.000000,0.000000,0.000000,above_band_high
2026-07-06T11:18:00Z,95.9442,0.000000,0.000000,0.000000,above_band_high
2026-07-06T11:19:00Z,95.9472,0.000000,0.000000,0.000000,above_band_high
2026-07-06T11:20:00Z,95.9564,0.000000,0.000000,0.000000,above_band_high
2026-07-06T11:21:00Z,95.9716,0.000000,0.000000,0.000000,above_band_high
2026-07-06T11:22:00Z,96.0037,0.000000,0.000000,0.000000,above_band_high
2026-07-06T11:23:00Z,95.9930,0.000000,0.000000,0.000000,above_band_high
2026-07-06T11:24:00Z,96.0174,0.000000,0.000000,0.000000,above_band_high
2026-07-06T11:25:00Z,96.0220,0.000000,0.000000,0.000000,above_band_high
2026-07-06T11:26:00Z,96.0037,0.000000,0.000000,0.000000,above_band_high
2026-07-06T11:27:00Z,96.0113,0.000000,0.000000,0.000000,above_band_high
2026-07-06T11:28:00Z,96.0632,0.000000,0.000000,0.000000,above_band_high
2026-07-06T11:29:00Z,96.0250,0.000000,0.000000,0.000000,above_band_high
2026-07-06T11:30:00Z,96.0296,0.000000,0.000000,0.000000,above_band_high
2026-07-06T11:31:00Z,96.0021,0.000000,0.000000,0.000000,above_band_high
2026-07-06T11:32:00Z,96.0174,0.000000,0.000000,0.000000,above_band_high
2026-07-06T11:33:00Z,96.0037,0.000000,0.000000,0.000000,above_band_high
2026-07-06T11:34:00Z,95.9884,0.000000,0.000000,0.000000,above_band_high
2026-07-06T11:35:00Z,96.0082,0.000000,0.000000,0.000000,above_band_high
2026-07-06T11:36:00Z,96.0571,0.000000,0.000000,0.000000,above_band_high
2026-07-06T11:37:00Z,96.0342,0.000000,0.000000,0.000000,above_band_high
2026-07-06T11:38:00Z,96.0082,0.000000,0.000000,0.000000,above_band_high
2026-07-06T11:39:00Z,96.0159,0.000000,0.000000,0.000000,above_band_high
2026-07-06T11:40:00Z,95.9854,0.000000,0.000000,0.000000,above_band_high
2026-07-06T11:41:00Z,95.9930,0.000000,0.000000,0.000000,above_band_high
2026-07-06T11:42:00Z,95.9854,0.000000,0.000000,0.000000,above_band_high
2026-07-06T11:43:00Z,95.9854,0.000000,0.000000,0.000000,above_band_high
2026-07-06T11:44:00Z,95.9976,0.000000,0.000000,0.000000,above_band_high
2026-07-06T11:45:00Z,95.9747,0.000000,0.000000,0.000000,above_band_high
2026-07-06T11:46:00Z,95.9518,0.000000,0.000000,0.000000,above_band_high
2026-07-06T11:47:00Z,95.9380,0.000000,0.000000,0.000000,above_band_high
2026-07-06T11:48:00Z,95.9396,0.000000,0.000000,0.000000,above_band_high
2026-07-06T11:49:00Z,95.9564,0.000000,0.000000,0.000000,above_band_high
2026-07-06T11:50:00Z,95.9655,0.000000,0.000000,0.000000,above_band_high
2026-07-06T11:51:00Z,95.9243,0.000000,0.000000,0.000000,above_band_high
2026-07-06T11:52:00Z,95.8984,0.000000,0.000000,0.000000,above_band_high
2026-07-06T11:53:00Z,95.9075,0.000000,0.000000,0.000000,above_band_high
2026-07-06T11:54:00Z,95.8984,0.000000,0.000000,0.000000,above_band_high
2026-07-06T11:55:00Z,95.8801,0.000000,0.000000,0.000000,above_band_high
2026-07-06T11:56:00Z,95.8801,0.000000,0.000000,0.000000,above_band_high
2026-07-06T11:57:00Z,95.8663,0.000000,0.000000,0.000000,above_band_high
2026-07-06T11:58:00Z,95.9030,0.000000,0.000000,0.000000,above_band_high
2026-07-06T11:59:00Z,95.8511,0.000000,0.000000,0.000000,above_band_high
2026-07-06T12:00:00Z,95.8282,0.000000,0.000000,0.000000,above_band_high
2026-07-06T12:01:00Z,95.8343,0.000000,0.000000,0.000000,above_band_high
2026-07-06T12:02:00Z,95.8328,0.000000,0.000000,0.000000,above_band_high
2026-07-06T12:03:00Z,95.8282,0.000000,0.000000,0.000000,above_band_high
2026-07-06T12:04:00Z,95.7977,0.000000,0.000000,0.000000,above_band_high
2026-07-06T12:05:00Z,95.7870,0.000000,0.000000,0.000000,above_band_high
2026-07-06T12:06:00Z,95.7794,0.000000,0.000000,0.000000,above_band_high
2026-07-06T12:07:00Z,95.7610,0.000000,0.000000,0.000000,above_band_high
2026-07-06T12:08:00Z,95.7916,0.000000,0.000000,0.000000,above_band_high
2026-07-06T12:09:00Z,95.7321,0.000000,0.000000,0.000000,above_band_high
2026-07-06T12:10:00Z,95.7733,0.000000,0.000000,0.000000,above_band_high
2026-07-06T12:11:00Z,95.7504,0.000000,0.000000,0.000000,above_band_high
2026-07-06T12:12:00Z,95.7565,0.000000,0.000000,0.000000,above_band_high
2026-07-06T12:13:00Z,95.7458,0.000000,0.000000,0.000000,above_band_high
2026-07-06T12:14:00Z,95.7153,0.000000,0.000000,0.000000,above_band_high
2026-07-06T12:15:00Z,95.7198,0.000000,0.000000,0.000000,above_band_high
2026-07-06T12:16:00Z,95.7321,0.000000,0.000000,0.000000,above_band_high
2026-07-06T12:17:00Z,95.6786,0.000000,0.000000,0.000000,above_band_high
2026-07-06T12:18:00Z,95.6786,0.000000,0.000000,0.000000,above_band_high
2026-07-06T12:19:00Z,95.6832,0.000000,0.000000,0.000000,above_band_high
2026-07-06T12:20:00Z,95.6497,0.000000,0.000000,0.000000,above_band_high
2026-07-06T12:21:00Z,95.6405,0.000000,0.000000,0.000000,above_band_high
2026-07-06T12:22:00Z,95.6359,0.000000,0.000000,0.000000,above_band_high
2026-07-06T12:23:00Z,95.6268,0.000000,0.000000,0.000000,above_band_high
2026-07-06T12:24:00Z,95.6191,0.000000,0.000000,0.000000,above_band_high
2026-07-06T12:25:00Z,95.6191,0.000000,0.000000,0.000000,above_band_high
2026-07-06T12:26:00Z,95.6680,0.000000,0.000000,0.000000,above_band_high
2026-07-06T12:27:00Z,95.5947,0.000000,0.000000,0.000000,above_band_high
2026-07-06T12:28:00Z,95.6191,0.000000,0.000000,0.000000,above_band_high
2026-07-06T12:29:00Z,95.6085,0.000000,0.000000,0.000000,above_band_high
2026-07-06T12:30:00Z,95.6039,0.000000,0.000000,0.000000,above_band_high
2026-07-06T12:31:00Z,95.6039,0.000000,0.000000,0.000000,above_band_high
2026-07-06T12:32:00Z,95.6268,0.000000,0.000000,0.000000,above_band_high
2026-07-06T12:33:00Z,95.5734,0.000000,0.000000,0.000000,above_band_high
2026-07-06T12:34:00Z,95.6085,0.000000,0.000000,0.000000,above_band_high
2026-07-06T12:35:00Z,95.6085,0.000000,0.000000,0.000000,above_band_high
2026-07-06T12:36:00Z,95.5993,0.000000,0.000000,0.000000,above_band_high
2026-07-06T12:37:00Z,95.5688,0.000000,0.000000,0.000000,above_band_high
2026-07-06T12:38:00Z,95.5444,0.000000,0.000000,0.000000,above_band_high
2026-07-06T12:39:00Z,95.5993,0.000000,0.000000,0.000000,above_band_high
2026-07-06T12:40:00Z,95.5627,0.000000,0.000000,0.000000,above_band_high
2026-07-06T12:41:00Z,95.5917,0.000000,0.000000,0.000000,above_band_high
2026-07-06T12:42:00Z,95.5871,0.000000,0.000000,0.000000,above_band_high
2026-07-06T12:43:00Z,95.5856,0.000000,0.000000,0.000000,above_band_high
2026-07-06T12:44:00Z,95.5825,0.000000,0.000000,0.000000,above_band_high
2026-07-06T12:45:00Z,95.5856,0.000000,0.000000,0.000000,above_band_high
2026-07-06T12:46:00Z,95.5505,0.000000,0.000000,0.000000,above_band_high
2026-07-06T12:47:00Z,95.5627,0.000000,0.000000,0.000000,above_band_high
2026-07-06T12:48:00Z,95.5550,0.000000,0.000000,0.000000,above_band_high
2026-07-06T12:49:00Z,95.5505,0.000000,0.000000,0.000000,above_band_high
2026-07-06T12:50:00Z,95.5673,0.000000,0.000000,0.000000,above_band_high
2026-07-06T12:51:00Z,95.5093,0.000000,0.000000,0.000000,above_band_high
2026-07-06T12:52:00Z,95.5093,0.000000,0.000000,0.000000,above_band_high
2026-07-06T12:53:00Z,95.5032,0.000000,0.000000,0.000000,above_band_high
2026-07-06T12:54:00Z,95.4726,0.000000,0.000000,0.000000,above_band_high
2026-07-06T12:55:00Z,95.4772,0.000000,0.000000,0.000000,above_band_high
2026-07-06T12:56:00Z,95.4986,0.000000,0.000000,0.000000,above_band_high
2026-07-06T12:57:00Z,95.4574,0.000000,0.000000,0.000000,above_band_high
2026-07-06T12:58:00Z,95.5047,0.000000,0.000000,0.000000,above_band_high
2026-07-06T12:59:00Z,95.4620,0.000000,0.000000,0.000000,above_band_high
2026-07-06T13:00:00Z,95.4681,0.000000,0.000000,0.000000,above_band_high
2026-07-06T13:01:00Z,95.4498,0.000000,0.000000,0.000000,above_band_high
2026-07-06T13:02:00Z,95.4391,0.000000,0.000000,0.000000,above_band_high
2026-07-06T13:03:00Z,95.4574,0.000000,0.000000,0.000000,above_band_high
2026-07-06T13:04:00Z,95.4360,0.000000,0.000000,0.000000,above_band_high
2026-07-06T13:05:00Z,95.4452,0.000000,0.000000,0.000000,above_band_high
2026-07-06T13:06:00Z,95.4574,0.000000,0.000000,0.000000,above_band_high
2026-07-06T13:07:00Z,95.4299,0.000000,0.000000,0.000000,above_band_high
2026-07-06T13:08:00Z,95.4528,0.000000,0.000000,0.000000,above_band_high
2026-07-06T13:09:00Z,95.4025,0.000000,0.000000,0.000000,above_band_high
2026-07-06T13:10:00Z,95.4162,0.000000,0.000000,0.000000,above_band_high
2026-07-06T13:11:00Z,95.4498,0.000000,0.000000,0.000000,above_band_high
2026-07-06T13:12:00Z,95.4208,0.000000,0.000000,0.000000,above_band_high
2026-07-06T13:13:00Z,95.4253,0.000000,0.000000,0.000000,above_band_high
2026-07-06T13:14:00Z,95.4040,0.000000,0.000000,0.000000,above_band_high
2026-07-06T13:15:00Z,95.3902,0.000000,0.000000,0.000000,above_band_high
2026-07-06T13:16:00Z,95.3902,0.000000,0.000000,0.000000,above_band_high
2026-07-06T13:17:00Z,95.4116,0.000000,0.000000,0.000000,above_band_high
2026-07-06T13:18:00Z,95.3948,0.000000,0.000000,0.000000,above_band_high
2026-07-06T13:19:00Z,95.3948,0.000000,0.000000,0.000000,above_band_high
2026-07-06T13:20:00Z,95.3704,0.000000,0.000000,0.000000,above_band_high
2026-07-06T13:21:00Z,95.3887,0.000000,0.000000,0.000000,above_band_high
2026-07-06T13:22:00Z,95.3399,0.000000,0.000000,0.000000,above_band_high
2026-07-06T13:23:00Z,95.3979,0.000000,0.000000,0.000000,above_band_high
2026-07-06T13:24:00Z,95.3445,0.000000,0.000000,0.000000,above_band_high
2026-07-06T13:25:00Z,95.3902,0.000000,0.000000,0.000000,above_band_high
2026-07-06T13:26:00Z,95.3628,0.000000,0.000000,0.000000,above_band_high
2026-07-06T13:27:00Z,95.3674,0.000000,0.000000,0.000000,above_band_high
2026-07-06T13:28:00Z,95.3902,0.000000,0.000000,0.000000,above_band_high
2026-07-06T13:29:00Z,95.3674,0.000000,0.000000,0.000000,above_band_high
2026-07-06T13:30:00Z,95.3613,0.000000,0.000000,0.000000,above_band_high
2026-07-06T13:31:00Z,95.3796,0.000000,0.000000,0.000000,above_band_high
2026-07-06T13:32:00Z,95.3628,0.000000,0.000000,0.000000,above_band_high
2026-07-06T13:33:00Z,95.3399,0.000000,0.000000,0.000000,above_band_high
2026-07-06T13:34:00Z,95.3491,0.000000,0.000000,0.000000,above_band_high
2026-07-06T13:35:00Z,95.3445,0.000000,0.000000,0.000000,above_band_high
2026-07-06T13:36:00Z,95.3750,0.000000,0.000000,0.000000,above_band_high
2026-07-06T13:37:00Z,95.3338,0.000000,0.000000,0.000000,above_band_high
2026-07-06T13:38:00Z,95.3475,0.000000,0.000000,0.000000,above_band_high
2026-07-06T13:39:00Z,95.3475,0.000000,0.000000,0.000000,above_band_high
2026-07-06T13:40:00Z,95.3674,0.000000,0.000000,0.000000,above_band_high
2026-07-06T13:41:00Z,95.3674,0.000000,0.000000,0.000000,above_band_high
2026-07-06T13:42:00Z,95.3887,0.000000,0.000000,0.000000,above_band_high
2026-07-06T13:43:00Z,95.3445,0.000000,0.000000,0.000000,above_band_high
2026-07-06T13:44:00Z,95.3674,0.000000,0.000000,0.000000,above_band_high
2026-07-06T13:45:00Z,95.3750,0.000000,0.000000,0.000000,above_band_high
2026-07-06T13:46:00Z,95.3567,0.000000,0.000000,0.000000,above_band_high
2026-07-06T13:47:00Z,95.3719,0.000000,0.000000,0.000000,above_band_high
2026-07-06T13:48:00Z,95.3719,0.000000,0.000000,0.000000,above_band_high
2026-07-06T13:49:00Z,95.3674,0.000000,0.000000,0.000000,above_band_high
2026-07-06T13:50:00Z,95.3719,0.000000,0.000000,0.000000,above_band_high
2026-07-06T13:51:00Z,95.3613,0.000000,0.000000,0.000000,above_band_high
2026-07-06T13:52:00Z,95.3307,0.000000,0.000000,0.000000,above_band_high
2026-07-06T13:53:00Z,95.3613,0.000000,0.000000,0.000000,above_band_high
2026-07-06T13:54:00Z,95.3445,0.000000,0.000000,0.000000,above_band_high
2026-07-06T13:55:00Z,95.3384,0.000000,0.000000,0.000000,above_band_high
2026-07-06T13:56:00Z,95.3201,0.000000,0.000000,0.000000,above_band_high
2026-07-06T13:57:00Z,95.3445,0.000000,0.000000,0.000000,above_band_high
2026-07-06T13:58:00Z,95.3216,0.000000,0.000000,0.000000,above_band_high
2026-07-06T13:59:00Z,95.3109,0.000000,0.000000,0.000000,above_band_high
2026-07-06T14:00:00Z,95.3246,0.000000,0.000000,0.000000,above_band_high
2026-07-06T14:01:00Z,95.3201,0.000000,0.000000,0.000000,above_band_high
2026-07-06T14:02:00Z,95.3246,0.000000,0.000000,0.000000,above_band_high
2026-07-06T14:03:00Z,95.3201,0.000000,0.000000,0.000000,above_band_high
2026-07-06T14:04:00Z,95.3033,0.000000,0.000000,0.000000,above_band_high
2026-07-06T14:05:00Z,95.3109,0.000000,0.000000,0.000000,above_band_high
2026-07-06T14:06:00Z,95.3262,0.000000,0.000000,0.000000,above_band_high
2026-07-06T14:07:00Z,95.3017,0.000000,0.000000,0.000000,above_band_high
2026-07-06T14:08:00Z,95.2972,0.000000,0.000000,0.000000,above_band_high
2026-07-06T14:09:00Z,95.2941,0.000000,0.000000,0.000000,above_band_high
2026-07-06T14:10:00Z,95.3124,0.000000,0.000000,0.000000,above_band_high
2026-07-06T14:11:00Z,95.3536,0.000000,0.000000,0.000000,above_band_high
2026-07-06T14:12:00Z,95.3262,0.000000,0.000000,0.000000,above_band_high
2026-07-06T14:13:00Z,95.3201,0.000000,0.000000,0.000000,above_band_high
2026-07-06T14:14:00Z,95.3445,0.000000,0.000000,0.000000,above_band_high
2026-07-06T14:15:00Z,95.3674,0.000000,0.000000,0.000000,above_band_high
2026-07-06T14:16:00Z,95.3674,0.000000,0.000000,0.000000,above_band_high
2026-07-06T14:17:00Z,95.3857,0.000000,0.000000,0.000000,above_band_high
2026-07-06T14:18:00Z,95.4131,0.000000,0.000000,0.000000,above_band_high
2026-07-06T14:19:00Z,95.3658,0.000000,0.000000,0.000000,above_band_high
2026-07-06T14:20:00Z,95.3902,0.000000,0.000000,0.000000,above_band_high
2026-07-06T14:21:00Z,95.3857,0.000000,0.000000,0.000000,above_band_high
2026-07-06T14:22:00Z,95.3948,0.000000,0.000000,0.000000,above_band_high
2026-07-06T14:23:00Z,95.3902,0.000000,0.000000,0.000000,above_band_high
2026-07-06T14:24:00Z,95.3719,0.000000,0.000000,0.000000,above_band_high
2026-07-06T14:25:00Z,95.4086,0.000000,0.000000,0.000000,above_band_high
2026-07-06T14:26:00Z,95.3765,0.000000,0.000000,0.000000,above_band_high
2026-07-06T14:27:00Z,95.3902,0.000000,0.000000,0.000000,above_band_high
2026-07-06T14:28:00Z,95.4040,0.000000,0.000000,0.000000,above_band_high
2026-07-06T14:29:00Z,95.3536,0.000000,0.000000,0.000000,above_band_high
2026-07-06T14:30:00Z,95.3613,0.000000,0.000000,0.000000,above_band_high
2026-07-06T14:31:00Z,95.3429,0.000000,0.000000,0.000000,above_band_high
2026-07-06T14:32:00Z,95.3216,0.000000,0.000000,0.000000,above_band_high
2026-07-06T14:33:00Z,95.3216,0.000000,0.000000,0.000000,above_band_high
2026-07-06T14:34:00Z,95.3017,0.000000,0.000000,0.000000,above_band_high
2026-07-06T14:35:00Z,95.3017,0.000000,0.000000,0.000000,above_band_high
2026-07-06T14:36:00Z,95.3384,0.000000,0.000000,0.000000,above_band_high
2026-07-06T14:37:00Z,95.3124,0.000000,0.000000,0.000000,above_band_high
2026-07-06T14:38:00Z,95.3262,0.000000,0.000000,0.000000,above_band_high
2026-07-06T14:39:00Z,95.3063,0.000000,0.000000,0.000000,above_band_high
2026-07-06T14:40:00Z,95.3353,0.000000,0.000000,0.000000,above_band_high
2026-07-06T14:41:00Z,95.3384,0.000000,0.000000,0.000000,above_band_high
2026-07-06T14:42:00Z,95.3017,0.000000,0.000000,0.000000,above_band_high
2026-07-06T14:43:00Z,95.2926,0.000000,0.000000,0.000000,above_band_high
2026-07-06T14:44:00Z,95.3246,0.000000,0.000000,0.000000,above_band_high
2026-07-06T14:45:00Z,95.3338,0.000000,0.000000,0.000000,above_band_high
2026-07-06T14:46:00Z,95.3124,0.000000,0.000000,0.000000,above_band_high
2026-07-06T14:47:00Z,95.2926,0.000000,0.000000,0.000000,above_band_high
2026-07-06T14:48:00Z,95.3017,0.000000,0.000000,0.000000,above_band_high
2026-07-06T14:49:00Z,95.3262,0.000000,0.000000,0.000000,above_band_high
2026-07-06T14:50:00Z,95.3124,0.000000,0.000000,0.000000,above_band_high
2026-07-06T14:51:00Z,95.2712,0.000000,0.000000,0.000000,above_band_high
2026-07-06T14:52:00Z,95.2926,0.000000,0.000000,0.000000,above_band_high
2026-07-06T14:53:00Z,95.2758,0.000000,0.000000,0.000000,above_band_high
2026-07-06T14:54:00Z,95.2651,0.000000,0.000000,0.000000,above_band_high
2026-07-06T14:55:00Z,95.2712,0.000000,0.000000,0.000000,above_band_high
2026-07-06T14:56:00Z,95.2346,0.000000,0.000000,0.000000,above_band_high
2026-07-06T14:57:00Z,95.2560,0.000000,0.000000,0.000000,above_band_high
2026-07-06T14:58:00Z,95.2071,0.000000,0.000000,0.000000,above_band_high
2026-07-06T14:59:00Z,95.2529,0.000000,0.000000,0.000000,above_band_high
2026-07-06T15:00:00Z,95.2331,0.000000,0.000000,0.000000,above_band_high
2026-07-06T15:01:00Z,95.2193,0.000000,0.000000,0.000000,above_band_high
2026-07-06T15:02:00Z,95.2193,0.000000,0.000000,0.000000,above_band_high
2026-07-06T15:03:00Z,95.1919,0.000000,0.000000,0.000000,above_band_high
2026-07-06T15:04:00Z,95.2117,0.000000,0.000000,0.000000,above_band_high
2026-07-06T15:05:00Z,95.2514,0.000000,0.000000,0.000000,above_band_high
2026-07-06T15:06:00Z,95.1888,0.000000,0.000000,0.000000,above_band_high
2026-07-06T15:07:00Z,95.1965,0.000000,0.000000,0.000000,above_band_high
2026-07-06T15:08:00Z,95.1781,0.000000,0.000000,0.000000,above_band_high
2026-07-06T15:09:00Z,95.1736,0.000000,0.000000,0.000000,above_band_high
2026-07-06T15:10:00Z,95.2026,0.000000,0.000000,0.000000,above_band_high
2026-07-06T15:11:00Z,95.1476,0.000000,0.000000,0.000000,above_band_high
2026-07-06T15:12:00Z,95.1431,0.000000,0.000000,0.000000,above_band_high
2026-07-06T15:13:00Z,95.1843,0.000000,0.000000,0.000000,above_band_high
2026-07-06T15:14:00Z,95.1415,0.000000,0.000000,0.000000,above_band_high
2026-07-06T15:15:00Z,95.1598,0.000000,0.000000,0.000000,above_band_high
2026-07-06T15:16:00Z,95.1431,0.000000,0.000000,0.000000,above_band_high
2026-07-06T15:17:00Z,95.1415,0.000000,0.000000,0.000000,above_band_high
2026-07-06T15:18:00Z,95.1507,0.000000,0.000000,0.000000,above_band_high
2026-07-06T15:19:00Z,95.1369,0.000000,0.000000,0.000000,above_band_high
2026-07-06T15:20:00Z,95.1507,0.000000,0.000000,0.000000,above_band_high
2026-07-06T15:21:00Z,95.1553,0.000000,0.000000,0.000000,above_band_high
2026-07-06T15:22:00Z,95.1293,0.000000,0.000000,0.000000,above_band_high
2026-07-06T15:23:00Z,95.1339,0.000000,0.000000,0.000000,above_band_high
2026-07-06T15:24:00Z,95.1690,0.000000,0.000000,0.000000,above_band_high
2026-07-06T15:25:00Z,95.1659,0.000000,0.000000,0.000000,above_band_high
2026-07-06T15:26:00Z,95.1476,0.000000,0.000000,0.000000,above_band_high
2026-07-06T15:27:00Z,95.1965,0.000000,0.000000,0.000000,above_band_high
2026-07-06T15:28:00Z,95.2056,0.000000,0.000000,0.000000,above_band_high
2026-07-06T15:29:00Z,95.1781,0.000000,0.000000,0.000000,above_band_high
2026-07-06T15:30:00Z,95.1659,0.000000,0.000000,0.000000,above_band_high
2026-07-06T15:31:00Z,95.1339,0.000000,0.000000,0.000000,above_band_high
2026-07-06T15:32:00Z,95.1598,0.000000,0.000000,0.000000,above_band_high
2026-07-06T15:33:00Z,95.1369,0.000000,0.000000,0.000000,above_band_high
2026-07-06T15:34:00Z,95.1614,0.000000,0.000000,0.000000,above_band_high
2026-07-06T15:35:00Z,95.1553,0.000000,0.000000,0.000000,above_band_high
2026-07-06T15:36:00Z,95.1431,0.000000,0.000000,0.000000,above_band_high
2026-07-06T15:37:00Z,95.1659,0.000000,0.000000,0.000000,above_band_high
2026-07-06T15:38:00Z,95.1415,0.000000,0.000000,0.000000,above_band_high
2026-07-06T15:39:00Z,95.1659,0.000000,0.000000,0.000000,above_band_high
2026-07-06T15:40:00Z,95.1415,0.000000,0.000000,0.000000,above_band_high
2026-07-06T15:41:00Z,95.1659,0.000000,0.000000,0.000000,above_band_high
2026-07-06T15:42:00Z,95.1690,0.000000,0.000000,0.000000,above_band_high
2026-07-06T15:43:00Z,95.1568,0.000000,0.000000,0.000000,above_band_high
2026-07-06T15:44:00Z,95.1598,0.000000,0.000000,0.000000,above_band_high
2026-07-06T15:45:00Z,95.1705,0.000000,0.000000,0.000000,above_band_high
2026-07-06T15:46:00Z,95.2026,0.000000,0.000000,0.000000,above_band_high
2026-07-06T15:47:00Z,95.2071,0.000000,0.000000,0.000000,above_band_high
2026-07-06T15:48:00Z,95.2056,0.000000,0.000000,0.000000,above_band_high
2026-07-06T15:49:00Z,95.1736,0.000000,0.000000,0.000000,above_band_high
2026-07-06T15:50:00Z,95.1827,0.000000,0.000000,0.000000,above_band_high
2026-07-06T15:51:00Z,95.2010,0.000000,0.000000,0.000000,above_band_high
2026-07-06T15:52:00Z,95.2026,0.000000,0.000000,0.000000,above_band_high
2026-07-06T15:53:00Z,95.1827,0.000000,0.000000,0.000000,above_band_high
2026-07-06T15:54:00Z,95.2071,0.000000,0.000000,0.000000,above_band_high
2026-07-06T15:55:00Z,95.1598,0.000000,0.000000,0.000000,above_band_high
2026-07-06T15:56:00Z,95.1827,0.000000,0.000000,0.000000,above_band_high
2026-07-06T15:57:00Z,95.1507,0.000000,0.000000,0.000000,above_band_high
2026-07-06T15:58:00Z,95.1690,0.000000,0.000000,0.000000,above_band_high
2026-07-06T15:59:00Z,95.1614,0.000000,0.000000,0.000000,above_band_high
2026-07-06T16:00:00Z,95.1339,0.000000,0.000000,0.000000,above_band_high
2026-07-06T16:01:00Z,95.1476,0.000000,0.000000,0.000000,above_band_high
2026-07-06T16:02:00Z,95.1339,0.000000,0.000000,0.000000,above_band_high
2026-07-06T16:03:00Z,95.1614,0.000000,0.000000,0.000000,above_band_high
2026-07-06T16:04:00Z,95.1064,0.000000,0.000000,0.000000,above_band_high
2026-07-06T16:05:00Z,95.1598,0.000000,0.000000,0.000000,above_band_high
2026-07-06T16:06:00Z,95.1202,0.000000,0.000000,0.000000,above_band_high
2026-07-06T16:07:00Z,95.1247,0.000000,0.000000,0.000000,above_band_high
2026-07-06T16:08:00Z,95.1278,0.000000,0.000000,0.000000,above_band_high
2026-07-06T16:09:00Z,95.1553,0.000000,0.000000,0.000000,above_band_high
2026-07-06T16:10:00Z,95.1278,0.000000,0.000000,0.000000,above_band_high
2026-07-06T16:11:00Z,95.1339,0.000000,0.000000,0.000000,above_band_high
2026-07-06T16:12:00Z,95.1324,0.000000,0.000000,0.000000,above_band_high
2026-07-06T16:13:00Z,95.1247,0.000000,0.000000,0.000000,above_band_high
2026-07-06T16:14:00Z,95.1797,0.000000,0.000000,0.000000,above_band_high
2026-07-06T16:15:00Z,95.1705,0.000000,0.000000,0.000000,above_band_high
2026-07-06T16:16:00Z,95.1659,0.000000,0.000000,0.000000,above_band_high
2026-07-06T16:17:00Z,95.1522,0.000000,0.000000,0.000000,above_band_high
2026-07-06T16:18:00Z,95.1843,0.000000,0.000000,0.000000,above_band_high
2026-07-06T16:19:00Z,95.1659,0.000000,0.000000,0.000000,above_band_high
2026-07-06T16:20:00Z,95.1781,0.000000,0.000000,0.000000,above_band_high
2026-07-06T16:21:00Z,95.1827,0.000000,0.000000,0.000000,above_band_high
2026-07-06T16:22:00Z,95.1827,0.000000,0.000000,0.000000,above_band_high
2026-07-06T16:23:00Z,95.1965,0.000000,0.000000,0.000000,above_band_high
2026-07-06T16:24:00Z,95.1659,0.000000,0.000000,0.000000,above_band_high
2026-07-06T16:25:00Z,95.1965,0.000000,0.000000,0.000000,above_band_high
2026-07-06T16:26:00Z,95.2117,0.000000,0.000000,0.000000,above_band_high
2026-07-06T16:27:00Z,95.1659,0.000000,0.000000,0.000000,above_band_high
2026-07-06T16:28:00Z,95.2300,0.000000,0.000000,0.000000,above_band_high
2026-07-06T16:29:00Z,95.1934,0.000000,0.000000,0.000000,above_band_high
2026-07-06T16:30:00Z,95.2026,0.000000,0.000000,0.000000,above_band_high
2026-07-06T16:31:00Z,95.2026,0.000000,0.000000,0.000000,above_band_high
2026-07-06T16:32:00Z,95.2026,0.000000,0.000000,0.000000,above_band_high
2026-07-06T16:33:00Z,95.1965,0.000000,0.000000,0.000000,above_band_high
2026-07-06T16:34:00Z,95.1614,0.000000,0.000000,0.000000,above_band_high
2026-07-06T16:35:00Z,95.1369,0.000000,0.000000,0.000000,above_band_high
2026-07-06T16:36:00Z,95.1461,0.000000,0.000000,0.000000,above_band_high
2026-07-06T16:37:00Z,95.1202,0.000000,0.000000,0.000000,above_band_high
2026-07-06T16:38:00Z,95.1064,0.000000,0.000000,0.000000,above_band_high
2026-07-06T16:39:00Z,95.0958,0.000000,0.000000,0.000000,above_band_high
2026-07-06T16:40:00Z,95.0881,0.000000,0.000000,0.000000,above_band_high
2026-07-06T16:41:00Z,95.1049,0.000000,0.000000,0.000000,above_band_high
2026-07-06T16:42:00Z,95.0835,0.000000,0.000000,0.000000,above_band_high
2026-07-06T16:43:00Z,95.0881,0.000000,0.000000,0.000000,above_band_high
2026-07-06T16:44:00Z,95.0881,0.000000,0.000000,0.000000,above_band_high
2026-07-06T16:45:00Z,95.0835,0.000000,0.000000,0.000000,above_band_high
2026-07-06T16:46:00Z,95.0774,0.000000,0.000000,0.000000,above_band_high
2026-07-06T16:47:00Z,95.1232,0.000000,0.000000,0.000000,above_band_high
2026-07-06T16:48:00Z,95.0423,0.000000,0.000000,0.000000,above_band_high
2026-07-06T16:49:00Z,95.0774,0.000000,0.000000,0.000000,above_band_high
2026-07-06T16:50:00Z,95.1019,0.000000,0.000000,0.000000,above_band_high
2026-07-06T16:51:00Z,95.0607,0.000000,0.000000,0.000000,above_band_high
2026-07-06T16:52:00Z,95.0240,0.000000,0.000000,0.000000,above_band_high
2026-07-06T16:53:00Z,95.0774,0.000000,0.000000,0.000000,above_band_high
2026-07-06T16:54:00Z,95.0561,0.000000,0.000000,0.000000,above_band_high
2026-07-06T16:55:00Z,95.0240,0.000000,0.000000,0.000000,above_band_high
2026-07-06T16:56:00Z,95.0591,0.000000,0.000000,0.000000,above_band_high
2026-07-06T16:57:00Z,95.0546,0.000000,0.000000,0.000000,above_band_high
2026-07-06T16:58:00Z,95.0469,0.000000,0.000000,0.000000,above_band_high
2026-07-06T16:59:00Z,95.0378,0.000000,0.000000,0.000000,above_band_high
2026-07-06T17:00:00Z,95.0591,0.000000,0.000000,0.000000,above_band_high
2026-07-06T17:01:00Z,95.0240,0.000000,0.000000,0.000000,above_band_high
2026-07-06T17:02:00Z,95.0225,0.000000,0.000000,0.000000,above_band_high
2026-07-06T17:03:00Z,95.0637,0.000000,0.000000,0.000000,above_band_high
2026-07-06T17:04:00Z,95.0423,0.000000,0.000000,0.000000,above_band_high
2026-07-06T17:05:00Z,95.0591,0.000000,0.000000,0.000000,above_band_high
2026-07-06T17:06:00Z,95.0423,0.000000,0.000000,0.000000,above_band_high
2026-07-06T17:07:00Z,95.0225,0.000000,0.000000,0.000000,above_band_high
2026-07-06T17:08:00Z,95.0591,0.000000,0.000000,0.000000,above_band_high
2026-07-06T17:09:00Z,95.0607,0.000000,0.000000,0.000000,above_band_high
2026-07-06T17:10:00Z,95.0881,0.000000,0.000000,0.000000,above_band_high
2026-07-06T17:11:00Z,95.0774,0.000000,0.000000,0.000000,above_band_high
2026-07-06T17:12:00Z,95.0637,0.000000,0.000000,0.000000,above_band_high
2026-07-06T17:13:00Z,95.0500,0.000000,0.000000,0.000000,above_band_high
2026-07-06T17:14:00Z,95.0500,0.000000,0.000000,0.000000,above_band_high
2026-07-06T17:15:00Z,95.0698,0.000000,0.000000,0.000000,above_band_high
2026-07-06T17:16:00Z,95.0698,0.000000,0.000000,0.000000,above_band_high
2026-07-06T17:17:00Z,95.0607,0.000000,0.000000,0.000000,above_band_high
2026-07-06T17:18:00Z,95.0607,0.000000,0.000000,0.000000,above_band_high
2026-07-06T17:19:00Z,95.0179,0.000000,0.000000,0.000000,above_band_high
2026-07-06T17:20:00Z,95.1019,0.000000,0.000000,0.000000,above_band_high
2026-07-06T17:21:00Z,95.0591,0.000000,0.000000,0.000000,above_band_high
2026-07-06T17:22:00Z,95.0546,0.000000,0.000000,0.000000,above_band_high
2026-07-06T17:23:00Z,95.0835,0.000000,0.000000,0.000000,above_band_high
2026-07-06T17:24:00Z,95.0729,0.000000,0.000000,0.000000,above_band_high
2026-07-06T17:25:00Z,95.0546,0.000000,0.000000,0.000000,above_band_high
2026-07-06T17:26:00Z,95.0546,0.000000,0.000000,0.000000,above_band_high
2026-07-06T17:27:00Z,95.0546,0.000000,0.000000,0.000000,above_band_high
2026-07-06T17:28:00Z,95.0790,0.000000,0.000000,0.000000,above_band_high
2026-07-06T17:29:00Z,95.0591,0.000000,0.000000,0.000000,above_band_high
2026-07-06T17:30:00Z,95.0729,0.000000,0.000000,0.000000,above_band_high
2026-07-06T17:31:00Z,95.0423,0.000000,0.000000,0.000000,above_band_high
2026-07-06T17:32:00Z,95.0195,0.000000,0.000000,0.000000,above_band_high
2026-07-06T17:33:00Z,95.0698,0.000000,0.000000,0.000000,above_band_high
2026-07-06T17:34:00Z,95.0652,0.000000,0.000000,0.000000,above_band_high
2026-07-06T17:35:00Z,95.1141,0.000000,0.000000,0.000000,above_band_high
2026-07-06T17:36:00Z,95.0927,0.000000,0.000000,0.000000,above_band_high
2026-07-06T17:37:00Z,95.1186,0.000000,0.000000,0.000000,above_band_high
2026-07-06T17:38:00Z,95.0958,0.000000,0.000000,0.000000,above_band_high
2026-07-06T17:39:00Z,95.1003,0.000000,0.000000,0.000000,above_band_high
2026-07-06T17:40:00Z,95.1064,0.000000,0.000000,0.000000,above_band_high
2026-07-06T17:41:00Z,95.0774,0.000000,0.000000,0.000000,above_band_high
2026-07-06T17:42:00Z,95.1202,0.000000,0.000000,0.000000,above_band_high
2026-07-06T17:43:00Z,95.1049,0.000000,0.000000,0.000000,above_band_high
2026-07-06T17:44:00Z,95.1202,0.000000,0.000000,0.000000,above_band_high
2026-07-06T17:45:00Z,95.0866,0.000000,0.000000,0.000000,above_band_high
2026-07-06T17:46:00Z,95.0912,0.000000,0.000000,0.000000,above_band_high
2026-07-06T17:47:00Z,95.0912,0.000000,0.000000,0.000000,above_band_high
2026-07-06T17:48:00Z,95.1110,0.000000,0.000000,0.000000,above_band_high
2026-07-06T17:49:00Z,95.0835,0.000000,0.000000,0.000000,above_band_high
2026-07-06T17:50:00Z,95.1202,0.000000,0.000000,0.000000,above_band_high
2026-07-06T17:51:00Z,95.1186,0.000000,0.000000,0.000000,above_band_high
2026-07-06T17:52:00Z,95.1064,0.000000,0.000000,0.000000,above_band_high
2026-07-06T17:53:00Z,95.1110,0.000000,0.000000,0.000000,above_band_high
2026-07-06T17:54:00Z,95.1293,0.000000,0.000000,0.000000,above_band_high
2026-07-06T17:55:00Z,95.1186,0.000000,0.000000,0.000000,above_band_high
2026-07-06T17:56:00Z,95.1049,0.000000,0.000000,0.000000,above_band_high
2026-07-06T17:57:00Z,95.1049,0.000000,0.000000,0.000000,above_band_high
2026-07-06T17:58:00Z,95.1064,0.000000,0.000000,0.000000,above_band_high
2026-07-06T17:59:00Z,95.0958,0.000000,0.000000,0.000000,above_band_high
2026-07-06T18:00:00Z,95.0973,0.000000,0.000000,0.000000,above_band_high
2026-07-06T18:01:00Z,95.1232,0.000000,0.000000,0.000000,above_band_high
2026-07-06T18:02:00Z,95.0835,0.000000,0.000000,0.000000,above_band_high
2026-07-06T18:03:00Z,95.0881,0.000000,0.000000,0.000000,above_band_high
2026-07-06T18:04:00Z,95.0958,0.000000,0.000000,0.000000,above_band_high
2026-07-06T18:05:00Z,95.0790,0.000000,0.000000,0.000000,above_band_high
2026-07-06T18:06:00Z,95.0729,0.000000,0.000000,0.000000,above_band_high
2026-07-06T18:07:00Z,95.0637,0.000000,0.000000,0.000000,above_band_high
2026-07-06T18:08:00Z,95.0637,0.000000,0.000000,0.000000,above_band_high
2026-07-06T18:09:00Z,95.0362,0.000000,0.000000,0.000000,above_band_high
2026-07-06T18:10:00Z,95.0637,0.000000,0.000000,0.000000,above_band_high
2026-07-06T18:11:00Z,95.0378,0.000000,0.000000,0.000000,above_band_high
2026-07-06T18:12:00Z,95.0546,0.000000,0.000000,0.000000,above_band_high
2026-07-06T18:13:00Z,95.0103,0.000000,0.000000,0.000000,above_band_high
2026-07-06T18:14:00Z,95.0546,0.000000,0.000000,0.000000,above_band_high
2026-07-06T18:15:00Z,95.0134,0.000000,0.000000,0.000000,above_band_high
2026-07-06T18:16:00Z,95.0744,0.000000,0.000000,0.000000,above_band_high
2026-07-06T18:17:00Z,95.0408,0.000000,0.000000,0.000000,above_band_high
2026-07-06T18:18:00Z,95.0195,0.000000,0.000000,0.000000,above_band_high
2026-07-06T18:19:00Z,95.0011,0.000000,0.000000,0.000000,above_band_high
2026-07-06T18:20:00Z,95.0881,0.000000,0.000000,0.000000,above_band_high
2026-07-06T18:21:00Z,95.0500,0.000000,0.000000,0.000000,above_band_high
2026-07-06T18:22:00Z,95.0408,0.000000,0.000000,0.000000,above_band_high
2026-07-06T18:23:00Z,95.0729,0.000000,0.000000,0.000000,above_band_high
2026-07-06T18:24:00Z,94.9966,0.000000,0.000000,0.000000,above_band_high
2026-07-06T18:25:00Z,95.0652,0.000000,0.000000,0.000000,above_band_high
2026-07-06T18:26:00Z,95.0652,0.000000,0.000000,0.000000,above_band_high
2026-07-06T18:27:00Z,95.0286,0.000000,0.000000,0.000000,above_band_high
2026-07-06T18:28:00Z,95.0607,0.000000,0.000000,0.000000,above_band_high
2026-07-06T18:29:00Z,95.0088,0.000000,0.000000,0.000000,above_band_high
2026-07-06T18:30:00Z,95.0378,0.000000,0.000000,0.000000,above_band_high
2026-07-06T18:31:00Z,95.0652,0.000000,0.000000,0.000000,above_band_high
2026-07-06T18:32:00Z,95.0500,0.000000,0.000000,0.000000,above_band_high
2026-07-06T18:33:00Z,95.0607,0.000000,0.000000,0.000000,above_band_high
2026-07-06T18:34:00Z,95.0744,0.000000,0.000000,0.000000,above_band_high
2026-07-06T18:35:00Z,95.1019,0.000000,0.000000,0.000000,above_band_high
2026-07-06T18:36:00Z,95.1186,0.000000,0.000000,0.000000,above_band_high
2026-07-06T18:37:00Z,95.0973,0.000000,0.000000,0.000000,above_band_high
2026-07-06T18:38:00Z,95.0958,0.000000,0.000000,0.000000,above_band_high
2026-07-06T18:39:00Z,95.1019,0.000000,0.000000,0.000000,above_band_high
2026-07-06T18:40:00Z,95.1339,0.000000,0.000000,0.000000,above_band_high
2026-07-06T18:41:00Z,95.1202,0.000000,0.000000,0.000000,above_band_high
2026-07-06T18:42:00Z,95.0958,0.000000,0.000000,0.000000,above_band_high
2026-07-06T18:43:00Z,95.1247,0.000000,0.000000,0.000000,above_band_high
2026-07-06T18:44:00Z,95.1324,0.000000,0.000000,0.000000,above_band_high
2026-07-06T18:45:00Z,95.1202,0.000000,0.000000,0.000000,above_band_high
2026-07-06T18:46:00Z,95.1019,0.000000,0.000000,0.000000,above_band_high
2026-07-06T18:47:00Z,95.1324,0.000000,0.000000,0.000000,above_band_high
2026-07-06T18:48:00Z,95.1476,0.000000,0.000000,0.000000,above_band_high
2026-07-06T18:49:00Z,95.1202,0.000000,0.000000,0.000000,above_band_high
2026-07-06T18:50:00Z,95.1553,0.000000,0.000000,0.000000,above_band_high
2026-07-06T18:51:00Z,95.1507,0.000000,0.000000,0.000000,above_band_high
2026-07-06T18:52:00Z,95.1522,0.000000,0.000000,0.000000,above_band_high
2026-07-06T18:53:00Z,95.1507,0.000000,0.000000,0.000000,above_band_high
2026-07-06T18:54:00Z,95.1247,0.000000,0.000000,0.000000,above_band_high
2026-07-06T18:55:00Z,95.1431,0.000000,0.000000,0.000000,above_band_high
2026-07-06T18:56:00Z,95.1507,0.000000,0.000000,0.000000,above_band_high
2026-07-06T18:57:00Z,95.1141,0.000000,0.000000,0.000000,above_band_high
2026-07-06T18:58:00Z,95.1324,0.000000,0.000000,0.000000,above_band_high
2026-07-06T18:59:00Z,95.1507,0.000000,0.000000,0.000000,above_band_high
2026-07-06T19:00:00Z,95.0912,0.000000,0.000000,0.000000,above_band_high
2026-07-06T19:01:00Z,95.1324,0.000000,0.000000,0.000000,above_band_high
2026-07-06T19:02:00Z,95.1156,0.000000,0.000000,0.000000,above_band_high
2026-07-06T19:03:00Z,95.1278,0.000000,0.000000,0.000000,above_band_high
2026-07-06T19:04:00Z,95.1476,0.000000,0.000000,0.000000,above_band_high
2026-07-06T19:05:00Z,95.0835,0.000000,0.000000,0.000000,above_band_high
2026-07-06T19:06:00Z,95.1278,0.000000,0.000000,0.000000,above_band_high
2026-07-06T19:07:00Z,95.1064,0.000000,0.000000,0.000000,above_band_high
2026-07-06T19:08:00Z,95.0912,0.000000,0.000000,0.000000,above_band_high
2026-07-06T19:09:00Z,95.1019,0.000000,0.000000,0.000000,above_band_high
2026-07-06T19:10:00Z,95.1568,0.000000,0.000000,0.000000,above_band_high
2026-07-06T19:11:00Z,95.1141,0.000000,0.000000,0.000000,above_band_high
2026-07-06T19:12:00Z,95.0866,0.000000,0.000000,0.000000,above_band_high
2026-07-06T19:13:00Z,95.1064,0.000000,0.000000,0.000000,above_band_high
2026-07-06T19:14:00Z,95.1186,0.000000,0.000000,0.000000,above_band_high
2026-07-06T19:15:00Z,95.1339,0.000000,0.000000,0.000000,above_band_high
2026-07-06T19:16:00Z,95.1339,0.000000,0.000000,0.000000,above_band_high
2026-07-06T19:17:00Z,95.1202,0.000000,0.000000,0.000000,above_band_high
2026-07-06T19:18:00Z,95.1110,0.000000,0.000000,0.000000,above_band_high
2026-07-06T19:19:00Z,95.1141,0.000000,0.000000,0.000000,above_band_high
2026-07-06T19:20:00Z,95.1019,0.000000,0.000000,0.000000,above_band_high
2026-07-06T19:21:00Z,95.1369,0.000000,0.000000,0.000000,above_band_high
2026-07-06T19:22:00Z,95.1339,0.000000,0.000000,0.000000,above_band_high
2026-07-06T19:23:00Z,95.1247,0.000000,0.000000,0.000000,above_band_high
2026-07-06T19:24:00Z,95.1186,0.000000,0.000000,0.000000,above_band_high
2026-07-06T19:25:00Z,95.1385,0.000000,0.000000,0.000000,above_band_high
2026-07-06T19:26:00Z,95.1659,0.000000,0.000000,0.000000,above_band_high
2026-07-06T19:27:00Z,95.1324,0.000000,0.000000,0.000000,above_band_high
2026-07-06T19:28:00Z,95.1431,0.000000,0.000000,0.000000,above_band_high
2026-07-06T19:29:00Z,95.1278,0.000000,0.000000,0.000000,above_band_high
2026-07-06T19:30:00Z,95.0912,0.000000,0.000000,0.000000,above_band_high
2026-07-06T19:31:00Z,95.1156,0.000000,0.000000,0.000000,above_band_high
2026-07-06T19:32:00Z,95.1415,0.000000,0.000000,0.000000,above_band_high
2026-07-06T19:33:00Z,95.1232,0.000000,0.000000,0.000000,above_band_high
2026-07-06T19:34:00Z,95.1507,0.000000,0.000000,0.000000,above_band_high
2026-07-06T19:35:00Z,95.1003,0.000000,0.000000,0.000000,above_band_high
2026-07-06T19:36:00Z,95.1598,0.000000,0.000000,0.000000,above_band_high
2026-07-06T19:37:00Z,95.1568,0.000000,0.000000,0.000000,above_band_high
2026-07-06T19:38:00Z,95.1553,0.000000,0.000000,0.000000,above_band_high
2026-07-06T19:39:00Z,95.1156,0.000000,0.000000,0.000000,above_band_high
2026-07-06T19:40:00Z,95.1659,0.000000,0.000000,0.000000,above_band_high
2026-07-06T19:41:00Z,95.1369,0.000000,0.000000,0.000000,above_band_high
2026-07-06T19:42:00Z,95.1431,0.000000,0.000000,0.000000,above_band_high
2026-07-06T19:43:00Z,95.1797,0.000000,0.000000,0.000000,above_band_high
2026-07-06T19:44:00Z,95.1507,0.000000,0.000000,0.000000,above_band_high
2026-07-06T19:45:00Z,95.1247,0.000000,0.000000,0.000000,above_band_high
2026-07-06T19:46:00Z,95.1019,0.000000,0.000000,0.000000,above_band_high
2026-07-06T19:47:00Z,95.1202,0.000000,0.000000,0.000000,above_band_high
2026-07-06T19:48:00Z,95.1202,0.000000,0.000000,0.000000,above_band_high
2026-07-06T19:49:00Z,95.1690,0.000000,0.000000,0.000000,above_band_high
2026-07-06T19:50:00Z,95.1522,0.000000,0.000000,0.000000,above_band_high
2026-07-06T19:51:00Z,95.1385,0.000000,0.000000,0.000000,above_band_high
2026-07-06T19:52:00Z,95.1385,0.000000,0.000000,0.000000,above_band_high
2026-07-06T19:53:00Z,95.1278,0.000000,0.000000,0.000000,above_band_high
2026-07-06T19:54:00Z,95.1431,0.000000,0.000000,0.000000,above_band_high
2026-07-06T19:55:00Z,95.1736,0.000000,0.000000,0.000000,above_band_high
2026-07-06T19:56:00Z,95.1247,0.000000,0.000000,0.000000,above_band_high
2026-07-06T19:57:00Z,95.1369,0.000000,0.000000,0.000000,above_band_high
2026-07-06T19:58:00Z,95.1415,0.000000,0.000000,0.000000,above_band_high
2026-07-06T19:59:00Z,95.1415,0.000000,0.000000,0.000000,above_band_high
2026-07-06T20:00:00Z,95.1751,0.000000,0.000000,0.000000,above_band_high
2026-07-06T20:01:00Z,95.1644,0.000000,0.000000,0.000000,above_band_high
2026-07-06T20:02:00Z,95.1476,0.000000,0.000000,0.000000,above_band_high
2026-07-06T20:03:00Z,95.1278,0.000000,0.000000,0.000000,above_band_high
2026-07-06T20:04:00Z,95.1278,0.000000,0.000000,0.000000,above_band_high
2026-07-06T20:05:00Z,95.1247,0.000000,0.000000,0.000000,above_band_high
2026-07-06T20:06:00Z,95.1522,0.000000,0.000000,0.000000,above_band_high
2026-07-06T20:07:00Z,95.1324,0.000000,0.000000,0.000000,above_band_high
2026-07-06T20:08:00Z,95.1614,0.000000,0.000000,0.000000,above_band_high
2026-07-06T20:09:00Z,95.1324,0.000000,0.000000,0.000000,above_band_high
2026-07-06T20:10:00Z,95.1415,0.000000,0.000000,0.000000,above_band_high
2026-07-06T20:11:00Z,95.1415,0.000000,0.000000,0.000000,above_band_high
2026-07-06T20:12:00Z,95.1369,0.000000,0.000000,0.000000,above_band_high
2026-07-06T20:13:00Z,95.1202,0.000000,0.000000,0.000000,above_band_high
2026-07-06T20:14:00Z,95.1659,0.000000,0.000000,0.000000,above_band_high
2026-07-06T20:15:00Z,95.1369,0.000000,0.000000,0.000000,above_band_high
2026-07-06T20:16:00Z,95.1431,0.000000,0.000000,0.000000,above_band_high
2026-07-06T20:17:00Z,95.1019,0.000000,0.000000,0.000000,above_band_high
2026-07-06T20:18:00Z,95.1385,0.000000,0.000000,0.000000,above_band_high
2026-07-06T20:19:00Z,95.1659,0.000000,0.000000,0.000000,above_band_high
2026-07-06T20:20:00Z,95.1522,0.000000,0.000000,0.000000,above_band_high
2026-07-06T20:21:00Z,95.1614,0.000000,0.000000,0.000000,above_band_high
2026-07-06T20:22:00Z,95.1736,0.000000,0.000000,0.000000,above_band_high
2026-07-06T20:23:00Z,95.1522,0.000000,0.000000,0.000000,above_band_high
2026-07-06T20:24:00Z,95.1659,0.000000,0.000000,0.000000,above_band_high
2026-07-06T20:25:00Z,95.1965,0.000000,0.000000,0.000000,above_band_high
2026-07-06T20:26:00Z,95.1522,0.000000,0.000000,0.000000,above_band_high
2026-07-06T20:27:00Z,95.1507,0.000000,0.000000,0.000000,above_band_high
2026-07-06T20:28:00Z,95.1568,0.000000,0.000000,0.000000,above_band_high
2026-07-06T20:29:00Z,95.1736,0.000000,0.000000,0.000000,above_band_high
2026-07-06T20:30:00Z,95.1568,0.000000,0.000000,0.000000,above_band_high
2026-07-06T20:31:00Z,95.1324,0.000000,0.000000,0.000000,above_band_high
2026-07-06T20:32:00Z,95.1507,0.000000,0.000000,0.000000,above_band_high
2026-07-06T20:33:00Z,95.1644,0.000000,0.000000,0.000000,above_band_high
2026-07-06T20:34:00Z,95.1369,0.000000,0.000000,0.000000,above_band_high
2026-07-06T20:35:00Z,95.1659,0.000000,0.000000,0.000000,above_band_high
2026-07-06T20:36:00Z,95.1736,0.000000,0.000000,0.000000,above_band_high
2026-07-06T20:37:00Z,95.1293,0.000000,0.000000,0.000000,above_band_high
2026-07-06T20:38:00Z,95.1186,0.000000,0.000000,0.000000,above_band_high
2026-07-06T20:39:00Z,95.1659,0.000000,0.000000,0.000000,above_band_high
2026-07-06T20:40:00Z,95.1553,0.000000,0.000000,0.000000,above_band_high
2026-07-06T20:41:00Z,95.1278,0.000000,0.000000,0.000000,above_band_high
2026-07-06T20:42:00Z,95.1415,0.000000,0.000000,0.000000,above_band_high
2026-07-06T20:43:00Z,95.1461,0.000000,0.000000,0.000000,above_band_high
2026-07-06T20:44:00Z,95.1568,0.000000,0.000000,0.000000,above_band_high
2026-07-06T20:45:00Z,95.1751,0.000000,0.000000,0.000000,above_band_high
2026-07-06T20:46:00Z,95.1614,0.000000,0.000000,0.000000,above_band_high
2026-07-06T20:47:00Z,95.1339,0.000000,0.000000,0.000000,above_band_high
2026-07-06T20:48:00Z,95.1980,0.000000,0.000000,0.000000,above_band_high
2026-07-06T20:49:00Z,95.1476,0.000000,0.000000,0.000000,above_band_high
2026-07-06T20:50:00Z,95.1431,0.000000,0.000000,0.000000,above_band_high
2026-07-06T20:51:00Z,95.1690,0.000000,0.000000,0.000000,above_band_high
2026-07-06T20:52:00Z,95.1339,0.000000,0.000000,0.000000,above_band_high
2026-07-06T20:53:00Z,95.1644,0.000000,0.000000,0.000000,above_band_high
2026-07-06T20:54:00Z,95.1644,0.000000,0.000000,0.000000,above_band_high
2026-07-06T20:55:00Z,95.1781,0.000000,0.000000,0.000000,above_band_high
2026-07-06T20:56:00Z,95.1461,0.000000,0.000000,0.000000,above_band_high
2026-07-06T20:57:00Z,95.1751,0.000000,0.000000,0.000000,above_band_high
2026-07-06T20:58:00Z,95.1644,0.000000,0.000000,0.000000,above_band_high
2026-07-06T20:59:00Z,95.1644,0.000000,0.000000,0.000000,above_band_high
2026-07-06T21:00:00Z,95.1690,0.000000,0.000000,0.000000,above_band_high
2026-07-06T21:01:00Z,95.1385,0.000000,0.000000,0.000000,above_band_high
2026-07-06T21:02:00Z,95.1644,0.000000,0.000000,0.000000,above_band_high
2026-07-06T21:03:00Z,95.1553,0.000000,0.000000,0.000000,above_band_high
2026-07-06T21:04:00Z,95.1507,0.000000,0.000000,0.000000,above_band_high
2026-07-06T21:05:00Z,95.1324,0.000000,0.000000,0.000000,above_band_high
2026-07-06T21:06:00Z,95.1278,0.000000,0.000000,0.000000,above_band_high
2026-07-06T21:07:00Z,95.1247,0.000000,0.000000,0.000000,above_band_high
2026-07-06T21:08:00Z,95.1507,0.000000,0.000000,0.000000,above_band_high
2026-07-06T21:09:00Z,95.1339,0.000000,0.000000,0.000000,above_band_high
2026-07-06T21:10:00Z,95.1324,0.000000,0.000000,0.000000,above_band_high
2026-07-06T21:11:00Z,95.1461,0.000000,0.000000,0.000000,above_band_high
2026-07-06T21:12:00Z,95.1385,0.000000,0.000000,0.000000,above_band_high
2026-07-06T21:13:00Z,95.1568,0.000000,0.000000,0.000000,above_band_high
2026-07-06T21:14:00Z,95.1202,0.000000,0.000000,0.000000,above_band_high
2026-07-06T21:15:00Z,95.1339,0.000000,0.000000,0.000000,above_band_high
2026-07-06T21:16:00Z,95.1461,0.000000,0.000000,0.000000,above_band_high
2026-07-06T21:17:00Z,95.1614,0.000000,0.000000,0.000000,above_band_high
2026-07-06T21:18:00Z,95.1461,0.000000,0.000000,0.000000,above_band_high
2026-07-06T21:19:00Z,95.1934,0.000000,0.000000,0.000000,above_band_high
2026-07-06T21:20:00Z,95.1339,0.000000,0.000000,0.000000,above_band_high
2026-07-06T21:21:00Z,95.1690,0.000000,0.000000,0.000000,above_band_high
2026-07-06T21:22:00Z,95.1568,0.000000,0.000000,0.000000,above_band_high
2026-07-06T21:23:00Z,95.1736,0.000000,0.000000,0.000000,above_band_high
2026-07-06T21:24:00Z,95.1568,0.000000,0.000000,0.000000,above_band_high
2026-07-06T21:25:00Z,95.2026,0.000000,0.000000,0.000000,above_band_high
2026-07-06T21:26:00Z,95.1751,0.000000,0.000000,0.000000,above_band_high
2026-07-06T21:27:00Z,95.1873,0.000000,0.000000,0.000000,above_band_high
2026-07-06T21:28:00Z,95.2102,0.000000,0.000000,0.000000,above_band_high
2026-07-06T21:29:00Z,95.1797,0.000000,0.000000,0.000000,above_band_high
2026-07-06T21:30:00Z,95.1980,0.000000,0.000000,0.000000,above_band_high
2026-07-06T21:31:00Z,95.1980,0.000000,0.000000,0.000000,above_band_high
2026-07-06T21:32:00Z,95.1797,0.000000,0.000000,0.000000,above_band_high
2026-07-06T21:33:00Z,95.2102,0.000000,0.000000,0.000000,above_band_high
2026-07-06T21:34:00Z,95.1827,0.000000,0.000000,0.000000,above_band_high
2026-07-06T21:35:00Z,95.1797,0.000000,0.000000,0.000000,above_band_high
2026-07-06T21:36:00Z,95.1797,0.000000,0.000000,0.000000,above_band_high
2026-07-06T21:37:00Z,95.1797,0.000000,0.000000,0.000000,above_band_high
2026-07-06T21:38:00Z,95.2056,0.000000,0.000000,0.000000,above_band_high
2026-07-06T21:39:00Z,95.1919,0.000000,0.000000,0.000000,above_band_high
2026-07-06T21:40:00Z,95.1690,0.000000,0.000000,0.000000,above_band_high
2026-07-06T21:41:00Z,95.1873,0.000000,0.000000,0.000000,above_band_high
2026-07-06T21:42:00Z,95.1919,0.000000,0.000000,0.000000,above_band_high
2026-07-06T21:43:00Z,95.2056,0.000000,0.000000,0.000000,above_band_high
2026-07-06T21:44:00Z,95.2102,0.000000,0.000000,0.000000,above_band_high
2026-07-06T21:45:00Z,95.2255,0.000000,0.000000,0.000000,above_band_high
2026-07-06T21:46:00Z,95.2026,0.000000,0.000000,0.000000,above_band_high
2026-07-06T21:47:00Z,95.1797,0.000000,0.000000,0.000000,above_band_high
2026-07-06T21:48:00Z,95.2163,0.000000,0.000000,0.000000,above_band_high
2026-07-06T21:49:00Z,95.2300,0.000000,0.000000,0.000000,above_band_high
2026-07-06T21:50:00Z,95.2163,0.000000,0.000000,0.000000,above_band_high
2026-07-06T21:51:00Z,95.2438,0.000000,0.000000,0.000000,above_band_high
2026-07-06T21:52:00Z,95.2239,0.000000,0.000000,0.000000,above_band_high
2026-07-06T21:53:00Z,95.1873,0.000000,0.000000,0.000000,above_band_high
2026-07-06T21:54:00Z,95.2209,0.000000,0.000000,0.000000,above_band_high
2026-07-06T21:55:00Z,95.2621,0.000000,0.000000,0.000000,above_band_high
2026-07-06T21:56:00Z,95.1980,0.000000,0.000000,0.000000,above_band_high
2026-07-06T21:57:00Z,95.2026,0.000000,0.000000,0.000000,above_band_high
2026-07-06T21:58:00Z,95.2209,0.000000,0.000000,0.000000,above_band_high
2026-07-06T21:59:00Z,95.1934,0.000000,0.000000,0.000000,above_band_high
2026-07-06T22:00:00Z,95.2056,0.000000,0.000000,0.000000,above_band_high
2026-07-06T22:01:00Z,95.1873,0.000000,0.000000,0.000000,above_band_high
2026-07-06T22:02:00Z,95.1934,0.000000,0.000000,0.000000,above_band_high
2026-07-06T22:03:00Z,95.2056,0.000000,0.000000,0.000000,above_band_high
2026-07-06T22:04:00Z,95.2117,0.000000,0.000000,0.000000,above_band_high
2026-07-06T22:05:00Z,95.2117,0.000000,0.000000,0.000000,above_band_high
2026-07-06T22:06:00Z,95.2300,0.000000,0.000000,0.000000,above_band_high
2026-07-06T22:07:00Z,95.2163,0.000000,0.000000,0.000000,above_band_high
2026-07-06T22:08:00Z,95.1934,0.000000,0.000000,0.000000,above_band_high
2026-07-06T22:09:00Z,95.2102,0.000000,0.000000,0.000000,above_band_high
2026-07-06T22:10:00Z,95.2026,0.000000,0.000000,0.000000,above_band_high
2026-07-06T22:11:00Z,95.2056,0.000000,0.000000,0.000000,above_band_high
2026-07-06T22:12:00Z,95.2102,0.000000,0.000000,0.000000,above_band_high
2026-07-06T22:13:00Z,95.2346,0.000000,0.000000,0.000000,above_band_high
2026-07-06T22:14:00Z,95.2193,0.000000,0.000000,0.000000,above_band_high
2026-07-06T22:15:00Z,95.2514,0.000000,0.000000,0.000000,above_band_high
2026-07-06T22:16:00Z,95.2331,0.000000,0.000000,0.000000,above_band_high
2026-07-06T22:17:00Z,95.2438,0.000000,0.000000,0.000000,above_band_high
2026-07-06T22:18:00Z,95.2239,0.000000,0.000000,0.000000,above_band_high
2026-07-06T22:19:00Z,95.2163,0.000000,0.000000,0.000000,above_band_high
2026-07-06T22:20:00Z,95.1934,0.000000,0.000000,0.000000,above_band_high
2026-07-06T22:21:00Z,95.2056,0.000000,0.000000,0.000000,above_band_high
2026-07-06T22:22:00Z,95.2102,0.000000,0.000000,0.000000,above_band_high
2026-07-06T22:23:00Z,95.2102,0.000000,0.000000,0.000000,above_band_high
2026-07-06T22:24:00Z,95.2056,0.000000,0.000000,0.000000,above_band_high
2026-07-06T22:25:00Z,95.2163,0.000000,0.000000,0.000000,above_band_high
2026-07-06T22:26:00Z,95.2117,0.000000,0.000000,0.000000,above_band_high
2026-07-06T22:27:00Z,95.1873,0.000000,0.000000,0.000000,above_band_high
2026-07-06T22:28:00Z,95.1980,0.000000,0.000000,0.000000,above_band_high
2026-07-06T22:29:00Z,95.1507,0.000000,0.000000,0.000000,above_band_high
2026-07-06T22:30:00Z,95.1736,0.000000,0.000000,0.000000,above_band_high
2026-07-06T22:31:00Z,95.1385,0.000000,0.000000,0.000000,above_band_high
2026-07-06T22:32:00Z,95.1568,0.000000,0.000000,0.000000,above_band_high
2026-07-06T22:33:00Z,95.1705,0.000000,0.000000,0.000000,above_band_high
2026-07-06T22:34:00Z,95.1614,0.000000,0.000000,0.000000,above_band_high
2026-07-06T22:35:00Z,95.1644,0.000000,0.000000,0.000000,above_band_high
2026-07-06T22:36:00Z,95.1415,0.000000,0.000000,0.000000,above_band_high
2026-07-06T22:37:00Z,95.1598,0.000000,0.000000,0.000000,above_band_high
2026-07-06T22:38:00Z,95.1461,0.000000,0.000000,0.000000,above_band_high
2026-07-06T22:39:00Z,95.1461,0.000000,0.000000,0.000000,above_band_high
2026-07-06T22:40:00Z,95.1247,0.000000,0.000000,0.000000,above_band_high
2026-07-06T22:41:00Z,95.1476,0.000000,0.000000,0.000000,above_band_high
2026-07-06T22:42:00Z,95.1293,0.000000,0.000000,0.000000,above_band_high
2026-07-06T22:43:00Z,95.1598,0.000000,0.000000,0.000000,above_band_high
2026-07-06T22:44:00Z,95.1522,0.000000,0.000000,0.000000,above_band_high
2026-07-06T22:45:00Z,95.1431,0.000000,0.000000,0.000000,above_band_high
2026-07-06T22:46:00Z,95.1339,0.000000,0.000000,0.000000,above_band_high
2026-07-06T22:47:00Z,95.1553,0.000000,0.000000,0.000000,above_band_high
2026-07-06T22:48:00Z,95.1049,0.000000,0.000000,0.000000,above_band_high
2026-07-06T22:49:00Z,95.1339,0.000000,0.000000,0.000000,above_band_high
2026-07-06T22:50:00Z,95.1247,0.000000,0.000000,0.000000,above_band_high
2026-07-06T22:51:00Z,95.1415,0.000000,0.000000,0.000000,above_band_high
2026-07-06T22:52:00Z,95.1278,0.000000,0.000000,0.000000,above_band_high
2026-07-06T22:53:00Z,95.1064,0.000000,0.000000,0.000000,above_band_high
2026-07-06T22:54:00Z,95.1247,0.000000,0.000000,0.000000,above_band_high
2026-07-06T22:55:00Z,95.1110,0.000000,0.000000,0.000000,above_band_high
2026-07-06T22:56:00Z,95.1232,0.000000,0.000000,0.000000,above_band_high
2026-07-06T22:57:00Z,95.1141,0.000000,0.000000,0.000000,above_band_high
2026-07-06T22:58:00Z,95.1003,0.000000,0.000000,0.000000,above_band_high
2026-07-06T22:59:00Z,95.1186,0.000000,0.000000,0.000000,above_band_high
2026-07-06T23:00:00Z,95.1003,0.000000,0.000000,0.000000,above_band_high
2026-07-06T23:01:00Z,95.1064,0.000000,0.000000,0.000000,above_band_high
2026-07-06T23:02:00Z,95.1156,0.000000,0.000000,0.000000,above_band_high
2026-07-06T23:03:00Z,95.0774,0.000000,0.000000,0.000000,above_band_high
2026-07-06T23:04:00Z,95.0774,0.000000,0.000000,0.000000,above_band_high
2026-07-06T23:05:00Z,95.0866,0.000000,0.000000,0.000000,above_band_high
2026-07-06T23:06:00Z,95.0958,0.000000,0.000000,0.000000,above_band_high
2026-07-06T23:07:00Z,95.0881,0.000000,0.000000,0.000000,above_band_high
2026-07-06T23:08:00Z,95.0958,0.000000,0.000000,0.000000,above_band_high
2026-07-06T23:09:00Z,95.1141,0.000000,0.000000,0.000000,above_band_high
2026-07-06T23:10:00Z,95.0958,0.000000,0.000000,0.000000,above_band_high
2026-07-06T23:11:00Z,95.1064,0.000000,0.000000,0.000000,above_band_high
2026-07-06T23:12:00Z,95.1278,0.000000,0.000000,0.000000,above_band_high
2026-07-06T23:13:00Z,95.1278,0.000000,0.000000,0.000000,above_band_high
2026-07-06T23:14:00Z,95.1247,0.000000,0.000000,0.000000,above_band_high
2026-07-06T23:15:00Z,95.1156,0.000000,0.000000,0.000000,above_band_high
2026-07-06T23:16:00Z,95.1461,0.000000,0.000000,0.000000,above_band_high
2026-07-06T23:17:00Z,95.1568,0.000000,0.000000,0.000000,above_band_high
2026-07-06T23:18:00Z,95.1461,0.000000,0.000000,0.000000,above_band_high
2026-07-06T23:19:00Z,95.1614,0.000000,0.000000,0.000000,above_band_high
2026-07-06T23:20:00Z,95.1797,0.000000,0.000000,0.000000,above_band_high
2026-07-06T23:21:00Z,95.1781,0.000000,0.000000,0.000000,above_band_high
2026-07-06T23:22:00Z,95.1934,0.000000,0.000000,0.000000,above_band_high
2026-07-06T23:23:00Z,95.1827,0.000000,0.000000,0.000000,above_band_high
2026-07-06T23:24:00Z,95.1644,0.000000,0.000000,0.000000,above_band_high
2026-07-06T23:25:00Z,95.2239,0.000000,0.000000,0.000000,above_band_high
2026-07-06T23:26:00Z,95.2239,0.000000,0.000000,0.000000,above_band_high
2026-07-06T23:27:00Z,95.2438,0.000000,0.000000,0.000000,above_band_high
2026-07-06T23:28:00Z,95.2392,0.000000,0.000000,0.000000,above_band_high
2026-07-06T23:29:00Z,95.2377,0.000000,0.000000,0.000000,above_band_high
2026-07-06T23:30:00Z,95.2758,0.000000,0.000000,0.000000,above_band_high
2026-07-06T23:31:00Z,95.2651,0.000000,0.000000,0.000000,above_band_high
2026-07-06T23:32:00Z,95.2972,0.000000,0.000000,0.000000,above_band_high
2026-07-06T23:33:00Z,95.2758,0.000000,0.000000,0.000000,above_band_high
2026-07-06T23:34:00Z,95.2834,0.000000,0.000000,0.000000,above_band_high
2026-07-06T23:35:00Z,95.3170,0.000000,0.000000,0.000000,above_band_high
2026-07-06T23:36:00Z,95.3063,0.000000,0.000000,0.000000,above_band_high
2026-07-06T23:37:00Z,95.3246,0.000000,0.000000,0.000000,above_band_high
2026-07-06T23:38:00Z,95.2941,0.000000,0.000000,0.000000,above_band_high
2026-07-06T23:39:00Z,95.2804,0.000000,0.000000,0.000000,above_band_high
2026-07-06T23:40:00Z,95.3292,0.000000,0.000000,0.000000,above_band_high
2026-07-06T23:41:00Z,95.3246,0.000000,0.000000,0.000000,above_band_high
2026-07-06T23:42:00Z,95.3017,0.000000,0.000000,0.000000,above_band_high
2026-07-06T23:43:00Z,95.3307,0.000000,0.000000,0.000000,above_band_high
2026-07-06T23:44:00Z,95.3216,0.000000,0.000000,0.000000,above_band_high
2026-07-06T23:45:00Z,95.3582,0.000000,0.000000,0.000000,above_band_high
2026-07-06T23:46:00Z,95.3491,0.000000,0.000000,0.000000,above_band_high
2026-07-06T23:47:00Z,95.3429,0.000000,0.000000,0.000000,above_band_high
2026-07-06T23:48:00Z,95.3429,0.000000,0.000000,0.000000,above_band_high
2026-07-06T23:49:00Z,95.3429,0.000000,0.000000,0.000000,above_band_high
2026-07-06T23:50:00Z,95.3475,0.000000,0.000000,0.000000,above_band_high
2026-07-06T23:51:00Z,95.3536,0.000000,0.000000,0.000000,above_band_high
2026-07-06T23:52:00Z,95.3307,0.000000,0.000000,0.000000,above_band_high
2026-07-06T23:53:00Z,95.3719,0.000000,0.000000,0.000000,above_band_high
2026-07-06T23:54:00Z,95.3521,0.000000,0.000000,0.000000,above_band_high
2026-07-06T23:55:00Z,95.3338,0.000000,0.000000,0.000000,above_band_high
2026-07-06T23:56:00Z,95.3475,0.000000,0.000000,0.000000,above_band_high
2026-07-06T23:57:00Z,95.3170,0.000000,0.000000,0.000000,above_band_high
2026-07-06T23:58:00Z,95.3399,0.000000,0.000000,0.000000,above_band_high
2026-07-06T23:59:00Z,95.3399,0.000000,0.000000,0.000000,above_band_high
2026-07-07T00:00:00Z,95.3399,0.000000,0.000000,0.000000,above_band_high
2026-07-07T00:01:00Z,95.3307,0.000000,0.000000,0.000000,above_band_high
2026-07-07T00:02:00Z,95.3475,0.000000,0.000000,0.000000,above_band_high
2026-07-07T00:03:00Z,95.3491,0.000000,0.000000,0.000000,above_band_high
2026-07-07T00:04:00Z,95.3201,0.000000,0.000000,0.000000,above_band_high
2026-07-07T00:05:00Z,95.3719,0.000000,0.000000,0.000000,above_band_high
2026-07-07T00:06:00Z,95.3536,0.000000,0.000000,0.000000,above_band_high
2026-07-07T00:07:00Z,95.3384,0.000000,0.000000,0.000000,above_band_high
2026-07-07T00:08:00Z,95.3429,0.000000,0.000000,0.000000,above_band_high
2026-07-07T00:09:00Z,95.3201,0.000000,0.000000,0.000000,above_band_high
2026-07-07T00:10:00Z,95.3246,0.000000,0.000000,0.000000,above_band_high
2026-07-07T00:11:00Z,95.3353,0.000000,0.000000,0.000000,above_band_high
2026-07-07T00:12:00Z,95.3384,0.000000,0.000000,0.000000,above_band_high
2026-07-07T00:13:00Z,95.3384,0.000000,0.000000,0.000000,above_band_high
2026-07-07T00:14:00Z,95.3353,0.000000,0.000000,0.000000,above_band_high
2026-07-07T00:15:00Z,95.3384,0.000000,0.000000,0.000000,above_band_high
2026-07-07T00:16:00Z,95.3658,0.000000,0.000000,0.000000,above_band_high
2026-07-07T00:17:00Z,95.3796,0.000000,0.000000,0.000000,above_band_high
2026-07-07T00:18:00Z,95.3796,0.000000,0.000000,0.000000,above_band_high
2026-07-07T00:19:00Z,95.3979,0.000000,0.000000,0.000000,above_band_high
2026-07-07T00:20:00Z,95.4208,0.000000,0.000000,0.000000,above_band_high
2026-07-07T00:21:00Z,95.4437,0.000000,0.000000,0.000000,above_band_high
2026-07-07T00:22:00Z,95.4635,0.000000,0.000000,0.000000,above_band_high
2026-07-07T00:23:00Z,95.4482,0.000000,0.000000,0.000000,above_band_high
2026-07-07T00:24:00Z,95.4498,0.000000,0.000000,0.000000,above_band_high
2026-07-07T00:25:00Z,95.4482,0.000000,0.000000,0.000000,above_band_high
2026-07-07T00:26:00Z,95.4574,0.000000,0.000000,0.000000,above_band_high
2026-07-07T00:27:00Z,95.4910,0.000000,0.000000,0.000000,above_band_high
2026-07-07T00:28:00Z,95.4910,0.000000,0.000000,0.000000,above_band_high
2026-07-07T00:29:00Z,95.4681,0.000000,0.000000,0.000000,above_band_high
2026-07-07T00:30:00Z,95.4803,0.000000,0.000000,0.000000,above_band_high
2026-07-07T00:31:00Z,95.4864,0.000000,0.000000,0.000000,above_band_high
2026-07-07T00:32:00Z,95.4589,0.000000,0.000000,0.000000,above_band_high
2026-07-07T00:33:00Z,95.4528,0.000000,0.000000,0.000000,above_band_high
2026-07-07T00:34:00Z,95.4940,0.000000,0.000000,0.000000,above_band_high
2026-07-07T00:35:00Z,95.4818,0.000000,0.000000,0.000000,above_band_high
2026-07-07T00:36:00Z,95.4711,0.000000,0.000000,0.000000,above_band_high
2026-07-07T00:37:00Z,95.4635,0.000000,0.000000,0.000000,above_band_high
2026-07-07T00:38:00Z,95.4910,0.000000,0.000000,0.000000,above_band_high
2026-07-07T00:39:00Z,95.4818,0.000000,0.000000,0.000000,above_band_high
2026-07-07T00:40:00Z,95.4711,0.000000,0.000000,0.000000,above_band_high
2026-07-07T00:41:00Z,95.4589,0.000000,0.000000,0.000000,above_band_high
2026-07-07T00:42:00Z,95.4864,0.000000,0.000000,0.000000,above_band_high
2026-07-07T00:43:00Z,95.4803,0.000000,0.000000,0.000000,above_band_high
2026-07-07T00:44:00Z,95.4726,0.000000,0.000000,0.000000,above_band_high
2026-07-07T00:45:00Z,95.4482,0.000000,0.000000,0.000000,above_band_high
2026-07-07T00:46:00Z,95.4635,0.000000,0.000000,0.000000,above_band_high
2026-07-07T00:47:00Z,95.4818,0.000000,0.000000,0.000000,above_band_high
2026-07-07T00:48:00Z,95.4345,0.000000,0.000000,0.000000,above_band_high
2026-07-07T00:49:00Z,95.4391,0.000000,0.000000,0.000000,above_band_high
2026-07-07T00:50:00Z,95.4635,0.000000,0.000000,0.000000,above_band_high
2026-07-07T00:51:00Z,95.4543,0.000000,0.000000,0.000000,above_band_high
2026-07-07T00:52:00Z,95.4772,0.000000,0.000000,0.000000,above_band_high
2026-07-07T00:53:00Z,95.4620,0.000000,0.000000,0.000000,above_band_high
2026-07-07T00:54:00Z,95.4345,0.000000,0.000000,0.000000,above_band_high
2026-07-07T00:55:00Z,95.4589,0.000000,0.000000,0.000000,above_band_high
2026-07-07T00:56:00Z,95.4299,0.000000,0.000000,0.000000,above_band_high
2026-07-07T00:57:00Z,95.4482,0.000000,0.000000,0.000000,above_band_high
2026-07-07T00:58:00Z,95.4528,0.000000,0.000000,0.000000,above_band_high
2026-07-07T00:59:00Z,95.4589,0.000000,0.000000,0.000000,above_band_high
2026-07-07T01:00:00Z,95.4665,0.000000,0.000000,0.000000,above_band_high
2026-07-07T01:01:00Z,95.4757,0.000000,0.000000,0.000000,above_band_high
2026-07-07T01:02:00Z,95.4818,0.000000,0.000000,0.000000,above_band_high
2026-07-07T01:03:00Z,95.4711,0.000000,0.000000,0.000000,above_band_high
2026-07-07T01:04:00Z,95.4665,0.000000,0.000000,0.000000,above_band_high
2026-07-07T01:05:00Z,95.4803,0.000000,0.000000,0.000000,above_band_high
2026-07-07T01:06:00Z,95.4635,0.000000,0.000000,0.000000,above_band_high
2026-07-07T01:07:00Z,95.4818,0.000000,0.000000,0.000000,above_band_high
2026-07-07T01:08:00Z,95.4986,0.000000,0.000000,0.000000,above_band_high
2026-07-07T01:09:00Z,95.4818,0.000000,0.000000,0.000000,above_band_high
2026-07-07T01:10:00Z,95.5138,0.000000,0.000000,0.000000,above_band_high
2026-07-07T01:11:00Z,95.5093,0.000000,0.000000,0.000000,above_band_high
2026-07-07T01:12:00Z,95.5230,0.000000,0.000000,0.000000,above_band_high
2026-07-07T01:13:00Z,95.5093,0.000000,0.000000,0.000000,above_band_high
2026-07-07T01:14:00Z,95.5230,0.000000,0.000000,0.000000,above_band_high
2026-07-07T01:15:00Z,95.5550,0.000000,0.000000,0.000000,above_band_high
2026-07-07T01:16:00Z,95.5688,0.000000,0.000000,0.000000,above_band_high
2026-07-07T01:17:00Z,95.5764,0.000000,0.000000,0.000000,above_band_high
2026-07-07T01:18:00Z,95.5444,0.000000,0.000000,0.000000,above_band_high
2026-07-07T01:19:00Z,95.5459,0.000000,0.000000,0.000000,above_band_high
2026-07-07T01:20:00Z,95.5718,0.000000,0.000000,0.000000,above_band_high
2026-07-07T01:21:00Z,95.5993,0.000000,0.000000,0.000000,above_band_high
2026-07-07T01:22:00Z,95.6054,0.000000,0.000000,0.000000,above_band_high
2026-07-07T01:23:00Z,95.6039,0.000000,0.000000,0.000000,above_band_high
2026-07-07T01:24:00Z,95.6146,0.000000,0.000000,0.000000,above_band_high
2026-07-07T01:25:00Z,95.6039,0.000000,0.000000,0.000000,above_band_high
2026-07-07T01:26:00Z,95.5917,0.000000,0.000000,0.000000,above_band_high
2026-07-07T01:27:00Z,95.6283,0.000000,0.000000,0.000000,above_band_high
2026-07-07T01:28:00Z,95.6146,0.000000,0.000000,0.000000,above_band_high
2026-07-07T01:29:00Z,95.6466,0.000000,0.000000,0.000000,above_band_high
2026-07-07T01:30:00Z,95.6359,0.000000,0.000000,0.000000,above_band_high
2026-07-07T01:31:00Z,95.6405,0.000000,0.000000,0.000000,above_band_high
2026-07-07T01:32:00Z,95.5871,0.000000,0.000000,0.000000,above_band_high
2026-07-07T01:33:00Z,95.6420,0.000000,0.000000,0.000000,above_band_high
2026-07-07T01:34:00Z,95.6313,0.000000,0.000000,0.000000,above_band_high
2026-07-07T01:35:00Z,95.6085,0.000000,0.000000,0.000000,above_band_high
2026-07-07T01:36:00Z,95.6283,0.000000,0.000000,0.000000,above_band_high
2026-07-07T01:37:00Z,95.6085,0.000000,0.000000,0.000000,above_band_high
2026-07-07T01:38:00Z,95.5993,0.000000,0.000000,0.000000,above_band_high
2026-07-07T01:39:00Z,95.5947,0.000000,0.000000,0.000000,above_band_high
2026-07-07T01:40:00Z,95.5947,0.000000,0.000000,0.000000,above_band_high
2026-07-07T01:41:00Z,95.6222,0.000000,0.000000,0.000000,above_band_high
2026-07-07T01:42:00Z,95.6146,0.000000,0.000000,0.000000,above_band_high
2026-07-07T01:43:00Z,95.5764,0.000000,0.000000,0.000000,above_band_high
2026-07-07T01:44:00Z,95.5871,0.000000,0.000000,0.000000,above_band_high
2026-07-07T01:45:00Z,95.6039,0.000000,0.000000,0.000000,above_band_high
2026-07-07T01:46:00Z,95.5550,0.000000,0.000000,0.000000,above_band_high
2026-07-07T01:47:00Z,95.5947,0.000000,0.000000,0.000000,above_band_high
2026-07-07T01:48:00Z,95.5947,0.000000,0.000000,0.000000,above_band_high
2026-07-07T01:49:00Z,95.5642,0.000000,0.000000,0.000000,above_band_high
2026-07-07T01:50:00Z,95.5764,0.000000,0.000000,0.000000,above_band_high
2026-07-07T01:51:00Z,95.5947,0.000000,0.000000,0.000000,above_band_high
2026-07-07T01:52:00Z,95.5718,0.000000,0.000000,0.000000,above_band_high
2026-07-07T01:53:00Z,95.5459,0.000000,0.000000,0.000000,above_band_high
2026-07-07T01:54:00Z,95.5764,0.000000,0.000000,0.000000,above_band_high
2026-07-07T01:55:00Z,95.5764,0.000000,0.000000,0.000000,above_band_high
2026-07-07T01:56:00Z,95.5550,0.000000,0.000000,0.000000,above_band_high
2026-07-07T01:57:00Z,95.5642,0.000000,0.000000,0.000000,above_band_high
2026-07-07T01:58:00Z,95.5505,0.000000,0.000000,0.000000,above_band_high
2026-07-07T01:59:00Z,95.5398,0.000000,0.000000,0.000000,above_band_high
2026-07-07T02:00:00Z,95.5352,0.000000,0.000000,0.000000,above_band_high
2026-07-07T02:01:00Z,95.5535,0.000000,0.000000,0.000000,above_band_high
2026-07-07T02:02:00Z,95.4986,0.000000,0.000000,0.000000,above_band_high
2026-07-07T02:03:00Z,95.5596,0.000000,0.000000,0.000000,above_band_high
2026-07-07T02:04:00Z,95.5489,0.000000,0.000000,0.000000,above_band_high
2026-07-07T02:05:00Z,95.5596,0.000000,0.000000,0.000000,above_band_high
2026-07-07T02:06:00Z,95.5581,0.000000,0.000000,0.000000,above_band_high
2026-07-07T02:07:00Z,95.5489,0.000000,0.000000,0.000000,above_band_high
2026-07-07T02:08:00Z,95.5489,0.000000,0.000000,0.000000,above_band_high
2026-07-07T02:09:00Z,95.5169,0.000000,0.000000,0.000000,above_band_high
2026-07-07T02:10:00Z,95.5230,0.000000,0.000000,0.000000,above_band_high
2026-07-07T02:11:00Z,95.5367,0.000000,0.000000,0.000000,above_band_high
2026-07-07T02:12:00Z,95.5306,0.000000,0.000000,0.000000,above_band_high
2026-07-07T02:13:00Z,95.5825,0.000000,0.000000,0.000000,above_band_high
2026-07-07T02:14:00Z,95.5535,0.000000,0.000000,0.000000,above_band_high
2026-07-07T02:15:00Z,95.5398,0.000000,0.000000,0.000000,above_band_high
2026-07-07T02:16:00Z,95.5550,0.000000,0.000000,0.000000,above_band_high
2026-07-07T02:17:00Z,95.5276,0.000000,0.000000,0.000000,above_band_high
2026-07-07T02:18:00Z,95.5489,0.000000,0.000000,0.000000,above_band_high
2026-07-07T02:19:00Z,95.5230,0.000000,0.000000,0.000000,above_band_high
2026-07-07T02:20:00Z,95.5779,0.000000,0.000000,0.000000,above_band_high
2026-07-07T02:21:00Z,95.5673,0.000000,0.000000,0.000000,above_band_high
2026-07-07T02:22:00Z,95.5596,0.000000,0.000000,0.000000,above_band_high
2026-07-07T02:23:00Z,95.5871,0.000000,0.000000,0.000000,above_band_high
2026-07-07T02:24:00Z,95.5459,0.000000,0.000000,0.000000,above_band_high
2026-07-07T02:25:00Z,95.5673,0.000000,0.000000,0.000000,above_band_high
2026-07-07T02:26:00Z,95.5917,0.000000,0.000000,0.000000,above_band_high
2026-07-07T02:27:00Z,95.5810,0.000000,0.000000,0.000000,above_band_high
2026-07-07T02:28:00Z,95.5901,0.000000,0.000000,0.000000,above_band_high
2026-07-07T02:29:00Z,95.5810,0.000000,0.000000,0.000000,above_band_high
2026-07-07T02:30:00Z,95.5947,0.000000,0.000000,0.000000,above_band_high
2026-07-07T02:31:00Z,95.5856,0.000000,0.000000,0.000000,above_band_high
2026-07-07T02:32:00Z,95.5962,0.000000,0.000000,0.000000,above_band_high
2026-07-07T02:33:00Z,95.5917,0.000000,0.000000,0.000000,above_band_high
2026-07-07T02:34:00Z,95.5734,0.000000,0.000000,0.000000,above_band_high
2026-07-07T02:35:00Z,95.5779,0.000000,0.000000,0.000000,above_band_high
2026-07-07T02:36:00Z,95.6100,0.000000,0.000000,0.000000,above_band_high
2026-07-07T02:37:00Z,95.5734,0.000000,0.000000,0.000000,above_band_high
2026-07-07T02:38:00Z,95.6054,0.000000,0.000000,0.000000,above_band_high
2026-07-07T02:39:00Z,95.5962,0.000000,0.000000,0.000000,above_band_high
2026-07-07T02:40:00Z,95.5810,0.000000,0.000000,0.000000,above_band_high
2026-07-07T02:41:00Z,95.5810,0.000000,0.000000,0.000000,above_band_high
2026-07-07T02:42:00Z,95.5993,0.000000,0.000000,0.000000,above_band_high
2026-07-07T02:43:00Z,95.5993,0.000000,0.000000,0.000000,above_band_high
2026-07-07T02:44:00Z,95.6268,0.000000,0.000000,0.000000,above_band_high
2026-07-07T02:45:00Z,95.5825,0.000000,0.000000,0.000000,above_band_high
2026-07-07T02:46:00Z,95.5505,0.000000,0.000000,0.000000,above_band_high
2026-07-07T02:47:00Z,95.5993,0.000000,0.000000,0.000000,above_band_high
2026-07-07T02:48:00Z,95.6054,0.000000,0.000000,0.000000,above_band_high
2026-07-07T02:49:00Z,95.5810,0.000000,0.000000,0.000000,above_band_high
2026-07-07T02:50:00Z,95.5871,0.000000,0.000000,0.000000,above_band_high
2026-07-07T02:51:00Z,95.5398,0.000000,0.000000,0.000000,above_band_high
2026-07-07T02:52:00Z,95.5734,0.000000,0.000000,0.000000,above_band_high
2026-07-07T02:53:00Z,95.5901,0.000000,0.000000,0.000000,above_band_high
2026-07-07T02:54:00Z,95.5642,0.000000,0.000000,0.000000,above_band_high
2026-07-07T02:55:00Z,95.5688,0.000000,0.000000,0.000000,above_band_high
2026-07-07T02:56:00Z,95.5947,0.000000,0.000000,0.000000,above_band_high
2026-07-07T02:57:00Z,95.5856,0.000000,0.000000,0.000000,above_band_high
2026-07-07T02:58:00Z,95.5535,0.000000,0.000000,0.000000,above_band_high
2026-07-07T02:59:00Z,95.5947,0.000000,0.000000,0.000000,above_band_high
2026-07-07T03:00:00Z,95.5489,0.000000,0.000000,0.000000,above_band_high
2026-07-07T03:01:00Z,95.5688,0.000000,0.000000,0.000000,above_band_high
2026-07-07T03:02:00Z,95.5779,0.000000,0.000000,0.000000,above_band_high
2026-07-07T03:03:00Z,95.5718,0.000000,0.000000,0.000000,above_band_high
2026-07-07T03:04:00Z,95.5764,0.000000,0.000000,0.000000,above_band_high
2026-07-07T03:05:00Z,95.5871,0.000000,0.000000,0.000000,above_band_high
2026-07-07T03:06:00Z,95.5856,0.000000,0.000000,0.000000,above_band_high
2026-07-07T03:07:00Z,95.5856,0.000000,0.000000,0.000000,above_band_high
2026-07-07T03:08:00Z,95.5856,0.000000,0.000000,0.000000,above_band_high
2026-07-07T03:09:00Z,95.5901,0.000000,0.000000,0.000000,above_band_high
2026-07-07T03:10:00Z,95.5764,0.000000,0.000000,0.000000,above_band_high
2026-07-07T03:11:00Z,95.6054,0.000000,0.000000,0.000000,above_band_high
2026-07-07T03:12:00Z,95.5947,0.000000,0.000000,0.000000,above_band_high
2026-07-07T03:13:00Z,95.6146,0.000000,0.000000,0.000000,above_band_high
2026-07-07T03:14:00Z,95.5856,0.000000,0.000000,0.000000,above_band_high
2026-07-07T03:15:00Z,95.6359,0.000000,0.000000,0.000000,above_band_high
2026-07-07T03:16:00Z,95.6130,0.000000,0.000000,0.000000,above_band_high
2026-07-07T03:17:00Z,95.6374,0.000000,0.000000,0.000000,above_band_high
2026-07-07T03:18:00Z,95.6725,0.000000,0.000000,0.000000,above_band_high
2026-07-07T03:19:00Z,95.6283,0.000000,0.000000,0.000000,above_band_high
2026-07-07T03:20:00Z,95.6558,0.000000,0.000000,0.000000,above_band_high
2026-07-07T03:21:00Z,95.6603,0.000000,0.000000,0.000000,above_band_high
2026-07-07T03:22:00Z,95.6512,0.000000,0.000000,0.000000,above_band_high
2026-07-07T03:23:00Z,95.6725,0.000000,0.000000,0.000000,above_band_high
2026-07-07T03:24:00Z,95.6725,0.000000,0.000000,0.000000,above_band_high
2026-07-07T03:25:00Z,95.6786,0.000000,0.000000,0.000000,above_band_high
2026-07-07T03:26:00Z,95.6954,0.000000,0.000000,0.000000,above_band_high
2026-07-07T03:27:00Z,95.7061,0.000000,0.000000,0.000000,above_band_high
2026-07-07T03:28:00Z,95.6741,0.000000,0.000000,0.000000,above_band_high
2026-07-07T03:29:00Z,95.6786,0.000000,0.000000,0.000000,above_band_high
2026-07-07T03:30:00Z,95.6924,0.000000,0.000000,0.000000,above_band_high
2026-07-07T03:31:00Z,95.6909,0.000000,0.000000,0.000000,above_band_high
2026-07-07T03:32:00Z,95.6786,0.000000,0.000000,0.000000,above_band_high
2026-07-07T03:33:00Z,95.6817,0.000000,0.000000,0.000000,above_band_high
2026-07-07T03:34:00Z,95.6649,0.000000,0.000000,0.000000,above_band_high
2026-07-07T03:35:00Z,95.7061,0.000000,0.000000,0.000000,above_band_high
2026-07-07T03:36:00Z,95.6909,0.000000,0.000000,0.000000,above_band_high
2026-07-07T03:37:00Z,95.6680,0.000000,0.000000,0.000000,above_band_high
2026-07-07T03:38:00Z,95.6466,0.000000,0.000000,0.000000,above_band_high
2026-07-07T03:39:00Z,95.6863,0.000000,0.000000,0.000000,above_band_high
2026-07-07T03:40:00Z,95.6909,0.000000,0.000000,0.000000,above_band_high
2026-07-07T03:41:00Z,95.6924,0.000000,0.000000,0.000000,above_band_high
2026-07-07T03:42:00Z,95.6542,0.000000,0.000000,0.000000,above_band_high
2026-07-07T03:43:00Z,95.6771,0.000000,0.000000,0.000000,above_band_high
2026-07-07T03:44:00Z,95.6725,0.000000,0.000000,0.000000,above_band_high
2026-07-07T03:45:00Z,95.6924,0.000000,0.000000,0.000000,above_band_high
2026-07-07T03:46:00Z,95.6924,0.000000,0.000000,0.000000,above_band_high
2026-07-07T03:47:00Z,95.6558,0.000000,0.000000,0.000000,above_band_high
2026-07-07T03:48:00Z,95.7000,0.000000,0.000000,0.000000,above_band_high
2026-07-07T03:49:00Z,95.6725,0.000000,0.000000,0.000000,above_band_high
2026-07-07T03:50:00Z,95.6558,0.000000,0.000000,0.000000,above_band_high
2026-07-07T03:51:00Z,95.6832,0.000000,0.000000,0.000000,above_band_high
2026-07-07T03:52:00Z,95.6512,0.000000,0.000000,0.000000,above_band_high
2026-07-07T03:53:00Z,95.6588,0.000000,0.000000,0.000000,above_band_high
2026-07-07T03:54:00Z,95.6649,0.000000,0.000000,0.000000,above_band_high
2026-07-07T03:55:00Z,95.6924,0.000000,0.000000,0.000000,above_band_high
2026-07-07T03:56:00Z,95.6771,0.000000,0.000000,0.000000,above_band_high
2026-07-07T03:57:00Z,95.6542,0.000000,0.000000,0.000000,above_band_high
2026-07-07T03:58:00Z,95.6649,0.000000,0.000000,0.000000,above_band_high
2026-07-07T03:59:00Z,95.6603,0.000000,0.000000,0.000000,above_band_high
2026-07-07T04:00:00Z,95.6603,0.000000,0.000000,0.000000,above_band_high
2026-07-07T04:01:00Z,95.6695,0.000000,0.000000,0.000000,above_band_high
2026-07-07T04:02:00Z,95.6832,0.000000,0.000000,0.000000,above_band_high
2026-07-07T04:03:00Z,95.6771,0.000000,0.000000,0.000000,above_band_high
2026-07-07T04:04:00Z,95.6634,0.000000,0.000000,0.000000,above_band_high
2026-07-07T04:05:00Z,95.6878,0.000000,0.000000,0.000000,above_band_high
2026-07-07T04:06:00Z,95.6588,0.000000,0.000000,0.000000,above_band_high
2026-07-07T04:07:00Z,95.6725,0.000000,0.000000,0.000000,above_band_high
2026-07-07T04:08:00Z,95.6237,0.000000,0.000000,0.000000,above_band_high
2026-07-07T04:09:00Z,95.7000,0.000000,0.000000,0.000000,above_band_high
2026-07-07T04:10:00Z,95.6603,0.000000,0.000000,0.000000,above_band_high
2026-07-07T04:11:00Z,95.6649,0.000000,0.000000,0.000000,above_band_high
2026-07-07T04:12:00Z,95.6466,0.000000,0.000000,0.000000,above_band_high
2026-07-07T04:13:00Z,95.6374,0.000000,0.000000,0.000000,above_band_high
2026-07-07T04:14:00Z,95.6725,0.000000,0.000000,0.000000,above_band_high
2026-07-07T04:15:00Z,95.6558,0.000000,0.000000,0.000000,above_band_high
2026-07-07T04:16:00Z,95.6466,0.000000,0.000000,0.000000,above_band_high
2026-07-07T04:17:00Z,95.6497,0.000000,0.000000,0.000000,above_band_high
2026-07-07T04:18:00Z,95.6451,0.000000,0.000000,0.000000,above_band_high
2026-07-07T04:19:00Z,95.6497,0.000000,0.000000,0.000000,above_band_high
2026-07-07T04:20:00Z,95.6725,0.000000,0.000000,0.000000,above_band_high
2026-07-07T04:21:00Z,95.7107,0.000000,0.000000,0.000000,above_band_high
2026-07-07T04:22:00Z,95.6634,0.000000,0.000000,0.000000,above_band_high
2026-07-07T04:23:00Z,95.6954,0.000000,0.000000,0.000000,above_band_high
2026-07-07T04:24:00Z,95.6634,0.000000,0.000000,0.000000,above_band_high
2026-07-07T04:25:00Z,95.6725,0.000000,0.000000,0.000000,above_band_high
2026-07-07T04:26:00Z,95.6741,0.000000,0.000000,0.000000,above_band_high
2026-07-07T04:27:00Z,95.7153,0.000000,0.000000,0.000000,above_band_high
2026-07-07T04:28:00Z,95.6786,0.000000,0.000000,0.000000,above_band_high
2026-07-07T04:29:00Z,95.7153,0.000000,0.000000,0.000000,above_band_high
2026-07-07T04:30:00Z,95.7092,0.000000,0.000000,0.000000,above_band_high
2026-07-07T04:31:00Z,95.7153,0.000000,0.000000,0.000000,above_band_high
2026-07-07T04:32:00Z,95.7092,0.000000,0.000000,0.000000,above_band_high
2026-07-07T04:33:00Z,95.7336,0.000000,0.000000,0.000000,above_band_high
2026-07-07T04:34:00Z,95.7000,0.000000,0.000000,0.000000,above_band_high
2026-07-07T04:35:00Z,95.7153,0.000000,0.000000,0.000000,above_band_high
2026-07-07T04:36:00Z,95.7366,0.000000,0.000000,0.000000,above_band_high
2026-07-07T04:37:00Z,95.6970,0.000000,0.000000,0.000000,above_band_high
2026-07-07T04:38:00Z,95.7382,0.000000,0.000000,0.000000,above_band_high
2026-07-07T04:39:00Z,95.6878,0.000000,0.000000,0.000000,above_band_high
2026-07-07T04:40:00Z,95.7107,0.000000,0.000000,0.000000,above_band_high
2026-07-07T04:41:00Z,95.7183,0.000000,0.000000,0.000000,above_band_high
2026-07-07T04:42:00Z,95.7290,0.000000,0.000000,0.000000,above_band_high
2026-07-07T04:43:00Z,95.7473,0.000000,0.000000,0.000000,above_band_high
2026-07-07T04:44:00Z,95.7183,0.000000,0.000000,0.000000,above_band_high
2026-07-07T04:45:00Z,95.7275,0.000000,0.000000,0.000000,above_band_high
2026-07-07T04:46:00Z,95.7000,0.000000,0.000000,0.000000,above_band_high
2026-07-07T04:47:00Z,95.7061,0.000000,0.000000,0.000000,above_band_high
2026-07-07T04:48:00Z,95.6878,0.000000,0.000000,0.000000,above_band_high
2026-07-07T04:49:00Z,95.7153,0.000000,0.000000,0.000000,above_band_high
2026-07-07T04:50:00Z,95.6878,0.000000,0.000000,0.000000,above_band_high
2026-07-07T04:51:00Z,95.7519,0.000000,0.000000,0.000000,above_band_high
2026-07-07T04:52:00Z,95.7183,0.000000,0.000000,0.000000,above_band_high
2026-07-07T04:53:00Z,95.7183,0.000000,0.000000,0.000000,above_band_high
2026-07-07T04:54:00Z,95.6954,0.000000,0.000000,0.000000,above_band_high
2026-07-07T04:55:00Z,95.7046,0.000000,0.000000,0.000000,above_band_high
2026-07-07T04:56:00Z,95.7321,0.000000,0.000000,0.000000,above_band_high
2026-07-07T04:57:00Z,95.7473,0.000000,0.000000,0.000000,above_band_high
2026-07-07T04:58:00Z,95.6924,0.000000,0.000000,0.000000,above_band_high
2026-07-07T04:59:00Z,95.7000,0.000000,0.000000,0.000000,above_band_high
2026-07-07T05:00:00Z,95.7244,0.000000,0.000000,0.000000,above_band_high
2026-07-07T05:01:00Z,95.7092,0.000000,0.000000,0.000000,above_band_high
2026-07-07T05:02:00Z,95.7244,0.000000,0.000000,0.000000,above_band_high
2026-07-07T05:03:00Z,95.7107,0.000000,0.000000,0.000000,above_band_high
2026-07-07T05:04:00Z,95.7015,0.000000,0.000000,0.000000,above_band_high
2026-07-07T05:05:00Z,95.7321,0.000000,0.000000,0.000000,above_band_high
2026-07-07T05:06:00Z,95.7092,0.000000,0.000000,0.000000,above_band_high
2026-07-07T05:07:00Z,95.7275,0.000000,0.000000,0.000000,above_band_high
2026-07-07T05:08:00Z,95.7092,0.000000,0.000000,0.000000,above_band_high
2026-07-07T05:09:00Z,95.6909,0.000000,0.000000,0.000000,above_band_high
2026-07-07T05:10:00Z,95.7015,0.000000,0.000000,0.000000,above_band_high
2026-07-07T05:11:00Z,95.7046,0.000000,0.000000,0.000000,above_band_high
2026-07-07T05:12:00Z,95.7275,0.000000,0.000000,0.000000,above_band_high
2026-07-07T05:13:00Z,95.6863,0.000000,0.000000,0.000000,above_band_high
2026-07-07T05:14:00Z,95.7336,0.000000,0.000000,0.000000,above_band_high
2026-07-07T05:15:00Z,95.7656,0.000000,0.000000,0.000000,above_band_high
2026-07-07T05:16:00Z,95.7366,0.000000,0.000000,0.000000,above_band_high
2026-07-07T05:17:00Z,95.7458,0.000000,0.000000,0.000000,above_band_high
2026-07-07T05:18:00Z,95.7549,0.000000,0.000000,0.000000,above_band_high
2026-07-07T05:19:00Z,95.7565,0.000000,0.000000,0.000000,above_band_high
2026-07-07T05:20:00Z,95.7870,0.000000,0.000000,0.000000,above_band_high
2026-07-07T05:21:00Z,95.7641,0.000000,0.000000,0.000000,above_band_high
2026-07-07T05:22:00Z,95.7870,0.000000,0.000000,0.000000,above_band_high
2026-07-07T05:23:00Z,95.7916,0.000000,0.000000,0.000000,above_band_high
2026-07-07T05:24:00Z,95.8007,0.000000,0.000000,0.000000,above_band_high
2026-07-07T05:25:00Z,95.8145,0.000000,0.000000,0.000000,above_band_high
2026-07-07T05:26:00Z,95.8145,0.000000,0.000000,0.000000,above_band_high
2026-07-07T05:27:00Z,95.8251,0.000000,0.000000,0.000000,above_band_high
2026-07-07T05:28:00Z,95.8434,0.000000,0.000000,0.000000,above_band_high
2026-07-07T05:29:00Z,95.8373,0.000000,0.000000,0.000000,above_band_high
2026-07-07T05:30:00Z,95.8511,0.000000,0.000000,0.000000,above_band_high
2026-07-07T05:31:00Z,95.8145,0.000000,0.000000,0.000000,above_band_high
2026-07-07T05:32:00Z,95.8694,0.000000,0.000000,0.000000,above_band_high
2026-07-07T05:33:00Z,95.8572,0.000000,0.000000,0.000000,above_band_high
2026-07-07T05:34:00Z,95.8785,0.000000,0.000000,0.000000,above_band_high
2026-07-07T05:35:00Z,95.8511,0.000000,0.000000,0.000000,above_band_high
2026-07-07T05:36:00Z,95.8511,0.000000,0.000000,0.000000,above_band_high
2026-07-07T05:37:00Z,95.8618,0.000000,0.000000,0.000000,above_band_high
2026-07-07T05:38:00Z,95.8419,0.000000,0.000000,0.000000,above_band_high
2026-07-07T05:39:00Z,95.8434,0.000000,0.000000,0.000000,above_band_high
2026-07-07T05:40:00Z,95.8846,0.000000,0.000000,0.000000,above_band_high
2026-07-07T05:41:00Z,95.8618,0.000000,0.000000,0.000000,above_band_high
2026-07-07T05:42:00Z,95.8282,0.000000,0.000000,0.000000,above_band_high
2026-07-07T05:43:00Z,95.8389,0.000000,0.000000,0.000000,above_band_high
2026-07-07T05:44:00Z,95.8419,0.000000,0.000000,0.000000,above_band_high
2026-07-07T05:45:00Z,95.8236,0.000000,0.000000,0.000000,above_band_high
2026-07-07T05:46:00Z,95.8511,0.000000,0.000000,0.000000,above_band_high
2026-07-07T05:47:00Z,95.8373,0.000000,0.000000,0.000000,above_band_high
2026-07-07T05:48:00Z,95.8145,0.000000,0.000000,0.000000,above_band_high
2026-07-07T05:49:00Z,95.8206,0.000000,0.000000,0.000000,above_band_high
2026-07-07T05:50:00Z,95.7977,0.000000,0.000000,0.000000,above_band_high
2026-07-07T05:51:00Z,95.8053,0.000000,0.000000,0.000000,above_band_high
2026-07-07T05:52:00Z,95.8434,0.000000,0.000000,0.000000,above_band_high
2026-07-07T05:53:00Z,95.7977,0.000000,0.000000,0.000000,above_band_high
2026-07-07T05:54:00Z,95.8526,0.000000,0.000000,0.000000,above_band_high
2026-07-07T05:55:00Z,95.8282,0.000000,0.000000,0.000000,above_band_high
2026-07-07T05:56:00Z,95.8328,0.000000,0.000000,0.000000,above_band_high
2026-07-07T05:57:00Z,95.8328,0.000000,0.000000,0.000000,above_band_high
2026-07-07T05:58:00Z,95.7931,0.000000,0.000000,0.000000,above_band_high
2026-07-07T05:59:00Z,95.8099,0.000000,0.000000,0.000000,above_band_high
2026-07-07T06:00:00Z,95.8007,0.000000,0.000000,0.000000,above_band_high
2026-07-07T06:01:00Z,95.8068,0.000000,0.000000,0.000000,above_band_high
2026-07-07T06:02:00Z,95.7687,0.000000,0.000000,0.000000,above_band_high
2026-07-07T06:03:00Z,95.8389,0.000000,0.000000,0.000000,above_band_high
2026-07-07T06:04:00Z,95.7748,0.000000,0.000000,0.000000,above_band_high
2026-07-07T06:05:00Z,95.8022,0.000000,0.000000,0.000000,above_band_high
2026-07-07T06:06:00Z,95.8022,0.000000,0.000000,0.000000,above_band_high
2026-07-07T06:07:00Z,95.7748,0.000000,0.000000,0.000000,above_band_high
2026-07-07T06:08:00Z,95.7931,0.000000,0.000000,0.000000,above_band_high
2026-07-07T06:09:00Z,95.7565,0.000000,0.000000,0.000000,above_band_high
2026-07-07T06:10:00Z,95.7656,0.000000,0.000000,0.000000,above_band_high
2026-07-07T06:11:00Z,95.8068,0.000000,0.000000,0.000000,above_band_high
2026-07-07T06:12:00Z,95.7519,0.000000,0.000000,0.000000,above_band_high
2026-07-07T06:13:00Z,95.7702,0.000000,0.000000,0.000000,above_band_high
2026-07-07T06:14:00Z,95.8068,0.000000,0.000000,0.000000,above_band_high
2026-07-07T06:15:00Z,95.7839,0.000000,0.000000,0.000000,above_band_high
2026-07-07T06:16:00Z,95.7549,0.000000,0.000000,0.000000,above_band_high
2026-07-07T06:17:00Z,95.7504,0.000000,0.000000,0.000000,above_band_high
2026-07-07T06:18:00Z,95.7366,0.000000,0.000000,0.000000,above_band_high
2026-07-07T06:19:00Z,95.7565,0.000000,0.000000,0.000000,above_band_high
2026-07-07T06:20:00Z,95.7870,0.000000,0.000000,0.000000,above_band_high
2026-07-07T06:21:00Z,95.7565,0.000000,0.000000,0.000000,above_band_high
2026-07-07T06:22:00Z,95.7870,0.000000,0.000000,0.000000,above_band_high
2026-07-07T06:23:00Z,95.7977,0.000000,0.000000,0.000000,above_band_high
2026-07-07T06:24:00Z,95.7794,0.000000,0.000000,0.000000,above_band_high
2026-07-07T06:25:00Z,95.7916,0.000000,0.000000,0.000000,above_band_high
2026-07-07T06:26:00Z,95.8099,0.000000,0.000000,0.000000,above_band_high
2026-07-07T06:27:00Z,95.8053,0.000000,0.000000,0.000000,above_band_high
2026-07-07T06:28:00Z,95.8526,0.000000,0.000000,0.000000,above_band_high
2026-07-07T06:29:00Z,95.8145,0.000000,0.000000,0.000000,above_band_high
2026-07-07T06:30:00Z,95.8053,0.000000,0.000000,0.000000,above_band_high
2026-07-07T06:31:00Z,95.8755,0.000000,0.000000,0.000000,above_band_high
2026-07-07T06:32:00Z,95.8068,0.000000,0.000000,0.000000,above_band_high
2026-07-07T06:33:00Z,95.8556,0.000000,0.000000,0.000000,above_band_high
2026-07-07T06:34:00Z,95.8556,0.000000,0.000000,0.000000,above_band_high
2026-07-07T06:35:00Z,95.8434,0.000000,0.000000,0.000000,above_band_high
2026-07-07T06:36:00Z,95.8572,0.000000,0.000000,0.000000,above_band_high
2026-07-07T06:37:00Z,95.8480,0.000000,0.000000,0.000000,above_band_high
2026-07-07T06:38:00Z,95.8434,0.000000,0.000000,0.000000,above_band_high
2026-07-07T06:39:00Z,95.8434,0.000000,0.000000,0.000000,above_band_high
2026-07-07T06:40:00Z,95.8740,0.000000,0.000000,0.000000,above_band_high
2026-07-07T06:41:00Z,95.8602,0.000000,0.000000,0.000000,above_band_high
2026-07-07T06:42:00Z,95.8709,0.000000,0.000000,0.000000,above_band_high
2026-07-07T06:43:00Z,95.8556,0.000000,0.000000,0.000000,above_band_high
2026-07-07T06:44:00Z,95.8663,0.000000,0.000000,0.000000,above_band_high
2026-07-07T06:45:00Z,95.8740,0.000000,0.000000,0.000000,above_band_high
2026-07-07T06:46:00Z,95.8602,0.000000,0.000000,0.000000,above_band_high
2026-07-07T06:47:00Z,95.8572,0.000000,0.000000,0.000000,above_band_high
2026-07-07T06:48:00Z,95.9258,0.000000,0.000000,0.000000,above_band_high
2026-07-07T06:49:00Z,95.8709,0.000000,0.000000,0.000000,above_band_high
2026-07-07T06:50:00Z,95.8923,0.000000,0.000000,0.000000,above_band_high
2026-07-07T06:51:00Z,95.8938,0.000000,0.000000,0.000000,above_band_high
2026-07-07T06:52:00Z,95.8831,0.000000,0.000000,0.000000,above_band_high
2026-07-07T06:53:00Z,95.8831,0.000000,0.000000,0.000000,above_band_high
2026-07-07T06:54:00Z,95.8709,0.000000,0.000000,0.000000,above_band_high
2026-07-07T06:55:00Z,95.9289,0.000000,0.000000,0.000000,above_band_high
2026-07-07T06:56:00Z,95.9121,0.000000,0.000000,0.000000,above_band_high
2026-07-07T06:57:00Z,95.9258,0.000000,0.000000,0.000000,above_band_high
2026-07-07T06:58:00Z,95.9350,0.000000,0.000000,0.000000,above_band_high
2026-07-07T06:59:00Z,95.9350,0.000000,0.000000,0.000000,above_band_high
2026-07-07T07:00:00Z,95.9350,0.000000,0.000000,0.000000,above_band_high
2026-07-07T07:01:00Z,95.9655,0.000000,0.000000,0.000000,above_band_high
2026-07-07T07:02:00Z,95.9472,0.000000,0.000000,0.000000,above_band_high
2026-07-07T07:03:00Z,95.9945,0.000000,0.000000,0.000000,above_band_high
2026-07-07T07:04:00Z,95.9747,0.000000,0.000000,0.000000,above_band_high
2026-07-07T07:05:00Z,96.0159,0.000000,0.000000,0.000000,above_band_high
2026-07-07T07:06:00Z,95.9854,0.000000,0.000000,0.000000,above_band_high
2026-07-07T07:07:00Z,96.0357,0.000000,0.000000,0.000000,above_band_high
2026-07-07T07:08:00Z,96.0678,0.000000,0.000000,0.000000,above_band_high
2026-07-07T07:09:00Z,96.0220,0.000000,0.000000,0.000000,above_band_high
2026-07-07T07:10:00Z,96.0159,0.000000,0.000000,0.000000,above_band_high
2026-07-07T07:11:00Z,96.0342,0.000000,0.000000,0.000000,above_band_high
2026-07-07T07:12:00Z,96.0678,0.000000,0.000000,0.000000,above_band_high
2026-07-07T07:13:00Z,96.0494,0.000000,0.000000,0.000000,above_band_high
2026-07-07T07:14:00Z,96.0800,0.000000,0.000000,0.000000,above_band_high
2026-07-07T07:15:00Z,96.0845,0.000000,0.000000,0.000000,above_band_high
2026-07-07T07:16:00Z,96.1181,0.000000,0.000000,0.000000,above_band_high
2026-07-07T07:17:00Z,96.1074,0.000000,0.000000,0.000000,above_band_high
2026-07-07T07:18:00Z,96.1166,0.000000,0.000000,0.000000,above_band_high
2026-07-07T07:19:00Z,96.1212,0.000000,0.000000,0.000000,above_band_high
2026-07-07T07:20:00Z,96.0708,0.000000,0.000000,0.000000,above_band_high
2026-07-07T07:21:00Z,96.1028,0.000000,0.000000,0.000000,above_band_high
2026-07-07T07:22:00Z,96.0632,0.000000,0.000000,0.000000,above_band_high
2026-07-07T07:23:00Z,96.1181,0.000000,0.000000,0.000000,above_band_high
2026-07-07T07:24:00Z,96.1120,0.000000,0.000000,0.000000,above_band_high
2026-07-07T07:25:00Z,96.0754,0.000000,0.000000,0.000000,above_band_high
2026-07-07T07:26:00Z,96.0769,0.000000,0.000000,0.000000,above_band_high
2026-07-07T07:27:00Z,96.0937,0.000000,0.000000,0.000000,above_band_high
2026-07-07T07:28:00Z,96.0754,0.000000,0.000000,0.000000,above_band_high
2026-07-07T07:29:00Z,96.0678,0.000000,0.000000,0.000000,above_band_high
2026-07-07T07:30:00Z,96.0861,0.000000,0.000000,0.000000,above_band_high
2026-07-07T07:31:00Z,96.0388,0.000000,0.000000,0.000000,above_band_high
2026-07-07T07:32:00Z,96.0632,0.000000,0.000000,0.000000,above_band_high
2026-07-07T07:33:00Z,96.0403,0.000000,0.000000,0.000000,above_band_high
2026-07-07T07:34:00Z,96.0800,0.000000,0.000000,0.000000,above_band_high
2026-07-07T07:35:00Z,96.0723,0.000000,0.000000,0.000000,above_band_high
2026-07-07T07:36:00Z,96.0388,0.000000,0.000000,0.000000,above_band_high
2026-07-07T07:37:00Z,96.0571,0.000000,0.000000,0.000000,above_band_high
2026-07-07T07:38:00Z,96.0067,0.000000,0.000000,0.000000,above_band_high
2026-07-07T07:39:00Z,96.0342,0.000000,0.000000,0.000000,above_band_high
2026-07-07T07:40:00Z,96.0021,0.000000,0.000000,0.000000,above_band_high
2026-07-07T07:41:00Z,96.0082,0.000000,0.000000,0.000000,above_band_high
2026-07-07T07:42:00Z,95.9884,0.000000,0.000000,0.000000,above_band_high
2026-07-07T07:43:00Z,95.9701,0.000000,0.000000,0.000000,above_band_high
2026-07-07T07:44:00Z,95.9762,0.000000,0.000000,0.000000,above_band_high
2026-07-07T07:45:00Z,95.9533,0.000000,0.000000,0.000000,above_band_high
2026-07-07T07:46:00Z,95.9350,0.000000,0.000000,0.000000,above_band_high
2026-07-07T07:47:00Z,95.9716,0.000000,0.000000,0.000000,above_band_high
2026-07-07T07:48:00Z,95.9350,0.000000,0.000000,0.000000,above_band_high
2026-07-07T07:49:00Z,95.9380,0.000000,0.000000,0.000000,above_band_high
2026-07-07T07:50:00Z,95.9564,0.000000,0.000000,0.000000,above_band_high
2026-07-07T07:51:00Z,95.9655,0.000000,0.000000,0.000000,above_band_high
2026-07-07T07:52:00Z,95.9258,0.000000,0.000000,0.000000,above_band_high
2026-07-07T07:53:00Z,95.9258,0.000000,0.000000,0.000000,above_band_high
2026-07-07T07:54:00Z,95.9030,0.000000,0.000000,0.000000,above_band_high
2026-07-07T07:55:00Z,95.8892,0.000000,0.000000,0.000000,above_band_high
2026-07-07T07:56:00Z,95.8846,0.000000,0.000000,0.000000,above_band_high
2026-07-07T07:57:00Z,95.8663,0.000000,0.000000,0.000000,above_band_high
2026-07-07T07:58:00Z,95.8846,0.000000,0.000000,0.000000,above_band_high
2026-07-07T07:59:00Z,95.8556,0.000000,0.000000,0.000000,above_band_high
2026-07-07T08:00:00Z,95.8740,0.000000,0.000000,0.000000,above_band_high
2026-07-07T08:01:00Z,95.8709,0.000000,0.000000,0.000000,above_band_high
2026-07-07T08:02:00Z,95.8251,0.000000,0.000000,0.000000,above_band_high
2026-07-07T08:03:00Z,95.8282,0.000000,0.000000,0.000000,above_band_high
2026-07-07T08:04:00Z,95.8511,0.000000,0.000000,0.000000,above_band_high
2026-07-07T08:05:00Z,95.8556,0.000000,0.000000,0.000000,above_band_high
2026-07-07T08:06:00Z,95.8190,0.000000,0.000000,0.000000,above_band_high
2026-07-07T08:07:00Z,95.8236,0.000000,0.000000,0.000000,above_band_high
2026-07-07T08:08:00Z,95.8328,0.000000,0.000000,0.000000,above_band_high
2026-07-07T08:09:00Z,95.8068,0.000000,0.000000,0.000000,above_band_high
2026-07-07T08:10:00Z,95.8007,0.000000,0.000000,0.000000,above_band_high
2026-07-07T08:11:00Z,95.8007,0.000000,0.000000,0.000000,above_band_high
2026-07-07T08:12:00Z,95.7977,0.000000,0.000000,0.000000,above_band_high
2026-07-07T08:13:00Z,95.7916,0.000000,0.000000,0.000000,above_band_high
2026-07-07T08:14:00Z,95.7977,0.000000,0.000000,0.000000,above_band_high
2026-07-07T08:15:00Z,95.7885,0.000000,0.000000,0.000000,above_band_high
2026-07-07T08:16:00Z,95.7794,0.000000,0.000000,0.000000,above_band_high
2026-07-07T08:17:00Z,95.7748,0.000000,0.000000,0.000000,above_band_high
2026-07-07T08:18:00Z,95.7733,0.000000,0.000000,0.000000,above_band_high
2026-07-07T08:19:00Z,95.7656,0.000000,0.000000,0.000000,above_band_high
2026-07-07T08:20:00Z,95.7641,0.000000,0.000000,0.000000,above_band_high
2026-07-07T08:21:00Z,95.7656,0.000000,0.000000,0.000000,above_band_high
2026-07-07T08:22:00Z,95.7366,0.000000,0.000000,0.000000,above_band_high
2026-07-07T08:23:00Z,95.7549,0.000000,0.000000,0.000000,above_band_high
2026-07-07T08:24:00Z,95.7137,0.000000,0.000000,0.000000,above_band_high
2026-07-07T08:25:00Z,95.7473,0.000000,0.000000,0.000000,above_band_high
2026-07-07T08:26:00Z,95.7641,0.000000,0.000000,0.000000,above_band_high
2026-07-07T08:27:00Z,95.7458,0.000000,0.000000,0.000000,above_band_high
2026-07-07T08:28:00Z,95.7244,0.000000,0.000000,0.000000,above_band_high
2026-07-07T08:29:00Z,95.7092,0.000000,0.000000,0.000000,above_band_high
2026-07-07T08:30:00Z,95.7321,0.000000,0.000000,0.000000,above_band_high
2026-07-07T08:31:00Z,95.6832,0.000000,0.000000,0.000000,above_band_high
2026-07-07T08:32:00Z,95.6771,0.000000,0.000000,0.000000,above_band_high
2026-07-07T08:33:00Z,95.6786,0.000000,0.000000,0.000000,above_band_high
2026-07-07T08:34:00Z,95.6588,0.000000,0.000000,0.000000,above_band_high
2026-07-07T08:35:00Z,95.6603,0.000000,0.000000,0.000000,above_band_high
2026-07-07T08:36:00Z,95.6313,0.000000,0.000000,0.000000,above_band_high
2026-07-07T08:37:00Z,95.6588,0.000000,0.000000,0.000000,above_band_high
2026-07-07T08:38:00Z,95.6176,0.000000,0.000000,0.000000,above_band_high
2026-07-07T08:39:00Z,95.6420,0.000000,0.000000,0.000000,above_band_high
2026-07-07T08:40:00Z,95.6405,0.000000,0.000000,0.000000,above_band_high
2026-07-07T08:41:00Z,95.6329,0.000000,0.000000,0.000000,above_band_high
2026-07-07T08:42:00Z,95.6603,0.000000,0.000000,0.000000,above_band_high
2026-07-07T08:43:00Z,95.6283,0.000000,0.000000,0.000000,above_band_high
2026-07-07T08:44:00Z,95.5596,0.000000,0.000000,0.000000,above_band_high
2026-07-07T08:45:00Z,95.5871,0.000000,0.000000,0.000000,above_band_high
2026-07-07T08:46:00Z,95.5917,0.000000,0.000000,0.000000,above_band_high
2026-07-07T08:47:00Z,95.5871,0.000000,0.000000,0.000000,above_band_high
2026-07-07T08:48:00Z,95.5779,0.000000,0.000000,0.000000,above_band_high
2026-07-07T08:49:00Z,95.6100,0.000000,0.000000,0.000000,above_band_high
2026-07-07T08:50:00Z,95.5718,0.000000,0.000000,0.000000,above_band_high
2026-07-07T08:51:00Z,95.5581,0.000000,0.000000,0.000000,above_band_high
2026-07-07T08:52:00Z,95.5642,0.000000,0.000000,0.000000,above_band_high
2026-07-07T08:53:00Z,95.5581,0.000000,0.000000,0.000000,above_band_high
2026-07-07T08:54:00Z,95.5718,0.000000,0.000000,0.000000,above_band_high
2026-07-07T08:55:00Z,95.5718,0.000000,0.000000,0.000000,above_band_high
2026-07-07T08:56:00Z,95.5505,0.000000,0.000000,0.000000,above_band_high
2026-07-07T08:57:00Z,95.5779,0.000000,0.000000,0.000000,above_band_high
2026-07-07T08:58:00Z,95.5779,0.000000,0.000000,0.000000,above_band_high
2026-07-07T08:59:00Z,95.5627,0.000000,0.000000,0.000000,above_band_high
2026-07-07T09:00:00Z,95.5718,0.000000,0.000000,0.000000,above_band_high
2026-07-07T09:01:00Z,95.6039,0.000000,0.000000,0.000000,above_band_high
2026-07-07T09:02:00Z,95.5505,0.000000,0.000000,0.000000,above_band_high
2026-07-07T09:03:00Z,95.5779,0.000000,0.000000,0.000000,above_band_high
2026-07-07T09:04:00Z,95.5825,0.000000,0.000000,0.000000,above_band_high
2026-07-07T09:05:00Z,95.5917,0.000000,0.000000,0.000000,above_band_high
2026-07-07T09:06:00Z,95.5642,0.000000,0.000000,0.000000,above_band_high
2026-07-07T09:07:00Z,95.5779,0.000000,0.000000,0.000000,above_band_high
2026-07-07T09:08:00Z,95.5917,0.000000,0.000000,0.000000,above_band_high
2026-07-07T09:09:00Z,95.5871,0.000000,0.000000,0.000000,above_band_high
2026-07-07T09:10:00Z,95.6176,0.000000,0.000000,0.000000,above_band_high
2026-07-07T09:11:00Z,95.6130,0.000000,0.000000,0.000000,above_band_high
2026-07-07T09:12:00Z,95.6130,0.000000,0.000000,0.000000,above_band_high
2026-07-07T09:13:00Z,95.5825,0.000000,0.000000,0.000000,above_band_high
2026-07-07T09:14:00Z,95.5993,0.000000,0.000000,0.000000,above_band_high
2026-07-07T09:15:00Z,95.6054,0.000000,0.000000,0.000000,above_band_high
2026-07-07T09:16:00Z,95.6054,0.000000,0.000000,0.000000,above_band_high
2026-07-07T09:17:00Z,95.6359,0.000000,0.000000,0.000000,above_band_high
2026-07-07T09:18:00Z,95.6359,0.000000,0.000000,0.000000,above_band_high
2026-07-07T09:19:00Z,95.6451,0.000000,0.000000,0.000000,above_band_high
2026-07-07T09:20:00Z,95.6222,0.000000,0.000000,0.000000,above_band_high
2026-07-07T09:21:00Z,95.6649,0.000000,0.000000,0.000000,above_band_high
2026-07-07T09:22:00Z,95.6588,0.000000,0.000000,0.000000,above_band_high
2026-07-07T09:23:00Z,95.6268,0.000000,0.000000,0.000000,above_band_high
2026-07-07T09:24:00Z,95.6451,0.000000,0.000000,0.000000,above_band_high
2026-07-07T09:25:00Z,95.6588,0.000000,0.000000,0.000000,above_band_high
2026-07-07T09:26:00Z,95.6634,0.000000,0.000000,0.000000,above_band_high
2026-07-07T09:27:00Z,95.6542,0.000000,0.000000,0.000000,above_band_high
2026-07-07T09:28:00Z,95.6466,0.000000,0.000000,0.000000,above_band_high
2026-07-07T09:29:00Z,95.6680,0.000000,0.000000,0.000000,above_band_high
2026-07-07T09:30:00Z,95.6588,0.000000,0.000000,0.000000,above_band_high
2026-07-07T09:31:00Z,95.6725,0.000000,0.000000,0.000000,above_band_high
2026-07-07T09:32:00Z,95.6634,0.000000,0.000000,0.000000,above_band_high
2026-07-07T09:33:00Z,95.6512,0.000000,0.000000,0.000000,above_band_high
2026-07-07T09:34:00Z,95.6588,0.000000,0.000000,0.000000,above_band_high
2026-07-07T09:35:00Z,95.6786,0.000000,0.000000,0.000000,above_band_high
2026-07-07T09:36:00Z,95.6725,0.000000,0.000000,0.000000,above_band_high
2026-07-07T09:37:00Z,95.6695,0.000000,0.000000,0.000000,above_band_high
2026-07-07T09:38:00Z,95.6359,0.000000,0.000000,0.000000,above_band_high
2026-07-07T09:39:00Z,95.6695,0.000000,0.000000,0.000000,above_band_high
2026-07-07T09:40:00Z,95.6588,0.000000,0.000000,0.000000,above_band_high
2026-07-07T09:41:00Z,95.6405,0.000000,0.000000,0.000000,above_band_high
2026-07-07T09:42:00Z,95.6405,0.000000,0.000000,0.000000,above_band_high
2026-07-07T09:43:00Z,95.6054,0.000000,0.000000,0.000000,above_band_high
2026-07-07T09:44:00Z,95.6329,0.000000,0.000000,0.000000,above_band_high
2026-07-07T09:45:00Z,95.6466,0.000000,0.000000,0.000000,above_band_high
2026-07-07T09:46:00Z,95.6100,0.000000,0.000000,0.000000,above_band_high
2026-07-07T09:47:00Z,95.6359,0.000000,0.000000,0.000000,above_band_high
2026-07-07T09:48:00Z,95.6497,0.000000,0.000000,0.000000,above_band_high
2026-07-07T09:49:00Z,95.6466,0.000000,0.000000,0.000000,above_band_high
2026-07-07T09:50:00Z,95.6420,0.000000,0.000000,0.000000,above_band_high
2026-07-07T09:51:00Z,95.6420,0.000000,0.000000,0.000000,above_band_high
2026-07-07T09:52:00Z,95.6542,0.000000,0.000000,0.000000,above_band_high
2026-07-07T09:53:00Z,95.6695,0.000000,0.000000,0.000000,above_band_high
2026-07-07T09:54:00Z,95.6649,0.000000,0.000000,0.000000,above_band_high
2026-07-07T09:55:00Z,95.6420,0.000000,0.000000,0.000000,above_band_high
2026-07-07T09:56:00Z,95.6680,0.000000,0.000000,0.000000,above_band_high
2026-07-07T09:57:00Z,95.6924,0.000000,0.000000,0.000000,above_band_high
2026-07-07T09:58:00Z,95.6725,0.000000,0.000000,0.000000,above_band_high
2026-07-07T09:59:00Z,95.6786,0.000000,0.000000,0.000000,above_band_high
2026-07-07T10:00:00Z,95.6741,0.000000,0.000000,0.000000,above_band_high
2026-07-07T10:01:00Z,95.6832,0.000000,0.000000,0.000000,above_band_high
2026-07-07T10:02:00Z,95.7244,0.000000,0.000000,0.000000,above_band_high
2026-07-07T10:03:00Z,95.7046,0.000000,0.000000,0.000000,above_band_high
2026-07-07T10:04:00Z,95.6725,0.000000,0.000000,0.000000,above_band_high
2026-07-07T10:05:00Z,95.7382,0.000000,0.000000,0.000000,above_band_high
2026-07-07T10:06:00Z,95.6909,0.000000,0.000000,0.000000,above_band_high
2026-07-07T10:07:00Z,95.7275,0.000000,0.000000,0.000000,above_band_high
2026-07-07T10:08:00Z,95.7061,0.000000,0.000000,0.000000,above_band_high
2026-07-07T10:09:00Z,95.7382,0.000000,0.000000,0.000000,above_band_high
2026-07-07T10:10:00Z,95.7473,0.000000,0.000000,0.000000,above_band_high
2026-07-07T10:11:00Z,95.7427,0.000000,0.000000,0.000000,above_band_high
2026-07-07T10:12:00Z,95.7427,0.000000,0.000000,0.000000,above_band_high
2026-07-07T10:13:00Z,95.7275,0.000000,0.000000,0.000000,above_band_high
2026-07-07T10:14:00Z,95.7504,0.000000,0.000000,0.000000,above_band_high
2026-07-07T10:15:00Z,95.7382,0.000000,0.000000,0.000000,above_band_high
2026-07-07T10:16:00Z,95.7321,0.000000,0.000000,0.000000,above_band_high
2026-07-07T10:17:00Z,95.7427,0.000000,0.000000,0.000000,above_band_high
2026-07-07T10:18:00Z,95.7778,0.000000,0.000000,0.000000,above_band_high
2026-07-07T10:19:00Z,95.7641,0.000000,0.000000,0.000000,above_band_high
2026-07-07T10:20:00Z,95.7565,0.000000,0.000000,0.000000,above_band_high
2026-07-07T10:21:00Z,95.8160,0.000000,0.000000,0.000000,above_band_high
2026-07-07T10:22:00Z,95.8099,0.000000,0.000000,0.000000,above_band_high
2026-07-07T10:23:00Z,95.7870,0.000000,0.000000,0.000000,above_band_high
2026-07-07T10:24:00Z,95.7916,0.000000,0.000000,0.000000,above_band_high
2026-07-07T10:25:00Z,95.8236,0.000000,0.000000,0.000000,above_band_high
2026-07-07T10:26:00Z,95.8160,0.000000,0.000000,0.000000,above_band_high
2026-07-07T10:27:00Z,95.7839,0.000000,0.000000,0.000000,above_band_high
2026-07-07T10:28:00Z,95.8053,0.000000,0.000000,0.000000,above_band_high
2026-07-07T10:29:00Z,95.7931,0.000000,0.000000,0.000000,above_band_high
2026-07-07T10:30:00Z,95.8282,0.000000,0.000000,0.000000,above_band_high
2026-07-07T10:31:00Z,95.8099,0.000000,0.000000,0.000000,above_band_high
2026-07-07T10:32:00Z,95.8145,0.000000,0.000000,0.000000,above_band_high
2026-07-07T10:33:00Z,95.7885,0.000000,0.000000,0.000000,above_band_high
2026-07-07T10:34:00Z,95.8114,0.000000,0.000000,0.000000,above_band_high
2026-07-07T10:35:00Z,95.8022,0.000000,0.000000,0.000000,above_band_high
2026-07-07T10:36:00Z,95.8343,0.000000,0.000000,0.000000,above_band_high
2026-07-07T10:37:00Z,95.8297,0.000000,0.000000,0.000000,above_band_high
2026-07-07T10:38:00Z,95.8099,0.000000,0.000000,0.000000,above_band_high
2026-07-07T10:39:00Z,95.8343,0.000000,0.000000,0.000000,above_band_high
2026-07-07T10:40:00Z,95.8007,0.000000,0.000000,0.000000,above_band_high
2026-07-07T10:41:00Z,95.7824,0.000000,0.000000,0.000000,above_band_high
2026-07-07T10:42:00Z,95.7916,0.000000,0.000000,0.000000,above_band_high
2026-07-07T10:43:00Z,95.8236,0.000000,0.000000,0.000000,above_band_high
2026-07-07T10:44:00Z,95.7885,0.000000,0.000000,0.000000,above_band_high
2026-07-07T10:45:00Z,95.8160,0.000000,0.000000,0.000000,above_band_high
2026-07-07T10:46:00Z,95.8251,0.000000,0.000000,0.000000,above_band_high
2026-07-07T10:47:00Z,95.8236,0.000000,0.000000,0.000000,above_band_high
2026-07-07T10:48:00Z,95.7931,0.000000,0.000000,0.000000,above_band_high
2026-07-07T10:49:00Z,95.7961,0.000000,0.000000,0.000000,above_band_high
2026-07-07T10:50:00Z,95.7961,0.000000,0.000000,0.000000,above_band_high
2026-07-07T10:51:00Z,95.7961,0.000000,0.000000,0.000000,above_band_high
2026-07-07T10:52:00Z,95.7733,0.000000,0.000000,0.000000,above_band_high
2026-07-07T10:53:00Z,95.8206,0.000000,0.000000,0.000000,above_band_high
2026-07-07T10:54:00Z,95.8007,0.000000,0.000000,0.000000,above_band_high
2026-07-07T10:55:00Z,95.8419,0.000000,0.000000,0.000000,above_band_high
2026-07-07T10:56:00Z,95.8282,0.000000,0.000000,0.000000,above_band_high
2026-07-07T10:57:00Z,95.8145,0.000000,0.000000,0.000000,above_band_high
2026-07-07T10:58:00Z,95.8419,0.000000,0.000000,0.000000,above_band_high
2026-07-07T10:59:00Z,95.8206,0.000000,0.000000,0.000000,above_band_high
2026-07-07T11:00:00Z,95.8434,0.000000,0.000000,0.000000,above_band_high
2026-07-07T11:01:00Z,95.8068,0.000000,0.000000,0.000000,above_band_high
2026-07-07T11:02:00Z,95.8297,0.000000,0.000000,0.000000,above_band_high
2026-07-07T11:03:00Z,95.8251,0.000000,0.000000,0.000000,above_band_high
2026-07-07T11:04:00Z,95.8556,0.000000,0.000000,0.000000,above_band_high
2026-07-07T11:05:00Z,95.8068,0.000000,0.000000,0.000000,above_band_high
2026-07-07T11:06:00Z,95.8618,0.000000,0.000000,0.000000,above_band_high
2026-07-07T11:07:00Z,95.8556,0.000000,0.000000,0.000000,above_band_high
2026-07-07T11:08:00Z,95.8343,0.000000,0.000000,0.000000,above_band_high
2026-07-07T11:09:00Z,95.8968,0.000000,0.000000,0.000000,above_band_high
2026-07-07T11:10:00Z,95.8923,0.000000,0.000000,0.000000,above_band_high
2026-07-07T11:11:00Z,95.8618,0.000000,0.000000,0.000000,above_band_high
2026-07-07T11:12:00Z,95.8984,0.000000,0.000000,0.000000,above_band_high
2026-07-07T11:13:00Z,95.8984,0.000000,0.000000,0.000000,above_band_high
2026-07-07T11:14:00Z,95.8434,0.000000,0.000000,0.000000,above_band_high
2026-07-07T11:15:00Z,95.9197,0.000000,0.000000,0.000000,above_band_high
2026-07-07T11:16:00Z,95.9030,0.000000,0.000000,0.000000,above_band_high
2026-07-07T11:17:00Z,95.9075,0.000000,0.000000,0.000000,above_band_high
2026-07-07T11:18:00Z,95.9304,0.000000,0.000000,0.000000,above_band_high
2026-07-07T11:19:00Z,95.9197,0.000000,0.000000,0.000000,above_band_high
2026-07-07T11:20:00Z,95.9487,0.000000,0.000000,0.000000,above_band_high
2026-07-07T11:21:00Z,95.9792,0.000000,0.000000,0.000000,above_band_high
2026-07-07T11:22:00Z,95.9564,0.000000,0.000000,0.000000,above_band_high
2026-07-07T11:23:00Z,95.9976,0.000000,0.000000,0.000000,above_band_high
2026-07-07T11:24:00Z,95.9716,0.000000,0.000000,0.000000,above_band_high
2026-07-07T11:25:00Z,95.9930,0.000000,0.000000,0.000000,above_band_high
2026-07-07T11:26:00Z,95.9854,0.000000,0.000000,0.000000,above_band_high
2026-07-07T11:27:00Z,95.9976,0.000000,0.000000,0.000000,above_band_high
2026-07-07T11:28:00Z,96.0204,0.000000,0.000000,0.000000,above_band_high
2026-07-07T11:29:00Z,96.0342,0.000000,0.000000,0.000000,above_band_high
2026-07-07T11:30:00Z,96.0494,0.000000,0.000000,0.000000,above_band_high
2026-07-07T11:31:00Z,96.0174,0.000000,0.000000,0.000000,above_band_high
2026-07-07T11:32:00Z,96.0357,0.000000,0.000000,0.000000,above_band_high
2026-07-07T11:33:00Z,96.0357,0.000000,0.000000,0.000000,above_band_high
2026-07-07T11:34:00Z,95.9899,0.000000,0.000000,0.000000,above_band_high
2026-07-07T11:35:00Z,96.0494,0.000000,0.000000,0.000000,above_band_high
2026-07-07T11:36:00Z,96.0204,0.000000,0.000000,0.000000,above_band_high
2026-07-07T11:37:00Z,96.0357,0.000000,0.000000,0.000000,above_band_high
2026-07-07T11:38:00Z,96.0204,0.000000,0.000000,0.000000,above_band_high
2026-07-07T11:39:00Z,96.0021,0.000000,0.000000,0.000000,above_band_high
2026-07-07T11:40:00Z,96.0204,0.000000,0.000000,0.000000,above_band_high
2026-07-07T11:41:00Z,95.9792,0.000000,0.000000,0.000000,above_band_high
2026-07-07T11:42:00Z,95.9670,0.000000,0.000000,0.000000,above_band_high
2026-07-07T11:43:00Z,95.9579,0.000000,0.000000,0.000000,above_band_high
2026-07-07T11:44:00Z,95.9655,0.000000,0.000000,0.000000,above_band_high
2026-07-07T11:45:00Z,95.9258,0.000000,0.000000,0.000000,above_band_high
2026-07-07T11:46:00Z,95.9243,0.000000,0.000000,0.000000,above_band_high
2026-07-07T11:47:00Z,95.9304,0.000000,0.000000,0.000000,above_band_high
2026-07-07T11:48:00Z,95.9335,0.000000,0.000000,0.000000,above_band_high
2026-07-07T11:49:00Z,95.9167,0.000000,0.000000,0.000000,above_band_high
2026-07-07T11:50:00Z,95.8938,0.000000,0.000000,0.000000,above_band_high
2026-07-07T11:51:00Z,95.8938,0.000000,0.000000,0.000000,above_band_high
2026-07-07T11:52:00Z,95.9243,0.000000,0.000000,0.000000,above_band_high
2026-07-07T11:53:00Z,95.8480,0.000000,0.000000,0.000000,above_band_high
2026-07-07T11:54:00Z,95.9014,0.000000,0.000000,0.000000,above_band_high
2026-07-07T11:55:00Z,95.9014,0.000000,0.000000,0.000000,above_band_high
2026-07-07T11:56:00Z,95.8556,0.000000,0.000000,0.000000,above_band_high
2026-07-07T11:57:00Z,95.8831,0.000000,0.000000,0.000000,above_band_high
2026-07-07T11:58:00Z,95.8556,0.000000,0.000000,0.000000,above_band_high
2026-07-07T11:59:00Z,95.8648,0.000000,0.000000,0.000000,above_band_high
2026-07-07T12:00:00Z,95.8709,0.000000,0.000000,0.000000,above_band_high
2026-07-07T12:01:00Z,95.8709,0.000000,0.000000,0.000000,above_band_high
2026-07-07T12:02:00Z,95.8755,0.000000,0.000000,0.000000,above_band_high
2026-07-07T12:03:00Z,95.8373,0.000000,0.000000,0.000000,above_band_high
2026-07-07T12:04:00Z,95.8419,0.000000,0.000000,0.000000,above_band_high
2026-07-07T12:05:00Z,95.8602,0.000000,0.000000,0.000000,above_band_high
2026-07-07T12:06:00Z,95.8511,0.000000,0.000000,0.000000,above_band_high
2026-07-07T12:07:00Z,95.8419,0.000000,0.000000,0.000000,above_band_high
2026-07-07T12:08:00Z,95.8755,0.000000,0.000000,0.000000,above_band_high
2026-07-07T12:09:00Z,95.8694,0.000000,0.000000,0.000000,above_band_high
2026-07-07T12:10:00Z,95.8556,0.000000,0.000000,0.000000,above_band_high
2026-07-07T12:11:00Z,95.8618,0.000000,0.000000,0.000000,above_band_high
2026-07-07T12:12:00Z,95.8572,0.000000,0.000000,0.000000,above_band_high
2026-07-07T12:13:00Z,95.8206,0.000000,0.000000,0.000000,above_band_high
2026-07-07T12:14:00Z,95.8694,0.000000,0.000000,0.000000,above_band_high
2026-07-07T12:15:00Z,95.8694,0.000000,0.000000,0.000000,above_band_high
2026-07-07T12:16:00Z,95.8572,0.000000,0.000000,0.000000,above_band_high
2026-07-07T12:17:00Z,95.8694,0.000000,0.000000,0.000000,above_band_high
2026-07-07T12:18:00Z,95.8709,0.000000,0.000000,0.000000,above_band_high
2026-07-07T12:19:00Z,95.8434,0.000000,0.000000,0.000000,above_band_high
2026-07-07T12:20:00Z,95.8480,0.000000,0.000000,0.000000,above_band_high
2026-07-07T12:21:00Z,95.8434,0.000000,0.000000,0.000000,above_band_high
2026-07-07T12:22:00Z,95.7977,0.000000,0.000000,0.000000,above_band_high
2026-07-07T12:23:00Z,95.8190,0.000000,0.000000,0.000000,above_band_high
2026-07-07T12:24:00Z,95.8114,0.000000,0.000000,0.000000,above_band_high
2026-07-07T12:25:00Z,95.8114,0.000000,0.000000,0.000000,above_band_high
2026-07-07T12:26:00Z,95.7961,0.000000,0.000000,0.000000,above_band_high
2026-07-07T12:27:00Z,95.7794,0.000000,0.000000,0.000000,above_band_high
2026-07-07T12:28:00Z,95.7824,0.000000,0.000000,0.000000,above_band_high
2026-07-07T12:29:00Z,95.7778,0.000000,0.000000,0.000000,above_band_high
2026-07-07T12:30:00Z,95.7641,0.000000,0.000000,0.000000,above_band_high
2026-07-07T12:31:00Z,95.7336,0.000000,0.000000,0.000000,above_band_high
2026-07-07T12:32:00Z,95.7366,0.000000,0.000000,0.000000,above_band_high
2026-07-07T12:33:00Z,95.7290,0.000000,0.000000,0.000000,above_band_high
2026-07-07T12:34:00Z,95.7321,0.000000,0.000000,0.000000,above_band_high
2026-07-07T12:35:00Z,95.7198,0.000000,0.000000,0.000000,above_band_high
2026-07-07T12:36:00Z,95.6817,0.000000,0.000000,0.000000,above_band_high
2026-07-07T12:37:00Z,95.6725,0.000000,0.000000,0.000000,above_band_high
2026-07-07T12:38:00Z,95.6954,0.000000,0.000000,0.000000,above_band_high
2026-07-07T12:39:00Z,95.6817,0.000000,0.000000,0.000000,above_band_high
2026-07-07T12:40:00Z,95.6878,0.000000,0.000000,0.000000,above_band_high
2026-07-07T12:41:00Z,95.6405,0.000000,0.000000,0.000000,above_band_high
2026-07-07T12:42:00Z,95.6466,0.000000,0.000000,0.000000,above_band_high
2026-07-07T12:43:00Z,95.6405,0.000000,0.000000,0.000000,above_band_high
2026-07-07T12:44:00Z,95.6130,0.000000,0.000000,0.000000,above_band_high
2026-07-07T12:45:00Z,95.6054,0.000000,0.000000,0.000000,above_band_high
2026-07-07T12:46:00Z,95.6237,0.000000,0.000000,0.000000,above_band_high
2026-07-07T12:47:00Z,95.5871,0.000000,0.000000,0.000000,above_band_high
2026-07-07T12:48:00Z,95.6054,0.000000,0.000000,0.000000,above_band_high
2026-07-07T12:49:00Z,95.6130,0.000000,0.000000,0.000000,above_band_high
2026-07-07T12:50:00Z,95.5947,0.000000,0.000000,0.000000,above_band_high
2026-07-07T12:51:00Z,95.5947,0.000000,0.000000,0.000000,above_band_high
2026-07-07T12:52:00Z,95.5505,0.000000,0.000000,0.000000,above_band_high
2026-07-07T12:53:00Z,95.5764,0.000000,0.000000,0.000000,above_band_high
2026-07-07T12:54:00Z,95.5459,0.000000,0.000000,0.000000,above_band_high
2026-07-07T12:55:00Z,95.5505,0.000000,0.000000,0.000000,above_band_high
2026-07-07T12:56:00Z,95.5352,0.000000,0.000000,0.000000,above_band_high
2026-07-07T12:57:00Z,95.5734,0.000000,0.000000,0.000000,above_band_high
2026-07-07T12:58:00Z,95.5276,0.000000,0.000000,0.000000,above_band_high
2026-07-07T12:59:00Z,95.5505,0.000000,0.000000,0.000000,above_band_high
2026-07-07T13:00:00Z,95.5505,0.000000,0.000000,0.000000,above_band_high
2026-07-07T13:01:00Z,95.4986,0.000000,0.000000,0.000000,above_band_high
2026-07-07T13:02:00Z,95.5459,0.000000,0.000000,0.000000,above_band_high
2026-07-07T13:03:00Z,95.4910,0.000000,0.000000,0.000000,above_band_high
2026-07-07T13:04:00Z,95.5032,0.000000,0.000000,0.000000,above_band_high
2026-07-07T13:05:00Z,95.4910,0.000000,0.000000,0.000000,above_band_high
2026-07-07T13:06:00Z,95.4818,0.000000,0.000000,0.000000,above_band_high
2026-07-07T13:07:00Z,95.4726,0.000000,0.000000,0.000000,above_band_high
2026-07-07T13:08:00Z,95.4986,0.000000,0.000000,0.000000,above_band_high
2026-07-07T13:09:00Z,95.5444,0.000000,0.000000,0.000000,above_band_high
2026-07-07T13:10:00Z,95.5230,0.000000,0.000000,0.000000,above_band_high
2026-07-07T13:11:00Z,95.5444,0.000000,0.000000,0.000000,above_band_high
2026-07-07T13:12:00Z,95.5261,0.000000,0.000000,0.000000,above_band_high
2026-07-07T13:13:00Z,95.5138,0.000000,0.000000,0.000000,above_band_high
2026-07-07T13:14:00Z,95.5322,0.000000,0.000000,0.000000,above_band_high
2026-07-07T13:15:00Z,95.5779,0.000000,0.000000,0.000000,above_band_high
2026-07-07T13:16:00Z,95.6222,0.000000,0.000000,0.000000,above_band_high
2026-07-07T13:17:00Z,95.6130,0.000000,0.000000,0.000000,above_band_high
2026-07-07T13:18:00Z,95.6497,0.000000,0.000000,0.000000,above_band_high
2026-07-07T13:19:00Z,95.6680,0.000000,0.000000,0.000000,above_band_high
2026-07-07T13:20:00Z,95.6466,0.000000,0.000000,0.000000,above_band_high
2026-07-07T13:21:00Z,95.5947,0.000000,0.000000,0.000000,above_band_high
2026-07-07T13:22:00Z,95.5489,0.000000,0.000000,0.000000,above_band_high
2026-07-07T13:23:00Z,95.5673,0.000000,0.000000,0.000000,above_band_high
2026-07-07T13:24:00Z,95.6039,0.000000,0.000000,0.000000,above_band_high
2026-07-07T13:25:00Z,95.5734,0.000000,0.000000,0.000000,above_band_high
2026-07-07T13:26:00Z,95.5688,0.000000,0.000000,0.000000,above_band_high
2026-07-07T13:27:00Z,95.5444,0.000000,0.000000,0.000000,above_band_high
2026-07-07T13:28:00Z,95.4849,0.000000,0.000000,0.000000,above_band_high
2026-07-07T13:29:00Z,95.3979,0.000000,0.000000,0.000000,above_band_high
2026-07-07T13:30:00Z,95.3079,0.000000,0.000000,0.000000,above_band_high
2026-07-07T13:31:00Z,95.2102,0.000000,0.000000,0.000000,above_band_high
2026-07-07T13:32:00Z,95.1247,0.000000,0.000000,0.000000,above_band_high
2026-07-07T13:33:00Z,95.0134,0.000000,0.000000,0.000000,above_band_high
2026-07-07T13:34:00Z,94.9096,0.000000,0.000000,0.000000,above_band_high
2026-07-07T13:35:00Z,94.7982,0.000000,0.000000,0.000000,above_band_high
2026-07-07T13:36:00Z,94.6715,0.000000,0.000000,0.000000,above_band_high
2026-07-07T13:37:00Z,94.5693,0.000000,0.000000,0.000000,above_band_high
2026-07-07T13:38:00Z,94.3725,0.000000,0.000000,0.000000,above_band_high
2026-07-07T13:39:00Z,94.2641,0.000000,0.000000,0.000000,above_band_high
2026-07-07T13:40:00Z,94.1360,0.000000,0.000000,0.000000,above_band_high
2026-07-07T13:41:00Z,93.9940,0.000000,0.000000,0.000000,above_band_high
2026-07-07T13:42:00Z,93.8705,0.000000,0.000000,0.000000,above_band_high
2026-07-07T13:43:00Z,93.6950,0.000000,0.000000,0.000000,above_band_high
2026-07-07T13:44:00Z,93.4905,0.000000,0.000000,0.000000,above_band_high
2026-07-07T13:45:00Z,93.3379,0.000000,0.000000,0.000000,above_band_high
2026-07-07T13:46:00Z,93.2006,0.000000,0.000000,0.000000,above_band_high
2026-07-07T13:47:00Z,93.0861,0.000000,0.000000,0.000000,above_band_high
2026-07-07T13:48:00Z,92.9458,0.000000,0.000000,0.000000,above_band_high
2026-07-07T13:49:00Z,92.8084,0.000000,0.000000,0.000000,above_band_high
2026-07-07T13:50:00Z,92.6757,0.000000,0.000000,0.000000,above_band_high
2026-07-07T13:51:00Z,92.5475,0.000000,0.000000,0.000000,above_band_high
2026-07-07T13:52:00Z,92.4056,0.000000,0.000000,0.000000,above_band_high
2026-07-07T13:53:00Z,92.2896,0.000000,0.000000,0.000000,above_band_high
2026-07-07T13:54:00Z,92.1904,0.000000,0.000000,0.000000,above_band_high
2026-07-07T13:55:00Z,92.1569,0.000000,0.000000,0.000000,above_band_high
2026-07-07T13:56:00Z,92.0790,0.000000,0.000000,0.000000,above_band_high
2026-07-07T13:57:00Z,92.0027,0.000000,0.000000,0.000000,above_band_high
2026-07-07T13:58:00Z,91.8929,0.000000,0.000000,0.000000,above_band_high
2026-07-07T13:59:00Z,91.8013,0.000000,0.000000,0.000000,above_band_high
2026-07-07T14:00:00Z,91.7357,0.000000,0.000000,0.000000,above_band_high
2026-07-07T14:01:00Z,91.6777,0.000000,0.000000,0.000000,above_band_high
2026-07-07T14:02:00Z,91.6442,0.000000,0.000000,0.000000,above_band_high
2026-07-07T14:03:22Z,91.4855,0.000000,0.006310,0.006310,in_band
2026-07-07T14:03:25Z,91.4855,0.006290,0.006005,-0.000285,in_band
2026-07-07T14:05:00Z,91.3390,0.001314,0.001259,-0.000055,in_band
2026-07-07T14:05:59Z,91.3237,0.000496,0.000475,-0.000021,in_band
2026-07-07T14:06:00Z,91.3146,0.000487,0.000467,-0.000020,in_band
2026-07-07T14:06:59Z,91.2596,0.000184,0.000176,-0.000008,in_band
2026-07-07T14:07:00Z,91.2703,0.000181,0.000173,-0.000008,in_band
2026-07-07T14:07:59Z,91.2383,0.000068,0.000065,-0.000003,in_band
2026-07-07T14:08:00Z,91.2428,0.000067,0.000064,-0.000003,in_band
2026-07-07T14:08:59Z,91.2016,0.000025,0.000024,-0.000001,in_band
2026-07-07T14:09:00Z,91.1742,0.000025,0.000024,-0.000001,in_band
2026-07-07T14:09:59Z,91.1086,0.000009,0.000009,-0.000000,in_band
2026-07-07T14:10:00Z,91.0964,0.000009,0.000009,-0.000000,in_band
2026-07-07T14:10:59Z,91.0811,0.000003,0.000003,-0.000000,in_band
2026-07-07T14:11:00Z,91.0994,0.000003,0.000003,-0.000000,in_band
2026-07-07T14:11:59Z,91.0735,0.000001,0.000001,-0.000000,in_band
2026-07-07T14:12:00Z,91.0948,0.000001,0.000001,-0.000000,in_band
2026-07-07T14:12:59Z,91.1330,0.000000,0.000000,-0.000000,in_band
2026-07-07T14:13:00Z,91.0903,0.000000,0.000000,-0.000000,in_band
2026-07-07T14:13:59Z,91.1315,0.000000,0.000000,-0.000000,in_band
2026-07-07T14:14:00Z,91.1269,0.000000,0.000000,-0.000000,in_band
2026-07-07T14:14:59Z,91.1009,0.000000,0.000000,-0.000000,in_band
2026-07-07T14:15:00Z,91.1131,0.000000,0.000000,-0.000000,in_band
2026-07-07T14:15:59Z,91.1269,0.000000,0.000000,-0.000000,in_band
2026-07-07T14:16:00Z,91.1284,0.000000,0.000000,-0.000000,in_band
2026-07-07T14:16:59Z,91.1131,0.000000,0.000000,-0.000000,in_band
2026-07-07T14:17:00Z,91.1315,0.000000,0.000000,-0.000000,in_band
2026-07-07T14:17:59Z,91.1284,0.000000,0.000000,-0.000000,in_band
2026-07-07T14:18:00Z,91.1223,0.000000,0.000000,-0.000000,in_band
2026-07-07T14:18:59Z,91.1467,0.000000,0.000000,-0.000000,in_band
2026-07-07T14:19:00Z,91.1498,0.000000,0.000000,-0.000000,in_band
2026-07-07T14:19:59Z,91.1131,0.000000,0.000000,-0.000000,in_band
2026-07-07T14:20:00Z,91.1223,0.000000,0.000000,-0.000000,in_band
2026-07-07T14:20:59Z,91.1131,0.000000,0.000000,-0.000000,in_band
2026-07-07T14:21:00Z,91.1131,0.000000,0.000000,-0.000000,in_band
2026-07-07T14:21:59Z,91.1009,0.000000,0.000000,-0.000000,in_band
2026-07-07T14:22:00Z,91.1147,0.000000,0.000000,-0.000000,in_band
2026-07-07T14:22:59Z,91.1421,0.000000,0.000000,-0.000000,in_band
2026-07-07T14:23:00Z,91.1360,0.000000,0.000000,-0.000000,in_band
2026-07-07T14:23:59Z,91.1788,0.000000,0.000000,-0.000000,in_band
2026-07-07T14:24:00Z,91.1101,0.000000,0.000000,-0.000000,in_band
2026-07-07T14:24:59Z,91.1467,0.000000,0.000000,-0.000000,in_band
2026-07-07T14:25:00Z,91.1360,0.000000,0.000000,-0.000000,in_band
2026-07-07T14:25:59Z,91.1604,0.000000,0.000000,-0.000000,in_band
2026-07-07T14:26:00Z,91.1727,0.000000,0.000000,-0.000000,in_band
2026-07-07T14:26:59Z,91.1269,0.000000,0.000000,-0.000000,in_band
2026-07-07T14:27:00Z,91.1681,0.000000,0.000000,-0.000000,in_band
2026-07-07T14:27:59Z,91.1772,0.000000,0.000000,-0.000000,in_band
2026-07-07T14:28:00Z,91.1727,0.000000,0.000000,-0.000000,in_band
2026-07-07T14:28:59Z,91.1192,0.000000,0.000000,-0.000000,in_band
2026-07-07T14:29:00Z,91.1223,0.000000,0.000000,-0.000000,in_band
2026-07-07T14:29:59Z,90.9773,0.000000,0.000000,-0.000000,in_band
2026-07-07T14:30:00Z,90.9392,0.000000,0.000000,-0.000000,in_band
2026-07-07T14:30:59Z,90.8797,0.000000,0.000000,-0.000000,in_band
2026-07-07T14:31:00Z,90.8705,0.000000,0.000000,-0.000000,in_band
2026-07-07T14:31:59Z,90.8476,0.000000,0.000000,-0.000000,in_band
2026-07-07T14:32:00Z,90.8354,0.000000,0.000000,-0.000000,in_band
2026-07-07T14:32:59Z,90.7759,0.000000,0.000000,-0.000000,in_band
2026-07-07T14:33:00Z,90.7759,0.000000,0.000000,-0.000000,in_band
2026-07-07T14:33:59Z,90.5959,0.000000,0.000000,-0.000000,in_band
2026-07-07T14:34:00Z,90.6142,0.000000,0.000000,-0.000000,in_band
2026-07-07T14:34:59Z,90.4723,0.000000,0.000000,-0.000000,in_band
2026-07-07T14:35:00Z,90.4829,0.000000,0.000000,-0.000000,in_band
2026-07-07T14:35:59Z,90.4265,0.000000,0.000000,-0.000000,in_band
2026-07-07T14:36:00Z,90.4173,0.000000,0.000000,-0.000000,in_band
2026-07-07T14:36:59Z,90.3593,0.000000,0.000000,-0.000000,in_band
2026-07-07T14:37:00Z,90.3716,0.000000,0.000000,-0.000000,in_band
2026-07-07T14:37:59Z,90.3029,0.000000,0.000000,-0.000000,in_band
2026-07-07T14:38:00Z,90.3044,0.000000,0.000000,-0.000000,in_band
2026-07-07T14:38:59Z,90.1930,0.000000,0.000000,-0.000000,in_band
2026-07-07T14:39:00Z,90.2174,0.000000,0.000000,-0.000000,in_band
2026-07-07T14:39:59Z,90.1259,0.000000,0.000000,-0.000000,in_band
2026-07-07T14:40:00Z,90.1534,0.000000,0.000000,-0.000000,in_band
2026-07-07T14:40:59Z,90.0664,0.000000,0.000000,-0.000000,in_band
2026-07-07T14:41:40Z,89.9641,0.000010,0.000183,0.000173,below_midpoint_feather
2026-07-07T14:41:48Z,89.9870,0.000183,0.000024,-0.000159,below_midpoint_feather
2026-07-07T14:42:53Z,89.8955,0.000823,0.001568,0.000745,below_midpoint_feather
2026-07-07T14:42:59Z,89.9413,0.001072,0.000510,-0.000563,below_midpoint_feather
2026-07-07T14:43:44Z,89.8512,0.001627,0.003229,0.001602,below_midpoint_feather
2026-07-07T14:43:51Z,89.8863,0.003235,0.001935,-0.001300,below_midpoint_feather
2026-07-07T14:44:48Z,89.7826,0.004707,0.007042,0.002336,below_midpoint_feather
2026-07-07T14:44:56Z,89.8604,0.004750,0.003140,-0.001611,below_midpoint_feather
2026-07-07T14:45:40Z,89.7169,0.008574,0.012117,0.003543,below_midpoint_feather
2026-07-07T14:45:50Z,89.7734,0.009953,0.008135,-0.001818,below_midpoint_feather
2026-07-07T14:46:02Z,89.7032,0.010546,0.013513,0.002967,below_midpoint_feather
2026-07-07T14:46:23Z,89.7032,0.015762,0.013838,-0.001924,below_midpoint_feather
2026-07-07T14:47:56Z,89.5903,0.023777,0.027850,0.004072,below_midpoint_feather
2026-07-07T14:47:59Z,89.6452,0.024216,0.021992,-0.002224,below_midpoint_feather
2026-07-07T14:48:18Z,89.5384,0.028544,0.035146,0.006602,below_midpoint_feather
2026-07-07T14:48:34Z,89.6040,0.033295,0.027843,-0.005452,below_midpoint_feather
2026-07-07T14:49:04Z,89.6071,0.035713,0.028971,-0.006742,below_midpoint_feather
2026-07-07T14:49:19Z,89.5201,0.034204,0.040565,0.006361,below_midpoint_feather
2026-07-07T14:50:28Z,89.5659,0.043851,0.038773,-0.005078,below_midpoint_feather
2026-07-07T14:50:48Z,89.5262,0.041957,0.045207,0.003250,below_midpoint_feather
2026-07-07T14:51:10Z,89.4987,0.044202,0.050464,0.006262,below_midpoint_feather
2026-07-07T14:51:20Z,89.5537,0.048545,0.043729,-0.004816,below_midpoint_feather
2026-07-07T14:52:48Z,89.4560,0.059470,0.063867,0.004397,below_midpoint_feather
2026-07-07T14:52:54Z,89.5338,0.063843,0.053162,-0.010681,below_midpoint_feather
2026-07-07T14:53:32Z,89.4057,0.067929,0.075627,0.007697,below_midpoint_feather
2026-07-07T14:53:47Z,89.4575,0.072893,0.068565,-0.004328,below_midpoint_feather
2026-07-07T14:54:09Z,89.4347,0.078722,0.074220,-0.004501,below_midpoint_feather
2026-07-07T14:54:55Z,89.3248,0.092290,0.098360,0.006070,below_midpoint_feather
2026-07-07T14:55:19Z,89.3553,0.101104,0.095475,-0.005629,below_midpoint_feather
2026-07-07T14:55:40Z,89.2378,0.110698,0.121671,0.010972,below_midpoint_feather
2026-07-07T14:56:39Z,89.1859,0.128392,0.142197,0.013805,below_midpoint_feather
2026-07-07T14:56:45Z,89.2592,0.138475,0.127018,-0.011457,below_midpoint_feather
2026-07-07T14:57:08Z,89.1356,0.145615,0.159289,0.013674,below_midpoint_feather
2026-07-07T14:57:26Z,89.1814,0.156120,0.151723,-0.004398,below_midpoint_feather
2026-07-07T14:58:16Z,89.1218,0.182785,0.176636,-0.006149,below_midpoint_feather
2026-07-07T14:58:21Z,89.0776,0.178103,0.189120,0.011017,below_midpoint_feather
2026-07-07T14:59:19Z,89.0547,0.221766,0.209766,-0.011999,below_midpoint_feather
2026-07-07T14:59:58Z,88.9082,0.250256,0.263493,0.013237,below_midpoint_feather
2026-07-07T15:00:44Z,88.9494,0.277383,0.266062,-0.011321,below_midpoint_feather
2026-07-07T15:00:50Z,88.8762,0.275241,0.290809,0.015568,below_midpoint_feather
2026-07-07T15:01:04Z,88.9342,0.290190,0.277750,-0.012439,below_midpoint_feather
2026-07-07T15:01:52Z,88.8060,0.324565,0.337080,0.012515,below_midpoint_feather
2026-07-07T15:02:06Z,88.8716,0.326138,0.321003,-0.005135,below_midpoint_feather
2026-07-07T15:02:59Z,88.8212,0.348067,0.359480,0.011414,below_midpoint_feather
2026-07-07T15:03:17Z,88.8334,0.372544,0.363117,-0.009427,below_midpoint_feather
2026-07-07T15:03:56Z,88.7343,0.396069,0.414743,0.018675,below_midpoint_feather
2026-07-07T15:04:03Z,88.8075,0.404037,0.392347,-0.011690,below_midpoint_feather
2026-07-07T15:04:34Z,88.7297,0.418552,0.434182,0.015630,below_midpoint_feather
2026-07-07T15:05:12Z,88.7755,0.444540,0.436453,-0.008088,below_midpoint_feather
2026-07-07T15:05:50Z,88.6961,0.462419,0.483981,0.021562,below_midpoint_feather
2026-07-07T15:06:54Z,88.7053,0.496136,0.513352,0.017216,below_midpoint_feather
2026-07-07T15:06:59Z,88.7648,0.509151,0.494520,-0.014631,below_midpoint_feather
2026-07-07T15:07:02Z,88.7800,0.510695,0.490743,-0.019952,below_midpoint_feather
2026-07-07T15:07:48Z,88.7190,0.520959,0.536422,0.015463,below_midpoint_feather
2026-07-07T15:08:23Z,88.7831,0.544700,0.531997,-0.012703,below_midpoint_feather
2026-07-07T15:08:24Z,88.7098,0.545225,0.558634,0.013409,below_midpoint_feather
2026-07-07T15:09:30Z,88.6702,0.595130,0.608369,0.013239,below_midpoint_feather
2026-07-07T15:09:42Z,88.7236,0.606129,0.595074,-0.011055,below_midpoint_feather
2026-07-07T15:10:24Z,88.6381,0.636069,0.650229,0.014160,below_midpoint_feather
2026-07-07T15:10:43Z,88.6778,0.655449,0.645770,-0.009679,below_midpoint_feather
2026-07-07T15:11:24Z,88.6000,0.684998,0.699600,0.014602,below_midpoint_feather
2026-07-07T15:11:48Z,88.6610,0.700411,0.690085,-0.010327,below_midpoint_feather
2026-07-07T15:12:00Z,88.6061,0.701109,0.718641,0.017532,below_midpoint_feather
2026-07-07T15:12:08Z,88.6610,0.716007,0.702107,-0.013900,below_midpoint_feather
2026-07-07T15:13:44Z,88.6381,0.784473,0.769682,-0.014791,below_midpoint_feather
2026-07-07T15:13:56Z,88.6061,0.777523,0.789723,0.012200,below_midpoint_feather
2026-07-07T15:14:14Z,88.6381,0.794139,0.788413,-0.005726,below_midpoint_feather
2026-07-07T15:14:22Z,88.5954,0.793198,0.810245,0.017047,below_midpoint_feather
2026-07-07T15:15:01Z,88.5863,0.812987,0.838462,0.025475,below_midpoint_feather
2026-07-07T15:15:56Z,88.6839,0.847301,0.834919,-0.012382,below_midpoint_feather
2026-07-07T15:16:03Z,88.6336,0.841172,0.858470,0.017298,below_midpoint_feather
2026-07-07T15:16:49Z,88.7373,0.860682,0.847774,-0.012908,below_midpoint_feather
2026-07-07T15:17:04Z,88.7785,0.857362,0.842172,-0.015189,below_midpoint_feather
2026-07-07T15:17:10Z,88.7236,0.854339,0.865216,0.010877,below_midpoint_feather
2026-07-07T15:18:08Z,88.8609,0.869844,0.850403,-0.019441,below_midpoint_feather
2026-07-07T15:18:53Z,88.8350,0.868153,0.881795,0.013642,below_midpoint_feather
2026-07-07T15:19:18Z,88.8701,0.872831,0.882214,0.009383,below_midpoint_feather
2026-07-07T15:19:42Z,88.9708,0.873820,0.862143,-0.011676,below_midpoint_feather
2026-07-07T15:20:04Z,88.9662,0.864835,0.872971,0.008136,below_midpoint_feather
2026-07-07T15:20:12Z,89.0166,0.873486,0.861840,-0.011647,below_midpoint_feather
2026-07-07T15:21:05Z,89.0578,0.863499,0.870807,0.007307,below_midpoint_feather
2026-07-07T15:21:48Z,89.1585,0.869315,0.859537,-0.009778,below_midpoint_feather
2026-07-07T15:22:11Z,89.2042,0.865423,0.855771,-0.009652,below_midpoint_feather
2026-07-07T15:22:24Z,89.1600,0.862667,0.869737,0.007069,below_midpoint_feather
2026-07-07T15:23:01Z,89.2180,0.861128,0.866006,0.004878,below_midpoint_feather
2026-07-07T15:23:51Z,89.3202,0.864587,0.856164,-0.008422,below_midpoint_feather
2026-07-07T15:24:44Z,89.3065,0.863311,0.869213,0.005902,below_midpoint_feather
2026-07-07T15:24:52Z,89.3660,0.865919,0.859410,-0.006509,below_midpoint_feather
2026-07-07T15:25:03Z,89.3095,0.863558,0.871962,0.008404,below_midpoint_feather
2026-07-07T15:25:39Z,89.4011,0.869172,0.861019,-0.008153,below_midpoint_feather
2026-07-07T15:26:24Z,89.4148,0.860314,0.865218,0.004904,below_midpoint_feather
2026-07-07T15:26:52Z,89.4881,0.865963,0.857434,-0.008529,below_midpoint_feather
2026-07-07T15:27:05Z,89.4102,0.862774,0.871216,0.008442,below_midpoint_feather
2026-07-07T15:27:41Z,89.5155,0.864630,0.859254,-0.005377,below_midpoint_feather
2026-07-07T15:28:18Z,89.5430,0.865795,0.859385,-0.006410,below_midpoint_feather
2026-07-07T15:28:25Z,89.4743,0.862636,0.869661,0.007025,below_midpoint_feather
2026-07-07T15:29:01Z,89.5247,0.861369,0.865808,0.004439,below_midpoint_feather
2026-07-07T15:29:17Z,89.5720,0.864497,0.861096,-0.003402,below_midpoint_feather
2026-07-07T15:30:02Z,89.6117,0.864941,0.860011,-0.004930,below_midpoint_feather
2026-07-07T15:30:10Z,89.5659,0.862964,0.865947,0.002983,below_midpoint_feather
2026-07-07T15:31:36Z,89.6773,0.864159,0.859369,-0.004790,below_midpoint_feather
2026-07-07T15:31:49Z,89.6208,0.861311,0.865700,0.004389,below_midpoint_feather
2026-07-07T15:32:08Z,89.6407,0.858939,0.864571,0.005633,below_midpoint_feather
2026-07-07T15:32:26Z,89.7276,0.860023,0.857582,-0.002441,below_midpoint_feather
2026-07-07T15:33:34Z,89.7230,0.858046,0.860513,0.002467,below_midpoint_feather
2026-07-07T15:33:40Z,89.7734,0.859911,0.857094,-0.002816,below_midpoint_feather
2026-07-07T15:34:03Z,89.7810,0.859558,0.857282,-0.002276,below_midpoint_feather
2026-07-07T15:34:49Z,89.7490,0.857673,0.860552,0.002878,below_midpoint_feather
2026-07-07T15:35:07Z,89.8283,0.857684,0.856149,-0.001536,below_midpoint_feather
2026-07-07T15:35:08Z,89.7551,0.857704,0.860507,0.002803,below_midpoint_feather
2026-07-07T15:36:05Z,89.8497,0.858256,0.856168,-0.002088,below_midpoint_feather
2026-07-07T15:36:44Z,89.7688,0.858495,0.861126,0.002631,below_midpoint_feather
2026-07-07T15:37:00Z,89.8283,0.859840,0.857937,-0.001903,below_midpoint_feather
2026-07-07T15:37:30Z,89.7322,0.860529,0.864364,0.003836,below_midpoint_feather
2026-07-07T15:38:26Z,89.7398,0.866622,0.864688,-0.001934,below_midpoint_feather
2026-07-07T15:38:34Z,89.6620,0.864973,0.871459,0.006486,below_midpoint_feather
2026-07-07T15:39:31Z,89.6864,0.874359,0.870545,-0.003814,below_midpoint_feather
2026-07-07T15:39:32Z,89.6025,0.874387,0.879060,0.004673,below_midpoint_feather
2026-07-07T15:40:04Z,89.5613,0.880180,0.885012,0.004833,below_midpoint_feather
2026-07-07T15:40:21Z,89.5888,0.885391,0.882368,-0.003022,below_midpoint_feather
2026-07-07T15:41:19Z,89.4697,0.905061,0.901412,-0.003649,below_midpoint_feather
2026-07-07T15:41:54Z,89.3431,0.917920,0.925519,0.007599,below_midpoint_feather
2026-07-07T15:42:19Z,89.3431,0.933030,0.927951,-0.005079,below_midpoint_feather
2026-07-07T15:42:24Z,89.2729,0.933563,0.942308,0.008745,below_midpoint_feather
2026-07-07T15:43:27Z,89.1417,0.967927,0.980464,0.012538,below_midpoint_feather
2026-07-07T15:43:57Z,89.1096,0.999420,0.993859,-0.005562,below_midpoint_feather
2026-07-07T15:44:00Z,89.0944,1.000000,0.998358,-0.001642,below_midpoint_feather
2026-07-07T15:44:02Z,89.0394,1.000000,1.000000,0.000000,below_midpoint_feather
2026-07-07T15:45:00Z,88.9296,1.000000,1.000000,0.000000,below_midpoint_feather
2026-07-07T15:46:00Z,88.8060,1.000000,1.000000,0.000000,below_midpoint_feather
2026-07-07T15:47:00Z,88.6290,1.000000,1.000000,0.000000,below_midpoint_feather
2026-07-07T15:48:00Z,88.4825,1.000000,1.000000,0.000000,below_midpoint_feather
2026-07-07T15:49:00Z,88.3223,1.000000,1.000000,0.000000,below_midpoint_feather
2026-07-07T15:50:00Z,88.1651,1.000000,1.000000,0.000000,below_midpoint_feather
2026-07-07T15:51:00Z,87.9606,1.000000,1.000000,0.000000,below_midpoint_feather
2026-07-07T15:52:00Z,87.7409,1.000000,1.000000,0.000000,below_midpoint_feather
2026-07-07T15:53:00Z,87.5242,1.000000,1.000000,0.000000,below_midpoint_feather
2026-07-07T15:54:00Z,87.2969,1.000000,1.000000,0.000000,below_midpoint_feather
2026-07-07T15:55:00Z,87.0817,1.000000,1.000000,0.000000,below_midpoint_feather
2026-07-07T15:56:00Z,86.8528,1.000000,1.000000,0.000000,below_midpoint_feather
2026-07-07T15:57:00Z,86.6194,1.000000,1.000000,0.000000,below_midpoint_feather
2026-07-07T15:58:00Z,86.2943,1.000000,1.000000,0.000000,below_midpoint_feather
2026-07-07T15:59:00Z,85.9876,1.000000,1.000000,0.000000,below_midpoint_feather
2026-07-07T16:00:00Z,85.8167,1.000000,1.000000,0.000000,below_midpoint_feather
2026-07-07T16:01:00Z,85.7542,1.000000,1.000000,0.000000,below_midpoint_feather
2026-07-07T16:02:00Z,85.6672,1.000000,1.000000,0.000000,below_midpoint_feather
2026-07-07T16:03:00Z,85.5146,1.000000,1.000000,0.000000,below_midpoint_feather
2026-07-07T16:04:00Z,85.3971,1.000000,1.000000,0.000000,below_midpoint_feather
2026-07-07T16:05:00Z,85.3819,1.000000,1.000000,0.000000,below_midpoint_feather
2026-07-07T16:06:00Z,85.4643,1.000000,1.000000,0.000000,below_midpoint_feather
2026-07-07T16:07:00Z,85.6077,1.000000,1.000000,0.000000,below_midpoint_feather
2026-07-07T16:08:00Z,85.5100,1.000000,1.000000,0.000000,below_midpoint_feather
2026-07-07T16:09:00Z,85.4978,1.000000,1.000000,0.000000,below_midpoint_feather
2026-07-07T16:10:00Z,85.4871,1.000000,1.000000,0.000000,below_midpoint_feather
2026-07-07T16:11:00Z,85.4932,1.000000,1.000000,0.000000,below_midpoint_feather
2026-07-07T16:12:00Z,85.5238,1.000000,1.000000,0.000000,below_midpoint_feather
2026-07-07T16:13:00Z,85.4841,1.000000,1.000000,0.000000,below_midpoint_feather
2026-07-07T16:14:00Z,85.4047,1.000000,1.000000,0.000000,below_midpoint_feather
2026-07-07T16:15:00Z,85.4734,1.000000,1.000000,0.000000,below_midpoint_feather
2026-07-07T16:16:00Z,85.5161,1.000000,1.000000,0.000000,below_midpoint_feather
2026-07-07T16:17:00Z,85.6031,1.000000,1.000000,0.000000,below_midpoint_feather
2026-07-07T16:18:00Z,85.7298,1.000000,1.000000,0.000000,below_midpoint_feather
2026-07-07T16:19:00Z,85.8091,1.000000,1.000000,0.000000,below_midpoint_feather
2026-07-07T16:20:00Z,85.8671,1.000000,1.000000,0.000000,below_midpoint_feather
2026-07-07T16:21:00Z,85.9190,1.000000,1.000000,0.000000,below_midpoint_feather
2026-07-07T16:22:00Z,85.9312,1.000000,1.000000,0.000000,below_midpoint_feather
2026-07-07T16:23:00Z,85.9632,1.000000,1.000000,0.000000,below_midpoint_feather
2026-07-07T16:24:00Z,85.9464,1.000000,1.000000,0.000000,below_midpoint_feather
2026-07-07T16:25:00Z,85.9373,1.000000,1.000000,0.000000,below_midpoint_feather
2026-07-07T16:26:00Z,85.9770,1.000000,1.000000,0.000000,below_midpoint_feather
2026-07-07T16:27:00Z,86.0334,1.000000,1.000000,0.000000,below_midpoint_feather
2026-07-07T16:28:00Z,86.0639,1.000000,1.000000,0.000000,below_midpoint_feather
2026-07-07T16:29:00Z,86.1006,1.000000,1.000000,0.000000,below_midpoint_feather
2026-07-07T16:30:00Z,86.1387,1.000000,1.000000,0.000000,below_midpoint_feather
2026-07-07T16:31:00Z,86.1784,1.000000,1.000000,0.000000,below_midpoint_feather
2026-07-07T16:32:00Z,86.2943,1.000000,1.000000,0.000000,below_midpoint_feather
2026-07-07T16:33:00Z,86.2898,1.000000,1.000000,0.000000,below_midpoint_feather
2026-07-07T16:34:00Z,86.2394,1.000000,1.000000,0.000000,below_midpoint_feather
2026-07-07T16:35:00Z,86.1158,1.000000,1.000000,0.000000,below_midpoint_feather
2026-07-07T16:36:00Z,85.9052,1.000000,1.000000,0.000000,below_midpoint_feather
2026-07-07T16:37:00Z,85.7069,1.000000,1.000000,0.000000,below_midpoint_feather
2026-07-07T16:38:00Z,85.4688,1.000000,1.000000,0.000000,below_midpoint_feather
2026-07-07T16:39:00Z,85.2079,1.000000,1.000000,0.000000,below_midpoint_feather
2026-07-07T16:40:00Z,84.9653,1.000000,1.000000,0.000000,below_midpoint_feather
2026-07-07T16:41:00Z,84.7242,1.000000,1.000000,0.000000,below_midpoint_feather
2026-07-07T16:42:00Z,84.5502,1.000000,1.000000,0.000000,below_midpoint_feather
2026-07-07T16:43:00Z,84.3442,1.000000,1.000000,0.000000,below_midpoint_feather
2026-07-07T16:44:00Z,84.0696,1.000000,1.000000,0.000000,below_midpoint_feather
2026-07-07T16:45:00Z,83.8483,1.000000,1.000000,0.000000,below_midpoint_feather
2026-07-07T16:46:00Z,83.6835,1.000000,1.000000,0.000000,below_midpoint_feather
2026-07-07T16:47:00Z,83.4745,1.000000,1.000000,0.000000,mode_c_bypass
2026-07-07T16:48:00Z,83.3417,1.000000,1.000000,0.000000,mode_c_bypass
2026-07-07T16:49:00Z,83.2441,1.000000,1.000000,0.000000,mode_c_bypass
2026-07-07T16:50:00Z,83.2776,1.000000,1.000000,0.000000,mode_c_bypass
2026-07-07T16:51:00Z,83.3082,1.000000,1.000000,0.000000,mode_c_bypass
2026-07-07T16:52:00Z,83.3646,1.000000,1.000000,0.000000,mode_c_bypass
2026-07-07T16:53:00Z,83.4272,1.000000,1.000000,0.000000,mode_c_bypass
2026-07-07T16:54:00Z,83.4974,1.000000,1.000000,0.000000,mode_c_bypass
2026-07-07T16:55:00Z,83.5065,1.000000,1.000000,0.000000,below_midpoint_feather
2026-07-07T16:56:00Z,83.5386,1.000000,1.000000,0.000000,below_midpoint_feather
2026-07-07T16:57:00Z,83.5294,1.000000,1.000000,0.000000,below_midpoint_feather
2026-07-07T16:58:00Z,83.6286,1.000000,1.000000,0.000000,below_midpoint_feather
2026-07-07T16:59:00Z,83.7079,1.000000,1.000000,0.000000,below_midpoint_feather
2026-07-07T17:00:00Z,83.7476,1.000000,1.000000,0.000000,below_midpoint_feather
2026-07-07T17:01:00Z,83.7018,1.000000,1.000000,0.000000,below_midpoint_feather
2026-07-07T17:02:00Z,83.6927,1.000000,1.000000,0.000000,below_midpoint_feather
2026-07-07T17:03:00Z,83.6744,1.000000,1.000000,0.000000,below_midpoint_feather
2026-07-07T17:04:00Z,83.7034,1.000000,1.000000,0.000000,below_midpoint_feather
2026-07-07T17:05:00Z,83.7705,1.000000,1.000000,0.000000,below_midpoint_feather
2026-07-07T17:06:00Z,83.9170,1.000000,1.000000,0.000000,below_midpoint_feather
2026-07-07T17:07:00Z,84.0223,1.000000,1.000000,0.000000,below_midpoint_feather
2026-07-07T17:08:00Z,84.1230,1.000000,1.000000,0.000000,below_midpoint_feather
2026-07-07T17:09:00Z,84.2435,1.000000,1.000000,0.000000,below_midpoint_feather
2026-07-07T17:10:00Z,84.3122,1.000000,1.000000,0.000000,below_midpoint_feather
2026-07-07T17:11:00Z,84.3854,1.000000,1.000000,0.000000,below_midpoint_feather
2026-07-07T17:12:00Z,84.5594,1.000000,1.000000,0.000000,below_midpoint_feather
2026-07-07T17:13:00Z,84.7913,1.000000,1.000000,0.000000,below_midpoint_feather
2026-07-07T17:14:00Z,85.0156,1.000000,1.000000,0.000000,below_midpoint_feather
2026-07-07T17:15:00Z,85.3239,1.000000,1.000000,0.000000,below_midpoint_feather
2026-07-07T17:16:00Z,85.4887,1.000000,1.000000,0.000000,below_midpoint_feather
2026-07-07T17:17:00Z,85.6809,1.000000,1.000000,0.000000,below_midpoint_feather
2026-07-07T17:18:00Z,85.8350,1.000000,1.000000,0.000000,below_midpoint_feather
2026-07-07T17:19:00Z,86.0700,1.000000,1.000000,0.000000,below_midpoint_feather
2026-07-07T17:20:00Z,86.3172,1.000000,1.000000,0.000000,below_midpoint_feather
2026-07-07T17:21:00Z,86.5415,1.000000,1.000000,0.000000,below_midpoint_feather
2026-07-07T17:22:00Z,86.7185,1.000000,1.000000,0.000000,below_midpoint_feather
2026-07-07T17:23:00Z,86.9245,1.000000,1.000000,0.000000,below_midpoint_feather
2026-07-07T17:24:00Z,87.1626,1.000000,1.000000,0.000000,below_midpoint_feather
2026-07-07T17:25:00Z,87.3701,1.000000,1.000000,0.000000,below_midpoint_feather
2026-07-07T17:26:00Z,87.5288,1.000000,1.000000,0.000000,below_midpoint_feather
2026-07-07T17:27:00Z,87.7119,1.000000,1.000000,0.000000,below_midpoint_feather
2026-07-07T17:28:00Z,87.8218,1.000000,1.000000,0.000000,below_midpoint_feather
2026-07-07T17:29:00Z,88.0201,1.000000,1.000000,0.000000,below_midpoint_feather
2026-07-07T17:30:00Z,88.1056,1.000000,1.000000,0.000000,below_midpoint_feather
2026-07-07T17:31:00Z,88.1743,1.000000,1.000000,0.000000,below_midpoint_feather
2026-07-07T17:32:00Z,88.1346,1.000000,1.000000,0.000000,below_midpoint_feather
2026-07-07T17:33:00Z,88.1331,1.000000,1.000000,0.000000,below_midpoint_feather
2026-07-07T17:34:00Z,88.0110,1.000000,1.000000,0.000000,below_midpoint_feather
2026-07-07T17:35:00Z,88.1147,1.000000,1.000000,0.000000,below_midpoint_feather
2026-07-07T17:36:00Z,88.1437,1.000000,1.000000,0.000000,below_midpoint_feather
2026-07-07T17:37:00Z,88.1209,1.000000,1.000000,0.000000,below_midpoint_feather
2026-07-07T17:38:00Z,87.9728,1.000000,1.000000,0.000000,below_midpoint_feather
2026-07-07T17:39:00Z,88.0201,1.000000,1.000000,0.000000,below_midpoint_feather
2026-07-07T17:40:00Z,88.1697,1.000000,1.000000,0.000000,below_midpoint_feather
2026-07-07T17:41:00Z,88.1895,1.000000,1.000000,0.000000,below_midpoint_feather
2026-07-07T17:42:00Z,88.2750,1.000000,1.000000,0.000000,below_midpoint_feather
2026-07-07T17:43:00Z,88.3772,1.000000,1.000000,0.000000,below_midpoint_feather
2026-07-07T17:44:00Z,88.4672,1.000000,1.000000,0.000000,below_midpoint_feather
2026-07-07T17:45:00Z,88.4550,1.000000,1.000000,0.000000,below_midpoint_feather
2026-07-07T17:46:00Z,88.4642,1.000000,1.000000,0.000000,below_midpoint_feather
2026-07-07T17:47:00Z,88.5100,1.000000,1.000000,0.000000,below_midpoint_feather
2026-07-07T17:48:00Z,88.5100,1.000000,1.000000,0.000000,below_midpoint_feather
2026-07-07T17:49:00Z,88.5786,1.000000,1.000000,0.000000,below_midpoint_feather
2026-07-07T17:50:00Z,88.5954,1.000000,1.000000,0.000000,below_midpoint_feather
2026-07-07T17:51:00Z,88.4779,1.000000,1.000000,0.000000,below_midpoint_feather
2026-07-07T17:52:00Z,88.3452,1.000000,1.000000,0.000000,below_midpoint_feather
2026-07-07T17:53:00Z,88.3772,1.000000,1.000000,0.000000,below_midpoint_feather
2026-07-07T17:54:00Z,88.3162,1.000000,1.000000,0.000000,below_midpoint_feather
2026-07-07T17:55:00Z,88.2765,1.000000,1.000000,0.000000,below_midpoint_feather
2026-07-07T17:56:00Z,88.1621,1.000000,1.000000,0.000000,below_midpoint_feather
2026-07-07T17:57:00Z,88.1392,1.000000,1.000000,0.000000,below_midpoint_feather
2026-07-07T17:58:00Z,88.1468,1.000000,1.000000,0.000000,below_midpoint_feather
2026-07-07T17:59:00Z,88.2704,1.000000,1.000000,0.000000,below_midpoint_feather
2026-07-07T18:00:00Z,88.3360,1.000000,1.000000,0.000000,below_midpoint_feather
2026-07-07T18:01:00Z,88.3497,1.000000,1.000000,0.000000,below_midpoint_feather
2026-07-07T18:02:00Z,88.3543,1.000000,1.000000,0.000000,below_midpoint_feather
2026-07-07T18:03:00Z,88.3299,1.000000,1.000000,0.000000,below_midpoint_feather
2026-07-07T18:04:00Z,88.2856,1.000000,1.000000,0.000000,below_midpoint_feather
2026-07-07T18:05:00Z,88.2017,1.000000,1.000000,0.000000,below_midpoint_feather
2026-07-07T18:06:00Z,88.1331,1.000000,1.000000,0.000000,below_midpoint_feather
2026-07-07T18:07:00Z,88.0064,1.000000,1.000000,0.000000,below_midpoint_feather
2026-07-07T18:08:00Z,87.8813,1.000000,1.000000,0.000000,below_midpoint_feather
2026-07-07T18:09:00Z,87.7302,1.000000,1.000000,0.000000,below_midpoint_feather
2026-07-07T18:10:00Z,87.7211,1.000000,1.000000,0.000000,below_midpoint_feather
2026-07-07T18:11:00Z,87.6890,1.000000,1.000000,0.000000,below_midpoint_feather
2026-07-07T18:12:00Z,87.9194,1.000000,1.000000,0.000000,below_midpoint_feather
2026-07-07T18:13:00Z,88.0964,1.000000,1.000000,0.000000,below_midpoint_feather
2026-07-07T18:14:00Z,88.2902,1.000000,1.000000,0.000000,below_midpoint_feather
2026-07-07T18:15:00Z,88.6290,1.000000,1.000000,0.000000,below_midpoint_feather
2026-07-07T18:16:00Z,88.8075,1.000000,1.000000,0.000000,below_midpoint_feather
2026-07-07T18:17:00Z,88.9265,1.000000,1.000000,0.000000,below_midpoint_feather
2026-07-07T18:18:00Z,89.0990,1.000000,1.000000,0.000000,below_midpoint_feather
2026-07-07T18:19:00Z,89.2454,1.000000,1.000000,0.000000,below_midpoint_feather
2026-07-07T18:20:00Z,89.3568,1.000000,1.000000,0.000000,below_midpoint_feather
2026-07-07T18:21:00Z,89.4804,1.000000,1.000000,0.000000,below_midpoint_feather
2026-07-07T18:22:00Z,89.5933,1.000000,1.000000,0.000000,below_midpoint_feather
2026-07-07T18:23:40Z,89.8970,1.000000,0.999095,-0.000905,below_midpoint_feather
2026-07-07T18:23:53Z,89.8741,0.999556,1.000000,0.000444,below_midpoint_feather
2026-07-07T18:24:02Z,89.8878,0.999230,1.000000,0.000770,below_midpoint_feather
2026-07-07T18:24:39Z,90.0282,0.999000,0.996800,-0.002200,in_band
2026-07-07T18:25:00Z,90.0603,0.988227,0.986611,-0.001616,in_band
2026-07-07T18:25:59Z,90.2312,0.956788,0.955205,-0.001582,in_band
2026-07-07T18:26:00Z,90.1564,0.956261,0.954679,-0.001582,in_band
2026-07-07T18:26:59Z,90.3822,0.925583,0.924046,-0.001537,in_band
2026-07-07T18:27:00Z,90.3395,0.925070,0.923534,-0.001536,in_band
2026-07-07T18:27:59Z,90.3944,0.895299,0.893810,-0.001489,in_band
2026-07-07T18:28:00Z,90.4417,0.894802,0.893314,-0.001489,in_band
2026-07-07T18:28:59Z,90.4417,0.865970,0.864529,-0.001441,in_band
2026-07-07T18:29:00Z,90.4372,0.865489,0.864049,-0.001441,in_band
2026-07-07T18:29:59Z,90.4463,0.837588,0.836194,-0.001395,in_band
2026-07-07T18:30:00Z,90.4585,0.837123,0.835730,-0.001394,in_band
2026-07-07T18:30:59Z,90.4585,0.810132,0.808783,-0.001349,in_band
2026-07-07T18:31:00Z,90.4082,0.809682,0.808334,-0.001348,in_band
2026-07-07T18:31:59Z,90.4280,0.783574,0.782269,-0.001305,in_band
2026-07-07T18:32:00Z,90.4280,0.783139,0.781835,-0.001304,in_band
2026-07-07T18:32:59Z,90.4036,0.757886,0.756624,-0.001262,in_band
2026-07-07T18:33:00Z,90.3807,0.757465,0.756204,-0.001261,in_band
2026-07-07T18:33:59Z,90.4402,0.733040,0.731819,-0.001221,in_band
2026-07-07T18:34:00Z,90.4265,0.732632,0.731412,-0.001220,in_band
2026-07-07T18:34:59Z,90.3593,0.709008,0.707827,-0.001181,in_band
2026-07-07T18:35:00Z,90.3456,0.708614,0.707434,-0.001180,in_band
2026-07-07T18:35:59Z,90.2663,0.685764,0.684622,-0.001142,in_band
2026-07-07T18:36:00Z,90.3136,0.685383,0.684242,-0.001141,in_band
2026-07-07T18:36:59Z,90.2495,0.663282,0.662177,-0.001105,in_band
2026-07-07T18:37:00Z,90.2525,0.662913,0.661809,-0.001104,in_band
2026-07-07T18:37:59Z,90.2205,0.641537,0.640468,-0.001068,in_band
2026-07-07T18:38:00Z,90.2174,0.641180,0.640113,-0.001068,in_band
2026-07-07T18:38:59Z,90.1946,0.620505,0.619471,-0.001033,in_band
2026-07-07T18:39:00Z,90.2037,0.620160,0.619127,-0.001033,in_band
2026-07-07T18:39:59Z,90.1808,0.600162,0.599163,-0.000999,in_band
2026-07-07T18:40:00Z,90.1747,0.599829,0.598830,-0.000999,in_band
2026-07-07T18:40:59Z,90.2312,0.580486,0.579520,-0.000967,in_band
2026-07-07T18:41:00Z,90.2113,0.580164,0.579198,-0.000966,in_band
2026-07-07T18:41:59Z,90.1701,0.561456,0.560521,-0.000935,in_band
2026-07-07T18:42:00Z,90.1518,0.561144,0.560210,-0.000934,in_band
2026-07-07T18:42:59Z,90.1305,0.543049,0.542145,-0.000904,in_band
2026-07-07T18:43:00Z,90.1701,0.542748,0.541844,-0.000904,in_band
2026-07-07T18:43:59Z,90.1579,0.525246,0.524371,-0.000875,in_band
2026-07-07T18:44:00Z,90.1381,0.524954,0.524080,-0.000874,in_band
2026-07-07T18:44:59Z,90.0740,0.508026,0.507180,-0.000846,in_band
2026-07-07T18:45:00Z,90.1259,0.507744,0.506899,-0.000845,in_band
2026-07-07T18:45:59Z,90.1015,0.491371,0.490553,-0.000818,in_band
2026-07-07T18:46:00Z,90.0694,0.491098,0.490280,-0.000818,in_band
2026-07-07T18:46:59Z,90.0511,0.475262,0.474471,-0.000791,in_band
2026-07-07T18:47:00Z,90.0755,0.474998,0.474207,-0.000791,in_band
2026-07-07T18:47:59Z,90.0145,0.459681,0.458916,-0.000765,in_band
2026-07-07T18:48:00Z,90.0053,0.459426,0.458661,-0.000765,in_band
2026-07-07T18:48:59Z,89.9794,0.450579,0.451392,0.000812,below_midpoint_feather
2026-07-07T18:49:04Z,89.9687,0.449836,0.450969,0.001134,below_midpoint_feather
2026-07-07T18:49:45Z,90.0206,0.449890,0.447837,-0.002053,in_band
2026-07-07T18:50:28Z,89.9062,0.449971,0.449094,-0.000877,below_midpoint_feather
2026-07-07T18:50:41Z,90.0008,0.450229,0.447348,-0.002881,in_band
2026-07-07T18:51:12Z,89.9733,0.450562,0.447463,-0.003098,below_midpoint_feather
2026-07-07T18:51:33Z,89.9107,0.450402,0.448509,-0.001892,below_midpoint_feather
2026-07-07T18:52:04Z,89.8833,0.451178,0.449343,-0.001835,below_midpoint_feather
2026-07-07T18:52:52Z,89.9504,0.451209,0.447831,-0.003379,below_midpoint_feather
2026-07-07T18:53:08Z,89.8863,0.450556,0.449348,-0.001208,below_midpoint_feather
2026-07-07T18:53:20Z,89.9748,0.450578,0.447622,-0.002956,below_midpoint_feather
2026-07-07T18:54:09Z,89.9062,0.450574,0.448863,-0.001712,below_midpoint_feather
2026-07-07T18:54:40Z,89.9870,0.450590,0.447678,-0.002912,below_midpoint_feather
2026-07-07T18:55:20Z,89.9428,0.450228,0.448164,-0.002064,below_midpoint_feather
2026-07-07T18:55:58Z,90.0206,0.450526,0.445991,-0.004535,in_band
2026-07-07T18:56:03Z,89.9474,0.449761,0.445646,-0.004115,below_midpoint_feather
2026-07-07T18:56:54Z,90.0023,0.447735,0.441095,-0.006640,in_band
2026-07-07T18:57:00Z,89.9870,0.446245,0.439898,-0.006347,below_midpoint_feather
2026-07-07T18:57:59Z,90.0206,0.431868,0.426416,-0.005452,in_band
2026-07-07T18:58:00Z,90.0343,0.431628,0.426180,-0.005448,in_band
2026-07-07T18:58:59Z,90.0893,0.417714,0.412443,-0.005271,in_band
2026-07-07T18:59:00Z,90.0694,0.417482,0.412214,-0.005268,in_band
2026-07-07T18:59:59Z,90.1671,0.404022,0.398924,-0.005098,in_band
2026-07-07T19:00:00Z,90.1717,0.403797,0.398702,-0.005095,in_band
2026-07-07T19:00:59Z,90.2205,0.390777,0.385846,-0.004931,in_band
2026-07-07T19:01:00Z,90.2129,0.390560,0.385632,-0.004928,in_band
2026-07-07T19:01:59Z,90.2358,0.377966,0.373197,-0.004769,in_band
2026-07-07T19:02:00Z,90.2754,0.377756,0.372990,-0.004766,in_band
2026-07-07T19:02:59Z,90.3349,0.365575,0.360962,-0.004613,in_band
2026-07-07T19:03:00Z,90.3120,0.365372,0.360762,-0.004610,in_band
2026-07-07T19:03:59Z,90.4173,0.353590,0.349129,-0.004461,in_band
2026-07-07T19:04:00Z,90.3716,0.353394,0.348935,-0.004459,in_band
2026-07-07T19:04:59Z,90.4585,0.341998,0.337683,-0.004315,in_band
2026-07-07T19:05:00Z,90.4509,0.341808,0.337495,-0.004313,in_band
2026-07-07T19:05:59Z,90.5470,0.330786,0.326612,-0.004174,in_band
2026-07-07T19:06:00Z,90.5241,0.330602,0.326431,-0.004171,in_band
2026-07-07T19:06:59Z,90.6737,0.319942,0.315905,-0.004037,in_band
2026-07-07T19:07:00Z,90.6432,0.319764,0.315729,-0.004035,in_band
2026-07-07T19:07:59Z,90.7301,0.309453,0.305548,-0.003904,in_band
2026-07-07T19:08:00Z,90.7164,0.309281,0.305379,-0.003902,in_band
2026-07-07T19:08:59Z,90.7805,0.299308,0.295531,-0.003776,in_band
2026-07-07T19:09:00Z,90.7851,0.299141,0.295367,-0.003774,in_band
2026-07-07T19:09:59Z,90.8629,0.289495,0.285842,-0.003653,in_band
2026-07-07T19:10:00Z,90.9071,0.289334,0.285684,-0.003651,in_band
2026-07-07T19:10:59Z,90.9712,0.280004,0.276471,-0.003533,in_band
2026-07-07T19:11:00Z,90.9819,0.279849,0.276318,-0.003531,in_band
2026-07-07T19:11:59Z,91.0597,0.270825,0.267408,-0.003417,in_band
2026-07-07T19:12:00Z,91.0353,0.270674,0.267259,-0.003415,in_band
2026-07-07T19:12:59Z,91.0719,0.261946,0.258641,-0.003305,in_band
2026-07-07T19:13:00Z,91.0643,0.261801,0.258497,-0.003303,in_band
2026-07-07T19:13:59Z,91.0643,0.253358,0.250162,-0.003197,in_band
2026-07-07T19:14:00Z,91.0262,0.253218,0.250023,-0.003195,in_band
2026-07-07T19:14:59Z,91.0262,0.245052,0.241960,-0.003092,in_band
2026-07-07T19:15:00Z,91.0460,0.244916,0.241826,-0.003090,in_band
2026-07-07T19:15:59Z,91.0323,0.237019,0.234028,-0.002991,in_band
2026-07-07T19:16:00Z,91.0582,0.236887,0.233898,-0.002989,in_band
2026-07-07T19:16:59Z,91.0674,0.229248,0.226356,-0.002892,in_band
2026-07-07T19:17:00Z,91.0582,0.229121,0.226230,-0.002891,in_band
2026-07-07T19:17:59Z,91.0643,0.221733,0.218935,-0.002798,in_band
2026-07-07T19:18:00Z,91.0643,0.221609,0.218813,-0.002796,in_band
2026-07-07T19:18:59Z,91.0948,0.214463,0.211757,-0.002706,in_band
2026-07-07T19:19:00Z,91.0872,0.214344,0.211640,-0.002704,in_band
2026-07-07T19:19:59Z,91.0628,0.207432,0.204815,-0.002617,in_band
2026-07-07T19:20:00Z,91.0628,0.207317,0.204701,-0.002616,in_band
2026-07-07T19:20:59Z,91.0780,0.200632,0.198100,-0.002531,in_band
2026-07-07T19:21:00Z,91.0719,0.200520,0.197990,-0.002530,in_band
2026-07-07T19:21:59Z,91.0140,0.194054,0.191606,-0.002448,in_band
2026-07-07T19:22:00Z,91.0185,0.193947,0.191500,-0.002447,in_band
2026-07-07T19:22:59Z,90.9453,0.187693,0.185324,-0.002368,in_band
2026-07-07T19:23:00Z,90.9529,0.187588,0.185221,-0.002367,in_band
2026-07-07T19:23:59Z,90.9392,0.181539,0.179249,-0.002291,in_band
2026-07-07T19:24:00Z,90.9346,0.181438,0.179149,-0.002289,in_band
2026-07-07T19:24:59Z,90.8705,0.175588,0.173372,-0.002215,in_band
2026-07-07T19:25:00Z,90.8843,0.175490,0.173276,-0.002214,in_band
2026-07-07T19:25:59Z,90.8019,0.169831,0.167688,-0.002143,in_band
2026-07-07T19:26:00Z,90.8293,0.169737,0.167595,-0.002142,in_band
2026-07-07T19:26:59Z,90.7439,0.164263,0.162191,-0.002073,in_band
2026-07-07T19:27:00Z,90.7286,0.164172,0.162101,-0.002071,in_band
2026-07-07T19:27:59Z,90.6615,0.158878,0.156874,-0.002005,in_band
2026-07-07T19:28:00Z,90.6737,0.158790,0.156787,-0.002003,in_band
2026-07-07T19:28:59Z,90.6188,0.153670,0.151731,-0.001939,in_band
2026-07-07T19:29:00Z,90.6050,0.153584,0.151646,-0.001938,in_band
2026-07-07T19:29:59Z,90.5638,0.148632,0.146756,-0.001875,in_band
2026-07-07T19:30:00Z,90.5425,0.148549,0.146675,-0.001874,in_band
2026-07-07T19:30:59Z,90.4723,0.143759,0.141945,-0.001814,in_band
2026-07-07T19:31:00Z,90.4738,0.143679,0.141866,-0.001813,in_band
2026-07-07T19:31:59Z,90.4189,0.139046,0.137292,-0.001754,in_band
2026-07-07T19:32:00Z,90.4311,0.138969,0.137215,-0.001753,in_band
2026-07-07T19:32:59Z,90.4173,0.134488,0.132791,-0.001697,in_band
2026-07-07T19:33:00Z,90.4051,0.134413,0.132717,-0.001696,in_band
2026-07-07T19:33:59Z,90.3578,0.130079,0.128437,-0.001641,in_band
2026-07-07T19:34:00Z,90.3777,0.130006,0.128366,-0.001640,in_band
2026-07-07T19:34:59Z,90.3670,0.125814,0.124227,-0.001587,in_band
2026-07-07T19:35:00Z,90.3670,0.125744,0.124158,-0.001587,in_band
2026-07-07T19:35:59Z,90.3960,0.121689,0.120154,-0.001535,in_band
2026-07-07T19:36:00Z,90.4051,0.121622,0.120087,-0.001535,in_band
2026-07-07T19:36:59Z,90.3914,0.117700,0.116215,-0.001485,in_band
2026-07-07T19:37:00Z,90.4173,0.117635,0.116150,-0.001484,in_band
2026-07-07T19:37:59Z,90.3853,0.113841,0.112405,-0.001436,in_band
2026-07-07T19:38:00Z,90.3960,0.113778,0.112342,-0.001436,in_band
2026-07-07T19:38:59Z,90.4173,0.110109,0.108720,-0.001389,in_band
2026-07-07T19:39:00Z,90.4601,0.110048,0.108659,-0.001389,in_band
2026-07-07T19:39:59Z,90.4128,0.106499,0.105156,-0.001344,in_band
2026-07-07T19:40:00Z,90.4402,0.106440,0.105097,-0.001343,in_band
2026-07-07T19:40:59Z,90.4265,0.103008,0.101708,-0.001300,in_band
2026-07-07T19:41:00Z,90.4601,0.102951,0.101652,-0.001299,in_band
2026-07-07T19:41:59Z,90.4585,0.099631,0.098374,-0.001257,in_band
2026-07-07T19:42:00Z,90.4417,0.099576,0.098319,-0.001256,in_band
2026-07-07T19:42:59Z,90.4402,0.096365,0.095149,-0.001216,in_band
2026-07-07T19:43:00Z,90.4494,0.096311,0.095096,-0.001215,in_band
2026-07-07T19:43:59Z,90.4494,0.093205,0.092029,-0.001176,in_band
2026-07-07T19:44:00Z,90.4326,0.093154,0.091978,-0.001175,in_band
2026-07-07T19:44:59Z,90.4601,0.090150,0.089012,-0.001137,in_band
2026-07-07T19:45:00Z,90.4265,0.090100,0.088963,-0.001137,in_band
2026-07-07T19:45:59Z,90.4097,0.087194,0.086094,-0.001100,in_band
2026-07-07T19:46:00Z,90.4601,0.087146,0.086046,-0.001100,in_band
2026-07-07T19:46:59Z,90.4097,0.084336,0.083272,-0.001064,in_band
2026-07-07T19:47:00Z,90.3960,0.084289,0.083225,-0.001063,in_band
2026-07-07T19:47:59Z,90.4097,0.081571,0.080542,-0.001029,in_band
2026-07-07T19:48:00Z,90.3960,0.081526,0.080497,-0.001029,in_band
2026-07-07T19:48:59Z,90.3716,0.078897,0.077901,-0.000995,in_band
2026-07-07T19:49:00Z,90.4356,0.078853,0.077858,-0.000995,in_band
2026-07-07T19:49:59Z,90.3487,0.076310,0.075347,-0.000963,in_band
2026-07-07T19:50:00Z,90.3532,0.076268,0.075305,-0.000962,in_band
2026-07-07T19:50:59Z,90.3273,0.073808,0.072877,-0.000931,in_band
2026-07-07T19:51:00Z,90.2815,0.073767,0.072837,-0.000931,in_band
2026-07-07T19:51:59Z,90.2449,0.071389,0.070488,-0.000901,in_band
2026-07-07T19:52:00Z,90.2525,0.071349,0.070449,-0.000900,in_band
2026-07-07T19:52:59Z,90.2037,0.069048,0.068177,-0.000871,in_band
2026-07-07T19:53:00Z,90.2403,0.069010,0.068139,-0.000871,in_band
2026-07-07T19:53:59Z,90.2205,0.066785,0.065942,-0.000843,in_band
2026-07-07T19:54:00Z,90.1854,0.066747,0.065905,-0.000842,in_band
2026-07-07T19:54:59Z,90.2159,0.064595,0.063780,-0.000815,in_band
2026-07-07T19:55:00Z,90.1762,0.064559,0.063745,-0.000815,in_band
2026-07-07T19:55:59Z,90.1472,0.062477,0.061689,-0.000788,in_band
2026-07-07T19:56:00Z,90.1610,0.062443,0.061655,-0.000788,in_band
2026-07-07T19:56:59Z,90.0969,0.060429,0.059667,-0.000762,in_band
2026-07-07T19:57:00Z,90.1122,0.060396,0.059634,-0.000762,in_band
2026-07-07T19:57:59Z,90.0786,0.058448,0.057711,-0.000737,in_band
2026-07-07T19:58:00Z,90.0526,0.058416,0.057679,-0.000737,in_band
2026-07-07T19:58:59Z,89.9916,0.056532,0.055953,-0.000579,below_midpoint_feather
2026-07-07T19:59:53Z,89.9916,0.056320,0.055520,-0.000799,below_midpoint_feather
2026-07-07T19:59:56Z,89.9382,0.056320,0.056054,-0.000266,below_midpoint_feather
2026-07-07T20:00:46Z,89.9428,0.057173,0.055990,-0.001183,below_midpoint_feather
2026-07-07T20:00:52Z,89.9001,0.057011,0.056950,-0.000062,below_midpoint_feather
2026-07-07T20:01:37Z,89.9062,0.058412,0.056845,-0.001567,below_midpoint_feather
2026-07-07T20:01:55Z,89.8329,0.059017,0.059613,0.000596,below_midpoint_feather
2026-07-07T20:02:27Z,89.8085,0.060522,0.060984,0.000462,below_midpoint_feather
2026-07-07T20:02:38Z,89.8512,0.061025,0.058975,-0.002051,below_midpoint_feather
2026-07-07T20:03:12Z,89.7551,0.062214,0.064579,0.002366,below_midpoint_feather
2026-07-07T20:03:26Z,89.8329,0.063117,0.060139,-0.002978,below_midpoint_feather
2026-07-07T20:04:16Z,89.8039,0.064372,0.062156,-0.002217,below_midpoint_feather
2026-07-07T20:04:32Z,89.7642,0.063193,0.064785,0.001592,below_midpoint_feather
2026-07-07T20:05:30Z,89.6956,0.066528,0.070838,0.004311,below_midpoint_feather
2026-07-07T20:05:43Z,89.7551,0.069537,0.066394,-0.003143,below_midpoint_feather
2026-07-07T20:06:18Z,89.7536,0.069679,0.067142,-0.002537,below_midpoint_feather
2026-07-07T20:06:52Z,89.6544,0.071984,0.076222,0.004238,below_midpoint_feather
2026-07-07T20:07:19Z,89.7414,0.075298,0.069416,-0.005882,below_midpoint_feather
2026-07-07T20:07:23Z,89.6620,0.073374,0.076252,0.002877,below_midpoint_feather
2026-07-07T20:08:42Z,89.6086,0.081479,0.084205,0.002725,below_midpoint_feather
2026-07-07T20:08:50Z,89.6773,0.083691,0.077519,-0.006172,below_midpoint_feather
2026-07-07T20:09:30Z,89.6025,0.090319,0.086767,-0.003552,below_midpoint_feather
2026-07-07T20:09:46Z,89.5521,0.090128,0.093549,0.003420,below_midpoint_feather
2026-07-07T20:10:38Z,89.5293,0.105546,0.099312,-0.006234,below_midpoint_feather
2026-07-07T20:10:50Z,89.4530,0.105418,0.111118,0.005700,below_midpoint_feather
2026-07-07T20:11:48Z,89.3568,0.126017,0.131862,0.005845,below_midpoint_feather
2026-07-07T20:11:58Z,89.3980,0.128516,0.125493,-0.003022,below_midpoint_feather
2026-07-07T20:12:25Z,89.3919,0.143053,0.129301,-0.013752,below_midpoint_feather
2026-07-07T20:12:58Z,89.2592,0.151139,0.158695,0.007557,below_midpoint_feather
2026-07-07T20:13:01Z,89.2332,0.148809,0.164642,0.015833,below_midpoint_feather
2026-07-07T20:13:27Z,89.2729,0.171519,0.159855,-0.011664,below_midpoint_feather
2026-07-07T20:14:15Z,89.1127,0.189176,0.204658,0.015483,below_midpoint_feather
2026-07-07T20:14:33Z,89.1646,0.202106,0.195421,-0.006685,below_midpoint_feather
2026-07-07T20:15:51Z,89.0684,0.248369,0.237375,-0.010995,below_midpoint_feather
2026-07-07T20:15:55Z,88.9952,0.247298,0.258581,0.011283,below_midpoint_feather
2026-07-07T20:16:06Z,89.0455,0.257419,0.247483,-0.009936,below_midpoint_feather
2026-07-07T20:16:18Z,88.9586,0.260710,0.275479,0.014770,below_midpoint_feather
2026-07-07T20:17:21Z,88.9433,0.305463,0.299334,-0.006129,below_midpoint_feather
2026-07-07T20:17:46Z,88.8441,0.315276,0.339015,0.023739,below_midpoint_feather
2026-07-07T20:18:11Z,88.8304,0.337057,0.352547,0.015490,below_midpoint_feather
2026-07-07T20:18:45Z,88.8670,0.370046,0.353727,-0.016320,below_midpoint_feather
2026-07-07T20:19:21Z,88.7190,0.403956,0.419670,0.015714,below_midpoint_feather
2026-07-07T20:19:45Z,88.7755,0.429440,0.410382,-0.019058,below_midpoint_feather
2026-07-07T20:20:02Z,88.6915,0.433557,0.448663,0.015106,below_midpoint_feather
2026-07-07T20:20:42Z,88.7098,0.474370,0.461987,-0.012383,below_midpoint_feather
2026-07-07T20:21:30Z,88.6839,0.505428,0.497535,-0.007893,below_midpoint_feather
2026-07-07T20:21:32Z,88.6229,0.506545,0.522032,0.015486,below_midpoint_feather
2026-07-07T20:22:15Z,88.5954,0.534659,0.557552,0.022893,below_midpoint_feather
2026-07-07T20:22:21Z,88.6473,0.550625,0.540738,-0.009887,below_midpoint_feather
2026-07-07T20:23:36Z,88.6412,0.604900,0.588402,-0.016498,below_midpoint_feather
2026-07-07T20:23:54Z,88.5771,0.607060,0.624983,0.017923,below_midpoint_feather
2026-07-07T20:24:22Z,88.6519,0.626508,0.613171,-0.013337,below_midpoint_feather
2026-07-07T20:24:56Z,88.5557,0.655359,0.672953,0.017594,below_midpoint_feather
2026-07-07T20:25:12Z,88.6412,0.663158,0.649162,-0.013996,below_midpoint_feather
2026-07-07T20:25:20Z,88.5817,0.661078,0.677832,0.016754,below_midpoint_feather
2026-07-07T20:26:42Z,88.7022,0.693092,0.683912,-0.009179,below_midpoint_feather
2026-07-07T20:26:47Z,88.6595,0.690502,0.703072,0.012569,below_midpoint_feather
2026-07-07T20:27:14Z,88.7190,0.712331,0.697541,-0.014790,below_midpoint_feather
2026-07-07T20:27:54Z,88.6961,0.717816,0.729991,0.012175,below_midpoint_feather
2026-07-07T20:28:02Z,88.7114,0.717556,0.729048,0.011492,below_midpoint_feather
2026-07-07T20:28:13Z,88.7648,0.731096,0.716243,-0.014853,below_midpoint_feather
2026-07-07T20:29:06Z,88.8746,0.720704,0.708698,-0.012007,below_midpoint_feather
2026-07-07T20:29:49Z,88.8762,0.721166,0.729649,0.008483,below_midpoint_feather
2026-07-07T20:30:10Z,88.9586,0.723862,0.713997,-0.009865,below_midpoint_feather
2026-07-07T20:30:44Z,88.9525,0.722734,0.730524,0.007790,below_midpoint_feather
2026-07-07T20:31:34Z,89.1142,0.717618,0.705481,-0.012137,below_midpoint_feather
2026-07-07T20:31:42Z,89.0684,0.707461,0.720175,0.012714,below_midpoint_feather
2026-07-07T20:32:20Z,89.2012,0.711017,0.699981,-0.011036,below_midpoint_feather
2026-07-07T20:32:52Z,89.1676,0.706420,0.716944,0.010524,below_midpoint_feather
2026-07-07T20:33:06Z,89.1768,0.707072,0.718471,0.011399,below_midpoint_feather
2026-07-07T20:33:30Z,89.3248,0.703227,0.692860,-0.010367,below_midpoint_feather
2026-07-07T20:34:12Z,89.3706,0.700843,0.693450,-0.007393,below_midpoint_feather
2026-07-07T20:34:41Z,89.3736,0.693093,0.698320,0.005227,below_midpoint_feather
2026-07-07T20:35:13Z,89.4713,0.683264,0.687418,0.004154,below_midpoint_feather
2026-07-07T20:35:27Z,89.5384,0.685694,0.679916,-0.005778,below_midpoint_feather
2026-07-07T20:36:13Z,89.5995,0.682103,0.677749,-0.004354,below_midpoint_feather
2026-07-07T20:36:15Z,89.5521,0.679342,0.683651,0.004309,below_midpoint_feather
2026-07-07T20:37:17Z,89.6986,0.675872,0.673070,-0.002803,below_midpoint_feather
2026-07-07T20:37:50Z,89.7124,0.672014,0.673856,0.001842,below_midpoint_feather
2026-07-07T20:38:18Z,89.7444,0.670654,0.672653,0.001999,below_midpoint_feather
2026-07-07T20:38:30Z,89.8177,0.673672,0.668548,-0.005124,below_midpoint_feather
2026-07-07T20:39:08Z,89.8177,0.668242,0.669721,0.001479,below_midpoint_feather
2026-07-07T20:39:13Z,89.9107,0.667464,0.666248,-0.001217,below_midpoint_feather
2026-07-07T20:40:01Z,89.9565,0.666304,0.666232,-0.000071,below_midpoint_feather
2026-07-07T20:40:24Z,90.0114,0.666306,0.664351,-0.001955,in_band
2026-07-07T20:41:00Z,90.0847,0.653319,0.651418,-0.001901,in_band
2026-07-07T20:41:59Z,90.1930,0.632426,0.630580,-0.001847,in_band
2026-07-07T20:42:00Z,90.1991,0.632077,0.630231,-0.001846,in_band
2026-07-07T20:42:59Z,90.2770,0.611760,0.609971,-0.001788,in_band
2026-07-07T20:43:00Z,90.2312,0.611420,0.609633,-0.001787,in_band
2026-07-07T20:43:59Z,90.3822,0.591728,0.589998,-0.001731,in_band
2026-07-07T20:44:00Z,90.3685,0.591400,0.589670,-0.001730,in_band
2026-07-07T20:44:59Z,90.4509,0.572339,0.570664,-0.001675,in_band
2026-07-07T20:45:00Z,90.4860,0.572021,0.570347,-0.001674,in_band
2026-07-07T20:45:59Z,90.5928,0.553578,0.551959,-0.001620,in_band
2026-07-07T20:46:00Z,90.6004,0.553271,0.551652,-0.001619,in_band
2026-07-07T20:46:59Z,90.6523,0.535431,0.533864,-0.001567,in_band
2026-07-07T20:47:00Z,90.6645,0.535134,0.533568,-0.001566,in_band
2026-07-07T20:47:59Z,90.7652,0.517878,0.516363,-0.001515,in_band
2026-07-07T20:48:00Z,90.7393,0.517590,0.516076,-0.001514,in_band
2026-07-07T20:48:59Z,90.8156,0.500900,0.499435,-0.001466,in_band
2026-07-07T20:49:00Z,90.8217,0.500622,0.499157,-0.001465,in_band
2026-07-07T20:49:59Z,90.9071,0.484479,0.483061,-0.001418,in_band
2026-07-07T20:50:00Z,90.9041,0.484210,0.482793,-0.001417,in_band
2026-07-07T20:50:59Z,90.9865,0.468596,0.467225,-0.001371,in_band
2026-07-07T20:51:00Z,90.9804,0.468335,0.466965,-0.001370,in_band
2026-07-07T20:51:59Z,91.0536,0.453233,0.451907,-0.001326,in_band
2026-07-07T20:52:00Z,91.0765,0.452982,0.451656,-0.001325,in_band
2026-07-07T20:52:59Z,91.1604,0.438375,0.437092,-0.001283,in_band
2026-07-07T20:53:00Z,91.1833,0.438131,0.436849,-0.001282,in_band
2026-07-07T20:53:59Z,91.2383,0.424003,0.422762,-0.001241,in_band
2026-07-07T20:54:00Z,91.2459,0.423767,0.422528,-0.001240,in_band
2026-07-07T20:54:59Z,91.3207,0.410102,0.408903,-0.001200,in_band
2026-07-07T20:55:00Z,91.3252,0.409875,0.408675,-0.001199,in_band
2026-07-07T20:55:59Z,91.4153,0.396658,0.395497,-0.001161,in_band
2026-07-07T20:56:57Z,91.4992,0.384080,0.382956,-0.001124,in_band
2026-07-07T20:56:58Z,91.5114,0.383867,0.378091,-0.005776,above_band_high
2026-07-07T20:57:00Z,91.5251,0.383441,0.372234,-0.011206,above_band_high
2026-07-07T20:57:01Z,91.5251,0.379877,0.372236,-0.007641,above_band_high
2026-07-07T20:58:42Z,91.6396,0.305911,0.319596,0.013684,above_band_high
2026-07-07T20:58:48Z,91.7144,0.308709,0.287224,-0.021485,above_band_high
2026-07-07T20:59:02Z,91.7174,0.302232,0.284611,-0.017620,above_band_high
2026-07-07T20:59:27Z,91.7006,0.273272,0.288764,0.015492,above_band_high
2026-07-07T21:00:22Z,91.8914,0.218410,0.197265,-0.021146,above_band_high
2026-07-07T21:00:29Z,91.8379,0.205710,0.218373,0.012662,above_band_high
2026-07-07T21:01:13Z,91.8959,0.173210,0.181111,0.007901,above_band_high
2026-07-07T21:01:32Z,91.9692,0.161707,0.143489,-0.018218,above_band_high
2026-07-07T21:02:28Z,92.0333,0.110134,0.094303,-0.015832,above_band_high
2026-07-07T21:02:43Z,91.9966,0.087993,0.103349,0.015356,above_band_high
2026-07-07T21:03:31Z,92.0668,0.042284,0.050326,0.008042,above_band_high
2026-07-07T21:03:48Z,92.1431,0.023033,0.008899,-0.014134,above_band_high
2026-07-07T21:04:00Z,92.1538,0.011365,0.000000,-0.011365,above_band_high
2026-07-07T21:04:10Z,92.1294,0.000000,0.002698,0.002698,above_band_high
2026-07-07T21:05:00Z,92.2133,0.000000,0.000000,0.000000,above_band_high
2026-07-07T21:06:00Z,92.3003,0.000000,0.000000,0.000000,above_band_high
2026-07-07T21:07:00Z,92.3873,0.000000,0.000000,0.000000,above_band_high
2026-07-07T21:08:00Z,92.4834,0.000000,0.000000,0.000000,above_band_high
2026-07-07T21:09:00Z,92.5612,0.000000,0.000000,0.000000,above_band_high
2026-07-07T21:10:00Z,92.6299,0.000000,0.000000,0.000000,above_band_high
2026-07-07T21:11:00Z,92.6848,0.000000,0.000000,0.000000,above_band_high
2026-07-07T21:12:00Z,92.7565,0.000000,0.000000,0.000000,above_band_high
2026-07-07T21:13:00Z,92.7886,0.000000,0.000000,0.000000,above_band_high
2026-07-07T21:14:00Z,92.7657,0.000000,0.000000,0.000000,above_band_high
2026-07-07T21:15:00Z,92.7932,0.000000,0.000000,0.000000,above_band_high
2026-07-07T21:16:00Z,92.7535,0.000000,0.000000,0.000000,above_band_high
2026-07-07T21:17:00Z,92.7398,0.000000,0.000000,0.000000,above_band_high
2026-07-07T21:18:00Z,92.7474,0.000000,0.000000,0.000000,above_band_high
2026-07-07T21:19:00Z,92.7352,0.000000,0.000000,0.000000,above_band_high
2026-07-07T21:20:00Z,92.7611,0.000000,0.000000,0.000000,above_band_high
2026-07-07T21:21:00Z,92.7306,0.000000,0.000000,0.000000,above_band_high
2026-07-07T21:22:00Z,92.7535,0.000000,0.000000,0.000000,above_band_high
2026-07-07T21:23:00Z,92.7352,0.000000,0.000000,0.000000,above_band_high
2026-07-07T21:24:00Z,92.7520,0.000000,0.000000,0.000000,above_band_high
2026-07-07T21:25:00Z,92.7352,0.000000,0.000000,0.000000,above_band_high
2026-07-07T21:26:00Z,92.7764,0.000000,0.000000,0.000000,above_band_high
2026-07-07T21:27:00Z,92.7749,0.000000,0.000000,0.000000,above_band_high
2026-07-07T21:28:00Z,92.7382,0.000000,0.000000,0.000000,above_band_high
2026-07-07T21:29:00Z,92.7581,0.000000,0.000000,0.000000,above_band_high
2026-07-07T21:30:00Z,92.7199,0.000000,0.000000,0.000000,above_band_high
2026-07-07T21:31:00Z,92.6696,0.000000,0.000000,0.000000,above_band_high
2026-07-07T21:32:00Z,92.6467,0.000000,0.000000,0.000000,above_band_high
2026-07-07T21:33:00Z,92.6665,0.000000,0.000000,0.000000,above_band_high
2026-07-07T21:34:00Z,92.6055,0.000000,0.000000,0.000000,above_band_high
2026-07-07T21:35:00Z,92.5658,0.000000,0.000000,0.000000,above_band_high
2026-07-07T21:36:00Z,92.6055,0.000000,0.000000,0.000000,above_band_high
2026-07-07T21:37:00Z,92.6024,0.000000,0.000000,0.000000,above_band_high
2026-07-07T21:38:00Z,92.6116,0.000000,0.000000,0.000000,above_band_high
2026-07-07T21:39:00Z,92.6207,0.000000,0.000000,0.000000,above_band_high
2026-07-07T21:40:00Z,92.7214,0.000000,0.000000,0.000000,above_band_high
2026-07-07T21:41:00Z,92.7306,0.000000,0.000000,0.000000,above_band_high
2026-07-07T21:42:00Z,92.7337,0.000000,0.000000,0.000000,above_band_high
2026-07-07T21:43:00Z,92.7306,0.000000,0.000000,0.000000,above_band_high
2026-07-07T21:44:00Z,92.7886,0.000000,0.000000,0.000000,above_band_high
2026-07-07T21:45:00Z,92.7886,0.000000,0.000000,0.000000,above_band_high
2026-07-07T21:46:00Z,92.8069,0.000000,0.000000,0.000000,above_band_high
2026-07-07T21:47:00Z,92.7947,0.000000,0.000000,0.000000,above_band_high
2026-07-07T21:48:00Z,92.7672,0.000000,0.000000,0.000000,above_band_high
2026-07-07T21:49:00Z,92.7565,0.000000,0.000000,0.000000,above_band_high
2026-07-07T21:50:00Z,92.7443,0.000000,0.000000,0.000000,above_band_high
2026-07-07T21:51:00Z,92.7520,0.000000,0.000000,0.000000,above_band_high
2026-07-07T21:52:00Z,92.6757,0.000000,0.000000,0.000000,above_band_high
2026-07-07T21:53:00Z,92.6421,0.000000,0.000000,0.000000,above_band_high
2026-07-07T21:54:00Z,92.6436,0.000000,0.000000,0.000000,above_band_high
2026-07-07T21:55:00Z,92.6528,0.000000,0.000000,0.000000,above_band_high
2026-07-07T21:56:00Z,92.6101,0.000000,0.000000,0.000000,above_band_high
2026-07-07T21:57:00Z,92.5429,0.000000,0.000000,0.000000,above_band_high
2026-07-07T21:58:00Z,92.4773,0.000000,0.000000,0.000000,above_band_high
2026-07-07T21:59:00Z,92.4132,0.000000,0.000000,0.000000,above_band_high
2026-07-07T22:00:00Z,92.3720,0.000000,0.000000,0.000000,above_band_high
2026-07-07T22:01:00Z,92.3415,0.000000,0.000000,0.000000,above_band_high
2026-07-07T22:02:00Z,92.2820,0.000000,0.000000,0.000000,above_band_high
2026-07-07T22:03:00Z,92.2438,0.000000,0.000000,0.000000,above_band_high
2026-07-07T22:04:00Z,92.1614,0.000000,0.000000,0.000000,above_band_high
2026-07-07T22:05:00Z,92.1157,0.000000,0.000000,0.000000,above_band_high
2026-07-07T22:06:00Z,92.0760,0.000000,0.000000,0.000000,above_band_high
2026-07-07T22:07:00Z,92.0058,0.000000,0.000000,0.000000,above_band_high
2026-07-07T22:08:00Z,91.9738,0.000000,0.000000,0.000000,above_band_high
2026-07-07T22:09:00Z,91.8746,0.000000,0.000000,0.000000,above_band_high
2026-07-07T22:10:00Z,91.8471,0.000000,0.000000,0.000000,above_band_high
2026-07-07T22:11:00Z,91.7723,0.000000,0.000000,0.000000,above_band_high
2026-07-07T22:12:00Z,91.6960,0.000000,0.000000,0.000000,above_band_high
2026-07-07T22:13:00Z,91.6457,0.000000,0.000000,0.000000,above_band_high
2026-07-07T22:14:36Z,91.4931,0.000000,0.006587,0.006587,in_band
2026-07-07T22:14:53Z,91.5297,0.000674,0.000000,-0.000674,above_band_high
2026-07-07T22:16:25Z,91.3832,0.001219,0.001172,-0.000047,in_band
2026-07-07T22:16:59Z,91.3710,0.000695,0.000668,-0.000027,in_band
2026-07-07T22:17:00Z,91.3527,0.000684,0.000657,-0.000026,in_band
2026-07-07T22:17:59Z,91.3146,0.000258,0.000248,-0.000010,in_band
2026-07-07T22:18:00Z,91.2917,0.000254,0.000244,-0.000010,in_band
2026-07-07T22:18:59Z,91.2428,0.000096,0.000092,-0.000004,in_band
2026-07-07T22:19:00Z,91.2154,0.000094,0.000090,-0.000004,in_band
2026-07-07T22:19:59Z,91.1635,0.000035,0.000034,-0.000001,in_band
2026-07-07T22:20:00Z,91.1727,0.000035,0.000034,-0.000001,in_band
2026-07-07T22:20:59Z,91.1223,0.000013,0.000013,-0.000001,in_band
2026-07-07T22:21:00Z,91.1040,0.000013,0.000012,-0.000000,in_band
2026-07-07T22:21:59Z,91.0262,0.000005,0.000005,-0.000000,in_band
2026-07-07T22:22:00Z,91.0170,0.000005,0.000005,-0.000000,in_band
2026-07-07T22:22:59Z,90.9773,0.000002,0.000002,-0.000000,in_band
2026-07-07T22:23:00Z,90.9865,0.000002,0.000002,-0.000000,in_band
2026-07-07T22:23:59Z,90.8949,0.000001,0.000001,-0.000000,in_band
2026-07-07T22:24:00Z,90.9041,0.000001,0.000001,-0.000000,in_band
2026-07-07T22:24:59Z,90.8400,0.000000,0.000000,-0.000000,in_band
2026-07-07T22:25:00Z,90.8400,0.000000,0.000000,-0.000000,in_band
2026-07-07T22:25:59Z,90.7576,0.000000,0.000000,-0.000000,in_band
2026-07-07T22:26:00Z,90.7668,0.000000,0.000000,-0.000000,in_band
2026-07-07T22:26:59Z,90.7469,0.000000,0.000000,-0.000000,in_band
2026-07-07T22:27:00Z,90.6889,0.000000,0.000000,-0.000000,in_band
2026-07-07T22:27:59Z,90.6706,0.000000,0.000000,-0.000000,in_band
2026-07-07T22:28:00Z,90.6737,0.000000,0.000000,-0.000000,in_band
2026-07-07T22:28:59Z,90.5684,0.000000,0.000000,-0.000000,in_band
2026-07-07T22:29:00Z,90.5928,0.000000,0.000000,-0.000000,in_band
2026-07-07T22:29:59Z,90.5333,0.000000,0.000000,-0.000000,in_band
2026-07-07T22:30:00Z,90.5592,0.000000,0.000000,-0.000000,in_band
2026-07-07T22:30:59Z,90.4448,0.000000,0.000000,-0.000000,in_band
2026-07-07T22:31:00Z,90.4784,0.000000,0.000000,-0.000000,in_band
2026-07-07T22:31:59Z,90.4265,0.000000,0.000000,-0.000000,in_band
2026-07-07T22:32:00Z,90.4540,0.000000,0.000000,-0.000000,in_band
2026-07-07T22:32:59Z,90.3319,0.000000,0.000000,-0.000000,in_band
2026-07-07T22:33:00Z,90.4219,0.000000,0.000000,-0.000000,in_band
2026-07-07T22:33:59Z,90.3441,0.000000,0.000000,-0.000000,in_band
2026-07-07T22:34:00Z,90.3578,0.000000,0.000000,-0.000000,in_band
2026-07-07T22:34:59Z,90.3166,0.000000,0.000000,-0.000000,in_band
2026-07-07T22:35:00Z,90.3166,0.000000,0.000000,-0.000000,in_band
2026-07-07T22:35:59Z,90.2998,0.000000,0.000000,-0.000000,in_band
2026-07-07T22:36:00Z,90.2617,0.000000,0.000000,-0.000000,in_band
2026-07-07T22:36:59Z,90.2541,0.000000,0.000000,-0.000000,in_band
2026-07-07T22:37:00Z,90.2754,0.000000,0.000000,-0.000000,in_band
2026-07-07T22:37:59Z,90.1976,0.000000,0.000000,-0.000000,in_band
2026-07-07T22:38:00Z,90.2022,0.000000,0.000000,-0.000000,in_band
2026-07-07T22:38:59Z,90.1564,0.000000,0.000000,-0.000000,in_band
2026-07-07T22:39:00Z,90.1717,0.000000,0.000000,-0.000000,in_band
2026-07-07T22:39:59Z,90.1335,0.000000,0.000000,-0.000000,in_band
2026-07-07T22:40:00Z,90.1396,0.000000,0.000000,-0.000000,in_band
2026-07-07T22:40:59Z,90.0877,0.000000,0.000000,-0.000000,in_band
2026-07-07T22:41:00Z,90.1106,0.000000,0.000000,-0.000000,in_band
2026-07-07T22:41:59Z,90.0893,0.000000,0.000000,-0.000000,in_band
2026-07-07T22:42:00Z,90.0755,0.000000,0.000000,-0.000000,in_band
2026-07-07T22:42:59Z,90.0435,0.000000,0.000000,-0.000000,in_band
2026-07-07T22:43:57Z,90.0023,0.000007,0.000000,-0.000007,in_band
2026-07-07T22:43:58Z,89.9657,0.000007,0.000168,0.000161,below_midpoint_feather
2026-07-07T22:44:22Z,89.9413,0.000019,0.000491,0.000473,below_midpoint_feather
2026-07-07T22:44:26Z,89.9687,0.000288,0.000140,-0.000148,below_midpoint_feather
2026-07-07T22:45:27Z,89.9474,0.000855,0.000409,-0.000446,below_midpoint_feather
2026-07-07T22:45:42Z,89.8833,0.000412,0.001962,0.001549,below_midpoint_feather
2026-07-07T22:46:26Z,89.8451,0.001617,0.003488,0.001871,below_midpoint_feather
2026-07-07T22:46:37Z,89.9153,0.002021,0.001119,-0.000902,below_midpoint_feather
2026-07-07T22:47:14Z,89.8131,0.003206,0.005179,0.001974,below_midpoint_feather
2026-07-07T22:47:40Z,89.8650,0.004795,0.002928,-0.001867,below_midpoint_feather
2026-07-07T22:48:16Z,89.8405,0.005412,0.004183,-0.001229,below_midpoint_feather
2026-07-07T22:48:58Z,89.7490,0.007140,0.009892,0.002753,below_midpoint_feather
2026-07-07T22:49:11Z,89.7490,0.006917,0.010031,0.003114,below_midpoint_feather
2026-07-07T22:49:43Z,89.7719,0.012313,0.008879,-0.003434,below_midpoint_feather
2026-07-07T22:50:38Z,89.6437,0.016937,0.020548,0.003611,below_midpoint_feather
2026-07-07T22:50:41Z,89.6956,0.019011,0.015742,-0.003270,below_midpoint_feather
2026-07-07T22:51:06Z,89.6498,0.017086,0.020644,0.003558,below_midpoint_feather
2026-07-07T22:51:40Z,89.6498,0.024400,0.021672,-0.002727,below_midpoint_feather
2026-07-07T22:52:02Z,89.5613,0.025342,0.032384,0.007043,below_midpoint_feather
2026-07-07T22:52:22Z,89.6162,0.029549,0.026756,-0.002794,below_midpoint_feather
2026-07-07T22:53:02Z,89.5720,0.036620,0.033713,-0.002906,below_midpoint_feather
2026-07-07T22:53:48Z,89.4743,0.042005,0.049558,0.007553,below_midpoint_feather
2026-07-07T22:54:45Z,89.4881,0.055859,0.051524,-0.004334,below_midpoint_feather
2026-07-07T22:54:56Z,89.4057,0.058874,0.065363,0.006489,below_midpoint_feather
2026-07-07T22:55:22Z,89.4301,0.069423,0.063575,-0.005848,below_midpoint_feather
2026-07-07T22:55:36Z,89.3431,0.071538,0.080089,0.008552,below_midpoint_feather
2026-07-07T22:56:05Z,89.3797,0.082804,0.076490,-0.006314,below_midpoint_feather
2026-07-07T22:56:40Z,89.2958,0.086946,0.096488,0.009543,below_midpoint_feather
2026-07-07T22:57:03Z,89.3553,0.097871,0.088100,-0.009771,below_midpoint_feather
2026-07-07T22:57:10Z,89.2546,0.100964,0.108966,0.008003,below_midpoint_feather
2026-07-07T22:58:28Z,89.1493,0.133929,0.145192,0.011263,below_midpoint_feather
2026-07-07T22:58:36Z,89.2134,0.141397,0.131717,-0.009680,below_midpoint_feather
2026-07-07T22:59:17Z,89.2088,0.152981,0.140722,-0.012259,below_midpoint_feather
2026-07-07T22:59:58Z,89.0867,0.168453,0.179079,0.010625,below_midpoint_feather
2026-07-07T23:00:36Z,89.1417,0.190195,0.174146,-0.016049,below_midpoint_feather
2026-07-07T23:00:55Z,89.0501,0.193304,0.202406,0.009102,below_midpoint_feather
2026-07-07T23:01:28Z,89.0669,0.210829,0.206525,-0.004304,below_midpoint_feather
2026-07-07T23:01:58Z,89.0089,0.222435,0.230685,0.008250,below_midpoint_feather
2026-07-07T23:02:08Z,89.0486,0.232918,0.222585,-0.010333,below_midpoint_feather
2026-07-07T23:02:46Z,88.9403,0.249825,0.264856,0.015031,below_midpoint_feather
2026-07-07T23:03:32Z,88.9265,0.270995,0.283594,0.012599,below_midpoint_feather
2026-07-07T23:03:36Z,89.0028,0.272297,0.262437,-0.009860,below_midpoint_feather
2026-07-07T23:04:16Z,88.9845,0.287946,0.281145,-0.006801,below_midpoint_feather
2026-07-07T23:04:18Z,88.9128,0.288634,0.303280,0.014647,below_midpoint_feather
2026-07-07T23:05:08Z,88.9754,0.313013,0.302081,-0.010932,below_midpoint_feather
2026-07-07T23:05:38Z,88.9021,0.321075,0.335019,0.013944,below_midpoint_feather
2026-07-07T23:06:09Z,88.9158,0.329702,0.342136,0.012434,below_midpoint_feather
2026-07-07T23:06:20Z,88.9754,0.336500,0.328357,-0.008143,below_midpoint_feather
2026-07-07T23:07:32Z,88.9845,0.360147,0.352055,-0.008093,below_midpoint_feather
2026-07-07T23:07:39Z,88.9342,0.353731,0.369487,0.015756,below_midpoint_feather
2026-07-07T23:08:00Z,89.0089,0.362175,0.355178,-0.006997,below_midpoint_feather
2026-07-07T23:08:43Z,88.9937,0.366129,0.374694,0.008566,below_midpoint_feather
2026-07-07T23:09:29Z,89.0120,0.374201,0.385078,0.010877,below_midpoint_feather
2026-07-07T23:09:48Z,89.0867,0.380043,0.371099,-0.008944,below_midpoint_feather
2026-07-07T23:10:23Z,89.1310,0.375905,0.370877,-0.005028,below_midpoint_feather
2026-07-07T23:10:51Z,89.0867,0.375105,0.390333,0.015228,below_midpoint_feather
2026-07-07T23:11:16Z,89.1951,0.382109,0.370851,-0.011259,below_midpoint_feather
2026-07-07T23:11:24Z,89.1356,0.379883,0.387149,0.007267,below_midpoint_feather
2026-07-07T23:12:03Z,89.1691,0.381207,0.389183,0.007976,below_midpoint_feather
2026-07-07T23:12:10Z,89.2271,0.385399,0.377695,-0.007704,below_midpoint_feather
2026-07-07T23:13:44Z,89.3233,0.391029,0.378830,-0.012199,below_midpoint_feather
2026-07-07T23:13:50Z,89.2699,0.382029,0.390730,0.008701,below_midpoint_feather
2026-07-07T23:14:32Z,89.4163,0.380740,0.371222,-0.009518,below_midpoint_feather
2026-07-07T23:14:45Z,89.3462,0.377801,0.385768,0.007967,below_midpoint_feather
2026-07-07T23:15:48Z,89.4057,0.379109,0.384605,0.005496,below_midpoint_feather
2026-07-07T23:15:53Z,89.4621,0.380270,0.376181,-0.004089,below_midpoint_feather
2026-07-07T23:16:22Z,89.5354,0.375542,0.369382,-0.006159,below_midpoint_feather
2026-07-07T23:16:56Z,89.4606,0.375628,0.383785,0.008157,below_midpoint_feather
2026-07-07T23:17:06Z,89.4621,0.378340,0.384556,0.006217,below_midpoint_feather
2026-07-07T23:17:48Z,89.5811,0.376969,0.372384,-0.004585,below_midpoint_feather
2026-07-07T23:18:14Z,89.6086,0.376715,0.371469,-0.005246,below_midpoint_feather
2026-07-07T23:18:43Z,89.6162,0.370154,0.372851,0.002697,below_midpoint_feather
2026-07-07T23:19:48Z,89.7230,0.372759,0.366750,-0.006009,below_midpoint_feather
2026-07-07T23:19:53Z,89.6223,0.369745,0.376384,0.006639,below_midpoint_feather
2026-07-07T23:20:39Z,89.7490,0.370562,0.367185,-0.003376,below_midpoint_feather
2026-07-07T23:20:43Z,89.6803,0.368295,0.372918,0.004623,below_midpoint_feather
2026-07-07T23:21:02Z,89.7536,0.369967,0.367750,-0.002216,below_midpoint_feather
2026-07-07T23:21:36Z,89.6910,0.369488,0.373830,0.004341,below_midpoint_feather
2026-07-07T23:22:13Z,89.8009,0.369266,0.366959,-0.002307,below_midpoint_feather
2026-07-07T23:22:31Z,89.7444,0.368825,0.371069,0.002243,below_midpoint_feather
2026-07-07T23:23:04Z,89.7627,0.368460,0.370532,0.002071,below_midpoint_feather
2026-07-07T23:23:30Z,89.8054,0.370985,0.368414,-0.002571,below_midpoint_feather
2026-07-07T23:24:07Z,89.8009,0.368159,0.369350,0.001192,below_midpoint_feather
2026-07-07T23:24:14Z,89.8589,0.369426,0.366664,-0.002762,below_midpoint_feather
2026-07-07T23:25:10Z,89.8604,0.368642,0.367392,-0.001250,below_midpoint_feather
2026-07-07T23:25:52Z,89.8131,0.367486,0.370046,0.002560,below_midpoint_feather
2026-07-07T23:26:16Z,89.9153,0.367551,0.366328,-0.001223,below_midpoint_feather
2026-07-07T23:26:19Z,89.8680,0.366701,0.367812,0.001111,below_midpoint_feather
2026-07-07T23:27:10Z,89.9840,0.366243,0.365720,-0.000523,below_midpoint_feather
2026-07-07T23:27:14Z,89.9275,0.365861,0.366450,0.000590,below_midpoint_feather
2026-07-07T23:28:00Z,90.0023,0.365879,0.365258,-0.000621,in_band
2026-07-07T23:28:59Z,90.0740,0.354147,0.353570,-0.000577,in_band
2026-07-07T23:29:00Z,90.0923,0.353952,0.353375,-0.000577,in_band
2026-07-07T23:29:59Z,90.1122,0.342571,0.342013,-0.000558,in_band
2026-07-07T23:30:00Z,90.0832,0.342381,0.341824,-0.000558,in_band
2026-07-07T23:30:59Z,90.1625,0.331353,0.330813,-0.000540,in_band
2026-07-07T23:31:00Z,90.1289,0.331169,0.330630,-0.000539,in_band
2026-07-07T23:31:59Z,90.2678,0.320495,0.319973,-0.000522,in_band
2026-07-07T23:32:00Z,90.2724,0.320317,0.319795,-0.000522,in_band
2026-07-07T23:32:59Z,90.4005,0.309989,0.309484,-0.000505,in_band
2026-07-07T23:33:00Z,90.3593,0.309817,0.309313,-0.000505,in_band
2026-07-07T23:33:59Z,90.4189,0.299827,0.299339,-0.000488,in_band
2026-07-07T23:34:00Z,90.4509,0.299661,0.299173,-0.000488,in_band
2026-07-07T23:34:59Z,90.5470,0.289998,0.289526,-0.000472,in_band
2026-07-07T23:35:00Z,90.5776,0.289837,0.289365,-0.000472,in_band
2026-07-07T23:35:59Z,90.6889,0.280491,0.280034,-0.000457,in_band
2026-07-07T23:36:00Z,90.6691,0.280335,0.279879,-0.000456,in_band
2026-07-07T23:36:59Z,90.7073,0.271295,0.270854,-0.000442,in_band
2026-07-07T23:37:00Z,90.7118,0.271145,0.270703,-0.000441,in_band
2026-07-07T23:37:59Z,90.7698,0.262401,0.261974,-0.000427,in_band
2026-07-07T23:38:00Z,90.7836,0.262255,0.261828,-0.000427,in_band
2026-07-07T23:38:59Z,90.8583,0.253799,0.253385,-0.000413,in_band
2026-07-07T23:39:00Z,90.8492,0.253658,0.253245,-0.000413,in_band
2026-07-07T23:39:59Z,90.9621,0.245478,0.245078,-0.000400,in_band
2026-07-07T23:40:00Z,90.9545,0.245342,0.244942,-0.000399,in_band
2026-07-07T23:40:59Z,90.9545,0.237430,0.237044,-0.000387,in_band
2026-07-07T23:41:00Z,90.9453,0.237299,0.236912,-0.000386,in_band
2026-07-07T23:41:59Z,90.9804,0.229647,0.229273,-0.000374,in_band
2026-07-07T23:42:00Z,91.0170,0.229519,0.229145,-0.000374,in_band
2026-07-07T23:42:59Z,91.0140,0.222118,0.221756,-0.000362,in_band
2026-07-07T23:43:00Z,91.0307,0.221994,0.221633,-0.000361,in_band
2026-07-07T23:43:59Z,91.0094,0.214836,0.214486,-0.000350,in_band
2026-07-07T23:44:00Z,91.0048,0.214717,0.214367,-0.000350,in_band
2026-07-07T23:44:59Z,90.9987,0.207793,0.207454,-0.000338,in_band
2026-07-07T23:45:00Z,91.0048,0.207677,0.207339,-0.000338,in_band
2026-07-07T23:45:59Z,91.0216,0.200980,0.200653,-0.000327,in_band
2026-07-07T23:46:00Z,90.9773,0.200869,0.200542,-0.000327,in_band
2026-07-07T23:46:59Z,90.9911,0.194392,0.194075,-0.000317,in_band
2026-07-07T23:47:00Z,91.0048,0.194284,0.193967,-0.000316,in_band
2026-07-07T23:47:59Z,91.0399,0.188019,0.187712,-0.000306,in_band
2026-07-07T23:48:00Z,91.0674,0.187914,0.187608,-0.000306,in_band
2026-07-07T23:48:59Z,91.0674,0.181855,0.181559,-0.000296,in_band
2026-07-07T23:49:00Z,91.0597,0.181754,0.181458,-0.000296,in_band
2026-07-07T23:49:59Z,91.0414,0.175893,0.175606,-0.000286,in_band
2026-07-07T23:50:00Z,91.0262,0.175795,0.175509,-0.000286,in_band
2026-07-07T23:50:59Z,91.0811,0.170126,0.169849,-0.000277,in_band
2026-07-07T23:51:00Z,91.0872,0.170032,0.169755,-0.000277,in_band
2026-07-07T23:51:59Z,91.0643,0.164549,0.164281,-0.000268,in_band
2026-07-07T23:52:00Z,91.0445,0.164458,0.164190,-0.000268,in_band
2026-07-07T23:52:59Z,91.0811,0.159154,0.158895,-0.000259,in_band
2026-07-07T23:53:00Z,91.0552,0.159066,0.158807,-0.000259,in_band
2026-07-07T23:53:59Z,91.0643,0.153937,0.153686,-0.000251,in_band
2026-07-07T23:54:00Z,91.0918,0.153851,0.153601,-0.000251,in_band
2026-07-07T23:54:59Z,91.0628,0.148890,0.148648,-0.000242,in_band
2026-07-07T23:55:00Z,91.0780,0.148807,0.148565,-0.000242,in_band
2026-07-07T23:55:59Z,91.1086,0.144009,0.143774,-0.000235,in_band
2026-07-07T23:56:00Z,91.1086,0.143929,0.143694,-0.000234,in_band
2026-07-07T23:56:59Z,91.1009,0.139288,0.139061,-0.000227,in_band
2026-07-07T23:57:00Z,91.0948,0.139210,0.138984,-0.000227,in_band
2026-07-07T23:57:59Z,91.0674,0.134721,0.134502,-0.000219,in_band
2026-07-07T23:58:00Z,91.0735,0.134646,0.134427,-0.000219,in_band
2026-07-07T23:58:59Z,91.0628,0.130305,0.130092,-0.000212,in_band
2026-07-07T23:59:00Z,91.0735,0.130232,0.130020,-0.000212,in_band
2026-07-07T23:59:59Z,91.0445,0.126033,0.125827,-0.000205,in_band
2026-07-08T00:00:00Z,91.0628,0.125963,0.125758,-0.000205,in_band
2026-07-08T00:00:59Z,91.0353,0.121901,0.121702,-0.000198,in_band
2026-07-08T00:01:00Z,91.0124,0.121833,0.121635,-0.000198,in_band
2026-07-08T00:01:59Z,91.0124,0.117904,0.117712,-0.000192,in_band
2026-07-08T00:02:00Z,91.0079,0.117839,0.117647,-0.000192,in_band
2026-07-08T00:02:59Z,90.9453,0.114039,0.113853,-0.000186,in_band
2026-07-08T00:03:00Z,90.9773,0.113976,0.113790,-0.000186,in_band
2026-07-08T00:03:59Z,90.9895,0.110300,0.110121,-0.000180,in_band
2026-07-08T00:04:00Z,90.9667,0.110239,0.110060,-0.000180,in_band
2026-07-08T00:04:59Z,90.9850,0.106684,0.106511,-0.000174,in_band
2026-07-08T00:05:00Z,90.9621,0.106625,0.106451,-0.000174,in_band
2026-07-08T00:05:59Z,90.9804,0.103187,0.103019,-0.000168,in_band
2026-07-08T00:06:00Z,90.9682,0.103130,0.102962,-0.000168,in_band
2026-07-08T00:06:59Z,90.9590,0.099804,0.099641,-0.000163,in_band
2026-07-08T00:07:00Z,90.9728,0.099749,0.099586,-0.000162,in_band
2026-07-08T00:07:59Z,90.9850,0.096532,0.096375,-0.000157,in_band
2026-07-08T00:08:00Z,91.0185,0.096478,0.096321,-0.000157,in_band
2026-07-08T00:08:59Z,91.0079,0.093367,0.093215,-0.000152,in_band
2026-07-08T00:09:00Z,91.0140,0.093315,0.093163,-0.000152,in_band
2026-07-08T00:09:59Z,91.0231,0.090306,0.090159,-0.000147,in_band
2026-07-08T00:10:00Z,91.0628,0.090256,0.090109,-0.000147,in_band
2026-07-08T00:10:59Z,91.0643,0.087346,0.087204,-0.000142,in_band
2026-07-08T00:11:00Z,91.0811,0.087297,0.087155,-0.000142,in_band
2026-07-08T00:11:59Z,91.0857,0.084482,0.084345,-0.000138,in_band
2026-07-08T00:12:00Z,91.1055,0.084435,0.084298,-0.000137,in_band
2026-07-08T00:12:59Z,91.1376,0.081713,0.081580,-0.000133,in_band
2026-07-08T00:13:00Z,91.0918,0.081667,0.081534,-0.000133,in_band
2026-07-08T00:13:59Z,91.1818,0.079034,0.078905,-0.000129,in_band
2026-07-08T00:14:00Z,91.1955,0.078990,0.078861,-0.000129,in_band
2026-07-08T00:14:59Z,91.1742,0.076443,0.076318,-0.000124,in_band
2026-07-08T00:15:00Z,91.1818,0.076400,0.076276,-0.000124,in_band
2026-07-08T00:15:59Z,91.1681,0.073937,0.073816,-0.000120,in_band
2026-07-08T00:16:00Z,91.1879,0.073896,0.073775,-0.000120,in_band
2026-07-08T00:16:59Z,91.2001,0.071513,0.071396,-0.000116,in_band
2026-07-08T00:17:00Z,91.1864,0.071473,0.071357,-0.000116,in_band
2026-07-08T00:17:59Z,91.1864,0.069168,0.069056,-0.000113,in_band
2026-07-08T00:18:00Z,91.1879,0.069130,0.069017,-0.000113,in_band
2026-07-08T00:18:59Z,91.1315,0.066901,0.066792,-0.000109,in_band
2026-07-08T00:19:00Z,91.1559,0.066863,0.066755,-0.000109,in_band
2026-07-08T00:19:59Z,91.1498,0.064707,0.064602,-0.000105,in_band
2026-07-08T00:20:00Z,91.1376,0.064671,0.064566,-0.000105,in_band
2026-07-08T00:20:59Z,91.1101,0.062586,0.062484,-0.000102,in_band
2026-07-08T00:21:00Z,91.1315,0.062551,0.062449,-0.000102,in_band
2026-07-08T00:21:58Z,91.1131,0.060568,0.060469,-0.000099,in_band
2026-07-08T00:22:00Z,91.1131,0.060501,0.060402,-0.000099,in_band
2026-07-08T00:22:59Z,91.0872,0.058550,0.058454,-0.000095,in_band
2026-07-08T00:23:00Z,91.1040,0.058517,0.058422,-0.000095,in_band
2026-07-08T00:23:59Z,91.0674,0.056630,0.056538,-0.000092,in_band
2026-07-08T00:24:00Z,91.0857,0.056599,0.056507,-0.000092,in_band
2026-07-08T00:24:59Z,91.0506,0.054774,0.054684,-0.000089,in_band
2026-07-08T00:25:00Z,91.0536,0.054743,0.054654,-0.000089,in_band
2026-07-08T00:25:59Z,91.0140,0.052978,0.052892,-0.000086,in_band
2026-07-08T00:26:00Z,91.0460,0.052948,0.052862,-0.000086,in_band
2026-07-08T00:26:59Z,90.9209,0.051241,0.051158,-0.000083,in_band
2026-07-08T00:27:00Z,90.9117,0.051213,0.051129,-0.000083,in_band
2026-07-08T00:27:59Z,90.8858,0.049561,0.049480,-0.000081,in_band
2026-07-08T00:28:00Z,90.8446,0.049534,0.049453,-0.000081,in_band
2026-07-08T00:28:59Z,90.7851,0.047936,0.047858,-0.000078,in_band
2026-07-08T00:29:00Z,90.7973,0.047910,0.047832,-0.000078,in_band
2026-07-08T00:29:59Z,90.7851,0.046365,0.046289,-0.000076,in_band
2026-07-08T00:30:00Z,90.7469,0.046339,0.046264,-0.000075,in_band
2026-07-08T00:30:59Z,90.7378,0.044845,0.044772,-0.000073,in_band
2026-07-08T00:31:00Z,90.7286,0.044820,0.044747,-0.000073,in_band
2026-07-08T00:31:59Z,90.7149,0.043375,0.043304,-0.000071,in_band
2026-07-08T00:32:00Z,90.7149,0.043351,0.043280,-0.000071,in_band
2026-07-08T00:32:59Z,90.6645,0.041953,0.041884,-0.000068,in_band
2026-07-08T00:33:00Z,90.6706,0.041929,0.041861,-0.000068,in_band
2026-07-08T00:33:59Z,90.6065,0.040577,0.040511,-0.000066,in_band
2026-07-08T00:34:00Z,90.6325,0.040555,0.040489,-0.000066,in_band
2026-07-08T00:34:59Z,90.5974,0.039247,0.039183,-0.000064,in_band
2026-07-08T00:35:00Z,90.5226,0.039225,0.039161,-0.000064,in_band
2026-07-08T00:35:59Z,90.4555,0.037960,0.037898,-0.000062,in_band
2026-07-08T00:36:00Z,90.4646,0.037939,0.037877,-0.000062,in_band
2026-07-08T00:36:59Z,90.3212,0.036716,0.036656,-0.000060,in_band
2026-07-08T00:37:00Z,90.3166,0.036695,0.036636,-0.000060,in_band
2026-07-08T00:37:59Z,90.2083,0.035512,0.035454,-0.000058,in_band
2026-07-08T00:38:00Z,90.2266,0.035492,0.035435,-0.000058,in_band
2026-07-08T00:38:59Z,90.1762,0.034348,0.034292,-0.000056,in_band
2026-07-08T00:39:00Z,90.2068,0.034329,0.034273,-0.000056,in_band
2026-07-08T00:39:59Z,90.2998,0.033222,0.033168,-0.000054,in_band
2026-07-08T00:40:00Z,90.3410,0.033203,0.033149,-0.000054,in_band
2026-07-08T00:40:59Z,90.2159,0.032133,0.032080,-0.000052,in_band
2026-07-08T00:41:00Z,90.2022,0.032115,0.032063,-0.000052,in_band
2026-07-08T00:41:59Z,90.0282,0.031079,0.031029,-0.000051,in_band
2026-07-08T00:42:52Z,89.9184,0.031399,0.031806,0.000407,below_midpoint_feather
2026-07-08T00:42:58Z,89.9458,0.031805,0.031277,-0.000528,below_midpoint_feather
2026-07-08T00:43:06Z,89.9565,0.031671,0.031132,-0.000539,below_midpoint_feather
2026-07-08T00:43:43Z,89.8970,0.031306,0.032403,0.001097,below_midpoint_feather
2026-07-08T00:44:01Z,89.8924,0.031476,0.032559,0.001083,below_midpoint_feather
2026-07-08T00:44:38Z,89.9611,0.031798,0.031181,-0.000617,below_midpoint_feather
2026-07-08T00:45:24Z,89.9886,0.031365,0.031046,-0.000318,below_midpoint_feather
2026-07-08T00:45:58Z,89.9092,0.031401,0.032237,0.000837,below_midpoint_feather
2026-07-08T00:46:18Z,89.8863,0.031615,0.032926,0.001311,below_midpoint_feather
2026-07-08T00:46:25Z,89.9428,0.032212,0.031563,-0.000649,below_midpoint_feather
2026-07-08T00:47:17Z,89.9153,0.033239,0.032194,-0.001044,below_midpoint_feather
2026-07-08T00:47:44Z,89.8466,0.033678,0.034579,0.000901,below_midpoint_feather
2026-07-08T00:48:11Z,89.8650,0.033130,0.033925,0.000795,below_midpoint_feather
2026-07-08T00:48:12Z,89.9153,0.033134,0.032355,-0.000779,below_midpoint_feather
2026-07-08T00:49:09Z,90.0145,0.031106,0.031161,0.000055,in_band
2026-07-08T00:49:41Z,89.9840,0.030605,0.030764,0.000159,below_midpoint_feather
2026-07-08T00:50:00Z,90.0481,0.030302,0.030423,0.000121,in_band
2026-07-08T00:50:59Z,90.0786,0.029356,0.029472,0.000116,in_band
2026-07-08T00:51:00Z,90.1106,0.029340,0.029456,0.000116,in_band
2026-07-08T00:51:59Z,90.0710,0.028405,0.028517,0.000113,in_band
2026-07-08T00:52:00Z,90.0710,0.028389,0.028502,0.000112,in_band
2026-07-08T00:52:59Z,90.1213,0.027478,0.027587,0.000109,in_band
2026-07-08T00:53:00Z,90.0938,0.027463,0.027572,0.000109,in_band
2026-07-08T00:53:59Z,90.0237,0.026579,0.026684,0.000105,in_band
2026-07-08T00:54:00Z,90.0420,0.026564,0.026669,0.000105,in_band
2026-07-08T00:54:59Z,90.0832,0.025708,0.025810,0.000102,in_band
2026-07-08T00:55:00Z,90.0847,0.025694,0.025795,0.000102,in_band
2026-07-08T00:55:59Z,90.1106,0.024865,0.024964,0.000098,in_band
2026-07-08T00:56:00Z,90.0847,0.024852,0.024950,0.000098,in_band
2026-07-08T00:56:59Z,90.0191,0.024050,0.024146,0.000095,in_band
2026-07-08T00:57:16Z,89.9367,0.024020,0.024662,0.000642,below_midpoint_feather
2026-07-08T00:57:34Z,89.9870,0.024334,0.024117,-0.000217,below_midpoint_feather
2026-07-08T00:58:37Z,90.0008,0.024122,0.024056,-0.000066,in_band
2026-07-08T00:58:47Z,89.9504,0.024088,0.024408,0.000320,below_midpoint_feather
2026-07-08T00:59:42Z,89.9092,0.024358,0.025245,0.000887,below_midpoint_feather
2026-07-08T00:59:48Z,89.9870,0.024500,0.024099,-0.000402,below_midpoint_feather
2026-07-08T01:00:33Z,89.9321,0.024116,0.024698,0.000582,below_midpoint_feather
2026-07-08T01:00:41Z,90.0069,0.024118,0.023992,-0.000126,in_band
2026-07-08T01:01:28Z,89.9565,0.023800,0.024011,0.000211,below_midpoint_feather
2026-07-08T01:01:59Z,90.0069,0.023868,0.023617,-0.000251,in_band
2026-07-08T01:02:02Z,90.0008,0.023868,0.023604,-0.000263,in_band
2026-07-08T01:02:23Z,89.9565,0.023688,0.023759,0.000072,below_midpoint_feather
2026-07-08T01:03:42Z,89.9565,0.023347,0.023432,0.000085,below_midpoint_feather
2026-07-08T01:03:49Z,90.0282,0.023401,0.023138,-0.000263,in_band
2026-07-08T01:04:29Z,89.9611,0.023098,0.023153,0.000055,below_midpoint_feather
2026-07-08T01:04:59Z,89.9870,0.023201,0.022838,-0.000363,below_midpoint_feather
2026-07-08T01:05:33Z,90.0008,0.023103,0.022692,-0.000412,in_band
2026-07-08T01:05:58Z,89.9504,0.022835,0.022919,0.000083,below_midpoint_feather
2026-07-08T01:06:09Z,90.0099,0.022872,0.022545,-0.000327,in_band
2026-07-08T01:06:20Z,89.9565,0.022712,0.022740,0.000029,below_midpoint_feather
2026-07-08T01:07:00Z,90.0145,0.022513,0.022216,-0.000297,in_band
2026-07-08T01:07:07Z,89.9748,0.022426,0.022270,-0.000156,below_midpoint_feather
2026-07-08T01:08:00Z,90.0145,0.021777,0.021612,-0.000166,in_band
2026-07-08T01:08:58Z,89.9550,0.021323,0.021485,0.000162,below_midpoint_feather
2026-07-08T01:09:12Z,89.9290,0.021390,0.021891,0.000501,below_midpoint_feather
2026-07-08T01:09:26Z,89.9886,0.021650,0.021195,-0.000455,below_midpoint_feather
2026-07-08T01:10:52Z,89.9046,0.023436,0.022518,-0.000918,below_midpoint_feather
2026-07-08T01:10:56Z,89.8238,0.023656,0.025647,0.001991,below_midpoint_feather
2026-07-08T01:11:52Z,89.7459,0.033775,0.030734,-0.003040,below_midpoint_feather
2026-07-08T01:11:58Z,89.6986,0.030996,0.034548,0.003552,below_midpoint_feather
2026-07-08T01:12:00Z,89.6727,0.033497,0.036894,0.003397,below_midpoint_feather
2026-07-08T01:12:47Z,89.7261,0.036569,0.033212,-0.003357,below_midpoint_feather
2026-07-08T01:13:12Z,89.7169,0.036764,0.034549,-0.002215,below_midpoint_feather
2026-07-08T01:13:32Z,89.6620,0.036503,0.039939,0.003435,below_midpoint_feather
2026-07-08T01:14:19Z,89.6727,0.036674,0.040259,0.003585,below_midpoint_feather
2026-07-08T01:14:49Z,89.7581,0.037528,0.034216,-0.003311,below_midpoint_feather
2026-07-08T01:15:38Z,89.7124,0.043116,0.039112,-0.004004,below_midpoint_feather
2026-07-08T01:15:57Z,89.6452,0.041881,0.045841,0.003960,below_midpoint_feather
2026-07-08T01:16:07Z,89.7078,0.045816,0.040412,-0.005404,below_midpoint_feather
2026-07-08T01:16:24Z,89.6132,0.046854,0.050126,0.003272,below_midpoint_feather
2026-07-08T01:17:02Z,89.5933,0.049666,0.053769,0.004103,below_midpoint_feather
2026-07-08T01:17:24Z,89.6483,0.053010,0.048720,-0.004290,below_midpoint_feather
2026-07-08T01:18:29Z,89.6590,0.056162,0.050496,-0.005666,below_midpoint_feather
2026-07-08T01:18:58Z,89.5720,0.056488,0.061353,0.004865,below_midpoint_feather
2026-07-08T01:19:07Z,89.5674,0.057934,0.062340,0.004406,below_midpoint_feather
2026-07-08T01:19:40Z,89.6132,0.061670,0.058642,-0.003028,below_midpoint_feather
2026-07-08T01:20:36Z,89.4972,0.070391,0.076365,0.005974,below_midpoint_feather
2026-07-08T01:20:59Z,89.5354,0.075688,0.072527,-0.003161,below_midpoint_feather
2026-07-08T01:21:31Z,89.5338,0.079729,0.074865,-0.004865,below_midpoint_feather
2026-07-08T01:21:42Z,89.4331,0.083616,0.090436,0.006820,below_midpoint_feather
2026-07-08T01:22:46Z,89.3568,0.098993,0.108866,0.009873,below_midpoint_feather
2026-07-08T01:22:50Z,89.4438,0.100386,0.094402,-0.005985,below_midpoint_feather
2026-07-08T01:23:48Z,89.3416,0.108380,0.118055,0.009675,below_midpoint_feather
2026-07-08T01:23:53Z,89.3797,0.117982,0.111677,-0.006304,below_midpoint_feather
2026-07-08T01:24:24Z,89.3690,0.123620,0.117247,-0.006373,below_midpoint_feather
2026-07-08T01:24:46Z,89.2958,0.124678,0.133959,0.009281,below_midpoint_feather
2026-07-08T01:25:07Z,89.3431,0.135136,0.127625,-0.007511,below_midpoint_feather
2026-07-08T01:25:40Z,89.2561,0.141646,0.149650,0.008004,below_midpoint_feather
2026-07-08T01:26:02Z,89.2042,0.154468,0.164352,0.009884,below_midpoint_feather
2026-07-08T01:26:19Z,89.2241,0.163515,0.162676,-0.000839,below_midpoint_feather
2026-07-08T01:27:35Z,88.9906,0.225306,0.237242,0.011937,below_midpoint_feather
2026-07-08T01:27:46Z,89.0532,0.230563,0.222611,-0.007953,below_midpoint_feather
2026-07-08T01:28:22Z,89.0303,0.245470,0.238711,-0.006760,below_midpoint_feather
2026-07-08T01:28:29Z,88.9708,0.244907,0.257659,0.012753,below_midpoint_feather
2026-07-08T01:29:07Z,88.9998,0.275017,0.260905,-0.014112,below_midpoint_feather
2026-07-08T01:29:40Z,88.8472,0.300830,0.318562,0.017732,below_midpoint_feather
2026-07-08T01:30:20Z,88.9128,0.320182,0.312316,-0.007866,below_midpoint_feather
2026-07-08T01:30:41Z,88.8624,0.320593,0.336368,0.015775,below_midpoint_feather
2026-07-08T01:31:05Z,88.8945,0.320569,0.335528,0.014959,below_midpoint_feather
2026-07-08T01:31:52Z,88.9479,0.345803,0.337491,-0.008312,below_midpoint_feather
2026-07-08T01:32:12Z,88.8991,0.347976,0.360222,0.012246,below_midpoint_feather
2026-07-08T01:32:56Z,89.0227,0.356266,0.340593,-0.015673,below_midpoint_feather
2026-07-08T01:33:13Z,88.9769,0.351205,0.359985,0.008780,below_midpoint_feather
2026-07-08T01:33:52Z,89.0440,0.366186,0.355099,-0.011087,below_midpoint_feather
2026-07-08T01:34:16Z,89.0257,0.356874,0.368400,0.011526,below_midpoint_feather
2026-07-08T01:34:36Z,89.0944,0.366015,0.356695,-0.009320,below_midpoint_feather
2026-07-08T01:35:08Z,89.0623,0.364301,0.375311,0.011010,below_midpoint_feather
2026-07-08T01:35:38Z,89.1310,0.376951,0.366740,-0.010211,below_midpoint_feather
2026-07-08T01:36:24Z,89.1325,0.367996,0.379540,0.011545,below_midpoint_feather
2026-07-08T01:36:58Z,89.2317,0.374856,0.365399,-0.009457,below_midpoint_feather
2026-07-08T01:37:11Z,89.1768,0.372562,0.381079,0.008517,below_midpoint_feather
2026-07-08T01:37:24Z,89.2836,0.372014,0.360841,-0.011172,below_midpoint_feather
2026-07-08T01:38:24Z,89.3889,0.360069,0.353826,-0.006243,below_midpoint_feather
2026-07-08T01:38:34Z,89.3385,0.356968,0.364774,0.007806,below_midpoint_feather
2026-07-08T01:39:22Z,89.3568,0.359890,0.369213,0.009323,below_midpoint_feather
2026-07-08T01:39:41Z,89.4926,0.356681,0.349750,-0.006931,below_midpoint_feather
2026-07-08T01:40:01Z,89.4759,0.349391,0.354866,0.005475,below_midpoint_feather
2026-07-08T01:40:14Z,89.5903,0.346685,0.341249,-0.005436,below_midpoint_feather
2026-07-08T01:41:28Z,89.6254,0.347498,0.344203,-0.003296,below_midpoint_feather
2026-07-08T01:41:51Z,89.6208,0.341306,0.346327,0.005021,below_midpoint_feather
2026-07-08T01:42:03Z,89.7032,0.343407,0.339173,-0.004233,below_midpoint_feather
2026-07-08T01:42:05Z,89.6544,0.340663,0.343756,0.003093,below_midpoint_feather
2026-07-08T01:43:00Z,89.6635,0.341906,0.345675,0.003768,below_midpoint_feather
2026-07-08T01:43:46Z,89.7490,0.342851,0.340348,-0.002503,below_midpoint_feather
2026-07-08T01:44:00Z,89.7276,0.339708,0.342422,0.002714,below_midpoint_feather
2026-07-08T01:44:55Z,89.8405,0.339704,0.337028,-0.002676,below_midpoint_feather
2026-07-08T01:45:20Z,89.7765,0.338524,0.341045,0.002521,below_midpoint_feather
2026-07-08T01:45:58Z,89.8497,0.339836,0.337808,-0.002029,below_midpoint_feather
2026-07-08T01:46:29Z,89.8268,0.337559,0.339310,0.001751,below_midpoint_feather
2026-07-08T01:46:30Z,89.9001,0.337572,0.336478,-0.001094,below_midpoint_feather
2026-07-08T01:47:02Z,89.9138,0.337946,0.336489,-0.001457,below_midpoint_feather
2026-07-08T01:47:57Z,89.8772,0.337022,0.338048,0.001027,below_midpoint_feather
2026-07-08T01:48:08Z,89.8817,0.336977,0.337964,0.000988,below_midpoint_feather
2026-07-08T01:48:12Z,89.9565,0.337002,0.336269,-0.000732,below_midpoint_feather
2026-07-08T01:49:00Z,90.0114,0.336103,0.335669,-0.000434,in_band
2026-07-08T01:49:59Z,90.1167,0.325386,0.324965,-0.000421,in_band
2026-07-08T01:50:00Z,90.0984,0.325206,0.324786,-0.000420,in_band
2026-07-08T01:50:59Z,90.2953,0.314765,0.314357,-0.000408,in_band
2026-07-08T01:51:00Z,90.2663,0.314591,0.314183,-0.000408,in_band
2026-07-08T01:51:59Z,90.4189,0.304463,0.304069,-0.000395,in_band
2026-07-08T01:52:00Z,90.4356,0.304294,0.303900,-0.000395,in_band
2026-07-08T01:52:59Z,90.5409,0.294488,0.294106,-0.000382,in_band
2026-07-08T01:53:00Z,90.5135,0.294325,0.293943,-0.000382,in_band
2026-07-08T01:53:59Z,90.6050,0.284836,0.284467,-0.000370,in_band
2026-07-08T01:54:00Z,90.5867,0.284678,0.284309,-0.000369,in_band
2026-07-08T01:54:59Z,90.6508,0.275499,0.275142,-0.000357,in_band
2026-07-08T01:55:00Z,90.6325,0.275346,0.274989,-0.000357,in_band
2026-07-08T01:55:59Z,90.6233,0.266467,0.266122,-0.000346,in_band
2026-07-08T01:56:00Z,90.6371,0.266319,0.265974,-0.000346,in_band
2026-07-08T01:56:59Z,90.7057,0.257732,0.257397,-0.000334,in_band
2026-07-08T01:57:00Z,90.7012,0.257589,0.257254,-0.000334,in_band
2026-07-08T01:57:59Z,90.7439,0.249282,0.248959,-0.000323,in_band
2026-07-08T01:58:00Z,90.7805,0.249144,0.248821,-0.000323,in_band
2026-07-08T01:58:59Z,90.7668,0.241110,0.240797,-0.000313,in_band
2026-07-08T01:59:00Z,90.7942,0.240976,0.240663,-0.000313,in_band
2026-07-08T01:59:59Z,90.8080,0.233205,0.232903,-0.000303,in_band
2026-07-08T02:00:00Z,90.8064,0.233076,0.232773,-0.000302,in_band
2026-07-08T02:00:59Z,90.8476,0.225560,0.225267,-0.000293,in_band
2026-07-08T02:01:00Z,90.8797,0.225435,0.225142,-0.000292,in_band
2026-07-08T02:01:59Z,90.9178,0.218165,0.217882,-0.000283,in_band
2026-07-08T02:02:00Z,90.9300,0.218044,0.217761,-0.000283,in_band
2026-07-08T02:02:59Z,90.9300,0.211013,0.210739,-0.000274,in_band
2026-07-08T02:03:00Z,90.9636,0.210896,0.210622,-0.000274,in_band
2026-07-08T02:03:59Z,91.0323,0.204095,0.203830,-0.000265,in_band
2026-07-08T02:04:00Z,91.0323,0.203982,0.203717,-0.000265,in_band
2026-07-08T02:04:59Z,91.0399,0.197404,0.197148,-0.000256,in_band
2026-07-08T02:05:00Z,91.0460,0.197294,0.197038,-0.000256,in_band
2026-07-08T02:05:59Z,91.1284,0.190932,0.190685,-0.000248,in_band
2026-07-08T02:06:00Z,91.1040,0.190826,0.190579,-0.000248,in_band
2026-07-08T02:06:59Z,91.1421,0.184673,0.184433,-0.000240,in_band
2026-07-08T02:07:00Z,91.1330,0.184570,0.184331,-0.000239,in_band
2026-07-08T02:07:59Z,91.2200,0.178619,0.178387,-0.000232,in_band
2026-07-08T02:08:00Z,91.2245,0.178519,0.178288,-0.000232,in_band
2026-07-08T02:08:59Z,91.2474,0.172763,0.172539,-0.000224,in_band
2026-07-08T02:09:00Z,91.2428,0.172667,0.172443,-0.000224,in_band
2026-07-08T02:09:59Z,91.3054,0.167099,0.166882,-0.000217,in_band
2026-07-08T02:10:00Z,91.2932,0.167006,0.166789,-0.000217,in_band
2026-07-08T02:10:59Z,91.3375,0.161621,0.161411,-0.000210,in_band
2026-07-08T02:11:00Z,91.3649,0.161531,0.161321,-0.000210,in_band
2026-07-08T02:11:59Z,91.4290,0.156322,0.156119,-0.000203,in_band
2026-07-08T02:12:00Z,91.3893,0.156235,0.156033,-0.000203,in_band
2026-07-08T02:12:59Z,91.4763,0.151197,0.151001,-0.000196,in_band
2026-07-08T02:13:00Z,91.4290,0.151113,0.150917,-0.000196,in_band
2026-07-08T02:13:59Z,91.4565,0.146241,0.146051,-0.000190,in_band
2026-07-08T02:14:08Z,91.4809,0.145511,0.145484,-0.000027,in_band
2026-07-08T02:14:12Z,91.5129,0.145188,0.139725,-0.005463,above_band_high
2026-07-08T02:15:49Z,91.5343,0.121365,0.128635,0.007270,above_band_high
2026-07-08T02:15:57Z,91.5709,0.121159,0.112791,-0.008368,above_band_high
2026-07-08T02:16:06Z,91.5114,0.122202,0.137898,0.015695,above_band_high
2026-07-08T02:16:18Z,91.5724,0.129618,0.111452,-0.018166,above_band_high
2026-07-08T02:17:20Z,91.6030,0.116084,0.095929,-0.020155,above_band_high
2026-07-08T02:17:47Z,91.5435,0.104260,0.119851,0.015591,above_band_high
2026-07-08T02:18:01Z,91.6091,0.105398,0.091039,-0.014359,above_band_high
2026-07-08T02:18:06Z,91.5572,0.099887,0.112859,0.012973,above_band_high
2026-07-08T02:19:41Z,91.6304,0.094770,0.074558,-0.020212,above_band_high
2026-07-08T02:19:43Z,91.5526,0.091994,0.107582,0.015589,above_band_high
2026-07-08T02:20:11Z,91.6304,0.089522,0.071924,-0.017598,above_band_high
2026-07-08T02:20:50Z,91.5724,0.074839,0.093040,0.018201,above_band_high
2026-07-08T02:21:13Z,91.5755,0.078450,0.089508,0.011058,above_band_high
2026-07-08T02:21:35Z,91.6350,0.079571,0.062003,-0.017567,above_band_high
2026-07-08T02:22:11Z,91.5633,0.074757,0.089077,0.014320,above_band_high
2026-07-08T02:22:44Z,91.6228,0.075455,0.060493,-0.014962,above_band_high
2026-07-08T02:23:32Z,91.6213,0.070112,0.056513,-0.013599,above_band_high
2026-07-08T02:23:59Z,91.5526,0.062267,0.083176,0.020909,above_band_high
2026-07-08T02:24:12Z,91.5633,0.064245,0.077357,0.013112,above_band_high
2026-07-08T02:24:15Z,91.6136,0.068505,0.055584,-0.012920,above_band_high
2026-07-08T02:25:06Z,91.5251,0.071361,0.088503,0.017142,above_band_high
2026-07-08T02:25:55Z,91.5862,0.074907,0.058303,-0.016604,above_band_high
2026-07-08T02:26:30Z,91.5663,0.078219,0.064269,-0.013950,above_band_high
2026-07-08T02:26:42Z,91.5160,0.067015,0.084983,0.017968,above_band_high
2026-07-08T02:27:01Z,91.5129,0.070377,0.085130,0.014753,above_band_high
2026-07-08T02:27:03Z,91.5526,0.077420,0.068094,-0.009326,above_band_high
2026-07-08T02:29:01Z,91.4351,0.082790,0.082743,-0.000047,in_band
2026-07-08T02:29:59Z,91.4168,0.079770,0.079740,-0.000030,in_band
2026-07-08T02:30:00Z,91.4122,0.079721,0.079691,-0.000030,in_band
2026-07-08T02:30:59Z,91.3924,0.077000,0.076977,-0.000023,in_band
2026-07-08T02:31:00Z,91.4290,0.076956,0.076933,-0.000023,in_band
2026-07-08T02:31:59Z,91.3848,0.074418,0.074398,-0.000020,in_band
2026-07-08T02:32:00Z,91.3664,0.074376,0.074357,-0.000020,in_band
2026-07-08T02:32:59Z,91.3619,0.071957,0.071939,-0.000018,in_band
2026-07-08T02:33:00Z,91.4031,0.071917,0.071899,-0.000018,in_band
2026-07-08T02:33:59Z,91.3390,0.069590,0.069573,-0.000017,in_band
2026-07-08T02:34:00Z,91.3787,0.069552,0.069534,-0.000017,in_band
2026-07-08T02:34:59Z,91.3787,0.067306,0.067289,-0.000017,in_band
2026-07-08T02:35:03Z,91.3832,0.067157,0.067140,-0.000017,in_band
2026-07-08T02:35:59Z,91.3619,0.065098,0.065082,-0.000016,in_band
2026-07-08T02:36:00Z,91.3848,0.065062,0.065046,-0.000016,in_band
2026-07-08T02:36:59Z,91.3787,0.062964,0.062948,-0.000016,in_band
2026-07-08T02:37:00Z,91.3619,0.062929,0.062913,-0.000016,in_band
2026-07-08T02:37:59Z,91.3573,0.060900,0.060884,-0.000015,in_band
2026-07-08T02:38:01Z,91.3436,0.060832,0.060817,-0.000015,in_band
2026-07-08T02:38:59Z,91.3146,0.058903,0.058888,-0.000015,in_band
2026-07-08T02:39:00Z,91.3207,0.058870,0.058856,-0.000015,in_band
2026-07-08T02:39:59Z,91.2978,0.056972,0.056958,-0.000014,in_band
2026-07-08T02:40:00Z,91.3207,0.056940,0.056926,-0.000014,in_band
2026-07-08T02:40:59Z,91.3008,0.055104,0.055090,-0.000014,in_band
2026-07-08T02:41:00Z,91.2963,0.055073,0.055060,-0.000014,in_band
2026-07-08T02:41:59Z,91.2886,0.053298,0.053284,-0.000013,in_band
2026-07-08T02:42:00Z,91.2825,0.053268,0.053255,-0.000013,in_band
2026-07-08T02:42:59Z,91.2566,0.051550,0.051537,-0.000013,in_band
2026-07-08T02:43:01Z,91.2657,0.051493,0.051480,-0.000013,in_band
2026-07-08T02:43:59Z,91.2108,0.049860,0.049848,-0.000012,in_band
2026-07-08T02:44:00Z,91.2322,0.049833,0.049820,-0.000012,in_band
2026-07-08T02:44:59Z,91.2001,0.048226,0.048214,-0.000012,in_band
2026-07-08T02:45:00Z,91.2428,0.048199,0.048187,-0.000012,in_band
2026-07-08T02:45:59Z,91.2505,0.046645,0.046633,-0.000012,in_band
2026-07-08T02:46:00Z,91.2322,0.046619,0.046607,-0.000012,in_band
2026-07-08T02:46:59Z,91.2108,0.045115,0.045104,-0.000011,in_band
2026-07-08T02:47:00Z,91.1910,0.045090,0.045079,-0.000011,in_band
2026-07-08T02:47:59Z,91.1772,0.043636,0.043626,-0.000011,in_band
2026-07-08T02:48:00Z,91.2291,0.043612,0.043601,-0.000011,in_band
2026-07-08T02:48:59Z,91.1467,0.042206,0.042195,-0.000010,in_band
2026-07-08T02:49:00Z,91.1421,0.042182,0.042172,-0.000010,in_band
2026-07-08T02:49:58Z,91.1589,0.040845,0.040835,-0.000010,in_band
2026-07-08T02:50:03Z,91.1681,0.040732,0.040721,-0.000010,in_band
2026-07-08T02:50:58Z,91.1772,0.039506,0.039496,-0.000010,in_band
2026-07-08T02:51:00Z,91.1650,0.039462,0.039452,-0.000010,in_band
2026-07-08T02:51:59Z,91.1696,0.038189,0.038180,-0.000009,in_band
2026-07-08T02:52:00Z,91.1681,0.038168,0.038159,-0.000009,in_band
2026-07-08T02:52:59Z,91.1467,0.036937,0.036928,-0.000009,in_band
2026-07-08T02:53:00Z,91.1543,0.036917,0.036908,-0.000009,in_band
2026-07-08T02:53:59Z,91.1452,0.035726,0.035718,-0.000009,in_band
2026-07-08T02:54:00Z,91.1543,0.035707,0.035698,-0.000009,in_band
2026-07-08T02:54:59Z,91.1650,0.034555,0.034547,-0.000009,in_band
2026-07-08T02:55:00Z,91.1788,0.034536,0.034527,-0.000009,in_band
2026-07-08T02:55:59Z,91.1788,0.033422,0.033414,-0.000008,in_band
2026-07-08T02:56:00Z,91.1467,0.033404,0.033395,-0.000008,in_band
2026-07-08T02:56:59Z,91.1833,0.032327,0.032319,-0.000008,in_band
2026-07-08T02:57:00Z,91.1696,0.032309,0.032301,-0.000008,in_band
2026-07-08T02:57:59Z,91.2322,0.031267,0.031259,-0.000008,in_band
2026-07-08T02:58:00Z,91.1788,0.031249,0.031242,-0.000008,in_band
2026-07-08T02:58:59Z,91.2062,0.030242,0.030234,-0.000007,in_band
2026-07-08T02:59:00Z,91.2230,0.030225,0.030217,-0.000007,in_band
2026-07-08T02:59:59Z,91.2154,0.029250,0.029243,-0.000007,in_band
2026-07-08T03:00:00Z,91.2184,0.029234,0.029227,-0.000007,in_band
2026-07-08T03:00:59Z,91.2093,0.028291,0.028284,-0.000007,in_band
2026-07-08T03:01:00Z,91.2291,0.028276,0.028269,-0.000007,in_band
2026-07-08T03:01:59Z,91.2322,0.027364,0.027357,-0.000007,in_band
2026-07-08T03:02:00Z,91.2245,0.027349,0.027342,-0.000007,in_band
2026-07-08T03:02:58Z,91.2383,0.026481,0.026475,-0.000007,in_band
2026-07-08T03:03:00Z,91.2551,0.026452,0.026446,-0.000007,in_band
2026-07-08T03:03:59Z,91.2703,0.025599,0.025593,-0.000006,in_band
2026-07-08T03:04:00Z,91.2108,0.025585,0.025579,-0.000006,in_band
2026-07-08T03:04:59Z,91.2474,0.024760,0.024754,-0.000006,in_band
2026-07-08T03:05:03Z,91.2322,0.024705,0.024699,-0.000006,in_band
2026-07-08T03:05:59Z,91.2383,0.023948,0.023942,-0.000006,in_band
2026-07-08T03:06:00Z,91.2566,0.023935,0.023929,-0.000006,in_band
2026-07-08T03:06:59Z,91.2688,0.023163,0.023157,-0.000006,in_band
2026-07-08T03:07:00Z,91.2367,0.023150,0.023144,-0.000006,in_band
2026-07-08T03:07:59Z,91.2749,0.022404,0.022398,-0.000006,in_band
2026-07-08T03:08:00Z,91.2642,0.022391,0.022386,-0.000006,in_band
2026-07-08T03:08:59Z,91.2703,0.021669,0.021664,-0.000005,in_band
2026-07-08T03:09:00Z,91.2566,0.021657,0.021652,-0.000005,in_band
2026-07-08T03:09:59Z,91.2474,0.020959,0.020954,-0.000005,in_band
2026-07-08T03:10:00Z,91.2551,0.020947,0.020942,-0.000005,in_band
2026-07-08T03:10:59Z,91.2154,0.020272,0.020267,-0.000005,in_band
2026-07-08T03:11:00Z,91.2245,0.020260,0.020255,-0.000005,in_band
2026-07-08T03:11:59Z,91.1772,0.019607,0.019602,-0.000005,in_band
2026-07-08T03:12:01Z,91.1650,0.019585,0.019580,-0.000005,in_band
2026-07-08T03:12:59Z,91.1727,0.018964,0.018960,-0.000005,in_band
2026-07-08T03:13:00Z,91.1360,0.018954,0.018949,-0.000005,in_band
2026-07-08T03:13:59Z,91.0918,0.018343,0.018338,-0.000005,in_band
2026-07-08T03:14:00Z,91.0765,0.018332,0.018328,-0.000005,in_band
2026-07-08T03:14:59Z,91.0277,0.017741,0.017737,-0.000004,in_band
2026-07-08T03:15:00Z,91.0140,0.017731,0.017727,-0.000004,in_band
2026-07-08T03:15:59Z,91.0216,0.017160,0.017155,-0.000004,in_band
2026-07-08T03:16:00Z,90.9850,0.017150,0.017146,-0.000004,in_band
2026-07-08T03:16:59Z,90.9346,0.016597,0.016593,-0.000004,in_band
2026-07-08T03:17:00Z,90.9346,0.016588,0.016584,-0.000004,in_band
2026-07-08T03:17:59Z,90.9026,0.016053,0.016049,-0.000004,in_band
2026-07-08T03:18:00Z,90.9224,0.016044,0.016040,-0.000004,in_band
2026-07-08T03:18:59Z,90.8812,0.015527,0.015523,-0.000004,in_band
2026-07-08T03:19:00Z,90.8675,0.015518,0.015514,-0.000004,in_band
2026-07-08T03:19:59Z,90.8431,0.015018,0.015014,-0.000004,in_band
2026-07-08T03:20:03Z,90.8446,0.014984,0.014981,-0.000004,in_band
2026-07-08T03:20:59Z,90.8064,0.014525,0.014522,-0.000004,in_band
2026-07-08T03:21:00Z,90.8431,0.014517,0.014514,-0.000004,in_band
2026-07-08T03:21:54Z,90.7652,0.014088,0.014085,-0.000003,in_band
2026-07-08T03:22:00Z,90.7439,0.014041,0.014038,-0.000003,in_band
2026-07-08T03:22:55Z,90.7485,0.013619,0.013615,-0.000003,in_band
2026-07-08T03:23:00Z,90.7286,0.013581,0.013578,-0.000003,in_band
2026-07-08T03:23:56Z,90.7027,0.013165,0.013162,-0.000003,in_band
2026-07-08T03:24:00Z,90.7027,0.013136,0.013132,-0.000003,in_band
2026-07-08T03:24:57Z,90.6416,0.012726,0.012723,-0.000003,in_band
2026-07-08T03:25:00Z,90.6706,0.012705,0.012702,-0.000003,in_band
2026-07-08T03:25:58Z,90.6020,0.012302,0.012299,-0.000003,in_band
2026-07-08T03:26:00Z,90.5928,0.012289,0.012286,-0.000003,in_band
2026-07-08T03:26:59Z,90.5470,0.011892,0.011889,-0.000003,in_band
2026-07-08T03:27:00Z,90.5287,0.011886,0.011883,-0.000003,in_band
2026-07-08T03:27:59Z,90.5104,0.011502,0.011500,-0.000003,in_band
2026-07-08T03:28:01Z,90.5272,0.011490,0.011487,-0.000003,in_band
2026-07-08T03:28:59Z,90.4448,0.011125,0.011123,-0.000003,in_band
2026-07-08T03:29:00Z,90.4509,0.011119,0.011116,-0.000003,in_band
2026-07-08T03:29:59Z,90.4356,0.010761,0.010758,-0.000003,in_band
2026-07-08T03:30:00Z,90.4494,0.010755,0.010752,-0.000003,in_band
2026-07-08T03:30:59Z,90.4005,0.010408,0.010405,-0.000003,in_band
2026-07-08T03:31:00Z,90.3853,0.010402,0.010399,-0.000003,in_band
2026-07-08T03:31:59Z,90.4265,0.010067,0.010064,-0.000002,in_band
2026-07-08T03:32:00Z,90.4280,0.010061,0.010059,-0.000002,in_band
2026-07-08T03:32:59Z,90.3960,0.009737,0.009734,-0.000002,in_band
2026-07-08T03:33:00Z,90.4143,0.009731,0.009729,-0.000002,in_band
2026-07-08T03:33:59Z,90.3944,0.009417,0.009415,-0.000002,in_band
2026-07-08T03:34:00Z,90.4326,0.009412,0.009410,-0.000002,in_band
2026-07-08T03:34:59Z,90.4097,0.009109,0.009106,-0.000002,in_band
2026-07-08T03:35:03Z,90.4036,0.009088,0.009086,-0.000002,in_band
2026-07-08T03:35:59Z,90.4082,0.008810,0.008808,-0.000002,in_band
2026-07-08T03:36:00Z,90.3899,0.008805,0.008803,-0.000002,in_band
2026-07-08T03:36:59Z,90.3960,0.008521,0.008519,-0.000002,in_band
2026-07-08T03:37:00Z,90.4036,0.008516,0.008514,-0.000002,in_band
2026-07-08T03:37:59Z,90.3761,0.008242,0.008240,-0.000002,in_band
2026-07-08T03:38:00Z,90.4005,0.008237,0.008235,-0.000002,in_band
2026-07-08T03:38:59Z,90.3899,0.007972,0.007970,-0.000002,in_band
2026-07-08T03:39:00Z,90.3807,0.007967,0.007965,-0.000002,in_band
2026-07-08T03:39:59Z,90.3487,0.007710,0.007708,-0.000002,in_band
2026-07-08T03:40:00Z,90.3639,0.007706,0.007704,-0.000002,in_band
2026-07-08T03:40:59Z,90.3853,0.007458,0.007456,-0.000002,in_band
2026-07-08T03:41:00Z,90.3548,0.007453,0.007452,-0.000002,in_band
2026-07-08T03:41:59Z,90.3822,0.007213,0.007211,-0.000002,in_band
2026-07-08T03:42:00Z,90.3853,0.007209,0.007207,-0.000002,in_band
2026-07-08T03:42:59Z,90.3761,0.006977,0.006975,-0.000002,in_band
2026-07-08T03:43:00Z,90.3487,0.006973,0.006971,-0.000002,in_band
2026-07-08T03:43:59Z,90.3685,0.006748,0.006746,-0.000002,in_band
2026-07-08T03:44:00Z,90.3319,0.006744,0.006742,-0.000002,in_band
2026-07-08T03:44:59Z,90.3502,0.006527,0.006525,-0.000002,in_band
2026-07-08T03:45:01Z,90.3487,0.006519,0.006518,-0.000002,in_band
2026-07-08T03:45:59Z,90.3410,0.006313,0.006311,-0.000002,in_band
2026-07-08T03:46:01Z,90.3365,0.006306,0.006304,-0.000002,in_band
2026-07-08T03:46:59Z,90.3258,0.006106,0.006104,-0.000002,in_band
2026-07-08T03:47:00Z,90.2983,0.006102,0.006101,-0.000002,in_band
2026-07-08T03:47:59Z,90.3365,0.005906,0.005904,-0.000001,in_band
2026-07-08T03:48:00Z,90.3410,0.005902,0.005901,-0.000001,in_band
2026-07-08T03:48:59Z,90.3365,0.005712,0.005711,-0.000001,in_band
2026-07-08T03:49:00Z,90.3395,0.005709,0.005707,-0.000001,in_band
2026-07-08T03:49:59Z,90.2724,0.005525,0.005523,-0.000001,in_band
2026-07-08T03:50:03Z,90.3075,0.005512,0.005511,-0.000001,in_band
2026-07-08T03:50:59Z,90.2770,0.005344,0.005342,-0.000001,in_band
2026-07-08T03:51:00Z,90.2846,0.005341,0.005339,-0.000001,in_band
2026-07-08T03:51:59Z,90.2632,0.005168,0.005167,-0.000001,in_band
2026-07-08T03:52:00Z,90.2266,0.005165,0.005164,-0.000001,in_band
2026-07-08T03:52:59Z,90.2388,0.004999,0.004998,-0.000001,in_band
2026-07-08T03:53:00Z,90.2480,0.004996,0.004995,-0.000001,in_band
2026-07-08T03:53:59Z,90.2159,0.004835,0.004834,-0.000001,in_band
2026-07-08T03:54:00Z,90.2586,0.004832,0.004831,-0.000001,in_band
2026-07-08T03:54:59Z,90.2541,0.004677,0.004675,-0.000001,in_band
2026-07-08T03:55:00Z,90.2525,0.004674,0.004673,-0.000001,in_band
2026-07-08T03:55:59Z,90.2205,0.004523,0.004522,-0.000001,in_band
2026-07-08T03:56:00Z,90.2342,0.004521,0.004520,-0.000001,in_band
2026-07-08T03:56:59Z,90.2083,0.004375,0.004374,-0.000001,in_band
2026-07-08T03:57:00Z,90.2388,0.004372,0.004371,-0.000001,in_band
2026-07-08T03:57:59Z,90.2068,0.004232,0.004230,-0.000001,in_band
2026-07-08T03:58:00Z,90.2159,0.004229,0.004228,-0.000001,in_band
2026-07-08T03:58:59Z,90.2312,0.004093,0.004092,-0.000001,in_band
2026-07-08T03:59:00Z,90.2251,0.004091,0.004089,-0.000001,in_band
2026-07-08T03:59:59Z,90.2159,0.003959,0.003958,-0.000001,in_band
2026-07-08T04:00:00Z,90.2342,0.003956,0.003955,-0.000001,in_band
2026-07-08T04:00:59Z,90.2022,0.003829,0.003828,-0.000001,in_band
2026-07-08T04:01:00Z,90.2159,0.003827,0.003826,-0.000001,in_band
2026-07-08T04:01:59Z,90.2251,0.003703,0.003702,-0.000001,in_band
2026-07-08T04:02:01Z,90.2159,0.003699,0.003698,-0.000001,in_band
2026-07-08T04:02:59Z,90.2342,0.003582,0.003581,-0.000001,in_band
2026-07-08T04:03:00Z,90.2266,0.003580,0.003579,-0.000001,in_band
2026-07-08T04:03:59Z,90.2388,0.003464,0.003464,-0.000001,in_band
2026-07-08T04:04:01Z,90.2403,0.003461,0.003460,-0.000001,in_band
2026-07-08T04:04:59Z,90.2525,0.003351,0.003350,-0.000001,in_band
2026-07-08T04:05:03Z,90.2342,0.003343,0.003343,-0.000001,in_band
2026-07-08T04:05:59Z,90.2312,0.003241,0.003240,-0.000001,in_band
2026-07-08T04:06:01Z,90.2571,0.003237,0.003237,-0.000001,in_band
2026-07-08T04:06:59Z,90.2403,0.003135,0.003134,-0.000001,in_band
2026-07-08T04:07:00Z,90.2724,0.003133,0.003132,-0.000001,in_band
2026-07-08T04:07:59Z,90.3029,0.003032,0.003031,-0.000001,in_band
2026-07-08T04:08:00Z,90.2449,0.003030,0.003030,-0.000001,in_band
2026-07-08T04:08:59Z,90.2632,0.002933,0.002932,-0.000001,in_band
2026-07-08T04:09:00Z,90.2586,0.002931,0.002930,-0.000001,in_band
2026-07-08T04:09:59Z,90.2815,0.002836,0.002836,-0.000001,in_band
2026-07-08T04:10:00Z,90.2495,0.002835,0.002834,-0.000001,in_band
2026-07-08T04:10:59Z,90.2892,0.002743,0.002743,-0.000001,in_band
2026-07-08T04:11:00Z,90.2724,0.002742,0.002741,-0.000001,in_band
2026-07-08T04:11:59Z,90.2449,0.002654,0.002653,-0.000001,in_band
2026-07-08T04:12:01Z,90.2663,0.002651,0.002650,-0.000001,in_band
2026-07-08T04:12:59Z,90.1991,0.002567,0.002566,-0.000001,in_band
2026-07-08T04:13:00Z,90.1900,0.002565,0.002564,-0.000001,in_band
2026-07-08T04:13:59Z,90.1427,0.002482,0.002482,-0.000001,in_band
2026-07-08T04:14:01Z,90.1671,0.002480,0.002479,-0.000001,in_band
2026-07-08T04:14:59Z,90.0801,0.002401,0.002400,-0.000001,in_band
2026-07-08T04:15:00Z,90.0801,0.002400,0.002399,-0.000001,in_band
2026-07-08T04:15:59Z,90.0923,0.002322,0.002322,-0.000001,in_band
2026-07-08T04:16:01Z,90.1030,0.002320,0.002319,-0.000001,in_band
2026-07-08T04:16:59Z,90.0710,0.002246,0.002246,-0.000001,in_band
2026-07-08T04:17:00Z,90.0374,0.002245,0.002244,-0.000001,in_band
2026-07-08T04:17:58Z,90.0145,0.002174,0.002173,-0.000001,in_band
2026-07-08T04:18:00Z,90.0511,0.002171,0.002171,-0.000001,in_band
2026-07-08T04:18:59Z,90.0374,0.002101,0.002101,-0.000001,in_band
2026-07-08T04:19:00Z,90.0526,0.002100,0.002100,-0.000001,in_band
2026-07-08T04:19:53Z,89.9931,0.002039,0.002052,0.000013,below_midpoint_feather
2026-07-08T04:20:10Z,90.0023,0.002031,0.002033,0.000002,in_band
2026-07-08T04:20:58Z,89.9641,0.001995,0.002186,0.000192,below_midpoint_feather
2026-07-08T04:21:25Z,89.9550,0.002002,0.002279,0.000277,below_midpoint_feather
2026-07-08T04:21:57Z,89.9916,0.002116,0.001992,-0.000124,below_midpoint_feather
2026-07-08T04:22:12Z,89.9290,0.002104,0.002700,0.000596,below_midpoint_feather
2026-07-08T04:22:48Z,89.9870,0.002215,0.002015,-0.000200,below_midpoint_feather
2026-07-08T04:23:51Z,89.9016,0.002425,0.003401,0.000976,below_midpoint_feather
2026-07-08T04:23:53Z,89.9611,0.002853,0.002241,-0.000613,below_midpoint_feather
2026-07-08T04:24:48Z,89.9550,0.002911,0.002379,-0.000532,below_midpoint_feather
2026-07-08T04:24:56Z,89.8878,0.002704,0.003891,0.001187,below_midpoint_feather
2026-07-08T04:25:04Z,89.8726,0.002835,0.004422,0.001587,below_midpoint_feather
2026-07-08T04:25:16Z,89.9413,0.003658,0.002624,-0.001034,below_midpoint_feather
2026-07-08T04:26:01Z,89.9413,0.003694,0.002713,-0.000981,below_midpoint_feather
2026-07-08T04:26:46Z,89.8589,0.003841,0.005161,0.001320,below_midpoint_feather
2026-07-08T04:27:18Z,89.8405,0.003878,0.006030,0.002152,below_midpoint_feather
2026-07-08T04:27:38Z,89.9107,0.004736,0.003610,-0.001127,below_midpoint_feather
2026-07-08T04:28:06Z,89.9184,0.004311,0.003523,-0.000788,below_midpoint_feather
2026-07-08T04:28:14Z,89.8726,0.003928,0.004912,0.000984,below_midpoint_feather
2026-07-08T04:29:28Z,89.9153,0.004642,0.003882,-0.000760,below_midpoint_feather
2026-07-08T04:29:34Z,89.8680,0.004119,0.005362,0.001243,below_midpoint_feather
2026-07-08T04:30:14Z,89.8817,0.004262,0.005019,0.000757,below_midpoint_feather
2026-07-08T04:30:44Z,89.9199,0.004718,0.004048,-0.000670,below_midpoint_feather
2026-07-08T04:31:09Z,89.9413,0.004290,0.003711,-0.000580,below_midpoint_feather
2026-07-08T04:31:38Z,89.8863,0.004155,0.005143,0.000988,below_midpoint_feather
2026-07-08T04:32:32Z,89.8787,0.004327,0.005539,0.001211,below_midpoint_feather
2026-07-08T04:32:58Z,89.9550,0.004355,0.003799,-0.000556,below_midpoint_feather
2026-07-08T04:33:02Z,89.8970,0.004263,0.005029,0.000766,below_midpoint_feather
2026-07-08T04:33:53Z,89.9336,0.004587,0.004266,-0.000321,below_midpoint_feather
2026-07-08T04:34:34Z,89.8817,0.004571,0.005722,0.001151,below_midpoint_feather
2026-07-08T04:34:46Z,89.9550,0.004598,0.004049,-0.000549,below_midpoint_feather
2026-07-08T04:35:07Z,89.9367,0.004788,0.004378,-0.000409,below_midpoint_feather
2026-07-08T04:35:51Z,89.9046,0.003942,0.005189,0.001247,below_midpoint_feather
2026-07-08T04:36:07Z,89.9199,0.004073,0.004835,0.000763,below_midpoint_feather
2026-07-08T04:36:48Z,89.9748,0.004384,0.004071,-0.000313,below_midpoint_feather
2026-07-08T04:37:20Z,89.9107,0.004584,0.005146,0.000562,below_midpoint_feather
2026-07-08T04:37:22Z,89.9702,0.004586,0.004140,-0.000445,below_midpoint_feather
2026-07-08T04:38:32Z,89.9229,0.004227,0.004924,0.000697,below_midpoint_feather
2026-07-08T04:38:35Z,90.0008,0.004229,0.004077,-0.000152,in_band
2026-07-08T04:39:00Z,89.9931,0.004180,0.004101,-0.000079,below_midpoint_feather
2026-07-08T04:39:10Z,89.9596,0.004009,0.004319,0.000310,below_midpoint_feather
2026-07-08T04:40:05Z,89.9474,0.003992,0.004458,0.000466,below_midpoint_feather
2026-07-08T04:40:37Z,90.0023,0.003975,0.004035,0.000060,in_band
2026-07-08T04:41:09Z,90.0023,0.003931,0.003996,0.000065,in_band
2026-07-08T04:41:15Z,89.9611,0.003914,0.004207,0.000294,below_midpoint_feather
2026-07-08T04:42:00Z,89.9977,0.003819,0.003905,0.000086,below_midpoint_feather
2026-07-08T04:42:03Z,89.9977,0.003813,0.003905,0.000092,below_midpoint_feather
2026-07-08T04:43:00Z,90.0343,0.003696,0.003785,0.000089,in_band
2026-07-08T04:43:59Z,90.0755,0.003577,0.003664,0.000087,in_band
2026-07-08T04:44:00Z,90.0557,0.003575,0.003662,0.000087,in_band
2026-07-08T04:44:59Z,90.0374,0.003460,0.003544,0.000084,in_band
2026-07-08T04:45:00Z,90.0618,0.003458,0.003542,0.000084,in_band
2026-07-08T04:45:59Z,90.0694,0.003346,0.003428,0.000081,in_band
2026-07-08T04:46:00Z,90.0252,0.003345,0.003426,0.000081,in_band
2026-07-08T04:46:59Z,90.0710,0.003237,0.003316,0.000079,in_band
2026-07-08T04:47:43Z,90.0420,0.003159,0.003236,0.000077,in_band
2026-07-08T04:47:45Z,89.9931,0.003155,0.003242,0.000087,below_midpoint_feather
2026-07-08T04:48:05Z,90.0618,0.003120,0.003200,0.000080,in_band
2026-07-08T04:48:07Z,89.9962,0.003117,0.003202,0.000085,below_midpoint_feather
2026-07-08T04:49:35Z,90.0282,0.002968,0.003047,0.000079,in_band
2026-07-08T04:49:59Z,89.9840,0.002929,0.003050,0.000121,below_midpoint_feather
2026-07-08T04:50:43Z,90.0114,0.002919,0.002974,0.000055,in_band
2026-07-08T04:50:50Z,89.9474,0.002902,0.003365,0.000463,below_midpoint_feather
2026-07-08T04:51:10Z,89.9977,0.002987,0.002963,-0.000024,below_midpoint_feather
2026-07-08T04:51:37Z,89.9336,0.002910,0.003584,0.000674,below_midpoint_feather
2026-07-08T04:52:23Z,89.9336,0.003017,0.003595,0.000578,below_midpoint_feather
2026-07-08T04:52:48Z,89.9687,0.003289,0.003116,-0.000174,below_midpoint_feather
2026-07-08T04:53:30Z,89.9458,0.003627,0.003415,-0.000213,below_midpoint_feather
2026-07-08T04:53:49Z,89.8772,0.003639,0.005158,0.001519,below_midpoint_feather
2026-07-08T04:54:19Z,89.9413,0.004331,0.003542,-0.000789,below_midpoint_feather
2026-07-08T04:54:30Z,89.8680,0.004141,0.005547,0.001405,below_midpoint_feather
2026-07-08T04:55:36Z,89.8650,0.004624,0.005819,0.001195,below_midpoint_feather
2026-07-08T04:55:41Z,89.9290,0.005382,0.003956,-0.001426,below_midpoint_feather
2026-07-08T04:56:06Z,89.9229,0.005461,0.004164,-0.001297,below_midpoint_feather
2026-07-08T04:56:13Z,89.8512,0.005169,0.006491,0.001322,below_midpoint_feather
2026-07-08T04:57:33Z,89.8268,0.006051,0.007944,0.001893,below_midpoint_feather
2026-07-08T04:57:52Z,89.8924,0.006496,0.005414,-0.001081,below_midpoint_feather
2026-07-08T04:58:15Z,89.8833,0.006609,0.005821,-0.000788,below_midpoint_feather
2026-07-08T04:58:53Z,89.8466,0.005613,0.007425,0.001812,below_midpoint_feather
2026-07-08T04:59:32Z,89.9138,0.006311,0.005344,-0.000968,below_midpoint_feather
2026-07-08T04:59:46Z,89.8375,0.005884,0.008117,0.002233,below_midpoint_feather
2026-07-08T05:00:48Z,89.8924,0.006966,0.006326,-0.000640,below_midpoint_feather
2026-07-08T05:00:58Z,89.8466,0.006288,0.008075,0.001787,below_midpoint_feather
2026-07-08T05:01:11Z,89.8329,0.007250,0.008765,0.001515,below_midpoint_feather
2026-07-08T05:01:54Z,89.9336,0.007291,0.005648,-0.001644,below_midpoint_feather
2026-07-08T05:02:48Z,89.8283,0.007996,0.009507,0.001511,below_midpoint_feather
2026-07-08T05:02:56Z,89.8772,0.009249,0.007507,-0.001742,below_midpoint_feather
2026-07-08T05:03:36Z,89.8741,0.009717,0.007865,-0.001852,below_midpoint_feather
2026-07-08T05:03:52Z,89.7993,0.008708,0.011446,0.002737,below_midpoint_feather
2026-07-08T05:04:02Z,89.8192,0.008463,0.010441,0.001978,below_midpoint_feather
2026-07-08T05:04:26Z,89.8650,0.010068,0.008563,-0.001504,below_midpoint_feather
2026-07-08T05:05:04Z,89.7993,0.009527,0.012014,0.002487,below_midpoint_feather
2026-07-08T05:05:36Z,89.8512,0.011774,0.009715,-0.002059,below_midpoint_feather
2026-07-08T05:06:14Z,89.7871,0.011017,0.013369,0.002353,below_midpoint_feather
2026-07-08T05:06:30Z,89.8329,0.012553,0.011059,-0.001494,below_midpoint_feather
2026-07-08T05:07:05Z,89.8360,0.012676,0.011295,-0.001381,below_midpoint_feather
2026-07-08T05:07:54Z,89.7688,0.012744,0.015630,0.002886,below_midpoint_feather
2026-07-08T05:08:00Z,89.8589,0.013563,0.010931,-0.002632,below_midpoint_feather
2026-07-08T05:08:33Z,89.7871,0.012803,0.014923,0.002119,below_midpoint_feather
2026-07-08T05:09:52Z,89.7459,0.014644,0.018600,0.003956,below_midpoint_feather
2026-07-08T05:09:57Z,89.8009,0.016627,0.015124,-0.001503,below_midpoint_feather
2026-07-08T05:10:16Z,89.8375,0.015481,0.013496,-0.001985,below_midpoint_feather
2026-07-08T05:10:40Z,89.7826,0.014400,0.016788,0.002388,below_midpoint_feather
2026-07-08T05:11:54Z,89.7734,0.015830,0.018325,0.002495,below_midpoint_feather
2026-07-08T05:11:57Z,89.8192,0.017068,0.015711,-0.001358,below_midpoint_feather
2026-07-08T05:12:00Z,89.8314,0.017105,0.015142,-0.001963,below_midpoint_feather
2026-07-08T05:12:28Z,89.7902,0.015326,0.017712,0.002386,below_midpoint_feather
2026-07-08T05:13:21Z,89.7917,0.015516,0.018246,0.002730,below_midpoint_feather
2026-07-08T05:13:28Z,89.8451,0.017192,0.015566,-0.001626,below_midpoint_feather
2026-07-08T05:14:29Z,89.8085,0.021515,0.018066,-0.003449,below_midpoint_feather
2026-07-08T05:14:41Z,89.7215,0.021673,0.024039,0.002365,below_midpoint_feather
2026-07-08T05:15:24Z,89.7597,0.024056,0.021911,-0.002145,below_midpoint_feather
2026-07-08T05:15:58Z,89.6910,0.024706,0.027932,0.003226,below_midpoint_feather
2026-07-08T05:16:17Z,89.7215,0.027733,0.025787,-0.001946,below_midpoint_feather
2026-07-08T05:16:19Z,89.6681,0.027124,0.030466,0.003342,below_midpoint_feather
2026-07-08T05:17:23Z,89.6986,0.031190,0.029398,-0.001792,below_midpoint_feather
2026-07-08T05:17:29Z,89.6452,0.032077,0.034559,0.002482,below_midpoint_feather
2026-07-08T05:18:08Z,89.6757,0.036952,0.032862,-0.004090,below_midpoint_feather
2026-07-08T05:18:24Z,89.6117,0.034447,0.039923,0.005476,below_midpoint_feather
2026-07-08T05:19:22Z,89.5811,0.040697,0.045656,0.004958,below_midpoint_feather
2026-07-08T05:19:28Z,89.6391,0.041935,0.039473,-0.002462,below_midpoint_feather
2026-07-08T05:20:08Z,89.6254,0.045899,0.042655,-0.003244,below_midpoint_feather
2026-07-08T05:20:16Z,89.5857,0.043700,0.047481,0.003781,below_midpoint_feather
2026-07-08T05:21:23Z,89.5979,0.052680,0.049403,-0.003277,below_midpoint_feather
2026-07-08T05:21:29Z,89.5583,0.049373,0.054481,0.005109,below_midpoint_feather
2026-07-08T05:22:08Z,89.6132,0.055883,0.050160,-0.005723,below_midpoint_feather
2026-07-08T05:22:24Z,89.5293,0.054933,0.061317,0.006384,below_midpoint_feather
2026-07-08T05:23:39Z,89.5903,0.064626,0.058182,-0.006445,below_midpoint_feather
2026-07-08T05:23:45Z,89.5079,0.063407,0.069122,0.005714,below_midpoint_feather
2026-07-08T05:24:12Z,89.5521,0.068775,0.064937,-0.003838,below_midpoint_feather
2026-07-08T05:24:53Z,89.4850,0.067320,0.076909,0.009589,below_midpoint_feather
2026-07-08T05:25:10Z,89.5583,0.073776,0.068134,-0.005643,below_midpoint_feather
2026-07-08T05:25:30Z,89.5079,0.071698,0.076248,0.004550,below_midpoint_feather
2026-07-08T05:26:09Z,89.4697,0.076767,0.084634,0.007868,below_midpoint_feather
2026-07-08T05:26:16Z,89.5583,0.079178,0.072924,-0.006254,below_midpoint_feather
2026-07-08T05:27:32Z,89.4606,0.086998,0.092439,0.005441,below_midpoint_feather
2026-07-08T05:27:40Z,89.5064,0.091015,0.086365,-0.004650,below_midpoint_feather
2026-07-08T05:28:22Z,89.4438,0.092736,0.099240,0.006503,below_midpoint_feather
2026-07-08T05:28:50Z,89.5064,0.098384,0.092347,-0.006037,below_midpoint_feather
2026-07-08T05:29:14Z,89.4148,0.101471,0.108541,0.007070,below_midpoint_feather
2026-07-08T05:29:34Z,89.4942,0.103283,0.098053,-0.005230,below_midpoint_feather
2026-07-08T05:30:38Z,89.4301,0.105666,0.113712,0.008046,below_midpoint_feather
2026-07-08T05:30:58Z,89.4987,0.107473,0.105073,-0.002400,below_midpoint_feather
2026-07-08T05:31:22Z,89.4926,0.111026,0.108141,-0.002885,below_midpoint_feather
2026-07-08T05:31:46Z,89.4621,0.109616,0.114866,0.005250,below_midpoint_feather
2026-07-08T05:32:05Z,89.4621,0.109376,0.116577,0.007201,below_midpoint_feather
2026-07-08T05:32:26Z,89.5262,0.114512,0.109220,-0.005292,below_midpoint_feather
2026-07-08T05:33:14Z,89.5262,0.117337,0.113394,-0.003944,below_midpoint_feather
2026-07-08T05:33:59Z,89.5109,0.113625,0.119238,0.005613,below_midpoint_feather
2026-07-08T05:34:20Z,89.5796,0.115857,0.111994,-0.003863,below_midpoint_feather
2026-07-08T05:34:45Z,89.5155,0.115996,0.122130,0.006133,below_midpoint_feather
2026-07-08T05:35:39Z,89.5064,0.120141,0.127353,0.007212,below_midpoint_feather
2026-07-08T05:35:58Z,89.5750,0.124856,0.119744,-0.005112,below_midpoint_feather
2026-07-08T05:36:13Z,89.5399,0.121794,0.125231,0.003436,below_midpoint_feather
2026-07-08T05:36:28Z,89.5857,0.126365,0.120585,-0.005779,below_midpoint_feather
2026-07-08T05:37:02Z,89.5262,0.123714,0.130452,0.006739,below_midpoint_feather
2026-07-08T05:37:17Z,89.5888,0.129754,0.123599,-0.006156,below_midpoint_feather
2026-07-08T05:38:30Z,89.5583,0.127744,0.132077,0.004333,below_midpoint_feather
2026-07-08T05:38:58Z,89.6223,0.129998,0.126330,-0.003667,below_midpoint_feather
2026-07-08T05:39:30Z,89.6086,0.132476,0.129760,-0.002715,below_midpoint_feather
2026-07-08T05:39:58Z,89.5659,0.132514,0.136414,0.003900,below_midpoint_feather
2026-07-08T05:40:02Z,89.6117,0.135642,0.131290,-0.004352,below_midpoint_feather
2026-07-08T05:40:45Z,89.5903,0.132315,0.136160,0.003845,below_midpoint_feather
2026-07-08T05:41:20Z,89.6727,0.133544,0.129400,-0.004144,below_midpoint_feather
2026-07-08T05:41:32Z,89.6223,0.131354,0.135064,0.003709,below_midpoint_feather
2026-07-08T05:42:28Z,89.6864,0.133671,0.131369,-0.002302,below_midpoint_feather
2026-07-08T05:42:52Z,89.6300,0.133395,0.137891,0.004496,below_midpoint_feather
2026-07-08T05:43:33Z,89.6910,0.136233,0.133677,-0.002556,below_midpoint_feather
2026-07-08T05:43:51Z,89.6590,0.134107,0.137342,0.003235,below_midpoint_feather
2026-07-08T05:44:15Z,89.6666,0.135283,0.137519,0.002236,below_midpoint_feather
2026-07-08T05:44:35Z,89.6986,0.137693,0.135360,-0.002333,below_midpoint_feather
2026-07-08T05:45:17Z,89.7185,0.138495,0.135228,-0.003267,below_midpoint_feather
2026-07-08T05:45:38Z,89.6620,0.137201,0.140938,0.003738,below_midpoint_feather
2026-07-08T05:46:14Z,89.7322,0.138413,0.136096,-0.002317,below_midpoint_feather
2026-07-08T05:46:36Z,89.6757,0.138607,0.141558,0.002951,below_midpoint_feather
2026-07-08T05:47:05Z,89.6941,0.137786,0.140818,0.003032,below_midpoint_feather
2026-07-08T05:47:12Z,89.7642,0.137997,0.135622,-0.002375,below_midpoint_feather
2026-07-08T05:48:25Z,89.7261,0.137186,0.140316,0.003130,below_midpoint_feather
2026-07-08T05:48:29Z,89.8222,0.137280,0.134233,-0.003046,below_midpoint_feather
2026-07-08T05:49:04Z,89.7536,0.136314,0.139128,0.002814,below_midpoint_feather
2026-07-08T05:49:58Z,89.8314,0.137320,0.135526,-0.001795,below_midpoint_feather
2026-07-08T05:50:46Z,89.8222,0.138624,0.136713,-0.001911,below_midpoint_feather
2026-07-08T05:50:50Z,89.7368,0.139067,0.142131,0.003064,below_midpoint_feather
2026-07-08T05:51:01Z,89.7490,0.139529,0.141406,0.001876,below_midpoint_feather
2026-07-08T05:51:33Z,89.7856,0.141829,0.139504,-0.002326,below_midpoint_feather
2026-07-08T05:52:36Z,89.8100,0.141680,0.139217,-0.002464,below_midpoint_feather
2026-07-08T05:52:50Z,89.7093,0.142664,0.146348,0.003684,below_midpoint_feather
2026-07-08T05:53:00Z,89.7093,0.144408,0.146529,0.002121,below_midpoint_feather
2026-07-08T05:53:12Z,89.7719,0.145107,0.142147,-0.002960,below_midpoint_feather
2026-07-08T05:54:18Z,89.7536,0.146883,0.144800,-0.002083,below_midpoint_feather
2026-07-08T05:54:56Z,89.7230,0.145065,0.147961,0.002896,below_midpoint_feather
2026-07-08T05:55:46Z,89.8238,0.144566,0.142559,-0.002007,below_midpoint_feather
2026-07-08T05:55:54Z,89.7719,0.143131,0.145697,0.002566,below_midpoint_feather
2026-07-08T05:56:05Z,89.7780,0.142394,0.145509,0.003115,below_midpoint_feather
2026-07-08T05:56:32Z,89.8558,0.143866,0.141902,-0.001965,below_midpoint_feather
2026-07-08T05:57:08Z,89.7993,0.143588,0.145183,0.001595,below_midpoint_feather
2026-07-08T05:57:44Z,89.8680,0.142968,0.142380,-0.000588,below_midpoint_feather
2026-07-08T05:58:06Z,89.9092,0.141849,0.141305,-0.000544,below_midpoint_feather
2026-07-08T05:58:22Z,89.8558,0.141429,0.143233,0.001804,below_midpoint_feather
2026-07-08T05:59:00Z,89.8558,0.142132,0.143516,0.001383,below_midpoint_feather
2026-07-08T05:59:03Z,89.8817,0.143271,0.142567,-0.000704,below_midpoint_feather
2026-07-08T06:00:28Z,89.8924,0.141318,0.142682,0.001364,below_midpoint_feather
2026-07-08T06:00:44Z,89.9702,0.141377,0.141220,-0.000157,below_midpoint_feather
2026-07-08T06:01:04Z,89.9184,0.141162,0.142101,0.000938,below_midpoint_feather
2026-07-08T06:01:36Z,89.9641,0.141777,0.141408,-0.000369,below_midpoint_feather
2026-07-08T06:02:00Z,89.9779,0.141670,0.141344,-0.000327,below_midpoint_feather
2026-07-08T06:02:28Z,89.9245,0.141251,0.142136,0.000885,below_midpoint_feather
2026-07-08T06:03:22Z,89.9840,0.141686,0.141433,-0.000253,below_midpoint_feather
2026-07-08T06:03:30Z,89.9199,0.141570,0.142318,0.000749,below_midpoint_feather
2026-07-08T06:04:39Z,89.9275,0.141461,0.142228,0.000767,below_midpoint_feather
2026-07-08T06:04:49Z,89.9702,0.141655,0.141617,-0.000039,below_midpoint_feather
2026-07-08T06:05:00Z,89.9794,0.141517,0.141562,0.000044,below_midpoint_feather
2026-07-08T06:05:26Z,89.9062,0.141620,0.142775,0.001155,below_midpoint_feather
2026-07-08T06:06:05Z,89.9779,0.141318,0.141468,0.000151,below_midpoint_feather
2026-07-08T06:06:49Z,90.0114,0.140575,0.140172,-0.000403,in_band
2026-07-08T06:07:00Z,89.9977,0.139763,0.139710,-0.000053,below_midpoint_feather
2026-07-08T06:07:53Z,89.9977,0.135718,0.135895,0.000177,below_midpoint_feather
2026-07-08T06:08:15Z,90.0420,0.134072,0.134246,0.000174,in_band
2026-07-08T06:08:52Z,89.9519,0.132874,0.133834,0.000960,below_midpoint_feather
2026-07-08T06:09:52Z,89.9107,0.133239,0.134650,0.001411,below_midpoint_feather
2026-07-08T06:09:57Z,89.9413,0.133736,0.134010,0.000274,below_midpoint_feather
2026-07-08T06:10:00Z,89.9596,0.133736,0.133753,0.000017,below_midpoint_feather
2026-07-08T06:10:56Z,89.8741,0.134290,0.135827,0.001538,below_midpoint_feather
2026-07-08T06:11:01Z,89.9245,0.134714,0.134394,-0.000321,below_midpoint_feather
2026-07-08T06:11:36Z,89.9046,0.133362,0.134947,0.001585,below_midpoint_feather
2026-07-08T06:12:18Z,89.9504,0.133035,0.133782,0.000747,below_midpoint_feather
2026-07-08T06:12:37Z,90.0023,0.133041,0.132864,-0.000177,in_band
2026-07-08T06:13:00Z,90.0099,0.131443,0.131344,-0.000099,in_band
2026-07-08T06:13:59Z,90.0938,0.127230,0.127135,-0.000095,in_band
2026-07-08T06:14:00Z,90.0832,0.127160,0.127065,-0.000095,in_band
2026-07-08T06:14:59Z,90.1015,0.123069,0.122978,-0.000091,in_band
2026-07-08T06:15:00Z,90.1076,0.123000,0.122909,-0.000091,in_band
2026-07-08T06:15:59Z,90.0984,0.119038,0.118950,-0.000088,in_band
2026-07-08T06:16:00Z,90.0938,0.118972,0.118884,-0.000088,in_band
2026-07-08T06:16:59Z,90.0557,0.115137,0.115051,-0.000085,in_band
2026-07-08T06:17:00Z,90.0877,0.115073,0.114988,-0.000085,in_band
2026-07-08T06:17:59Z,90.0877,0.111362,0.111280,-0.000082,in_band
2026-07-08T06:18:00Z,90.0832,0.111301,0.111218,-0.000082,in_band
2026-07-08T06:18:59Z,90.0160,0.107712,0.107632,-0.000080,in_band
2026-07-08T06:19:00Z,90.0435,0.107652,0.107572,-0.000079,in_band
2026-07-08T06:19:53Z,89.9962,0.104528,0.104686,0.000157,below_midpoint_feather
2026-07-08T06:20:00Z,89.9977,0.104123,0.104336,0.000213,below_midpoint_feather
2026-07-08T06:20:56Z,89.9413,0.102174,0.103102,0.000928,below_midpoint_feather
2026-07-08T06:21:39Z,89.9794,0.102504,0.102448,-0.000056,below_midpoint_feather
2026-07-08T06:21:58Z,89.9321,0.102304,0.103047,0.000744,below_midpoint_feather
2026-07-08T06:22:33Z,89.9794,0.102730,0.102464,-0.000266,below_midpoint_feather
2026-07-08T06:22:42Z,89.9184,0.102681,0.103356,0.000675,below_midpoint_feather
2026-07-08T06:23:03Z,89.8955,0.102829,0.103975,0.001146,below_midpoint_feather
2026-07-08T06:23:14Z,89.9641,0.103125,0.102615,-0.000509,below_midpoint_feather
2026-07-08T06:24:32Z,89.8146,0.104836,0.107477,0.002640,below_midpoint_feather
2026-07-08T06:24:56Z,89.8772,0.105997,0.104832,-0.001165,below_midpoint_feather
2026-07-08T06:25:10Z,89.8604,0.106562,0.105531,-0.001030,below_midpoint_feather
2026-07-08T06:25:50Z,89.7826,0.107510,0.109755,0.002245,below_midpoint_feather
2026-07-08T06:26:52Z,89.7276,0.110671,0.114183,0.003512,below_midpoint_feather
2026-07-08T06:26:57Z,89.7902,0.112608,0.109954,-0.002654,below_midpoint_feather
2026-07-08T06:27:04Z,89.7322,0.110526,0.113982,0.003455,below_midpoint_feather
2026-07-08T06:27:40Z,89.7581,0.115072,0.112639,-0.002433,below_midpoint_feather
2026-07-08T06:28:19Z,89.6956,0.120594,0.118263,-0.002332,below_midpoint_feather
2026-07-08T06:28:46Z,89.5933,0.122899,0.129298,0.006399,below_midpoint_feather
2026-07-08T06:29:39Z,89.5766,0.135778,0.133133,-0.002645,below_midpoint_feather
2026-07-08T06:29:41Z,89.5262,0.134707,0.139643,0.004936,below_midpoint_feather
2026-07-08T06:30:09Z,89.5583,0.142665,0.136829,-0.005836,below_midpoint_feather
2026-07-08T06:30:40Z,89.4331,0.149532,0.156619,0.007087,below_midpoint_feather
2026-07-08T06:31:24Z,89.3736,0.161405,0.170025,0.008621,below_midpoint_feather
2026-07-08T06:31:56Z,89.4148,0.170563,0.165905,-0.004658,below_midpoint_feather
2026-07-08T06:32:22Z,89.4011,0.175162,0.170959,-0.004203,below_midpoint_feather
2026-07-08T06:32:46Z,89.3111,0.180319,0.190161,0.009842,below_midpoint_feather
2026-07-08T06:33:13Z,89.3019,0.189532,0.195246,0.005714,below_midpoint_feather
2026-07-08T06:33:19Z,89.3477,0.191752,0.187221,-0.004531,below_midpoint_feather
2026-07-08T06:34:08Z,89.2836,0.197747,0.206333,0.008586,below_midpoint_feather
2026-07-08T06:34:51Z,89.2973,0.216008,0.209898,-0.006111,below_midpoint_feather
2026-07-08T06:35:25Z,89.2973,0.221060,0.215276,-0.005784,below_midpoint_feather
2026-07-08T06:35:27Z,89.2424,0.216057,0.227004,0.010947,below_midpoint_feather
2026-07-08T06:36:00Z,89.2882,0.229672,0.222861,-0.006812,below_midpoint_feather
2026-07-08T06:36:22Z,89.2592,0.224238,0.232574,0.008336,below_midpoint_feather
2026-07-08T06:37:36Z,89.3156,0.243492,0.233850,-0.009642,below_midpoint_feather
2026-07-08T06:37:39Z,89.2378,0.236234,0.250379,0.014145,below_midpoint_feather
2026-07-08T06:38:02Z,89.2821,0.237527,0.245040,0.007512,below_midpoint_feather
2026-07-08T06:38:36Z,89.3278,0.249978,0.241742,-0.008235,below_midpoint_feather
2026-07-08T06:39:09Z,89.3156,0.255244,0.249640,-0.005603,below_midpoint_feather
2026-07-08T06:39:56Z,89.2607,0.260755,0.268695,0.007940,below_midpoint_feather
2026-07-08T06:40:19Z,89.2515,0.262822,0.274508,0.011686,below_midpoint_feather
2026-07-08T06:40:21Z,89.3065,0.270589,0.263581,-0.007008,below_midpoint_feather
2026-07-08T06:41:42Z,89.2744,0.289210,0.283872,-0.005339,below_midpoint_feather
2026-07-08T06:41:56Z,89.2058,0.288779,0.301214,0.012434,below_midpoint_feather
2026-07-08T06:42:02Z,89.2638,0.297419,0.289667,-0.007752,below_midpoint_feather
2026-07-08T06:42:28Z,89.2042,0.299484,0.307394,0.007910,below_midpoint_feather
2026-07-08T06:43:18Z,89.1920,0.308786,0.319517,0.010732,below_midpoint_feather
2026-07-08T06:43:23Z,89.2363,0.313408,0.310568,-0.002839,below_midpoint_feather
2026-07-08T06:44:14Z,89.2638,0.319534,0.314621,-0.004913,below_midpoint_feather
2026-07-08T06:44:55Z,89.1585,0.334387,0.346387,0.012000,below_midpoint_feather
2026-07-08T06:45:11Z,89.1997,0.348612,0.340024,-0.008587,below_midpoint_feather
2026-07-08T06:45:17Z,89.1264,0.344431,0.358700,0.014269,below_midpoint_feather
2026-07-08T06:46:28Z,89.2180,0.359506,0.352685,-0.006821,below_midpoint_feather
2026-07-08T06:46:50Z,89.2042,0.352395,0.360656,0.008261,below_midpoint_feather
2026-07-08T06:47:09Z,89.1920,0.354527,0.367535,0.013008,below_midpoint_feather
2026-07-08T06:47:51Z,89.2744,0.366247,0.358311,-0.007937,below_midpoint_feather
2026-07-08T06:48:29Z,89.2134,0.369967,0.379077,0.009110,below_midpoint_feather
2026-07-08T06:48:58Z,89.2561,0.382682,0.375524,-0.007158,below_midpoint_feather
2026-07-08T06:49:49Z,89.2042,0.388451,0.397020,0.008569,below_midpoint_feather
2026-07-08T06:49:56Z,89.2607,0.394199,0.386087,-0.008112,below_midpoint_feather
2026-07-08T06:50:44Z,89.1920,0.398366,0.410697,0.012331,below_midpoint_feather
2026-07-08T06:50:55Z,89.2744,0.405875,0.394890,-0.010986,below_midpoint_feather
2026-07-08T06:51:00Z,89.2378,0.406859,0.403616,-0.003243,below_midpoint_feather
2026-07-08T06:51:07Z,89.2058,0.403887,0.412085,0.008198,below_midpoint_feather
2026-07-08T06:52:00Z,89.2500,0.411697,0.412799,0.001102,below_midpoint_feather
2026-07-08T06:52:01Z,89.2500,0.411697,0.412996,0.001299,below_midpoint_feather
2026-07-08T06:53:17Z,89.2363,0.076545,0.074876,-0.001669,below_midpoint_feather
2026-07-08T06:53:19Z,89.2592,0.076272,0.070375,-0.005897,below_midpoint_feather
2026-07-08T06:54:51Z,89.2424,0.088016,0.091914,0.003898,below_midpoint_feather
2026-07-08T06:54:57Z,89.2912,0.087567,0.082878,-0.004689,below_midpoint_feather
2026-07-08T06:55:19Z,89.3050,0.091726,0.084302,-0.007424,below_midpoint_feather
2026-07-08T06:55:49Z,89.2424,0.095448,0.102824,0.007376,below_midpoint_feather
2026-07-08T06:56:15Z,89.3019,0.103100,0.095312,-0.007789,below_midpoint_feather
2026-07-08T06:56:23Z,89.2241,0.101727,0.113096,0.011369,below_midpoint_feather
2026-07-08T06:57:29Z,89.2775,0.120499,0.113734,-0.006765,below_midpoint_feather
2026-07-08T06:57:47Z,89.2378,0.118971,0.125408,0.006438,below_midpoint_feather
2026-07-08T06:58:05Z,89.2882,0.124190,0.118151,-0.006039,below_midpoint_feather
2026-07-08T06:58:27Z,89.2134,0.129844,0.138120,0.008275,below_midpoint_feather
2026-07-08T06:59:23Z,89.3156,0.137664,0.127147,-0.010516,below_midpoint_feather
2026-07-08T06:59:29Z,89.2317,0.137825,0.145602,0.007777,below_midpoint_feather
2026-07-08T07:00:01Z,89.3065,0.143738,0.135972,-0.007766,below_midpoint_feather
2026-07-08T07:00:49Z,89.2561,0.146533,0.154948,0.008415,below_midpoint_feather
2026-07-08T07:01:07Z,89.2500,0.151536,0.159411,0.007875,below_midpoint_feather
2026-07-08T07:01:13Z,89.2973,0.158563,0.150689,-0.007875,below_midpoint_feather
2026-07-08T07:02:05Z,89.2775,0.158250,0.163741,0.005491,below_midpoint_feather
2026-07-08T07:02:11Z,89.3339,0.160786,0.153609,-0.007177,below_midpoint_feather
2026-07-08T07:03:45Z,89.3141,0.164731,0.172384,0.007653,below_midpoint_feather
2026-07-08T07:03:53Z,89.3843,0.166484,0.160584,-0.005900,below_midpoint_feather
2026-07-08T07:04:05Z,89.3935,0.168256,0.160765,-0.007491,below_midpoint_feather
2026-07-08T07:04:23Z,89.3233,0.169207,0.176194,0.006987,below_midpoint_feather
2026-07-08T07:05:01Z,89.3462,0.171605,0.177261,0.005655,below_midpoint_feather
2026-07-08T07:05:51Z,89.4240,0.177659,0.170494,-0.007165,below_midpoint_feather
2026-07-08T07:06:09Z,89.3690,0.178453,0.182300,0.003848,below_midpoint_feather
2026-07-08T07:06:51Z,89.4148,0.185471,0.179787,-0.005684,below_midpoint_feather
2026-07-08T07:07:41Z,89.3614,0.187100,0.195400,0.008300,below_midpoint_feather
2026-07-08T07:07:57Z,89.4102,0.193552,0.188876,-0.004676,below_midpoint_feather
2026-07-08T07:08:03Z,89.4301,0.192976,0.186357,-0.006619,below_midpoint_feather
2026-07-08T07:08:31Z,89.3553,0.196200,0.202747,0.006548,below_midpoint_feather
2026-07-08T07:09:27Z,89.3385,0.205825,0.212831,0.007007,below_midpoint_feather
2026-07-08T07:09:37Z,89.4209,0.207884,0.199548,-0.008336,below_midpoint_feather
2026-07-08T07:10:00Z,89.3660,0.207314,0.211946,0.004632,below_midpoint_feather
2026-07-08T07:10:29Z,89.4209,0.214450,0.206118,-0.008332,below_midpoint_feather
2026-07-08T07:11:09Z,89.3385,0.216778,0.225642,0.008864,below_midpoint_feather
2026-07-08T07:11:19Z,89.4377,0.216452,0.209634,-0.006818,below_midpoint_feather
2026-07-08T07:12:09Z,89.4240,0.223719,0.218091,-0.005628,below_midpoint_feather
2026-07-08T07:12:57Z,89.3614,0.227849,0.234870,0.007021,below_midpoint_feather
2026-07-08T07:13:07Z,89.3660,0.227793,0.235280,0.007486,below_midpoint_feather
2026-07-08T07:13:31Z,89.4240,0.234375,0.228252,-0.006122,below_midpoint_feather
2026-07-08T07:14:05Z,89.4881,0.228661,0.222472,-0.006189,below_midpoint_feather
2026-07-08T07:14:35Z,89.4667,0.225428,0.229054,0.003626,below_midpoint_feather
2026-07-08T07:15:13Z,89.5384,0.221070,0.222780,0.001710,below_midpoint_feather
2026-07-08T07:15:52Z,89.6620,0.216440,0.212074,-0.004366,below_midpoint_feather
2026-07-08T07:16:03Z,89.6086,0.215044,0.218425,0.003381,below_midpoint_feather
2026-07-08T07:16:36Z,89.7398,0.213693,0.208384,-0.005309,below_midpoint_feather
2026-07-08T07:17:40Z,89.7734,0.211854,0.209021,-0.002833,below_midpoint_feather
2026-07-08T07:17:53Z,89.7215,0.212217,0.213206,0.000988,below_midpoint_feather
2026-07-08T07:18:05Z,89.7078,0.213080,0.214715,0.001634,below_midpoint_feather
2026-07-08T07:18:08Z,89.7581,0.213179,0.210986,-0.002193,below_midpoint_feather
2026-07-08T07:19:33Z,89.7734,0.214694,0.212232,-0.002463,below_midpoint_feather
2026-07-08T07:19:47Z,89.7124,0.215345,0.217011,0.001666,below_midpoint_feather
2026-07-08T07:20:05Z,89.7856,0.215744,0.212188,-0.003555,below_midpoint_feather
2026-07-08T07:20:13Z,89.7139,0.214729,0.217473,0.002744,below_midpoint_feather
2026-07-08T07:21:47Z,89.7597,0.220386,0.216279,-0.004108,below_midpoint_feather
2026-07-08T07:21:53Z,89.6864,0.220539,0.222200,0.001661,below_midpoint_feather
2026-07-08T07:22:19Z,89.7459,0.221588,0.218062,-0.003526,below_midpoint_feather
2026-07-08T07:22:31Z,89.6681,0.222287,0.224860,0.002573,below_midpoint_feather
2026-07-08T07:23:33Z,89.7261,0.224223,0.221541,-0.002682,below_midpoint_feather
2026-07-08T07:23:57Z,89.6727,0.224642,0.226787,0.002145,below_midpoint_feather
2026-07-08T07:24:51Z,89.7078,0.229370,0.225295,-0.004075,below_midpoint_feather
2026-07-08T07:24:59Z,89.6681,0.227264,0.229065,0.001801,below_midpoint_feather
2026-07-08T07:25:13Z,89.7139,0.229769,0.225482,-0.004287,below_midpoint_feather
2026-07-08T07:25:19Z,89.6544,0.229116,0.231019,0.001903,below_midpoint_feather
2026-07-08T07:26:13Z,89.7139,0.231298,0.227425,-0.003873,below_midpoint_feather
2026-07-08T07:26:25Z,89.6620,0.230462,0.232427,0.001964,below_midpoint_feather
2026-07-08T07:27:21Z,89.6407,0.234049,0.236456,0.002407,below_midpoint_feather
2026-07-08T07:27:45Z,89.7032,0.236217,0.231478,-0.004739,below_midpoint_feather
2026-07-08T07:28:05Z,89.7002,0.235636,0.232466,-0.003170,below_midpoint_feather
2026-07-08T07:28:27Z,89.6407,0.235463,0.238847,0.003384,below_midpoint_feather
2026-07-08T07:29:33Z,89.6407,0.238253,0.241208,0.002955,below_midpoint_feather
2026-07-08T07:29:41Z,89.7078,0.239099,0.235269,-0.003829,below_midpoint_feather
2026-07-08T07:30:47Z,89.5201,0.252292,0.258434,0.006143,below_midpoint_feather
2026-07-08T07:30:53Z,89.5857,0.254262,0.250369,-0.003893,below_midpoint_feather
2026-07-08T07:31:00Z,89.5338,0.252341,0.257203,0.004861,below_midpoint_feather
2026-07-08T07:31:57Z,89.5583,0.263728,0.257181,-0.006547,below_midpoint_feather
2026-07-08T07:32:25Z,89.4896,0.263206,0.268257,0.005051,below_midpoint_feather
2026-07-08T07:32:41Z,89.5445,0.267193,0.261785,-0.005408,below_midpoint_feather
2026-07-08T07:33:17Z,89.5018,0.274645,0.270187,-0.004458,below_midpoint_feather
2026-07-08T07:33:33Z,89.4240,0.276590,0.283346,0.006756,below_midpoint_feather
2026-07-08T07:34:06Z,89.4026,0.284095,0.289719,0.005624,below_midpoint_feather
2026-07-08T07:34:29Z,89.4621,0.289410,0.282241,-0.007170,below_midpoint_feather
2026-07-08T07:35:11Z,89.3980,0.291041,0.296771,0.005730,below_midpoint_feather
2026-07-08T07:35:29Z,89.4285,0.297649,0.293517,-0.004132,below_midpoint_feather
2026-07-08T07:36:39Z,89.4285,0.308472,0.301262,-0.007210,below_midpoint_feather
2026-07-08T07:36:45Z,89.3294,0.310513,0.319486,0.008973,below_midpoint_feather
2026-07-08T07:37:19Z,89.4514,0.309057,0.302393,-0.006663,below_midpoint_feather
2026-07-08T07:37:33Z,89.3568,0.313057,0.320104,0.007048,below_midpoint_feather
2026-07-08T07:38:13Z,89.3202,0.322946,0.331831,0.008885,below_midpoint_feather
2026-07-08T07:38:31Z,89.3751,0.330194,0.323881,-0.006313,below_midpoint_feather
2026-07-08T07:39:07Z,89.3751,0.335747,0.328653,-0.007094,below_midpoint_feather
2026-07-08T07:39:55Z,89.2882,0.344119,0.351878,0.007759,below_midpoint_feather
2026-07-08T07:40:37Z,89.2699,0.367630,0.361835,-0.005794,below_midpoint_feather
2026-07-08T07:40:53Z,89.1997,0.367230,0.379681,0.012451,below_midpoint_feather
2026-07-08T07:41:19Z,89.3095,0.371566,0.360796,-0.010770,below_midpoint_feather
2026-07-08T07:41:46Z,89.2134,0.377202,0.385693,0.008491,below_midpoint_feather
2026-07-08T07:42:17Z,89.2378,0.376874,0.385763,0.008889,below_midpoint_feather
2026-07-08T07:42:49Z,89.2912,0.387207,0.380191,-0.007016,below_midpoint_feather
2026-07-08T07:43:03Z,89.3294,0.384902,0.375182,-0.009720,below_midpoint_feather
2026-07-08T07:43:41Z,89.3095,0.381831,0.385597,0.003766,below_midpoint_feather
2026-07-08T07:44:15Z,89.3568,0.391012,0.382237,-0.008775,below_midpoint_feather
2026-07-08T07:44:45Z,89.2882,0.394051,0.400275,0.006224,below_midpoint_feather
2026-07-08T07:45:19Z,89.2699,0.400930,0.409407,0.008477,below_midpoint_feather
2026-07-08T07:45:39Z,89.3477,0.406784,0.397260,-0.009524,below_midpoint_feather
2026-07-08T07:46:13Z,89.3294,0.411271,0.406100,-0.005171,below_midpoint_feather
2026-07-08T07:46:57Z,89.2912,0.412892,0.420540,0.007648,below_midpoint_feather
2026-07-08T07:47:09Z,89.2958,0.414775,0.421500,0.006725,below_midpoint_feather
2026-07-08T07:47:57Z,89.3599,0.420723,0.416672,-0.004050,below_midpoint_feather
2026-07-08T07:48:17Z,89.2973,0.423770,0.431669,0.007898,below_midpoint_feather
2026-07-08T07:48:37Z,89.3507,0.428529,0.424436,-0.004093,below_midpoint_feather
2026-07-08T07:49:11Z,89.3523,0.434536,0.429307,-0.005230,below_midpoint_feather
2026-07-08T07:49:19Z,89.2866,0.434581,0.443226,0.008645,below_midpoint_feather
2026-07-08T07:50:55Z,89.3339,0.455468,0.448664,-0.006803,below_midpoint_feather
2026-07-08T07:50:59Z,89.2332,0.456095,0.469813,0.013718,below_midpoint_feather
2026-07-08T07:51:00Z,89.2332,0.456252,0.469968,0.013716,below_midpoint_feather
2026-07-08T07:51:43Z,89.3202,0.466209,0.458998,-0.007211,below_midpoint_feather
2026-07-08T07:52:09Z,89.2470,0.469531,0.478189,0.008659,below_midpoint_feather
2026-07-08T07:52:35Z,89.3019,0.477305,0.471203,-0.006102,below_midpoint_feather
2026-07-08T07:53:19Z,89.2317,0.484857,0.493418,0.008561,below_midpoint_feather
2026-07-08T07:53:25Z,89.2882,0.491068,0.482591,-0.008477,below_midpoint_feather
2026-07-08T07:54:07Z,89.2241,0.494667,0.503627,0.008960,below_midpoint_feather
2026-07-08T07:54:31Z,89.3019,0.505481,0.491615,-0.013867,below_midpoint_feather
2026-07-08T07:55:29Z,89.2515,0.517626,0.512798,-0.004829,below_midpoint_feather
2026-07-08T07:55:35Z,89.1859,0.517443,0.528536,0.011093,below_midpoint_feather
2026-07-08T07:56:35Z,89.1859,0.532508,0.540298,0.007791,below_midpoint_feather
2026-07-08T07:56:53Z,89.2195,0.543360,0.536272,-0.007089,below_midpoint_feather
2026-07-08T07:57:25Z,89.1737,0.545370,0.553282,0.007911,below_midpoint_feather
2026-07-08T07:57:45Z,89.2561,0.555123,0.539030,-0.016093,below_midpoint_feather
2026-07-08T07:58:33Z,89.1417,0.569338,0.575360,0.006023,below_midpoint_feather
2026-07-08T07:58:35Z,89.2103,0.569775,0.559704,-0.010071,below_midpoint_feather
2026-07-08T07:59:39Z,89.1814,0.569496,0.580298,0.010802,below_midpoint_feather
2026-07-08T07:59:45Z,89.2729,0.569779,0.561453,-0.008326,below_midpoint_feather
2026-07-08T08:00:25Z,89.2332,0.568382,0.578120,0.009738,below_midpoint_feather
2026-07-08T08:00:45Z,89.3553,0.565549,0.557496,-0.008054,below_midpoint_feather
2026-07-08T08:01:27Z,89.3660,0.571369,0.563100,-0.008269,below_midpoint_feather
2026-07-08T08:01:37Z,89.3050,0.566462,0.576326,0.009865,below_midpoint_feather
2026-07-08T08:02:07Z,89.3553,0.577088,0.571624,-0.005464,below_midpoint_feather
2026-07-08T08:02:13Z,89.3202,0.573170,0.579204,0.006034,below_midpoint_feather
2026-07-08T08:03:16Z,89.4514,0.569737,0.565550,-0.004186,below_midpoint_feather
2026-07-08T08:03:25Z,89.4148,0.568466,0.572638,0.004172,below_midpoint_feather
2026-07-08T08:04:23Z,89.4209,0.572231,0.578722,0.006491,below_midpoint_feather
2026-07-08T08:04:31Z,89.5064,0.573632,0.566612,-0.007020,below_midpoint_feather
2026-07-08T08:05:09Z,89.5125,0.575252,0.569892,-0.005360,below_midpoint_feather
2026-07-08T08:05:21Z,89.4469,0.574463,0.580835,0.006372,below_midpoint_feather
2026-07-08T08:06:19Z,89.6162,0.569538,0.563790,-0.005748,below_midpoint_feather
2026-07-08T08:06:33Z,89.5521,0.568517,0.572545,0.004028,below_midpoint_feather
2026-07-08T08:07:19Z,89.6635,0.571918,0.563486,-0.008432,below_midpoint_feather
2026-07-08T08:07:29Z,89.5766,0.569266,0.573534,0.004268,below_midpoint_feather
2026-07-08T08:08:16Z,89.6818,0.570107,0.565201,-0.004905,below_midpoint_feather
2026-07-08T08:08:43Z,89.6437,0.566605,0.570239,0.003635,below_midpoint_feather
2026-07-08T08:09:35Z,89.6712,0.566511,0.569791,0.003280,below_midpoint_feather
2026-07-08T08:09:55Z,89.7536,0.566623,0.563775,-0.002848,below_midpoint_feather
2026-07-08T08:10:06Z,89.7551,0.566637,0.564045,-0.002591,below_midpoint_feather
2026-07-08T08:10:09Z,89.7169,0.564889,0.567009,0.002120,below_midpoint_feather
2026-07-08T08:11:17Z,89.7551,0.562332,0.566001,0.003669,below_midpoint_feather
2026-07-08T08:11:37Z,89.8787,0.562988,0.559975,-0.003013,below_midpoint_feather
2026-07-08T08:12:04Z,89.8726,0.562258,0.560664,-0.001594,below_midpoint_feather
2026-07-08T08:12:51Z,89.8695,0.560834,0.561391,0.000557,below_midpoint_feather
2026-07-08T08:13:00Z,89.9458,0.560611,0.559477,-0.001134,below_midpoint_feather
2026-07-08T08:13:25Z,89.8787,0.560193,0.561356,0.001163,below_midpoint_feather
2026-07-08T08:14:11Z,89.9199,0.560191,0.560423,0.000232,below_midpoint_feather
2026-07-08T08:14:58Z,90.0114,0.559913,0.559037,-0.000876,in_band
2026-07-08T08:15:03Z,89.9565,0.559924,0.559317,-0.000607,below_midpoint_feather
2026-07-08T08:15:14Z,90.0008,0.559906,0.557829,-0.002076,in_band
2026-07-08T08:16:00Z,90.1076,0.545819,0.544417,-0.001402,in_band
2026-07-08T08:16:59Z,90.2754,0.528251,0.526893,-0.001358,in_band
2026-07-08T08:17:00Z,90.2754,0.527958,0.526601,-0.001357,in_band
2026-07-08T08:17:59Z,90.4723,0.510945,0.509632,-0.001313,in_band
2026-07-08T08:18:00Z,90.4723,0.510661,0.509349,-0.001313,in_band
2026-07-08T08:18:59Z,90.6935,0.494199,0.492928,-0.001270,in_band
2026-07-08T08:19:00Z,90.6935,0.493924,0.492655,-0.001269,in_band
2026-07-08T08:19:59Z,90.8858,0.477998,0.476770,-0.001229,in_band
2026-07-08T08:20:00Z,90.8858,0.477733,0.476505,-0.001228,in_band
2026-07-08T08:20:59Z,91.0323,0.462328,0.461140,-0.001188,in_band
2026-07-08T08:21:00Z,91.0323,0.462072,0.460884,-0.001188,in_band
2026-07-08T08:21:59Z,91.1742,0.447172,0.446022,-0.001149,in_band
2026-07-08T08:22:00Z,91.1742,0.446923,0.445775,-0.001149,in_band
2026-07-08T08:22:59Z,91.3390,0.432512,0.431400,-0.001112,in_band
2026-07-08T08:23:00Z,91.3390,0.432272,0.431161,-0.001111,in_band
2026-07-08T08:23:59Z,91.4244,0.418332,0.417257,-0.001075,in_band
2026-07-08T08:24:00Z,91.4244,0.418100,0.417025,-0.001075,in_band
2026-07-08T08:24:59Z,91.4763,0.404618,0.403578,-0.001040,in_band
2026-07-08T08:25:30Z,91.4946,0.398151,0.398446,0.000296,in_band
2026-07-08T08:25:31Z,91.5312,0.397929,0.385118,-0.012811,above_band_high
2026-07-08T08:26:59Z,91.6091,0.349525,0.349989,0.000464,above_band_high
2026-07-08T08:27:03Z,91.5846,0.349321,0.360186,0.010865,above_band_high
2026-07-08T08:27:38Z,91.6625,0.339219,0.324598,-0.014621,above_band_high
2026-07-08T08:28:07Z,91.7082,0.327519,0.302390,-0.025129,above_band_high
2026-07-08T08:28:35Z,91.6487,0.304181,0.324514,0.020333,above_band_high
2026-07-08T08:29:39Z,91.6808,0.290399,0.300843,0.010444,above_band_high
2026-07-08T08:29:47Z,91.7266,0.296759,0.279856,-0.016903,above_band_high
2026-07-08T08:30:51Z,91.6350,0.292523,0.306893,0.014371,above_band_high
2026-07-08T08:30:53Z,91.6945,0.292148,0.281133,-0.011015,above_band_high
2026-07-08T08:31:29Z,91.6548,0.305157,0.291633,-0.013524,above_band_high
2026-07-08T08:31:41Z,91.5770,0.303129,0.322842,0.019713,above_band_high
2026-07-08T08:32:18Z,91.5358,0.315761,0.334969,0.019207,above_band_high
2026-07-08T08:32:41Z,91.5633,0.332416,0.320504,-0.011912,above_band_high
2026-07-08T08:33:01Z,91.5435,0.330383,0.327032,-0.003351,above_band_high
2026-07-08T08:33:11Z,91.4946,0.335385,0.344553,0.009168,in_band
2026-07-08T08:34:49Z,91.4336,0.323661,0.324074,0.000413,in_band
2026-07-08T08:34:59Z,91.3970,0.321717,0.322136,0.000419,in_band
2026-07-08T08:35:00Z,91.3970,0.321525,0.321944,0.000420,in_band
2026-07-08T08:35:59Z,91.3390,0.310651,0.311085,0.000435,in_band
2026-07-08T08:36:14Z,91.3344,0.308004,0.308439,0.000435,in_band
2026-07-08T08:36:59Z,91.2886,0.300274,0.300705,0.000431,in_band
2026-07-08T08:37:02Z,91.2932,0.299768,0.300199,0.000431,in_band
2026-07-08T08:37:59Z,91.2474,0.290358,0.290779,0.000421,in_band
2026-07-08T08:38:00Z,91.2474,0.290196,0.290617,0.000421,in_band
2026-07-08T08:38:59Z,91.2612,0.280813,0.281221,0.000409,in_band
2026-07-08T08:39:00Z,91.2612,0.280657,0.281065,0.000408,in_band
2026-07-08T08:39:59Z,91.2184,0.271597,0.271993,0.000396,in_band
2026-07-08T08:40:00Z,91.2184,0.271446,0.271841,0.000396,in_band
2026-07-08T08:40:59Z,91.2184,0.262689,0.263072,0.000383,in_band
2026-07-08T08:41:02Z,91.2367,0.262251,0.262634,0.000383,in_band
2026-07-08T08:41:59Z,91.2322,0.254076,0.254446,0.000371,in_band
2026-07-08T08:42:00Z,91.2322,0.253935,0.254305,0.000370,in_band
2026-07-08T08:42:59Z,91.2108,0.245746,0.246104,0.000358,in_band
2026-07-08T08:43:00Z,91.2108,0.245609,0.245967,0.000358,in_band
2026-07-08T08:43:59Z,91.2367,0.237689,0.238036,0.000347,in_band
2026-07-08T08:44:00Z,91.2367,0.237557,0.237904,0.000347,in_band
2026-07-08T08:44:59Z,91.1589,0.229897,0.230232,0.000335,in_band
2026-07-08T08:45:00Z,91.1589,0.229769,0.230104,0.000335,in_band
2026-07-08T08:45:59Z,91.1376,0.222360,0.222684,0.000324,in_band
2026-07-08T08:46:00Z,91.1376,0.222236,0.222560,0.000324,in_band
2026-07-08T08:46:59Z,91.0948,0.215070,0.215384,0.000314,in_band
2026-07-08T08:47:00Z,91.0948,0.214950,0.215264,0.000314,in_band
2026-07-08T08:47:59Z,91.0857,0.208019,0.208322,0.000303,in_band
2026-07-08T08:48:00Z,91.0857,0.207903,0.208207,0.000303,in_band
2026-07-08T08:48:59Z,91.1101,0.201199,0.201493,0.000293,in_band
2026-07-08T08:49:00Z,91.1101,0.201088,0.201381,0.000293,in_band
2026-07-08T08:49:59Z,91.0353,0.194603,0.194887,0.000284,in_band
2026-07-08T08:50:00Z,91.0353,0.194495,0.194779,0.000284,in_band
2026-07-08T08:50:59Z,91.0643,0.188223,0.188498,0.000275,in_band
2026-07-08T08:51:00Z,91.0643,0.188119,0.188393,0.000274,in_band
2026-07-08T08:51:59Z,91.0597,0.182053,0.182318,0.000266,in_band
2026-07-08T08:52:00Z,91.0597,0.181952,0.182217,0.000265,in_band
2026-07-08T08:52:59Z,91.0216,0.176084,0.176341,0.000257,in_band
2026-07-08T08:53:00Z,91.0216,0.175986,0.176243,0.000257,in_band
2026-07-08T08:53:59Z,90.9987,0.170312,0.170560,0.000248,in_band
2026-07-08T08:54:00Z,90.9987,0.170217,0.170465,0.000248,in_band
2026-07-08T08:54:59Z,91.0170,0.164728,0.164968,0.000240,in_band
2026-07-08T08:55:00Z,91.0170,0.164637,0.164877,0.000240,in_band
2026-07-08T08:55:59Z,90.9987,0.159328,0.159560,0.000232,in_band
2026-07-08T08:56:00Z,90.9987,0.159239,0.159471,0.000232,in_band
2026-07-08T08:56:59Z,90.9804,0.154104,0.154329,0.000225,in_band
2026-07-08T08:57:00Z,90.9804,0.154019,0.154243,0.000225,in_band
2026-07-08T08:57:59Z,90.9682,0.149052,0.149270,0.000217,in_band
2026-07-08T08:58:00Z,90.9682,0.148969,0.149187,0.000217,in_band
2026-07-08T08:58:59Z,90.9133,0.144166,0.144376,0.000210,in_band
2026-07-08T08:59:00Z,90.9133,0.144086,0.144296,0.000210,in_band
2026-07-08T08:59:59Z,90.9087,0.139439,0.139643,0.000203,in_band
2026-07-08T09:00:00Z,90.9087,0.139362,0.139565,0.000203,in_band
2026-07-08T09:00:59Z,90.8858,0.134868,0.135065,0.000197,in_band
2026-07-08T09:01:00Z,90.8858,0.134793,0.134990,0.000197,in_band
2026-07-08T09:01:59Z,90.8934,0.130446,0.130637,0.000190,in_band
2026-07-08T09:02:00Z,90.8934,0.130374,0.130564,0.000190,in_band
2026-07-08T09:02:59Z,90.8812,0.126170,0.126354,0.000184,in_band
2026-07-08T09:03:00Z,90.8812,0.126100,0.126284,0.000184,in_band
2026-07-08T09:03:58Z,90.8080,0.122101,0.122279,0.000178,in_band
2026-07-08T09:04:00Z,90.8400,0.121966,0.122144,0.000178,in_band
2026-07-08T09:04:59Z,90.8354,0.118033,0.118205,0.000172,in_band
2026-07-08T09:05:00Z,90.8354,0.117967,0.118139,0.000172,in_band
2026-07-08T09:05:59Z,90.8309,0.114163,0.114330,0.000166,in_band
2026-07-08T09:06:00Z,90.8309,0.114100,0.114266,0.000166,in_band
2026-07-08T09:06:59Z,90.8339,0.110421,0.110582,0.000161,in_band
2026-07-08T09:07:00Z,90.8339,0.110359,0.110520,0.000161,in_band
2026-07-08T09:07:59Z,90.8110,0.106801,0.106956,0.000156,in_band
2026-07-08T09:08:00Z,90.8110,0.106741,0.106897,0.000156,in_band
2026-07-08T09:08:59Z,90.8080,0.103299,0.103450,0.000151,in_band
2026-07-08T09:09:00Z,90.8080,0.103242,0.103392,0.000151,in_band
2026-07-08T09:09:59Z,90.8125,0.099913,0.100058,0.000146,in_band
2026-07-08T09:10:00Z,90.8125,0.099857,0.100003,0.000146,in_band
2026-07-08T09:10:59Z,90.7897,0.096637,0.096778,0.000141,in_band
2026-07-08T09:11:00Z,90.7897,0.096583,0.096724,0.000141,in_band
2026-07-08T09:11:59Z,90.7805,0.093469,0.093605,0.000136,in_band
2026-07-08T09:12:00Z,90.7805,0.093417,0.093553,0.000136,in_band
2026-07-08T09:12:59Z,90.7393,0.090405,0.090537,0.000132,in_band
2026-07-08T09:13:00Z,90.7393,0.090354,0.090486,0.000132,in_band
2026-07-08T09:13:59Z,90.7485,0.087441,0.087568,0.000128,in_band
2026-07-08T09:14:00Z,90.7485,0.087392,0.087520,0.000127,in_band
2026-07-08T09:14:59Z,90.7973,0.084574,0.084698,0.000123,in_band
2026-07-08T09:15:00Z,90.7973,0.084527,0.084651,0.000123,in_band
2026-07-08T09:15:59Z,90.8659,0.081802,0.081921,0.000119,in_band
2026-07-08T09:16:00Z,90.8659,0.081756,0.081875,0.000119,in_band
2026-07-08T09:16:59Z,90.8659,0.079120,0.079235,0.000115,in_band
2026-07-08T09:17:00Z,90.8659,0.079076,0.079191,0.000115,in_band
2026-07-08T09:17:59Z,90.9133,0.076526,0.076638,0.000112,in_band
2026-07-08T09:18:00Z,90.9133,0.076483,0.076595,0.000112,in_band
2026-07-08T09:18:59Z,90.9071,0.074017,0.074125,0.000108,in_band
2026-07-08T09:19:00Z,90.9071,0.073976,0.074084,0.000108,in_band
2026-07-08T09:19:59Z,90.8888,0.071591,0.071695,0.000104,in_band
2026-07-08T09:20:00Z,90.8888,0.071551,0.071655,0.000104,in_band
2026-07-08T09:20:59Z,90.8904,0.069244,0.069345,0.000101,in_band
2026-07-08T09:21:00Z,90.8904,0.069205,0.069306,0.000101,in_band
2026-07-08T09:21:59Z,90.8904,0.066973,0.067071,0.000098,in_band
2026-07-08T09:22:00Z,90.8904,0.066936,0.067034,0.000098,in_band
2026-07-08T09:22:59Z,90.8751,0.064778,0.064872,0.000094,in_band
2026-07-08T09:23:00Z,90.8751,0.064742,0.064836,0.000094,in_band
2026-07-08T09:23:59Z,90.8431,0.062654,0.062746,0.000091,in_band
2026-07-08T09:24:00Z,90.8431,0.062619,0.062711,0.000091,in_band
2026-07-08T09:24:59Z,90.8156,0.060600,0.060688,0.000088,in_band
2026-07-08T09:25:00Z,90.8156,0.060566,0.060655,0.000088,in_band
2026-07-08T09:25:59Z,90.8080,0.058613,0.058699,0.000085,in_band
2026-07-08T09:26:00Z,90.8080,0.058581,0.058666,0.000085,in_band
2026-07-08T09:26:59Z,90.7698,0.056692,0.056774,0.000083,in_band
2026-07-08T09:27:00Z,90.7698,0.056660,0.056743,0.000083,in_band
2026-07-08T09:27:59Z,90.6935,0.054833,0.054913,0.000080,in_band
2026-07-08T09:28:00Z,90.6935,0.054803,0.054883,0.000080,in_band
2026-07-08T09:28:59Z,90.7057,0.053036,0.053113,0.000077,in_band
2026-07-08T09:29:00Z,90.7057,0.053006,0.053083,0.000077,in_band
2026-07-08T09:29:59Z,90.6279,0.051297,0.051372,0.000075,in_band
2026-07-08T09:30:00Z,90.6279,0.051268,0.051343,0.000075,in_band
2026-07-08T09:30:59Z,90.5638,0.049615,0.049688,0.000072,in_band
2026-07-08T09:31:00Z,90.5638,0.049588,0.049660,0.000072,in_band
2026-07-08T09:31:59Z,90.4631,0.047989,0.048059,0.000070,in_band
2026-07-08T09:32:00Z,90.4631,0.047962,0.048032,0.000070,in_band
2026-07-08T09:32:59Z,90.3304,0.046415,0.046483,0.000068,in_band
2026-07-08T09:33:00Z,90.3304,0.046390,0.046457,0.000068,in_band
2026-07-08T09:33:59Z,90.2907,0.044894,0.044959,0.000065,in_band
2026-07-08T09:34:00Z,90.2907,0.044869,0.044934,0.000065,in_band
2026-07-08T09:34:59Z,90.2083,0.043422,0.043485,0.000063,in_band
2026-07-08T09:35:00Z,90.2083,0.043398,0.043461,0.000063,in_band
2026-07-08T09:35:59Z,90.1701,0.041998,0.042060,0.000061,in_band
2026-07-08T09:36:00Z,90.1701,0.041975,0.042036,0.000061,in_band
2026-07-08T09:36:59Z,90.1564,0.040621,0.040681,0.000059,in_band
2026-07-08T09:37:00Z,90.1564,0.040599,0.040658,0.000059,in_band
2026-07-08T09:37:59Z,90.1534,0.039290,0.039347,0.000057,in_band
2026-07-08T09:38:00Z,90.1534,0.039268,0.039325,0.000057,in_band
2026-07-08T09:38:59Z,90.0618,0.038002,0.038057,0.000055,in_band
2026-07-08T09:39:46Z,90.0465,0.037022,0.037076,0.000054,in_band
2026-07-08T09:39:48Z,89.9886,0.036981,0.037095,0.000114,below_midpoint_feather
2026-07-08T09:40:10Z,90.0389,0.036532,0.036626,0.000094,in_band
2026-07-08T09:40:48Z,89.9886,0.035769,0.036039,0.000270,below_midpoint_feather
2026-07-08T09:41:06Z,90.0237,0.035413,0.035662,0.000249,in_band
2026-07-08T09:41:24Z,89.9641,0.035060,0.035648,0.000587,below_midpoint_feather
2026-07-08T09:42:24Z,90.0343,0.033987,0.034418,0.000431,in_band
2026-07-08T09:42:55Z,89.9687,0.033464,0.034215,0.000751,below_midpoint_feather
2026-07-08T09:43:00Z,90.0008,0.033464,0.034000,0.000536,in_band
2026-07-08T09:43:56Z,89.9886,0.032473,0.033199,0.000725,below_midpoint_feather
2026-07-08T09:44:14Z,89.9702,0.032348,0.033159,0.000811,below_midpoint_feather
2026-07-08T09:44:51Z,89.9977,0.032562,0.032889,0.000327,below_midpoint_feather
2026-07-08T09:45:14Z,89.9596,0.032401,0.033014,0.000613,below_midpoint_feather
2026-07-08T09:45:58Z,90.0099,0.032379,0.032641,0.000263,in_band
2026-07-08T09:46:12Z,89.9504,0.032406,0.032993,0.000587,below_midpoint_feather
2026-07-08T09:46:40Z,90.0389,0.032340,0.032503,0.000163,in_band
2026-07-08T09:47:26Z,90.0053,0.031561,0.031794,0.000233,in_band
2026-07-08T09:47:32Z,89.9977,0.031457,0.031760,0.000303,below_midpoint_feather
2026-07-08T09:48:02Z,90.0618,0.030938,0.031236,0.000298,in_band
2026-07-08T09:48:46Z,89.9931,0.030191,0.030591,0.000400,below_midpoint_feather
2026-07-08T09:49:08Z,90.0282,0.029825,0.030214,0.000389,in_band
2026-07-08T09:49:10Z,89.9779,0.029792,0.030283,0.000492,below_midpoint_feather
2026-07-08T09:50:00Z,90.0237,0.028976,0.029452,0.000476,in_band
2026-07-08T09:50:59Z,90.0984,0.028042,0.028503,0.000461,in_band
2026-07-08T09:51:00Z,90.0984,0.028026,0.028487,0.000461,in_band
2026-07-08T09:51:59Z,90.1534,0.027122,0.027568,0.000446,in_band
2026-07-08T09:52:00Z,90.1534,0.027107,0.027553,0.000446,in_band
2026-07-08T09:52:59Z,90.1564,0.026233,0.026665,0.000432,in_band
2026-07-08T09:53:00Z,90.1564,0.026219,0.026650,0.000431,in_band
2026-07-08T09:53:59Z,90.2220,0.025373,0.025791,0.000417,in_band
2026-07-08T09:54:00Z,90.2220,0.025359,0.025776,0.000417,in_band
2026-07-08T09:54:59Z,90.2205,0.024541,0.024945,0.000404,in_band
2026-07-08T09:55:00Z,90.2205,0.024528,0.024931,0.000404,in_band
2026-07-08T09:55:59Z,90.2220,0.023737,0.024127,0.000391,in_band
2026-07-08T09:56:00Z,90.2220,0.023724,0.024114,0.000390,in_band
2026-07-08T09:56:59Z,90.2205,0.022959,0.023336,0.000378,in_band
2026-07-08T09:57:00Z,90.2205,0.022946,0.023323,0.000377,in_band
2026-07-08T09:57:59Z,90.2846,0.022206,0.022571,0.000365,in_band
2026-07-08T09:58:00Z,90.2846,0.022194,0.022559,0.000365,in_band
2026-07-08T09:58:59Z,90.2983,0.021478,0.021831,0.000353,in_band
2026-07-08T09:59:00Z,90.2983,0.021466,0.021819,0.000353,in_band
2026-07-08T09:59:59Z,90.2998,0.020774,0.021115,0.000342,in_band
2026-07-08T10:00:00Z,90.2998,0.020762,0.021104,0.000342,in_band
2026-07-08T10:00:59Z,90.3120,0.020093,0.020423,0.000331,in_band
2026-07-08T10:01:00Z,90.3120,0.020082,0.020412,0.000330,in_band
2026-07-08T10:01:59Z,90.3136,0.019434,0.019754,0.000320,in_band
2026-07-08T10:02:00Z,90.3136,0.019423,0.019743,0.000320,in_band
2026-07-08T10:02:59Z,90.3136,0.018797,0.019106,0.000309,in_band
2026-07-08T10:03:00Z,90.3136,0.018786,0.019095,0.000309,in_band
2026-07-08T10:03:59Z,90.2983,0.018181,0.018480,0.000299,in_band
2026-07-08T10:04:00Z,90.2983,0.018171,0.018469,0.000299,in_band
2026-07-08T10:04:59Z,90.3136,0.017585,0.017874,0.000289,in_band
2026-07-08T10:05:00Z,90.3136,0.017575,0.017864,0.000289,in_band
2026-07-08T10:05:59Z,90.2983,0.017008,0.017288,0.000280,in_band
2026-07-08T10:06:00Z,90.2983,0.016999,0.017278,0.000280,in_band
2026-07-08T10:06:59Z,90.2220,0.016451,0.016721,0.000271,in_band
2026-07-08T10:07:00Z,90.2220,0.016441,0.016712,0.000270,in_band
2026-07-08T10:07:59Z,90.2342,0.015911,0.016173,0.000262,in_band
2026-07-08T10:08:00Z,90.2342,0.015902,0.016164,0.000262,in_band
2026-07-08T10:08:59Z,90.1900,0.015390,0.015643,0.000253,in_band
2026-07-08T10:09:00Z,90.1900,0.015381,0.015634,0.000253,in_band
2026-07-08T10:09:59Z,90.1030,0.014885,0.015130,0.000245,in_band
2026-07-08T10:10:00Z,90.1030,0.014877,0.015122,0.000245,in_band
2026-07-08T10:10:59Z,90.1305,0.014397,0.014634,0.000237,in_band
2026-07-08T10:11:00Z,90.1305,0.014389,0.014626,0.000237,in_band
2026-07-08T10:11:59Z,90.0893,0.013925,0.014154,0.000229,in_band
2026-07-08T10:12:00Z,90.0893,0.013917,0.014146,0.000229,in_band
2026-07-08T10:12:59Z,90.0801,0.013469,0.013690,0.000222,in_band
2026-07-08T10:13:00Z,90.0801,0.013461,0.013683,0.000221,in_band
2026-07-08T10:13:59Z,90.0664,0.013027,0.013241,0.000214,in_band
2026-07-08T10:14:00Z,90.0664,0.013020,0.013234,0.000214,in_band
2026-07-08T10:14:59Z,90.0969,0.012600,0.012807,0.000207,in_band
2026-07-08T10:15:00Z,90.0969,0.012593,0.012800,0.000207,in_band
2026-07-08T10:15:59Z,90.0526,0.012187,0.012387,0.000200,in_band
2026-07-08T10:16:00Z,90.0526,0.012180,0.012380,0.000200,in_band
2026-07-08T10:16:59Z,90.0740,0.011787,0.011981,0.000194,in_band
2026-07-08T10:17:00Z,90.0740,0.011781,0.011975,0.000194,in_band
2026-07-08T10:17:59Z,90.0282,0.011401,0.011588,0.000188,in_band
2026-07-08T10:18:20Z,90.0374,0.011269,0.011454,0.000185,in_band
2026-07-08T10:18:46Z,89.9886,0.011107,0.011346,0.000239,below_midpoint_feather
2026-07-08T10:19:51Z,89.9184,0.011286,0.012202,0.000916,below_midpoint_feather
2026-07-08T10:19:55Z,89.9825,0.011286,0.011298,0.000012,below_midpoint_feather
2026-07-08T10:20:02Z,89.9336,0.011239,0.011882,0.000643,below_midpoint_feather
2026-07-08T10:20:15Z,89.9733,0.011467,0.011361,-0.000107,below_midpoint_feather
2026-07-08T10:21:51Z,89.9107,0.011676,0.012457,0.000781,below_midpoint_feather
2026-07-08T10:21:59Z,89.9596,0.011857,0.011564,-0.000292,below_midpoint_feather
2026-07-08T10:22:47Z,89.9016,0.011821,0.012763,0.000942,below_midpoint_feather
2026-07-08T10:22:59Z,89.9458,0.012718,0.011818,-0.000900,below_midpoint_feather
2026-07-08T10:23:00Z,89.9458,0.012719,0.011819,-0.000900,below_midpoint_feather
2026-07-08T10:23:17Z,89.8695,0.012294,0.013850,0.001556,below_midpoint_feather
2026-07-08T10:24:19Z,89.8466,0.013231,0.014939,0.001708,below_midpoint_feather
2026-07-08T10:24:25Z,89.9016,0.013833,0.012993,-0.000840,below_midpoint_feather
2026-07-08T10:25:44Z,89.8329,0.014517,0.015944,0.001426,below_midpoint_feather
2026-07-08T10:25:57Z,89.8726,0.015785,0.014356,-0.001429,below_midpoint_feather
2026-07-08T10:26:01Z,89.8650,0.015808,0.014665,-0.001143,below_midpoint_feather
2026-07-08T10:26:49Z,89.8146,0.015294,0.017275,0.001981,below_midpoint_feather
2026-07-08T10:27:01Z,89.8009,0.015843,0.018109,0.002267,below_midpoint_feather
2026-07-08T10:27:49Z,89.8451,0.017556,0.016259,-0.001297,below_midpoint_feather
2026-07-08T10:28:21Z,89.8405,0.018009,0.016761,-0.001248,below_midpoint_feather
2026-07-08T10:28:45Z,89.7414,0.018841,0.022902,0.004060,below_midpoint_feather
2026-07-08T10:29:23Z,89.7719,0.022728,0.021240,-0.001488,below_midpoint_feather
2026-07-08T10:29:39Z,89.6773,0.023391,0.028878,0.005486,below_midpoint_feather
2026-07-08T10:30:36Z,89.6040,0.033436,0.037586,0.004150,below_midpoint_feather
2026-07-08T10:30:59Z,89.6361,0.036886,0.034849,-0.002036,below_midpoint_feather
2026-07-08T10:31:08Z,89.5811,0.036691,0.041284,0.004593,below_midpoint_feather
2026-07-08T10:31:25Z,89.6223,0.039359,0.037274,-0.002085,below_midpoint_feather
2026-07-08T10:32:46Z,89.4850,0.052306,0.058615,0.006309,below_midpoint_feather
2026-07-08T10:32:55Z,89.5354,0.060884,0.052131,-0.008753,below_midpoint_feather
2026-07-08T10:33:16Z,89.4347,0.063633,0.068264,0.004632,below_midpoint_feather
2026-07-08T10:33:21Z,89.4743,0.066117,0.062468,-0.003649,below_midpoint_feather
2026-07-08T10:34:23Z,89.4194,0.068311,0.076184,0.007873,below_midpoint_feather
2026-07-08T10:34:37Z,89.4606,0.075301,0.070864,-0.004437,below_midpoint_feather
2026-07-08T10:35:42Z,89.2226,0.113282,0.122247,0.008965,below_midpoint_feather
2026-07-08T10:35:55Z,89.2317,0.125208,0.121947,-0.003261,below_midpoint_feather
2026-07-08T10:36:06Z,89.1859,0.124721,0.133838,0.009117,below_midpoint_feather
2026-07-08T10:36:33Z,89.2653,0.130986,0.120679,-0.010307,below_midpoint_feather
2026-07-08T10:37:11Z,89.2332,0.142844,0.134248,-0.008596,below_midpoint_feather
2026-07-08T10:37:41Z,89.1356,0.150700,0.162672,0.011972,below_midpoint_feather
2026-07-08T10:38:15Z,89.1539,0.166330,0.165193,-0.001137,below_midpoint_feather
2026-07-08T10:38:48Z,89.1081,0.171246,0.183728,0.012482,below_midpoint_feather
2026-07-08T10:39:37Z,89.1417,0.193776,0.186724,-0.007052,below_midpoint_feather
2026-07-08T10:39:45Z,89.0669,0.194145,0.207703,0.013558,below_midpoint_feather
2026-07-08T10:40:23Z,89.0501,0.203501,0.221626,0.018126,below_midpoint_feather
2026-07-08T10:40:57Z,89.0761,0.230560,0.223488,-0.007072,below_midpoint_feather
2026-07-08T10:41:13Z,89.0501,0.227480,0.234727,0.007247,below_midpoint_feather
2026-07-08T10:41:51Z,89.1371,0.238778,0.222805,-0.015973,below_midpoint_feather
2026-07-08T10:42:31Z,89.1463,0.243196,0.231726,-0.011470,below_midpoint_feather
2026-07-08T10:42:37Z,89.1188,0.231891,0.240172,0.008281,below_midpoint_feather
2026-07-08T10:43:10Z,89.2363,0.229299,0.221547,-0.007753,below_midpoint_feather
2026-07-08T10:43:23Z,89.1905,0.229174,0.235081,0.005907,below_midpoint_feather
2026-07-08T10:44:21Z,89.2134,0.238789,0.243460,0.004670,below_midpoint_feather
2026-07-08T10:44:58Z,89.3233,0.237001,0.228496,-0.008505,below_midpoint_feather
2026-07-08T10:45:12Z,89.3324,0.236418,0.229555,-0.006863,below_midpoint_feather
2026-07-08T10:45:19Z,89.2882,0.231490,0.239601,0.008111,below_midpoint_feather
2026-07-08T10:46:13Z,89.2500,0.251570,0.257504,0.005934,below_midpoint_feather
2026-07-08T10:46:39Z,89.3431,0.249777,0.243548,-0.006228,below_midpoint_feather
2026-07-08T10:47:25Z,89.3431,0.244428,0.251297,0.006869,below_midpoint_feather
2026-07-08T10:47:54Z,89.4148,0.248367,0.243062,-0.005305,below_midpoint_feather
2026-07-08T10:48:09Z,89.3706,0.245551,0.252867,0.007316,below_midpoint_feather
2026-07-08T10:48:38Z,89.4972,0.245013,0.236420,-0.008593,below_midpoint_feather
2026-07-08T10:49:37Z,89.4423,0.244170,0.251482,0.007312,below_midpoint_feather
2026-07-08T10:49:45Z,89.5171,0.246572,0.241231,-0.005340,below_midpoint_feather
2026-07-08T10:50:43Z,89.5354,0.237762,0.244261,0.006498,below_midpoint_feather
2026-07-08T10:50:47Z,89.6208,0.238105,0.234344,-0.003761,below_midpoint_feather
2026-07-08T10:51:36Z,89.6803,0.235177,0.232035,-0.003142,below_midpoint_feather
2026-07-08T10:51:51Z,89.6223,0.234733,0.238699,0.003966,below_midpoint_feather
2026-07-08T10:52:35Z,89.7185,0.234060,0.232000,-0.002060,below_midpoint_feather
2026-07-08T10:52:43Z,89.6773,0.233237,0.235912,0.002675,below_midpoint_feather
2026-07-08T10:53:16Z,89.7917,0.230788,0.228628,-0.002161,below_midpoint_feather
2026-07-08T10:53:59Z,89.7124,0.232844,0.235588,0.002745,below_midpoint_feather
2026-07-08T10:54:19Z,89.7124,0.232740,0.236146,0.003406,below_midpoint_feather
2026-07-08T10:54:33Z,89.7673,0.233334,0.232455,-0.000879,below_midpoint_feather
2026-07-08T10:55:15Z,89.7734,0.230143,0.233065,0.002922,below_midpoint_feather
2026-07-08T10:55:19Z,89.8497,0.230227,0.229059,-0.001168,below_midpoint_feather
2026-07-08T10:56:13Z,89.8421,0.228662,0.230305,0.001643,below_midpoint_feather
2026-07-08T10:56:18Z,89.8726,0.229464,0.229133,-0.000332,below_midpoint_feather
2026-07-08T10:57:21Z,89.8680,0.228309,0.229918,0.001609,below_midpoint_feather
2026-07-08T10:57:37Z,89.8955,0.229475,0.229101,-0.000374,below_midpoint_feather
2026-07-08T10:58:17Z,89.9367,0.228937,0.228359,-0.000578,below_midpoint_feather
2026-07-08T10:58:43Z,89.8909,0.228442,0.229616,0.001174,below_midpoint_feather
2026-07-08T10:59:05Z,89.9229,0.228056,0.228864,0.000808,below_midpoint_feather
2026-07-08T10:59:42Z,90.0069,0.227703,0.227633,-0.000070,in_band
2026-07-08T11:00:05Z,89.9596,0.227734,0.227914,0.000181,below_midpoint_feather
2026-07-08T11:00:59Z,90.0145,0.227491,0.226110,-0.001381,in_band
2026-07-08T11:01:00Z,90.0145,0.227492,0.225985,-0.001507,in_band
2026-07-08T11:01:50Z,89.9870,0.223749,0.223043,-0.000706,below_midpoint_feather
2026-07-08T11:02:00Z,90.0191,0.222513,0.221787,-0.000726,in_band
2026-07-08T11:02:56Z,89.9870,0.216428,0.217189,0.000761,below_midpoint_feather
2026-07-08T11:03:20Z,90.0374,0.213564,0.214292,0.000728,in_band
2026-07-08T11:03:22Z,89.9916,0.213327,0.214302,0.000975,below_midpoint_feather
2026-07-08T11:04:26Z,90.0145,0.205878,0.206810,0.000932,in_band
2026-07-08T11:04:36Z,89.9977,0.204738,0.206123,0.001385,below_midpoint_feather
2026-07-08T11:05:24Z,90.0160,0.199351,0.200699,0.001348,in_band
2026-07-08T11:05:26Z,89.9825,0.199130,0.200743,0.001613,below_midpoint_feather
2026-07-08T11:06:00Z,90.0465,0.195404,0.196944,0.001540,in_band
2026-07-08T11:06:59Z,90.0435,0.189103,0.190593,0.001491,in_band
2026-07-08T11:07:02Z,90.0374,0.188788,0.190276,0.001488,in_band
2026-07-08T11:07:50Z,89.9977,0.183820,0.185682,0.001862,below_midpoint_feather
2026-07-08T11:08:08Z,90.0435,0.181991,0.183834,0.001843,in_band
2026-07-08T11:08:10Z,89.9931,0.181789,0.183840,0.002051,below_midpoint_feather
2026-07-08T11:09:04Z,90.0328,0.176416,0.178401,0.001984,in_band
2026-07-08T11:09:45Z,89.9687,0.172738,0.175786,0.003048,below_midpoint_feather
2026-07-08T11:10:26Z,90.0252,0.171403,0.173707,0.002304,in_band
2026-07-08T11:10:59Z,89.9825,0.168467,0.171641,0.003175,below_midpoint_feather
2026-07-08T11:11:08Z,90.0252,0.167627,0.170837,0.003210,in_band
2026-07-08T11:11:56Z,89.9794,0.163761,0.168074,0.004314,below_midpoint_feather
2026-07-08T11:12:13Z,89.9458,0.163222,0.167687,0.004464,below_midpoint_feather
2026-07-08T11:12:50Z,90.0114,0.162516,0.165791,0.003275,in_band
2026-07-08T11:13:02Z,89.9870,0.161593,0.165264,0.003671,below_midpoint_feather
2026-07-08T11:13:59Z,90.0893,0.156904,0.160270,0.003366,in_band
2026-07-08T11:14:00Z,90.0893,0.156817,0.160181,0.003364,in_band
2026-07-08T11:14:59Z,90.1305,0.151761,0.155017,0.003256,in_band
2026-07-08T11:15:00Z,90.1305,0.151676,0.154931,0.003254,in_band
2026-07-08T11:15:59Z,90.1884,0.146785,0.149935,0.003150,in_band
2026-07-08T11:16:00Z,90.1884,0.146704,0.149852,0.003148,in_band
2026-07-08T11:16:59Z,90.2770,0.141973,0.145020,0.003046,in_band
2026-07-08T11:17:00Z,90.2770,0.141894,0.144939,0.003045,in_band
2026-07-08T11:17:59Z,90.2403,0.137319,0.140265,0.002947,in_band
2026-07-08T11:18:00Z,90.2403,0.137243,0.140187,0.002945,in_band
2026-07-08T11:18:59Z,90.2480,0.132817,0.135667,0.002850,in_band
2026-07-08T11:19:00Z,90.2480,0.132743,0.135592,0.002848,in_band
2026-07-08T11:19:59Z,90.2480,0.128463,0.131219,0.002757,in_band
2026-07-08T11:20:00Z,90.2480,0.128391,0.131146,0.002755,in_band
2026-07-08T11:20:59Z,90.2525,0.124251,0.126917,0.002666,in_band
2026-07-08T11:21:00Z,90.2525,0.124182,0.126847,0.002665,in_band
2026-07-08T11:21:59Z,90.1976,0.120178,0.122757,0.002579,in_band
2026-07-08T11:22:00Z,90.1976,0.120111,0.122688,0.002577,in_band
2026-07-08T11:22:59Z,90.1808,0.116238,0.118732,0.002494,in_band
2026-07-08T11:23:00Z,90.1808,0.116173,0.118666,0.002493,in_band
2026-07-08T11:23:59Z,90.1350,0.112427,0.114840,0.002412,in_band
2026-07-08T11:24:00Z,90.1350,0.112365,0.114776,0.002411,in_band
2026-07-08T11:24:59Z,90.0526,0.108741,0.111075,0.002333,in_band
2026-07-08T11:25:00Z,90.0526,0.108681,0.111013,0.002332,in_band
2026-07-08T11:25:59Z,90.0389,0.105176,0.107433,0.002257,in_band
2026-07-08T11:26:25Z,89.9550,0.104194,0.106948,0.002754,below_midpoint_feather
2026-07-08T11:26:59Z,90.0069,0.104290,0.106366,0.002076,in_band
2026-07-08T11:27:11Z,89.9290,0.104372,0.107024,0.002652,below_midpoint_feather
2026-07-08T11:27:45Z,89.9657,0.104911,0.106485,0.001574,below_midpoint_feather
2026-07-08T11:28:44Z,89.8466,0.106193,0.109732,0.003538,below_midpoint_feather
2026-07-08T11:28:55Z,89.8909,0.106699,0.108107,0.001408,below_midpoint_feather
2026-07-08T11:29:09Z,89.8085,0.106971,0.111673,0.004702,below_midpoint_feather
2026-07-08T11:29:35Z,89.7963,0.110956,0.112472,0.001516,below_midpoint_feather
2026-07-08T11:30:40Z,89.5583,0.125932,0.135125,0.009193,below_midpoint_feather
2026-07-08T11:30:55Z,89.5674,0.133838,0.134379,0.000541,below_midpoint_feather
2026-07-08T11:31:19Z,89.5079,0.145413,0.143098,-0.002315,below_midpoint_feather
2026-07-08T11:31:36Z,89.3828,0.149953,0.163702,0.013748,below_midpoint_feather
2026-07-08T11:32:18Z,89.2424,0.180703,0.194344,0.013641,below_midpoint_feather
2026-07-08T11:32:43Z,89.2500,0.197443,0.195496,-0.001947,below_midpoint_feather
2026-07-08T11:33:26Z,89.0944,0.226501,0.238631,0.012130,below_midpoint_feather
2026-07-08T11:33:43Z,89.1325,0.237676,0.232210,-0.005467,below_midpoint_feather
2026-07-08T11:34:09Z,89.0822,0.251066,0.250528,-0.000537,below_midpoint_feather
2026-07-08T11:34:48Z,88.9662,0.280697,0.292314,0.011617,below_midpoint_feather
2026-07-08T11:35:17Z,88.9723,0.303534,0.298742,-0.004792,below_midpoint_feather
2026-07-08T11:35:24Z,88.8853,0.313039,0.327369,0.014330,below_midpoint_feather
2026-07-08T11:36:12Z,88.8151,0.350321,0.366596,0.016276,below_midpoint_feather
2026-07-08T11:36:25Z,88.8563,0.362698,0.357864,-0.004834,below_midpoint_feather
2026-07-08T11:37:08Z,88.7984,0.377436,0.394610,0.017174,below_midpoint_feather
2026-07-08T11:37:19Z,88.8212,0.397485,0.391521,-0.005964,below_midpoint_feather
2026-07-08T11:38:25Z,88.7572,0.422090,0.443617,0.021528,below_midpoint_feather
2026-07-08T11:38:51Z,88.7892,0.454117,0.444915,-0.009203,below_midpoint_feather
2026-07-08T11:39:21Z,88.7388,0.459145,0.477297,0.018151,below_midpoint_feather
2026-07-08T11:39:53Z,88.7785,0.486244,0.479147,-0.007098,below_midpoint_feather
2026-07-08T11:40:07Z,88.7800,0.496000,0.485660,-0.010340,below_midpoint_feather
2026-07-08T11:40:43Z,88.7205,0.507792,0.525134,0.017341,below_midpoint_feather
2026-07-08T11:41:25Z,88.7785,0.535954,0.526178,-0.009776,below_midpoint_feather
2026-07-08T11:41:49Z,88.7205,0.541938,0.559288,0.017351,below_midpoint_feather
2026-07-08T11:42:49Z,88.8106,0.567071,0.558630,-0.008441,below_midpoint_feather
2026-07-08T11:42:55Z,88.7526,0.563812,0.581790,0.017978,below_midpoint_feather
2026-07-08T11:43:01Z,88.7984,0.580723,0.568897,-0.011825,below_midpoint_feather
2026-07-08T11:43:09Z,88.7602,0.574106,0.586218,0.012112,below_midpoint_feather
2026-07-08T11:44:13Z,88.7877,0.587483,0.608468,0.020985,below_midpoint_feather
2026-07-08T11:44:29Z,88.8518,0.600778,0.594645,-0.006133,below_midpoint_feather
2026-07-08T11:45:19Z,88.8563,0.623505,0.616893,-0.006612,below_midpoint_feather
2026-07-08T11:45:53Z,88.8426,0.625408,0.637255,0.011847,below_midpoint_feather
2026-07-08T11:46:21Z,88.8029,0.648633,0.663271,0.014639,below_midpoint_feather
2026-07-08T11:46:25Z,88.8624,0.658105,0.645332,-0.012773,below_midpoint_feather
2026-07-08T11:47:09Z,88.9021,0.663451,0.652743,-0.010708,below_midpoint_feather
2026-07-08T11:47:45Z,88.8838,0.661643,0.674487,0.012844,below_midpoint_feather
2026-07-08T11:48:07Z,88.9082,0.664163,0.676255,0.012092,below_midpoint_feather
2026-07-08T11:48:12Z,88.9723,0.664900,0.659045,-0.005855,below_midpoint_feather
2026-07-08T11:49:24Z,89.0898,0.664106,0.655447,-0.008659,below_midpoint_feather
2026-07-08T11:49:39Z,89.0364,0.664355,0.675186,0.010831,below_midpoint_feather
2026-07-08T11:50:06Z,89.1539,0.665787,0.654268,-0.011519,below_midpoint_feather
2026-07-08T11:50:43Z,89.1035,0.662346,0.678335,0.015989,below_midpoint_feather
2026-07-08T11:51:01Z,89.1356,0.665807,0.675522,0.009716,below_midpoint_feather
2026-07-08T11:51:56Z,89.3477,0.649785,0.643883,-0.005901,below_midpoint_feather
2026-07-08T11:52:08Z,89.3599,0.647417,0.644282,-0.003135,below_midpoint_feather
2026-07-08T11:52:13Z,89.3111,0.643910,0.654562,0.010652,below_midpoint_feather
2026-07-08T11:53:05Z,89.3019,0.656610,0.666105,0.009496,below_midpoint_feather
2026-07-08T11:53:49Z,89.3797,0.661902,0.658781,-0.003120,below_midpoint_feather
2026-07-08T11:54:25Z,89.3431,0.660306,0.670924,0.010618,below_midpoint_feather
2026-07-08T11:54:29Z,89.4438,0.662228,0.654129,-0.008098,below_midpoint_feather
2026-07-08T11:55:15Z,89.4469,0.653599,0.659902,0.006303,below_midpoint_feather
2026-07-08T11:55:59Z,89.5064,0.658067,0.656116,-0.001951,below_midpoint_feather
2026-07-08T11:56:42Z,89.5674,0.654716,0.652430,-0.002286,below_midpoint_feather
2026-07-08T11:56:47Z,89.5293,0.651056,0.657790,0.006734,below_midpoint_feather
2026-07-08T11:57:13Z,89.5308,0.651856,0.659843,0.007987,below_midpoint_feather
2026-07-08T11:57:23Z,89.6071,0.652495,0.651306,-0.001189,below_midpoint_feather
2026-07-08T11:58:32Z,89.7169,0.647924,0.645520,-0.002404,below_midpoint_feather
2026-07-08T11:58:37Z,89.6361,0.645037,0.653249,0.008212,below_midpoint_feather
2026-07-08T11:59:04Z,89.7642,0.644449,0.643710,-0.000738,below_midpoint_feather
2026-07-08T11:59:27Z,89.7414,0.640992,0.646302,0.005310,below_midpoint_feather
2026-07-08T12:00:00Z,89.7826,0.640654,0.644622,0.003968,below_midpoint_feather
2026-07-08T12:00:28Z,89.8817,0.639964,0.640600,0.000636,below_midpoint_feather
2026-07-08T12:01:29Z,89.9321,0.637841,0.640229,0.002388,below_midpoint_feather
2026-07-08T12:01:58Z,90.0008,0.637736,0.638390,0.000654,in_band
2026-07-08T12:02:01Z,89.9886,0.637698,0.638428,0.000730,below_midpoint_feather
2026-07-08T12:02:22Z,90.0206,0.637850,0.635687,-0.002163,in_band
2026-07-08T12:03:00Z,90.0435,0.626006,0.624606,-0.001399,in_band
2026-07-08T12:03:59Z,90.1976,0.605909,0.604550,-0.001359,in_band
2026-07-08T12:04:00Z,90.1976,0.605573,0.604215,-0.001358,in_band
2026-07-08T12:04:59Z,90.2586,0.586079,0.584762,-0.001316,in_band
2026-07-08T12:05:00Z,90.2586,0.585754,0.584438,-0.001316,in_band
2026-07-08T12:05:59Z,90.2998,0.566878,0.565604,-0.001274,in_band
2026-07-08T12:06:00Z,90.2998,0.566563,0.565290,-0.001273,in_band
2026-07-08T12:06:59Z,90.3944,0.548298,0.547065,-0.001232,in_band
2026-07-08T12:07:00Z,90.3944,0.547993,0.546762,-0.001232,in_band
2026-07-08T12:07:59Z,90.4311,0.530324,0.529132,-0.001192,in_band
2026-07-08T12:08:00Z,90.4311,0.530030,0.528838,-0.001191,in_band
2026-07-08T12:08:59Z,90.4692,0.512938,0.511786,-0.001153,in_band
2026-07-08T12:09:00Z,90.4692,0.512654,0.511501,-0.001152,in_band
2026-07-08T12:09:59Z,90.4814,0.496123,0.495008,-0.001115,in_band
2026-07-08T12:10:00Z,90.4814,0.495847,0.494733,-0.001114,in_band
2026-07-08T12:10:59Z,90.4631,0.479858,0.478779,-0.001079,in_band
2026-07-08T12:11:00Z,90.4631,0.479592,0.478513,-0.001078,in_band
2026-07-08T12:11:59Z,90.3731,0.464127,0.463083,-0.001043,in_band
2026-07-08T12:12:00Z,90.3731,0.463869,0.462826,-0.001043,in_band
2026-07-08T12:12:59Z,90.2663,0.448911,0.447902,-0.001009,in_band
2026-07-08T12:13:00Z,90.2663,0.448661,0.447653,-0.001009,in_band
2026-07-08T12:13:59Z,90.1442,0.434194,0.433218,-0.000976,in_band
2026-07-08T12:14:00Z,90.1442,0.433952,0.432977,-0.000976,in_band
2026-07-08T12:14:59Z,90.0481,0.419959,0.419015,-0.000944,in_band
2026-07-08T12:15:00Z,90.0481,0.419726,0.418782,-0.000944,in_band
2026-07-08T12:15:59Z,89.9275,0.414978,0.415826,0.000847,below_midpoint_feather
2026-07-08T12:16:17Z,89.9565,0.415581,0.415352,-0.000228,below_midpoint_feather
2026-07-08T12:16:53Z,89.8604,0.416167,0.417884,0.001717,below_midpoint_feather
2026-07-08T12:17:23Z,89.8863,0.417483,0.417009,-0.000474,below_midpoint_feather
2026-07-08T12:17:27Z,89.8192,0.417198,0.419832,0.002634,below_midpoint_feather
2026-07-08T12:18:20Z,89.7536,0.420426,0.424079,0.003653,below_midpoint_feather
2026-07-08T12:18:49Z,89.7917,0.423831,0.421868,-0.001963,below_midpoint_feather
2026-07-08T12:19:06Z,89.7230,0.424024,0.426808,0.002784,below_midpoint_feather
2026-07-08T12:19:57Z,89.7078,0.430643,0.428934,-0.001709,below_midpoint_feather
2026-07-08T12:20:47Z,89.6437,0.431181,0.436081,0.004899,below_midpoint_feather
2026-07-08T12:20:55Z,89.7078,0.433493,0.430388,-0.003105,below_midpoint_feather
2026-07-08T12:21:01Z,89.6452,0.433086,0.436314,0.003228,below_midpoint_feather
2026-07-08T12:21:55Z,89.7078,0.435581,0.432192,-0.003388,below_midpoint_feather
2026-07-08T12:22:07Z,89.6529,0.433445,0.437570,0.004125,below_midpoint_feather
2026-07-08T12:22:17Z,89.7215,0.434172,0.431782,-0.002389,below_midpoint_feather
2026-07-08T12:23:11Z,89.6803,0.434054,0.436997,0.002943,below_midpoint_feather
2026-07-08T12:23:31Z,89.7185,0.436929,0.434360,-0.002569,below_midpoint_feather
2026-07-08T12:24:33Z,89.7597,0.434959,0.433169,-0.001791,below_midpoint_feather
2026-07-08T12:24:53Z,89.7398,0.432361,0.435123,0.002762,below_midpoint_feather
2026-07-08T12:25:01Z,89.8054,0.431986,0.431084,-0.000901,below_midpoint_feather
2026-07-08T12:25:33Z,89.7673,0.431821,0.434146,0.002325,below_midpoint_feather
2026-07-08T12:26:04Z,89.8634,0.430575,0.429702,-0.000873,below_midpoint_feather
2026-07-08T12:26:13Z,89.8360,0.429522,0.431029,0.001507,below_midpoint_feather
2026-07-08T12:27:26Z,89.9886,0.428077,0.428036,-0.000041,below_midpoint_feather
2026-07-08T12:27:29Z,89.9092,0.428098,0.429210,0.001112,below_midpoint_feather
2026-07-08T12:28:07Z,89.9413,0.427861,0.428725,0.000864,below_midpoint_feather
2026-07-08T12:28:59Z,90.0099,0.427927,0.426237,-0.001691,in_band
2026-07-08T12:29:00Z,90.0099,0.427929,0.426002,-0.001927,in_band
2026-07-08T12:29:56Z,89.9977,0.416245,0.416702,0.000458,below_midpoint_feather
2026-07-08T12:30:02Z,90.0099,0.414863,0.415319,0.000456,in_band
2026-07-08T12:30:29Z,89.9641,0.410317,0.412756,0.002440,below_midpoint_feather
2026-07-08T12:31:39Z,89.8970,0.412318,0.413669,0.001350,below_midpoint_feather
2026-07-08T12:31:52Z,89.8268,0.412769,0.416449,0.003680,below_midpoint_feather
2026-07-08T12:32:17Z,89.8726,0.414457,0.414571,0.000114,below_midpoint_feather
2026-07-08T12:32:21Z,89.8009,0.413642,0.417918,0.004276,below_midpoint_feather
2026-07-08T12:33:09Z,89.7307,0.423666,0.422951,-0.000715,below_midpoint_feather
2026-07-08T12:33:50Z,89.6345,0.427208,0.432317,0.005110,below_midpoint_feather
2026-07-08T12:34:05Z,89.6986,0.427111,0.426590,-0.000521,below_midpoint_feather
2026-07-08T12:34:44Z,89.5247,0.437429,0.446951,0.009522,below_midpoint_feather
2026-07-08T12:35:07Z,89.5445,0.445650,0.445256,-0.000394,below_midpoint_feather
2026-07-08T12:35:42Z,89.3507,0.466343,0.477659,0.011316,below_midpoint_feather
2026-07-08T12:36:30Z,89.2500,0.490295,0.502062,0.011768,below_midpoint_feather
2026-07-08T12:36:49Z,89.2912,0.504650,0.495860,-0.008790,below_midpoint_feather
2026-07-08T12:37:11Z,89.2515,0.509704,0.507210,-0.002494,below_midpoint_feather
2026-07-08T12:37:30Z,89.1783,0.512990,0.526564,0.013575,below_midpoint_feather
2026-07-08T12:38:18Z,89.1325,0.535839,0.546254,0.010415,below_midpoint_feather
2026-07-08T12:38:45Z,89.2515,0.535956,0.524458,-0.011498,below_midpoint_feather
2026-07-08T12:39:09Z,89.1646,0.532751,0.549117,0.016365,below_midpoint_feather
2026-07-08T12:39:13Z,89.2470,0.534945,0.531345,-0.003600,below_midpoint_feather
2026-07-08T12:40:10Z,89.1768,0.546643,0.558786,0.012143,below_midpoint_feather
2026-07-08T12:40:21Z,89.2042,0.562604,0.554709,-0.007895,below_midpoint_feather
2026-07-08T12:41:15Z,89.1081,0.589720,0.589499,-0.000220,below_midpoint_feather
2026-07-08T12:41:38Z,88.9860,0.608455,0.628082,0.019627,below_midpoint_feather
2026-07-08T12:42:23Z,88.8746,0.674066,0.674373,0.000307,below_midpoint_feather
2026-07-08T12:42:32Z,88.7755,0.686846,0.710390,0.023544,below_midpoint_feather
2026-07-08T12:43:28Z,88.5649,0.787080,0.812405,0.025324,below_midpoint_feather
2026-07-08T12:43:35Z,88.6107,0.798856,0.797423,-0.001433,below_midpoint_feather
2026-07-08T12:44:17Z,88.5100,0.867645,0.861758,-0.005886,below_midpoint_feather
2026-07-08T12:44:48Z,88.4077,0.904195,0.925273,0.021078,below_midpoint_feather
2026-07-08T12:45:36Z,88.3345,0.964014,0.991344,0.027330,below_midpoint_feather
2026-07-08T12:45:45Z,88.3818,0.980711,0.978168,-0.002543,below_midpoint_feather
2026-07-08T12:46:00Z,88.3680,0.984758,0.995991,0.011233,below_midpoint_feather
2026-07-08T12:46:05Z,88.3909,0.994631,0.990267,-0.004364,below_midpoint_feather
2026-07-08T12:47:00Z,88.3803,1.000000,1.000000,0.000000,below_midpoint_feather
2026-07-08T12:48:00Z,88.4550,1.000000,1.000000,0.000000,below_midpoint_feather
2026-07-08T12:49:00Z,88.5725,1.000000,1.000000,0.000000,below_midpoint_feather
2026-07-08T12:50:00Z,88.6152,1.000000,1.000000,0.000000,below_midpoint_feather
2026-07-08T12:51:00Z,88.7327,1.000000,1.000000,0.000000,below_midpoint_feather
2026-07-08T12:52:00Z,88.7877,1.000000,1.000000,0.000000,below_midpoint_feather
2026-07-08T12:53:00Z,88.8808,1.000000,1.000000,0.000000,below_midpoint_feather
2026-07-08T12:54:00Z,88.9525,1.000000,1.000000,0.000000,below_midpoint_feather
2026-07-08T12:55:00Z,89.0455,1.000000,1.000000,0.000000,below_midpoint_feather
2026-07-08T12:56:00Z,89.1737,1.000000,1.000000,0.000000,below_midpoint_feather
2026-07-08T12:57:00Z,89.3370,1.000000,1.000000,0.000000,below_midpoint_feather
2026-07-08T12:58:00Z,89.4621,1.000000,1.000000,0.000000,below_midpoint_feather
2026-07-08T12:59:00Z,89.5811,1.000000,1.000000,0.000000,below_midpoint_feather
2026-07-08T13:00:00Z,89.7322,1.000000,1.000000,0.000000,below_midpoint_feather
2026-07-08T13:00:51Z,89.9062,1.000000,0.999118,-0.000882,below_midpoint_feather
2026-07-08T13:01:45Z,89.9519,0.999083,0.999374,0.000291,below_midpoint_feather
2026-07-08T13:01:54Z,90.0206,0.999145,0.996957,-0.002189,in_band
2026-07-08T13:02:00Z,89.9779,0.999214,0.997104,-0.002110,below_midpoint_feather
2026-07-08T13:02:06Z,90.0114,0.999280,0.994890,-0.004390,in_band
2026-07-08T13:03:00Z,90.1106,0.970150,0.965866,-0.004284,in_band
2026-07-08T13:03:59Z,90.1900,0.939041,0.934883,-0.004157,in_band
2026-07-08T13:04:00Z,90.1900,0.938521,0.934366,-0.004155,in_band
2026-07-08T13:04:59Z,90.2815,0.908322,0.904297,-0.004025,in_band
2026-07-08T13:05:00Z,90.2815,0.907818,0.903795,-0.004023,in_band
2026-07-08T13:05:59Z,90.3304,0.878568,0.874673,-0.003895,in_band
2026-07-08T13:06:00Z,90.3304,0.878080,0.874188,-0.003893,in_band
2026-07-08T13:06:59Z,90.4173,0.849774,0.846007,-0.003768,in_band
2026-07-08T13:07:00Z,90.4173,0.849302,0.845537,-0.003766,in_band
2026-07-08T13:07:59Z,90.4234,0.821919,0.818274,-0.003644,in_band
2026-07-08T13:08:00Z,90.4234,0.821462,0.817820,-0.003642,in_band
2026-07-08T13:08:59Z,90.4448,0.794974,0.791449,-0.003525,in_band
2026-07-08T13:09:00Z,90.4448,0.794533,0.791010,-0.003523,in_band
2026-07-08T13:09:59Z,90.4189,0.768912,0.765503,-0.003409,in_band
2026-07-08T13:10:00Z,90.4189,0.768485,0.765078,-0.003407,in_band
2026-07-08T13:10:59Z,90.4234,0.743705,0.740407,-0.003298,in_band
2026-07-08T13:11:00Z,90.4234,0.743291,0.739996,-0.003295,in_band
2026-07-08T13:11:59Z,90.4189,0.719323,0.716134,-0.003189,in_band
2026-07-08T13:12:00Z,90.4189,0.718924,0.715736,-0.003188,in_band
2026-07-08T13:12:59Z,90.4494,0.695741,0.692656,-0.003085,in_band
2026-07-08T13:13:00Z,90.4494,0.695355,0.692271,-0.003083,in_band
2026-07-08T13:13:59Z,90.4646,0.672932,0.669948,-0.002984,in_band
2026-07-08T13:14:00Z,90.4646,0.672558,0.669576,-0.002982,in_band
2026-07-08T13:14:59Z,90.4921,0.650871,0.647985,-0.002886,in_band
2026-07-08T13:15:00Z,90.4921,0.650509,0.647625,-0.002884,in_band
2026-07-08T13:15:59Z,90.5272,0.629533,0.626741,-0.002791,in_band
2026-07-08T13:16:00Z,90.5272,0.629183,0.626393,-0.002790,in_band
2026-07-08T13:16:59Z,90.6096,0.608894,0.606194,-0.002700,in_band
2026-07-08T13:17:00Z,90.6096,0.608556,0.605857,-0.002698,in_band
2026-07-08T13:17:59Z,90.6432,0.588932,0.586321,-0.002611,in_band
2026-07-08T13:18:00Z,90.6432,0.588605,0.585995,-0.002610,in_band
2026-07-08T13:18:59Z,90.7118,0.569625,0.567099,-0.002526,in_band
2026-07-08T13:19:00Z,90.7118,0.569308,0.566784,-0.002524,in_band
2026-07-08T13:19:59Z,90.8217,0.550950,0.548507,-0.002443,in_band
2026-07-08T13:20:00Z,90.8217,0.550644,0.548202,-0.002442,in_band
2026-07-08T13:20:59Z,90.9773,0.532888,0.530525,-0.002363,in_band
2026-07-08T13:21:00Z,90.9773,0.532592,0.530230,-0.002362,in_band
2026-07-08T13:21:59Z,91.0872,0.515418,0.513132,-0.002285,in_band
2026-07-08T13:22:00Z,91.0872,0.515131,0.512847,-0.002284,in_band
2026-07-08T13:22:59Z,91.2001,0.498520,0.496310,-0.002210,in_band
2026-07-08T13:23:00Z,91.2001,0.498243,0.496034,-0.002209,in_band
2026-07-08T13:23:59Z,91.3664,0.482177,0.480039,-0.002138,in_band
2026-07-08T13:24:00Z,91.3664,0.481909,0.479772,-0.002137,in_band
2026-07-08T13:24:59Z,91.4992,0.466369,0.464301,-0.002068,in_band
2026-07-08T13:25:00Z,91.4992,0.466110,0.464043,-0.002067,in_band
2026-07-08T13:25:03Z,91.5480,0.465334,0.443559,-0.021775,above_band_high
2026-07-08T13:26:46Z,91.7967,0.350026,0.332193,-0.017834,above_band_high
2026-07-08T13:26:51Z,91.7510,0.343500,0.351012,0.007512,above_band_high
2026-07-08T13:27:12Z,91.8547,0.328430,0.303253,-0.025176,above_band_high
2026-07-08T13:27:27Z,91.8044,0.307952,0.321727,0.013775,above_band_high
2026-07-08T13:28:01Z,91.8730,0.275756,0.284071,0.008315,above_band_high
2026-07-08T13:28:14Z,91.9509,0.264261,0.247101,-0.017160,above_band_high
2026-07-08T13:29:55Z,92.0027,0.177064,0.185946,0.008882,above_band_high
2026-07-08T13:29:59Z,92.0836,0.173923,0.149597,-0.024326,above_band_high
2026-07-08T13:30:09Z,92.0333,0.153632,0.166361,0.012728,above_band_high
2026-07-08T13:30:25Z,92.1019,0.153674,0.129241,-0.024434,above_band_high
2026-07-08T13:31:15Z,92.1035,0.119810,0.102400,-0.017410,above_band_high
2026-07-08T13:31:23Z,92.0623,0.105029,0.115605,0.010576,above_band_high
2026-07-08T13:32:05Z,92.0333,0.093976,0.104514,0.010537,above_band_high
2026-07-08T13:32:55Z,92.0760,0.076917,0.058126,-0.018791,above_band_high
2026-07-08T13:33:37Z,92.0333,0.069268,0.053115,-0.016152,above_band_high
2026-07-08T13:33:43Z,91.9799,0.060793,0.072645,0.011852,above_band_high
2026-07-08T13:34:01Z,92.0012,0.064749,0.053846,-0.010903,above_band_high
2026-07-08T13:34:42Z,91.9158,0.057000,0.068990,0.011990,above_band_high
2026-07-08T13:35:15Z,91.9417,0.057539,0.041684,-0.015855,above_band_high
2026-07-08T13:35:42Z,91.8456,0.053346,0.070142,0.016796,above_band_high
2026-07-08T13:36:30Z,91.7861,0.059346,0.075062,0.015716,above_band_high
2026-07-08T13:36:51Z,91.8151,0.069305,0.054544,-0.014760,above_band_high
2026-07-08T13:37:35Z,91.7403,0.083172,0.071248,-0.011924,above_band_high
2026-07-08T13:37:58Z,91.6533,0.089245,0.101538,0.012293,above_band_high
2026-07-08T13:38:15Z,91.6732,0.100911,0.088582,-0.012329,above_band_high
2026-07-08T13:38:34Z,91.5770,0.108054,0.125134,0.017080,above_band_high
2026-07-08T13:39:05Z,91.5770,0.130541,0.119173,-0.011367,above_band_high
2026-07-08T13:39:14Z,91.5160,0.127107,0.143775,0.016669,above_band_high
2026-07-08T13:41:53Z,91.5129,0.132273,0.125780,-0.006493,above_band_high
2026-07-08T13:41:59Z,91.4748,0.131760,0.130863,-0.000897,in_band
2026-07-08T13:42:08Z,91.4931,0.131006,0.130259,-0.000748,in_band
2026-07-08T13:42:11Z,91.5587,0.130759,0.105187,-0.025572,above_band_high
2026-07-08T13:43:43Z,91.5908,0.083557,0.088470,0.004913,above_band_high
2026-07-08T13:43:51Z,91.6823,0.083703,0.048880,-0.034823,above_band_high
2026-07-08T13:44:11Z,91.6045,0.068615,0.080568,0.011953,above_band_high
2026-07-08T13:44:44Z,91.6487,0.069536,0.058586,-0.010950,above_band_high
2026-07-08T13:45:11Z,91.5679,0.079712,0.090194,0.010482,above_band_high
2026-07-08T13:45:35Z,91.5984,0.091541,0.074677,-0.016864,above_band_high
2026-07-08T13:46:01Z,91.5389,0.081272,0.097604,0.016331,above_band_high
2026-07-08T13:46:07Z,91.5679,0.091794,0.084686,-0.007108,above_band_high
2026-07-08T13:48:15Z,91.2474,0.103446,0.102347,-0.001099,in_band
2026-07-08T13:48:59Z,91.1772,0.100488,0.099434,-0.001054,in_band
2026-07-08T13:49:00Z,91.1772,0.100425,0.099372,-0.001053,in_band
2026-07-08T13:49:59Z,90.9987,0.096925,0.095917,-0.001008,in_band
2026-07-08T13:50:00Z,90.9987,0.096868,0.095861,-0.001007,in_band
2026-07-08T13:50:59Z,90.7515,0.093647,0.092677,-0.000971,in_band
2026-07-08T13:51:00Z,90.7515,0.093594,0.092624,-0.000970,in_band
2026-07-08T13:51:59Z,90.5013,0.090540,0.089603,-0.000937,in_band
2026-07-08T13:52:00Z,90.5013,0.090490,0.089553,-0.000937,in_band
2026-07-08T13:52:59Z,90.2388,0.087558,0.086652,-0.000906,in_band
2026-07-08T13:53:00Z,90.2388,0.087510,0.086604,-0.000906,in_band
2026-07-08T13:53:59Z,90.0847,0.084683,0.083806,-0.000876,in_band
2026-07-08T13:54:00Z,90.0847,0.084636,0.083760,-0.000876,in_band
2026-07-08T13:54:58Z,89.8451,0.085567,0.086155,0.000588,below_midpoint_feather
2026-07-08T13:55:06Z,89.7917,0.086837,0.088920,0.002083,below_midpoint_feather
2026-07-08T13:55:51Z,89.7536,0.092456,0.091601,-0.000855,below_midpoint_feather
2026-07-08T13:56:34Z,89.6300,0.099394,0.103044,0.003650,below_midpoint_feather
2026-07-08T13:56:49Z,89.6574,0.102518,0.100591,-0.001927,below_midpoint_feather
2026-07-08T13:57:31Z,89.6040,0.111945,0.107509,-0.004436,below_midpoint_feather
2026-07-08T13:57:52Z,89.4835,0.116278,0.124051,0.007774,below_midpoint_feather
2026-07-08T13:58:30Z,89.3156,0.144486,0.154937,0.010450,below_midpoint_feather
2026-07-08T13:58:37Z,89.3294,0.155799,0.152827,-0.002972,below_midpoint_feather
2026-07-08T13:59:35Z,89.0867,0.219748,0.214564,-0.005184,below_midpoint_feather
2026-07-08T13:59:44Z,88.9754,0.227450,0.246879,0.019429,below_midpoint_feather
2026-07-08T14:00:29Z,88.8838,0.291852,0.285503,-0.006349,below_midpoint_feather
2026-07-08T14:00:36Z,88.8151,0.294377,0.310058,0.015682,below_midpoint_feather
2026-07-08T14:01:24Z,88.6641,0.354433,0.381367,0.026933,below_midpoint_feather
2026-07-08T14:01:57Z,88.6000,0.428354,0.421075,-0.007279,below_midpoint_feather
2026-07-08T14:02:18Z,88.4413,0.475284,0.498305,0.023022,below_midpoint_feather
2026-07-08T14:02:55Z,88.3543,0.564883,0.558520,-0.006362,below_midpoint_feather
2026-07-08T14:03:02Z,88.2979,0.565845,0.587565,0.021720,below_midpoint_feather
2026-07-08T14:03:43Z,88.3040,0.634039,0.617213,-0.016826,below_midpoint_feather
2026-07-08T14:04:00Z,88.2902,0.646635,0.637749,-0.008885,below_midpoint_feather
2026-07-08T14:04:26Z,88.2399,0.662732,0.682616,0.019884,below_midpoint_feather
2026-07-08T14:05:29Z,88.3909,0.685872,0.676529,-0.009343,below_midpoint_feather
2026-07-08T14:05:41Z,88.3345,0.696219,0.711584,0.015365,below_midpoint_feather
2026-07-08T14:06:13Z,88.3268,0.729838,0.743865,0.014028,below_midpoint_feather
2026-07-08T14:06:27Z,88.3848,0.740530,0.731781,-0.008749,below_midpoint_feather
2026-07-08T14:07:17Z,88.4443,0.739630,0.751018,0.011388,below_midpoint_feather
2026-07-08T14:07:38Z,88.5542,0.734326,0.722558,-0.011767,below_midpoint_feather
2026-07-08T14:08:32Z,88.7282,0.718691,0.697985,-0.020706,below_midpoint_feather
2026-07-08T14:08:39Z,88.6702,0.714095,0.724518,0.010423,below_midpoint_feather
2026-07-08T14:09:02Z,88.7785,0.711816,0.701093,-0.010723,below_midpoint_feather
2026-07-08T14:09:33Z,88.8121,0.701022,0.709035,0.008013,below_midpoint_feather
2026-07-08T14:10:14Z,88.9937,0.688059,0.674789,-0.013270,below_midpoint_feather
2026-07-08T14:10:21Z,88.9433,0.681664,0.693030,0.011366,below_midpoint_feather
2026-07-08T14:11:04Z,89.1035,0.676860,0.667603,-0.009257,below_midpoint_feather
2026-07-08T14:11:05Z,89.0410,0.677269,0.684512,0.007243,below_midpoint_feather
2026-07-08T14:12:10Z,89.2226,0.673848,0.662350,-0.011498,below_midpoint_feather
2026-07-08T14:12:15Z,89.1783,0.665191,0.673908,0.008716,below_midpoint_feather
2026-07-08T14:13:16Z,89.4057,0.650173,0.643634,-0.006540,below_midpoint_feather
2026-07-08T14:13:33Z,89.3889,0.641492,0.649941,0.008448,below_midpoint_feather
2026-07-08T14:14:11Z,89.4667,0.639672,0.643666,0.003994,below_midpoint_feather
2026-07-08T14:14:48Z,89.5613,0.639964,0.635468,-0.004496,below_midpoint_feather
2026-07-08T14:15:08Z,89.5705,0.639987,0.636542,-0.003445,below_midpoint_feather
2026-07-08T14:15:11Z,89.5445,0.637402,0.640116,0.002714,below_midpoint_feather
2026-07-08T14:16:07Z,89.5766,0.636869,0.641019,0.004150,below_midpoint_feather
2026-07-08T14:16:30Z,89.6315,0.639045,0.636480,-0.002565,below_midpoint_feather
2026-07-08T14:17:12Z,89.6681,0.638449,0.635468,-0.002981,below_midpoint_feather
2026-07-08T14:17:53Z,89.6666,0.634116,0.637744,0.003627,below_midpoint_feather
2026-07-08T14:18:30Z,89.7414,0.636583,0.632991,-0.003592,below_midpoint_feather
2026-07-08T14:18:53Z,89.6941,0.634824,0.637611,0.002788,below_midpoint_feather
2026-07-08T14:19:09Z,89.7230,0.633356,0.635723,0.002366,below_midpoint_feather
2026-07-08T14:19:39Z,89.7963,0.636113,0.631580,-0.004534,below_midpoint_feather
2026-07-08T14:20:13Z,89.7368,0.634819,0.636421,0.001602,below_midpoint_feather
2026-07-08T14:20:31Z,89.7917,0.635776,0.633167,-0.002608,below_midpoint_feather
2026-07-08T14:21:05Z,89.7368,0.635911,0.637607,0.001696,below_midpoint_feather
2026-07-08T14:21:41Z,89.8146,0.636359,0.633395,-0.002964,below_midpoint_feather
2026-07-08T14:22:29Z,89.7826,0.638320,0.636163,-0.002158,below_midpoint_feather
2026-07-08T14:22:54Z,89.7002,0.640473,0.642705,0.002232,below_midpoint_feather
2026-07-08T14:23:07Z,89.6712,0.641807,0.645560,0.003753,below_midpoint_feather
2026-07-08T14:23:41Z,89.7307,0.643552,0.641266,-0.002286,below_midpoint_feather
2026-07-08T14:24:15Z,89.6986,0.647655,0.644720,-0.002935,below_midpoint_feather
2026-07-08T14:24:27Z,89.6223,0.647547,0.652412,0.004865,below_midpoint_feather
2026-07-08T14:25:21Z,89.6712,0.654771,0.649229,-0.005541,below_midpoint_feather
2026-07-08T14:25:38Z,89.5750,0.656071,0.660174,0.004103,below_midpoint_feather
2026-07-08T14:26:35Z,89.5659,0.666651,0.663868,-0.002783,below_midpoint_feather
2026-07-08T14:26:54Z,89.4896,0.670086,0.675146,0.005060,below_midpoint_feather
2026-07-08T14:27:47Z,89.5109,0.681012,0.675736,-0.005276,below_midpoint_feather
2026-07-08T14:27:53Z,89.4209,0.682631,0.689883,0.007253,below_midpoint_feather
2026-07-08T14:28:23Z,89.4621,0.694138,0.685867,-0.008271,below_midpoint_feather
2026-07-08T14:28:49Z,89.3660,0.696309,0.704340,0.008031,below_midpoint_feather
2026-07-08T14:29:37Z,89.3111,0.723667,0.719883,-0.003784,below_midpoint_feather
2026-07-08T14:29:56Z,89.2241,0.730757,0.740447,0.009690,below_midpoint_feather
2026-07-08T14:30:44Z,89.0455,0.780676,0.791995,0.011318,below_midpoint_feather
2026-07-08T14:30:57Z,89.0532,0.797035,0.792515,-0.004520,below_midpoint_feather
2026-07-08T14:31:01Z,89.0532,0.801233,0.793368,-0.007865,below_midpoint_feather
2026-07-08T14:31:54Z,88.9113,0.834739,0.848003,0.013264,below_midpoint_feather
2026-07-08T14:32:11Z,88.9708,0.845309,0.835236,-0.010074,below_midpoint_feather
2026-07-08T14:32:41Z,88.8426,0.864366,0.884853,0.020487,below_midpoint_feather
2026-07-08T14:33:34Z,88.7388,0.921918,0.940313,0.018395,below_midpoint_feather
2026-07-08T14:33:57Z,88.7480,0.955396,0.946898,-0.008498,below_midpoint_feather
2026-07-08T14:34:55Z,88.7480,0.981613,0.974477,-0.007136,below_midpoint_feather
2026-07-08T14:34:59Z,88.6748,0.983595,1.000000,0.016405,below_midpoint_feather
2026-07-08T14:35:00Z,88.6748,0.984092,1.000000,0.015908,below_midpoint_feather
2026-07-08T14:35:21Z,88.7984,0.988075,0.970062,-0.018013,below_midpoint_feather
2026-07-08T14:36:00Z,88.7434,1.000000,1.000000,0.000000,below_midpoint_feather
2026-07-08T14:37:00Z,88.6290,1.000000,1.000000,0.000000,below_midpoint_feather
2026-07-08T14:38:00Z,88.7572,1.000000,1.000000,0.000000,below_midpoint_feather
2026-07-08T14:39:00Z,88.8655,1.000000,1.000000,0.000000,below_midpoint_feather
2026-07-08T14:40:00Z,88.8167,1.000000,1.000000,0.000000,below_midpoint_feather
2026-07-08T14:41:00Z,88.7694,1.000000,1.000000,0.000000,below_midpoint_feather
2026-07-08T14:42:00Z,88.6824,1.000000,1.000000,0.000000,below_midpoint_feather
2026-07-08T14:43:00Z,88.6290,1.000000,1.000000,0.000000,below_midpoint_feather
2026-07-08T14:44:00Z,88.5908,1.000000,1.000000,0.000000,below_midpoint_feather
2026-07-08T14:45:00Z,88.6107,1.000000,1.000000,0.000000,below_midpoint_feather
2026-07-08T14:46:00Z,88.7022,1.000000,1.000000,0.000000,below_midpoint_feather
2026-07-08T14:47:00Z,88.8243,1.000000,1.000000,0.000000,below_midpoint_feather
2026-07-08T14:48:00Z,88.8975,1.000000,1.000000,0.000000,below_midpoint_feather
2026-07-08T14:49:00Z,88.9845,1.000000,1.000000,0.000000,below_midpoint_feather
2026-07-08T14:50:00Z,89.0349,1.000000,1.000000,0.000000,below_midpoint_feather
2026-07-08T14:51:00Z,89.0776,1.000000,1.000000,0.000000,below_midpoint_feather
2026-07-08T14:52:00Z,89.0486,1.000000,1.000000,0.000000,below_midpoint_feather
2026-07-08T14:53:00Z,89.0501,1.000000,1.000000,0.000000,below_midpoint_feather
2026-07-08T14:54:00Z,89.0867,1.000000,1.000000,0.000000,below_midpoint_feather
2026-07-08T14:55:00Z,89.1814,1.000000,1.000000,0.000000,below_midpoint_feather
2026-07-08T14:56:00Z,89.2241,1.000000,1.000000,0.000000,below_midpoint_feather
2026-07-08T14:57:00Z,89.2699,1.000000,1.000000,0.000000,below_midpoint_feather
2026-07-08T14:58:00Z,89.2836,1.000000,1.000000,0.000000,below_midpoint_feather
2026-07-08T14:59:00Z,89.3568,1.000000,1.000000,0.000000,below_midpoint_feather
2026-07-08T15:00:00Z,89.3935,1.000000,1.000000,0.000000,below_midpoint_feather
2026-07-08T15:01:00Z,89.4285,1.000000,1.000000,0.000000,below_midpoint_feather
2026-07-08T15:02:00Z,89.4331,1.000000,1.000000,0.000000,below_midpoint_feather
2026-07-08T15:03:00Z,89.5613,1.000000,1.000000,0.000000,below_midpoint_feather
2026-07-08T15:04:00Z,89.5995,1.000000,1.000000,0.000000,below_midpoint_feather
2026-07-08T15:05:00Z,89.7032,1.000000,1.000000,0.000000,below_midpoint_feather
2026-07-08T15:06:00Z,89.7414,1.000000,1.000000,0.000000,below_midpoint_feather
2026-07-08T15:07:00Z,89.8604,1.000000,1.000000,0.000000,below_midpoint_feather
2026-07-08T15:08:43Z,89.9825,1.000000,0.999652,-0.000348,below_midpoint_feather
2026-07-08T15:08:53Z,89.9458,0.999934,1.000000,0.000066,below_midpoint_feather
2026-07-08T15:09:03Z,89.9382,0.999877,1.000000,0.000123,below_midpoint_feather
2026-07-08T15:09:52Z,90.0008,0.998752,0.992123,-0.006628,in_band
2026-07-08T15:10:00Z,89.9565,0.994338,0.990207,-0.004132,below_midpoint_feather
2026-07-08T15:10:18Z,90.0099,0.994371,0.987772,-0.006599,in_band
2026-07-08T15:11:00Z,90.0649,0.971480,0.966107,-0.005373,in_band
2026-07-08T15:11:59Z,90.1076,0.940180,0.934981,-0.005199,in_band
2026-07-08T15:12:00Z,90.1076,0.939658,0.934462,-0.005196,in_band
2026-07-08T15:12:59Z,90.1793,0.909367,0.904339,-0.005028,in_band
2026-07-08T15:13:00Z,90.1793,0.908863,0.903837,-0.005026,in_band
2026-07-08T15:13:59Z,90.2770,0.879559,0.874695,-0.004864,in_band
2026-07-08T15:14:00Z,90.2770,0.879069,0.874209,-0.004860,in_band
2026-07-08T15:14:59Z,90.3120,0.850725,0.846020,-0.004704,in_band
2026-07-08T15:15:00Z,90.3120,0.850252,0.845551,-0.004702,in_band
2026-07-08T15:15:59Z,90.3532,0.822835,0.818285,-0.004550,in_band
2026-07-08T15:16:00Z,90.3532,0.822378,0.817831,-0.004548,in_band
2026-07-08T15:16:59Z,90.4234,0.795860,0.791459,-0.004401,in_band
2026-07-08T15:17:00Z,90.4234,0.795418,0.791019,-0.004398,in_band
2026-07-08T15:17:59Z,90.4494,0.769768,0.765512,-0.004257,in_band
2026-07-08T15:18:00Z,90.4494,0.769341,0.765086,-0.004254,in_band
2026-07-08T15:18:59Z,90.4997,0.744532,0.740415,-0.004117,in_band
2026-07-08T15:19:00Z,90.4997,0.744119,0.740004,-0.004115,in_band
2026-07-08T15:19:59Z,90.5791,0.720124,0.716142,-0.003982,in_band
2026-07-08T15:20:00Z,90.5791,0.719724,0.715744,-0.003980,in_band
2026-07-08T15:20:59Z,90.6386,0.696515,0.692664,-0.003852,in_band
2026-07-08T15:21:00Z,90.6386,0.696128,0.692279,-0.003850,in_band
2026-07-08T15:21:59Z,90.7210,0.673681,0.669955,-0.003725,in_band
2026-07-08T15:22:00Z,90.7210,0.673307,0.669583,-0.003723,in_band
2026-07-08T15:22:59Z,90.7851,0.651595,0.647992,-0.003603,in_band
2026-07-08T15:23:00Z,90.7851,0.651233,0.647632,-0.003601,in_band
2026-07-08T15:23:59Z,90.8080,0.630233,0.626748,-0.003485,in_band
2026-07-08T15:24:00Z,90.8080,0.629883,0.626400,-0.003483,in_band
2026-07-08T15:24:59Z,90.9087,0.609571,0.606201,-0.003371,in_band
2026-07-08T15:25:00Z,90.9087,0.609233,0.605864,-0.003369,in_band
2026-07-08T15:25:59Z,90.9621,0.589587,0.586327,-0.003260,in_band
2026-07-08T15:26:00Z,90.9621,0.589260,0.586001,-0.003258,in_band
2026-07-08T15:26:59Z,90.9987,0.570258,0.567105,-0.003153,in_band
2026-07-08T15:27:00Z,90.9987,0.569942,0.566790,-0.003152,in_band
2026-07-08T15:27:59Z,91.0964,0.551563,0.548513,-0.003050,in_band
2026-07-08T15:28:00Z,91.0964,0.551257,0.548208,-0.003048,in_band
2026-07-08T15:28:59Z,91.1498,0.533481,0.530531,-0.002950,in_band
2026-07-08T15:29:00Z,91.1498,0.533184,0.530236,-0.002948,in_band
2026-07-08T15:29:59Z,91.1742,0.515991,0.513138,-0.002853,in_band
2026-07-08T15:30:00Z,91.1742,0.515705,0.512853,-0.002852,in_band
2026-07-08T15:30:59Z,91.2154,0.499075,0.496315,-0.002760,in_band
2026-07-08T15:31:00Z,91.2154,0.498798,0.496040,-0.002758,in_band
2026-07-08T15:31:59Z,91.2230,0.482713,0.480044,-0.002669,in_band
2026-07-08T15:32:00Z,91.2230,0.482445,0.479777,-0.002668,in_band
2026-07-08T15:32:59Z,91.2978,0.466888,0.464306,-0.002582,in_band
2026-07-08T15:33:00Z,91.2978,0.466629,0.464048,-0.002580,in_band
2026-07-08T15:33:59Z,91.3207,0.451582,0.449085,-0.002497,in_band
2026-07-08T15:34:00Z,91.3207,0.451331,0.448835,-0.002496,in_band
2026-07-08T15:34:59Z,91.3252,0.436777,0.434362,-0.002415,in_band
2026-07-08T15:35:00Z,91.3252,0.436534,0.434121,-0.002414,in_band
2026-07-08T15:35:59Z,91.3207,0.422458,0.420122,-0.002336,in_band
2026-07-08T15:36:00Z,91.3207,0.422223,0.419888,-0.002335,in_band
2026-07-08T15:36:59Z,91.2917,0.408608,0.406348,-0.002259,in_band
2026-07-08T15:37:00Z,91.2917,0.408381,0.406123,-0.002258,in_band
2026-07-08T15:37:59Z,91.3512,0.395212,0.393027,-0.002185,in_band
2026-07-08T15:38:00Z,91.3512,0.394993,0.392809,-0.002184,in_band
2026-07-08T15:38:59Z,91.3191,0.382256,0.380142,-0.002114,in_band
2026-07-08T15:39:00Z,91.3191,0.382043,0.379931,-0.002113,in_band
2026-07-08T15:39:59Z,91.3527,0.369724,0.367679,-0.002044,in_band
2026-07-08T15:40:00Z,91.3527,0.369518,0.367475,-0.002043,in_band
2026-07-08T15:40:59Z,91.3252,0.357603,0.355625,-0.001977,in_band
2026-07-08T15:41:00Z,91.3252,0.357404,0.355428,-0.001976,in_band
2026-07-08T15:41:59Z,91.3436,0.345879,0.343967,-0.001913,in_band
2026-07-08T15:42:00Z,91.3436,0.345687,0.343776,-0.001912,in_band
2026-07-08T15:42:59Z,91.2428,0.334540,0.332690,-0.001850,in_band
2026-07-08T15:43:00Z,91.2428,0.334354,0.332505,-0.001849,in_band
2026-07-08T15:43:59Z,91.2657,0.323572,0.321783,-0.001789,in_band
2026-07-08T15:44:00Z,91.2657,0.323393,0.321604,-0.001788,in_band
2026-07-08T15:44:59Z,91.2200,0.312964,0.311234,-0.001731,in_band
2026-07-08T15:45:00Z,91.2200,0.312791,0.311061,-0.001730,in_band
2026-07-08T15:45:59Z,91.2047,0.302704,0.301030,-0.001674,in_band
2026-07-08T15:46:00Z,91.2047,0.302536,0.300863,-0.001673,in_band
2026-07-08T15:46:59Z,91.1589,0.292780,0.291161,-0.001619,in_band
2026-07-08T15:47:00Z,91.1589,0.292618,0.291000,-0.001618,in_band
2026-07-08T15:47:59Z,91.1604,0.283182,0.281616,-0.001566,in_band
2026-07-08T15:48:00Z,91.1604,0.283025,0.281460,-0.001565,in_band
2026-07-08T15:48:59Z,91.1360,0.273898,0.272384,-0.001515,in_band
2026-07-08T15:49:00Z,91.1360,0.273746,0.272232,-0.001514,in_band
2026-07-08T15:49:59Z,91.0628,0.264919,0.263454,-0.001465,in_band
2026-07-08T15:50:00Z,91.0628,0.264772,0.263307,-0.001464,in_band
2026-07-08T15:50:59Z,90.9987,0.256234,0.254817,-0.001417,in_band
2026-07-08T15:51:00Z,90.9987,0.256091,0.254675,-0.001416,in_band
2026-07-08T15:51:59Z,90.9316,0.247833,0.246463,-0.001370,in_band
2026-07-08T15:52:00Z,90.9316,0.247696,0.246326,-0.001370,in_band
2026-07-08T15:52:59Z,90.8492,0.239708,0.238383,-0.001326,in_band
2026-07-08T15:53:00Z,90.8492,0.239575,0.238250,-0.001325,in_band
2026-07-08T15:53:59Z,90.8248,0.231850,0.230568,-0.001282,in_band
2026-07-08T15:54:00Z,90.8248,0.231721,0.230440,-0.001281,in_band
2026-07-08T15:54:59Z,90.7347,0.224249,0.223009,-0.001240,in_band
2026-07-08T15:55:00Z,90.7347,0.224124,0.222885,-0.001239,in_band
2026-07-08T15:55:59Z,90.6920,0.216897,0.215698,-0.001199,in_band
2026-07-08T15:56:00Z,90.6920,0.216777,0.215578,-0.001199,in_band
2026-07-08T15:56:59Z,90.6554,0.209786,0.208626,-0.001160,in_band
2026-07-08T15:57:00Z,90.6554,0.209670,0.208510,-0.001159,in_band
2026-07-08T15:57:59Z,90.5684,0.202909,0.201787,-0.001122,in_band
2026-07-08T15:58:00Z,90.5684,0.202796,0.201675,-0.001121,in_band
2026-07-08T15:58:59Z,90.5058,0.196257,0.195171,-0.001085,in_band
2026-07-08T15:59:00Z,90.5058,0.196148,0.195063,-0.001085,in_band
2026-07-08T15:59:59Z,90.5058,0.189823,0.188773,-0.001050,in_band
2026-07-08T16:00:00Z,90.5058,0.189717,0.188668,-0.001049,in_band
2026-07-08T16:00:59Z,90.4280,0.183599,0.182584,-0.001015,in_band
2026-07-08T16:01:00Z,90.4280,0.183497,0.182483,-0.001015,in_band
2026-07-08T16:01:59Z,90.3761,0.177580,0.176598,-0.000982,in_band
2026-07-08T16:02:00Z,90.3761,0.177482,0.176500,-0.000981,in_band
2026-07-08T16:02:59Z,90.2937,0.171759,0.170809,-0.000950,in_band
2026-07-08T16:03:00Z,90.2937,0.171663,0.170714,-0.000949,in_band
2026-07-08T16:03:59Z,90.2541,0.166128,0.165209,-0.000919,in_band
2026-07-08T16:04:00Z,90.2541,0.166035,0.165117,-0.000918,in_band
2026-07-08T16:04:59Z,90.1305,0.160681,0.159793,-0.000889,in_band
2026-07-08T16:05:00Z,90.1305,0.160592,0.159704,-0.000888,in_band
2026-07-08T16:05:59Z,90.1167,0.155414,0.154554,-0.000859,in_band
2026-07-08T16:06:00Z,90.1167,0.155327,0.154468,-0.000859,in_band
2026-07-08T16:06:54Z,89.9962,0.150737,0.150072,-0.000665,below_midpoint_feather
2026-07-08T16:07:34Z,90.0343,0.148916,0.148082,-0.000833,in_band
2026-07-08T16:07:51Z,89.9428,0.148269,0.148055,-0.000214,below_midpoint_feather
2026-07-08T16:08:27Z,89.8863,0.148963,0.149432,0.000469,below_midpoint_feather
2026-07-08T16:08:39Z,89.9428,0.149307,0.148066,-0.001241,below_midpoint_feather
2026-07-08T16:09:03Z,89.9367,0.149778,0.148195,-0.001583,below_midpoint_feather
2026-07-08T16:09:56Z,89.8405,0.150475,0.151364,0.000889,below_midpoint_feather
2026-07-08T16:10:19Z,89.8543,0.152883,0.150859,-0.002024,below_midpoint_feather
2026-07-08T16:10:55Z,89.7963,0.153084,0.153949,0.000865,below_midpoint_feather
2026-07-08T16:11:41Z,89.8375,0.155455,0.152166,-0.003288,below_midpoint_feather
2026-07-08T16:11:54Z,89.7307,0.156835,0.158854,0.002019,below_midpoint_feather
2026-07-08T16:12:52Z,89.6345,0.164752,0.168390,0.003638,below_midpoint_feather
2026-07-08T16:12:59Z,89.6666,0.168445,0.165358,-0.003087,below_midpoint_feather
2026-07-08T16:13:04Z,89.6086,0.167329,0.171452,0.004123,below_midpoint_feather
2026-07-08T16:13:37Z,89.6498,0.172351,0.168040,-0.004311,below_midpoint_feather
2026-07-08T16:14:43Z,89.5521,0.186524,0.181924,-0.004600,below_midpoint_feather
2026-07-08T16:14:49Z,89.4942,0.184395,0.190121,0.005726,below_midpoint_feather
2026-07-08T16:15:13Z,89.5583,0.187619,0.182904,-0.004715,below_midpoint_feather
2026-07-08T16:15:25Z,89.4896,0.187551,0.192959,0.005408,below_midpoint_feather
2026-07-08T16:16:03Z,89.5750,0.192778,0.184150,-0.008629,below_midpoint_feather
2026-07-08T16:16:25Z,89.5079,0.189828,0.194465,0.004636,below_midpoint_feather
2026-07-08T16:17:00Z,89.5750,0.192910,0.188204,-0.004706,below_midpoint_feather
2026-07-08T16:17:01Z,89.5018,0.192981,0.197890,0.004909,below_midpoint_feather
2026-07-08T16:18:03Z,89.5903,0.187474,0.190759,0.003285,below_midpoint_feather
2026-07-08T16:18:59Z,89.6849,0.188840,0.184276,-0.004564,below_midpoint_feather
2026-07-08T16:19:03Z,89.6300,0.187678,0.189842,0.002164,below_midpoint_feather
2026-07-08T16:19:35Z,89.7169,0.188844,0.183369,-0.005475,below_midpoint_feather
2026-07-08T16:20:28Z,89.8177,0.182513,0.178965,-0.003548,below_midpoint_feather
2026-07-08T16:20:47Z,89.7642,0.180403,0.182779,0.002377,below_midpoint_feather
2026-07-08T16:21:13Z,89.7734,0.180899,0.182897,0.001998,below_midpoint_feather
2026-07-08T16:21:30Z,89.8497,0.181145,0.179207,-0.001938,below_midpoint_feather
2026-07-08T16:22:00Z,89.8817,0.178789,0.178549,-0.000239,below_midpoint_feather
2026-07-08T16:22:06Z,89.9367,0.178741,0.177223,-0.001518,below_midpoint_feather
2026-07-08T16:23:00Z,90.0160,0.177674,0.176218,-0.001457,in_band
2026-07-08T16:23:59Z,90.1061,0.172376,0.170954,-0.001422,in_band
2026-07-08T16:24:00Z,90.1061,0.172283,0.170862,-0.001421,in_band
2026-07-08T16:24:59Z,90.1946,0.166817,0.165437,-0.001380,in_band
2026-07-08T16:25:00Z,90.1946,0.166725,0.165346,-0.001380,in_band
2026-07-08T16:25:59Z,90.2434,0.161382,0.160046,-0.001337,in_band
2026-07-08T16:26:00Z,90.2434,0.161293,0.159957,-0.001336,in_band
2026-07-08T16:26:59Z,90.2434,0.156104,0.154811,-0.001294,in_band
2026-07-08T16:27:00Z,90.2434,0.156018,0.154725,-0.001293,in_band
2026-07-08T16:27:59Z,90.3899,0.150991,0.149740,-0.001252,in_band
2026-07-08T16:28:00Z,90.3899,0.150907,0.149657,-0.001251,in_band
2026-07-08T16:28:59Z,90.3777,0.146043,0.144832,-0.001211,in_band
2026-07-08T16:29:00Z,90.3777,0.145962,0.144752,-0.001210,in_band
2026-07-08T16:29:59Z,90.4097,0.141256,0.140085,-0.001171,in_band
2026-07-08T16:30:00Z,90.4097,0.141177,0.140007,-0.001170,in_band
2026-07-08T16:30:59Z,90.3777,0.136625,0.135492,-0.001133,in_band
2026-07-08T16:31:00Z,90.3777,0.136549,0.135417,-0.001132,in_band
2026-07-08T16:31:59Z,90.3166,0.132146,0.131051,-0.001095,in_band
2026-07-08T16:32:00Z,90.3166,0.132073,0.130978,-0.001095,in_band
2026-07-08T16:32:59Z,90.1808,0.127814,0.126754,-0.001059,in_band
2026-07-08T16:33:00Z,90.1808,0.127743,0.126684,-0.001059,in_band
2026-07-08T16:33:59Z,90.0237,0.123624,0.122599,-0.001025,in_band
2026-07-08T16:34:37Z,89.9931,0.122478,0.121453,-0.001025,below_midpoint_feather
2026-07-08T16:34:56Z,89.9092,0.123003,0.122622,-0.000382,below_midpoint_feather
2026-07-08T16:35:31Z,89.7993,0.125055,0.127211,0.002157,below_midpoint_feather
2026-07-08T16:35:33Z,89.8878,0.125059,0.123278,-0.001780,below_midpoint_feather
2026-07-08T16:36:40Z,89.7230,0.130873,0.132765,0.001892,below_midpoint_feather
2026-07-08T16:36:57Z,89.7581,0.132576,0.130361,-0.002215,below_midpoint_feather
2026-07-08T16:37:14Z,89.6712,0.135086,0.137652,0.002567,below_midpoint_feather
2026-07-08T16:37:45Z,89.6818,0.139583,0.137240,-0.002343,below_midpoint_feather
2026-07-08T16:38:42Z,89.5338,0.150641,0.155488,0.004847,below_midpoint_feather
2026-07-08T16:38:49Z,89.6025,0.154924,0.147345,-0.007579,below_midpoint_feather
2026-07-08T16:39:19Z,89.5521,0.158727,0.154828,-0.003899,below_midpoint_feather
2026-07-08T16:39:22Z,89.4881,0.158883,0.163736,0.004852,below_midpoint_feather
2026-07-08T16:40:26Z,89.4148,0.173808,0.179330,0.005521,below_midpoint_feather
2026-07-08T16:40:29Z,89.4667,0.177432,0.171311,-0.006121,below_midpoint_feather
2026-07-08T16:41:21Z,89.4148,0.185958,0.184117,-0.001841,below_midpoint_feather
2026-07-08T16:41:28Z,89.3614,0.186635,0.194096,0.007461,below_midpoint_feather
2026-07-08T16:42:04Z,89.3324,0.196791,0.203329,0.006539,below_midpoint_feather
2026-07-08T16:42:07Z,89.3965,0.199339,0.192088,-0.007251,below_midpoint_feather
2026-07-08T16:43:18Z,89.2500,0.220045,0.229415,0.009370,below_midpoint_feather
2026-07-08T16:43:41Z,89.2775,0.233876,0.227098,-0.006778,below_midpoint_feather
2026-07-08T16:44:32Z,89.1829,0.248211,0.256224,0.008012,below_midpoint_feather
2026-07-08T16:44:35Z,89.2638,0.253547,0.238888,-0.014659,below_midpoint_feather
2026-07-08T16:45:25Z,89.2241,0.268497,0.256749,-0.011748,below_midpoint_feather
2026-07-08T16:45:51Z,89.1417,0.273393,0.281174,0.007781,below_midpoint_feather
2026-07-08T16:46:37Z,89.0761,0.296766,0.307863,0.011097,below_midpoint_feather
2026-07-08T16:46:53Z,89.1264,0.305516,0.298739,-0.006777,below_midpoint_feather
2026-07-08T16:47:12Z,89.0440,0.314465,0.324816,0.010351,below_midpoint_feather
2026-07-08T16:47:35Z,89.0669,0.330473,0.324562,-0.005911,below_midpoint_feather
2026-07-08T16:48:19Z,89.0410,0.352118,0.343539,-0.008580,below_midpoint_feather
2026-07-08T16:48:35Z,88.9769,0.355428,0.366224,0.010796,below_midpoint_feather
2026-07-08T16:49:48Z,88.8899,0.404452,0.415842,0.011390,below_midpoint_feather
2026-07-08T16:49:59Z,88.9769,0.403587,0.393258,-0.010329,below_midpoint_feather
2026-07-08T16:50:00Z,88.9769,0.403935,0.393609,-0.010325,below_midpoint_feather
2026-07-08T16:50:31Z,88.9021,0.416722,0.427124,0.010403,below_midpoint_feather
2026-07-08T16:51:26Z,88.8197,0.460086,0.474288,0.014202,below_midpoint_feather
2026-07-08T16:51:51Z,88.8701,0.475931,0.467684,-0.008247,below_midpoint_feather
2026-07-08T16:52:03Z,88.7922,0.478817,0.498468,0.019650,below_midpoint_feather
2026-07-08T16:52:09Z,88.8487,0.495536,0.482008,-0.013528,below_midpoint_feather
2026-07-08T16:53:01Z,88.8334,0.518949,0.509521,-0.009428,below_midpoint_feather
2026-07-08T16:53:09Z,88.7739,0.512269,0.533365,0.021096,below_midpoint_feather
2026-07-08T16:54:38Z,88.7160,0.580461,0.595835,0.015374,below_midpoint_feather
2026-07-08T16:54:59Z,88.7984,0.590837,0.577147,-0.013690,below_midpoint_feather
2026-07-08T16:55:00Z,88.7984,0.591336,0.577650,-0.013686,below_midpoint_feather
2026-07-08T16:55:37Z,88.7068,0.608340,0.628761,0.020421,below_midpoint_feather
2026-07-08T16:56:23Z,88.8029,0.633319,0.618117,-0.015201,below_midpoint_feather
2026-07-08T16:56:31Z,88.7205,0.635769,0.651205,0.015437,below_midpoint_feather
2026-07-08T16:57:03Z,88.7877,0.653695,0.643747,-0.009949,below_midpoint_feather
2026-07-08T16:57:09Z,88.7434,0.653544,0.662362,0.008818,below_midpoint_feather
2026-07-08T16:58:03Z,88.7755,0.660475,0.678339,0.017864,below_midpoint_feather
2026-07-08T16:58:27Z,88.8746,0.671706,0.656926,-0.014780,below_midpoint_feather
2026-07-08T16:59:03Z,88.7922,0.688987,0.701517,0.012531,below_midpoint_feather
2026-07-08T16:59:25Z,88.8701,0.696369,0.686063,-0.010306,below_midpoint_feather
2026-07-08T17:00:27Z,88.9250,0.709986,0.697239,-0.012747,below_midpoint_feather
2026-07-08T17:00:43Z,88.8884,0.704669,0.715670,0.011000,below_midpoint_feather
2026-07-08T17:01:00Z,88.8884,0.712951,0.722966,0.010015,below_midpoint_feather
2026-07-08T17:01:23Z,88.9845,0.715663,0.703543,-0.012120,below_midpoint_feather
2026-07-08T17:02:20Z,89.0593,0.711792,0.705088,-0.006705,below_midpoint_feather
2026-07-08T17:02:25Z,88.9952,0.713641,0.724646,0.011005,below_midpoint_feather
2026-07-08T17:03:13Z,89.0349,0.717258,0.730118,0.012860,below_midpoint_feather
2026-07-08T17:03:35Z,89.1173,0.727575,0.715537,-0.012038,below_midpoint_feather
2026-07-08T17:04:24Z,89.1829,0.723003,0.714380,-0.008623,below_midpoint_feather
2026-07-08T17:04:39Z,89.1402,0.719203,0.728737,0.009534,below_midpoint_feather
2026-07-08T17:05:27Z,89.2378,0.712319,0.718495,0.006176,below_midpoint_feather
2026-07-08T17:05:56Z,89.3324,0.713560,0.705760,-0.007800,below_midpoint_feather
2026-07-08T17:06:06Z,89.3736,0.711126,0.700266,-0.010860,below_midpoint_feather
2026-07-08T17:06:13Z,89.3339,0.701454,0.708972,0.007519,below_midpoint_feather
2026-07-08T17:07:27Z,89.3935,0.700210,0.710503,0.010293,below_midpoint_feather
2026-07-08T17:07:55Z,89.5125,0.702544,0.695703,-0.006842,below_midpoint_feather
2026-07-08T17:08:17Z,89.4850,0.707100,0.702274,-0.004826,below_midpoint_feather
2026-07-08T17:08:35Z,89.4575,0.701045,0.708448,0.007402,below_midpoint_feather
2026-07-08T17:09:12Z,89.5521,0.705112,0.698941,-0.006171,below_midpoint_feather
2026-07-08T17:09:47Z,89.5750,0.695468,0.699255,0.003787,below_midpoint_feather
2026-07-08T17:10:24Z,89.7230,0.691710,0.687200,-0.004509,below_midpoint_feather
2026-07-08T17:10:29Z,89.6590,0.690115,0.693151,0.003035,below_midpoint_feather
2026-07-08T17:11:06Z,89.7856,0.689075,0.685155,-0.003919,below_midpoint_feather
2026-07-08T17:11:17Z,89.7581,0.686106,0.687421,0.001316,below_midpoint_feather
2026-07-08T17:12:00Z,89.8512,0.685328,0.683721,-0.001607,below_midpoint_feather
2026-07-08T17:12:23Z,89.8543,0.683426,0.684142,0.000716,below_midpoint_feather
2026-07-08T17:13:07Z,89.9428,0.682572,0.682285,-0.000287,below_midpoint_feather
2026-07-08T17:13:46Z,90.0008,0.682590,0.679129,-0.003461,in_band
2026-07-08T17:14:00Z,90.0343,0.677371,0.673942,-0.003429,in_band
2026-07-08T17:14:59Z,90.0618,0.655715,0.652385,-0.003329,in_band
2026-07-08T17:15:00Z,90.0618,0.655353,0.652025,-0.003328,in_band
2026-07-08T17:15:59Z,90.1900,0.634290,0.631065,-0.003225,in_band
2026-07-08T17:16:00Z,90.1900,0.633937,0.630715,-0.003223,in_band
2026-07-08T17:16:59Z,90.2724,0.613522,0.610401,-0.003121,in_band
2026-07-08T17:17:00Z,90.2724,0.613181,0.610062,-0.003119,in_band
2026-07-08T17:17:59Z,90.2953,0.593418,0.590398,-0.003019,in_band
2026-07-08T17:18:00Z,90.2953,0.593088,0.590071,-0.003017,in_band
2026-07-08T17:18:59Z,90.4356,0.573967,0.571046,-0.002920,in_band
2026-07-08T17:19:00Z,90.4356,0.573648,0.570729,-0.002919,in_band
2026-07-08T17:19:59Z,90.5730,0.555151,0.552326,-0.002825,in_band
2026-07-08T17:20:00Z,90.5730,0.554843,0.552020,-0.002823,in_band
2026-07-08T17:20:59Z,90.6798,0.536952,0.534220,-0.002732,in_band
2026-07-08T17:21:00Z,90.6798,0.536653,0.533923,-0.002731,in_band
2026-07-08T17:21:59Z,90.7424,0.519349,0.516706,-0.002643,in_band
2026-07-08T17:22:00Z,90.7424,0.519060,0.516419,-0.002641,in_band
2026-07-08T17:22:59Z,90.8064,0.502322,0.499766,-0.002556,in_band
2026-07-08T17:23:00Z,90.8064,0.502043,0.499489,-0.002555,in_band
2026-07-08T17:23:59Z,90.7942,0.485854,0.483382,-0.002472,in_band
2026-07-08T17:24:00Z,90.7942,0.485584,0.483114,-0.002471,in_band
2026-07-08T17:24:59Z,90.8766,0.469926,0.467535,-0.002391,in_band
2026-07-08T17:25:00Z,90.8766,0.469665,0.467275,-0.002390,in_band
2026-07-08T17:25:59Z,90.8492,0.454520,0.452207,-0.002313,in_band
2026-07-08T17:26:00Z,90.8492,0.454268,0.451956,-0.002311,in_band
2026-07-08T17:26:59Z,90.8629,0.439619,0.437382,-0.002237,in_band
2026-07-08T17:27:00Z,90.8629,0.439375,0.437139,-0.002236,in_band
2026-07-08T17:27:59Z,90.8629,0.425207,0.423043,-0.002164,in_band
2026-07-08T17:28:00Z,90.8629,0.424971,0.422808,-0.002162,in_band
2026-07-08T17:28:59Z,90.8431,0.411267,0.409174,-0.002093,in_band
2026-07-08T17:29:00Z,90.8431,0.411038,0.408947,-0.002092,in_band
2026-07-08T17:29:59Z,90.8354,0.397784,0.395760,-0.002024,in_band
2026-07-08T17:30:00Z,90.8354,0.397563,0.395540,-0.002023,in_band
2026-07-08T17:30:59Z,90.9300,0.384743,0.382785,-0.001958,in_band
2026-07-08T17:31:00Z,90.9300,0.384529,0.382573,-0.001957,in_band
2026-07-08T17:31:59Z,90.8995,0.372130,0.370236,-0.001894,in_band
2026-07-08T17:32:00Z,90.8995,0.371923,0.370030,-0.001892,in_band
2026-07-08T17:32:59Z,90.8934,0.359930,0.358098,-0.001831,in_band
2026-07-08T17:33:00Z,90.8934,0.359730,0.357899,-0.001830,in_band
2026-07-08T17:33:59Z,90.9499,0.348130,0.346358,-0.001771,in_band
2026-07-08T17:34:00Z,90.9499,0.347936,0.346166,-0.001770,in_band
2026-07-08T17:34:59Z,90.9636,0.336717,0.335003,-0.001713,in_band
2026-07-08T17:35:00Z,90.9636,0.336530,0.334817,-0.001712,in_band
2026-07-08T17:35:59Z,90.9682,0.325678,0.324021,-0.001657,in_band
2026-07-08T17:36:00Z,90.9682,0.325497,0.323841,-0.001656,in_band
2026-07-08T17:36:59Z,91.0079,0.315001,0.313398,-0.001603,in_band
2026-07-08T17:37:00Z,91.0079,0.314826,0.313224,-0.001602,in_band
2026-07-08T17:37:59Z,90.9804,0.304674,0.303124,-0.001550,in_band
2026-07-08T17:38:00Z,90.9804,0.304505,0.302955,-0.001549,in_band
2026-07-08T17:38:59Z,90.9758,0.294686,0.293186,-0.001499,in_band
2026-07-08T17:39:00Z,90.9758,0.294522,0.293023,-0.001499,in_band
2026-07-08T17:39:59Z,90.9545,0.285025,0.283574,-0.001450,in_band
2026-07-08T17:40:00Z,90.9545,0.284866,0.283417,-0.001449,in_band
2026-07-08T17:40:59Z,90.9636,0.275680,0.274278,-0.001403,in_band
2026-07-08T17:41:00Z,90.9636,0.275527,0.274125,-0.001402,in_band
2026-07-08T17:41:59Z,90.9895,0.266642,0.265286,-0.001357,in_band
2026-07-08T17:42:00Z,90.9895,0.266494,0.265138,-0.001356,in_band
2026-07-08T17:42:59Z,90.9865,0.257901,0.256589,-0.001312,in_band
2026-07-08T17:43:00Z,90.9865,0.257758,0.256446,-0.001312,in_band
2026-07-08T17:43:59Z,91.0140,0.249446,0.248177,-0.001269,in_band
2026-07-08T17:44:00Z,91.0140,0.249307,0.248039,-0.001269,in_band
2026-07-08T17:44:59Z,91.0094,0.241268,0.240040,-0.001228,in_band
2026-07-08T17:45:00Z,91.0094,0.241134,0.239907,-0.001227,in_band
2026-07-08T17:45:59Z,91.0185,0.233358,0.232171,-0.001187,in_band
2026-07-08T17:46:00Z,91.0185,0.233229,0.232042,-0.001187,in_band
2026-07-08T17:46:59Z,91.0262,0.225708,0.224560,-0.001148,in_band
2026-07-08T17:47:00Z,91.0262,0.225583,0.224435,-0.001148,in_band
2026-07-08T17:47:59Z,91.0140,0.218308,0.217198,-0.001111,in_band
2026-07-08T17:48:00Z,91.0140,0.218187,0.217077,-0.001110,in_band
2026-07-08T17:48:59Z,90.9895,0.211151,0.210077,-0.001074,in_band
2026-07-08T17:49:00Z,90.9895,0.211034,0.209960,-0.001074,in_band
2026-07-08T17:49:59Z,91.0170,0.204229,0.203190,-0.001039,in_band
2026-07-08T17:50:00Z,91.0170,0.204116,0.203077,-0.001039,in_band
2026-07-08T17:50:59Z,91.0033,0.197534,0.196528,-0.001005,in_band
2026-07-08T17:51:00Z,91.0033,0.197424,0.196419,-0.001005,in_band
2026-07-08T17:51:59Z,90.9911,0.191058,0.190086,-0.000972,in_band
2026-07-08T17:52:00Z,90.9911,0.190952,0.189980,-0.000972,in_band
2026-07-08T17:52:59Z,90.9850,0.184794,0.183854,-0.000940,in_band
2026-07-08T17:53:00Z,90.9850,0.184691,0.183752,-0.000940,in_band
2026-07-08T17:53:59Z,90.9682,0.178736,0.177826,-0.000909,in_band
2026-07-08T17:54:00Z,90.9682,0.178637,0.177728,-0.000909,in_band
2026-07-08T17:54:59Z,90.9682,0.172876,0.171996,-0.000880,in_band
2026-07-08T17:55:00Z,90.9682,0.172780,0.171901,-0.000879,in_band
2026-07-08T17:55:59Z,90.9453,0.167209,0.166358,-0.000851,in_band
2026-07-08T17:56:00Z,90.9453,0.167116,0.166265,-0.000850,in_band
2026-07-08T17:56:59Z,90.9071,0.161727,0.160904,-0.000823,in_band
2026-07-08T17:57:00Z,90.9071,0.161637,0.160815,-0.000822,in_band
2026-07-08T17:57:59Z,90.9346,0.156425,0.155629,-0.000796,in_band
2026-07-08T17:58:00Z,90.9346,0.156338,0.155542,-0.000796,in_band
2026-07-08T17:58:59Z,90.8797,0.151297,0.150527,-0.000770,in_band
2026-07-08T17:59:00Z,90.8797,0.151213,0.150443,-0.000769,in_band
2026-07-08T17:59:59Z,90.8675,0.146336,0.145592,-0.000745,in_band
2026-07-08T18:00:00Z,90.8675,0.146255,0.145511,-0.000744,in_band
2026-07-08T18:00:59Z,90.8858,0.141539,0.140819,-0.000720,in_band
2026-07-08T18:01:00Z,90.8858,0.141460,0.140741,-0.000720,in_band
2026-07-08T18:01:59Z,90.8156,0.136899,0.136202,-0.000697,in_band
2026-07-08T18:02:00Z,90.8156,0.136823,0.136127,-0.000696,in_band
2026-07-08T18:02:59Z,90.7988,0.132411,0.131737,-0.000674,in_band
2026-07-08T18:03:00Z,90.7988,0.132337,0.131664,-0.000673,in_band
2026-07-08T18:03:59Z,90.8446,0.128070,0.127418,-0.000652,in_band
2026-07-08T18:04:00Z,90.8446,0.127999,0.127347,-0.000651,in_band
2026-07-08T18:04:59Z,90.7515,0.123871,0.123241,-0.000630,in_band
2026-07-08T18:05:00Z,90.7515,0.123802,0.123172,-0.000630,in_band
2026-07-08T18:05:59Z,90.7332,0.119810,0.119201,-0.000610,in_band
2026-07-08T18:06:00Z,90.7332,0.119744,0.119134,-0.000609,in_band
2026-07-08T18:06:59Z,90.7195,0.115882,0.115293,-0.000590,in_band
2026-07-08T18:07:00Z,90.7195,0.115818,0.115229,-0.000589,in_band
2026-07-08T18:07:59Z,90.6935,0.112083,0.111513,-0.000570,in_band
2026-07-08T18:08:00Z,90.6935,0.112021,0.111451,-0.000570,in_band
2026-07-08T18:08:59Z,90.6432,0.108409,0.107857,-0.000552,in_band
2026-07-08T18:09:00Z,90.6432,0.108349,0.107797,-0.000551,in_band
2026-07-08T18:09:59Z,90.5882,0.104855,0.104321,-0.000534,in_band
2026-07-08T18:10:00Z,90.5882,0.104796,0.104263,-0.000533,in_band
2026-07-08T18:10:59Z,90.5562,0.101417,0.100901,-0.000516,in_band
2026-07-08T18:11:00Z,90.5562,0.101361,0.100845,-0.000516,in_band
2026-07-08T18:11:59Z,90.5409,0.098092,0.097593,-0.000499,in_band
2026-07-08T18:12:00Z,90.5409,0.098038,0.097539,-0.000499,in_band
2026-07-08T18:12:59Z,90.4631,0.094876,0.094394,-0.000483,in_band
2026-07-08T18:13:00Z,90.4631,0.094824,0.094341,-0.000482,in_band
2026-07-08T18:13:59Z,90.4448,0.091766,0.091299,-0.000467,in_band
2026-07-08T18:14:00Z,90.4448,0.091715,0.091248,-0.000467,in_band
2026-07-08T18:14:59Z,90.3410,0.088758,0.088306,-0.000452,in_band
2026-07-08T18:15:00Z,90.3410,0.088708,0.088257,-0.000451,in_band
2026-07-08T18:15:59Z,90.3395,0.085848,0.085411,-0.000437,in_band
2026-07-08T18:16:00Z,90.3395,0.085800,0.085363,-0.000437,in_band
2026-07-08T18:16:59Z,90.2586,0.083033,0.082611,-0.000423,in_band
2026-07-08T18:17:00Z,90.2586,0.082987,0.082565,-0.000422,in_band
2026-07-08T18:17:59Z,90.2403,0.080311,0.079903,-0.000409,in_band
2026-07-08T18:18:00Z,90.2403,0.080267,0.079858,-0.000408,in_band
2026-07-08T18:18:59Z,90.1671,0.077678,0.077283,-0.000395,in_band
2026-07-08T18:19:00Z,90.1671,0.077635,0.077240,-0.000395,in_band
2026-07-08T18:19:59Z,90.1350,0.075132,0.074749,-0.000382,in_band
2026-07-08T18:20:00Z,90.1350,0.075090,0.074708,-0.000382,in_band
2026-07-08T18:20:59Z,90.0420,0.072669,0.072299,-0.000370,in_band
2026-07-08T18:21:00Z,90.0420,0.072628,0.072259,-0.000370,in_band
2026-07-08T18:21:59Z,89.9413,0.071092,0.071319,0.000226,below_midpoint_feather
2026-07-08T18:22:53Z,89.9474,0.071855,0.071239,-0.000616,below_midpoint_feather
2026-07-08T18:22:56Z,89.8970,0.071857,0.072356,0.000499,below_midpoint_feather
2026-07-08T18:23:21Z,89.8604,0.072204,0.073648,0.001444,below_midpoint_feather
2026-07-08T18:23:39Z,89.9107,0.073405,0.072039,-0.001365,below_midpoint_feather
2026-07-08T18:24:17Z,89.8787,0.074403,0.073103,-0.001300,below_midpoint_feather
2026-07-08T18:24:29Z,89.8054,0.074006,0.076441,0.002435,below_midpoint_feather
2026-07-08T18:25:20Z,89.7673,0.076895,0.079065,0.002169,below_midpoint_feather
2026-07-08T18:25:55Z,89.7963,0.079833,0.077610,-0.002223,below_midpoint_feather
2026-07-08T18:26:39Z,89.7414,0.084047,0.081836,-0.002212,below_midpoint_feather
2026-07-08T18:26:58Z,89.7124,0.081581,0.084421,0.002840,below_midpoint_feather
2026-07-08T18:27:29Z,89.7505,0.085727,0.082128,-0.003599,below_midpoint_feather
2026-07-08T18:27:59Z,89.6635,0.086792,0.090063,0.003271,below_midpoint_feather
2026-07-08T18:28:51Z,89.6132,0.092083,0.096653,0.004570,below_midpoint_feather
2026-07-08T18:28:55Z,89.6544,0.095469,0.092483,-0.002986,below_midpoint_feather
2026-07-08T18:29:20Z,89.5811,0.096126,0.101284,0.005158,below_midpoint_feather
2026-07-08T18:29:23Z,89.6544,0.099778,0.093432,-0.006346,below_midpoint_feather
2026-07-08T18:30:42Z,89.4881,0.112701,0.117303,0.004602,below_midpoint_feather
2026-07-08T18:30:51Z,89.5262,0.116187,0.112477,-0.003710,below_midpoint_feather
2026-07-08T18:31:28Z,89.4285,0.122824,0.129420,0.006595,below_midpoint_feather
2026-07-08T18:31:35Z,89.4697,0.128058,0.123476,-0.004582,below_midpoint_feather
2026-07-08T18:32:43Z,89.3690,0.140214,0.146049,0.005835,below_midpoint_feather
2026-07-08T18:32:55Z,89.3889,0.148415,0.143778,-0.004638,below_midpoint_feather
2026-07-08T18:33:30Z,89.2958,0.155991,0.165159,0.009168,below_midpoint_feather
2026-07-08T18:33:47Z,89.3248,0.167875,0.161609,-0.006265,below_midpoint_feather
2026-07-08T18:34:11Z,89.3019,0.172014,0.169340,-0.002674,below_midpoint_feather
2026-07-08T18:34:40Z,89.2287,0.180659,0.188949,0.008290,below_midpoint_feather
2026-07-08T18:35:30Z,89.1630,0.201128,0.212290,0.011162,below_midpoint_feather
2026-07-08T18:35:37Z,89.2195,0.207249,0.200573,-0.006676,below_midpoint_feather
2026-07-08T18:36:19Z,89.2042,0.220652,0.212135,-0.008517,below_midpoint_feather
2026-07-08T18:36:37Z,89.1234,0.223258,0.235086,0.011828,below_midpoint_feather
2026-07-08T18:37:38Z,89.0730,0.252877,0.261639,0.008761,below_midpoint_feather
2026-07-08T18:37:41Z,89.1585,0.248964,0.240868,-0.008096,below_midpoint_feather
2026-07-08T18:38:05Z,89.0715,0.257823,0.268587,0.010764,below_midpoint_feather
2026-07-08T18:38:51Z,89.0639,0.285461,0.282338,-0.003123,below_midpoint_feather
2026-07-08T18:39:05Z,89.0867,0.286310,0.280070,-0.006241,below_midpoint_feather
2026-07-08T18:39:29Z,88.9860,0.299516,0.314289,0.014773,below_midpoint_feather
2026-07-08T18:40:39Z,88.9708,0.330354,0.339409,0.009055,below_midpoint_feather
2026-07-08T18:40:41Z,89.0410,0.327938,0.320175,-0.007763,below_midpoint_feather
2026-07-08T18:41:47Z,88.9525,0.355802,0.366422,0.010620,below_midpoint_feather
2026-07-08T18:41:53Z,89.0028,0.364450,0.353753,-0.010697,below_midpoint_feather
2026-07-08T18:42:43Z,88.9982,0.379474,0.371908,-0.007565,below_midpoint_feather
2026-07-08T18:42:53Z,88.9357,0.380220,0.393709,0.013488,below_midpoint_feather
2026-07-08T18:43:03Z,88.9982,0.392200,0.378758,-0.013442,below_midpoint_feather
2026-07-08T18:43:39Z,88.9113,0.403370,0.417184,0.013813,below_midpoint_feather
2026-07-08T18:44:19Z,89.0028,0.421246,0.404306,-0.016940,below_midpoint_feather
2026-07-08T18:44:31Z,88.9158,0.423283,0.434381,0.011097,below_midpoint_feather
2026-07-08T18:45:11Z,88.9586,0.447221,0.436145,-0.011076,below_midpoint_feather
2026-07-08T18:45:49Z,88.8838,0.463461,0.473397,0.009936,below_midpoint_feather
2026-07-08T18:46:03Z,88.8991,0.463173,0.473917,0.010745,below_midpoint_feather
2026-07-08T18:46:19Z,88.9479,0.475854,0.465077,-0.010777,below_midpoint_feather
2026-07-08T18:47:05Z,88.8991,0.488495,0.497854,0.009359,below_midpoint_feather
2026-07-08T18:47:47Z,88.9525,0.511590,0.498063,-0.013528,below_midpoint_feather
2026-07-08T18:48:39Z,88.8853,0.527986,0.539296,0.011310,below_midpoint_feather
2026-07-08T18:48:47Z,88.9525,0.531609,0.521796,-0.009813,below_midpoint_feather
2026-07-08T18:49:17Z,88.9525,0.547168,0.533531,-0.013637,below_midpoint_feather
2026-07-08T18:49:33Z,88.8609,0.553429,0.568241,0.014812,below_midpoint_feather
2026-07-08T18:50:33Z,88.9937,0.568493,0.551239,-0.017254,below_midpoint_feather
2026-07-08T18:50:55Z,88.9158,0.573338,0.582857,0.009520,below_midpoint_feather
2026-07-08T18:51:37Z,88.9662,0.591679,0.583699,-0.007981,below_midpoint_feather
2026-07-08T18:51:43Z,88.9113,0.588461,0.602562,0.014101,below_midpoint_feather
2026-07-08T18:52:07Z,88.9982,0.595280,0.585802,-0.009478,below_midpoint_feather
2026-07-08T18:52:57Z,88.9662,0.606735,0.613595,0.006859,below_midpoint_feather
2026-07-08T18:53:15Z,88.9433,0.609734,0.626868,0.017134,below_midpoint_feather
2026-07-08T18:53:55Z,89.0547,0.621281,0.609264,-0.012016,below_midpoint_feather
2026-07-08T18:54:05Z,88.9723,0.629536,0.635846,0.006310,below_midpoint_feather
2026-07-08T18:54:48Z,89.0913,0.627553,0.617590,-0.009963,below_midpoint_feather
2026-07-08T18:55:12Z,89.1356,0.621289,0.614096,-0.007193,below_midpoint_feather
2026-07-08T18:55:43Z,89.1051,0.622646,0.630999,0.008353,below_midpoint_feather
2026-07-08T18:56:04Z,89.1905,0.625271,0.616216,-0.009055,below_midpoint_feather
2026-07-08T18:56:07Z,89.1402,0.619211,0.628995,0.009784,below_midpoint_feather
2026-07-08T18:57:07Z,89.2058,0.621561,0.628820,0.007259,below_midpoint_feather
2026-07-08T18:57:36Z,89.3095,0.624221,0.613461,-0.010760,below_midpoint_feather
2026-07-08T18:58:07Z,89.2744,0.620389,0.626936,0.006547,below_midpoint_feather
2026-07-08T18:58:54Z,89.4072,0.619500,0.610650,-0.008850,below_midpoint_feather
2026-07-08T18:59:52Z,89.4881,0.612009,0.606853,-0.005157,below_midpoint_feather
2026-07-08T18:59:53Z,89.4072,0.614312,0.619694,0.005383,below_midpoint_feather
2026-07-08T19:00:04Z,89.4881,0.613878,0.608458,-0.005420,below_midpoint_feather
2026-07-08T19:00:13Z,89.4240,0.612944,0.619532,0.006589,below_midpoint_feather
2026-07-08T19:01:00Z,89.5567,0.610466,0.605650,-0.004815,below_midpoint_feather
2026-07-08T19:01:21Z,89.5262,0.607550,0.611675,0.004125,below_midpoint_feather
2026-07-08T19:02:26Z,89.6590,0.606398,0.601528,-0.004870,below_midpoint_feather
2026-07-08T19:02:49Z,89.6132,0.604257,0.607781,0.003524,below_midpoint_feather
2026-07-08T19:03:35Z,89.6574,0.602845,0.605751,0.002906,below_midpoint_feather
2026-07-08T19:03:37Z,89.7276,0.602944,0.599710,-0.003234,below_midpoint_feather
2026-07-08T19:04:04Z,89.7688,0.601151,0.597979,-0.003172,below_midpoint_feather
2026-07-08T19:04:39Z,89.7581,0.599030,0.599990,0.000960,below_midpoint_feather
2026-07-08T19:05:38Z,89.8909,0.596444,0.594878,-0.001565,below_midpoint_feather
2026-07-08T19:05:51Z,89.8558,0.595981,0.596373,0.000392,below_midpoint_feather
2026-07-08T19:06:11Z,89.8878,0.595410,0.595498,0.000088,below_midpoint_feather
2026-07-08T19:06:14Z,89.9367,0.595450,0.594318,-0.001132,below_midpoint_feather
2026-07-08T19:07:01Z,89.9748,0.594750,0.594278,-0.000472,below_midpoint_feather
2026-07-08T19:07:24Z,90.0191,0.592689,0.590363,-0.002327,in_band
2026-07-08T19:08:00Z,90.0572,0.581076,0.580078,-0.000999,in_band
2026-07-08T19:08:59Z,90.1808,0.562433,0.561461,-0.000972,in_band
2026-07-08T19:09:00Z,90.1808,0.562121,0.561150,-0.000971,in_band
2026-07-08T19:09:59Z,90.2358,0.544030,0.543088,-0.000942,in_band
2026-07-08T19:10:00Z,90.2358,0.543728,0.542787,-0.000941,in_band
2026-07-08T19:10:59Z,90.3304,0.526208,0.525296,-0.000912,in_band
2026-07-08T19:11:00Z,90.3304,0.525916,0.525004,-0.000911,in_band
2026-07-08T19:11:59Z,90.3914,0.508962,0.508080,-0.000882,in_band
2026-07-08T19:12:00Z,90.3914,0.508679,0.507797,-0.000882,in_band
2026-07-08T19:12:59Z,90.4646,0.492278,0.491424,-0.000853,in_band
2026-07-08T19:13:00Z,90.4646,0.492004,0.491151,-0.000853,in_band
2026-07-08T19:13:59Z,90.5058,0.476140,0.475314,-0.000825,in_band
2026-07-08T19:14:00Z,90.5058,0.475875,0.475050,-0.000825,in_band
2026-07-08T19:14:59Z,90.5333,0.460530,0.459732,-0.000798,in_band
2026-07-08T19:15:00Z,90.5333,0.460274,0.459476,-0.000798,in_band
2026-07-08T19:15:59Z,90.5592,0.445432,0.444660,-0.000772,in_band
2026-07-08T19:16:00Z,90.5592,0.445185,0.444413,-0.000772,in_band
2026-07-08T19:16:59Z,90.5913,0.430829,0.430082,-0.000746,in_band
2026-07-08T19:17:00Z,90.5913,0.430590,0.429844,-0.000746,in_band
2026-07-08T19:17:59Z,90.6233,0.416705,0.415983,-0.000722,in_band
2026-07-08T19:18:00Z,90.6233,0.416473,0.415752,-0.000722,in_band
2026-07-08T19:18:59Z,90.6477,0.403044,0.402345,-0.000699,in_band
2026-07-08T19:19:00Z,90.6477,0.402820,0.402122,-0.000698,in_band
2026-07-08T19:19:59Z,90.6783,0.389830,0.389155,-0.000676,in_band
2026-07-08T19:20:00Z,90.6783,0.389614,0.388939,-0.000675,in_band
2026-07-08T19:20:59Z,90.6249,0.377050,0.376397,-0.000654,in_band
2026-07-08T19:21:00Z,90.6249,0.376841,0.376188,-0.000653,in_band
2026-07-08T19:21:59Z,90.6828,0.364689,0.364057,-0.000632,in_band
2026-07-08T19:22:00Z,90.6828,0.364487,0.363855,-0.000632,in_band
2026-07-08T19:22:59Z,90.6615,0.352733,0.352122,-0.000611,in_band
2026-07-08T19:23:00Z,90.6615,0.352537,0.351926,-0.000611,in_band
2026-07-08T19:23:59Z,90.7057,0.341169,0.340578,-0.000591,in_band
2026-07-08T19:24:00Z,90.7057,0.340980,0.340389,-0.000591,in_band
2026-07-08T19:24:59Z,90.7012,0.329984,0.329412,-0.000572,in_band
2026-07-08T19:25:00Z,90.7012,0.329801,0.329229,-0.000572,in_band
2026-07-08T19:25:59Z,90.7530,0.319166,0.318613,-0.000553,in_band
2026-07-08T19:26:00Z,90.7530,0.318989,0.318436,-0.000553,in_band
2026-07-08T19:26:59Z,90.8110,0.308703,0.308168,-0.000535,in_band
2026-07-08T19:27:00Z,90.8110,0.308531,0.307996,-0.000535,in_band
2026-07-08T19:27:59Z,90.8522,0.298582,0.298065,-0.000518,in_band
2026-07-08T19:28:00Z,90.8522,0.298416,0.297899,-0.000517,in_band
2026-07-08T19:28:59Z,90.9483,0.288794,0.288293,-0.000501,in_band
2026-07-08T19:29:00Z,90.9483,0.288633,0.288133,-0.000500,in_band
2026-07-08T19:29:59Z,90.9865,0.279326,0.278842,-0.000484,in_band
2026-07-08T19:30:00Z,90.9865,0.279171,0.278687,-0.000484,in_band
2026-07-08T19:30:59Z,91.0262,0.270168,0.269700,-0.000468,in_band
2026-07-08T19:31:00Z,91.0262,0.270018,0.269550,-0.000468,in_band
2026-07-08T19:31:59Z,91.0735,0.261311,0.260858,-0.000453,in_band
2026-07-08T19:32:00Z,91.0735,0.261166,0.260713,-0.000453,in_band
2026-07-08T19:32:59Z,91.1467,0.252744,0.252306,-0.000438,in_band
2026-07-08T19:33:00Z,91.1467,0.252604,0.252166,-0.000438,in_band
2026-07-08T19:33:59Z,91.1910,0.244458,0.244035,-0.000424,in_band
2026-07-08T19:34:00Z,91.1910,0.244323,0.243899,-0.000423,in_band
2026-07-08T19:34:59Z,91.2093,0.236444,0.236034,-0.000410,in_band
2026-07-08T19:35:00Z,91.2093,0.236313,0.235903,-0.000410,in_band
2026-07-08T19:35:59Z,91.2413,0.228693,0.228296,-0.000396,in_band
2026-07-08T19:36:00Z,91.2413,0.228566,0.228169,-0.000396,in_band
2026-07-08T19:36:59Z,91.2978,0.221195,0.220812,-0.000383,in_band
2026-07-08T19:37:00Z,91.2978,0.221072,0.220689,-0.000383,in_band
2026-07-08T19:37:59Z,91.3100,0.213943,0.213573,-0.000371,in_band
2026-07-08T19:38:00Z,91.3100,0.213825,0.213454,-0.000371,in_band
2026-07-08T19:38:59Z,91.3649,0.206930,0.206571,-0.000359,in_band
2026-07-08T19:39:00Z,91.3649,0.206815,0.206456,-0.000358,in_band
2026-07-08T19:39:59Z,91.4214,0.200146,0.199799,-0.000347,in_band
2026-07-08T19:40:00Z,91.4214,0.200034,0.199688,-0.000347,in_band
2026-07-08T19:40:59Z,91.4336,0.193584,0.193249,-0.000336,in_band
2026-07-08T19:41:00Z,91.4336,0.193477,0.193141,-0.000335,in_band
2026-07-08T19:41:59Z,91.4473,0.187238,0.186913,-0.000325,in_band
2026-07-08T19:42:57Z,91.5267,0.181301,0.170712,-0.010588,above_band_high
2026-07-08T19:42:59Z,91.4855,0.181099,0.181987,0.000888,in_band
2026-07-08T19:43:00Z,91.4855,0.180999,0.181884,0.000885,in_band
2026-07-08T19:43:01Z,91.5129,0.177435,0.176366,-0.001069,above_band_high
2026-07-08T19:44:35Z,91.5267,0.157548,0.168308,0.010760,above_band_high
2026-07-08T19:44:56Z,91.5816,0.156982,0.144268,-0.012714,above_band_high
2026-07-08T19:45:17Z,91.5221,0.151694,0.168855,0.017161,above_band_high
2026-07-08T19:45:23Z,91.5908,0.152088,0.139303,-0.012785,above_band_high
2026-07-08T19:46:09Z,91.5572,0.136073,0.151237,0.015164,above_band_high
2026-07-08T19:46:41Z,91.6396,0.126145,0.113958,-0.012187,above_band_high
2026-07-08T19:47:01Z,91.5862,0.118674,0.135147,0.016473,above_band_high
2026-07-08T19:47:47Z,91.6670,0.108408,0.096236,-0.012172,above_band_high
2026-07-08T19:48:51Z,91.6533,0.080456,0.094153,0.013697,above_band_high
2026-07-08T19:48:55Z,91.7220,0.082495,0.064280,-0.018216,above_band_high
2026-07-08T19:49:05Z,91.6594,0.073231,0.089484,0.016253,above_band_high
2026-07-08T19:49:44Z,91.7418,0.061076,0.047959,-0.013116,above_band_high
2026-07-08T19:50:11Z,91.7006,0.042544,0.060609,0.018065,above_band_high
2026-07-08T19:50:39Z,91.7769,0.036293,0.022412,-0.013881,above_band_high
2026-07-08T19:51:01Z,91.8135,0.020496,0.002024,-0.018472,above_band_high
2026-07-08T19:51:05Z,91.7357,0.019594,0.034315,0.014721,above_band_high
2026-07-08T19:52:00Z,91.7876,0.000000,0.000000,0.000000,above_band_high
2026-07-08T19:52:23Z,91.7556,0.000000,0.006243,0.006243,above_band_high
2026-07-08T19:53:00Z,91.8318,0.000000,0.000000,0.000000,above_band_high
2026-07-08T19:54:00Z,91.8105,0.000000,0.000000,0.000000,above_band_high
2026-07-08T19:55:00Z,91.9051,0.000000,0.000000,0.000000,above_band_high
2026-07-08T19:56:00Z,91.9280,0.000000,0.000000,0.000000,above_band_high
2026-07-08T19:57:00Z,91.9646,0.000000,0.000000,0.000000,above_band_high
2026-07-08T19:58:00Z,91.9966,0.000000,0.000000,0.000000,above_band_high
2026-07-08T19:59:00Z,92.0851,0.000000,0.000000,0.000000,above_band_high
2026-07-08T20:00:00Z,92.1538,0.000000,0.000000,0.000000,above_band_high
2026-07-08T20:01:00Z,92.2271,0.000000,0.000000,0.000000,above_band_high
2026-07-08T20:02:00Z,92.2530,0.000000,0.000000,0.000000,above_band_high
2026-07-08T20:03:00Z,92.3354,0.000000,0.000000,0.000000,above_band_high
2026-07-08T20:04:00Z,92.3674,0.000000,0.000000,0.000000,above_band_high
2026-07-08T20:05:00Z,92.4559,0.000000,0.000000,0.000000,above_band_high
2026-07-08T20:06:00Z,92.5185,0.000000,0.000000,0.000000,above_band_high
2026-07-08T20:07:00Z,92.5795,0.000000,0.000000,0.000000,above_band_high
2026-07-08T20:08:00Z,92.6329,0.000000,0.000000,0.000000,above_band_high
2026-07-08T20:09:00Z,92.6848,0.000000,0.000000,0.000000,above_band_high
2026-07-08T20:10:00Z,92.6970,0.000000,0.000000,0.000000,above_band_high
2026-07-08T20:11:00Z,92.7398,0.000000,0.000000,0.000000,above_band_high
2026-07-08T20:12:00Z,92.7489,0.000000,0.000000,0.000000,above_band_high
2026-07-08T20:13:00Z,92.7489,0.000000,0.000000,0.000000,above_band_high
2026-07-08T20:14:00Z,92.7489,0.000000,0.000000,0.000000,above_band_high
2026-07-08T20:15:00Z,92.7169,0.000000,0.000000,0.000000,above_band_high
2026-07-08T20:16:00Z,92.6711,0.000000,0.000000,0.000000,above_band_high
2026-07-08T20:17:00Z,92.6802,0.000000,0.000000,0.000000,above_band_high
2026-07-08T20:18:00Z,92.6970,0.000000,0.000000,0.000000,above_band_high
2026-07-08T20:19:00Z,92.6101,0.000000,0.000000,0.000000,above_band_high
2026-07-08T20:20:00Z,92.5643,0.000000,0.000000,0.000000,above_band_high
2026-07-08T20:21:00Z,92.6070,0.000000,0.000000,0.000000,above_band_high
2026-07-08T20:22:00Z,92.5429,0.000000,0.000000,0.000000,above_band_high
2026-07-08T20:23:00Z,92.5521,0.000000,0.000000,0.000000,above_band_high
2026-07-08T20:24:00Z,92.4971,0.000000,0.000000,0.000000,above_band_high
2026-07-08T20:25:00Z,92.4926,0.000000,0.000000,0.000000,above_band_high
2026-07-08T20:26:00Z,92.4834,0.000000,0.000000,0.000000,above_band_high
2026-07-08T20:27:00Z,92.5185,0.000000,0.000000,0.000000,above_band_high
2026-07-08T20:28:00Z,92.5109,0.000000,0.000000,0.000000,above_band_high
2026-07-08T20:29:00Z,92.5017,0.000000,0.000000,0.000000,above_band_high
2026-07-08T20:30:00Z,92.5429,0.000000,0.000000,0.000000,above_band_high
2026-07-08T20:31:00Z,92.5887,0.000000,0.000000,0.000000,above_band_high
2026-07-08T20:32:00Z,92.6146,0.000000,0.000000,0.000000,above_band_high
2026-07-08T20:33:00Z,92.6390,0.000000,0.000000,0.000000,above_band_high
2026-07-08T20:34:00Z,92.6787,0.000000,0.000000,0.000000,above_band_high
2026-07-08T20:35:00Z,92.6894,0.000000,0.000000,0.000000,above_band_high
2026-07-08T20:36:00Z,92.7153,0.000000,0.000000,0.000000,above_band_high
2026-07-08T20:37:00Z,92.7565,0.000000,0.000000,0.000000,above_band_high
2026-07-08T20:38:00Z,92.7703,0.000000,0.000000,0.000000,above_band_high
2026-07-08T20:39:00Z,92.8542,0.000000,0.000000,0.000000,above_band_high
2026-07-08T20:40:00Z,92.8344,0.000000,0.000000,0.000000,above_band_high
2026-07-08T20:41:00Z,92.8771,0.000000,0.000000,0.000000,above_band_high
2026-07-08T20:42:00Z,92.9046,0.000000,0.000000,0.000000,above_band_high
2026-07-08T20:43:00Z,92.9168,0.000000,0.000000,0.000000,above_band_high
2026-07-08T20:44:00Z,92.9961,0.000000,0.000000,0.000000,above_band_high
2026-07-08T20:45:00Z,92.9808,0.000000,0.000000,0.000000,above_band_high
2026-07-08T20:46:00Z,92.9946,0.000000,0.000000,0.000000,above_band_high
2026-07-08T20:47:00Z,92.9763,0.000000,0.000000,0.000000,above_band_high
2026-07-08T20:48:00Z,93.0236,0.000000,0.000000,0.000000,above_band_high
2026-07-08T20:49:00Z,93.0312,0.000000,0.000000,0.000000,above_band_high
2026-07-08T20:50:00Z,93.0129,0.000000,0.000000,0.000000,above_band_high
2026-07-08T20:51:00Z,93.0098,0.000000,0.000000,0.000000,above_band_high
2026-07-08T20:52:00Z,93.0587,0.000000,0.000000,0.000000,above_band_high
2026-07-08T20:53:00Z,93.0282,0.000000,0.000000,0.000000,above_band_high
2026-07-08T20:54:00Z,93.0556,0.000000,0.000000,0.000000,above_band_high
2026-07-08T20:55:00Z,93.0510,0.000000,0.000000,0.000000,above_band_high
2026-07-08T20:56:00Z,93.0999,0.000000,0.000000,0.000000,above_band_high
2026-07-08T20:57:00Z,93.0877,0.000000,0.000000,0.000000,above_band_high
2026-07-08T20:58:00Z,93.0510,0.000000,0.000000,0.000000,above_band_high
2026-07-08T20:59:00Z,93.0510,0.000000,0.000000,0.000000,above_band_high
2026-07-08T21:00:00Z,93.0465,0.000000,0.000000,0.000000,above_band_high
2026-07-08T21:01:00Z,93.0404,0.000000,0.000000,0.000000,above_band_high
2026-07-08T21:02:00Z,93.0587,0.000000,0.000000,0.000000,above_band_high
2026-07-08T21:03:00Z,93.0465,0.000000,0.000000,0.000000,above_band_high
2026-07-08T21:04:00Z,93.0861,0.000000,0.000000,0.000000,above_band_high
2026-07-08T21:05:00Z,93.0419,0.000000,0.000000,0.000000,above_band_high
2026-07-08T21:06:00Z,93.0327,0.000000,0.000000,0.000000,above_band_high
2026-07-08T21:07:00Z,93.0449,0.000000,0.000000,0.000000,above_band_high
2026-07-08T21:08:00Z,93.0419,0.000000,0.000000,0.000000,above_band_high
2026-07-08T21:09:00Z,93.0785,0.000000,0.000000,0.000000,above_band_high
2026-07-08T21:10:00Z,93.0083,0.000000,0.000000,0.000000,above_band_high
2026-07-08T21:11:00Z,92.9854,0.000000,0.000000,0.000000,above_band_high
2026-07-08T21:12:00Z,93.0037,0.000000,0.000000,0.000000,above_band_high
2026-07-08T21:13:00Z,93.0037,0.000000,0.000000,0.000000,above_band_high
2026-07-08T21:14:00Z,92.9671,0.000000,0.000000,0.000000,above_band_high
2026-07-08T21:15:00Z,92.9595,0.000000,0.000000,0.000000,above_band_high
2026-07-08T21:16:00Z,92.9259,0.000000,0.000000,0.000000,above_band_high
2026-07-08T21:17:00Z,92.8893,0.000000,0.000000,0.000000,above_band_high
2026-07-08T21:18:00Z,92.8450,0.000000,0.000000,0.000000,above_band_high
2026-07-08T21:19:00Z,92.8206,0.000000,0.000000,0.000000,above_band_high
2026-07-08T21:20:00Z,92.7977,0.000000,0.000000,0.000000,above_band_high
2026-07-08T21:21:00Z,92.7718,0.000000,0.000000,0.000000,above_band_high
2026-07-08T21:22:00Z,92.7581,0.000000,0.000000,0.000000,above_band_high
2026-07-08T21:23:00Z,92.7337,0.000000,0.000000,0.000000,above_band_high
2026-07-08T21:24:00Z,92.7260,0.000000,0.000000,0.000000,above_band_high
2026-07-08T21:25:00Z,92.6879,0.000000,0.000000,0.000000,above_band_high
2026-07-08T21:26:00Z,92.6802,0.000000,0.000000,0.000000,above_band_high
2026-07-08T21:27:00Z,92.7077,0.000000,0.000000,0.000000,above_band_high
2026-07-08T21:28:00Z,92.7031,0.000000,0.000000,0.000000,above_band_high
2026-07-08T21:29:00Z,92.7398,0.000000,0.000000,0.000000,above_band_high
2026-07-08T21:30:00Z,92.7260,0.000000,0.000000,0.000000,above_band_high
2026-07-08T21:31:00Z,92.7031,0.000000,0.000000,0.000000,above_band_high
2026-07-08T21:32:00Z,92.7398,0.000000,0.000000,0.000000,above_band_high
2026-07-08T21:33:00Z,92.7657,0.000000,0.000000,0.000000,above_band_high
2026-07-08T21:34:00Z,92.7337,0.000000,0.000000,0.000000,above_band_high
2026-07-08T21:35:00Z,92.7398,0.000000,0.000000,0.000000,above_band_high
2026-07-08T21:36:00Z,92.7382,0.000000,0.000000,0.000000,above_band_high
2026-07-08T21:37:00Z,92.7153,0.000000,0.000000,0.000000,above_band_high
2026-07-08T21:38:00Z,92.7153,0.000000,0.000000,0.000000,above_band_high
2026-07-08T21:39:00Z,92.7108,0.000000,0.000000,0.000000,above_band_high
2026-07-08T21:40:00Z,92.7108,0.000000,0.000000,0.000000,above_band_high
2026-07-08T21:41:00Z,92.6513,0.000000,0.000000,0.000000,above_band_high
2026-07-08T21:42:00Z,92.6055,0.000000,0.000000,0.000000,above_band_high
2026-07-08T21:43:00Z,92.5704,0.000000,0.000000,0.000000,above_band_high
2026-07-08T21:44:00Z,92.5292,0.000000,0.000000,0.000000,above_band_high
2026-07-08T21:45:00Z,92.5246,0.000000,0.000000,0.000000,above_band_high
2026-07-08T21:46:00Z,92.4559,0.000000,0.000000,0.000000,above_band_high
2026-07-08T21:47:00Z,92.4453,0.000000,0.000000,0.000000,above_band_high
2026-07-08T21:48:00Z,92.4086,0.000000,0.000000,0.000000,above_band_high
2026-07-08T21:49:00Z,92.3278,0.000000,0.000000,0.000000,above_band_high
2026-07-08T21:50:00Z,92.2896,0.000000,0.000000,0.000000,above_band_high
2026-07-08T21:51:00Z,92.2454,0.000000,0.000000,0.000000,above_band_high
2026-07-08T21:52:00Z,92.1752,0.000000,0.000000,0.000000,above_band_high
2026-07-08T21:53:00Z,92.1172,0.000000,0.000000,0.000000,above_band_high
2026-07-08T21:54:00Z,92.0562,0.000000,0.000000,0.000000,above_band_high
2026-07-08T21:55:00Z,91.9615,0.000000,0.000000,0.000000,above_band_high
2026-07-08T21:56:00Z,91.8242,0.000000,0.000000,0.000000,above_band_high
2026-07-08T21:57:00Z,91.7311,0.000000,0.000000,0.000000,above_band_high
2026-07-08T21:58:33Z,91.4977,0.000000,0.009436,0.009436,in_band
2026-07-08T21:58:41Z,91.4992,0.008880,0.008334,-0.000546,in_band
2026-07-08T22:00:09Z,91.3069,0.002073,0.001959,-0.000115,in_band
2026-07-08T22:00:59Z,91.2062,0.000907,0.000857,-0.000050,in_band
2026-07-08T22:01:00Z,91.2062,0.000892,0.000843,-0.000049,in_band
2026-07-08T22:01:59Z,91.0857,0.000337,0.000318,-0.000019,in_band
2026-07-08T22:02:00Z,91.0857,0.000331,0.000313,-0.000018,in_band
2026-07-08T22:02:59Z,90.9590,0.000125,0.000118,-0.000007,in_band
2026-07-08T22:03:00Z,90.9590,0.000123,0.000116,-0.000007,in_band
2026-07-08T22:03:59Z,90.8034,0.000046,0.000044,-0.000003,in_band
2026-07-08T22:04:00Z,90.8034,0.000046,0.000043,-0.000003,in_band
2026-07-08T22:04:59Z,90.7027,0.000017,0.000016,-0.000001,in_band
2026-07-08T22:05:00Z,90.7027,0.000017,0.000016,-0.000001,in_band
2026-07-08T22:05:59Z,90.5653,0.000006,0.000006,-0.000000,in_band
2026-07-08T22:06:00Z,90.5653,0.000006,0.000006,-0.000000,in_band
2026-07-08T22:06:59Z,90.3899,0.000002,0.000002,-0.000000,in_band
2026-07-08T22:07:00Z,90.3899,0.000002,0.000002,-0.000000,in_band
2026-07-08T22:07:59Z,90.2296,0.000001,0.000001,-0.000000,in_band
2026-07-08T22:08:00Z,90.2296,0.000001,0.000001,-0.000000,in_band
2026-07-08T22:08:59Z,90.0664,0.000000,0.000000,-0.000000,in_band
2026-07-08T22:09:45Z,89.8695,0.000491,0.002421,0.001930,below_midpoint_feather
2026-07-08T22:09:57Z,89.9275,0.000913,0.000750,-0.000163,below_midpoint_feather
2026-07-08T22:10:41Z,89.8054,0.006590,0.005456,-0.001134,below_midpoint_feather
2026-07-08T22:10:56Z,89.7002,0.009077,0.012935,0.003858,below_midpoint_feather
2026-07-08T22:11:41Z,89.6483,0.019633,0.018332,-0.001301,below_midpoint_feather
2026-07-08T22:11:46Z,89.5888,0.020053,0.024898,0.004845,below_midpoint_feather
2026-07-08T22:12:03Z,89.5720,0.027768,0.027344,-0.000424,below_midpoint_feather
2026-07-08T22:12:26Z,89.4560,0.035745,0.044215,0.008470,below_midpoint_feather
2026-07-08T22:13:43Z,89.2729,0.088295,0.082955,-0.005340,below_midpoint_feather
2026-07-08T22:13:54Z,89.1997,0.091174,0.100140,0.008966,below_midpoint_feather
2026-07-08T22:14:49Z,89.0806,0.144129,0.138022,-0.006107,below_midpoint_feather
2026-07-08T22:14:54Z,89.0211,0.140651,0.155106,0.014455,below_midpoint_feather
2026-07-08T22:15:32Z,88.9021,0.179694,0.199258,0.019564,below_midpoint_feather
2026-07-08T22:15:39Z,88.9220,0.200090,0.195041,-0.005050,below_midpoint_feather
2026-07-08T22:16:38Z,88.6976,0.272760,0.290972,0.018212,below_midpoint_feather
2026-07-08T22:16:51Z,88.7282,0.298090,0.285174,-0.012916,below_midpoint_feather
2026-07-08T22:17:12Z,88.6183,0.314249,0.336072,0.021823,below_midpoint_feather
2026-07-08T22:17:31Z,88.6412,0.344628,0.336470,-0.008158,below_midpoint_feather
2026-07-08T22:18:28Z,88.3818,0.449244,0.477088,0.027844,below_midpoint_feather
2026-07-08T22:18:35Z,88.4504,0.470042,0.452412,-0.017630,below_midpoint_feather
2026-07-08T22:19:12Z,88.3024,0.522852,0.542061,0.019209,below_midpoint_feather
2026-07-08T22:19:41Z,88.3070,0.567127,0.563172,-0.003955,below_midpoint_feather
2026-07-08T22:20:11Z,88.2246,0.629759,0.624118,-0.005641,below_midpoint_feather
2026-07-08T22:20:26Z,88.1239,0.661537,0.680766,0.019229,below_midpoint_feather
2026-07-08T22:21:15Z,88.0705,0.760538,0.752288,-0.008249,below_midpoint_feather
2026-07-08T22:21:30Z,88.0095,0.774595,0.794464,0.019869,below_midpoint_feather
2026-07-08T22:22:41Z,88.0049,0.887119,0.878211,-0.008908,below_midpoint_feather
2026-07-08T22:22:58Z,87.9423,0.909654,0.925549,0.015895,below_midpoint_feather
2026-07-08T22:23:23Z,88.0003,0.937805,0.931658,-0.006147,below_midpoint_feather
2026-07-08T22:23:29Z,87.9316,0.943950,0.968411,0.024462,below_midpoint_feather
2026-07-08T22:24:00Z,87.9042,0.989870,1.000000,0.010130,below_midpoint_feather
2026-07-08T22:24:05Z,87.9683,1.000000,0.997957,-0.002043,below_midpoint_feather
2026-07-08T22:25:00Z,88.0293,1.000000,1.000000,0.000000,below_midpoint_feather
2026-07-08T22:26:00Z,87.9927,1.000000,1.000000,0.000000,below_midpoint_feather
2026-07-08T22:27:00Z,87.8141,1.000000,1.000000,0.000000,below_midpoint_feather
2026-07-08T22:28:00Z,87.8691,1.000000,1.000000,0.000000,below_midpoint_feather
2026-07-08T22:29:00Z,87.9454,1.000000,1.000000,0.000000,below_midpoint_feather
2026-07-08T22:30:00Z,88.0293,1.000000,1.000000,0.000000,below_midpoint_feather
2026-07-08T22:31:00Z,88.1971,1.000000,1.000000,0.000000,below_midpoint_feather
2026-07-08T22:32:00Z,88.2444,1.000000,1.000000,0.000000,below_midpoint_feather
2026-07-08T22:33:00Z,88.3223,1.000000,1.000000,0.000000,below_midpoint_feather
2026-07-08T22:34:00Z,88.3452,1.000000,1.000000,0.000000,below_midpoint_feather
2026-07-08T22:35:00Z,88.5420,1.000000,1.000000,0.000000,below_midpoint_feather
2026-07-08T22:36:00Z,88.5863,1.000000,1.000000,0.000000,below_midpoint_feather
2026-07-08T22:37:00Z,88.6473,1.000000,1.000000,0.000000,below_midpoint_feather
2026-07-08T22:38:00Z,88.6275,1.000000,1.000000,0.000000,below_midpoint_feather
2026-07-08T22:39:00Z,88.7282,1.000000,1.000000,0.000000,below_midpoint_feather
2026-07-08T22:40:00Z,88.7846,1.000000,1.000000,0.000000,below_midpoint_feather
2026-07-08T22:41:00Z,88.8075,1.000000,1.000000,0.000000,below_midpoint_feather
2026-07-08T22:42:00Z,88.9021,1.000000,1.000000,0.000000,below_midpoint_feather
2026-07-08T22:43:00Z,89.0211,1.000000,1.000000,0.000000,below_midpoint_feather
2026-07-08T22:44:00Z,89.1356,1.000000,1.000000,0.000000,below_midpoint_feather
2026-07-08T22:45:00Z,89.1905,1.000000,1.000000,0.000000,below_midpoint_feather
2026-07-08T22:46:00Z,89.2103,1.000000,1.000000,0.000000,below_midpoint_feather
2026-07-08T22:47:00Z,89.1829,1.000000,1.000000,0.000000,below_midpoint_feather
2026-07-08T22:48:00Z,89.2058,1.000000,1.000000,0.000000,below_midpoint_feather
2026-07-08T22:49:00Z,89.2180,1.000000,1.000000,0.000000,below_midpoint_feather
2026-07-08T22:50:00Z,89.2470,1.000000,1.000000,0.000000,below_midpoint_feather
2026-07-08T22:51:00Z,89.2592,1.000000,1.000000,0.000000,below_midpoint_feather
2026-07-08T22:52:00Z,89.2973,1.000000,1.000000,0.000000,below_midpoint_feather
2026-07-08T22:53:00Z,89.3507,1.000000,1.000000,0.000000,below_midpoint_feather
2026-07-08T22:54:00Z,89.3736,1.000000,1.000000,0.000000,below_midpoint_feather
2026-07-08T22:55:00Z,89.4285,1.000000,1.000000,0.000000,below_midpoint_feather
2026-07-08T22:56:00Z,89.5018,1.000000,1.000000,0.000000,below_midpoint_feather
2026-07-08T22:57:00Z,89.4621,1.000000,1.000000,0.000000,below_midpoint_feather
2026-07-08T22:58:00Z,89.5903,1.000000,1.000000,0.000000,below_midpoint_feather
2026-07-08T22:59:00Z,89.4835,1.000000,1.000000,0.000000,below_midpoint_feather
2026-07-08T23:00:00Z,89.5262,1.000000,1.000000,0.000000,below_midpoint_feather
2026-07-08T23:01:00Z,89.4255,1.000000,1.000000,0.000000,below_midpoint_feather
2026-07-08T23:02:00Z,89.3568,1.000000,1.000000,0.000000,below_midpoint_feather
2026-07-08T23:03:00Z,89.3156,1.000000,1.000000,0.000000,below_midpoint_feather
2026-07-08T23:04:00Z,89.3523,1.000000,1.000000,0.000000,below_midpoint_feather
2026-07-08T23:05:00Z,89.3889,1.000000,1.000000,0.000000,below_midpoint_feather
2026-07-08T23:06:00Z,89.5079,1.000000,1.000000,0.000000,below_midpoint_feather
2026-07-08T23:07:00Z,89.5216,1.000000,1.000000,0.000000,below_midpoint_feather
2026-07-08T23:08:00Z,89.4942,1.000000,1.000000,0.000000,below_midpoint_feather
2026-07-08T23:09:00Z,89.5796,1.000000,1.000000,0.000000,below_midpoint_feather
2026-07-08T23:10:00Z,89.6849,1.000000,1.000000,0.000000,below_midpoint_feather
2026-07-08T23:11:17Z,89.8680,0.999626,1.000000,0.000374,below_midpoint_feather
2026-07-08T23:11:33Z,89.9504,0.999958,0.999130,-0.000828,below_midpoint_feather
2026-07-08T23:12:00Z,89.9870,0.999432,0.999221,-0.000211,below_midpoint_feather
2026-07-08T23:12:14Z,90.0099,0.999363,0.996035,-0.003328,in_band
2026-07-08T23:13:00Z,90.1976,0.974450,0.971227,-0.003223,in_band
2026-07-08T23:13:59Z,90.2129,0.943215,0.940084,-0.003131,in_band
2026-07-08T23:14:00Z,90.2129,0.942693,0.939564,-0.003129,in_band
2026-07-08T23:14:59Z,90.2296,0.912365,0.909332,-0.003033,in_band
2026-07-08T23:15:00Z,90.2296,0.911859,0.908828,-0.003031,in_band
2026-07-08T23:15:59Z,90.3639,0.882480,0.879545,-0.002935,in_band
2026-07-08T23:16:00Z,90.3639,0.881990,0.879057,-0.002933,in_band
2026-07-08T23:16:59Z,90.3319,0.853559,0.850720,-0.002839,in_band
2026-07-08T23:17:00Z,90.3319,0.853085,0.850247,-0.002838,in_band
2026-07-08T23:17:59Z,90.2541,0.825580,0.822833,-0.002747,in_band
2026-07-08T23:18:00Z,90.2541,0.825121,0.822376,-0.002745,in_band
2026-07-08T23:18:59Z,90.2342,0.798515,0.795859,-0.002657,in_band
2026-07-08T23:19:00Z,90.2342,0.798072,0.795417,-0.002655,in_band
2026-07-08T23:19:59Z,90.2678,0.772338,0.769768,-0.002570,in_band
2026-07-08T23:20:00Z,90.2678,0.771909,0.769340,-0.002568,in_band
2026-07-08T23:20:59Z,90.2663,0.747017,0.744532,-0.002485,in_band
2026-07-08T23:21:00Z,90.2663,0.746602,0.744119,-0.002484,in_band
2026-07-08T23:21:59Z,90.3548,0.722527,0.720123,-0.002404,in_band
2026-07-08T23:22:00Z,90.3548,0.722125,0.719723,-0.002402,in_band
2026-07-08T23:22:59Z,90.3731,0.698840,0.696515,-0.002325,in_band
2026-07-08T23:23:00Z,90.3731,0.698452,0.696128,-0.002324,in_band
2026-07-08T23:23:59Z,90.4540,0.675930,0.673681,-0.002249,in_band
2026-07-08T23:24:00Z,90.4540,0.675554,0.673306,-0.002248,in_band
2026-07-08T23:24:59Z,90.6752,0.653770,0.651595,-0.002175,in_band
2026-07-08T23:25:00Z,90.6752,0.653407,0.651233,-0.002174,in_band
2026-07-08T23:25:59Z,90.9209,0.632337,0.630233,-0.002104,in_band
2026-07-08T23:26:00Z,90.9209,0.631985,0.629883,-0.002103,in_band
2026-07-08T23:26:59Z,91.0918,0.611606,0.609571,-0.002035,in_band
2026-07-08T23:27:00Z,91.0918,0.611266,0.609233,-0.002034,in_band
2026-07-08T23:27:59Z,91.2001,0.591555,0.589587,-0.001968,in_band
2026-07-08T23:28:00Z,91.2001,0.591227,0.589260,-0.001967,in_band
2026-07-08T23:28:59Z,91.3298,0.572162,0.570258,-0.001904,in_band
2026-07-08T23:29:00Z,91.3298,0.571844,0.569942,-0.001903,in_band
2026-07-08T23:29:59Z,91.3252,0.553404,0.551563,-0.001841,in_band
2026-07-08T23:30:00Z,91.3252,0.553097,0.551257,-0.001840,in_band
2026-07-08T23:30:59Z,91.4672,0.535261,0.533481,-0.001781,in_band
2026-07-08T23:31:13Z,91.5114,0.531115,0.524776,-0.006339,above_band_high
2026-07-08T23:31:16Z,91.4900,0.530230,0.529055,-0.001175,in_band
2026-07-08T23:33:14Z,91.7540,0.430004,0.413209,-0.016796,above_band_high
2026-07-08T23:33:23Z,91.7098,0.421201,0.431031,0.009830,above_band_high
2026-07-08T23:34:10Z,91.8456,0.388495,0.365452,-0.023042,above_band_high
2026-07-08T23:34:43Z,91.8425,0.346704,0.359231,0.012527,above_band_high
2026-07-08T23:35:01Z,91.8730,0.336063,0.341305,0.005242,above_band_high
2026-07-08T23:35:54Z,91.9783,0.295859,0.279281,-0.016578,above_band_high
2026-07-08T23:36:00Z,91.9921,0.287238,0.271263,-0.015975,above_band_high
2026-07-08T23:36:29Z,91.9783,0.258674,0.265885,0.007211,above_band_high
2026-07-08T23:37:22Z,92.0989,0.214686,0.190920,-0.023766,above_band_high
2026-07-08T23:37:39Z,92.0760,0.181105,0.192362,0.011257,above_band_high
2026-07-08T23:38:46Z,92.1996,0.117145,0.102601,-0.014545,above_band_high
2026-07-08T23:38:51Z,92.1569,0.103742,0.117810,0.014068,above_band_high
2026-07-08T23:39:23Z,92.2164,0.068209,0.072347,0.004138,above_band_high
2026-07-08T23:39:42Z,92.2805,0.050568,0.032472,-0.018097,above_band_high
2026-07-08T23:40:06Z,92.3095,0.016654,0.003609,-0.013045,above_band_high
2026-07-08T23:40:11Z,92.2805,0.002737,0.012441,0.009704,above_band_high
2026-07-08T23:41:00Z,92.3720,0.000000,0.000000,0.000000,above_band_high
2026-07-08T23:42:00Z,92.4498,0.000000,0.000000,0.000000,above_band_high
2026-07-08T23:43:00Z,92.5429,0.000000,0.000000,0.000000,above_band_high
2026-07-08T23:44:00Z,92.6436,0.000000,0.000000,0.000000,above_band_high
2026-07-08T23:45:00Z,92.7260,0.000000,0.000000,0.000000,above_band_high
2026-07-08T23:46:00Z,92.7993,0.000000,0.000000,0.000000,above_band_high
2026-07-08T23:47:00Z,92.8725,0.000000,0.000000,0.000000,above_band_high
2026-07-08T23:48:00Z,92.9870,0.000000,0.000000,0.000000,above_band_high
2026-07-08T23:49:00Z,93.1014,0.000000,0.000000,0.000000,above_band_high
2026-07-08T23:50:00Z,93.1563,0.000000,0.000000,0.000000,above_band_high
2026-07-08T23:51:00Z,93.2372,0.000000,0.000000,0.000000,above_band_high
2026-07-08T23:52:00Z,93.2738,0.000000,0.000000,0.000000,above_band_high
2026-07-08T23:53:00Z,93.3074,0.000000,0.000000,0.000000,above_band_high
2026-07-08T23:54:00Z,93.3761,0.000000,0.000000,0.000000,above_band_high
2026-07-08T23:55:00Z,93.4356,0.000000,0.000000,0.000000,above_band_high
2026-07-08T23:56:00Z,93.4707,0.000000,0.000000,0.000000,above_band_high
2026-07-08T23:57:00Z,93.5164,0.000000,0.000000,0.000000,above_band_high
2026-07-08T23:58:00Z,93.5485,0.000000,0.000000,0.000000,above_band_high
2026-07-08T23:59:00Z,93.5775,0.000000,0.000000,0.000000,above_band_high
2026-07-09T00:00:00Z,93.6141,0.000000,0.000000,0.000000,above_band_high
2026-07-09T00:01:00Z,93.5958,0.000000,0.000000,0.000000,above_band_high
2026-07-09T00:02:00Z,93.6416,0.000000,0.000000,0.000000,above_band_high
2026-07-09T00:03:00Z,93.6736,0.000000,0.000000,0.000000,above_band_high
2026-07-09T00:04:00Z,93.6950,0.000000,0.000000,0.000000,above_band_high
2026-07-09T00:05:00Z,93.7407,0.000000,0.000000,0.000000,above_band_high
2026-07-09T00:06:00Z,93.7407,0.000000,0.000000,0.000000,above_band_high
2026-07-09T00:07:00Z,93.8064,0.000000,0.000000,0.000000,above_band_high
2026-07-09T00:08:00Z,93.7728,0.000000,0.000000,0.000000,above_band_high
2026-07-09T00:09:00Z,93.8064,0.000000,0.000000,0.000000,above_band_high
2026-07-09T00:10:00Z,93.7514,0.000000,0.000000,0.000000,above_band_high
2026-07-09T00:11:00Z,93.7331,0.000000,0.000000,0.000000,above_band_high
2026-07-09T00:12:00Z,93.7285,0.000000,0.000000,0.000000,above_band_high
2026-07-09T00:13:00Z,93.7011,0.000000,0.000000,0.000000,above_band_high
2026-07-09T00:14:00Z,93.6858,0.000000,0.000000,0.000000,above_band_high
2026-07-09T00:15:00Z,93.6324,0.000000,0.000000,0.000000,above_band_high
2026-07-09T00:16:00Z,93.6049,0.000000,0.000000,0.000000,above_band_high
2026-07-09T00:17:00Z,93.5683,0.000000,0.000000,0.000000,above_band_high
2026-07-09T00:18:00Z,93.4386,0.000000,0.000000,0.000000,above_band_high
2026-07-09T00:19:00Z,93.3791,0.000000,0.000000,0.000000,above_band_high
2026-07-09T00:20:00Z,93.2738,0.000000,0.000000,0.000000,above_band_high
2026-07-09T00:21:00Z,93.1243,0.000000,0.000000,0.000000,above_band_high
2026-07-09T00:22:00Z,92.9732,0.000000,0.000000,0.000000,above_band_high
2026-07-09T00:23:00Z,92.7840,0.000000,0.000000,0.000000,above_band_high
2026-07-09T00:24:00Z,92.5521,0.000000,0.000000,0.000000,above_band_high
2026-07-09T00:25:00Z,92.3964,0.000000,0.000000,0.000000,above_band_high
2026-07-09T00:26:00Z,92.1813,0.000000,0.000000,0.000000,above_band_high
2026-07-09T00:27:00Z,91.9890,0.000000,0.000000,0.000000,above_band_high
2026-07-09T00:28:00Z,91.7464,0.000000,0.000000,0.000000,above_band_high
2026-07-09T00:28:59Z,91.5404,0.000000,0.000135,0.000135,above_band_high
2026-07-09T00:29:13Z,91.5160,0.000687,0.007568,0.006881,above_band_high
2026-07-09T00:29:21Z,91.4900,0.013569,0.012647,-0.000922,in_band
2026-07-09T00:30:49Z,91.0674,0.003168,0.002953,-0.000215,in_band
2026-07-09T00:30:59Z,91.0185,0.002686,0.002503,-0.000182,in_band
2026-07-09T00:31:00Z,91.0185,0.002642,0.002462,-0.000179,in_band
2026-07-09T00:31:59Z,90.8843,0.000996,0.000928,-0.000068,in_band
2026-07-09T00:32:00Z,90.8843,0.000980,0.000913,-0.000067,in_band
2026-07-09T00:32:59Z,90.6783,0.000370,0.000344,-0.000025,in_band
2026-07-09T00:33:00Z,90.6783,0.000363,0.000339,-0.000025,in_band
2026-07-09T00:33:59Z,90.4875,0.000137,0.000128,-0.000009,in_band
2026-07-09T00:34:00Z,90.4875,0.000135,0.000126,-0.000009,in_band
2026-07-09T00:34:59Z,90.1534,0.000051,0.000047,-0.000003,in_band
2026-07-09T00:35:00Z,90.1534,0.000050,0.000047,-0.000003,in_band
2026-07-09T00:35:59Z,89.7169,0.007038,0.011429,0.004390,below_midpoint_feather
2026-07-09T00:36:49Z,89.4926,0.039871,0.037296,-0.002575,below_midpoint_feather
2026-07-09T00:36:56Z,89.4102,0.040768,0.050386,0.009618,below_midpoint_feather
2026-07-09T00:37:17Z,89.4057,0.057485,0.052149,-0.005336,below_midpoint_feather
2026-07-09T00:37:36Z,89.2836,0.066295,0.076207,0.009912,below_midpoint_feather
2026-07-09T00:38:21Z,89.1600,0.114655,0.108533,-0.006123,below_midpoint_feather
2026-07-09T00:38:52Z,88.9708,0.149062,0.164176,0.015114,below_midpoint_feather
2026-07-09T00:39:18Z,88.8624,0.186664,0.203536,0.016872,below_midpoint_feather
2026-07-09T00:39:59Z,88.7968,0.243985,0.237958,-0.006027,below_midpoint_feather
2026-07-09T00:40:00Z,88.7968,0.244335,0.238320,-0.006015,below_midpoint_feather
2026-07-09T00:40:50Z,88.5237,0.342684,0.363456,0.020772,below_midpoint_feather
2026-07-09T00:41:12Z,88.3940,0.389105,0.430296,0.041191,below_midpoint_feather
2026-07-09T00:41:45Z,88.2765,0.502413,0.501160,-0.001253,below_midpoint_feather
2026-07-09T00:42:09Z,88.1743,0.563030,0.562871,-0.000160,below_midpoint_feather
2026-07-09T00:42:36Z,88.0003,0.630907,0.660515,0.029607,below_midpoint_feather
2026-07-09T00:43:00Z,87.8416,0.724344,0.751797,0.027453,below_midpoint_feather
2026-07-09T00:43:53Z,87.7623,0.860667,0.848179,-0.012488,below_midpoint_feather
2026-07-09T00:44:03Z,87.7546,0.867891,0.864652,-0.003239,below_midpoint_feather
2026-07-09T00:44:44Z,87.6020,0.962863,0.986772,0.023909,below_midpoint_feather
2026-07-09T00:45:00Z,87.5486,1.000000,1.000000,0.000000,below_midpoint_feather
2026-07-09T00:46:00Z,87.4342,1.000000,1.000000,0.000000,below_midpoint_feather
2026-07-09T00:47:00Z,87.3732,1.000000,1.000000,0.000000,below_midpoint_feather
2026-07-09T00:48:00Z,87.2633,1.000000,1.000000,0.000000,below_midpoint_feather
2026-07-09T00:49:00Z,87.3045,1.000000,1.000000,0.000000,below_midpoint_feather
2026-07-09T00:50:00Z,87.2831,1.000000,1.000000,0.000000,below_midpoint_feather
2026-07-09T00:51:00Z,87.4205,1.000000,1.000000,0.000000,below_midpoint_feather
2026-07-09T00:52:00Z,87.3091,1.000000,1.000000,0.000000,below_midpoint_feather
2026-07-09T00:53:00Z,87.2450,1.000000,1.000000,0.000000,below_midpoint_feather
2026-07-09T00:54:00Z,87.2587,1.000000,1.000000,0.000000,below_midpoint_feather
2026-07-09T00:55:00Z,87.4418,1.000000,1.000000,0.000000,below_midpoint_feather
2026-07-09T00:56:00Z,87.3747,1.000000,1.000000,0.000000,below_midpoint_feather
2026-07-09T00:57:00Z,87.4388,1.000000,1.000000,0.000000,below_midpoint_feather
2026-07-09T00:58:00Z,87.5212,1.000000,1.000000,0.000000,below_midpoint_feather
2026-07-09T00:59:00Z,87.5700,1.000000,1.000000,0.000000,below_midpoint_feather
2026-07-09T01:00:00Z,87.6066,1.000000,1.000000,0.000000,below_midpoint_feather
2026-07-09T01:01:00Z,87.6585,1.000000,1.000000,0.000000,below_midpoint_feather
2026-07-09T01:02:00Z,87.6722,1.000000,1.000000,0.000000,below_midpoint_feather
2026-07-09T01:03:00Z,87.6677,1.000000,1.000000,0.000000,below_midpoint_feather
2026-07-09T01:04:00Z,87.5715,1.000000,1.000000,0.000000,below_midpoint_feather
2026-07-09T01:05:00Z,87.5212,1.000000,1.000000,0.000000,below_midpoint_feather
2026-07-09T01:06:00Z,87.5792,1.000000,1.000000,0.000000,below_midpoint_feather
2026-07-09T01:07:00Z,87.6158,1.000000,1.000000,0.000000,below_midpoint_feather
2026-07-09T01:08:00Z,87.5532,1.000000,1.000000,0.000000,below_midpoint_feather
2026-07-09T01:09:00Z,87.4846,1.000000,1.000000,0.000000,below_midpoint_feather
2026-07-09T01:10:00Z,87.4571,1.000000,1.000000,0.000000,below_midpoint_feather
2026-07-09T01:11:00Z,87.4022,1.000000,1.000000,0.000000,below_midpoint_feather
2026-07-09T01:12:00Z,87.4434,1.000000,1.000000,0.000000,below_midpoint_feather
2026-07-09T01:13:00Z,87.4525,1.000000,1.000000,0.000000,below_midpoint_feather
2026-07-09T01:14:00Z,87.4342,1.000000,1.000000,0.000000,below_midpoint_feather
2026-07-09T01:15:00Z,87.3136,1.000000,1.000000,0.000000,below_midpoint_feather
2026-07-09T01:16:00Z,87.2969,1.000000,1.000000,0.000000,below_midpoint_feather
2026-07-09T01:17:00Z,87.2511,1.000000,1.000000,0.000000,below_midpoint_feather
2026-07-09T01:18:00Z,87.2953,1.000000,1.000000,0.000000,below_midpoint_feather
2026-07-09T01:19:00Z,87.3365,1.000000,1.000000,0.000000,below_midpoint_feather
2026-07-09T01:20:00Z,87.4189,1.000000,1.000000,0.000000,below_midpoint_feather
2026-07-09T01:21:00Z,87.4235,1.000000,1.000000,0.000000,below_midpoint_feather
2026-07-09T01:22:00Z,87.5380,1.000000,1.000000,0.000000,below_midpoint_feather
2026-07-09T01:23:00Z,87.5929,1.000000,1.000000,0.000000,below_midpoint_feather
2026-07-09T01:24:00Z,87.6616,1.000000,1.000000,0.000000,below_midpoint_feather
2026-07-09T01:25:00Z,87.6310,1.000000,1.000000,0.000000,below_midpoint_feather
2026-07-09T01:26:00Z,87.7714,1.000000,1.000000,0.000000,below_midpoint_feather
2026-07-09T01:27:00Z,87.8004,1.000000,1.000000,0.000000,below_midpoint_feather
2026-07-09T01:28:00Z,88.0476,1.000000,1.000000,0.000000,below_midpoint_feather
2026-07-09T01:29:00Z,87.9728,1.000000,1.000000,0.000000,below_midpoint_feather
2026-07-09T01:30:00Z,88.1712,1.000000,1.000000,0.000000,below_midpoint_feather
2026-07-09T01:31:00Z,88.2490,1.000000,1.000000,0.000000,below_midpoint_feather
2026-07-09T01:32:00Z,88.2353,1.000000,1.000000,0.000000,below_midpoint_feather
2026-07-09T01:33:00Z,88.2795,1.000000,1.000000,0.000000,below_midpoint_feather
2026-07-09T01:34:00Z,88.3497,1.000000,1.000000,0.000000,below_midpoint_feather
2026-07-09T01:35:00Z,88.3772,1.000000,1.000000,0.000000,below_midpoint_feather
2026-07-09T01:36:00Z,88.5313,1.000000,1.000000,0.000000,below_midpoint_feather
2026-07-09T01:37:00Z,88.4810,1.000000,1.000000,0.000000,below_midpoint_feather
2026-07-09T01:38:00Z,88.6275,1.000000,1.000000,0.000000,below_midpoint_feather
2026-07-09T01:39:00Z,88.6198,1.000000,1.000000,0.000000,below_midpoint_feather
2026-07-09T01:40:00Z,88.6519,1.000000,1.000000,0.000000,below_midpoint_feather
2026-07-09T01:41:00Z,88.6381,1.000000,1.000000,0.000000,below_midpoint_feather
2026-07-09T01:42:00Z,88.7419,1.000000,1.000000,0.000000,below_midpoint_feather
2026-07-09T01:43:00Z,88.7251,1.000000,1.000000,0.000000,below_midpoint_feather
2026-07-09T01:44:00Z,88.7572,1.000000,1.000000,0.000000,below_midpoint_feather
2026-07-09T01:45:00Z,88.7388,1.000000,1.000000,0.000000,below_midpoint_feather
2026-07-09T01:46:00Z,88.7938,1.000000,1.000000,0.000000,below_midpoint_feather
2026-07-09T01:47:00Z,88.7480,1.000000,1.000000,0.000000,below_midpoint_feather
2026-07-09T01:48:00Z,88.8930,1.000000,1.000000,0.000000,below_midpoint_feather
2026-07-09T01:49:00Z,89.0257,1.000000,1.000000,0.000000,below_midpoint_feather
2026-07-09T01:50:00Z,89.2638,1.000000,1.000000,0.000000,below_midpoint_feather
2026-07-09T01:51:00Z,89.3248,1.000000,1.000000,0.000000,below_midpoint_feather
2026-07-09T01:52:00Z,89.4896,1.000000,1.000000,0.000000,below_midpoint_feather
2026-07-09T01:53:00Z,89.6437,1.000000,1.000000,0.000000,below_midpoint_feather
2026-07-09T01:54:00Z,89.7826,1.000000,1.000000,0.000000,below_midpoint_feather
2026-07-09T01:54:13Z,89.8695,1.000000,0.999468,-0.000532,below_midpoint_feather
2026-07-09T01:55:31Z,89.9245,1.000000,0.999667,-0.000333,below_midpoint_feather
2026-07-09T01:55:55Z,89.9245,0.999918,0.999965,0.000047,below_midpoint_feather
2026-07-09T01:56:43Z,89.9733,1.000000,0.999649,-0.000351,below_midpoint_feather
2026-07-09T01:56:53Z,89.9336,0.999876,1.000000,0.000124,below_midpoint_feather
2026-07-09T01:57:23Z,89.9611,0.999823,0.999960,0.000137,below_midpoint_feather
2026-07-09T01:57:42Z,90.0145,0.999843,0.997590,-0.002253,in_band
2026-07-09T01:58:00Z,90.0511,0.989901,0.987711,-0.002190,in_band
2026-07-09T01:58:59Z,90.1625,0.958068,0.955944,-0.002124,in_band
2026-07-09T01:59:00Z,90.1625,0.957537,0.955414,-0.002123,in_band
2026-07-09T01:59:59Z,90.2892,0.926692,0.924636,-0.002056,in_band
2026-07-09T02:00:00Z,90.2892,0.926178,0.924123,-0.002055,in_band
2026-07-09T02:00:59Z,90.4448,0.896324,0.894335,-0.001989,in_band
2026-07-09T02:01:00Z,90.4448,0.895827,0.893838,-0.001988,in_band
2026-07-09T02:01:59Z,90.5287,0.866944,0.865020,-0.001924,in_band
2026-07-09T02:02:00Z,90.5287,0.866462,0.864539,-0.001923,in_band
2026-07-09T02:02:59Z,90.6233,0.838524,0.836662,-0.001861,in_band
2026-07-09T02:03:00Z,90.6233,0.838058,0.836198,-0.001860,in_band
2026-07-09T02:03:59Z,90.7301,0.811035,0.809234,-0.001800,in_band
2026-07-09T02:04:00Z,90.7301,0.810584,0.808785,-0.001799,in_band
2026-07-09T02:04:59Z,90.8385,0.784446,0.782704,-0.001741,in_band
2026-07-09T02:05:00Z,90.8385,0.784010,0.782270,-0.001740,in_band
2026-07-09T02:05:59Z,90.9117,0.758729,0.757044,-0.001684,in_band
2026-07-09T02:06:00Z,90.9117,0.758307,0.756624,-0.001683,in_band
2026-07-09T02:06:59Z,90.8812,0.733855,0.732226,-0.001629,in_band
2026-07-09T02:07:00Z,90.8812,0.733447,0.731819,-0.001628,in_band
2026-07-09T02:07:59Z,90.8034,0.709796,0.708220,-0.001576,in_band
2026-07-09T02:08:00Z,90.8034,0.709402,0.707827,-0.001575,in_band
2026-07-09T02:08:59Z,90.7424,0.686526,0.685002,-0.001524,in_band
2026-07-09T02:09:00Z,90.7424,0.686145,0.684622,-0.001523,in_band
2026-07-09T02:09:59Z,90.6920,0.664019,0.662545,-0.001474,in_band
2026-07-09T02:10:00Z,90.6920,0.663650,0.662177,-0.001473,in_band
2026-07-09T02:10:59Z,90.6569,0.642250,0.640824,-0.001426,in_band
2026-07-09T02:11:00Z,90.6569,0.641893,0.640468,-0.001425,in_band
2026-07-09T02:11:59Z,90.5547,0.621194,0.619816,-0.001379,in_band
2026-07-09T02:12:00Z,90.5547,0.620849,0.619471,-0.001378,in_band
2026-07-09T02:12:59Z,90.5013,0.600829,0.599496,-0.001334,in_band
2026-07-09T02:13:00Z,90.5013,0.600496,0.599163,-0.001333,in_band
2026-07-09T02:13:59Z,90.4173,0.581132,0.579842,-0.001290,in_band
2026-07-09T02:14:00Z,90.4173,0.580809,0.579520,-0.001289,in_band
2026-07-09T02:14:59Z,90.3624,0.562080,0.560832,-0.001248,in_band
2026-07-09T02:15:00Z,90.3624,0.561768,0.560521,-0.001247,in_band
2026-07-09T02:15:59Z,90.2495,0.543653,0.542446,-0.001207,in_band
2026-07-09T02:16:00Z,90.2495,0.543351,0.542145,-0.001206,in_band
2026-07-09T02:16:59Z,90.1991,0.525830,0.524663,-0.001167,in_band
2026-07-09T02:17:00Z,90.1991,0.525538,0.524371,-0.001167,in_band
2026-07-09T02:17:59Z,90.1305,0.508591,0.507462,-0.001129,in_band
2026-07-09T02:18:00Z,90.1305,0.508309,0.507180,-0.001128,in_band
2026-07-09T02:18:59Z,90.2159,0.491918,0.490825,-0.001092,in_band
2026-07-09T02:19:00Z,90.2159,0.491644,0.490553,-0.001091,in_band
2026-07-09T02:19:59Z,90.1305,0.475790,0.474734,-0.001056,in_band
2026-07-09T02:20:00Z,90.1305,0.475526,0.474471,-0.001056,in_band
2026-07-09T02:20:59Z,90.2113,0.460192,0.459171,-0.001022,in_band
2026-07-09T02:21:00Z,90.2113,0.459937,0.458916,-0.001021,in_band
2026-07-09T02:21:59Z,90.2800,0.445105,0.444117,-0.000988,in_band
2026-07-09T02:22:00Z,90.2800,0.444858,0.443871,-0.000987,in_band
2026-07-09T02:22:59Z,90.4234,0.430513,0.429557,-0.000956,in_band
2026-07-09T02:23:00Z,90.4234,0.430274,0.429319,-0.000955,in_band
2026-07-09T02:23:59Z,90.4448,0.416399,0.415475,-0.000924,in_band
2026-07-09T02:24:00Z,90.4448,0.416168,0.415244,-0.000924,in_band
2026-07-09T02:24:59Z,90.5913,0.402748,0.401854,-0.000894,in_band
2026-07-09T02:25:00Z,90.5913,0.402524,0.401631,-0.000893,in_band
2026-07-09T02:25:59Z,90.6340,0.389544,0.388680,-0.000865,in_band
2026-07-09T02:26:00Z,90.6340,0.389328,0.388464,-0.000864,in_band
2026-07-09T02:26:59Z,90.7881,0.376774,0.375937,-0.000836,in_band
2026-07-09T02:27:00Z,90.7881,0.376564,0.375728,-0.000836,in_band
2026-07-09T02:27:59Z,90.8339,0.364421,0.363612,-0.000809,in_band
2026-07-09T02:28:00Z,90.8339,0.364219,0.363411,-0.000809,in_band
2026-07-09T02:28:59Z,90.9621,0.352474,0.351692,-0.000782,in_band
2026-07-09T02:29:00Z,90.9621,0.352279,0.351496,-0.000782,in_band
2026-07-09T02:29:59Z,91.0460,0.340919,0.340162,-0.000757,in_band
2026-07-09T02:30:00Z,91.0460,0.340729,0.339973,-0.000756,in_band
2026-07-09T02:30:59Z,91.2108,0.329742,0.329010,-0.000732,in_band
2026-07-09T02:31:00Z,91.2108,0.329559,0.328827,-0.000732,in_band
2026-07-09T02:31:59Z,91.3252,0.318932,0.318224,-0.000708,in_band
2026-07-09T02:32:00Z,91.3252,0.318755,0.318047,-0.000708,in_band
2026-07-09T02:32:59Z,91.3191,0.308476,0.307791,-0.000685,in_band
2026-07-09T02:33:00Z,91.3191,0.308305,0.307620,-0.000684,in_band
2026-07-09T02:33:59Z,91.3344,0.298363,0.297701,-0.000662,in_band
2026-07-09T02:34:00Z,91.3344,0.298197,0.297535,-0.000662,in_band
2026-07-09T02:34:59Z,91.3985,0.288581,0.287941,-0.000641,in_band
2026-07-09T02:35:00Z,91.3985,0.288421,0.287781,-0.000640,in_band
2026-07-09T02:35:59Z,91.4244,0.279121,0.278501,-0.000620,in_band
2026-07-09T02:36:21Z,91.5068,0.275730,0.272358,-0.003372,above_band_high
2026-07-09T02:36:23Z,91.4656,0.275424,0.275119,-0.000305,in_band
2026-07-09T02:37:43Z,91.5206,0.261986,0.255109,-0.006877,above_band_high
2026-07-09T02:37:57Z,91.4992,0.261699,0.262555,0.000855,in_band
2026-07-09T02:39:26Z,91.5938,0.239042,0.220014,-0.019028,above_band_high
2026-07-09T02:39:31Z,91.5572,0.223226,0.235422,0.012196,above_band_high
2026-07-09T02:40:18Z,91.6762,0.209096,0.182091,-0.027005,above_band_high
2026-07-09T02:40:57Z,91.6274,0.187106,0.199531,0.012426,above_band_high
2026-07-09T02:41:21Z,91.6670,0.168094,0.179730,0.011636,above_band_high
2026-07-09T02:41:28Z,91.7449,0.163265,0.145576,-0.017688,above_band_high
2026-07-09T02:42:10Z,91.7769,0.141688,0.125088,-0.016601,above_band_high
2026-07-09T02:42:37Z,91.7540,0.120936,0.129542,0.008607,above_band_high
2026-07-09T02:43:42Z,91.8700,0.081288,0.064161,-0.017127,above_band_high
2026-07-09T02:43:47Z,91.8151,0.068841,0.086186,0.017346,above_band_high
2026-07-09T02:44:36Z,91.9097,0.047597,0.030934,-0.016664,above_band_high
2026-07-09T02:44:57Z,91.8776,0.025730,0.037634,0.011904,above_band_high
2026-07-09T02:45:21Z,91.9371,0.023201,0.003797,-0.019405,above_band_high
2026-07-09T02:45:43Z,91.8883,0.000000,0.016516,0.016516,above_band_high
2026-07-09T02:46:00Z,91.9692,0.000000,0.000000,0.000000,above_band_high
2026-07-09T02:47:00Z,92.0302,0.000000,0.000000,0.000000,above_band_high
2026-07-09T02:48:00Z,92.0348,0.000000,0.000000,0.000000,above_band_high
2026-07-09T02:49:00Z,92.0760,0.000000,0.000000,0.000000,above_band_high
2026-07-09T02:50:00Z,92.0836,0.000000,0.000000,0.000000,above_band_high
2026-07-09T02:51:00Z,92.0607,0.000000,0.000000,0.000000,above_band_high
2026-07-09T02:52:00Z,92.0241,0.000000,0.000000,0.000000,above_band_high
2026-07-09T02:53:00Z,92.0531,0.000000,0.000000,0.000000,above_band_high
2026-07-09T02:54:00Z,92.0241,0.000000,0.000000,0.000000,above_band_high
2026-07-09T02:55:00Z,92.0348,0.000000,0.000000,0.000000,above_band_high
2026-07-09T02:56:00Z,91.9600,0.000000,0.000000,0.000000,above_band_high
2026-07-09T02:57:00Z,91.9417,0.000000,0.000000,0.000000,above_band_high
2026-07-09T02:58:00Z,91.8914,0.000000,0.000000,0.000000,above_band_high
2026-07-09T02:59:00Z,91.8196,0.000000,0.000000,0.000000,above_band_high
2026-07-09T03:00:00Z,91.7128,0.000000,0.000000,0.000000,above_band_high
2026-07-09T03:01:51Z,91.4977,0.000000,0.008181,0.008181,in_band
2026-07-09T03:01:55Z,91.4794,0.008163,0.007657,-0.000506,in_band
2026-07-09T03:03:23Z,91.2291,0.001906,0.001795,-0.000111,in_band
2026-07-09T03:03:59Z,91.0735,0.001051,0.000990,-0.000061,in_band
2026-07-09T03:04:00Z,91.0735,0.001034,0.000974,-0.000060,in_band
2026-07-09T03:04:59Z,90.8354,0.000390,0.000367,-0.000023,in_band
2026-07-09T03:05:00Z,90.8354,0.000384,0.000361,-0.000022,in_band
2026-07-09T03:05:59Z,90.5867,0.000145,0.000136,-0.000008,in_band
2026-07-09T03:06:00Z,90.5867,0.000142,0.000134,-0.000008,in_band
2026-07-09T03:06:59Z,90.4280,0.000054,0.000051,-0.000003,in_band
2026-07-09T03:07:00Z,90.4280,0.000053,0.000050,-0.000003,in_band
2026-07-09T03:07:59Z,90.2449,0.000020,0.000019,-0.000001,in_band
2026-07-09T03:08:00Z,90.2449,0.000020,0.000018,-0.000001,in_band
2026-07-09T03:08:59Z,90.0877,0.000007,0.000007,-0.000000,in_band
2026-07-09T03:09:35Z,90.0069,0.000005,0.000004,-0.000001,in_band
2026-07-09T03:09:53Z,89.9382,0.000186,0.000546,0.000360,below_midpoint_feather
2026-07-09T03:10:19Z,89.9550,0.000918,0.000296,-0.000622,below_midpoint_feather
2026-07-09T03:10:41Z,89.8909,0.000932,0.001717,0.000785,below_midpoint_feather
2026-07-09T03:11:05Z,89.9245,0.001884,0.000865,-0.001018,below_midpoint_feather
2026-07-09T03:11:11Z,89.8329,0.001189,0.004035,0.002846,below_midpoint_feather
2026-07-09T03:12:14Z,89.7307,0.007093,0.010628,0.003535,below_midpoint_feather
2026-07-09T03:12:47Z,89.7261,0.013510,0.011336,-0.002174,below_midpoint_feather
2026-07-09T03:13:49Z,89.6529,0.022190,0.019186,-0.003004,below_midpoint_feather
2026-07-09T03:13:54Z,89.6162,0.020419,0.023146,0.002726,below_midpoint_feather
2026-07-09T03:14:05Z,89.6544,0.023679,0.019544,-0.004135,below_midpoint_feather
2026-07-09T03:14:23Z,89.5842,0.023969,0.027779,0.003810,below_midpoint_feather
2026-07-09T03:15:29Z,89.5476,0.030963,0.035151,0.004188,below_midpoint_feather
2026-07-09T03:15:57Z,89.5857,0.034629,0.031898,-0.002731,below_midpoint_feather
2026-07-09T03:16:43Z,89.5537,0.042010,0.038470,-0.003540,below_midpoint_feather
2026-07-09T03:16:49Z,89.4789,0.042794,0.049128,0.006334,below_midpoint_feather
2026-07-09T03:17:19Z,89.4652,0.046654,0.053182,0.006528,below_midpoint_feather
2026-07-09T03:17:33Z,89.4896,0.055054,0.050561,-0.004493,below_midpoint_feather
2026-07-09T03:18:28Z,89.3797,0.066920,0.072779,0.005859,below_midpoint_feather
2026-07-09T03:18:45Z,89.3874,0.075925,0.073070,-0.002855,below_midpoint_feather
2026-07-09T03:19:02Z,89.3095,0.079322,0.089260,0.009938,below_midpoint_feather
2026-07-09T03:19:59Z,89.3202,0.100026,0.094216,-0.005810,below_midpoint_feather
2026-07-09T03:20:00Z,89.3202,0.100162,0.094355,-0.005807,below_midpoint_feather
2026-07-09T03:20:59Z,89.1829,0.124614,0.132551,0.007937,below_midpoint_feather
2026-07-09T03:21:34Z,89.1463,0.136961,0.147419,0.010458,below_midpoint_feather
2026-07-09T03:21:57Z,89.1768,0.151445,0.144552,-0.006894,below_midpoint_feather
2026-07-09T03:22:50Z,89.0486,0.177318,0.188307,0.010989,below_midpoint_feather
2026-07-09T03:22:59Z,89.0990,0.183006,0.177166,-0.005839,below_midpoint_feather
2026-07-09T03:23:00Z,89.0990,0.183243,0.177408,-0.005835,below_midpoint_feather
2026-07-09T03:23:21Z,89.0394,0.186387,0.198360,0.011973,below_midpoint_feather
2026-07-09T03:24:19Z,89.0318,0.224443,0.216127,-0.008316,below_midpoint_feather
2026-07-09T03:24:57Z,88.9067,0.243693,0.264211,0.020518,below_midpoint_feather
2026-07-09T03:25:49Z,88.9174,0.281719,0.278348,-0.003371,below_midpoint_feather
2026-07-09T03:25:52Z,88.8655,0.282783,0.295780,0.012997,below_midpoint_feather
2026-07-09T03:26:43Z,88.8518,0.325144,0.319670,-0.005474,below_midpoint_feather
2026-07-09T03:26:50Z,88.8029,0.323423,0.338800,0.015377,below_midpoint_feather
2026-07-09T03:27:22Z,88.7663,0.348029,0.364989,0.016960,below_midpoint_feather
2026-07-09T03:27:39Z,88.8212,0.368034,0.353648,-0.014386,below_midpoint_feather
2026-07-09T03:28:12Z,88.7160,0.390642,0.405738,0.015096,below_midpoint_feather
2026-07-09T03:28:57Z,88.7831,0.417866,0.403772,-0.014093,below_midpoint_feather
2026-07-09T03:29:01Z,88.7556,0.416573,0.415381,-0.001192,below_midpoint_feather
2026-07-09T03:29:07Z,88.7144,0.419563,0.433199,0.013636,below_midpoint_feather
2026-07-09T03:30:43Z,88.7205,0.495973,0.482531,-0.013442,below_midpoint_feather
2026-07-09T03:30:55Z,88.6641,0.492099,0.510424,0.018326,below_midpoint_feather
2026-07-09T03:31:13Z,88.7205,0.504099,0.499731,-0.004368,below_midpoint_feather
2026-07-09T03:31:52Z,88.5817,0.556585,0.575330,0.018745,below_midpoint_feather
2026-07-09T03:32:12Z,88.6015,0.565911,0.579180,0.013269,below_midpoint_feather
2026-07-09T03:32:37Z,88.6748,0.577333,0.565871,-0.011462,below_midpoint_feather
2026-07-09T03:33:23Z,88.6473,0.589994,0.604156,0.014162,below_midpoint_feather
2026-07-09T03:33:33Z,88.6976,0.601157,0.591121,-0.010037,below_midpoint_feather
2026-07-09T03:34:31Z,88.7694,0.620313,0.599838,-0.020474,below_midpoint_feather
2026-07-09T03:34:51Z,88.7327,0.611765,0.624568,0.012803,below_midpoint_feather
2026-07-09T03:35:08Z,88.8075,0.620448,0.608107,-0.012341,below_midpoint_feather
2026-07-09T03:35:33Z,88.7098,0.637650,0.656412,0.018762,below_midpoint_feather
2026-07-09T03:36:15Z,88.7373,0.660434,0.669312,0.008878,below_midpoint_feather
2026-07-09T03:36:29Z,88.8014,0.665867,0.654460,-0.011407,below_midpoint_feather
2026-07-09T03:37:04Z,88.8670,0.664518,0.651230,-0.013289,below_midpoint_feather
2026-07-09T03:37:11Z,88.8243,0.658533,0.668852,0.010319,below_midpoint_feather
2026-07-09T03:38:13Z,88.8426,0.682821,0.692781,0.009960,below_midpoint_feather
2026-07-09T03:38:50Z,89.0074,0.671754,0.659066,-0.012688,below_midpoint_feather
2026-07-09T03:39:14Z,89.0669,0.666961,0.652864,-0.014097,below_midpoint_feather
2026-07-09T03:39:47Z,89.0074,0.667556,0.681755,0.014198,below_midpoint_feather
2026-07-09T03:40:17Z,88.9937,0.685637,0.696151,0.010514,below_midpoint_feather
2026-07-09T03:40:43Z,89.1325,0.681608,0.667883,-0.013725,below_midpoint_feather
2026-07-09T03:41:07Z,89.1218,0.670763,0.678158,0.007394,below_midpoint_feather
2026-07-09T03:41:28Z,89.2241,0.667622,0.660297,-0.007325,below_midpoint_feather
2026-07-09T03:42:13Z,89.1630,0.677222,0.686177,0.008955,below_midpoint_feather
2026-07-09T03:42:30Z,89.2744,0.673573,0.665583,-0.007991,below_midpoint_feather
2026-07-09T03:43:06Z,89.4026,0.662687,0.649579,-0.013109,below_midpoint_feather
2026-07-09T03:43:25Z,89.3614,0.654044,0.660610,0.006565,below_midpoint_feather
2026-07-09T03:44:21Z,89.4209,0.653852,0.659430,0.005578,below_midpoint_feather
2026-07-09T03:44:46Z,89.5384,0.652344,0.645326,-0.007018,below_midpoint_feather
2026-07-09T03:45:02Z,89.5933,0.645255,0.640440,-0.004815,below_midpoint_feather
2026-07-09T03:45:39Z,89.5903,0.639582,0.644457,0.004875,below_midpoint_feather
2026-07-09T03:46:39Z,89.6254,0.641648,0.644851,0.003203,below_midpoint_feather
2026-07-09T03:46:52Z,89.7230,0.639810,0.636560,-0.003250,below_midpoint_feather
2026-07-09T03:47:10Z,89.7688,0.637517,0.634202,-0.003315,below_midpoint_feather
2026-07-09T03:47:47Z,89.7871,0.633224,0.634590,0.001366,below_midpoint_feather
2026-07-09T03:48:26Z,89.8558,0.633643,0.632218,-0.001425,below_midpoint_feather
2026-07-09T03:48:37Z,89.8146,0.632658,0.634394,0.001735,below_midpoint_feather
2026-07-09T03:49:03Z,89.8589,0.631581,0.632819,0.001238,below_midpoint_feather
2026-07-09T03:49:50Z,90.0099,0.630329,0.627741,-0.002588,in_band
2026-07-09T03:50:09Z,89.9840,0.626270,0.625122,-0.001147,below_midpoint_feather
2026-07-09T03:50:24Z,90.0206,0.626350,0.623082,-0.003268,in_band
2026-07-09T03:51:00Z,90.0618,0.614064,0.612222,-0.001842,in_band
2026-07-09T03:51:59Z,90.1854,0.594356,0.592571,-0.001785,in_band
2026-07-09T03:52:00Z,90.1854,0.594027,0.592243,-0.001784,in_band
2026-07-09T03:52:59Z,90.2815,0.574906,0.573178,-0.001728,in_band
2026-07-09T03:53:00Z,90.2815,0.574587,0.572860,-0.001727,in_band
2026-07-09T03:53:59Z,90.3944,0.556072,0.554400,-0.001671,in_band
2026-07-09T03:54:00Z,90.3944,0.555763,0.554092,-0.001670,in_band
2026-07-09T03:54:59Z,90.4356,0.537846,0.536229,-0.001617,in_band
2026-07-09T03:55:00Z,90.4356,0.537548,0.535932,-0.001616,in_band
2026-07-09T03:55:59Z,90.5959,0.520215,0.518651,-0.001564,in_band
2026-07-09T03:56:00Z,90.5959,0.519926,0.518363,-0.001563,in_band
2026-07-09T03:56:59Z,90.6615,0.503161,0.501649,-0.001513,in_band
2026-07-09T03:57:00Z,90.6615,0.502882,0.501370,-0.001512,in_band
2026-07-09T03:57:59Z,90.7347,0.486666,0.485203,-0.001463,in_band
2026-07-09T03:58:00Z,90.7347,0.486396,0.484933,-0.001462,in_band
2026-07-09T03:58:59Z,90.8019,0.470711,0.469296,-0.001415,in_band
2026-07-09T03:59:00Z,90.8019,0.470450,0.469036,-0.001414,in_band
2026-07-09T03:59:59Z,90.8949,0.455280,0.453911,-0.001369,in_band
2026-07-09T04:00:00Z,90.8949,0.455027,0.453659,-0.001368,in_band
2026-07-09T04:00:59Z,90.9728,0.440354,0.439030,-0.001324,in_band
2026-07-09T04:01:00Z,90.9728,0.440109,0.438786,-0.001323,in_band
2026-07-09T04:01:59Z,91.0414,0.425917,0.424637,-0.001280,in_band
2026-07-09T04:02:00Z,91.0414,0.425681,0.424401,-0.001280,in_band
2026-07-09T04:02:59Z,91.1406,0.411954,0.410716,-0.001238,in_band
2026-07-09T04:03:00Z,91.1406,0.411725,0.410487,-0.001238,in_band
2026-07-09T04:03:59Z,91.1864,0.398449,0.397251,-0.001198,in_band
2026-07-09T04:04:00Z,91.1864,0.398227,0.397030,-0.001197,in_band
2026-07-09T04:04:59Z,91.2825,0.385386,0.384227,-0.001159,in_band
2026-07-09T04:05:00Z,91.2825,0.385172,0.384014,-0.001158,in_band
2026-07-09T04:05:59Z,91.3558,0.372751,0.371631,-0.001121,in_band
2026-07-09T04:06:00Z,91.3558,0.372544,0.371424,-0.001120,in_band
2026-07-09T04:06:59Z,91.4076,0.360531,0.359447,-0.001084,in_band
2026-07-09T04:07:00Z,91.4076,0.360331,0.359248,-0.001083,in_band
2026-07-09T04:07:59Z,91.4199,0.348712,0.347663,-0.001048,in_band
2026-07-09T04:08:55Z,91.5084,0.338030,0.334385,-0.003644,above_band_high
2026-07-09T04:08:57Z,91.4977,0.337654,0.337762,0.000108,in_band
2026-07-09T04:09:13Z,91.5084,0.335038,0.332505,-0.002533,above_band_high
2026-07-09T04:09:15Z,91.4855,0.334665,0.335881,0.001215,in_band
2026-07-09T04:10:49Z,91.6045,0.276244,0.288863,0.012619,above_band_high
2026-07-09T04:10:54Z,91.6732,0.275957,0.259254,-0.016703,above_band_high
2026-07-09T04:11:19Z,91.6686,0.251281,0.259150,0.007868,above_band_high
2026-07-09T04:11:50Z,91.7769,0.225517,0.209106,-0.016411,above_band_high
2026-07-09T04:12:02Z,91.7998,0.212643,0.197464,-0.015179,above_band_high
2026-07-09T04:12:57Z,91.8105,0.168473,0.181614,0.013142,above_band_high
2026-07-09T04:13:20Z,91.8975,0.154130,0.138516,-0.015614,above_band_high
2026-07-09T04:13:41Z,91.9066,0.120733,0.128425,0.007692,above_band_high
2026-07-09T04:14:07Z,91.9295,0.093280,0.109916,0.016637,above_band_high
2026-07-09T04:14:56Z,92.0760,0.044699,0.027831,-0.016868,above_band_high
2026-07-09T04:15:06Z,92.0851,0.036376,0.019445,-0.016931,above_band_high
2026-07-09T04:15:23Z,92.0851,0.005090,0.011464,0.006374,above_band_high
2026-07-09T04:16:00Z,92.1614,0.000000,0.000000,0.000000,above_band_high
2026-07-09T04:17:00Z,92.2545,0.000000,0.000000,0.000000,above_band_high
2026-07-09T04:18:00Z,92.3125,0.000000,0.000000,0.000000,above_band_high
2026-07-09T04:19:00Z,92.3857,0.000000,0.000000,0.000000,above_band_high
2026-07-09T04:20:00Z,92.3919,0.000000,0.000000,0.000000,above_band_high
2026-07-09T04:21:00Z,92.3629,0.000000,0.000000,0.000000,above_band_high
2026-07-09T04:22:00Z,92.3766,0.000000,0.000000,0.000000,above_band_high
2026-07-09T04:23:00Z,92.3995,0.000000,0.000000,0.000000,above_band_high
2026-07-09T04:24:00Z,92.3262,0.000000,0.000000,0.000000,above_band_high
2026-07-09T04:25:00Z,92.3125,0.000000,0.000000,0.000000,above_band_high
2026-07-09T04:26:00Z,92.2667,0.000000,0.000000,0.000000,above_band_high
2026-07-09T04:27:00Z,92.1981,0.000000,0.000000,0.000000,above_band_high
2026-07-09T04:28:00Z,92.1263,0.000000,0.000000,0.000000,above_band_high
2026-07-09T04:29:00Z,92.0851,0.000000,0.000000,0.000000,above_band_high
2026-07-09T04:30:00Z,92.0516,0.000000,0.000000,0.000000,above_band_high
2026-07-09T04:31:00Z,92.0195,0.000000,0.000000,0.000000,above_band_high
2026-07-09T04:32:00Z,91.9387,0.000000,0.000000,0.000000,above_band_high
2026-07-09T04:33:00Z,91.9005,0.000000,0.000000,0.000000,above_band_high
2026-07-09T04:34:00Z,91.8288,0.000000,0.000000,0.000000,above_band_high
2026-07-09T04:35:00Z,91.7830,0.000000,0.000000,0.000000,above_band_high
2026-07-09T04:36:00Z,91.7281,0.000000,0.000000,0.000000,above_band_high
2026-07-09T04:37:47Z,91.5129,0.000000,0.003684,0.003684,above_band_high
2026-07-09T04:37:55Z,91.5435,0.003209,0.000000,-0.003209,above_band_high
2026-07-09T04:38:00Z,91.5480,0.002585,0.000000,-0.002585,above_band_high
2026-07-09T04:38:07Z,91.4977,0.000000,0.007122,0.007122,in_band
2026-07-09T04:39:49Z,91.3573,0.001394,0.001330,-0.000064,in_band
2026-07-09T04:39:59Z,91.3100,0.001182,0.001128,-0.000054,in_band
2026-07-09T04:40:00Z,91.3100,0.001163,0.001109,-0.000053,in_band
2026-07-09T04:40:59Z,91.2337,0.000438,0.000418,-0.000020,in_band
2026-07-09T04:41:00Z,91.2337,0.000431,0.000411,-0.000020,in_band
2026-07-09T04:41:59Z,91.1360,0.000163,0.000155,-0.000007,in_band
2026-07-09T04:42:00Z,91.1360,0.000160,0.000153,-0.000007,in_band
2026-07-09T04:42:59Z,91.0872,0.000060,0.000058,-0.000003,in_band
2026-07-09T04:43:00Z,91.0872,0.000059,0.000057,-0.000003,in_band
2026-07-09T04:43:59Z,90.9728,0.000022,0.000021,-0.000001,in_band
2026-07-09T04:44:00Z,90.9728,0.000022,0.000021,-0.000001,in_band
2026-07-09T04:44:59Z,90.8888,0.000008,0.000008,-0.000000,in_band
2026-07-09T04:45:00Z,90.8888,0.000008,0.000008,-0.000000,in_band
2026-07-09T04:45:59Z,90.7439,0.000003,0.000003,-0.000000,in_band
2026-07-09T04:46:00Z,90.7439,0.000003,0.000003,-0.000000,in_band
2026-07-09T04:46:59Z,90.6661,0.000001,0.000001,-0.000000,in_band
2026-07-09T04:47:00Z,90.6661,0.000001,0.000001,-0.000000,in_band
2026-07-09T04:47:59Z,90.5730,0.000000,0.000000,-0.000000,in_band
2026-07-09T04:48:00Z,90.5730,0.000000,0.000000,-0.000000,in_band
2026-07-09T04:48:59Z,90.4875,0.000000,0.000000,-0.000000,in_band
2026-07-09T04:49:00Z,90.4875,0.000000,0.000000,-0.000000,in_band
2026-07-09T04:49:59Z,90.4082,0.000000,0.000000,-0.000000,in_band
2026-07-09T04:50:00Z,90.4082,0.000000,0.000000,-0.000000,in_band
2026-07-09T04:50:59Z,90.3120,0.000000,0.000000,-0.000000,in_band
2026-07-09T04:51:00Z,90.3120,0.000000,0.000000,-0.000000,in_band
2026-07-09T04:51:59Z,90.1839,0.000000,0.000000,-0.000000,in_band
2026-07-09T04:52:00Z,90.1839,0.000000,0.000000,-0.000000,in_band
2026-07-09T04:52:59Z,90.1350,0.000000,0.000000,-0.000000,in_band
2026-07-09T04:53:55Z,90.0252,0.000000,0.000000,-0.000000,in_band
2026-07-09T04:53:59Z,89.9916,0.000000,0.000010,0.000010,below_midpoint_feather
2026-07-09T04:54:27Z,90.0023,0.000269,0.000000,-0.000269,in_band
2026-07-09T04:54:49Z,89.9138,0.000270,0.001060,0.000790,below_midpoint_feather
2026-07-09T04:55:39Z,89.8314,0.001821,0.004087,0.002266,below_midpoint_feather
2026-07-09T04:55:53Z,89.8634,0.003204,0.002727,-0.000477,below_midpoint_feather
2026-07-09T04:56:18Z,89.7642,0.005355,0.008074,0.002719,below_midpoint_feather
2026-07-09T04:56:23Z,89.7826,0.007763,0.006922,-0.000841,below_midpoint_feather
2026-07-09T04:57:13Z,89.6803,0.017193,0.015264,-0.001928,below_midpoint_feather
2026-07-09T04:57:18Z,89.6208,0.015686,0.021266,0.005580,below_midpoint_feather
2026-07-09T04:58:42Z,89.4423,0.039524,0.048044,0.008521,below_midpoint_feather
2026-07-09T04:58:55Z,89.4881,0.047104,0.041850,-0.005254,below_midpoint_feather
2026-07-09T04:59:09Z,89.4835,0.050657,0.043445,-0.007212,below_midpoint_feather
2026-07-09T04:59:52Z,89.3065,0.070303,0.077464,0.007161,below_midpoint_feather
2026-07-09T05:00:28Z,89.2363,0.085848,0.096024,0.010176,below_midpoint_feather
2026-07-09T05:00:33Z,89.2866,0.093810,0.086087,-0.007723,below_midpoint_feather
2026-07-09T05:01:49Z,89.1539,0.133452,0.127899,-0.005553,below_midpoint_feather
2026-07-09T05:01:52Z,89.0898,0.134041,0.144502,0.010462,below_midpoint_feather
2026-07-09T05:02:04Z,89.0440,0.143392,0.159119,0.015727,below_midpoint_feather
2026-07-09T05:02:13Z,89.0730,0.159784,0.153300,-0.006484,below_midpoint_feather
2026-07-09T05:03:10Z,88.9113,0.200061,0.214156,0.014095,below_midpoint_feather
2026-07-09T05:03:35Z,88.9220,0.229154,0.218529,-0.010625,below_midpoint_feather
2026-07-09T05:04:35Z,88.7694,0.298432,0.290905,-0.007527,below_midpoint_feather
2026-07-09T05:04:42Z,88.7068,0.301378,0.316345,0.014967,below_midpoint_feather
2026-07-09T05:05:41Z,88.6183,0.386715,0.378487,-0.008228,below_midpoint_feather
2026-07-09T05:05:54Z,88.5328,0.391930,0.420230,0.028300,below_midpoint_feather
2026-07-09T05:06:35Z,88.5496,0.452577,0.437787,-0.014789,below_midpoint_feather
2026-07-09T05:06:46Z,88.4581,0.458931,0.483559,0.024628,below_midpoint_feather
2026-07-09T05:07:20Z,88.3726,0.516935,0.543089,0.026154,below_midpoint_feather
2026-07-09T05:07:57Z,88.3818,0.585298,0.566810,-0.018488,below_midpoint_feather
2026-07-09T05:08:15Z,88.3711,0.601564,0.585802,-0.015762,below_midpoint_feather
2026-07-09T05:08:22Z,88.2979,0.600134,0.622816,0.022682,below_midpoint_feather
2026-07-09T05:09:07Z,88.2658,0.680993,0.675291,-0.005702,below_midpoint_feather
2026-07-09T05:09:20Z,88.2033,0.688840,0.713816,0.024976,below_midpoint_feather
2026-07-09T05:10:25Z,88.1712,0.795104,0.790570,-0.004534,below_midpoint_feather
2026-07-09T05:10:50Z,88.0888,0.837730,0.851538,0.013808,below_midpoint_feather
2026-07-09T05:11:38Z,88.0156,0.911539,0.934716,0.023177,below_midpoint_feather
2026-07-09T05:11:57Z,88.0568,0.944580,0.938575,-0.006004,below_midpoint_feather
2026-07-09T05:12:25Z,88.0842,0.966399,0.959217,-0.007182,below_midpoint_feather
2026-07-09T05:12:33Z,88.0644,0.964002,0.977017,0.013015,below_midpoint_feather
2026-07-09T05:13:00Z,88.0751,0.999414,1.000000,0.000586,below_midpoint_feather
2026-07-09T05:13:19Z,88.1437,1.000000,0.996926,-0.003074,below_midpoint_feather
2026-07-09T05:14:31Z,88.3528,0.999277,0.989999,-0.009277,below_midpoint_feather
2026-07-09T05:14:57Z,88.3940,0.989179,0.999818,0.010639,below_midpoint_feather
2026-07-09T05:15:06Z,88.4321,0.995052,0.992579,-0.002473,below_midpoint_feather
2026-07-09T05:15:07Z,88.3940,0.996052,1.000000,0.003948,below_midpoint_feather
2026-07-09T05:16:20Z,88.6320,0.999224,0.977821,-0.021403,below_midpoint_feather
2026-07-09T05:16:51Z,88.6427,0.983637,0.998414,0.014777,below_midpoint_feather
2026-07-09T05:17:21Z,88.6961,0.989609,0.999745,0.010136,below_midpoint_feather
2026-07-09T05:17:54Z,88.7984,0.999751,0.984772,-0.014979,below_midpoint_feather
2026-07-09T05:18:22Z,88.8609,0.997468,0.980586,-0.016882,below_midpoint_feather
2026-07-09T05:18:55Z,88.8808,0.987644,0.992182,0.004538,below_midpoint_feather
2026-07-09T05:19:14Z,88.9708,0.988297,0.974238,-0.014059,below_midpoint_feather
2026-07-09T05:19:55Z,89.0410,0.965069,0.972896,0.007828,below_midpoint_feather
2026-07-09T05:20:17Z,89.1142,0.956640,0.962311,0.005672,below_midpoint_feather
2026-07-09T05:20:56Z,89.2927,0.944572,0.934956,-0.009615,below_midpoint_feather
2026-07-09T05:21:26Z,89.3965,0.931555,0.923820,-0.007736,below_midpoint_feather
2026-07-09T05:21:55Z,89.3462,0.931556,0.939234,0.007678,below_midpoint_feather
2026-07-09T05:22:05Z,89.3233,0.937064,0.945497,0.008433,below_midpoint_feather
2026-07-09T05:22:36Z,89.5155,0.930886,0.919231,-0.011654,below_midpoint_feather
2026-07-09T05:23:02Z,89.5308,0.924273,0.921063,-0.003210,below_midpoint_feather
2026-07-09T05:23:33Z,89.5171,0.922234,0.926746,0.004513,below_midpoint_feather
2026-07-09T05:24:16Z,89.5766,0.927764,0.923345,-0.004419,below_midpoint_feather
2026-07-09T05:24:27Z,89.4972,0.927569,0.934775,0.007207,below_midpoint_feather
2026-07-09T05:25:19Z,89.5308,0.930640,0.934337,0.003697,below_midpoint_feather
2026-07-09T05:25:35Z,89.5842,0.933978,0.928796,-0.005182,below_midpoint_feather
2026-07-09T05:26:41Z,89.5567,0.931315,0.936771,0.005455,below_midpoint_feather
2026-07-09T05:26:45Z,89.6361,0.931582,0.927929,-0.003654,below_midpoint_feather
2026-07-09T05:27:12Z,89.7032,0.926136,0.923315,-0.002822,below_midpoint_feather
2026-07-09T05:27:21Z,89.6864,0.922635,0.925283,0.002647,below_midpoint_feather
2026-07-09T05:28:05Z,89.6895,0.923751,0.927052,0.003302,below_midpoint_feather
2026-07-09T05:28:07Z,89.8222,0.923830,0.917911,-0.005918,below_midpoint_feather
2026-07-09T05:29:04Z,89.8909,0.917811,0.916872,-0.000939,below_midpoint_feather
2026-07-09T05:29:17Z,89.8650,0.916774,0.918047,0.001273,below_midpoint_feather
2026-07-09T05:30:00Z,89.9184,0.916200,0.917039,0.000839,below_midpoint_feather
2026-07-09T05:30:32Z,90.0053,0.916217,0.913312,-0.002905,in_band
2026-07-09T05:31:00Z,90.0710,0.903222,0.900354,-0.002867,in_band
2026-07-09T05:31:59Z,90.1900,0.874249,0.871467,-0.002782,in_band
2026-07-09T05:32:00Z,90.1900,0.873765,0.870984,-0.002780,in_band
2026-07-09T05:32:59Z,90.3624,0.845645,0.842952,-0.002693,in_band
2026-07-09T05:33:00Z,90.3624,0.845176,0.842485,-0.002692,in_band
2026-07-09T05:33:59Z,90.4692,0.817944,0.815338,-0.002606,in_band
2026-07-09T05:34:00Z,90.4692,0.817489,0.814885,-0.002604,in_band
2026-07-09T05:34:59Z,90.4952,0.791136,0.788615,-0.002521,in_band
2026-07-09T05:35:00Z,90.4952,0.790697,0.788178,-0.002519,in_band
2026-07-09T05:35:59Z,90.5974,0.765202,0.762764,-0.002438,in_band
2026-07-09T05:36:00Z,90.5974,0.764777,0.762341,-0.002437,in_band
2026-07-09T05:36:59Z,90.6371,0.740118,0.737759,-0.002359,in_band
2026-07-09T05:37:00Z,90.6371,0.739706,0.737349,-0.002357,in_band
2026-07-09T05:37:59Z,90.7439,0.715854,0.713573,-0.002281,in_band
2026-07-09T05:38:00Z,90.7439,0.715456,0.713176,-0.002280,in_band
2026-07-09T05:38:59Z,90.9041,0.692385,0.690179,-0.002206,in_band
2026-07-09T05:39:00Z,90.9041,0.692001,0.689796,-0.002205,in_band
2026-07-09T05:39:59Z,90.9911,0.669686,0.667553,-0.002134,in_band
2026-07-09T05:40:00Z,90.9911,0.669315,0.667182,-0.002133,in_band
2026-07-09T05:40:59Z,91.1055,0.647731,0.645668,-0.002064,in_band
2026-07-09T05:41:00Z,91.1055,0.647372,0.645309,-0.002063,in_band
2026-07-09T05:41:59Z,91.2062,0.626496,0.624500,-0.001996,in_band
2026-07-09T05:42:00Z,91.2062,0.626148,0.624153,-0.001995,in_band
2026-07-09T05:42:59Z,91.3008,0.605957,0.604027,-0.001931,in_band
2026-07-09T05:43:00Z,91.3008,0.605621,0.603691,-0.001930,in_band
2026-07-09T05:43:59Z,91.3649,0.586092,0.584224,-0.001867,in_band
2026-07-09T05:44:00Z,91.3649,0.585766,0.583900,-0.001866,in_band
2026-07-09T05:44:59Z,91.4717,0.566877,0.565071,-0.001806,in_band
2026-07-09T05:45:06Z,91.4900,0.564677,0.563504,-0.001173,in_band
2026-07-09T05:45:09Z,91.5206,0.563090,0.554733,-0.008357,above_band_high
2026-07-09T05:46:45Z,91.6274,0.497897,0.505643,0.007746,above_band_high
2026-07-09T05:46:59Z,91.6823,0.493627,0.481154,-0.012473,above_band_high
2026-07-09T05:47:03Z,91.6533,0.488739,0.493180,0.004442,above_band_high
2026-07-09T05:47:58Z,91.8044,0.443089,0.421918,-0.021172,above_band_high
2026-07-09T05:48:55Z,91.8791,0.375268,0.377707,0.002439,above_band_high
2026-07-09T05:48:59Z,91.9432,0.373538,0.349256,-0.024282,above_band_high
2026-07-09T05:49:00Z,91.9432,0.373263,0.348977,-0.024287,above_band_high
2026-07-09T05:49:53Z,91.9982,0.300005,0.307800,0.007795,above_band_high
2026-07-09T05:50:05Z,92.0378,0.283603,0.286092,0.002489,above_band_high
2026-07-09T05:50:38Z,92.1340,0.254860,0.230415,-0.024445,above_band_high
2026-07-09T05:51:29Z,92.1889,0.172285,0.179994,0.007709,above_band_high
2026-07-09T05:51:52Z,92.3079,0.152067,0.115328,-0.036740,above_band_high
2026-07-09T05:52:45Z,92.3873,0.040048,0.045086,0.005038,above_band_high
2026-07-09T05:52:52Z,92.4651,0.037397,0.006553,-0.030844,above_band_high
2026-07-09T05:53:01Z,92.4773,0.010950,0.000000,-0.010950,above_band_high
2026-07-09T05:53:07Z,92.5002,0.000000,0.000000,0.000000,above_band_high
2026-07-09T05:54:00Z,92.6055,0.000000,0.000000,0.000000,above_band_high
2026-07-09T05:55:00Z,92.7382,0.000000,0.000000,0.000000,above_band_high
2026-07-09T05:56:00Z,92.8588,0.000000,0.000000,0.000000,above_band_high
2026-07-09T05:57:00Z,92.9717,0.000000,0.000000,0.000000,above_band_high
2026-07-09T05:58:00Z,93.0648,0.000000,0.000000,0.000000,above_band_high
2026-07-09T05:59:00Z,93.2464,0.000000,0.000000,0.000000,above_band_high
2026-07-09T06:00:00Z,93.3257,0.000000,0.000000,0.000000,above_band_high
2026-07-09T06:01:00Z,93.3745,0.000000,0.000000,0.000000,above_band_high
2026-07-09T06:02:00Z,93.4478,0.000000,0.000000,0.000000,above_band_high
2026-07-09T06:03:00Z,93.4936,0.000000,0.000000,0.000000,above_band_high
2026-07-09T06:04:00Z,93.5775,0.000000,0.000000,0.000000,above_band_high
2026-07-09T06:05:00Z,93.6004,0.000000,0.000000,0.000000,above_band_high
2026-07-09T06:06:00Z,93.6858,0.000000,0.000000,0.000000,above_band_high
2026-07-09T06:07:00Z,93.6858,0.000000,0.000000,0.000000,above_band_high
2026-07-09T06:08:00Z,93.7453,0.000000,0.000000,0.000000,above_band_high
2026-07-09T06:09:00Z,93.7881,0.000000,0.000000,0.000000,above_band_high
2026-07-09T06:10:00Z,93.8231,0.000000,0.000000,0.000000,above_band_high
2026-07-09T06:11:00Z,93.8323,0.000000,0.000000,0.000000,above_band_high
2026-07-09T06:12:00Z,93.8415,0.000000,0.000000,0.000000,above_band_high
2026-07-09T06:13:00Z,93.9010,0.000000,0.000000,0.000000,above_band_high
2026-07-09T06:14:00Z,93.8827,0.000000,0.000000,0.000000,above_band_high
2026-07-09T06:15:00Z,93.8750,0.000000,0.000000,0.000000,above_band_high
2026-07-09T06:16:00Z,93.8552,0.000000,0.000000,0.000000,above_band_high
2026-07-09T06:17:00Z,93.9025,0.000000,0.000000,0.000000,above_band_high
2026-07-09T06:18:00Z,93.8781,0.000000,0.000000,0.000000,above_band_high
2026-07-09T06:19:00Z,93.8781,0.000000,0.000000,0.000000,above_band_high
2026-07-09T06:20:00Z,93.8506,0.000000,0.000000,0.000000,above_band_high
2026-07-09T06:21:00Z,93.8888,0.000000,0.000000,0.000000,above_band_high
2026-07-09T06:22:00Z,93.8918,0.000000,0.000000,0.000000,above_band_high
2026-07-09T06:23:00Z,93.8567,0.000000,0.000000,0.000000,above_band_high
2026-07-09T06:24:00Z,93.8964,0.000000,0.000000,0.000000,above_band_high
2026-07-09T06:25:00Z,93.8735,0.000000,0.000000,0.000000,above_band_high
2026-07-09T06:26:00Z,93.8598,0.000000,0.000000,0.000000,above_band_high
2026-07-09T06:27:00Z,93.8552,0.000000,0.000000,0.000000,above_band_high
2026-07-09T06:28:00Z,93.8552,0.000000,0.000000,0.000000,above_band_high
2026-07-09T06:29:00Z,93.8613,0.000000,0.000000,0.000000,above_band_high
2026-07-09T06:30:00Z,93.8476,0.000000,0.000000,0.000000,above_band_high
2026-07-09T06:31:00Z,93.8552,0.000000,0.000000,0.000000,above_band_high
2026-07-09T06:32:00Z,93.8384,0.000000,0.000000,0.000000,above_band_high
2026-07-09T06:33:00Z,93.8430,0.000000,0.000000,0.000000,above_band_high
2026-07-09T06:34:00Z,93.8827,0.000000,0.000000,0.000000,above_band_high
2026-07-09T06:35:00Z,93.8827,0.000000,0.000000,0.000000,above_band_high
2026-07-09T06:36:00Z,93.8918,0.000000,0.000000,0.000000,above_band_high
2026-07-09T06:37:00Z,93.8659,0.000000,0.000000,0.000000,above_band_high
2026-07-09T06:38:00Z,93.8888,0.000000,0.000000,0.000000,above_band_high
2026-07-09T06:39:00Z,93.8964,0.000000,0.000000,0.000000,above_band_high
2026-07-09T06:40:00Z,93.9071,0.000000,0.000000,0.000000,above_band_high
2026-07-09T06:41:00Z,93.9300,0.000000,0.000000,0.000000,above_band_high
2026-07-09T06:42:00Z,93.9101,0.000000,0.000000,0.000000,above_band_high
2026-07-09T06:43:00Z,93.8918,0.000000,0.000000,0.000000,above_band_high
2026-07-09T06:44:00Z,93.9071,0.000000,0.000000,0.000000,above_band_high
2026-07-09T06:45:00Z,93.8964,0.000000,0.000000,0.000000,above_band_high
2026-07-09T06:46:00Z,93.8781,0.000000,0.000000,0.000000,above_band_high
2026-07-09T06:47:00Z,93.8842,0.000000,0.000000,0.000000,above_band_high
2026-07-09T06:48:00Z,93.8750,0.000000,0.000000,0.000000,above_band_high
2026-07-09T06:49:00Z,93.8750,0.000000,0.000000,0.000000,above_band_high
2026-07-09T06:50:00Z,93.8415,0.000000,0.000000,0.000000,above_band_high
2026-07-09T06:51:00Z,93.8613,0.000000,0.000000,0.000000,above_band_high
2026-07-09T06:52:00Z,93.8430,0.000000,0.000000,0.000000,above_band_high
2026-07-09T06:53:00Z,93.8827,0.000000,0.000000,0.000000,above_band_high
2026-07-09T06:54:00Z,93.8277,0.000000,0.000000,0.000000,above_band_high
2026-07-09T06:55:00Z,93.8231,0.000000,0.000000,0.000000,above_band_high
2026-07-09T06:56:00Z,93.8003,0.000000,0.000000,0.000000,above_band_high
2026-07-09T06:57:00Z,93.7911,0.000000,0.000000,0.000000,above_band_high
2026-07-09T06:58:00Z,93.7560,0.000000,0.000000,0.000000,above_band_high
2026-07-09T06:59:00Z,93.7285,0.000000,0.000000,0.000000,above_band_high
2026-07-09T07:00:00Z,93.7331,0.000000,0.000000,0.000000,above_band_high
2026-07-09T07:01:00Z,93.6904,0.000000,0.000000,0.000000,above_band_high
2026-07-09T07:02:00Z,93.6782,0.000000,0.000000,0.000000,above_band_high
2026-07-09T07:03:00Z,93.6584,0.000000,0.000000,0.000000,above_band_high
2026-07-09T07:04:00Z,93.6355,0.000000,0.000000,0.000000,above_band_high
2026-07-09T07:05:00Z,93.5897,0.000000,0.000000,0.000000,above_band_high
2026-07-09T07:06:00Z,93.6034,0.000000,0.000000,0.000000,above_band_high
2026-07-09T07:07:00Z,93.5683,0.000000,0.000000,0.000000,above_band_high
2026-07-09T07:08:00Z,93.4981,0.000000,0.000000,0.000000,above_band_high
2026-07-09T07:09:00Z,93.4981,0.000000,0.000000,0.000000,above_band_high
2026-07-09T07:10:00Z,93.4249,0.000000,0.000000,0.000000,above_band_high
2026-07-09T07:11:00Z,93.4035,0.000000,0.000000,0.000000,above_band_high
2026-07-09T07:12:00Z,93.3165,0.000000,0.000000,0.000000,above_band_high
2026-07-09T07:13:00Z,93.3120,0.000000,0.000000,0.000000,above_band_high
2026-07-09T07:14:00Z,93.2876,0.000000,0.000000,0.000000,above_band_high
2026-07-09T07:15:00Z,93.2280,0.000000,0.000000,0.000000,above_band_high
2026-07-09T07:16:00Z,93.1594,0.000000,0.000000,0.000000,above_band_high
2026-07-09T07:17:00Z,93.0785,0.000000,0.000000,0.000000,above_band_high
2026-07-09T07:18:00Z,92.9595,0.000000,0.000000,0.000000,above_band_high
2026-07-09T07:19:00Z,92.8161,0.000000,0.000000,0.000000,above_band_high
2026-07-09T07:20:00Z,92.7398,0.000000,0.000000,0.000000,above_band_high
2026-07-09T07:21:00Z,92.6024,0.000000,0.000000,0.000000,above_band_high
2026-07-09T07:22:00Z,92.4865,0.000000,0.000000,0.000000,above_band_high
2026-07-09T07:23:00Z,92.3079,0.000000,0.000000,0.000000,above_band_high
2026-07-09T07:24:00Z,92.2087,0.000000,0.000000,0.000000,above_band_high
2026-07-09T07:25:00Z,92.1248,0.000000,0.000000,0.000000,above_band_high
2026-07-09T07:26:00Z,91.9799,0.000000,0.000000,0.000000,above_band_high
2026-07-09T07:27:00Z,91.8410,0.000000,0.000000,0.000000,above_band_high
2026-07-09T07:28:00Z,91.7739,0.000000,0.000000,0.000000,above_band_high
2026-07-09T07:29:00Z,91.7037,0.000000,0.000000,0.000000,above_band_high
2026-07-09T07:30:00Z,91.6274,0.000000,0.000000,0.000000,above_band_high
2026-07-09T07:31:00Z,91.6091,0.000000,0.000000,0.000000,above_band_high
2026-07-09T07:32:00Z,91.5343,0.000000,0.000000,0.000000,above_band_high
2026-07-09T07:32:59Z,91.4839,0.000000,0.003483,0.003483,in_band
2026-07-09T07:33:00Z,91.4839,0.000000,0.003426,0.003426,in_band
2026-07-09T07:33:03Z,91.4885,0.003558,0.003260,-0.000298,in_band
2026-07-09T07:34:31Z,91.4534,0.000831,0.000792,-0.000038,in_band
2026-07-09T07:34:59Z,91.3939,0.000523,0.000499,-0.000024,in_band
2026-07-09T07:35:00Z,91.3939,0.000514,0.000491,-0.000024,in_band
2026-07-09T07:35:59Z,91.3344,0.000194,0.000185,-0.000009,in_band
2026-07-09T07:36:00Z,91.3344,0.000191,0.000182,-0.000009,in_band
2026-07-09T07:36:59Z,91.2749,0.000072,0.000069,-0.000003,in_band
2026-07-09T07:37:00Z,91.2749,0.000071,0.000068,-0.000003,in_band
2026-07-09T07:37:59Z,91.1818,0.000027,0.000025,-0.000001,in_band
2026-07-09T07:38:00Z,91.1818,0.000026,0.000025,-0.000001,in_band
2026-07-09T07:38:59Z,91.1055,0.000010,0.000009,-0.000000,in_band
2026-07-09T07:39:00Z,91.1055,0.000010,0.000009,-0.000000,in_band
2026-07-09T07:39:59Z,91.0643,0.000004,0.000004,-0.000000,in_band
2026-07-09T07:40:00Z,91.0643,0.000004,0.000003,-0.000000,in_band
2026-07-09T07:40:59Z,90.9957,0.000001,0.000001,-0.000000,in_band
2026-07-09T07:41:00Z,90.9957,0.000001,0.000001,-0.000000,in_band
2026-07-09T07:41:59Z,90.9255,0.000001,0.000000,-0.000000,in_band
2026-07-09T07:42:00Z,90.9255,0.000000,0.000000,-0.000000,in_band
2026-07-09T07:42:59Z,90.8812,0.000000,0.000000,-0.000000,in_band
2026-07-09T07:43:00Z,90.8812,0.000000,0.000000,-0.000000,in_band
2026-07-09T07:43:59Z,90.7897,0.000000,0.000000,-0.000000,in_band
2026-07-09T07:44:00Z,90.7897,0.000000,0.000000,-0.000000,in_band
2026-07-09T07:44:59Z,90.7240,0.000000,0.000000,-0.000000,in_band
2026-07-09T07:45:00Z,90.7240,0.000000,0.000000,-0.000000,in_band
2026-07-09T07:45:59Z,90.6416,0.000000,0.000000,-0.000000,in_band
2026-07-09T07:46:00Z,90.6416,0.000000,0.000000,-0.000000,in_band
2026-07-09T07:46:59Z,90.6020,0.000000,0.000000,-0.000000,in_band
2026-07-09T07:47:00Z,90.6020,0.000000,0.000000,-0.000000,in_band
2026-07-09T07:47:59Z,90.5180,0.000000,0.000000,-0.000000,in_band
2026-07-09T07:48:00Z,90.5180,0.000000,0.000000,-0.000000,in_band
2026-07-09T07:48:59Z,90.4631,0.000000,0.000000,-0.000000,in_band
2026-07-09T07:49:00Z,90.4631,0.000000,0.000000,-0.000000,in_band
2026-07-09T07:49:59Z,90.3914,0.000000,0.000000,-0.000000,in_band
2026-07-09T07:50:00Z,90.3914,0.000000,0.000000,-0.000000,in_band
2026-07-09T07:50:59Z,90.3487,0.000000,0.000000,-0.000000,in_band
2026-07-09T07:51:00Z,90.3487,0.000000,0.000000,-0.000000,in_band
2026-07-09T07:51:59Z,90.2770,0.000000,0.000000,-0.000000,in_band
2026-07-09T07:52:00Z,90.2770,0.000000,0.000000,-0.000000,in_band
2026-07-09T07:52:59Z,90.1808,0.000000,0.000000,-0.000000,in_band
2026-07-09T07:53:00Z,90.1808,0.000000,0.000000,-0.000000,in_band
2026-07-09T07:53:59Z,90.1839,0.000000,0.000000,-0.000000,in_band
2026-07-09T07:54:00Z,90.1839,0.000000,0.000000,-0.000000,in_band
2026-07-09T07:54:59Z,90.1061,0.000000,0.000000,-0.000000,in_band
2026-07-09T07:55:00Z,90.1061,0.000000,0.000000,-0.000000,in_band
2026-07-09T07:55:59Z,90.0710,0.000000,0.000000,-0.000000,in_band
2026-07-09T07:56:51Z,89.9596,0.000002,0.000232,0.000230,below_midpoint_feather
2026-07-09T07:56:57Z,89.9916,0.000183,0.000010,-0.000173,below_midpoint_feather
2026-07-09T07:57:54Z,89.8726,0.001529,0.002335,0.000805,below_midpoint_feather
2026-07-09T07:57:59Z,89.9062,0.001864,0.001285,-0.000579,below_midpoint_feather
2026-07-09T07:58:11Z,89.8329,0.001881,0.004023,0.002142,below_midpoint_feather
2026-07-09T07:58:29Z,89.8680,0.003698,0.002575,-0.001123,below_midpoint_feather
2026-07-09T07:59:43Z,89.7322,0.013123,0.010865,-0.002258,below_midpoint_feather
2026-07-09T07:59:56Z,89.6269,0.015183,0.020662,0.005479,below_midpoint_feather
2026-07-09T08:00:32Z,89.5750,0.020532,0.027350,0.006817,below_midpoint_feather
2026-07-09T08:00:45Z,89.6071,0.027947,0.024006,-0.003941,below_midpoint_feather
2026-07-09T08:01:01Z,89.5933,0.029799,0.026132,-0.003668,below_midpoint_feather
2026-07-09T08:01:36Z,89.4743,0.037131,0.043498,0.006367,below_midpoint_feather
2026-07-09T08:02:04Z,89.4194,0.046256,0.053810,0.007554,below_midpoint_feather
2026-07-09T08:02:33Z,89.4331,0.058425,0.053733,-0.004692,below_midpoint_feather
2026-07-09T08:03:27Z,89.3248,0.080392,0.078212,-0.002180,below_midpoint_feather
2026-07-09T08:03:34Z,89.2317,0.081506,0.098145,0.016639,below_midpoint_feather
2026-07-09T08:04:20Z,89.1691,0.111050,0.118796,0.007746,below_midpoint_feather
2026-07-09T08:04:45Z,89.1646,0.129269,0.124156,-0.005112,below_midpoint_feather
2026-07-09T08:05:11Z,89.1142,0.146507,0.141564,-0.004942,below_midpoint_feather
2026-07-09T08:05:22Z,89.0166,0.155216,0.169887,0.014671,below_midpoint_feather
2026-07-09T08:06:29Z,88.9525,0.211478,0.205900,-0.005578,below_midpoint_feather
2026-07-09T08:06:54Z,88.8396,0.227314,0.249322,0.022008,below_midpoint_feather
2026-07-09T08:07:22Z,88.8060,0.253039,0.270396,0.017357,below_midpoint_feather
2026-07-09T08:07:25Z,88.8472,0.262180,0.257757,-0.004423,below_midpoint_feather
2026-07-09T08:08:14Z,88.6839,0.316253,0.335010,0.018758,below_midpoint_feather
2026-07-09T08:08:19Z,88.7373,0.332443,0.317673,-0.014770,below_midpoint_feather
2026-07-09T08:09:23Z,88.6275,0.398992,0.391093,-0.007899,below_midpoint_feather
2026-07-09T08:09:38Z,88.5313,0.412835,0.438365,0.025530,below_midpoint_feather
2026-07-09T08:10:10Z,88.4443,0.475725,0.494595,0.018870,below_midpoint_feather
2026-07-09T08:10:57Z,88.4627,0.540729,0.518921,-0.021807,below_midpoint_feather
2026-07-09T08:11:15Z,88.4169,0.556641,0.551845,-0.004795,below_midpoint_feather
2026-07-09T08:11:32Z,88.3497,0.567709,0.593566,0.025858,below_midpoint_feather
2026-07-09T08:12:35Z,88.2673,0.687527,0.681296,-0.006231,below_midpoint_feather
2026-07-09T08:12:54Z,88.1941,0.708558,0.729790,0.021232,below_midpoint_feather
2026-07-09T08:13:19Z,88.2170,0.746271,0.743576,-0.002696,below_midpoint_feather
2026-07-09T08:13:48Z,88.1392,0.784236,0.805127,0.020890,below_midpoint_feather
2026-07-09T08:14:10Z,88.0735,0.831087,0.855375,0.024288,below_midpoint_feather
2026-07-09T08:14:49Z,88.1102,0.890486,0.881218,-0.009268,below_midpoint_feather
2026-07-09T08:15:03Z,88.1056,0.909111,0.898605,-0.010506,below_midpoint_feather
2026-07-09T08:15:35Z,88.0781,0.930003,0.946266,0.016262,below_midpoint_feather
2026-07-09T08:16:17Z,88.1849,0.935737,0.948038,0.012301,below_midpoint_feather
2026-07-09T08:16:53Z,88.2338,0.973302,0.966651,-0.006651,below_midpoint_feather
2026-07-09T08:17:05Z,88.1987,0.984310,0.994561,0.010251,below_midpoint_feather
2026-07-09T08:17:12Z,88.2475,0.989869,0.981234,-0.008635,below_midpoint_feather
2026-07-09T08:18:52Z,88.4962,1.000000,0.978659,-0.021341,below_midpoint_feather
2026-07-09T08:18:59Z,88.5039,0.978158,0.982131,0.003973,below_midpoint_feather
2026-07-09T08:19:32Z,88.6961,0.952381,0.935118,-0.017263,below_midpoint_feather
2026-07-09T08:19:45Z,88.6931,0.935595,0.946805,0.011209,below_midpoint_feather
2026-07-09T08:20:02Z,88.8212,0.933314,0.914344,-0.018970,below_midpoint_feather
2026-07-09T08:20:53Z,88.8884,0.912586,0.925026,0.012440,below_midpoint_feather
2026-07-09T08:21:09Z,88.9036,0.916747,0.928893,0.012146,below_midpoint_feather
2026-07-09T08:21:32Z,89.0318,0.917464,0.902676,-0.014788,below_midpoint_feather
2026-07-09T08:22:06Z,89.1463,0.896618,0.887787,-0.008831,below_midpoint_feather
2026-07-09T08:22:13Z,89.1096,0.891385,0.899596,0.008211,below_midpoint_feather
2026-07-09T08:23:08Z,89.2836,0.886514,0.878278,-0.008236,below_midpoint_feather
2026-07-09T08:23:13Z,89.2180,0.885362,0.893698,0.008336,below_midpoint_feather
2026-07-09T08:24:04Z,89.3324,0.886154,0.882815,-0.003339,below_midpoint_feather
2026-07-09T08:24:43Z,89.2195,0.905143,0.914068,0.008925,below_midpoint_feather
2026-07-09T08:25:39Z,89.3156,0.913086,0.904848,-0.008238,below_midpoint_feather
2026-07-09T08:25:43Z,89.2729,0.906731,0.914177,0.007446,below_midpoint_feather
2026-07-09T08:26:43Z,89.3477,0.915429,0.910238,-0.005191,below_midpoint_feather
2026-07-09T08:26:51Z,89.3095,0.910713,0.918886,0.008173,below_midpoint_feather
2026-07-09T08:27:15Z,89.3019,0.917579,0.924380,0.006800,below_midpoint_feather
2026-07-09T08:27:43Z,89.3843,0.919513,0.913489,-0.006024,below_midpoint_feather
2026-07-09T08:28:05Z,89.3050,0.921247,0.931697,0.010451,below_midpoint_feather
2026-07-09T08:28:37Z,89.4514,0.914812,0.910532,-0.004280,below_midpoint_feather
2026-07-09T08:29:39Z,89.4255,0.916076,0.922692,0.006616,below_midpoint_feather
2026-07-09T08:29:43Z,89.5079,0.917491,0.910669,-0.006823,below_midpoint_feather
2026-07-09T08:30:01Z,89.5262,0.917250,0.910230,-0.007020,below_midpoint_feather
2026-07-09T08:30:59Z,89.5018,0.914837,0.919558,0.004721,below_midpoint_feather
2026-07-09T08:31:00Z,89.5018,0.914931,0.919650,0.004719,below_midpoint_feather
2026-07-09T08:31:58Z,89.6315,0.913690,0.908532,-0.005158,below_midpoint_feather
2026-07-09T08:32:02Z,89.6223,0.913994,0.909802,-0.004192,below_midpoint_feather
2026-07-09T08:32:05Z,89.5903,0.909373,0.913612,0.004240,below_midpoint_feather
2026-07-09T08:33:31Z,89.7078,0.903295,0.906672,0.003376,below_midpoint_feather
2026-07-09T08:33:36Z,89.8009,0.903827,0.900360,-0.003467,below_midpoint_feather
2026-07-09T08:34:05Z,89.7688,0.901378,0.903301,0.001923,below_midpoint_feather
2026-07-09T08:34:20Z,89.8451,0.901370,0.899537,-0.001833,below_midpoint_feather
2026-07-09T08:35:01Z,89.8466,0.898895,0.900380,0.001485,below_midpoint_feather
2026-07-09T08:35:06Z,89.8787,0.899824,0.899216,-0.000609,below_midpoint_feather
2026-07-09T08:36:11Z,89.9138,0.898028,0.898960,0.000932,below_midpoint_feather
2026-07-09T08:36:58Z,90.0008,0.897831,0.896175,-0.001656,in_band
2026-07-09T08:37:02Z,90.0191,0.897847,0.895195,-0.002652,in_band
2026-07-09T08:37:59Z,90.0389,0.870894,0.870317,-0.000577,in_band
2026-07-09T08:38:00Z,90.0389,0.870411,0.869835,-0.000577,in_band
2026-07-09T08:38:59Z,90.0893,0.842396,0.841836,-0.000560,in_band
2026-07-09T08:39:00Z,90.0893,0.841929,0.841369,-0.000560,in_band
2026-07-09T08:39:59Z,90.1610,0.814799,0.814256,-0.000543,in_band
2026-07-09T08:40:00Z,90.1610,0.814347,0.813804,-0.000542,in_band
2026-07-09T08:40:59Z,90.1854,0.788094,0.787569,-0.000525,in_band
2026-07-09T08:41:00Z,90.1854,0.787657,0.787132,-0.000525,in_band
2026-07-09T08:41:59Z,90.2586,0.762260,0.761752,-0.000508,in_band
2026-07-09T08:42:00Z,90.2586,0.761837,0.761329,-0.000508,in_band
2026-07-09T08:42:59Z,90.3395,0.737271,0.736780,-0.000491,in_band
2026-07-09T08:43:00Z,90.3395,0.736862,0.736371,-0.000491,in_band
2026-07-09T08:43:59Z,90.4051,0.713101,0.712626,-0.000475,in_band
2026-07-09T08:44:00Z,90.4051,0.712705,0.712230,-0.000475,in_band
2026-07-09T08:44:59Z,90.4494,0.689723,0.689263,-0.000460,in_band
2026-07-09T08:45:00Z,90.4494,0.689340,0.688880,-0.000459,in_band
2026-07-09T08:45:59Z,90.4738,0.667111,0.666667,-0.000445,in_band
2026-07-09T08:46:00Z,90.4738,0.666741,0.666296,-0.000444,in_band
2026-07-09T08:46:59Z,90.5196,0.645241,0.644811,-0.000430,in_band
2026-07-09T08:47:00Z,90.5196,0.644882,0.644452,-0.000430,in_band
2026-07-09T08:47:59Z,90.5837,0.624087,0.623671,-0.000416,in_band
2026-07-09T08:48:00Z,90.5837,0.623740,0.623325,-0.000416,in_band
2026-07-09T08:48:59Z,90.6600,0.603627,0.603225,-0.000402,in_band
2026-07-09T08:49:00Z,90.6600,0.603292,0.602890,-0.000402,in_band
2026-07-09T08:49:59Z,90.6844,0.583838,0.583449,-0.000389,in_band
2026-07-09T08:50:00Z,90.6844,0.583514,0.583125,-0.000389,in_band
2026-07-09T08:50:59Z,90.7805,0.564697,0.564321,-0.000376,in_band
2026-07-09T08:51:00Z,90.7805,0.564384,0.564008,-0.000376,in_band
2026-07-09T08:51:58Z,90.8064,0.546488,0.546124,-0.000364,in_band
2026-07-09T08:52:00Z,90.8064,0.545881,0.545517,-0.000364,in_band
2026-07-09T08:52:59Z,90.8583,0.528278,0.527926,-0.000352,in_band
2026-07-09T08:53:00Z,90.8583,0.527985,0.527633,-0.000352,in_band
2026-07-09T08:53:59Z,90.9575,0.510960,0.510619,-0.000341,in_band
2026-07-09T08:54:00Z,90.9575,0.510676,0.510335,-0.000340,in_band
2026-07-09T08:54:59Z,91.0216,0.494208,0.493879,-0.000329,in_band
2026-07-09T08:55:00Z,91.0216,0.493934,0.493604,-0.000329,in_band
2026-07-09T08:55:59Z,91.0994,0.478006,0.477687,-0.000319,in_band
2026-07-09T08:56:00Z,91.0994,0.477741,0.477422,-0.000318,in_band
2026-07-09T08:56:59Z,91.1650,0.462335,0.462027,-0.000308,in_band
2026-07-09T08:57:00Z,91.1650,0.462078,0.461770,-0.000308,in_band
2026-07-09T08:57:59Z,91.2337,0.447178,0.446880,-0.000298,in_band
2026-07-09T08:58:00Z,91.2337,0.446930,0.446632,-0.000298,in_band
2026-07-09T08:58:59Z,91.3100,0.432518,0.432229,-0.000288,in_band
2026-07-09T08:59:00Z,91.3100,0.432277,0.431989,-0.000288,in_band
2026-07-09T08:59:59Z,91.3512,0.418338,0.418059,-0.000279,in_band
2026-07-09T09:00:00Z,91.3512,0.418106,0.417827,-0.000279,in_band
2026-07-09T09:00:59Z,91.4427,0.404623,0.404354,-0.000270,in_band
2026-07-09T09:01:00Z,91.4427,0.404399,0.404129,-0.000270,in_band
2026-07-09T09:01:59Z,91.4717,0.391358,0.391097,-0.000261,in_band
2026-07-09T09:02:19Z,91.4748,0.387034,0.388069,0.001035,in_band
2026-07-09T09:02:37Z,91.5267,0.383608,0.373888,-0.009720,above_band_high
2026-07-09T09:04:12Z,91.6548,0.338061,0.315765,-0.022296,above_band_high
2026-07-09T09:04:21Z,91.6121,0.325248,0.333496,0.008248,above_band_high
2026-07-09T09:05:22Z,91.8013,0.269490,0.246726,-0.022764,above_band_high
2026-07-09T09:05:33Z,91.7372,0.262030,0.272354,0.010324,above_band_high
2026-07-09T09:06:44Z,91.8929,0.205861,0.190276,-0.015585,above_band_high
2026-07-09T09:06:55Z,91.8547,0.189159,0.203450,0.014291,above_band_high
2026-07-09T09:07:31Z,91.9203,0.150561,0.164027,0.013466,above_band_high
2026-07-09T09:07:34Z,91.9936,0.148880,0.131733,-0.017147,above_band_high
2026-07-09T09:08:17Z,92.0012,0.099911,0.111818,0.011908,above_band_high
2026-07-09T09:08:44Z,92.0806,0.086104,0.065987,-0.020117,above_band_high
2026-07-09T09:09:02Z,92.1355,0.052241,0.033994,-0.018247,above_band_high
2026-07-09T09:09:15Z,92.1035,0.032159,0.041153,0.008993,above_band_high
2026-07-09T09:10:00Z,92.2210,0.000000,0.000000,0.000000,above_band_high
2026-07-09T09:11:00Z,92.2683,0.000000,0.000000,0.000000,above_band_high
2026-07-09T09:12:00Z,92.3537,0.000000,0.000000,0.000000,above_band_high
2026-07-09T09:13:00Z,92.4239,0.000000,0.000000,0.000000,above_band_high
2026-07-09T09:14:00Z,92.4468,0.000000,0.000000,0.000000,above_band_high
2026-07-09T09:15:00Z,92.5093,0.000000,0.000000,0.000000,above_band_high
2026-07-09T09:16:00Z,92.5460,0.000000,0.000000,0.000000,above_band_high
2026-07-09T09:17:00Z,92.6467,0.000000,0.000000,0.000000,above_band_high
2026-07-09T09:18:00Z,92.6833,0.000000,0.000000,0.000000,above_band_high
2026-07-09T09:19:00Z,92.7520,0.000000,0.000000,0.000000,above_band_high
2026-07-09T09:20:00Z,92.8435,0.000000,0.000000,0.000000,above_band_high
2026-07-09T09:21:00Z,92.9046,0.000000,0.000000,0.000000,above_band_high
2026-07-09T09:22:00Z,92.9168,0.000000,0.000000,0.000000,above_band_high
2026-07-09T09:23:00Z,92.9778,0.000000,0.000000,0.000000,above_band_high
2026-07-09T09:24:00Z,93.0327,0.000000,0.000000,0.000000,above_band_high
2026-07-09T09:25:00Z,93.0510,0.000000,0.000000,0.000000,above_band_high
2026-07-09T09:26:00Z,93.0739,0.000000,0.000000,0.000000,above_band_high
2026-07-09T09:27:00Z,93.1136,0.000000,0.000000,0.000000,above_band_high
2026-07-09T09:28:00Z,93.1838,0.000000,0.000000,0.000000,above_band_high
2026-07-09T09:29:00Z,93.1960,0.000000,0.000000,0.000000,above_band_high
2026-07-09T09:30:00Z,93.1823,0.000000,0.000000,0.000000,above_band_high
2026-07-09T09:31:00Z,93.1960,0.000000,0.000000,0.000000,above_band_high
2026-07-09T09:32:00Z,93.2189,0.000000,0.000000,0.000000,above_band_high
2026-07-09T09:33:00Z,93.2158,0.000000,0.000000,0.000000,above_band_high
2026-07-09T09:34:00Z,93.2464,0.000000,0.000000,0.000000,above_band_high
2026-07-09T09:35:00Z,93.2464,0.000000,0.000000,0.000000,above_band_high
2026-07-09T09:36:00Z,93.2891,0.000000,0.000000,0.000000,above_band_high
2026-07-09T09:37:00Z,93.2937,0.000000,0.000000,0.000000,above_band_high
2026-07-09T09:38:00Z,93.2753,0.000000,0.000000,0.000000,above_band_high
2026-07-09T09:39:00Z,93.2830,0.000000,0.000000,0.000000,above_band_high
2026-07-09T09:40:00Z,93.2280,0.000000,0.000000,0.000000,above_band_high
2026-07-09T09:41:00Z,93.2326,0.000000,0.000000,0.000000,above_band_high
2026-07-09T09:42:00Z,93.2097,0.000000,0.000000,0.000000,above_band_high
2026-07-09T09:43:00Z,93.1182,0.000000,0.000000,0.000000,above_band_high
2026-07-09T09:44:00Z,93.0648,0.000000,0.000000,0.000000,above_band_high
2026-07-09T09:45:00Z,92.9854,0.000000,0.000000,0.000000,above_band_high
2026-07-09T09:46:00Z,92.9122,0.000000,0.000000,0.000000,above_band_high
2026-07-09T09:47:00Z,92.8634,0.000000,0.000000,0.000000,above_band_high
2026-07-09T09:48:00Z,92.7611,0.000000,0.000000,0.000000,above_band_high
2026-07-09T09:49:00Z,92.6528,0.000000,0.000000,0.000000,above_band_high
2026-07-09T09:50:00Z,92.5551,0.000000,0.000000,0.000000,above_band_high
2026-07-09T09:51:00Z,92.4453,0.000000,0.000000,0.000000,above_band_high
2026-07-09T09:52:00Z,92.3262,0.000000,0.000000,0.000000,above_band_high
2026-07-09T09:53:00Z,92.2255,0.000000,0.000000,0.000000,above_band_high
2026-07-09T09:54:00Z,92.1019,0.000000,0.000000,0.000000,above_band_high
2026-07-09T09:55:00Z,91.9554,0.000000,0.000000,0.000000,above_band_high
2026-07-09T09:56:00Z,91.8608,0.000000,0.000000,0.000000,above_band_high
2026-07-09T09:57:00Z,91.7220,0.000000,0.000000,0.000000,above_band_high
2026-07-09T09:58:13Z,91.5114,0.000000,0.006858,0.006858,above_band_high
2026-07-09T09:58:23Z,91.5297,0.001369,0.000000,-0.001369,above_band_high
2026-07-09T09:59:55Z,91.2322,0.002373,0.002226,-0.000147,in_band
2026-07-09T09:59:59Z,91.2749,0.002221,0.002083,-0.000138,in_band
2026-07-09T10:00:00Z,91.2749,0.002185,0.002049,-0.000136,in_band
2026-07-09T10:00:59Z,91.0826,0.000824,0.000773,-0.000051,in_band
2026-07-09T10:01:00Z,91.0826,0.000810,0.000760,-0.000050,in_band
2026-07-09T10:01:59Z,90.9529,0.000306,0.000287,-0.000019,in_band
2026-07-09T10:02:00Z,90.9529,0.000301,0.000282,-0.000019,in_band
2026-07-09T10:02:59Z,90.8721,0.000113,0.000106,-0.000007,in_band
2026-07-09T10:03:00Z,90.8721,0.000111,0.000105,-0.000007,in_band
2026-07-09T10:03:59Z,90.7515,0.000042,0.000039,-0.000003,in_band
2026-07-09T10:04:00Z,90.7515,0.000041,0.000039,-0.000003,in_band
2026-07-09T10:04:59Z,90.6188,0.000016,0.000015,-0.000001,in_band
2026-07-09T10:05:00Z,90.6188,0.000015,0.000014,-0.000001,in_band
2026-07-09T10:05:59Z,90.5272,0.000006,0.000005,-0.000000,in_band
2026-07-09T10:06:00Z,90.5272,0.000006,0.000005,-0.000000,in_band
2026-07-09T10:06:59Z,90.4875,0.000002,0.000002,-0.000000,in_band
2026-07-09T10:07:00Z,90.4875,0.000002,0.000002,-0.000000,in_band
2026-07-09T10:07:59Z,90.4784,0.000001,0.000001,-0.000000,in_band
2026-07-09T10:08:00Z,90.4784,0.000001,0.000001,-0.000000,in_band
2026-07-09T10:08:59Z,90.4448,0.000000,0.000000,-0.000000,in_band
2026-07-09T10:09:00Z,90.4448,0.000000,0.000000,-0.000000,in_band
2026-07-09T10:09:59Z,90.3716,0.000000,0.000000,-0.000000,in_band
2026-07-09T10:10:00Z,90.3716,0.000000,0.000000,-0.000000,in_band
2026-07-09T10:10:59Z,90.3349,0.000000,0.000000,-0.000000,in_band
2026-07-09T10:11:00Z,90.3349,0.000000,0.000000,-0.000000,in_band
2026-07-09T10:11:59Z,90.2495,0.000000,0.000000,-0.000000,in_band
2026-07-09T10:12:00Z,90.2495,0.000000,0.000000,-0.000000,in_band
2026-07-09T10:12:59Z,90.2342,0.000000,0.000000,-0.000000,in_band
2026-07-09T10:13:00Z,90.2342,0.000000,0.000000,-0.000000,in_band
2026-07-09T10:13:59Z,90.0938,0.000000,0.000000,-0.000000,in_band
2026-07-09T10:14:00Z,90.0938,0.000000,0.000000,-0.000000,in_band
2026-07-09T10:14:59Z,90.0481,0.000000,0.000000,-0.000000,in_band
2026-07-09T10:15:55Z,89.9428,0.000007,0.000466,0.000459,below_midpoint_feather
2026-07-09T10:15:59Z,89.9886,0.000168,0.000019,-0.000149,below_midpoint_feather
2026-07-09T10:16:52Z,89.9016,0.000576,0.001387,0.000811,below_midpoint_feather
2026-07-09T10:16:55Z,89.9245,0.001140,0.000823,-0.000317,below_midpoint_feather
2026-07-09T10:17:33Z,89.9153,0.002138,0.001076,-0.001061,below_midpoint_feather
2026-07-09T10:17:55Z,89.8726,0.001388,0.002419,0.001030,below_midpoint_feather
2026-07-09T10:18:43Z,89.8009,0.004081,0.005916,0.001835,below_midpoint_feather
2026-07-09T10:18:57Z,89.8512,0.005294,0.003499,-0.001795,below_midpoint_feather
2026-07-09T10:19:07Z,89.7963,0.004214,0.006316,0.002102,below_midpoint_feather
2026-07-09T10:19:53Z,89.8329,0.007014,0.004758,-0.002256,below_midpoint_feather
2026-07-09T10:20:33Z,89.8100,0.009818,0.006352,-0.003466,below_midpoint_feather
2026-07-09T10:20:41Z,89.7444,0.008584,0.010612,0.002027,below_midpoint_feather
2026-07-09T10:21:25Z,89.7398,0.014095,0.011623,-0.002472,below_midpoint_feather
2026-07-09T10:21:27Z,89.6681,0.014131,0.017697,0.003566,below_midpoint_feather
2026-07-09T10:22:39Z,89.6391,0.016964,0.022246,0.005282,below_midpoint_feather
2026-07-09T10:22:55Z,89.6895,0.020653,0.017907,-0.002746,below_midpoint_feather
2026-07-09T10:23:37Z,89.5521,0.028503,0.034147,0.005643,below_midpoint_feather
2026-07-09T10:23:59Z,89.5659,0.035916,0.033351,-0.002565,below_midpoint_feather
2026-07-09T10:24:32Z,89.4514,0.045157,0.051089,0.005931,below_midpoint_feather
2026-07-09T10:24:49Z,89.4514,0.055618,0.052200,-0.003418,below_midpoint_feather
2026-07-09T10:25:21Z,89.3919,0.068018,0.064561,-0.003457,below_midpoint_feather
2026-07-09T10:25:54Z,89.2836,0.077096,0.088242,0.011146,below_midpoint_feather
2026-07-09T10:26:17Z,89.3141,0.091748,0.084876,-0.006872,below_midpoint_feather
2026-07-09T10:26:56Z,89.1402,0.116847,0.128676,0.011828,below_midpoint_feather
2026-07-09T10:27:17Z,89.1218,0.141549,0.136824,-0.004725,below_midpoint_feather
2026-07-09T10:27:20Z,89.0349,0.143273,0.160185,0.016912,below_midpoint_feather
2026-07-09T10:28:31Z,89.0684,0.177054,0.168233,-0.008821,below_midpoint_feather
2026-07-09T10:28:52Z,89.0394,0.175524,0.182001,0.006478,below_midpoint_feather
2026-07-09T10:29:11Z,89.0959,0.177716,0.172491,-0.005225,below_midpoint_feather
2026-07-09T10:29:39Z,89.0211,0.189405,0.200568,0.011164,below_midpoint_feather
2026-07-09T10:30:03Z,89.0349,0.209775,0.203762,-0.006013,below_midpoint_feather
2026-07-09T10:30:10Z,88.9860,0.209267,0.219583,0.010316,below_midpoint_feather
2026-07-09T10:31:15Z,88.9998,0.244422,0.236111,-0.008311,below_midpoint_feather
2026-07-09T10:31:58Z,88.8746,0.275033,0.288533,0.013500,below_midpoint_feather
2026-07-09T10:32:35Z,88.8670,0.315488,0.304650,-0.010838,below_midpoint_feather
2026-07-09T10:32:42Z,88.7968,0.316680,0.330711,0.014031,below_midpoint_feather
2026-07-09T10:33:18Z,88.7602,0.343253,0.358307,0.015054,below_midpoint_feather
2026-07-09T10:33:45Z,88.8121,0.363486,0.352291,-0.011195,below_midpoint_feather
2026-07-09T10:34:25Z,88.7022,0.393271,0.409662,0.016391,below_midpoint_feather
2026-07-09T10:34:33Z,88.7465,0.407033,0.397456,-0.009576,below_midpoint_feather
2026-07-09T10:35:39Z,88.7251,0.449097,0.438890,-0.010206,below_midpoint_feather
2026-07-09T10:35:45Z,88.6641,0.443851,0.464753,0.020902,below_midpoint_feather
2026-07-09T10:36:09Z,88.6137,0.480820,0.497232,0.016412,below_midpoint_feather
2026-07-09T10:36:33Z,88.6656,0.501300,0.490636,-0.010664,below_midpoint_feather
2026-07-09T10:37:31Z,88.5313,0.551917,0.578648,0.026731,below_midpoint_feather
2026-07-09T10:37:37Z,88.5878,0.564215,0.559218,-0.004998,below_midpoint_feather
2026-07-09T10:38:00Z,88.4352,0.620961,0.637824,0.016863,below_midpoint_feather
2026-07-09T10:38:53Z,88.4306,0.686450,0.677724,-0.008725,below_midpoint_feather
2026-07-09T10:39:00Z,88.4367,0.689202,0.680510,-0.008693,below_midpoint_feather
2026-07-09T10:39:15Z,88.4031,0.689801,0.706523,0.016723,below_midpoint_feather
2026-07-09T10:40:49Z,88.3665,0.800689,0.798089,-0.002600,below_midpoint_feather
2026-07-09T10:40:52Z,88.2887,0.805164,0.833825,0.028660,below_midpoint_feather
2026-07-09T10:41:10Z,88.2673,0.831534,0.858363,0.026829,below_midpoint_feather
2026-07-09T10:41:17Z,88.3528,0.840177,0.828003,-0.012175,below_midpoint_feather
2026-07-09T10:42:15Z,88.2841,0.918764,0.909564,-0.009201,below_midpoint_feather
2026-07-09T10:42:53Z,88.3085,0.921931,0.934938,0.013007,below_midpoint_feather
2026-07-09T10:43:23Z,88.4306,0.927834,0.910815,-0.017019,below_midpoint_feather
2026-07-09T10:43:47Z,88.3757,0.930160,0.955997,0.025837,below_midpoint_feather
2026-07-09T10:44:00Z,88.4092,0.940422,0.953210,0.012788,below_midpoint_feather
2026-07-09T10:44:38Z,88.6458,0.905976,0.887886,-0.018090,below_midpoint_feather
2026-07-09T10:45:27Z,88.7434,0.874573,0.888298,0.013725,below_midpoint_feather
2026-07-09T10:45:52Z,88.8853,0.870119,0.856496,-0.013623,below_midpoint_feather
2026-07-09T10:46:16Z,88.9067,0.874318,0.863724,-0.010594,below_midpoint_feather
2026-07-09T10:46:23Z,88.8579,0.870903,0.883073,0.012170,below_midpoint_feather
2026-07-09T10:47:05Z,88.9128,0.868500,0.886645,0.018145,below_midpoint_feather
2026-07-09T10:47:42Z,89.0349,0.876385,0.867090,-0.009295,below_midpoint_feather
2026-07-09T10:48:43Z,89.0410,0.876015,0.888138,0.012123,below_midpoint_feather
2026-07-09T10:48:59Z,89.0944,0.887037,0.879309,-0.007728,below_midpoint_feather
2026-07-09T10:49:36Z,89.1279,0.892087,0.882632,-0.009455,below_midpoint_feather
2026-07-09T10:49:43Z,89.0776,0.889544,0.897632,0.008088,below_midpoint_feather
2026-07-09T10:50:31Z,89.1722,0.877927,0.887919,0.009992,below_midpoint_feather
2026-07-09T10:50:42Z,89.2500,0.882226,0.873346,-0.008880,below_midpoint_feather
2026-07-09T10:51:15Z,89.1966,0.883348,0.893273,0.009925,below_midpoint_feather
2026-07-09T10:51:59Z,89.3523,0.876210,0.870852,-0.005358,below_midpoint_feather
2026-07-09T10:52:14Z,89.4011,0.872881,0.865176,-0.007705,below_midpoint_feather
2026-07-09T10:52:37Z,89.3324,0.876328,0.881769,0.005441,below_midpoint_feather
2026-07-09T10:53:31Z,89.3568,0.878952,0.885962,0.007010,below_midpoint_feather
2026-07-09T10:53:44Z,89.4331,0.879057,0.874746,-0.004311,below_midpoint_feather
2026-07-09T10:54:31Z,89.5109,0.875320,0.869325,-0.005995,below_midpoint_feather
2026-07-09T10:54:43Z,89.4469,0.873144,0.880261,0.007117,below_midpoint_feather
2026-07-09T10:55:27Z,89.5583,0.876877,0.869289,-0.007588,below_midpoint_feather
2026-07-09T10:55:39Z,89.5018,0.870656,0.878023,0.007367,below_midpoint_feather
2026-07-09T10:56:08Z,89.6223,0.869190,0.865621,-0.003569,below_midpoint_feather
2026-07-09T10:56:47Z,89.6162,0.866291,0.869214,0.002922,below_midpoint_feather
2026-07-09T10:57:01Z,89.6437,0.862268,0.867223,0.004956,below_midpoint_feather
2026-07-09T10:57:32Z,89.7322,0.864835,0.861087,-0.003748,below_midpoint_feather
2026-07-09T10:58:14Z,89.7597,0.863367,0.860967,-0.002401,below_midpoint_feather
2026-07-09T10:58:27Z,89.7139,0.862697,0.864886,0.002188,below_midpoint_feather
2026-07-09T10:59:22Z,89.8421,0.859959,0.858469,-0.001489,below_midpoint_feather
2026-07-09T10:59:53Z,89.8085,0.858407,0.860792,0.002385,below_midpoint_feather
2026-07-09T11:00:06Z,89.8955,0.858835,0.857354,-0.001480,below_midpoint_feather
2026-07-09T11:00:09Z,89.8421,0.858018,0.859396,0.001378,below_midpoint_feather
2026-07-09T11:01:13Z,89.9413,0.856464,0.857069,0.000605,below_midpoint_feather
2026-07-09T11:01:59Z,89.9748,0.857120,0.856912,-0.000208,below_midpoint_feather
2026-07-09T11:02:11Z,89.9336,0.856638,0.857492,0.000853,below_midpoint_feather
2026-07-09T11:02:59Z,90.0114,0.856716,0.854605,-0.002111,in_band
2026-07-09T11:03:04Z,90.0252,0.856730,0.853189,-0.003541,in_band
2026-07-09T11:03:26Z,89.9748,0.850115,0.847639,-0.002476,below_midpoint_feather
2026-07-09T11:04:00Z,90.0023,0.834236,0.831718,-0.002519,in_band
2026-07-09T11:04:59Z,90.0374,0.807358,0.806711,-0.000647,in_band
2026-07-09T11:05:00Z,90.0374,0.806910,0.806263,-0.000647,in_band
2026-07-09T11:05:59Z,90.0649,0.780899,0.780273,-0.000626,in_band
2026-07-09T11:06:00Z,90.0649,0.780465,0.779839,-0.000626,in_band
2026-07-09T11:06:20Z,89.9962,0.771843,0.772083,0.000241,below_midpoint_feather
2026-07-09T11:07:00Z,90.0969,0.754881,0.755115,0.000233,in_band
2026-07-09T11:07:59Z,90.0435,0.730541,0.730766,0.000226,in_band
2026-07-09T11:08:00Z,90.0435,0.730135,0.730360,0.000226,in_band
2026-07-09T11:08:59Z,90.0618,0.706591,0.706809,0.000218,in_band
2026-07-09T11:09:00Z,90.0618,0.706198,0.706417,0.000218,in_band
2026-07-09T11:09:59Z,90.1015,0.683426,0.683638,0.000211,in_band
2026-07-09T11:10:00Z,90.1015,0.683047,0.683258,0.000211,in_band
2026-07-09T11:10:59Z,90.1701,0.661021,0.661225,0.000204,in_band
2026-07-09T11:11:00Z,90.1701,0.660654,0.660858,0.000204,in_band
2026-07-09T11:11:59Z,90.2022,0.639350,0.639548,0.000198,in_band
2026-07-09T11:12:00Z,90.2022,0.638995,0.639193,0.000198,in_band
2026-07-09T11:12:59Z,90.1900,0.618390,0.618581,0.000191,in_band
2026-07-09T11:13:00Z,90.1900,0.618046,0.618237,0.000191,in_band
2026-07-09T11:13:59Z,90.2296,0.598117,0.598301,0.000185,in_band
2026-07-09T11:14:00Z,90.2296,0.597784,0.597969,0.000185,in_band
2026-07-09T11:14:59Z,90.3166,0.578508,0.578687,0.000179,in_band
2026-07-09T11:15:00Z,90.3166,0.578187,0.578365,0.000179,in_band
2026-07-09T11:15:59Z,90.4448,0.559542,0.559715,0.000173,in_band
2026-07-09T11:16:01Z,90.4082,0.558921,0.559094,0.000173,in_band
2026-07-09T11:16:59Z,90.5058,0.541198,0.541366,0.000167,in_band
2026-07-09T11:17:00Z,90.5058,0.540898,0.541065,0.000167,in_band
2026-07-09T11:17:59Z,90.5608,0.523456,0.523617,0.000162,in_band
2026-07-09T11:18:00Z,90.5608,0.523165,0.523327,0.000162,in_band
2026-07-09T11:18:59Z,90.5592,0.506295,0.506451,0.000157,in_band
2026-07-09T11:19:01Z,90.6050,0.505732,0.505889,0.000156,in_band
2026-07-09T11:19:59Z,90.6233,0.489696,0.489848,0.000151,in_band
2026-07-09T11:20:00Z,90.6233,0.489424,0.489576,0.000151,in_band
2026-07-09T11:20:59Z,90.7347,0.473642,0.473789,0.000146,in_band
2026-07-09T11:21:00Z,90.7347,0.473379,0.473525,0.000146,in_band
2026-07-09T11:21:59Z,90.7942,0.458115,0.458256,0.000141,in_band
2026-07-09T11:22:00Z,90.7942,0.457860,0.458001,0.000141,in_band
2026-07-09T11:22:59Z,90.9987,0.443096,0.443233,0.000137,in_band
2026-07-09T11:23:00Z,90.9987,0.442850,0.442986,0.000137,in_band
2026-07-09T11:23:59Z,91.1742,0.428569,0.428702,0.000132,in_band
2026-07-09T11:24:00Z,91.1742,0.428331,0.428464,0.000132,in_band
2026-07-09T11:24:59Z,91.4153,0.414519,0.414647,0.000128,in_band
2026-07-09T11:25:47Z,91.5251,0.403611,0.393687,-0.009925,above_band_high
2026-07-09T11:25:49Z,91.4931,0.403163,0.404189,0.001026,in_band
2026-07-09T11:27:28Z,91.7418,0.319242,0.296357,-0.022885,above_band_high
2026-07-09T11:27:33Z,91.6869,0.301735,0.319181,0.017445,above_band_high
2026-07-09T11:28:20Z,91.8379,0.272219,0.247145,-0.025074,above_band_high
2026-07-09T11:28:23Z,91.7815,0.256012,0.270629,0.014617,above_band_high
2026-07-09T11:29:08Z,91.8700,0.240344,0.222198,-0.018147,above_band_high
2026-07-09T11:29:23Z,91.8044,0.229787,0.246070,0.016282,above_band_high
2026-07-09T11:30:36Z,92.0150,0.155856,0.132757,-0.023099,above_band_high
2026-07-09T11:30:45Z,91.9646,0.143462,0.150878,0.007417,above_band_high
2026-07-09T11:31:35Z,92.0211,0.093595,0.105818,0.012223,above_band_high
2026-07-09T11:31:42Z,92.0897,0.090376,0.073266,-0.017110,above_band_high
2026-07-09T11:32:30Z,92.1859,0.026550,0.007827,-0.018724,above_band_high
2026-07-09T11:32:31Z,92.1248,0.026006,0.033314,0.007308,above_band_high
2026-07-09T11:33:00Z,92.1981,0.000000,0.000000,0.000000,above_band_high
2026-07-09T11:34:00Z,92.2759,0.000000,0.000000,0.000000,above_band_high
2026-07-09T11:35:00Z,92.3171,0.000000,0.000000,0.000000,above_band_high
2026-07-09T11:36:00Z,92.3079,0.000000,0.000000,0.000000,above_band_high
2026-07-09T11:37:00Z,92.2820,0.000000,0.000000,0.000000,above_band_high
2026-07-09T11:38:00Z,92.3232,0.000000,0.000000,0.000000,above_band_high
2026-07-09T11:39:00Z,92.2637,0.000000,0.000000,0.000000,above_band_high
2026-07-09T11:40:00Z,92.3232,0.000000,0.000000,0.000000,above_band_high
2026-07-09T11:41:00Z,92.2759,0.000000,0.000000,0.000000,above_band_high
2026-07-09T11:42:00Z,92.3445,0.000000,0.000000,0.000000,above_band_high
2026-07-09T11:43:00Z,92.3827,0.000000,0.000000,0.000000,above_band_high
2026-07-09T11:44:00Z,92.3171,0.000000,0.000000,0.000000,above_band_high
2026-07-09T11:45:00Z,92.3323,0.000000,0.000000,0.000000,above_band_high
2026-07-09T11:46:00Z,92.3079,0.000000,0.000000,0.000000,above_band_high
2026-07-09T11:47:00Z,92.2530,0.000000,0.000000,0.000000,above_band_high
2026-07-09T11:48:00Z,92.3323,0.000000,0.000000,0.000000,above_band_high
2026-07-09T11:49:00Z,92.3125,0.000000,0.000000,0.000000,above_band_high
2026-07-09T11:50:00Z,92.3400,0.000000,0.000000,0.000000,above_band_high
2026-07-09T11:51:00Z,92.3674,0.000000,0.000000,0.000000,above_band_high
2026-07-09T11:52:00Z,92.4010,0.000000,0.000000,0.000000,above_band_high
2026-07-09T11:53:00Z,92.4773,0.000000,0.000000,0.000000,above_band_high
2026-07-09T11:54:00Z,92.5292,0.000000,0.000000,0.000000,above_band_high
2026-07-09T11:55:00Z,92.5475,0.000000,0.000000,0.000000,above_band_high
2026-07-09T11:56:00Z,92.5551,0.000000,0.000000,0.000000,above_band_high
2026-07-09T11:57:00Z,92.4407,0.000000,0.000000,0.000000,above_band_high
2026-07-09T11:58:00Z,92.3095,0.000000,0.000000,0.000000,above_band_high
2026-07-09T11:59:00Z,92.2026,0.000000,0.000000,0.000000,above_band_high
2026-07-09T12:00:00Z,91.9982,0.000000,0.000000,0.000000,above_band_high
2026-07-09T12:01:00Z,91.7906,0.000000,0.000000,0.000000,above_band_high
2026-07-09T12:01:59Z,91.5206,0.000681,0.010026,0.009345,above_band_high
2026-07-09T12:02:01Z,91.5312,0.005976,0.004913,-0.001063,above_band_high
2026-07-09T12:02:03Z,91.4946,0.005416,0.017684,0.012268,in_band
2026-07-09T12:03:43Z,90.9483,0.003625,0.003402,-0.000223,in_band
2026-07-09T12:03:59Z,90.8034,0.002783,0.002612,-0.000171,in_band
2026-07-09T12:04:00Z,90.8034,0.002737,0.002569,-0.000168,in_band
2026-07-09T12:04:59Z,90.5791,0.001032,0.000969,-0.000064,in_band
2026-07-09T12:05:00Z,90.5791,0.001015,0.000953,-0.000062,in_band
2026-07-09T12:05:59Z,90.2571,0.000383,0.000359,-0.000024,in_band
2026-07-09T12:06:00Z,90.2571,0.000377,0.000353,-0.000023,in_band
2026-07-09T12:06:56Z,89.7917,0.003765,0.006311,0.002546,below_midpoint_feather
2026-07-09T12:07:00Z,89.8009,0.005780,0.005775,-0.000005,below_midpoint_feather
2026-07-09T12:07:46Z,89.3523,0.047405,0.060243,0.012837,below_midpoint_feather
2026-07-09T12:08:00Z,89.3233,0.066073,0.066266,0.000194,below_midpoint_feather
2026-07-09T12:08:59Z,88.8212,0.182410,0.205505,0.023094,below_midpoint_feather
2026-07-09T12:09:16Z,88.7205,0.219197,0.244506,0.025310,below_midpoint_feather
2026-07-09T12:09:49Z,88.6183,0.297224,0.293972,-0.003251,below_midpoint_feather
2026-07-09T12:10:07Z,88.5634,0.321921,0.323762,0.001841,below_midpoint_feather
2026-07-09T12:10:58Z,88.2063,0.478003,0.504142,0.026139,below_midpoint_feather
2026-07-09T12:11:00Z,88.2399,0.488432,0.491181,0.002750,below_midpoint_feather
2026-07-09T12:11:44Z,87.9652,0.613074,0.643428,0.030353,below_midpoint_feather
2026-07-09T12:12:05Z,87.9316,0.687537,0.677997,-0.009539,below_midpoint_feather
2026-07-09T12:12:50Z,87.8370,0.746710,0.768496,0.021786,below_midpoint_feather
2026-07-09T12:13:25Z,87.8447,0.820366,0.808768,-0.011599,below_midpoint_feather
2026-07-09T12:13:48Z,87.6432,0.895444,0.925105,0.029661,below_midpoint_feather
2026-07-09T12:14:04Z,87.5761,0.954453,0.975882,0.021430,below_midpoint_feather
2026-07-09T12:14:19Z,87.5242,1.000000,1.000000,0.000000,below_midpoint_feather
2026-07-09T12:15:00Z,87.4464,1.000000,1.000000,0.000000,below_midpoint_feather
2026-07-09T12:16:00Z,87.3472,1.000000,1.000000,0.000000,below_midpoint_feather
2026-07-09T12:17:00Z,87.3594,1.000000,1.000000,0.000000,below_midpoint_feather
2026-07-09T12:18:00Z,87.6356,1.000000,1.000000,0.000000,below_midpoint_feather
2026-07-09T12:19:00Z,87.8584,1.000000,1.000000,0.000000,below_midpoint_feather
2026-07-09T12:20:00Z,88.1254,1.000000,1.000000,0.000000,below_midpoint_feather
2026-07-09T12:21:00Z,88.4215,1.000000,1.000000,0.000000,below_midpoint_feather
2026-07-09T12:22:00Z,88.5176,1.000000,1.000000,0.000000,below_midpoint_feather
2026-07-09T12:23:00Z,88.6824,1.000000,1.000000,0.000000,below_midpoint_feather
2026-07-09T12:24:00Z,88.8029,1.000000,1.000000,0.000000,below_midpoint_feather
2026-07-09T12:25:00Z,88.9296,1.000000,1.000000,0.000000,below_midpoint_feather
2026-07-09T12:26:00Z,89.1966,1.000000,1.000000,0.000000,below_midpoint_feather
2026-07-09T12:27:00Z,89.3980,1.000000,1.000000,0.000000,below_midpoint_feather
2026-07-09T12:28:00Z,89.6117,1.000000,1.000000,0.000000,below_midpoint_feather
2026-07-09T12:28:49Z,89.8238,1.000000,0.999707,-0.000293,below_midpoint_feather
2026-07-09T12:29:01Z,89.8634,1.000000,0.998638,-0.001362,below_midpoint_feather
2026-07-09T12:29:17Z,89.8497,0.999037,1.000000,0.000963,below_midpoint_feather
2026-07-09T12:30:00Z,89.8558,1.000000,1.000000,0.000000,below_midpoint_feather
2026-07-09T12:31:00Z,89.8283,1.000000,1.000000,0.000000,below_midpoint_feather
2026-07-09T12:32:00Z,89.8604,1.000000,1.000000,0.000000,below_midpoint_feather
2026-07-09T12:32:45Z,89.9596,1.000000,0.999773,-0.000227,below_midpoint_feather
2026-07-09T12:33:41Z,89.9611,0.999843,0.999976,0.000133,below_midpoint_feather
2026-07-09T12:33:52Z,90.0343,0.999816,0.997579,-0.002237,in_band
2026-07-09T12:34:00Z,89.9840,0.997622,0.996533,-0.001089,below_midpoint_feather
2026-07-09T12:34:02Z,90.0160,0.997627,0.995395,-0.002232,in_band
2026-07-09T12:35:00Z,90.1396,0.966074,0.963933,-0.002141,in_band
2026-07-09T12:35:59Z,90.2586,0.934962,0.932888,-0.002074,in_band
2026-07-09T12:36:00Z,90.2586,0.934443,0.932370,-0.002073,in_band
2026-07-09T12:36:58Z,90.2663,0.904827,0.902820,-0.002006,in_band
2026-07-09T12:37:00Z,90.2129,0.903823,0.901818,-0.002005,in_band
2026-07-09T12:37:59Z,90.2266,0.874683,0.872743,-0.001940,in_band
2026-07-09T12:38:00Z,90.2266,0.874198,0.872258,-0.001939,in_band
2026-07-09T12:38:59Z,90.2296,0.846010,0.844133,-0.001877,in_band
2026-07-09T12:39:00Z,90.2296,0.845540,0.843664,-0.001875,in_band
2026-07-09T12:39:59Z,90.2907,0.818275,0.816460,-0.001815,in_band
2026-07-09T12:40:00Z,90.2907,0.817821,0.816006,-0.001814,in_band
2026-07-09T12:40:59Z,90.2953,0.791449,0.789693,-0.001756,in_band
2026-07-09T12:41:00Z,90.2953,0.791010,0.789255,-0.001755,in_band
2026-07-09T12:41:59Z,90.3395,0.765503,0.763804,-0.001699,in_band
2026-07-09T12:42:00Z,90.3395,0.765078,0.763380,-0.001698,in_band
2026-07-09T12:42:59Z,90.4082,0.740407,0.738764,-0.001643,in_band
2026-07-09T12:43:00Z,90.4082,0.739995,0.738354,-0.001642,in_band
2026-07-09T12:43:59Z,90.4585,0.716133,0.714544,-0.001589,in_band
2026-07-09T12:44:00Z,90.4585,0.715735,0.714148,-0.001588,in_band
2026-07-09T12:44:59Z,90.5608,0.692656,0.691119,-0.001537,in_band
2026-07-09T12:45:00Z,90.5608,0.692271,0.690735,-0.001536,in_band
2026-07-09T12:45:59Z,90.5913,0.669948,0.668461,-0.001486,in_band
2026-07-09T12:46:00Z,90.5913,0.669576,0.668090,-0.001486,in_band
2026-07-09T12:46:59Z,90.6096,0.647984,0.646546,-0.001438,in_band
2026-07-09T12:47:00Z,90.6096,0.647624,0.646187,-0.001437,in_band
2026-07-09T12:47:59Z,90.6554,0.626741,0.625350,-0.001391,in_band
2026-07-09T12:48:00Z,90.6554,0.626393,0.625003,-0.001390,in_band
2026-07-09T12:48:59Z,90.6050,0.606194,0.604849,-0.001345,in_band
2026-07-09T12:49:00Z,90.6050,0.605857,0.604513,-0.001344,in_band
2026-07-09T12:49:59Z,90.6874,0.586320,0.585019,-0.001301,in_band
2026-07-09T12:50:00Z,90.6874,0.585995,0.584695,-0.001300,in_band
2026-07-09T12:50:59Z,90.6554,0.567099,0.565840,-0.001258,in_band
2026-07-09T12:51:00Z,90.6554,0.566783,0.565526,-0.001258,in_band
2026-07-09T12:51:59Z,90.6432,0.548507,0.547290,-0.001217,in_band
2026-07-09T12:52:00Z,90.6432,0.548202,0.546986,-0.001216,in_band
2026-07-09T12:52:59Z,90.6188,0.530525,0.529347,-0.001177,in_band
2026-07-09T12:53:00Z,90.6188,0.530230,0.529053,-0.001176,in_band
2026-07-09T12:53:59Z,90.4921,0.513132,0.511993,-0.001138,in_band
2026-07-09T12:54:00Z,90.4921,0.512847,0.511709,-0.001138,in_band
2026-07-09T12:54:59Z,90.4005,0.496309,0.495208,-0.001101,in_band
2026-07-09T12:55:00Z,90.4005,0.496034,0.494933,-0.001101,in_band
2026-07-09T12:55:59Z,90.3044,0.480038,0.478973,-0.001065,in_band
2026-07-09T12:56:00Z,90.3044,0.479772,0.478707,-0.001064,in_band
2026-07-09T12:56:59Z,90.2358,0.464301,0.463271,-0.001030,in_band
2026-07-09T12:57:00Z,90.2358,0.464043,0.463014,-0.001030,in_band
2026-07-09T12:57:59Z,90.0298,0.449079,0.448083,-0.000996,in_band
2026-07-09T12:58:00Z,90.0298,0.448830,0.447834,-0.000996,in_band
2026-07-09T12:58:39Z,89.9748,0.439461,0.440522,0.001061,below_midpoint_feather
2026-07-09T12:59:49Z,89.9138,0.441154,0.441011,-0.000143,below_midpoint_feather
2026-07-09T12:59:58Z,89.8497,0.441456,0.443175,0.001718,below_midpoint_feather
2026-07-09T13:00:02Z,89.8466,0.441617,0.443312,0.001694,below_midpoint_feather
2026-07-09T13:00:07Z,89.9107,0.441731,0.441109,-0.000623,below_midpoint_feather
2026-07-09T13:01:09Z,89.8329,0.442080,0.444141,0.002061,below_midpoint_feather
2026-07-09T13:01:45Z,89.8817,0.443228,0.442328,-0.000900,below_midpoint_feather
2026-07-09T13:02:47Z,89.7810,0.449235,0.447646,-0.001589,below_midpoint_feather
2026-07-09T13:02:50Z,89.7078,0.449269,0.453006,0.003738,below_midpoint_feather
2026-07-09T13:03:49Z,89.7353,0.454033,0.451808,-0.002225,below_midpoint_feather
2026-07-09T13:03:57Z,89.6941,0.452084,0.455322,0.003238,below_midpoint_feather
2026-07-09T13:04:14Z,89.6208,0.456744,0.462841,0.006097,below_midpoint_feather
2026-07-09T13:04:15Z,89.7139,0.456767,0.454060,-0.002708,below_midpoint_feather
2026-07-09T13:05:00Z,89.6895,0.459131,0.457392,-0.001738,below_midpoint_feather
2026-07-09T13:05:55Z,89.5842,0.463383,0.470135,0.006751,below_midpoint_feather
2026-07-09T13:06:30Z,89.5445,0.470832,0.476459,0.005627,below_midpoint_feather
2026-07-09T13:06:33Z,89.6025,0.473555,0.469561,-0.003994,below_midpoint_feather
2026-07-09T13:07:34Z,89.4896,0.480474,0.487388,0.006914,below_midpoint_feather
2026-07-09T13:07:51Z,89.5338,0.485255,0.482302,-0.002953,below_midpoint_feather
2026-07-09T13:08:28Z,89.4530,0.492183,0.496503,0.004320,below_midpoint_feather
2026-07-09T13:08:57Z,89.4759,0.497918,0.495300,-0.002617,below_midpoint_feather
2026-07-09T13:09:30Z,89.3874,0.506646,0.512479,0.005832,below_midpoint_feather
2026-07-09T13:09:41Z,89.4392,0.509195,0.504854,-0.004341,below_midpoint_feather
2026-07-09T13:10:13Z,89.4072,0.509338,0.513313,0.003975,below_midpoint_feather
2026-07-09T13:10:37Z,89.5079,0.506280,0.500268,-0.006012,below_midpoint_feather
2026-07-09T13:11:10Z,89.5338,0.503308,0.500028,-0.003281,below_midpoint_feather
2026-07-09T13:11:45Z,89.3889,0.516971,0.525515,0.008544,below_midpoint_feather
2026-07-09T13:12:17Z,89.3202,0.530453,0.541305,0.010852,below_midpoint_feather
2026-07-09T13:12:43Z,89.4240,0.530615,0.525671,-0.004944,below_midpoint_feather
2026-07-09T13:13:17Z,89.4163,0.534811,0.530866,-0.003944,below_midpoint_feather
2026-07-09T13:13:25Z,89.3370,0.537350,0.545868,0.008518,below_midpoint_feather
2026-07-09T13:14:01Z,89.2775,0.550998,0.562008,0.011011,below_midpoint_feather
2026-07-09T13:14:49Z,89.3568,0.557573,0.553248,-0.004325,below_midpoint_feather
2026-07-09T13:15:00Z,89.3019,0.554586,0.565325,0.010739,below_midpoint_feather
2026-07-09T13:15:55Z,89.3736,0.565297,0.559700,-0.005597,below_midpoint_feather
2026-07-09T13:16:03Z,89.3202,0.562178,0.570745,0.008566,below_midpoint_feather
2026-07-09T13:16:09Z,89.3843,0.564699,0.559783,-0.004916,below_midpoint_feather
2026-07-09T13:17:03Z,89.3599,0.579812,0.571751,-0.008061,below_midpoint_feather
2026-07-09T13:17:23Z,89.2912,0.582695,0.587818,0.005123,below_midpoint_feather
2026-07-09T13:18:27Z,89.4072,0.581692,0.575646,-0.006046,below_midpoint_feather
2026-07-09T13:18:55Z,89.3645,0.577900,0.586985,0.009085,below_midpoint_feather
2026-07-09T13:19:27Z,89.3187,0.590940,0.599775,0.008835,below_midpoint_feather
2026-07-09T13:19:53Z,89.3935,0.595228,0.589546,-0.005682,below_midpoint_feather
2026-07-09T13:20:11Z,89.4102,0.594352,0.589120,-0.005232,below_midpoint_feather
2026-07-09T13:20:21Z,89.3797,0.589887,0.595715,0.005828,below_midpoint_feather
2026-07-09T13:21:22Z,89.5430,0.582599,0.578239,-0.004360,below_midpoint_feather
2026-07-09T13:21:43Z,89.5201,0.579478,0.583510,0.004032,below_midpoint_feather
2026-07-09T13:22:21Z,89.5491,0.578460,0.583163,0.004703,below_midpoint_feather
2026-07-09T13:22:56Z,89.6864,0.574588,0.570935,-0.003652,below_midpoint_feather
2026-07-09T13:23:10Z,89.6941,0.573270,0.571199,-0.002071,below_midpoint_feather
2026-07-09T13:23:15Z,89.6498,0.571740,0.575640,0.003900,below_midpoint_feather
2026-07-09T13:24:19Z,89.6635,0.574304,0.577610,0.003306,below_midpoint_feather
2026-07-09T13:24:38Z,89.7826,0.573184,0.569041,-0.004143,below_midpoint_feather
2026-07-09T13:25:24Z,89.8451,0.569392,0.567273,-0.002119,below_midpoint_feather
2026-07-09T13:25:43Z,89.7719,0.568852,0.571750,0.002898,below_midpoint_feather
2026-07-09T13:26:18Z,89.8695,0.568667,0.567517,-0.001150,below_midpoint_feather
2026-07-09T13:26:21Z,89.8268,0.567112,0.569417,0.002305,below_midpoint_feather
2026-07-09T13:27:00Z,89.9138,0.567660,0.566793,-0.000867,below_midpoint_feather
2026-07-09T13:27:07Z,89.8695,0.566209,0.568239,0.002029,below_midpoint_feather
2026-07-09T13:28:00Z,89.9199,0.567003,0.567188,0.000185,below_midpoint_feather
2026-07-09T13:28:07Z,89.8878,0.566844,0.568109,0.001265,below_midpoint_feather
2026-07-09T13:29:13Z,89.9199,0.566205,0.567525,0.001320,below_midpoint_feather
2026-07-09T13:29:56Z,90.0023,0.566112,0.565449,-0.000662,in_band
2026-07-09T13:30:02Z,89.9641,0.566148,0.565642,-0.000505,below_midpoint_feather
2026-07-09T13:30:16Z,90.0099,0.566100,0.563598,-0.002502,in_band
2026-07-09T13:31:00Z,90.0969,0.553083,0.550640,-0.002443,in_band
2026-07-09T13:31:59Z,90.1518,0.535271,0.532906,-0.002365,in_band
2026-07-09T13:32:00Z,90.1518,0.534974,0.532611,-0.002363,in_band
2026-07-09T13:32:59Z,90.1793,0.517732,0.515444,-0.002287,in_band
2026-07-09T13:33:00Z,90.1793,0.517444,0.515158,-0.002286,in_band
2026-07-09T13:33:59Z,90.2632,0.500762,0.498549,-0.002212,in_band
2026-07-09T13:34:00Z,90.2632,0.500484,0.498273,-0.002211,in_band
2026-07-09T13:34:59Z,90.3532,0.484346,0.482206,-0.002140,in_band
2026-07-09T13:35:00Z,90.3532,0.484077,0.481938,-0.002139,in_band
2026-07-09T13:35:59Z,90.4097,0.468468,0.466398,-0.002070,in_band
2026-07-09T13:36:00Z,90.4097,0.468208,0.466139,-0.002068,in_band
2026-07-09T13:36:59Z,90.5150,0.453110,0.451108,-0.002002,in_band
2026-07-09T13:37:00Z,90.5150,0.452858,0.450857,-0.002001,in_band
2026-07-09T13:37:59Z,90.5730,0.438255,0.436319,-0.001936,in_band
2026-07-09T13:38:00Z,90.5730,0.438012,0.436077,-0.001935,in_band
2026-07-09T13:38:59Z,90.6523,0.423887,0.422015,-0.001872,in_band
2026-07-09T13:39:00Z,90.6523,0.423652,0.421780,-0.001872,in_band
2026-07-09T13:39:59Z,90.7240,0.409991,0.408179,-0.001811,in_band
2026-07-09T13:40:00Z,90.7240,0.409763,0.407953,-0.001810,in_band
2026-07-09T13:40:59Z,90.7805,0.396550,0.394798,-0.001752,in_band
2026-07-09T13:41:00Z,90.7805,0.396329,0.394578,-0.001751,in_band
2026-07-09T13:41:59Z,90.8156,0.383549,0.381855,-0.001695,in_band
2026-07-09T13:42:00Z,90.8156,0.383336,0.381643,-0.001694,in_band
2026-07-09T13:42:59Z,90.8904,0.370975,0.369336,-0.001639,in_band
2026-07-09T13:43:00Z,90.8904,0.370769,0.369131,-0.001638,in_band
2026-07-09T13:43:59Z,90.8995,0.358813,0.357228,-0.001585,in_band
2026-07-09T13:44:00Z,90.8995,0.358614,0.357029,-0.001584,in_band
2026-07-09T13:44:59Z,91.0124,0.347050,0.345516,-0.001533,in_band
2026-07-09T13:45:00Z,91.0124,0.346857,0.345324,-0.001532,in_band
2026-07-09T13:45:59Z,91.0185,0.335672,0.334189,-0.001483,in_band
2026-07-09T13:46:00Z,91.0185,0.335486,0.334003,-0.001482,in_band
2026-07-09T13:46:59Z,91.0903,0.324667,0.323233,-0.001434,in_band
2026-07-09T13:47:00Z,91.0903,0.324487,0.323053,-0.001434,in_band
2026-07-09T13:47:59Z,91.0323,0.314024,0.312636,-0.001387,in_band
2026-07-09T13:48:00Z,91.0323,0.313849,0.312463,-0.001387,in_band
2026-07-09T13:48:59Z,91.0597,0.303729,0.302387,-0.001342,in_band
2026-07-09T13:49:00Z,91.0597,0.303560,0.302219,-0.001341,in_band
2026-07-09T13:49:59Z,90.9590,0.293771,0.292473,-0.001298,in_band
2026-07-09T13:50:00Z,90.9590,0.293608,0.292311,-0.001297,in_band
2026-07-09T13:50:59Z,90.9590,0.284140,0.282885,-0.001255,in_band
2026-07-09T13:51:00Z,90.9590,0.283982,0.282728,-0.001255,in_band
2026-07-09T13:51:59Z,90.9071,0.274825,0.273611,-0.001214,in_band
2026-07-09T13:52:00Z,90.9071,0.274672,0.273459,-0.001213,in_band
2026-07-09T13:52:59Z,90.8171,0.265815,0.264641,-0.001174,in_band
2026-07-09T13:53:00Z,90.8171,0.265668,0.264494,-0.001174,in_band
2026-07-09T13:53:59Z,90.7469,0.257101,0.255965,-0.001136,in_band
2026-07-09T13:54:00Z,90.7469,0.256958,0.255823,-0.001135,in_band
2026-07-09T13:54:59Z,90.6279,0.248672,0.247573,-0.001099,in_band
2026-07-09T13:55:00Z,90.6279,0.248534,0.247436,-0.001098,in_band
2026-07-09T13:55:59Z,90.5318,0.240520,0.239457,-0.001063,in_band
2026-07-09T13:56:00Z,90.5318,0.240386,0.239324,-0.001062,in_band
2026-07-09T13:56:59Z,90.4585,0.232634,0.231607,-0.001028,in_band
2026-07-09T13:57:00Z,90.4585,0.232505,0.231478,-0.001027,in_band
2026-07-09T13:57:59Z,90.3777,0.225008,0.224014,-0.000994,in_band
2026-07-09T13:58:00Z,90.3777,0.224883,0.223889,-0.000994,in_band
2026-07-09T13:58:59Z,90.3182,0.217631,0.216670,-0.000962,in_band
2026-07-09T13:59:00Z,90.3182,0.217510,0.216549,-0.000961,in_band
2026-07-09T13:59:59Z,90.2724,0.210496,0.209566,-0.000930,in_band
2026-07-09T14:00:00Z,90.2724,0.210379,0.209450,-0.000929,in_band
2026-07-09T14:00:59Z,90.2037,0.203595,0.202696,-0.000900,in_band
2026-07-09T14:01:00Z,90.2037,0.203482,0.202583,-0.000899,in_band
2026-07-09T14:01:59Z,90.1427,0.196921,0.196051,-0.000870,in_band
2026-07-09T14:02:00Z,90.1427,0.196811,0.195942,-0.000870,in_band
2026-07-09T14:02:59Z,90.0618,0.190465,0.189623,-0.000842,in_band
2026-07-09T14:03:00Z,90.0618,0.190359,0.189518,-0.000841,in_band
2026-07-09T14:03:58Z,89.9962,0.184528,0.184533,0.000005,below_midpoint_feather
2026-07-09T14:04:00Z,90.0252,0.184323,0.184326,0.000003,in_band
2026-07-09T14:04:59Z,89.9245,0.183112,0.183916,0.000804,below_midpoint_feather
2026-07-09T14:05:41Z,89.9687,0.183567,0.183262,-0.000305,below_midpoint_feather
2026-07-09T14:05:57Z,89.8970,0.183733,0.184643,0.000910,below_midpoint_feather
2026-07-09T14:06:41Z,89.8772,0.183876,0.185326,0.001450,below_midpoint_feather
2026-07-09T14:06:51Z,89.9062,0.184964,0.184446,-0.000518,below_midpoint_feather
2026-07-09T14:07:37Z,89.9001,0.185732,0.184728,-0.001004,below_midpoint_feather
2026-07-09T14:07:41Z,89.8360,0.185686,0.187148,0.001462,below_midpoint_feather
2026-07-09T14:08:43Z,89.7917,0.187643,0.189789,0.002146,below_midpoint_feather
2026-07-09T14:08:51Z,89.8314,0.189417,0.187715,-0.001702,below_midpoint_feather
2026-07-09T14:09:25Z,89.7505,0.189971,0.192818,0.002846,below_midpoint_feather
2026-07-09T14:09:47Z,89.8360,0.190962,0.188040,-0.002922,below_midpoint_feather
2026-07-09T14:10:33Z,89.7398,0.191558,0.194437,0.002879,below_midpoint_feather
2026-07-09T14:10:53Z,89.7902,0.193158,0.191364,-0.001794,below_midpoint_feather
2026-07-09T14:11:29Z,89.7185,0.193737,0.196954,0.003217,below_midpoint_feather
2026-07-09T14:11:59Z,89.7581,0.196864,0.194542,-0.002322,below_midpoint_feather
2026-07-09T14:12:19Z,89.7536,0.197617,0.195257,-0.002360,below_midpoint_feather
2026-07-09T14:12:53Z,89.5888,0.204692,0.211439,0.006747,below_midpoint_feather
2026-07-09T14:13:12Z,89.5705,0.209070,0.214174,0.005104,below_midpoint_feather
2026-07-09T14:13:41Z,89.6208,0.212517,0.209448,-0.003069,below_midpoint_feather
2026-07-09T14:14:39Z,89.6025,0.216816,0.214195,-0.002621,below_midpoint_feather
2026-07-09T14:14:41Z,89.5338,0.216919,0.222733,0.005814,below_midpoint_feather
2026-07-09T14:15:21Z,89.5659,0.228067,0.220881,-0.007186,below_midpoint_feather
2026-07-09T14:15:40Z,89.4835,0.229467,0.233225,0.003758,below_midpoint_feather
2026-07-09T14:16:31Z,89.5125,0.239562,0.232729,-0.006833,below_midpoint_feather
2026-07-09T14:16:37Z,89.4331,0.236163,0.245098,0.008935,below_midpoint_feather
2026-07-09T14:17:00Z,89.4194,0.244045,0.249235,0.005190,below_midpoint_feather
2026-07-09T14:17:53Z,89.4621,0.251271,0.247281,-0.003990,below_midpoint_feather
2026-07-09T14:18:15Z,89.4514,0.257186,0.251095,-0.006091,below_midpoint_feather
2026-07-09T14:18:53Z,89.4011,0.257345,0.263243,0.005898,below_midpoint_feather
2026-07-09T14:19:17Z,89.4835,0.258156,0.252692,-0.005464,below_midpoint_feather
2026-07-09T14:19:41Z,89.4194,0.260650,0.265165,0.004516,below_midpoint_feather
2026-07-09T14:20:09Z,89.4118,0.263037,0.269288,0.006252,below_midpoint_feather
2026-07-09T14:20:41Z,89.4926,0.266097,0.259994,-0.006104,below_midpoint_feather
2026-07-09T14:21:18Z,89.6040,0.254878,0.249365,-0.005512,below_midpoint_feather
2026-07-09T14:21:31Z,89.5216,0.255509,0.260790,0.005280,below_midpoint_feather
2026-07-09T14:22:15Z,89.5308,0.259143,0.263122,0.003979,below_midpoint_feather
2026-07-09T14:22:42Z,89.6407,0.255866,0.252162,-0.003703,below_midpoint_feather
2026-07-09T14:23:20Z,89.7139,0.251276,0.247896,-0.003380,below_midpoint_feather
2026-07-09T14:23:59Z,89.6757,0.249350,0.253215,0.003866,below_midpoint_feather
2026-07-09T14:24:00Z,89.6757,0.249397,0.253260,0.003863,below_midpoint_feather
2026-07-09T14:24:08Z,89.7230,0.252761,0.249571,-0.003190,below_midpoint_feather
2026-07-09T14:25:10Z,89.8329,0.246028,0.244828,-0.001200,below_midpoint_feather
2026-07-09T14:25:15Z,89.7780,0.246166,0.247999,0.001833,below_midpoint_feather
2026-07-09T14:26:12Z,89.9245,0.245394,0.242956,-0.002438,below_midpoint_feather
2026-07-09T14:26:59Z,89.8772,0.243407,0.244873,0.001466,below_midpoint_feather
2026-07-09T14:27:00Z,89.8772,0.243417,0.244882,0.001465,below_midpoint_feather
2026-07-09T14:27:20Z,89.9519,0.243913,0.243233,-0.000680,below_midpoint_feather
2026-07-09T14:28:12Z,90.0023,0.243082,0.242384,-0.000698,in_band
2026-07-09T14:28:44Z,89.9840,0.239425,0.239835,0.000410,below_midpoint_feather
2026-07-09T14:29:01Z,90.0298,0.238531,0.238370,-0.000161,in_band
2026-07-09T14:29:59Z,90.0649,0.231031,0.230872,-0.000158,in_band
2026-07-09T14:30:00Z,90.0649,0.230903,0.230745,-0.000158,in_band
2026-07-09T14:30:59Z,90.0069,0.223482,0.223327,-0.000154,in_band
2026-07-09T14:31:00Z,90.0069,0.223358,0.223203,-0.000154,in_band
2026-07-09T14:31:59Z,90.0526,0.216164,0.216015,-0.000150,in_band
2026-07-09T14:32:00Z,90.0526,0.216044,0.215895,-0.000149,in_band
2026-07-09T14:32:54Z,89.9779,0.210830,0.211928,0.001098,below_midpoint_feather
2026-07-09T14:33:15Z,89.9321,0.210957,0.212280,0.001323,below_midpoint_feather
2026-07-09T14:33:21Z,89.9962,0.211047,0.211627,0.000580,below_midpoint_feather
2026-07-09T14:34:41Z,89.8878,0.211569,0.213442,0.001873,below_midpoint_feather
2026-07-09T14:34:59Z,89.9229,0.212244,0.212515,0.000271,below_midpoint_feather
2026-07-09T14:35:19Z,89.8787,0.211914,0.213794,0.001880,below_midpoint_feather
2026-07-09T14:35:37Z,89.9367,0.212571,0.212306,-0.000265,below_midpoint_feather
2026-07-09T14:36:25Z,89.8054,0.214608,0.217259,0.002650,below_midpoint_feather
2026-07-09T14:36:33Z,89.8604,0.215136,0.214683,-0.000453,below_midpoint_feather
2026-07-09T14:37:47Z,89.7368,0.218618,0.222304,0.003687,below_midpoint_feather
2026-07-09T14:37:49Z,89.8192,0.218637,0.217121,-0.001516,below_midpoint_feather
2026-07-09T14:38:35Z,89.7002,0.221488,0.225846,0.004358,below_midpoint_feather
2026-07-09T14:38:45Z,89.7673,0.221868,0.220922,-0.000946,below_midpoint_feather
2026-07-09T14:39:00Z,89.6895,0.223880,0.227197,0.003317,below_midpoint_feather
2026-07-09T14:39:11Z,89.7459,0.225213,0.222880,-0.002333,below_midpoint_feather
2026-07-09T14:40:23Z,89.6071,0.232166,0.237448,0.005281,below_midpoint_feather
2026-07-09T14:40:31Z,89.6681,0.234609,0.231403,-0.003206,below_midpoint_feather
2026-07-09T14:41:11Z,89.6574,0.235967,0.233813,-0.002154,below_midpoint_feather
2026-07-09T14:41:18Z,89.6025,0.236715,0.239859,0.003144,below_midpoint_feather
2026-07-09T14:42:11Z,89.6315,0.240361,0.238880,-0.001481,below_midpoint_feather
2026-07-09T14:42:15Z,89.5521,0.240531,0.248264,0.007734,below_midpoint_feather
2026-07-09T14:43:09Z,89.6162,0.246751,0.243242,-0.003509,below_midpoint_feather
2026-07-09T14:43:43Z,89.5659,0.244994,0.250908,0.005914,below_midpoint_feather
2026-07-09T14:44:13Z,89.5796,0.246446,0.250868,0.004422,below_midpoint_feather
2026-07-09T14:44:31Z,89.6086,0.250033,0.248491,-0.001542,below_midpoint_feather
2026-07-09T14:45:11Z,89.6483,0.251633,0.246442,-0.005191,below_midpoint_feather
2026-07-09T14:45:15Z,89.5705,0.249761,0.255301,0.005540,below_midpoint_feather
2026-07-09T14:46:03Z,89.6315,0.251805,0.250920,-0.000885,below_midpoint_feather
2026-07-09T14:46:29Z,89.5995,0.251658,0.255759,0.004102,below_midpoint_feather
2026-07-09T14:47:07Z,89.6361,0.255551,0.253688,-0.001863,below_midpoint_feather
2026-07-09T14:47:19Z,89.5659,0.256151,0.262254,0.006104,below_midpoint_feather
2026-07-09T14:48:09Z,89.6269,0.252635,0.257711,0.005076,below_midpoint_feather
2026-07-09T14:48:19Z,89.6986,0.255650,0.251295,-0.004355,below_midpoint_feather
2026-07-09T14:49:41Z,89.6590,0.255089,0.258299,0.003210,below_midpoint_feather
2026-07-09T14:49:54Z,89.7398,0.253583,0.251873,-0.001710,below_midpoint_feather
2026-07-09T14:50:17Z,89.6620,0.253777,0.259306,0.005528,below_midpoint_feather
2026-07-09T14:50:53Z,89.7169,0.257590,0.255627,-0.001963,below_midpoint_feather
2026-07-09T14:51:01Z,89.6620,0.256365,0.260733,0.004368,below_midpoint_feather
2026-07-09T14:51:23Z,89.7459,0.256549,0.254369,-0.002179,below_midpoint_feather
2026-07-09T14:52:31Z,89.6956,0.255668,0.260350,0.004682,below_midpoint_feather
2026-07-09T14:52:39Z,89.7398,0.258767,0.257009,-0.001758,below_midpoint_feather
2026-07-09T14:53:07Z,89.6986,0.255428,0.261035,0.005606,below_midpoint_feather
2026-07-09T14:53:23Z,89.7719,0.257021,0.255919,-0.001102,below_midpoint_feather
2026-07-09T14:54:29Z,89.8146,0.257164,0.254862,-0.002302,below_midpoint_feather
2026-07-09T14:54:41Z,89.7353,0.255442,0.260178,0.004736,below_midpoint_feather
2026-07-09T14:55:07Z,89.8039,0.256958,0.256161,-0.000797,below_midpoint_feather
2026-07-09T14:55:53Z,89.8451,0.252656,0.254847,0.002191,below_midpoint_feather
2026-07-09T14:56:11Z,89.8589,0.252271,0.254487,0.002216,below_midpoint_feather
2026-07-09T14:56:15Z,89.9245,0.252362,0.252509,0.000146,below_midpoint_feather
2026-07-09T14:57:01Z,89.8924,0.251901,0.253721,0.001820,below_midpoint_feather
2026-07-09T14:57:50Z,90.0160,0.250732,0.251181,0.000449,in_band
2026-07-09T14:58:08Z,90.0160,0.248562,0.249559,0.000997,in_band
2026-07-09T14:58:39Z,89.9702,0.244517,0.246983,0.002466,below_midpoint_feather
2026-07-09T14:59:00Z,89.9870,0.243746,0.246084,0.002339,below_midpoint_feather
2026-07-09T14:59:04Z,90.0008,0.243736,0.245518,0.001782,in_band
2026-07-09T15:00:00Z,90.0740,0.236557,0.238561,0.002004,in_band
2026-07-09T15:00:59Z,90.0740,0.228942,0.230882,0.001939,in_band
2026-07-09T15:01:00Z,90.0740,0.228815,0.230753,0.001938,in_band
2026-07-09T15:01:59Z,90.0618,0.221442,0.223318,0.001876,in_band
2026-07-09T15:02:00Z,90.0618,0.221319,0.223194,0.001875,in_band
2026-07-09T15:02:59Z,90.0664,0.214184,0.215998,0.001814,in_band
2026-07-09T15:03:38Z,90.0328,0.209594,0.211369,0.001775,in_band
2026-07-09T15:03:58Z,89.9779,0.207278,0.209568,0.002290,below_midpoint_feather
2026-07-09T15:04:10Z,89.9687,0.205901,0.208709,0.002808,below_midpoint_feather
2026-07-09T15:04:28Z,90.0389,0.204533,0.206725,0.002192,in_band
2026-07-09T15:05:29Z,89.9413,0.202500,0.205161,0.002661,below_midpoint_feather
2026-07-09T15:05:57Z,89.9916,0.202715,0.204229,0.001513,below_midpoint_feather
2026-07-09T15:06:45Z,89.8787,0.203460,0.206328,0.002868,below_midpoint_feather
2026-07-09T15:06:55Z,89.9001,0.204611,0.205664,0.001053,below_midpoint_feather
2026-07-09T15:07:01Z,89.8421,0.204618,0.207798,0.003181,below_midpoint_feather
2026-07-09T15:07:33Z,89.9245,0.204227,0.205128,0.000901,below_midpoint_feather
2026-07-09T15:08:29Z,89.9245,0.204987,0.205293,0.000306,below_midpoint_feather
2026-07-09T15:08:53Z,89.8085,0.205779,0.209790,0.004011,below_midpoint_feather
2026-07-09T15:09:51Z,89.7505,0.209986,0.213792,0.003806,below_midpoint_feather
2026-07-09T15:09:57Z,89.8222,0.211433,0.209488,-0.001945,below_midpoint_feather
2026-07-09T15:10:00Z,89.8100,0.211460,0.210157,-0.001303,below_midpoint_feather
2026-07-09T15:10:49Z,89.6681,0.215855,0.221287,0.005432,below_midpoint_feather
2026-07-09T15:11:11Z,89.6529,0.216746,0.223154,0.006408,below_midpoint_feather
2026-07-09T15:11:55Z,89.6361,0.226721,0.225949,-0.000771,below_midpoint_feather
2026-07-09T15:12:27Z,89.5750,0.236109,0.233983,-0.002126,below_midpoint_feather
2026-07-09T15:12:56Z,89.4209,0.247799,0.257447,0.009648,below_midpoint_feather
2026-07-09T15:13:09Z,89.4697,0.254779,0.250554,-0.004225,below_midpoint_feather
2026-07-09T15:13:24Z,89.3843,0.257300,0.265541,0.008241,below_midpoint_feather
2026-07-09T15:14:53Z,89.2134,0.311642,0.309114,-0.002529,below_midpoint_feather
2026-07-09T15:14:58Z,89.1325,0.313791,0.328900,0.015109,below_midpoint_feather
2026-07-09T15:15:04Z,89.1371,0.317563,0.328728,0.011164,below_midpoint_feather
2026-07-09T15:15:51Z,89.1630,0.340992,0.331207,-0.009785,below_midpoint_feather
2026-07-09T15:16:21Z,89.0944,0.361812,0.354815,-0.006997,below_midpoint_feather
2026-07-09T15:16:38Z,88.9998,0.370829,0.384559,0.013730,below_midpoint_feather
2026-07-09T15:17:27Z,89.0135,0.399502,0.394068,-0.005435,below_midpoint_feather
2026-07-09T15:17:38Z,88.9860,0.397072,0.405146,0.008073,below_midpoint_feather
2026-07-09T15:18:34Z,88.8930,0.437413,0.450734,0.013322,below_midpoint_feather
2026-07-09T15:18:43Z,88.9616,0.437621,0.432809,-0.004812,below_midpoint_feather
2026-07-09T15:19:07Z,88.9677,0.444952,0.439306,-0.005646,below_midpoint_feather
2026-07-09T15:19:29Z,88.9113,0.445898,0.464164,0.018266,below_midpoint_feather
2026-07-09T15:20:09Z,88.9570,0.470771,0.464684,-0.006087,below_midpoint_feather
2026-07-09T15:20:54Z,88.8792,0.494384,0.505243,0.010859,below_midpoint_feather
2026-07-09T15:21:35Z,88.8884,0.521612,0.518055,-0.003557,below_midpoint_feather
2026-07-09T15:21:48Z,88.8304,0.522787,0.542000,0.019213,below_midpoint_feather
2026-07-09T15:22:26Z,88.7663,0.554660,0.579523,0.024863,below_midpoint_feather
2026-07-09T15:22:51Z,88.8334,0.580445,0.567470,-0.012975,below_midpoint_feather
2026-07-09T15:23:07Z,88.7480,0.580266,0.604017,0.023751,below_midpoint_feather
2026-07-09T15:23:15Z,88.8426,0.586473,0.575225,-0.011248,below_midpoint_feather
2026-07-09T15:24:13Z,88.7739,0.613744,0.625265,0.011520,below_midpoint_feather
2026-07-09T15:24:35Z,88.8167,0.627235,0.621002,-0.006232,below_midpoint_feather
2026-07-09T15:25:00Z,88.7892,0.647153,0.642330,-0.004823,below_midpoint_feather
2026-07-09T15:25:53Z,88.6793,0.687461,0.708058,0.020597,below_midpoint_feather
2026-07-09T15:26:25Z,88.6595,0.707823,0.732134,0.024312,below_midpoint_feather
2026-07-09T15:26:51Z,88.7098,0.748631,0.727249,-0.021381,below_midpoint_feather
2026-07-09T15:27:09Z,88.6870,0.758572,0.745725,-0.012847,below_midpoint_feather
2026-07-09T15:27:46Z,88.5832,0.792239,0.807229,0.014990,below_midpoint_feather
2026-07-09T15:28:10Z,88.5374,0.825531,0.840350,0.014819,below_midpoint_feather
2026-07-09T15:28:55Z,88.5374,0.873132,0.869184,-0.003948,below_midpoint_feather
2026-07-09T15:29:17Z,88.5100,0.900957,0.895659,-0.005298,below_midpoint_feather
2026-07-09T15:29:28Z,88.4443,0.911197,0.931303,0.020106,below_midpoint_feather
2026-07-09T15:30:08Z,88.3986,0.961559,0.979863,0.018304,below_midpoint_feather
2026-07-09T15:30:41Z,88.4504,0.985983,0.982927,-0.003056,below_midpoint_feather
2026-07-09T15:31:00Z,88.4443,0.995606,1.000000,0.004394,below_midpoint_feather
2026-07-09T15:31:01Z,88.4276,1.000000,1.000000,0.000000,below_midpoint_feather
2026-07-09T15:32:00Z,88.4123,1.000000,1.000000,0.000000,below_midpoint_feather
2026-07-09T15:33:00Z,88.4215,1.000000,1.000000,0.000000,below_midpoint_feather
2026-07-09T15:34:00Z,88.4184,1.000000,1.000000,0.000000,below_midpoint_feather
2026-07-09T15:35:00Z,88.4215,1.000000,1.000000,0.000000,below_midpoint_feather
2026-07-09T15:36:00Z,88.4443,1.000000,1.000000,0.000000,below_midpoint_feather
2026-07-09T15:37:00Z,88.4550,1.000000,1.000000,0.000000,below_midpoint_feather
2026-07-09T15:38:00Z,88.4642,1.000000,1.000000,0.000000,below_midpoint_feather
2026-07-09T15:39:00Z,88.4352,1.000000,1.000000,0.000000,below_midpoint_feather
2026-07-09T15:40:00Z,88.4962,1.000000,1.000000,0.000000,below_midpoint_feather
2026-07-09T15:41:00Z,88.5786,1.000000,1.000000,0.000000,below_midpoint_feather
2026-07-09T15:42:00Z,88.6137,1.000000,1.000000,0.000000,below_midpoint_feather
2026-07-09T15:43:00Z,88.6702,1.000000,1.000000,0.000000,below_midpoint_feather
2026-07-09T15:44:00Z,88.7144,1.000000,1.000000,0.000000,below_midpoint_feather
2026-07-09T15:45:00Z,88.8701,1.000000,1.000000,0.000000,below_midpoint_feather
2026-07-09T15:46:00Z,88.9403,1.000000,1.000000,0.000000,below_midpoint_feather
2026-07-09T15:47:00Z,88.9570,1.000000,1.000000,0.000000,below_midpoint_feather
2026-07-09T15:48:00Z,89.0440,1.000000,1.000000,0.000000,below_midpoint_feather
2026-07-09T15:49:00Z,88.9860,1.000000,1.000000,0.000000,below_midpoint_feather
2026-07-09T15:50:00Z,88.9662,1.000000,1.000000,0.000000,below_midpoint_feather
2026-07-09T15:51:00Z,88.8945,1.000000,1.000000,0.000000,below_midpoint_feather
2026-07-09T15:52:00Z,88.9204,1.000000,1.000000,0.000000,below_midpoint_feather
2026-07-09T15:53:00Z,88.9982,1.000000,1.000000,0.000000,below_midpoint_feather
2026-07-09T15:54:00Z,88.9799,1.000000,1.000000,0.000000,below_midpoint_feather
2026-07-09T15:55:00Z,89.0211,1.000000,1.000000,0.000000,below_midpoint_feather
2026-07-09T15:56:00Z,88.9982,1.000000,1.000000,0.000000,below_midpoint_feather
2026-07-09T15:57:00Z,88.9433,1.000000,1.000000,0.000000,below_midpoint_feather
2026-07-09T15:58:00Z,88.9845,1.000000,1.000000,0.000000,below_midpoint_feather
2026-07-09T15:59:00Z,89.0303,1.000000,1.000000,0.000000,below_midpoint_feather
2026-07-09T16:00:00Z,89.1173,1.000000,1.000000,0.000000,below_midpoint_feather
2026-07-09T16:01:00Z,89.2012,1.000000,1.000000,0.000000,below_midpoint_feather
2026-07-09T16:02:00Z,89.3095,1.000000,1.000000,0.000000,below_midpoint_feather
2026-07-09T16:03:00Z,89.3141,1.000000,1.000000,0.000000,below_midpoint_feather
2026-07-09T16:04:00Z,89.3568,1.000000,1.000000,0.000000,below_midpoint_feather
2026-07-09T16:05:00Z,89.3614,1.000000,1.000000,0.000000,below_midpoint_feather
2026-07-09T16:06:00Z,89.3919,1.000000,1.000000,0.000000,below_midpoint_feather
2026-07-09T16:07:00Z,89.4255,1.000000,1.000000,0.000000,below_midpoint_feather
2026-07-09T16:08:00Z,89.4392,1.000000,1.000000,0.000000,below_midpoint_feather
2026-07-09T16:09:00Z,89.4804,1.000000,1.000000,0.000000,below_midpoint_feather
2026-07-09T16:10:00Z,89.4713,1.000000,1.000000,0.000000,below_midpoint_feather
2026-07-09T16:11:00Z,89.4102,1.000000,1.000000,0.000000,below_midpoint_feather
2026-07-09T16:12:00Z,89.3690,1.000000,1.000000,0.000000,below_midpoint_feather
2026-07-09T16:13:00Z,89.2515,1.000000,1.000000,0.000000,below_midpoint_feather
2026-07-09T16:14:00Z,89.1676,1.000000,1.000000,0.000000,below_midpoint_feather
2026-07-09T16:15:00Z,89.0623,1.000000,1.000000,0.000000,below_midpoint_feather
2026-07-09T16:16:00Z,88.9891,1.000000,1.000000,0.000000,below_midpoint_feather
2026-07-09T16:17:00Z,88.8014,1.000000,1.000000,0.000000,below_midpoint_feather
2026-07-09T16:18:00Z,88.6702,1.000000,1.000000,0.000000,below_midpoint_feather
2026-07-09T16:19:00Z,88.4123,1.000000,1.000000,0.000000,below_midpoint_feather
2026-07-09T16:20:00Z,88.2170,1.000000,1.000000,0.000000,below_midpoint_feather
2026-07-09T16:21:00Z,88.0690,1.000000,1.000000,0.000000,below_midpoint_feather
2026-07-09T16:22:00Z,88.0552,1.000000,1.000000,0.000000,below_midpoint_feather
2026-07-09T16:23:00Z,88.0110,1.000000,1.000000,0.000000,below_midpoint_feather
2026-07-09T16:24:00Z,88.0964,1.000000,1.000000,0.000000,below_midpoint_feather
2026-07-09T16:25:00Z,88.2979,1.000000,1.000000,0.000000,below_midpoint_feather
2026-07-09T16:26:00Z,88.4352,1.000000,1.000000,0.000000,below_midpoint_feather
2026-07-09T16:27:00Z,88.5359,1.000000,1.000000,0.000000,below_midpoint_feather
2026-07-09T16:28:00Z,88.6656,1.000000,1.000000,0.000000,below_midpoint_feather
2026-07-09T16:29:00Z,88.7556,1.000000,1.000000,0.000000,below_midpoint_feather
2026-07-09T16:30:00Z,88.8991,1.000000,1.000000,0.000000,below_midpoint_feather
2026-07-09T16:31:00Z,88.9952,1.000000,1.000000,0.000000,below_midpoint_feather
2026-07-09T16:32:00Z,89.1005,1.000000,1.000000,0.000000,below_midpoint_feather
2026-07-09T16:33:00Z,89.3004,1.000000,1.000000,0.000000,below_midpoint_feather
2026-07-09T16:34:00Z,89.4148,1.000000,1.000000,0.000000,below_midpoint_feather
2026-07-09T16:35:00Z,89.5338,1.000000,1.000000,0.000000,below_midpoint_feather
2026-07-09T16:36:00Z,89.6864,1.000000,1.000000,0.000000,below_midpoint_feather
2026-07-09T16:37:25Z,89.9153,1.000000,0.999197,-0.000803,below_midpoint_feather
2026-07-09T16:37:43Z,89.9199,0.999147,0.999525,0.000377,below_midpoint_feather
2026-07-09T16:38:01Z,89.9825,0.998932,0.997894,-0.001038,below_midpoint_feather
2026-07-09T16:38:04Z,90.0328,0.998943,0.996791,-0.002151,in_band
2026-07-09T16:39:00Z,90.1472,0.968949,0.967900,-0.001049,in_band
2026-07-09T16:39:59Z,90.2770,0.937951,0.936920,-0.001031,in_band
2026-07-09T16:40:00Z,90.2770,0.937433,0.936402,-0.001031,in_band
2026-07-09T16:40:59Z,90.4189,0.907296,0.906292,-0.001004,in_band
2026-07-09T16:41:00Z,90.4189,0.906793,0.905790,-0.001003,in_band
2026-07-09T16:41:59Z,90.4723,0.877585,0.876613,-0.000972,in_band
2026-07-09T16:42:00Z,90.4723,0.877099,0.876126,-0.000973,in_band
2026-07-09T16:42:59Z,90.5913,0.848828,0.847886,-0.000942,in_band
2026-07-09T16:43:01Z,90.5608,0.847886,0.846945,-0.000941,in_band
2026-07-09T16:43:59Z,90.7073,0.821005,0.820094,-0.000911,in_band
2026-07-09T16:44:00Z,90.7073,0.820549,0.819638,-0.000911,in_band
2026-07-09T16:44:59Z,90.8476,0.794091,0.793210,-0.000882,in_band
2026-07-09T16:45:00Z,90.8476,0.793650,0.792769,-0.000881,in_band
2026-07-09T16:45:59Z,90.9483,0.768059,0.767206,-0.000853,in_band
2026-07-09T16:46:00Z,90.9483,0.767632,0.766780,-0.000852,in_band
2026-07-09T16:46:59Z,91.0414,0.742879,0.742054,-0.000825,in_band
2026-07-09T16:47:00Z,91.0414,0.742466,0.741642,-0.000824,in_band
2026-07-09T16:47:59Z,91.1406,0.718524,0.717727,-0.000798,in_band
2026-07-09T16:48:00Z,91.1406,0.718126,0.717328,-0.000798,in_band
2026-07-09T16:48:59Z,91.2596,0.694968,0.694197,-0.000772,in_band
2026-07-09T16:49:00Z,91.2596,0.694582,0.693811,-0.000771,in_band
2026-07-09T16:49:59Z,91.3283,0.672185,0.671438,-0.000747,in_band
2026-07-09T16:50:00Z,91.3283,0.671811,0.671065,-0.000746,in_band
2026-07-09T16:50:59Z,91.4885,0.650148,0.649426,-0.000722,in_band
2026-07-09T16:51:25Z,91.4900,0.640824,0.642244,0.001420,in_band
2026-07-09T16:51:27Z,91.5496,0.637556,0.620748,-0.016808,above_band_high
2026-07-09T16:52:55Z,91.6320,0.582082,0.582464,0.000382,above_band_high
2026-07-09T16:52:59Z,91.6625,0.581832,0.569177,-0.012655,above_band_high
2026-07-09T16:53:03Z,91.6182,0.573756,0.587769,0.014014,above_band_high
2026-07-09T16:53:10Z,91.6777,0.577150,0.561829,-0.015321,above_band_high
2026-07-09T16:54:09Z,91.7128,0.529422,0.539789,0.010367,above_band_high
2026-07-09T16:54:11Z,91.7967,0.529109,0.503663,-0.025446,above_band_high
2026-07-09T16:55:03Z,91.8547,0.454501,0.468405,0.013904,above_band_high
2026-07-09T16:55:20Z,91.9554,0.442904,0.420867,-0.022037,above_band_high
2026-07-09T16:56:11Z,92.0760,0.341679,0.351696,0.010017,above_band_high
2026-07-09T16:56:58Z,92.2667,0.266558,0.247398,-0.019160,above_band_high
2026-07-09T16:57:38Z,92.3857,0.197321,0.171913,-0.025408,above_band_high
2026-07-09T16:57:55Z,92.3735,0.153725,0.165262,0.011537,above_band_high
2026-07-09T16:58:13Z,92.4331,0.116982,0.126372,0.009390,above_band_high
2026-07-09T16:58:32Z,92.5597,0.076474,0.057058,-0.019416,above_band_high
2026-07-09T16:59:00Z,92.5963,0.030758,0.016920,-0.013838,above_band_high
2026-07-09T16:59:17Z,92.6574,0.000000,0.000000,0.000000,above_band_high
2026-07-09T17:00:00Z,92.7703,0.000000,0.000000,0.000000,above_band_high
2026-07-09T17:01:00Z,92.8985,0.000000,0.000000,0.000000,above_band_high
2026-07-09T17:02:00Z,92.9992,0.000000,0.000000,0.000000,above_band_high
2026-07-09T17:03:00Z,93.0602,0.000000,0.000000,0.000000,above_band_high
2026-07-09T17:04:00Z,93.0510,0.000000,0.000000,0.000000,above_band_high
2026-07-09T17:05:00Z,93.0587,0.000000,0.000000,0.000000,above_band_high
2026-07-09T17:06:00Z,92.9946,0.000000,0.000000,0.000000,above_band_high
2026-07-09T17:07:00Z,92.8344,0.000000,0.000000,0.000000,above_band_high
2026-07-09T17:08:00Z,92.6787,0.000000,0.000000,0.000000,above_band_high
2026-07-09T17:09:00Z,92.4956,0.000000,0.000000,0.000000,above_band_high
2026-07-09T17:10:00Z,92.1813,0.000000,0.000000,0.000000,above_band_high
2026-07-09T17:11:00Z,91.8868,0.000000,0.000000,0.000000,above_band_high
2026-07-09T17:11:57Z,91.4946,0.011505,0.024574,0.013069,in_band
2026-07-09T17:12:00Z,91.4794,0.014238,0.023385,0.009148,in_band
2026-07-09T17:12:01Z,91.4809,0.024555,0.023002,-0.001553,in_band
2026-07-09T17:13:29Z,90.9026,0.005733,0.005371,-0.000363,in_band
2026-07-09T17:13:59Z,90.7607,0.003492,0.003271,-0.000221,in_band
2026-07-09T17:14:00Z,90.7607,0.003435,0.003217,-0.000217,in_band
2026-07-09T17:14:59Z,90.3716,0.001295,0.001213,-0.000082,in_band
2026-07-09T17:15:00Z,90.3716,0.001274,0.001193,-0.000081,in_band
2026-07-09T17:15:54Z,89.9153,0.000529,0.001508,0.000980,below_midpoint_feather
2026-07-09T17:16:01Z,89.9229,0.001309,0.001280,-0.000029,below_midpoint_feather
2026-07-09T17:16:50Z,89.5445,0.023147,0.029867,0.006720,below_midpoint_feather
2026-07-09T17:17:09Z,89.4438,0.044105,0.044685,0.000581,below_midpoint_feather
2026-07-09T17:17:42Z,89.1859,0.084967,0.096554,0.011587,below_midpoint_feather
2026-07-09T17:18:11Z,89.0120,0.143707,0.144265,0.000558,below_midpoint_feather
2026-07-09T17:18:52Z,88.6427,0.245785,0.276091,0.030306,below_midpoint_feather
2026-07-09T17:19:13Z,88.5634,0.316330,0.314735,-0.001595,below_midpoint_feather
2026-07-09T17:19:56Z,88.1971,0.459464,0.491834,0.032370,below_midpoint_feather
2026-07-09T17:20:05Z,88.1849,0.500203,0.502852,0.002649,below_midpoint_feather
2026-07-09T17:20:28Z,88.0507,0.549911,0.577186,0.027275,below_midpoint_feather
2026-07-09T17:21:02Z,87.9103,0.648189,0.667755,0.019566,below_midpoint_feather
2026-07-09T17:21:11Z,87.8904,0.681254,0.685382,0.004128,below_midpoint_feather
2026-07-09T17:22:06Z,87.6295,0.834592,0.861255,0.026663,below_midpoint_feather
2026-07-09T17:22:58Z,87.4281,1.000000,1.000000,0.000000,below_midpoint_feather
2026-07-09T17:23:00Z,87.4372,1.000000,1.000000,0.000000,below_midpoint_feather
2026-07-09T17:24:00Z,87.2145,1.000000,1.000000,0.000000,below_midpoint_feather
2026-07-09T17:25:00Z,87.1046,1.000000,1.000000,0.000000,below_midpoint_feather
2026-07-09T17:26:00Z,87.1260,1.000000,1.000000,0.000000,below_midpoint_feather
2026-07-09T17:27:00Z,87.1595,1.000000,1.000000,0.000000,below_midpoint_feather
2026-07-09T17:28:00Z,87.2816,1.000000,1.000000,0.000000,below_midpoint_feather
2026-07-09T17:29:00Z,87.3976,1.000000,1.000000,0.000000,below_midpoint_feather
2026-07-09T17:30:00Z,87.4296,1.000000,1.000000,0.000000,below_midpoint_feather
2026-07-09T17:31:00Z,87.5257,1.000000,1.000000,0.000000,below_midpoint_feather
2026-07-09T17:32:00Z,87.6066,1.000000,1.000000,0.000000,below_midpoint_feather
2026-07-09T17:33:00Z,87.6707,1.000000,1.000000,0.000000,below_midpoint_feather
2026-07-09T17:34:00Z,87.7256,1.000000,1.000000,0.000000,below_midpoint_feather
2026-07-09T17:35:00Z,87.7943,1.000000,1.000000,0.000000,below_midpoint_feather
2026-07-09T17:36:00Z,87.8584,1.000000,1.000000,0.000000,below_midpoint_feather
2026-07-09T17:37:00Z,87.9789,1.000000,1.000000,0.000000,below_midpoint_feather
2026-07-09T17:38:00Z,88.0598,1.000000,1.000000,0.000000,below_midpoint_feather
2026-07-09T17:39:00Z,88.1300,1.000000,1.000000,0.000000,below_midpoint_feather
2026-07-09T17:40:00Z,88.2170,1.000000,1.000000,0.000000,below_midpoint_feather
2026-07-09T17:41:00Z,88.3299,1.000000,1.000000,0.000000,below_midpoint_feather
2026-07-09T17:42:00Z,88.5512,1.000000,1.000000,0.000000,below_midpoint_feather
2026-07-09T17:43:00Z,88.7098,1.000000,1.000000,0.000000,below_midpoint_feather
2026-07-09T17:44:00Z,88.8716,1.000000,1.000000,0.000000,below_midpoint_feather
2026-07-09T17:45:00Z,88.9723,1.000000,1.000000,0.000000,below_midpoint_feather
2026-07-09T17:46:00Z,89.1814,1.000000,1.000000,0.000000,below_midpoint_feather
2026-07-09T17:47:00Z,89.3156,1.000000,1.000000,0.000000,below_midpoint_feather
2026-07-09T17:48:00Z,89.4789,1.000000,1.000000,0.000000,below_midpoint_feather
2026-07-09T17:49:00Z,89.5842,1.000000,1.000000,0.000000,below_midpoint_feather
2026-07-09T17:50:00Z,89.8146,1.000000,1.000000,0.000000,below_midpoint_feather
2026-07-09T17:50:15Z,89.8741,1.000000,0.999382,-0.000618,below_midpoint_feather
2026-07-09T17:51:25Z,89.9107,0.999585,0.999978,0.000393,below_midpoint_feather
2026-07-09T17:51:50Z,90.0053,0.999189,0.997003,-0.002186,in_band
2026-07-09T17:52:00Z,90.0618,0.993757,0.991593,-0.002163,in_band
2026-07-09T17:52:59Z,90.0923,0.962127,0.960007,-0.002120,in_band
2026-07-09T17:53:00Z,90.0923,0.961597,0.959478,-0.002119,in_band
2026-07-09T17:53:59Z,90.2129,0.930743,0.928683,-0.002060,in_band
2026-07-09T17:54:00Z,90.2129,0.930227,0.928168,-0.002059,in_band
2026-07-09T17:54:59Z,90.3166,0.900288,0.898292,-0.001996,in_band
2026-07-09T17:55:00Z,90.3166,0.899789,0.897793,-0.001995,in_band
2026-07-09T17:55:59Z,90.4189,0.870795,0.868863,-0.001932,in_band
2026-07-09T17:56:00Z,90.4189,0.870311,0.868380,-0.001931,in_band
2026-07-09T17:56:59Z,90.4448,0.842255,0.840386,-0.001869,in_band
2026-07-09T17:57:00Z,90.4448,0.841787,0.839919,-0.001868,in_band
2026-07-09T17:57:59Z,90.5928,0.814645,0.812837,-0.001808,in_band
2026-07-09T17:58:00Z,90.5928,0.814193,0.812386,-0.001807,in_band
2026-07-09T17:58:59Z,90.6798,0.787939,0.786190,-0.001749,in_band
2026-07-09T17:59:00Z,90.6798,0.787502,0.785754,-0.001748,in_band
2026-07-09T17:59:59Z,90.7897,0.762108,0.760416,-0.001692,in_band
2026-07-09T18:00:00Z,90.7897,0.761685,0.759994,-0.001691,in_band
2026-07-09T18:00:59Z,90.8339,0.737123,0.735487,-0.001636,in_band
2026-07-09T18:01:00Z,90.8339,0.736714,0.735079,-0.001635,in_band
2026-07-09T18:01:59Z,90.9682,0.712958,0.711375,-0.001583,in_band
2026-07-09T18:02:00Z,90.9682,0.712562,0.710980,-0.001582,in_band
2026-07-09T18:02:59Z,91.0903,0.689584,0.688053,-0.001531,in_band
2026-07-09T18:03:00Z,91.0903,0.689201,0.687671,-0.001530,in_band
2026-07-09T18:03:59Z,91.2291,0.666977,0.665496,-0.001481,in_band
2026-07-09T18:04:00Z,91.2291,0.666606,0.665127,-0.001480,in_band
2026-07-09T18:04:59Z,91.3603,0.645111,0.643679,-0.001432,in_band
2026-07-09T18:05:55Z,91.5297,0.625350,0.612323,-0.013027,above_band_high
2026-07-09T18:05:59Z,91.4656,0.623961,0.624652,0.000690,in_band
2026-07-09T18:06:00Z,91.4656,0.623615,0.624303,0.000688,in_band
2026-07-09T18:06:03Z,91.5068,0.620010,0.620691,0.000681,above_band_high
2026-07-09T18:07:49Z,91.7281,0.504149,0.519107,0.014958,above_band_high
2026-07-09T18:07:58Z,91.7952,0.503569,0.489167,-0.014401,above_band_high
2026-07-09T18:08:01Z,91.7464,0.503122,0.509528,0.006406,above_band_high
2026-07-09T18:08:59Z,91.9112,0.448065,0.427410,-0.020655,above_band_high
2026-07-09T18:09:00Z,91.9112,0.447820,0.427159,-0.020661,above_band_high
2026-07-09T18:09:05Z,91.8654,0.430947,0.445391,0.014443,above_band_high
2026-07-09T18:10:21Z,91.8959,0.393947,0.407991,0.014045,above_band_high
2026-07-09T18:10:37Z,91.9753,0.393966,0.368260,-0.025706,above_band_high
2026-07-09T18:11:37Z,92.0073,0.316190,0.329888,0.013698,above_band_high
2026-07-09T18:11:47Z,92.0653,0.323966,0.300506,-0.023460,above_band_high
2026-07-09T18:12:19Z,92.0211,0.296932,0.303934,0.007001,above_band_high
2026-07-09T18:12:26Z,92.0745,0.296727,0.277665,-0.019062,above_band_high
2026-07-09T18:13:49Z,92.0897,0.215706,0.226136,0.010430,above_band_high
2026-07-09T18:13:57Z,92.1401,0.214914,0.199938,-0.014976,above_band_high
2026-07-09T18:14:31Z,92.0882,0.194014,0.201799,0.007784,above_band_high
2026-07-09T18:14:33Z,92.1538,0.192813,0.172603,-0.020210,above_band_high
2026-07-09T18:15:01Z,92.1981,0.156940,0.136684,-0.020256,above_band_high
2026-07-09T18:15:19Z,92.1767,0.125511,0.134490,0.008979,above_band_high
2026-07-09T18:16:03Z,92.2179,0.080947,0.087795,0.006848,above_band_high
2026-07-09T18:16:56Z,92.3354,0.022140,0.000150,-0.021990,above_band_high
2026-07-09T18:17:09Z,92.3186,0.010610,0.000000,-0.010610,above_band_high
2026-07-09T18:17:19Z,92.2621,0.000000,0.014259,0.014259,above_band_high
2026-07-09T18:18:00Z,92.3079,0.000000,0.000000,0.000000,above_band_high
2026-07-09T18:19:00Z,92.3278,0.000000,0.000000,0.000000,above_band_high
2026-07-09T18:20:00Z,92.4010,0.000000,0.000000,0.000000,above_band_high
2026-07-09T18:21:00Z,92.4636,0.000000,0.000000,0.000000,above_band_high
2026-07-09T18:22:00Z,92.5002,0.000000,0.000000,0.000000,above_band_high
2026-07-09T18:23:00Z,92.5322,0.000000,0.000000,0.000000,above_band_high
2026-07-09T18:24:00Z,92.5795,0.000000,0.000000,0.000000,above_band_high
2026-07-09T18:25:00Z,92.6192,0.000000,0.000000,0.000000,above_band_high
2026-07-09T18:26:00Z,92.6574,0.000000,0.000000,0.000000,above_band_high
2026-07-09T18:27:00Z,92.7031,0.000000,0.000000,0.000000,above_band_high
2026-07-09T18:28:00Z,92.7565,0.000000,0.000000,0.000000,above_band_high
2026-07-09T18:29:00Z,92.7993,0.000000,0.000000,0.000000,above_band_high
2026-07-09T18:30:00Z,92.8801,0.000000,0.000000,0.000000,above_band_high
2026-07-09T18:31:00Z,92.9229,0.000000,0.000000,0.000000,above_band_high
2026-07-09T18:32:00Z,92.9580,0.000000,0.000000,0.000000,above_band_high
2026-07-09T18:33:00Z,92.9732,0.000000,0.000000,0.000000,above_band_high
2026-07-09T18:34:00Z,93.0282,0.000000,0.000000,0.000000,above_band_high
2026-07-09T18:35:00Z,93.0632,0.000000,0.000000,0.000000,above_band_high
2026-07-09T18:36:00Z,93.1151,0.000000,0.000000,0.000000,above_band_high
2026-07-09T18:37:00Z,93.1228,0.000000,0.000000,0.000000,above_band_high
2026-07-09T18:38:00Z,93.1685,0.000000,0.000000,0.000000,above_band_high
2026-07-09T18:39:00Z,93.2006,0.000000,0.000000,0.000000,above_band_high
2026-07-09T18:40:00Z,93.1930,0.000000,0.000000,0.000000,above_band_high
2026-07-09T18:41:00Z,93.2372,0.000000,0.000000,0.000000,above_band_high
2026-07-09T18:42:00Z,93.2708,0.000000,0.000000,0.000000,above_band_high
2026-07-09T18:43:00Z,93.2525,0.000000,0.000000,0.000000,above_band_high
2026-07-09T18:44:00Z,93.2708,0.000000,0.000000,0.000000,above_band_high
2026-07-09T18:45:00Z,93.2647,0.000000,0.000000,0.000000,above_band_high
2026-07-09T18:46:00Z,93.2570,0.000000,0.000000,0.000000,above_band_high
2026-07-09T18:47:00Z,93.2708,0.000000,0.000000,0.000000,above_band_high
2026-07-09T18:48:00Z,93.2570,0.000000,0.000000,0.000000,above_band_high
2026-07-09T18:49:00Z,93.2418,0.000000,0.000000,0.000000,above_band_high
2026-07-09T18:50:00Z,93.2204,0.000000,0.000000,0.000000,above_band_high
2026-07-09T18:51:00Z,93.1701,0.000000,0.000000,0.000000,above_band_high
2026-07-09T18:52:00Z,93.1655,0.000000,0.000000,0.000000,above_band_high
2026-07-09T18:53:00Z,93.1334,0.000000,0.000000,0.000000,above_band_high
2026-07-09T18:54:00Z,93.0816,0.000000,0.000000,0.000000,above_band_high
2026-07-09T18:55:00Z,93.0419,0.000000,0.000000,0.000000,above_band_high
2026-07-09T18:56:00Z,93.0053,0.000000,0.000000,0.000000,above_band_high
2026-07-09T18:57:00Z,92.9503,0.000000,0.000000,0.000000,above_band_high
2026-07-09T18:58:00Z,92.9503,0.000000,0.000000,0.000000,above_band_high
2026-07-09T18:59:00Z,92.8771,0.000000,0.000000,0.000000,above_band_high
2026-07-09T19:00:00Z,92.9000,0.000000,0.000000,0.000000,above_band_high
2026-07-09T19:01:00Z,92.8252,0.000000,0.000000,0.000000,above_band_high
2026-07-09T19:02:00Z,92.8542,0.000000,0.000000,0.000000,above_band_high
2026-07-09T19:03:00Z,92.8618,0.000000,0.000000,0.000000,above_band_high
2026-07-09T19:04:00Z,92.8481,0.000000,0.000000,0.000000,above_band_high
2026-07-09T19:05:00Z,92.8496,0.000000,0.000000,0.000000,above_band_high
2026-07-09T19:06:00Z,92.8527,0.000000,0.000000,0.000000,above_band_high
2026-07-09T19:07:00Z,92.8573,0.000000,0.000000,0.000000,above_band_high
2026-07-09T19:08:00Z,92.8573,0.000000,0.000000,0.000000,above_band_high
2026-07-09T19:09:00Z,92.8634,0.000000,0.000000,0.000000,above_band_high
2026-07-09T19:10:00Z,92.8252,0.000000,0.000000,0.000000,above_band_high
2026-07-09T19:11:00Z,92.8954,0.000000,0.000000,0.000000,above_band_high
2026-07-09T19:12:00Z,92.8893,0.000000,0.000000,0.000000,above_band_high
2026-07-09T19:13:00Z,92.8985,0.000000,0.000000,0.000000,above_band_high
2026-07-09T19:14:00Z,92.9000,0.000000,0.000000,0.000000,above_band_high
2026-07-09T19:15:00Z,92.9580,0.000000,0.000000,0.000000,above_band_high
2026-07-09T19:16:00Z,92.9229,0.000000,0.000000,0.000000,above_band_high
2026-07-09T19:17:00Z,92.9854,0.000000,0.000000,0.000000,above_band_high
2026-07-09T19:18:00Z,92.9961,0.000000,0.000000,0.000000,above_band_high
2026-07-09T19:19:00Z,92.9808,0.000000,0.000000,0.000000,above_band_high
2026-07-09T19:20:00Z,93.0220,0.000000,0.000000,0.000000,above_band_high
2026-07-09T19:21:00Z,93.0144,0.000000,0.000000,0.000000,above_band_high
2026-07-09T19:22:00Z,93.0144,0.000000,0.000000,0.000000,above_band_high
2026-07-09T19:23:00Z,93.0510,0.000000,0.000000,0.000000,above_band_high
2026-07-09T19:24:00Z,93.0861,0.000000,0.000000,0.000000,above_band_high
2026-07-09T19:25:00Z,93.0770,0.000000,0.000000,0.000000,above_band_high
2026-07-09T19:26:00Z,93.0556,0.000000,0.000000,0.000000,above_band_high
2026-07-09T19:27:00Z,93.0831,0.000000,0.000000,0.000000,above_band_high
2026-07-09T19:28:00Z,93.0816,0.000000,0.000000,0.000000,above_band_high
2026-07-09T19:29:00Z,93.1182,0.000000,0.000000,0.000000,above_band_high
2026-07-09T19:30:00Z,93.1136,0.000000,0.000000,0.000000,above_band_high
2026-07-09T19:31:00Z,93.1106,0.000000,0.000000,0.000000,above_band_high
2026-07-09T19:32:00Z,93.1197,0.000000,0.000000,0.000000,above_band_high
2026-07-09T19:33:00Z,93.1228,0.000000,0.000000,0.000000,above_band_high
2026-07-09T19:34:00Z,93.1289,0.000000,0.000000,0.000000,above_band_high
2026-07-09T19:35:00Z,93.1197,0.000000,0.000000,0.000000,above_band_high
2026-07-09T19:36:00Z,93.1136,0.000000,0.000000,0.000000,above_band_high
2026-07-09T19:37:00Z,93.0922,0.000000,0.000000,0.000000,above_band_high
2026-07-09T19:38:00Z,93.0632,0.000000,0.000000,0.000000,above_band_high
2026-07-09T19:39:00Z,93.0358,0.000000,0.000000,0.000000,above_band_high
2026-07-09T19:40:00Z,93.0510,0.000000,0.000000,0.000000,above_band_high
2026-07-09T19:41:00Z,93.0083,0.000000,0.000000,0.000000,above_band_high
2026-07-09T19:42:00Z,92.9854,0.000000,0.000000,0.000000,above_band_high
2026-07-09T19:43:00Z,92.9076,0.000000,0.000000,0.000000,above_band_high
2026-07-09T19:44:00Z,92.8817,0.000000,0.000000,0.000000,above_band_high
2026-07-09T19:45:00Z,92.8710,0.000000,0.000000,0.000000,above_band_high
2026-07-09T19:46:00Z,92.8542,0.000000,0.000000,0.000000,above_band_high
2026-07-09T19:47:00Z,92.8344,0.000000,0.000000,0.000000,above_band_high
2026-07-09T19:48:00Z,92.8710,0.000000,0.000000,0.000000,above_band_high
2026-07-09T19:49:00Z,92.8908,0.000000,0.000000,0.000000,above_band_high
2026-07-09T19:50:00Z,92.9076,0.000000,0.000000,0.000000,above_band_high
2026-07-09T19:51:00Z,92.9122,0.000000,0.000000,0.000000,above_band_high
2026-07-09T19:52:00Z,92.9305,0.000000,0.000000,0.000000,above_band_high
2026-07-09T19:53:00Z,92.9549,0.000000,0.000000,0.000000,above_band_high
2026-07-09T19:54:00Z,92.9808,0.000000,0.000000,0.000000,above_band_high
2026-07-09T19:55:00Z,93.0098,0.000000,0.000000,0.000000,above_band_high
2026-07-09T19:56:00Z,92.9870,0.000000,0.000000,0.000000,above_band_high
2026-07-09T19:57:00Z,93.0098,0.000000,0.000000,0.000000,above_band_high
2026-07-09T19:58:00Z,93.0312,0.000000,0.000000,0.000000,above_band_high
2026-07-09T19:59:00Z,93.0602,0.000000,0.000000,0.000000,above_band_high
2026-07-09T20:00:00Z,93.0724,0.000000,0.000000,0.000000,above_band_high
2026-07-09T20:01:00Z,93.0922,0.000000,0.000000,0.000000,above_band_high
2026-07-09T20:02:00Z,93.1151,0.000000,0.000000,0.000000,above_band_high
2026-07-09T20:03:00Z,93.1289,0.000000,0.000000,0.000000,above_band_high
2026-07-09T20:04:00Z,93.1594,0.000000,0.000000,0.000000,above_band_high
2026-07-09T20:05:00Z,93.1518,0.000000,0.000000,0.000000,above_band_high
2026-07-09T20:06:00Z,93.1884,0.000000,0.000000,0.000000,above_band_high
2026-07-09T20:07:00Z,93.1731,0.000000,0.000000,0.000000,above_band_high
2026-07-09T20:08:00Z,93.2097,0.000000,0.000000,0.000000,above_band_high
2026-07-09T20:09:00Z,93.2235,0.000000,0.000000,0.000000,above_band_high
2026-07-09T20:10:00Z,93.2006,0.000000,0.000000,0.000000,above_band_high
2026-07-09T20:11:00Z,93.2021,0.000000,0.000000,0.000000,above_band_high
2026-07-09T20:12:00Z,93.2067,0.000000,0.000000,0.000000,above_band_high
2026-07-09T20:13:00Z,93.1914,0.000000,0.000000,0.000000,above_band_high
2026-07-09T20:14:00Z,93.1609,0.000000,0.000000,0.000000,above_band_high
2026-07-09T20:15:00Z,93.1380,0.000000,0.000000,0.000000,above_band_high
2026-07-09T20:16:00Z,93.1334,0.000000,0.000000,0.000000,above_band_high
2026-07-09T20:17:00Z,93.1044,0.000000,0.000000,0.000000,above_band_high
2026-07-09T20:18:00Z,93.1319,0.000000,0.000000,0.000000,above_band_high
2026-07-09T20:19:00Z,93.1197,0.000000,0.000000,0.000000,above_band_high
2026-07-09T20:20:00Z,93.0922,0.000000,0.000000,0.000000,above_band_high
2026-07-09T20:21:00Z,93.0877,0.000000,0.000000,0.000000,above_band_high
2026-07-09T20:22:00Z,93.0861,0.000000,0.000000,0.000000,above_band_high
2026-07-09T20:23:00Z,93.0632,0.000000,0.000000,0.000000,above_band_high
2026-07-09T20:24:00Z,93.0632,0.000000,0.000000,0.000000,above_band_high
2026-07-09T20:25:00Z,93.0266,0.000000,0.000000,0.000000,above_band_high
2026-07-09T20:26:00Z,93.0129,0.000000,0.000000,0.000000,above_band_high
2026-07-09T20:27:00Z,92.9915,0.000000,0.000000,0.000000,above_band_high
2026-07-09T20:28:00Z,92.9549,0.000000,0.000000,0.000000,above_band_high
2026-07-09T20:29:00Z,92.9320,0.000000,0.000000,0.000000,above_band_high
2026-07-09T20:30:00Z,92.8939,0.000000,0.000000,0.000000,above_band_high
2026-07-09T20:31:00Z,92.8801,0.000000,0.000000,0.000000,above_band_high
2026-07-09T20:32:00Z,92.8634,0.000000,0.000000,0.000000,above_band_high
2026-07-09T20:33:00Z,92.8542,0.000000,0.000000,0.000000,above_band_high
2026-07-09T20:34:00Z,92.8939,0.000000,0.000000,0.000000,above_band_high
2026-07-09T20:35:00Z,92.9091,0.000000,0.000000,0.000000,above_band_high
2026-07-09T20:36:00Z,92.8481,0.000000,0.000000,0.000000,above_band_high
2026-07-09T20:37:00Z,92.8939,0.000000,0.000000,0.000000,above_band_high
2026-07-09T20:38:00Z,92.8588,0.000000,0.000000,0.000000,above_band_high
2026-07-09T20:39:00Z,92.8527,0.000000,0.000000,0.000000,above_band_high
2026-07-09T20:40:00Z,92.8618,0.000000,0.000000,0.000000,above_band_high
2026-07-09T20:41:00Z,92.8985,0.000000,0.000000,0.000000,above_band_high
2026-07-09T20:42:00Z,92.9000,0.000000,0.000000,0.000000,above_band_high
2026-07-09T20:43:00Z,92.9137,0.000000,0.000000,0.000000,above_band_high
2026-07-09T20:44:00Z,92.9168,0.000000,0.000000,0.000000,above_band_high
2026-07-09T20:45:00Z,92.9549,0.000000,0.000000,0.000000,above_band_high
2026-07-09T20:46:00Z,92.9824,0.000000,0.000000,0.000000,above_band_high
2026-07-09T20:47:00Z,93.0144,0.000000,0.000000,0.000000,above_band_high
2026-07-09T20:48:00Z,92.9961,0.000000,0.000000,0.000000,above_band_high
2026-07-09T20:49:00Z,93.0510,0.000000,0.000000,0.000000,above_band_high
2026-07-09T20:50:00Z,93.0007,0.000000,0.000000,0.000000,above_band_high
2026-07-09T20:51:00Z,93.0556,0.000000,0.000000,0.000000,above_band_high
2026-07-09T20:52:00Z,93.0694,0.000000,0.000000,0.000000,above_band_high
2026-07-09T20:53:00Z,93.0831,0.000000,0.000000,0.000000,above_band_high
2026-07-09T20:54:00Z,93.1014,0.000000,0.000000,0.000000,above_band_high
2026-07-09T20:55:00Z,93.0831,0.000000,0.000000,0.000000,above_band_high
2026-07-09T20:56:00Z,93.1319,0.000000,0.000000,0.000000,above_band_high
2026-07-09T20:57:00Z,93.1594,0.000000,0.000000,0.000000,above_band_high
2026-07-09T20:58:00Z,93.1792,0.000000,0.000000,0.000000,above_band_high
2026-07-09T20:59:00Z,93.2021,0.000000,0.000000,0.000000,above_band_high
2026-07-09T21:00:00Z,93.2006,0.000000,0.000000,0.000000,above_band_high
2026-07-09T21:01:00Z,93.2067,0.000000,0.000000,0.000000,above_band_high
2026-07-09T21:02:00Z,93.2570,0.000000,0.000000,0.000000,above_band_high
2026-07-09T21:03:00Z,93.2845,0.000000,0.000000,0.000000,above_band_high
2026-07-09T21:04:00Z,93.2891,0.000000,0.000000,0.000000,above_band_high
2026-07-09T21:05:00Z,93.3059,0.000000,0.000000,0.000000,above_band_high
2026-07-09T21:06:00Z,93.2982,0.000000,0.000000,0.000000,above_band_high
2026-07-09T21:07:00Z,93.3288,0.000000,0.000000,0.000000,above_band_high
2026-07-09T21:08:00Z,93.2982,0.000000,0.000000,0.000000,above_band_high
2026-07-09T21:09:00Z,93.2876,0.000000,0.000000,0.000000,above_band_high
2026-07-09T21:10:00Z,93.2784,0.000000,0.000000,0.000000,above_band_high
2026-07-09T21:11:00Z,93.2784,0.000000,0.000000,0.000000,above_band_high
2026-07-09T21:12:00Z,93.2738,0.000000,0.000000,0.000000,above_band_high
2026-07-09T21:13:00Z,93.2662,0.000000,0.000000,0.000000,above_band_high
2026-07-09T21:14:00Z,93.2845,0.000000,0.000000,0.000000,above_band_high
2026-07-09T21:15:00Z,93.2799,0.000000,0.000000,0.000000,above_band_high
2026-07-09T21:16:00Z,93.2921,0.000000,0.000000,0.000000,above_band_high
2026-07-09T21:17:00Z,93.3242,0.000000,0.000000,0.000000,above_band_high
2026-07-09T21:18:00Z,93.3715,0.000000,0.000000,0.000000,above_band_high
2026-07-09T21:19:00Z,93.3242,0.000000,0.000000,0.000000,above_band_high
2026-07-09T21:20:00Z,93.3440,0.000000,0.000000,0.000000,above_band_high
2026-07-09T21:21:00Z,93.3715,0.000000,0.000000,0.000000,above_band_high
2026-07-09T21:22:00Z,93.3669,0.000000,0.000000,0.000000,above_band_high
2026-07-09T21:23:00Z,93.4127,0.000000,0.000000,0.000000,above_band_high
2026-07-09T21:24:00Z,93.4386,0.000000,0.000000,0.000000,above_band_high
2026-07-09T21:25:00Z,93.4020,0.000000,0.000000,0.000000,above_band_high
2026-07-09T21:26:00Z,93.4066,0.000000,0.000000,0.000000,above_band_high
2026-07-09T21:27:00Z,93.3745,0.000000,0.000000,0.000000,above_band_high
2026-07-09T21:28:00Z,93.3623,0.000000,0.000000,0.000000,above_band_high
2026-07-09T21:29:00Z,93.2937,0.000000,0.000000,0.000000,above_band_high
2026-07-09T21:30:00Z,93.2876,0.000000,0.000000,0.000000,above_band_high
2026-07-09T21:31:00Z,93.2418,0.000000,0.000000,0.000000,above_band_high
2026-07-09T21:32:00Z,93.2067,0.000000,0.000000,0.000000,above_band_high
2026-07-09T21:33:00Z,93.1960,0.000000,0.000000,0.000000,above_band_high
2026-07-09T21:34:00Z,93.2158,0.000000,0.000000,0.000000,above_band_high
2026-07-09T21:35:00Z,93.1823,0.000000,0.000000,0.000000,above_band_high
2026-07-09T21:36:00Z,93.1914,0.000000,0.000000,0.000000,above_band_high
2026-07-09T21:37:00Z,93.1609,0.000000,0.000000,0.000000,above_band_high
2026-07-09T21:38:00Z,93.1884,0.000000,0.000000,0.000000,above_band_high
2026-07-09T21:39:00Z,93.2204,0.000000,0.000000,0.000000,above_band_high
2026-07-09T21:40:00Z,93.1655,0.000000,0.000000,0.000000,above_band_high
2026-07-09T21:41:00Z,93.2052,0.000000,0.000000,0.000000,above_band_high
2026-07-09T21:42:00Z,93.2296,0.000000,0.000000,0.000000,above_band_high
2026-07-09T21:43:00Z,93.2280,0.000000,0.000000,0.000000,above_band_high
2026-07-09T21:44:00Z,93.2555,0.000000,0.000000,0.000000,above_band_high
2026-07-09T21:45:00Z,93.2555,0.000000,0.000000,0.000000,above_band_high
2026-07-09T21:46:00Z,93.2662,0.000000,0.000000,0.000000,above_band_high
2026-07-09T21:47:00Z,93.3013,0.000000,0.000000,0.000000,above_band_high
2026-07-09T21:48:00Z,93.3150,0.000000,0.000000,0.000000,above_band_high
2026-07-09T21:49:00Z,93.3059,0.000000,0.000000,0.000000,above_band_high
2026-07-09T21:50:00Z,93.3150,0.000000,0.000000,0.000000,above_band_high
2026-07-09T21:51:00Z,93.2830,0.000000,0.000000,0.000000,above_band_high
2026-07-09T21:52:00Z,93.3059,0.000000,0.000000,0.000000,above_band_high
2026-07-09T21:53:00Z,93.2876,0.000000,0.000000,0.000000,above_band_high
2026-07-09T21:54:00Z,93.2570,0.000000,0.000000,0.000000,above_band_high
2026-07-09T21:55:00Z,93.2753,0.000000,0.000000,0.000000,above_band_high
2026-07-09T21:56:00Z,93.2296,0.000000,0.000000,0.000000,above_band_high
2026-07-09T21:57:00Z,93.2158,0.000000,0.000000,0.000000,above_band_high
2026-07-09T21:58:00Z,93.2052,0.000000,0.000000,0.000000,above_band_high
2026-07-09T21:59:00Z,93.2326,0.000000,0.000000,0.000000,above_band_high
2026-07-09T22:00:00Z,93.2052,0.000000,0.000000,0.000000,above_band_high
2026-07-09T22:01:00Z,93.1792,0.000000,0.000000,0.000000,above_band_high
2026-07-09T22:02:00Z,93.2143,0.000000,0.000000,0.000000,above_band_high
2026-07-09T22:03:00Z,93.1975,0.000000,0.000000,0.000000,above_band_high
2026-07-09T22:04:00Z,93.2372,0.000000,0.000000,0.000000,above_band_high
2026-07-09T22:05:00Z,93.2280,0.000000,0.000000,0.000000,above_band_high
2026-07-09T22:06:00Z,93.2204,0.000000,0.000000,0.000000,above_band_high
2026-07-09T22:07:00Z,93.2525,0.000000,0.000000,0.000000,above_band_high
2026-07-09T22:08:00Z,93.2387,0.000000,0.000000,0.000000,above_band_high
2026-07-09T22:09:00Z,93.2326,0.000000,0.000000,0.000000,above_band_high
2026-07-09T22:10:00Z,93.2189,0.000000,0.000000,0.000000,above_band_high
2026-07-09T22:11:00Z,93.2204,0.000000,0.000000,0.000000,above_band_high
2026-07-09T22:12:00Z,93.2372,0.000000,0.000000,0.000000,above_band_high
2026-07-09T22:13:00Z,93.2555,0.000000,0.000000,0.000000,above_band_high
2026-07-09T22:14:00Z,93.2143,0.000000,0.000000,0.000000,above_band_high
2026-07-09T22:15:00Z,93.1868,0.000000,0.000000,0.000000,above_band_high
2026-07-09T22:16:00Z,93.2006,0.000000,0.000000,0.000000,above_band_high
2026-07-09T22:17:00Z,93.2113,0.000000,0.000000,0.000000,above_band_high
2026-07-09T22:18:00Z,93.1930,0.000000,0.000000,0.000000,above_band_high
2026-07-09T22:19:00Z,93.1868,0.000000,0.000000,0.000000,above_band_high
2026-07-09T22:20:00Z,93.1838,0.000000,0.000000,0.000000,above_band_high
2026-07-09T22:21:00Z,93.1792,0.000000,0.000000,0.000000,above_band_high
2026-07-09T22:22:00Z,93.1548,0.000000,0.000000,0.000000,above_band_high
2026-07-09T22:23:00Z,93.1151,0.000000,0.000000,0.000000,above_band_high
2026-07-09T22:24:00Z,93.1380,0.000000,0.000000,0.000000,above_band_high
2026-07-09T22:25:00Z,93.1151,0.000000,0.000000,0.000000,above_band_high
2026-07-09T22:26:00Z,93.1151,0.000000,0.000000,0.000000,above_band_high
2026-07-09T22:27:00Z,93.1090,0.000000,0.000000,0.000000,above_band_high
2026-07-09T22:28:00Z,93.0694,0.000000,0.000000,0.000000,above_band_high
2026-07-09T22:29:00Z,93.0175,0.000000,0.000000,0.000000,above_band_high
2026-07-09T22:30:00Z,93.0175,0.000000,0.000000,0.000000,above_band_high
2026-07-09T22:31:00Z,93.0358,0.000000,0.000000,0.000000,above_band_high
2026-07-09T22:32:00Z,93.0266,0.000000,0.000000,0.000000,above_band_high
2026-07-09T22:33:00Z,93.0465,0.000000,0.000000,0.000000,above_band_high
2026-07-09T22:34:00Z,92.9992,0.000000,0.000000,0.000000,above_band_high
2026-07-09T22:35:00Z,92.9870,0.000000,0.000000,0.000000,above_band_high
2026-07-09T22:36:00Z,92.9229,0.000000,0.000000,0.000000,above_band_high
2026-07-09T22:37:00Z,92.9534,0.000000,0.000000,0.000000,above_band_high
2026-07-09T22:38:00Z,92.9030,0.000000,0.000000,0.000000,above_band_high
2026-07-09T22:39:00Z,92.8985,0.000000,0.000000,0.000000,above_band_high
2026-07-09T22:40:00Z,92.9030,0.000000,0.000000,0.000000,above_band_high
2026-07-09T22:41:00Z,92.8588,0.000000,0.000000,0.000000,above_band_high
2026-07-09T22:42:00Z,92.8298,0.000000,0.000000,0.000000,above_band_high
2026-07-09T22:43:00Z,92.7977,0.000000,0.000000,0.000000,above_band_high
2026-07-09T22:44:00Z,92.8084,0.000000,0.000000,0.000000,above_band_high
2026-07-09T22:45:00Z,92.7657,0.000000,0.000000,0.000000,above_band_high
2026-07-09T22:46:00Z,92.7520,0.000000,0.000000,0.000000,above_band_high
2026-07-09T22:47:00Z,92.7306,0.000000,0.000000,0.000000,above_band_high
2026-07-09T22:48:00Z,92.7398,0.000000,0.000000,0.000000,above_band_high
2026-07-09T22:49:00Z,92.7291,0.000000,0.000000,0.000000,above_band_high
2026-07-09T22:50:00Z,92.6574,0.000000,0.000000,0.000000,above_band_high
2026-07-09T22:51:00Z,92.6421,0.000000,0.000000,0.000000,above_band_high
2026-07-09T22:52:00Z,92.6284,0.000000,0.000000,0.000000,above_band_high
2026-07-09T22:53:00Z,92.6192,0.000000,0.000000,0.000000,above_band_high
2026-07-09T22:54:00Z,92.6345,0.000000,0.000000,0.000000,above_band_high
2026-07-09T22:55:00Z,92.6024,0.000000,0.000000,0.000000,above_band_high
2026-07-09T22:56:00Z,92.5460,0.000000,0.000000,0.000000,above_band_high
2026-07-09T22:57:00Z,92.5002,0.000000,0.000000,0.000000,above_band_high
2026-07-09T22:58:00Z,92.5200,0.000000,0.000000,0.000000,above_band_high
2026-07-09T22:59:00Z,92.4956,0.000000,0.000000,0.000000,above_band_high
2026-07-09T23:00:00Z,92.4697,0.000000,0.000000,0.000000,above_band_high
2026-07-09T23:01:00Z,92.4407,0.000000,0.000000,0.000000,above_band_high
2026-07-09T23:02:00Z,92.4056,0.000000,0.000000,0.000000,above_band_high
2026-07-09T23:03:00Z,92.4056,0.000000,0.000000,0.000000,above_band_high
2026-07-09T23:04:00Z,92.3766,0.000000,0.000000,0.000000,above_band_high
2026-07-09T23:05:00Z,92.3674,0.000000,0.000000,0.000000,above_band_high
2026-07-09T23:06:00Z,92.3369,0.000000,0.000000,0.000000,above_band_high
2026-07-09T23:07:00Z,92.3766,0.000000,0.000000,0.000000,above_band_high
2026-07-09T23:08:00Z,92.3095,0.000000,0.000000,0.000000,above_band_high
2026-07-09T23:09:00Z,92.2667,0.000000,0.000000,0.000000,above_band_high
2026-07-09T23:10:00Z,92.3262,0.000000,0.000000,0.000000,above_band_high
2026-07-09T23:11:00Z,92.3125,0.000000,0.000000,0.000000,above_band_high
2026-07-09T23:12:00Z,92.3323,0.000000,0.000000,0.000000,above_band_high
2026-07-09T23:13:00Z,92.2728,0.000000,0.000000,0.000000,above_band_high
2026-07-09T23:14:00Z,92.2866,0.000000,0.000000,0.000000,above_band_high
2026-07-09T23:15:00Z,92.2866,0.000000,0.000000,0.000000,above_band_high
2026-07-09T23:16:00Z,92.2728,0.000000,0.000000,0.000000,above_band_high
2026-07-09T23:17:00Z,92.2484,0.000000,0.000000,0.000000,above_band_high
2026-07-09T23:18:00Z,92.2362,0.000000,0.000000,0.000000,above_band_high
2026-07-09T23:19:00Z,92.1996,0.000000,0.000000,0.000000,above_band_high
2026-07-09T23:20:00Z,92.2301,0.000000,0.000000,0.000000,above_band_high
2026-07-09T23:21:00Z,92.2347,0.000000,0.000000,0.000000,above_band_high
2026-07-09T23:22:00Z,92.2179,0.000000,0.000000,0.000000,above_band_high
2026-07-09T23:23:00Z,92.2164,0.000000,0.000000,0.000000,above_band_high
2026-07-09T23:24:00Z,92.2026,0.000000,0.000000,0.000000,above_band_high
2026-07-09T23:25:00Z,92.2408,0.000000,0.000000,0.000000,above_band_high
2026-07-09T23:26:00Z,92.2667,0.000000,0.000000,0.000000,above_band_high
2026-07-09T23:27:00Z,92.2713,0.000000,0.000000,0.000000,above_band_high
2026-07-09T23:28:00Z,92.2454,0.000000,0.000000,0.000000,above_band_high
2026-07-09T23:29:00Z,92.3217,0.000000,0.000000,0.000000,above_band_high
2026-07-09T23:30:00Z,92.3537,0.000000,0.000000,0.000000,above_band_high
2026-07-09T23:31:00Z,92.3491,0.000000,0.000000,0.000000,above_band_high
2026-07-09T23:32:00Z,92.3857,0.000000,0.000000,0.000000,above_band_high
2026-07-09T23:33:00Z,92.4453,0.000000,0.000000,0.000000,above_band_high
2026-07-09T23:34:00Z,92.4590,0.000000,0.000000,0.000000,above_band_high
2026-07-09T23:35:00Z,92.5139,0.000000,0.000000,0.000000,above_band_high
2026-07-09T23:36:00Z,92.5826,0.000000,0.000000,0.000000,above_band_high
2026-07-09T23:37:00Z,92.5734,0.000000,0.000000,0.000000,above_band_high
2026-07-09T23:38:00Z,92.5750,0.000000,0.000000,0.000000,above_band_high
2026-07-09T23:39:00Z,92.6207,0.000000,0.000000,0.000000,above_band_high
2026-07-09T23:40:00Z,92.6146,0.000000,0.000000,0.000000,above_band_high
2026-07-09T23:41:00Z,92.6574,0.000000,0.000000,0.000000,above_band_high
2026-07-09T23:42:00Z,92.6833,0.000000,0.000000,0.000000,above_band_high
2026-07-09T23:43:00Z,92.7337,0.000000,0.000000,0.000000,above_band_high
2026-07-09T23:44:00Z,92.7382,0.000000,0.000000,0.000000,above_band_high
2026-07-09T23:45:00Z,92.7947,0.000000,0.000000,0.000000,above_band_high
2026-07-09T23:46:00Z,92.7703,0.000000,0.000000,0.000000,above_band_high
2026-07-09T23:47:00Z,92.8298,0.000000,0.000000,0.000000,above_band_high
2026-07-09T23:48:00Z,92.8344,0.000000,0.000000,0.000000,above_band_high
2026-07-09T23:49:00Z,92.8679,0.000000,0.000000,0.000000,above_band_high
2026-07-09T23:50:00Z,92.8862,0.000000,0.000000,0.000000,above_band_high
2026-07-09T23:51:00Z,92.9259,0.000000,0.000000,0.000000,above_band_high
2026-07-09T23:52:00Z,92.9091,0.000000,0.000000,0.000000,above_band_high
2026-07-09T23:53:00Z,92.9320,0.000000,0.000000,0.000000,above_band_high
2026-07-09T23:54:00Z,92.9274,0.000000,0.000000,0.000000,above_band_high
2026-07-09T23:55:00Z,92.9366,0.000000,0.000000,0.000000,above_band_high
2026-07-09T23:56:00Z,92.9442,0.000000,0.000000,0.000000,above_band_high
2026-07-09T23:57:00Z,92.9442,0.000000,0.000000,0.000000,above_band_high
2026-07-09T23:58:00Z,92.9442,0.000000,0.000000,0.000000,above_band_high
2026-07-09T23:59:00Z,92.9442,0.000000,0.000000,0.000000,above_band_high
2026-07-10T00:00:00Z,92.9366,0.000000,0.000000,0.000000,above_band_high
2026-07-10T00:01:00Z,92.9366,0.000000,0.000000,0.000000,above_band_high
2026-07-10T00:02:00Z,92.9366,0.000000,0.000000,0.000000,above_band_high
2026-07-10T00:03:00Z,92.9625,0.000000,0.000000,0.000000,above_band_high
2026-07-10T00:04:00Z,92.9351,0.000000,0.000000,0.000000,above_band_high
2026-07-10T00:05:00Z,92.9458,0.000000,0.000000,0.000000,above_band_high
2026-07-10T00:06:00Z,92.8954,0.000000,0.000000,0.000000,above_band_high
2026-07-10T00:07:00Z,92.8847,0.000000,0.000000,0.000000,above_band_high
2026-07-10T00:08:00Z,92.7947,0.000000,0.000000,0.000000,above_band_high
2026-07-10T00:09:00Z,92.7947,0.000000,0.000000,0.000000,above_band_high
2026-07-10T00:10:00Z,92.7703,0.000000,0.000000,0.000000,above_band_high
2026-07-10T00:11:00Z,92.6879,0.000000,0.000000,0.000000,above_band_high
2026-07-10T00:12:00Z,92.6253,0.000000,0.000000,0.000000,above_band_high
2026-07-10T00:13:00Z,92.5414,0.000000,0.000000,0.000000,above_band_high
2026-07-10T00:14:00Z,92.4926,0.000000,0.000000,0.000000,above_band_high
2026-07-10T00:15:00Z,92.4056,0.000000,0.000000,0.000000,above_band_high
2026-07-10T00:16:00Z,92.3461,0.000000,0.000000,0.000000,above_band_high
2026-07-10T00:17:00Z,92.2820,0.000000,0.000000,0.000000,above_band_high
2026-07-10T00:18:00Z,92.2271,0.000000,0.000000,0.000000,above_band_high
2026-07-10T00:19:00Z,92.1706,0.000000,0.000000,0.000000,above_band_high
2026-07-10T00:20:00Z,92.1294,0.000000,0.000000,0.000000,above_band_high
2026-07-10T00:21:00Z,92.0607,0.000000,0.000000,0.000000,above_band_high
2026-07-10T00:22:00Z,91.9982,0.000000,0.000000,0.000000,above_band_high
2026-07-10T00:23:00Z,91.9295,0.000000,0.000000,0.000000,above_band_high
2026-07-10T00:24:00Z,91.8929,0.000000,0.000000,0.000000,above_band_high
2026-07-10T00:25:00Z,91.8013,0.000000,0.000000,0.000000,above_band_high
2026-07-10T00:26:00Z,91.6442,0.000000,0.000000,0.000000,above_band_high
2026-07-10T00:27:29Z,91.4977,0.000000,0.008761,0.008761,in_band
2026-07-10T00:27:45Z,91.5343,0.000617,0.000000,-0.000617,above_band_high
2026-07-10T00:29:25Z,91.3848,0.001455,0.001366,-0.000090,in_band
2026-07-10T00:29:59Z,91.3527,0.000830,0.000778,-0.000051,in_band
2026-07-10T00:30:00Z,91.3527,0.000816,0.000766,-0.000050,in_band
2026-07-10T00:30:59Z,91.3069,0.000308,0.000289,-0.000019,in_band
2026-07-10T00:31:00Z,91.3069,0.000303,0.000284,-0.000019,in_band
2026-07-10T00:31:59Z,91.2749,0.000114,0.000107,-0.000007,in_band
2026-07-10T00:32:00Z,91.2749,0.000112,0.000105,-0.000007,in_band
2026-07-10T00:32:59Z,91.2734,0.000042,0.000040,-0.000003,in_band
2026-07-10T00:33:00Z,91.2734,0.000042,0.000039,-0.000003,in_band
2026-07-10T00:33:59Z,91.2734,0.000016,0.000015,-0.000001,in_band
2026-07-10T00:34:00Z,91.2734,0.000015,0.000014,-0.000001,in_band
2026-07-10T00:34:59Z,91.3069,0.000006,0.000005,-0.000000,in_band
2026-07-10T00:35:00Z,91.3069,0.000006,0.000005,-0.000000,in_band
2026-07-10T00:35:59Z,91.3329,0.000002,0.000002,-0.000000,in_band
2026-07-10T00:36:00Z,91.3329,0.000002,0.000002,-0.000000,in_band
2026-07-10T00:36:59Z,91.4061,0.000001,0.000001,-0.000000,in_band
2026-07-10T00:37:00Z,91.4061,0.000001,0.000001,-0.000000,in_band
2026-07-10T00:37:59Z,91.4260,0.000000,0.000000,-0.000000,in_band
2026-07-10T00:38:00Z,91.4260,0.000000,0.000000,-0.000000,in_band
2026-07-10T00:38:59Z,91.4473,0.000000,0.000000,-0.000000,in_band
2026-07-10T00:39:17Z,91.5206,0.000000,0.000000,-0.000000,above_band_high
2026-07-10T00:39:35Z,91.4931,0.000000,0.000074,0.000074,in_band
2026-07-10T00:41:13Z,91.5679,0.000000,0.000000,0.000000,above_band_high
2026-07-10T00:42:00Z,91.6091,0.000000,0.000000,0.000000,above_band_high
2026-07-10T00:43:00Z,91.6228,0.000000,0.000000,0.000000,above_band_high
2026-07-10T00:44:00Z,91.6442,0.000000,0.000000,0.000000,above_band_high
2026-07-10T00:45:00Z,91.6350,0.000000,0.000000,0.000000,above_band_high
2026-07-10T00:46:00Z,91.6274,0.000000,0.000000,0.000000,above_band_high
2026-07-10T00:47:00Z,91.6686,0.000000,0.000000,0.000000,above_band_high
2026-07-10T00:48:00Z,91.6533,0.000000,0.000000,0.000000,above_band_high
2026-07-10T00:49:00Z,91.6228,0.000000,0.000000,0.000000,above_band_high
2026-07-10T00:50:00Z,91.6579,0.000000,0.000000,0.000000,above_band_high
2026-07-10T00:51:00Z,91.6716,0.000000,0.000000,0.000000,above_band_high
2026-07-10T00:52:00Z,91.6854,0.000000,0.000000,0.000000,above_band_high
2026-07-10T00:53:00Z,91.6594,0.000000,0.000000,0.000000,above_band_high
2026-07-10T00:54:00Z,91.6991,0.000000,0.000000,0.000000,above_band_high
2026-07-10T00:55:00Z,91.7540,0.000000,0.000000,0.000000,above_band_high
2026-07-10T00:56:00Z,91.7632,0.000000,0.000000,0.000000,above_band_high
2026-07-10T00:57:00Z,91.7861,0.000000,0.000000,0.000000,above_band_high
2026-07-10T00:58:00Z,91.8273,0.000000,0.000000,0.000000,above_band_high
2026-07-10T00:59:00Z,91.8151,0.000000,0.000000,0.000000,above_band_high
2026-07-10T01:00:00Z,91.8700,0.000000,0.000000,0.000000,above_band_high
2026-07-10T01:01:00Z,91.8563,0.000000,0.000000,0.000000,above_band_high
2026-07-10T01:02:00Z,91.8410,0.000000,0.000000,0.000000,above_band_high
2026-07-10T01:03:00Z,91.8608,0.000000,0.000000,0.000000,above_band_high
2026-07-10T01:04:00Z,91.8013,0.000000,0.000000,0.000000,above_band_high
2026-07-10T01:05:00Z,91.8090,0.000000,0.000000,0.000000,above_band_high
2026-07-10T01:06:00Z,91.7967,0.000000,0.000000,0.000000,above_band_high
2026-07-10T01:07:00Z,91.8090,0.000000,0.000000,0.000000,above_band_high
2026-07-10T01:08:00Z,91.8044,0.000000,0.000000,0.000000,above_band_high
2026-07-10T01:09:00Z,91.8151,0.000000,0.000000,0.000000,above_band_high
2026-07-10T01:10:00Z,91.8288,0.000000,0.000000,0.000000,above_band_high
2026-07-10T01:11:00Z,91.8273,0.000000,0.000000,0.000000,above_band_high
2026-07-10T01:12:00Z,91.8791,0.000000,0.000000,0.000000,above_band_high
2026-07-10T01:13:00Z,91.8776,0.000000,0.000000,0.000000,above_band_high
2026-07-10T01:14:00Z,91.8776,0.000000,0.000000,0.000000,above_band_high
2026-07-10T01:15:00Z,91.8593,0.000000,0.000000,0.000000,above_band_high
2026-07-10T01:16:00Z,91.8425,0.000000,0.000000,0.000000,above_band_high
2026-07-10T01:17:00Z,91.8425,0.000000,0.000000,0.000000,above_band_high
2026-07-10T01:18:00Z,91.8196,0.000000,0.000000,0.000000,above_band_high
2026-07-10T01:19:00Z,91.7861,0.000000,0.000000,0.000000,above_band_high
2026-07-10T01:20:00Z,91.7906,0.000000,0.000000,0.000000,above_band_high
2026-07-10T01:21:00Z,91.7266,0.000000,0.000000,0.000000,above_band_high
2026-07-10T01:22:00Z,91.7220,0.000000,0.000000,0.000000,above_band_high
2026-07-10T01:23:00Z,91.6762,0.000000,0.000000,0.000000,above_band_high
2026-07-10T01:24:00Z,91.6213,0.000000,0.000000,0.000000,above_band_high
2026-07-10T01:25:00Z,91.5663,0.000000,0.000000,0.000000,above_band_high
2026-07-10T01:26:00Z,91.5587,0.000000,0.000000,0.000000,above_band_high
2026-07-10T01:27:00Z,91.5633,0.000000,0.000000,0.000000,above_band_high
2026-07-10T01:28:00Z,91.5984,0.000000,0.000000,0.000000,above_band_high
2026-07-10T01:29:45Z,91.4977,0.000000,0.003940,0.003940,in_band
2026-07-10T01:29:47Z,91.5038,0.002387,0.002204,-0.000183,above_band_high
2026-07-10T01:31:19Z,91.3527,0.000877,0.000842,-0.000035,in_band
2026-07-10T01:31:59Z,91.2657,0.000453,0.000435,-0.000018,in_band
2026-07-10T01:32:00Z,91.2657,0.000445,0.000427,-0.000018,in_band
2026-07-10T01:32:59Z,91.1818,0.000168,0.000161,-0.000007,in_band
2026-07-10T01:33:00Z,91.1818,0.000165,0.000159,-0.000007,in_band
2026-07-10T01:33:59Z,91.0231,0.000062,0.000060,-0.000002,in_band
2026-07-10T01:34:00Z,91.0231,0.000061,0.000059,-0.000002,in_band
2026-07-10T01:34:59Z,91.0277,0.000023,0.000022,-0.000001,in_band
2026-07-10T01:35:00Z,91.0277,0.000023,0.000022,-0.000001,in_band
2026-07-10T01:35:59Z,90.9392,0.000009,0.000008,-0.000000,in_band
2026-07-10T01:36:00Z,90.9392,0.000008,0.000008,-0.000000,in_band
2026-07-10T01:36:59Z,90.8904,0.000003,0.000003,-0.000000,in_band
2026-07-10T01:37:00Z,90.8904,0.000003,0.000003,-0.000000,in_band
2026-07-10T01:37:59Z,90.8812,0.000001,0.000001,-0.000000,in_band
2026-07-10T01:38:00Z,90.8812,0.000001,0.000001,-0.000000,in_band
2026-07-10T01:38:59Z,90.8476,0.000000,0.000000,-0.000000,in_band
2026-07-10T01:39:00Z,90.8476,0.000000,0.000000,-0.000000,in_band
2026-07-10T01:39:59Z,90.8385,0.000000,0.000000,-0.000000,in_band
2026-07-10T01:40:00Z,90.8385,0.000000,0.000000,-0.000000,in_band
2026-07-10T01:40:59Z,90.9178,0.000000,0.000000,-0.000000,in_band
2026-07-10T01:41:00Z,90.9178,0.000000,0.000000,-0.000000,in_band
2026-07-10T01:41:59Z,90.9483,0.000000,0.000000,-0.000000,in_band
2026-07-10T01:42:00Z,90.9483,0.000000,0.000000,-0.000000,in_band
2026-07-10T01:42:59Z,90.9255,0.000000,0.000000,-0.000000,in_band
2026-07-10T01:43:00Z,90.9255,0.000000,0.000000,-0.000000,in_band
2026-07-10T01:43:59Z,90.8980,0.000000,0.000000,-0.000000,in_band
2026-07-10T01:44:00Z,90.8980,0.000000,0.000000,-0.000000,in_band
2026-07-10T01:44:59Z,90.8522,0.000000,0.000000,-0.000000,in_band
2026-07-10T01:45:00Z,90.8522,0.000000,0.000000,-0.000000,in_band
2026-07-10T01:45:59Z,90.8476,0.000000,0.000000,-0.000000,in_band
2026-07-10T01:46:00Z,90.8476,0.000000,0.000000,-0.000000,in_band
2026-07-10T01:46:59Z,90.7942,0.000000,0.000000,-0.000000,in_band
2026-07-10T01:47:00Z,90.7942,0.000000,0.000000,-0.000000,in_band
2026-07-10T01:47:59Z,90.7393,0.000000,0.000000,-0.000000,in_band
2026-07-10T01:48:00Z,90.7393,0.000000,0.000000,-0.000000,in_band
2026-07-10T01:48:59Z,90.7485,0.000000,0.000000,-0.000000,in_band
2026-07-10T01:49:00Z,90.7485,0.000000,0.000000,-0.000000,in_band
2026-07-10T01:49:59Z,90.7744,0.000000,0.000000,-0.000000,in_band
2026-07-10T01:50:00Z,90.7744,0.000000,0.000000,-0.000000,in_band
2026-07-10T01:50:59Z,90.7881,0.000000,0.000000,-0.000000,in_band
2026-07-10T01:51:00Z,90.7881,0.000000,0.000000,-0.000000,in_band
2026-07-10T01:51:59Z,90.7836,0.000000,0.000000,-0.000000,in_band
2026-07-10T01:52:00Z,90.7836,0.000000,0.000000,-0.000000,in_band
2026-07-10T01:52:59Z,90.7332,0.000000,0.000000,-0.000000,in_band
2026-07-10T01:53:00Z,90.7332,0.000000,0.000000,-0.000000,in_band
2026-07-10T01:53:59Z,90.7790,0.000000,0.000000,-0.000000,in_band
2026-07-10T01:54:00Z,90.7790,0.000000,0.000000,-0.000000,in_band
2026-07-10T01:54:59Z,90.7713,0.000000,0.000000,-0.000000,in_band
2026-07-10T01:55:00Z,90.7713,0.000000,0.000000,-0.000000,in_band
2026-07-10T01:55:59Z,90.8019,0.000000,0.000000,-0.000000,in_band
2026-07-10T01:56:00Z,90.8019,0.000000,0.000000,-0.000000,in_band
2026-07-10T01:56:59Z,90.8202,0.000000,0.000000,-0.000000,in_band
2026-07-10T01:57:00Z,90.8202,0.000000,0.000000,-0.000000,in_band
2026-07-10T01:57:59Z,90.7836,0.000000,0.000000,-0.000000,in_band
2026-07-10T01:58:00Z,90.7836,0.000000,0.000000,-0.000000,in_band
2026-07-10T01:58:59Z,90.7759,0.000000,0.000000,-0.000000,in_band
2026-07-10T01:59:00Z,90.7759,0.000000,0.000000,-0.000000,in_band
2026-07-10T01:59:59Z,90.7652,0.000000,0.000000,-0.000000,in_band
2026-07-10T02:00:00Z,90.7652,0.000000,0.000000,-0.000000,in_band
2026-07-10T02:00:59Z,90.7301,0.000000,0.000000,-0.000000,in_band
2026-07-10T02:01:00Z,90.7301,0.000000,0.000000,-0.000000,in_band
2026-07-10T02:01:59Z,90.6691,0.000000,0.000000,-0.000000,in_band
2026-07-10T02:02:00Z,90.6691,0.000000,0.000000,-0.000000,in_band
2026-07-10T02:02:59Z,90.6371,0.000000,0.000000,-0.000000,in_band
2026-07-10T02:03:00Z,90.6371,0.000000,0.000000,-0.000000,in_band
2026-07-10T02:03:59Z,90.6477,0.000000,0.000000,-0.000000,in_band
2026-07-10T02:04:00Z,90.6477,0.000000,0.000000,-0.000000,in_band
2026-07-10T02:04:59Z,90.6233,0.000000,0.000000,-0.000000,in_band
2026-07-10T02:05:00Z,90.6233,0.000000,0.000000,-0.000000,in_band
2026-07-10T02:05:59Z,90.5867,0.000000,0.000000,-0.000000,in_band
2026-07-10T02:06:00Z,90.5867,0.000000,0.000000,-0.000000,in_band
2026-07-10T02:06:59Z,90.5974,0.000000,0.000000,-0.000000,in_band
2026-07-10T02:07:00Z,90.5974,0.000000,0.000000,-0.000000,in_band
2026-07-10T02:07:59Z,90.5684,0.000000,0.000000,-0.000000,in_band
2026-07-10T02:08:00Z,90.5684,0.000000,0.000000,-0.000000,in_band
2026-07-10T02:08:59Z,90.5272,0.000000,0.000000,-0.000000,in_band
2026-07-10T02:09:00Z,90.5272,0.000000,0.000000,-0.000000,in_band
2026-07-10T02:09:59Z,90.4784,0.000000,0.000000,-0.000000,in_band
2026-07-10T02:10:00Z,90.4784,0.000000,0.000000,-0.000000,in_band
2026-07-10T02:10:59Z,90.5043,0.000000,0.000000,-0.000000,in_band
2026-07-10T02:11:00Z,90.5043,0.000000,0.000000,-0.000000,in_band
2026-07-10T02:11:59Z,90.6111,0.000000,0.000000,-0.000000,in_band
2026-07-10T02:12:00Z,90.6111,0.000000,0.000000,-0.000000,in_band
2026-07-10T02:12:59Z,90.6096,0.000000,0.000000,-0.000000,in_band
2026-07-10T02:13:00Z,90.6096,0.000000,0.000000,-0.000000,in_band
2026-07-10T02:13:59Z,90.6554,0.000000,0.000000,-0.000000,in_band
2026-07-10T02:14:00Z,90.6554,0.000000,0.000000,-0.000000,in_band
2026-07-10T02:14:59Z,90.6477,0.000000,0.000000,-0.000000,in_band
2026-07-10T02:15:00Z,90.6477,0.000000,0.000000,-0.000000,in_band
2026-07-10T02:15:59Z,90.6615,0.000000,0.000000,-0.000000,in_band
2026-07-10T02:16:00Z,90.6615,0.000000,0.000000,-0.000000,in_band
2026-07-10T02:16:59Z,90.6569,0.000000,0.000000,-0.000000,in_band
2026-07-10T02:17:00Z,90.6569,0.000000,0.000000,-0.000000,in_band
2026-07-10T02:17:59Z,90.6661,0.000000,0.000000,-0.000000,in_band
2026-07-10T02:18:00Z,90.6661,0.000000,0.000000,-0.000000,in_band
2026-07-10T02:18:59Z,90.6340,0.000000,0.000000,-0.000000,in_band
2026-07-10T02:19:00Z,90.6340,0.000000,0.000000,-0.000000,in_band
2026-07-10T02:19:59Z,90.6233,0.000000,0.000000,-0.000000,in_band
2026-07-10T02:20:00Z,90.6233,0.000000,0.000000,-0.000000,in_band
2026-07-10T02:20:59Z,90.6477,0.000000,0.000000,-0.000000,in_band
2026-07-10T02:21:00Z,90.6477,0.000000,0.000000,-0.000000,in_band
2026-07-10T02:21:59Z,90.6371,0.000000,0.000000,-0.000000,in_band
2026-07-10T02:22:00Z,90.6371,0.000000,0.000000,-0.000000,in_band
2026-07-10T02:22:59Z,90.6554,0.000000,0.000000,-0.000000,in_band
2026-07-10T02:23:00Z,90.6554,0.000000,0.000000,-0.000000,in_band
2026-07-10T02:23:59Z,90.6371,0.000000,0.000000,-0.000000,in_band
2026-07-10T02:24:00Z,90.6371,0.000000,0.000000,-0.000000,in_band
2026-07-10T02:24:59Z,90.5837,0.000000,0.000000,-0.000000,in_band
2026-07-10T02:25:00Z,90.5837,0.000000,0.000000,-0.000000,in_band
2026-07-10T02:25:59Z,90.6020,0.000000,0.000000,-0.000000,in_band
2026-07-10T02:26:00Z,90.6020,0.000000,0.000000,-0.000000,in_band
2026-07-10T02:26:59Z,90.6142,0.000000,0.000000,-0.000000,in_band
2026-07-10T02:27:00Z,90.6142,0.000000,0.000000,-0.000000,in_band
2026-07-10T02:27:59Z,90.6279,0.000000,0.000000,-0.000000,in_band
2026-07-10T02:28:00Z,90.6279,0.000000,0.000000,-0.000000,in_band
2026-07-10T02:28:59Z,90.6752,0.000000,0.000000,-0.000000,in_band
2026-07-10T02:29:00Z,90.6752,0.000000,0.000000,-0.000000,in_band
2026-07-10T02:29:59Z,90.6981,0.000000,0.000000,-0.000000,in_band
2026-07-10T02:30:00Z,90.6981,0.000000,0.000000,-0.000000,in_band
2026-07-10T02:30:59Z,90.7622,0.000000,0.000000,-0.000000,in_band
2026-07-10T02:31:00Z,90.7622,0.000000,0.000000,-0.000000,in_band
2026-07-10T02:31:59Z,90.7469,0.000000,0.000000,-0.000000,in_band
2026-07-10T02:32:00Z,90.7469,0.000000,0.000000,-0.000000,in_band
2026-07-10T02:32:59Z,90.7347,0.000000,0.000000,-0.000000,in_band
2026-07-10T02:33:00Z,90.7347,0.000000,0.000000,-0.000000,in_band
2026-07-10T02:33:59Z,90.6935,0.000000,0.000000,-0.000000,in_band
2026-07-10T02:34:00Z,90.6935,0.000000,0.000000,-0.000000,in_band
2026-07-10T02:34:59Z,90.6600,0.000000,0.000000,-0.000000,in_band
2026-07-10T02:35:00Z,90.6600,0.000000,0.000000,-0.000000,in_band
2026-07-10T02:35:59Z,90.5425,0.000000,0.000000,-0.000000,in_band
2026-07-10T02:36:00Z,90.5425,0.000000,0.000000,-0.000000,in_band
2026-07-10T02:36:59Z,90.5104,0.000000,0.000000,-0.000000,in_band
2026-07-10T02:37:00Z,90.5104,0.000000,0.000000,-0.000000,in_band
2026-07-10T02:37:59Z,90.4860,0.000000,0.000000,-0.000000,in_band
2026-07-10T02:38:00Z,90.4860,0.000000,0.000000,-0.000000,in_band
2026-07-10T02:38:59Z,90.4356,0.000000,0.000000,-0.000000,in_band
2026-07-10T02:39:00Z,90.4356,0.000000,0.000000,-0.000000,in_band
2026-07-10T02:39:59Z,90.4509,0.000000,0.000000,-0.000000,in_band
2026-07-10T02:40:00Z,90.4509,0.000000,0.000000,-0.000000,in_band
2026-07-10T02:40:59Z,90.4448,0.000000,0.000000,-0.000000,in_band
2026-07-10T02:41:00Z,90.4448,0.000000,0.000000,-0.000000,in_band
2026-07-10T02:41:59Z,90.4723,0.000000,0.000000,-0.000000,in_band
2026-07-10T02:42:00Z,90.4723,0.000000,0.000000,-0.000000,in_band
2026-07-10T02:42:59Z,90.5104,0.000000,0.000000,-0.000000,in_band
2026-07-10T02:43:00Z,90.5104,0.000000,0.000000,-0.000000,in_band
2026-07-10T02:43:59Z,90.5745,0.000000,0.000000,-0.000000,in_band
2026-07-10T02:44:00Z,90.5745,0.000000,0.000000,-0.000000,in_band
2026-07-10T02:44:59Z,90.6508,0.000000,0.000000,-0.000000,in_band
2026-07-10T02:45:00Z,90.6508,0.000000,0.000000,-0.000000,in_band
2026-07-10T02:45:59Z,90.6752,0.000000,0.000000,-0.000000,in_band
2026-07-10T02:46:00Z,90.6752,0.000000,0.000000,-0.000000,in_band
2026-07-10T02:46:59Z,90.6889,0.000000,0.000000,-0.000000,in_band
2026-07-10T02:47:00Z,90.6889,0.000000,0.000000,-0.000000,in_band
2026-07-10T02:47:59Z,90.7668,0.000000,0.000000,-0.000000,in_band
2026-07-10T02:48:00Z,90.7668,0.000000,0.000000,-0.000000,in_band
2026-07-10T02:48:59Z,90.7652,0.000000,0.000000,-0.000000,in_band
2026-07-10T02:49:00Z,90.7652,0.000000,0.000000,-0.000000,in_band
2026-07-10T02:49:59Z,90.8064,0.000000,0.000000,-0.000000,in_band
2026-07-10T02:50:00Z,90.8064,0.000000,0.000000,-0.000000,in_band
2026-07-10T02:50:59Z,90.8431,0.000000,0.000000,-0.000000,in_band
2026-07-10T02:51:00Z,90.8431,0.000000,0.000000,-0.000000,in_band
2026-07-10T02:51:59Z,90.8476,0.000000,0.000000,-0.000000,in_band
2026-07-10T02:52:00Z,90.8476,0.000000,0.000000,-0.000000,in_band
2026-07-10T02:52:59Z,90.8537,0.000000,0.000000,-0.000000,in_band
2026-07-10T02:53:00Z,90.8537,0.000000,0.000000,-0.000000,in_band
2026-07-10T02:53:59Z,90.9133,0.000000,0.000000,-0.000000,in_band
2026-07-10T02:54:00Z,90.9133,0.000000,0.000000,-0.000000,in_band
2026-07-10T02:54:59Z,90.9804,0.000000,0.000000,-0.000000,in_band
2026-07-10T02:55:00Z,90.9804,0.000000,0.000000,-0.000000,in_band
2026-07-10T02:55:59Z,90.9758,0.000000,0.000000,-0.000000,in_band
2026-07-10T02:56:00Z,90.9758,0.000000,0.000000,-0.000000,in_band
2026-07-10T02:56:59Z,90.9621,0.000000,0.000000,-0.000000,in_band
2026-07-10T02:57:00Z,90.9621,0.000000,0.000000,-0.000000,in_band
2026-07-10T02:57:59Z,90.9819,0.000000,0.000000,-0.000000,in_band
2026-07-10T02:58:00Z,90.9819,0.000000,0.000000,-0.000000,in_band
2026-07-10T02:58:59Z,91.0170,0.000000,0.000000,-0.000000,in_band
2026-07-10T02:59:00Z,91.0170,0.000000,0.000000,-0.000000,in_band
2026-07-10T02:59:59Z,91.0124,0.000000,0.000000,-0.000000,in_band
2026-07-10T03:00:00Z,91.0124,0.000000,0.000000,-0.000000,in_band
2026-07-10T03:00:59Z,91.0124,0.000000,0.000000,-0.000000,in_band
2026-07-10T03:01:00Z,91.0124,0.000000,0.000000,-0.000000,in_band
2026-07-10T03:01:59Z,91.0048,0.000000,0.000000,-0.000000,in_band
2026-07-10T03:02:00Z,91.0048,0.000000,0.000000,-0.000000,in_band
2026-07-10T03:02:59Z,91.0033,0.000000,0.000000,-0.000000,in_band
2026-07-10T03:03:00Z,91.0033,0.000000,0.000000,-0.000000,in_band
2026-07-10T03:03:59Z,90.9865,0.000000,0.000000,-0.000000,in_band
2026-07-10T03:04:03Z,90.9941,0.000000,0.000000,-0.000000,in_band
2026-07-10T03:04:59Z,90.9087,0.000000,0.000000,-0.000000,in_band
2026-07-10T03:05:03Z,90.9300,0.000000,0.000000,-0.000000,in_band
2026-07-10T03:05:54Z,90.9255,0.000000,0.000000,-0.000000,in_band
2026-07-10T03:06:05Z,90.9300,0.000000,0.000000,-0.000000,in_band
2026-07-10T03:06:51Z,90.9346,0.000000,0.000000,0.000000,in_band
2026-07-10T03:07:05Z,90.9483,0.000000,0.000000,-0.000000,in_band
2026-07-10T03:07:57Z,90.9850,0.000000,0.000000,0.000000,in_band
2026-07-10T03:08:00Z,91.0094,0.000000,0.000000,0.000000,in_band
2026-07-10T03:08:59Z,90.9987,0.000000,0.000000,-0.000000,in_band
2026-07-10T03:09:03Z,90.9850,0.000000,0.000000,-0.000000,in_band
2026-07-10T03:09:04Z,90.9850,0.000000,0.000000,0.000000,in_band
2026-07-10T03:10:00Z,90.9346,0.000000,0.000000,0.000000,in_band
2026-07-10T03:10:59Z,90.9667,0.000000,0.000000,0.000000,in_band
2026-07-10T03:11:00Z,90.9667,0.000000,0.000000,0.000000,in_band
2026-07-10T03:11:59Z,90.9957,0.000000,0.000000,0.000000,in_band
2026-07-10T03:12:00Z,90.9957,0.000000,0.000000,0.000000,in_band
2026-07-10T03:12:59Z,91.0231,0.000000,0.000000,0.000000,in_band
2026-07-10T03:13:00Z,91.0231,0.000000,0.000000,0.000000,in_band
2026-07-10T03:13:59Z,91.0369,0.000000,0.000000,0.000000,in_band
2026-07-10T03:14:00Z,91.0369,0.000000,0.000000,0.000000,in_band
2026-07-10T03:14:59Z,91.1055,0.000000,0.000000,0.000000,in_band
2026-07-10T03:15:00Z,91.1055,0.000000,0.000000,0.000000,in_band
2026-07-10T03:15:59Z,91.0780,0.000000,0.000000,0.000000,in_band
2026-07-10T03:16:00Z,91.0780,0.000000,0.000000,0.000000,in_band
2026-07-10T03:16:59Z,91.0857,0.000000,0.000000,0.000000,in_band
2026-07-10T03:17:00Z,91.0857,0.000000,0.000000,0.000000,in_band
2026-07-10T03:17:59Z,91.0628,0.000000,0.000000,0.000000,in_band
2026-07-10T03:18:00Z,91.0628,0.000000,0.000000,0.000000,in_band
2026-07-10T03:18:59Z,91.1330,0.000000,0.000000,0.000000,in_band
2026-07-10T03:19:00Z,91.1330,0.000000,0.000000,0.000000,in_band
2026-07-10T03:19:59Z,91.0918,0.000000,0.000000,0.000000,in_band
2026-07-10T03:20:00Z,91.0918,0.000000,0.000000,0.000000,in_band
2026-07-10T03:20:59Z,91.0719,0.000000,0.000000,0.000000,in_band
2026-07-10T03:21:00Z,91.0719,0.000000,0.000000,0.000000,in_band
2026-07-10T03:21:59Z,91.0964,0.000000,0.000000,0.000000,in_band
2026-07-10T03:22:00Z,91.0964,0.000000,0.000000,0.000000,in_band
2026-07-10T03:22:59Z,91.0597,0.000000,0.000000,0.000000,in_band
2026-07-10T03:23:00Z,91.0597,0.000000,0.000000,0.000000,in_band
2026-07-10T03:23:59Z,91.1040,0.000000,0.000000,0.000000,in_band
2026-07-10T03:24:00Z,91.1040,0.000000,0.000000,0.000000,in_band
2026-07-10T03:24:59Z,91.1040,0.000000,0.000000,0.000000,in_band
2026-07-10T03:25:00Z,91.1040,0.000000,0.000000,0.000000,in_band
2026-07-10T03:25:59Z,91.0994,0.000000,0.000000,0.000000,in_band
2026-07-10T03:26:00Z,91.0994,0.000000,0.000000,0.000000,in_band
2026-07-10T03:26:59Z,90.9911,0.000000,0.000000,0.000000,in_band
2026-07-10T03:27:00Z,90.9911,0.000000,0.000000,0.000000,in_band
2026-07-10T03:27:59Z,90.9071,0.000000,0.000000,0.000000,in_band
2026-07-10T03:28:00Z,90.9071,0.000000,0.000000,0.000000,in_band
2026-07-10T03:28:59Z,90.8110,0.000000,0.000000,0.000000,in_band
2026-07-10T03:29:00Z,90.8110,0.000000,0.000000,0.000000,in_band
2026-07-10T03:29:59Z,90.8064,0.000000,0.000000,0.000000,in_band
2026-07-10T03:30:00Z,90.8064,0.000000,0.000000,0.000000,in_band
2026-07-10T03:30:59Z,90.7424,0.000000,0.000000,0.000000,in_band
2026-07-10T03:31:00Z,90.7424,0.000000,0.000000,0.000000,in_band
2026-07-10T03:31:59Z,90.6737,0.000000,0.000000,0.000000,in_band
2026-07-10T03:32:00Z,90.6737,0.000000,0.000000,0.000000,in_band
2026-07-10T03:32:59Z,90.6432,0.000000,0.000000,0.000000,in_band
2026-07-10T03:33:00Z,90.6432,0.000000,0.000000,0.000000,in_band
2026-07-10T03:33:59Z,90.5592,0.000000,0.000000,0.000000,in_band
2026-07-10T03:34:00Z,90.5592,0.000000,0.000000,0.000000,in_band
2026-07-10T03:34:59Z,90.5684,0.000000,0.000000,0.000000,in_band
2026-07-10T03:35:00Z,90.5684,0.000000,0.000000,0.000000,in_band
2026-07-10T03:35:59Z,90.6279,0.000000,0.000000,0.000000,in_band
2026-07-10T03:36:00Z,90.6279,0.000000,0.000000,0.000000,in_band
2026-07-10T03:36:59Z,90.6523,0.000000,0.000000,0.000000,in_band
2026-07-10T03:37:00Z,90.6523,0.000000,0.000000,0.000000,in_band
2026-07-10T03:37:59Z,90.6050,0.000000,0.000000,0.000000,in_band
2026-07-10T03:38:00Z,90.6050,0.000000,0.000000,0.000000,in_band
2026-07-10T03:38:59Z,90.5974,0.000000,0.000000,0.000000,in_band
2026-07-10T03:39:00Z,90.5974,0.000000,0.000000,0.000000,in_band
2026-07-10T03:39:59Z,90.6233,0.000000,0.000000,0.000000,in_band
2026-07-10T03:40:00Z,90.6233,0.000000,0.000000,0.000000,in_band
2026-07-10T03:40:59Z,90.6523,0.000000,0.000000,0.000000,in_band
2026-07-10T03:41:00Z,90.6523,0.000000,0.000000,0.000000,in_band
2026-07-10T03:41:59Z,90.6798,0.000000,0.000000,0.000000,in_band
2026-07-10T03:42:00Z,90.6798,0.000000,0.000000,0.000000,in_band
2026-07-10T03:42:59Z,90.7012,0.000000,0.000000,0.000000,in_band
2026-07-10T03:43:00Z,90.7012,0.000000,0.000000,0.000000,in_band
2026-07-10T03:43:59Z,90.7149,0.000000,0.000000,0.000000,in_band
2026-07-10T03:44:00Z,90.7149,0.000000,0.000000,0.000000,in_band
2026-07-10T03:44:59Z,90.6706,0.000000,0.000000,0.000000,in_band
2026-07-10T03:45:00Z,90.6706,0.000000,0.000000,0.000000,in_band
2026-07-10T03:45:59Z,90.6249,0.000000,0.000000,0.000000,in_band
2026-07-10T03:46:00Z,90.6249,0.000000,0.000000,0.000000,in_band
2026-07-10T03:46:59Z,90.5882,0.000000,0.000000,0.000000,in_band
2026-07-10T03:47:00Z,90.5882,0.000000,0.000000,0.000000,in_band
2026-07-10T03:47:59Z,90.5455,0.000000,0.000000,0.000000,in_band
2026-07-10T03:48:00Z,90.5455,0.000000,0.000000,0.000000,in_band
2026-07-10T03:48:59Z,90.5730,0.000000,0.000000,0.000000,in_band
2026-07-10T03:49:00Z,90.5730,0.000000,0.000000,0.000000,in_band
2026-07-10T03:49:59Z,90.6111,0.000000,0.000000,0.000000,in_band
2026-07-10T03:50:00Z,90.6111,0.000000,0.000000,0.000000,in_band
2026-07-10T03:50:59Z,90.5776,0.000000,0.000000,0.000000,in_band
2026-07-10T03:51:00Z,90.5776,0.000000,0.000000,0.000000,in_band
2026-07-10T03:51:59Z,90.5699,0.000000,0.000000,0.000000,in_band
2026-07-10T03:52:00Z,90.5699,0.000000,0.000000,0.000000,in_band
2026-07-10T03:52:59Z,90.6279,0.000000,0.000000,0.000000,in_band
2026-07-10T03:53:00Z,90.6279,0.000000,0.000000,0.000000,in_band
2026-07-10T03:53:59Z,90.6615,0.000000,0.000000,0.000000,in_band
2026-07-10T03:54:00Z,90.6615,0.000000,0.000000,0.000000,in_band
2026-07-10T03:54:59Z,90.6661,0.000000,0.000000,0.000000,in_band
2026-07-10T03:55:00Z,90.6661,0.000000,0.000000,0.000000,in_band
2026-07-10T03:55:59Z,90.6615,0.000000,0.000000,0.000000,in_band
2026-07-10T03:56:00Z,90.6615,0.000000,0.000000,0.000000,in_band
2026-07-10T03:56:59Z,90.6615,0.000000,0.000000,0.000000,in_band
2026-07-10T03:57:00Z,90.6615,0.000000,0.000000,0.000000,in_band
2026-07-10T03:57:59Z,90.6691,0.000000,0.000000,0.000000,in_band
2026-07-10T03:58:00Z,90.6691,0.000000,0.000000,0.000000,in_band
2026-07-10T03:58:59Z,90.6615,0.000000,0.000000,0.000000,in_band
2026-07-10T03:59:00Z,90.6615,0.000000,0.000000,0.000000,in_band
2026-07-10T03:59:59Z,90.6920,0.000000,0.000000,0.000000,in_band
2026-07-10T04:00:00Z,90.6920,0.000000,0.000000,0.000000,in_band
2026-07-10T04:00:59Z,90.7195,0.000000,0.000000,0.000000,in_band
2026-07-10T04:01:00Z,90.7195,0.000000,0.000000,0.000000,in_band
2026-07-10T04:01:59Z,90.6844,0.000000,0.000000,0.000000,in_band
2026-07-10T04:02:00Z,90.6844,0.000000,0.000000,0.000000,in_band
2026-07-10T04:02:59Z,90.7515,0.000000,0.000000,0.000000,in_band
2026-07-10T04:03:00Z,90.7515,0.000000,0.000000,0.000000,in_band
2026-07-10T04:03:59Z,90.7668,0.000000,0.000000,0.000000,in_band
2026-07-10T04:04:00Z,90.7668,0.000000,0.000000,0.000000,in_band
2026-07-10T04:04:59Z,90.8202,0.000000,0.000000,0.000000,in_band
2026-07-10T04:05:00Z,90.8202,0.000000,0.000000,0.000000,in_band
2026-07-10T04:05:59Z,90.8522,0.000000,0.000000,0.000000,in_band
2026-07-10T04:06:00Z,90.8522,0.000000,0.000000,0.000000,in_band
2026-07-10T04:06:59Z,90.8766,0.000000,0.000000,0.000000,in_band
2026-07-10T04:07:00Z,90.8766,0.000000,0.000000,0.000000,in_band
2026-07-10T04:07:59Z,90.9209,0.000000,0.000000,0.000000,in_band
2026-07-10T04:08:00Z,90.9209,0.000000,0.000000,0.000000,in_band
2026-07-10T04:08:59Z,90.9224,0.000000,0.000000,0.000000,in_band
2026-07-10T04:09:00Z,90.9224,0.000000,0.000000,0.000000,in_band
2026-07-10T04:09:59Z,91.0094,0.000000,0.000000,0.000000,in_band
2026-07-10T04:10:00Z,91.0094,0.000000,0.000000,0.000000,in_band
2026-07-10T04:10:59Z,91.0048,0.000000,0.000000,0.000000,in_band
2026-07-10T04:11:00Z,91.0048,0.000000,0.000000,0.000000,in_band
2026-07-10T04:11:59Z,91.0414,0.000000,0.000000,0.000000,in_band
2026-07-10T04:12:00Z,91.0414,0.000000,0.000000,0.000000,in_band
2026-07-10T04:12:59Z,91.0353,0.000000,0.000000,0.000000,in_band
2026-07-10T04:13:00Z,91.0353,0.000000,0.000000,0.000000,in_band
2026-07-10T04:13:59Z,91.0918,0.000000,0.000000,0.000000,in_band
2026-07-10T04:14:00Z,91.0918,0.000000,0.000000,0.000000,in_band
2026-07-10T04:14:59Z,91.1376,0.000000,0.000000,0.000000,in_band
2026-07-10T04:15:00Z,91.1376,0.000000,0.000000,0.000000,in_band
2026-07-10T04:15:59Z,91.1360,0.000000,0.000000,0.000000,in_band
2026-07-10T04:16:00Z,91.1360,0.000000,0.000000,0.000000,in_band
2026-07-10T04:16:59Z,91.1406,0.000000,0.000000,0.000000,in_band
2026-07-10T04:17:00Z,91.1406,0.000000,0.000000,0.000000,in_band
2026-07-10T04:17:59Z,91.1315,0.000000,0.000000,0.000000,in_band
2026-07-10T04:18:00Z,91.1315,0.000000,0.000000,0.000000,in_band
2026-07-10T04:18:59Z,91.1727,0.000000,0.000000,0.000000,in_band
2026-07-10T04:19:00Z,91.1727,0.000000,0.000000,0.000000,in_band
2026-07-10T04:19:59Z,91.1192,0.000000,0.000000,0.000000,in_band
2026-07-10T04:20:00Z,91.1192,0.000000,0.000000,0.000000,in_band
2026-07-10T04:20:59Z,91.1696,0.000000,0.000000,0.000000,in_band
2026-07-10T04:21:00Z,91.1696,0.000000,0.000000,0.000000,in_band
2026-07-10T04:21:59Z,91.1635,0.000000,0.000000,0.000000,in_band
2026-07-10T04:22:00Z,91.1635,0.000000,0.000000,0.000000,in_band
2026-07-10T04:22:59Z,91.1513,0.000000,0.000000,0.000000,in_band
2026-07-10T04:23:00Z,91.1513,0.000000,0.000000,0.000000,in_band
2026-07-10T04:23:59Z,91.1421,0.000000,0.000000,0.000000,in_band
2026-07-10T04:24:00Z,91.1421,0.000000,0.000000,0.000000,in_band
2026-07-10T04:24:59Z,91.1513,0.000000,0.000000,0.000000,in_band
2026-07-10T04:25:00Z,91.1513,0.000000,0.000000,0.000000,in_band
2026-07-10T04:25:59Z,91.1192,0.000000,0.000000,0.000000,in_band
2026-07-10T04:26:00Z,91.1192,0.000000,0.000000,0.000000,in_band
2026-07-10T04:26:59Z,91.1131,0.000000,0.000000,0.000000,in_band
2026-07-10T04:27:00Z,91.1131,0.000000,0.000000,0.000000,in_band
2026-07-10T04:27:59Z,91.1131,0.000000,0.000000,0.000000,in_band
2026-07-10T04:28:00Z,91.1131,0.000000,0.000000,0.000000,in_band
2026-07-10T04:28:59Z,91.1040,0.000000,0.000000,0.000000,in_band
2026-07-10T04:29:00Z,91.1040,0.000000,0.000000,0.000000,in_band
2026-07-10T04:29:59Z,91.1086,0.000000,0.000000,0.000000,in_band
2026-07-10T04:30:00Z,91.1086,0.000000,0.000000,0.000000,in_band
2026-07-10T04:30:59Z,91.1238,0.000000,0.000000,0.000000,in_band
2026-07-10T04:31:00Z,91.1238,0.000000,0.000000,0.000000,in_band
2026-07-10T04:31:59Z,91.0399,0.000000,0.000000,0.000000,in_band
2026-07-10T04:32:00Z,91.0399,0.000000,0.000000,0.000000,in_band
2026-07-10T04:32:59Z,91.0216,0.000000,0.000000,0.000000,in_band
2026-07-10T04:33:00Z,91.0216,0.000000,0.000000,0.000000,in_band
2026-07-10T04:33:59Z,90.9758,0.000000,0.000000,0.000000,in_band
2026-07-10T04:34:00Z,90.9758,0.000000,0.000000,0.000000,in_band
2026-07-10T04:34:59Z,90.9133,0.000000,0.000000,0.000000,in_band
2026-07-10T04:35:00Z,90.9133,0.000000,0.000000,0.000000,in_band
2026-07-10T04:35:59Z,90.8171,0.000000,0.000000,0.000000,in_band
2026-07-10T04:36:00Z,90.8171,0.000000,0.000000,0.000000,in_band
2026-07-10T04:36:59Z,90.7836,0.000000,0.000000,0.000000,in_band
2026-07-10T04:37:00Z,90.7836,0.000000,0.000000,0.000000,in_band
2026-07-10T04:37:59Z,90.6691,0.000000,0.000000,0.000000,in_band
2026-07-10T04:38:00Z,90.6691,0.000000,0.000000,0.000000,in_band
2026-07-10T04:38:59Z,90.5684,0.000000,0.000000,0.000000,in_band
2026-07-10T04:39:00Z,90.5684,0.000000,0.000000,0.000000,in_band
2026-07-10T04:39:59Z,90.4372,0.000000,0.000000,0.000000,in_band
2026-07-10T04:40:00Z,90.4372,0.000000,0.000000,0.000000,in_band
2026-07-10T04:40:59Z,90.4005,0.000000,0.000000,0.000000,in_band
2026-07-10T04:41:00Z,90.4005,0.000000,0.000000,0.000000,in_band
2026-07-10T04:41:59Z,90.3441,0.000000,0.000000,0.000000,in_band
2026-07-10T04:42:00Z,90.3441,0.000000,0.000000,0.000000,in_band
2026-07-10T04:42:59Z,90.2617,0.000000,0.000000,0.000000,in_band
2026-07-10T04:43:00Z,90.2617,0.000000,0.000000,0.000000,in_band
2026-07-10T04:43:59Z,90.2083,0.000000,0.000000,0.000000,in_band
2026-07-10T04:44:00Z,90.2083,0.000000,0.000000,0.000000,in_band
2026-07-10T04:44:59Z,90.1442,0.000000,0.000000,0.000000,in_band
2026-07-10T04:45:00Z,90.1442,0.000000,0.000000,0.000000,in_band
2026-07-10T04:45:59Z,90.0664,0.000000,0.000000,0.000000,in_band
2026-07-10T04:46:00Z,90.0664,0.000000,0.000000,0.000000,in_band
2026-07-10T04:46:59Z,90.2205,0.000000,0.000000,0.000000,in_band
2026-07-10T04:47:00Z,90.2205,0.000000,0.000000,0.000000,in_band
2026-07-10T04:47:59Z,90.2525,0.000000,0.000000,0.000000,in_band
2026-07-10T04:48:00Z,90.2525,0.000000,0.000000,0.000000,in_band
2026-07-10T04:48:59Z,90.2754,0.000000,0.000000,0.000000,in_band
2026-07-10T04:49:00Z,90.2754,0.000000,0.000000,0.000000,in_band
2026-07-10T04:49:59Z,90.2586,0.000000,0.000000,0.000000,in_band
2026-07-10T04:50:00Z,90.2586,0.000000,0.000000,0.000000,in_band
2026-07-10T04:50:59Z,90.3639,0.000000,0.000000,0.000000,in_band
2026-07-10T04:51:00Z,90.3639,0.000000,0.000000,0.000000,in_band
2026-07-10T04:51:59Z,90.3822,0.000000,0.000000,0.000000,in_band
2026-07-10T04:52:00Z,90.3822,0.000000,0.000000,0.000000,in_band
2026-07-10T04:52:59Z,90.3914,0.000000,0.000000,0.000000,in_band
2026-07-10T04:53:00Z,90.3914,0.000000,0.000000,0.000000,in_band
2026-07-10T04:53:59Z,90.4646,0.000000,0.000000,0.000000,in_band
2026-07-10T04:54:00Z,90.4646,0.000000,0.000000,0.000000,in_band
2026-07-10T04:54:59Z,90.3914,0.000000,0.000000,0.000000,in_band
2026-07-10T04:55:00Z,90.3914,0.000000,0.000000,0.000000,in_band
2026-07-10T04:55:59Z,90.4005,0.000000,0.000000,0.000000,in_band
2026-07-10T04:56:00Z,90.4005,0.000000,0.000000,0.000000,in_band
2026-07-10T04:56:59Z,90.3716,0.000000,0.000000,0.000000,in_band
2026-07-10T04:57:00Z,90.3716,0.000000,0.000000,0.000000,in_band
2026-07-10T04:57:59Z,90.3716,0.000000,0.000000,0.000000,in_band
2026-07-10T04:58:00Z,90.3716,0.000000,0.000000,0.000000,in_band
2026-07-10T04:58:59Z,90.2846,0.000000,0.000000,0.000000,in_band
2026-07-10T04:59:00Z,90.2846,0.000000,0.000000,0.000000,in_band
2026-07-10T04:59:59Z,90.2480,0.000000,0.000000,0.000000,in_band
2026-07-10T05:00:00Z,90.2480,0.000000,0.000000,0.000000,in_band
2026-07-10T05:00:59Z,90.1518,0.000000,0.000000,0.000000,in_band
2026-07-10T05:01:00Z,90.1518,0.000000,0.000000,0.000000,in_band
2026-07-10T05:01:59Z,90.1259,0.000000,0.000000,0.000000,in_band
2026-07-10T05:02:00Z,90.1259,0.000000,0.000000,0.000000,in_band
2026-07-10T05:02:59Z,90.1244,0.000000,0.000000,0.000000,in_band
2026-07-10T05:03:00Z,90.1244,0.000000,0.000000,0.000000,in_band
2026-07-10T05:03:59Z,90.1244,0.000000,0.000000,0.000000,in_band
2026-07-10T05:04:00Z,90.1244,0.000000,0.000000,0.000000,in_band
2026-07-10T05:04:59Z,90.1198,0.000000,0.000000,0.000000,in_band
2026-07-10T05:05:00Z,90.1198,0.000000,0.000000,0.000000,in_band
2026-07-10T05:05:59Z,90.1305,0.000000,0.000000,0.000000,in_band
2026-07-10T05:06:00Z,90.1305,0.000000,0.000000,0.000000,in_band
2026-07-10T05:06:59Z,90.0877,0.000000,0.000000,0.000000,in_band
2026-07-10T05:07:00Z,90.0877,0.000000,0.000000,0.000000,in_band
2026-07-10T05:07:59Z,90.1244,0.000000,0.000000,0.000000,in_band
2026-07-10T05:08:00Z,90.1244,0.000000,0.000000,0.000000,in_band
2026-07-10T05:08:59Z,90.1381,0.000000,0.000000,0.000000,in_band
2026-07-10T05:09:00Z,90.1381,0.000000,0.000000,0.000000,in_band
2026-07-10T05:09:59Z,90.1015,0.000000,0.000000,0.000000,in_band
2026-07-10T05:10:00Z,90.1015,0.000000,0.000000,0.000000,in_band
2026-07-10T05:10:59Z,90.1106,0.000000,0.000000,0.000000,in_band
2026-07-10T05:11:43Z,89.9870,0.000000,0.000024,0.000024,below_midpoint_feather
2026-07-10T05:11:45Z,90.0282,0.000000,0.000000,0.000000,in_band
2026-07-10T05:12:35Z,89.9886,0.000329,0.000019,-0.000309,below_midpoint_feather
2026-07-10T05:12:51Z,89.9336,0.000185,0.000630,0.000445,below_midpoint_feather
2026-07-10T05:13:23Z,89.9916,0.000077,0.000020,-0.000057,below_midpoint_feather
2026-07-10T05:13:52Z,89.9733,0.000011,0.000116,0.000105,below_midpoint_feather
2026-07-10T05:14:00Z,90.0420,0.000012,0.000016,0.000003,in_band
2026-07-10T05:14:59Z,90.0755,0.000015,0.000020,0.000004,in_band
2026-07-10T05:15:00Z,90.0755,0.000015,0.000020,0.000004,in_band
2026-07-10T05:15:59Z,90.1198,0.000016,0.000021,0.000005,in_band
2026-07-10T05:16:00Z,90.1198,0.000016,0.000021,0.000005,in_band
2026-07-10T05:16:27Z,90.1305,0.000016,0.000021,0.000005,in_band
2026-07-10T05:17:00Z,90.0984,0.000016,0.000021,0.000005,in_band
2026-07-10T05:17:59Z,90.1167,0.000016,0.000020,0.000005,in_band
2026-07-10T05:18:00Z,90.1167,0.000016,0.000020,0.000005,in_band
2026-07-10T05:18:59Z,90.1381,0.000015,0.000020,0.000004,in_band
2026-07-10T05:19:00Z,90.1381,0.000015,0.000020,0.000004,in_band
2026-07-10T05:19:59Z,90.1213,0.000015,0.000019,0.000004,in_band
2026-07-10T05:20:00Z,90.1213,0.000015,0.000019,0.000004,in_band
2026-07-10T05:20:59Z,90.1106,0.000014,0.000019,0.000004,in_band
2026-07-10T05:21:00Z,90.1106,0.000014,0.000019,0.000004,in_band
2026-07-10T05:21:59Z,90.1167,0.000014,0.000018,0.000004,in_band
2026-07-10T05:22:00Z,90.1167,0.000014,0.000018,0.000004,in_band
2026-07-10T05:22:59Z,90.0923,0.000014,0.000017,0.000004,in_band
2026-07-10T05:23:00Z,90.0923,0.000014,0.000017,0.000004,in_band
2026-07-10T05:23:59Z,90.1061,0.000013,0.000017,0.000004,in_band
2026-07-10T05:24:00Z,90.1061,0.000013,0.000017,0.000004,in_band
2026-07-10T05:24:59Z,90.0847,0.000013,0.000016,0.000004,in_band
2026-07-10T05:25:00Z,90.0847,0.000013,0.000016,0.000004,in_band
2026-07-10T05:25:59Z,90.1152,0.000012,0.000016,0.000003,in_band
2026-07-10T05:26:00Z,90.1152,0.000012,0.000016,0.000003,in_band
2026-07-10T05:26:59Z,90.1015,0.000012,0.000015,0.000003,in_band
2026-07-10T05:27:00Z,90.1015,0.000012,0.000015,0.000003,in_band
2026-07-10T05:27:59Z,90.0465,0.000011,0.000015,0.000003,in_band
2026-07-10T05:28:37Z,89.9748,0.000280,0.000105,-0.000175,below_midpoint_feather
2026-07-10T05:28:51Z,89.9245,0.000281,0.000828,0.000547,below_midpoint_feather
2026-07-10T05:29:46Z,89.8497,0.001987,0.003276,0.001289,below_midpoint_feather
2026-07-10T05:29:53Z,89.9001,0.002208,0.001499,-0.000709,below_midpoint_feather
2026-07-10T05:30:09Z,89.8314,0.002245,0.004162,0.001917,below_midpoint_feather
2026-07-10T05:30:47Z,89.8680,0.003986,0.002740,-0.001247,below_midpoint_feather
2026-07-10T05:31:21Z,89.7917,0.004457,0.006624,0.002167,below_midpoint_feather
2026-07-10T05:31:29Z,89.8375,0.006367,0.004264,-0.002103,below_midpoint_feather
2026-07-10T05:32:09Z,89.7185,0.008116,0.012138,0.004022,below_midpoint_feather
2026-07-10T05:32:47Z,89.7597,0.011163,0.009595,-0.001567,below_midpoint_feather
2026-07-10T05:33:01Z,89.7673,0.012206,0.009317,-0.002889,below_midpoint_feather
2026-07-10T05:33:23Z,89.7078,0.011228,0.014162,0.002934,below_midpoint_feather
2026-07-10T05:34:33Z,89.6864,0.014648,0.017461,0.002812,below_midpoint_feather
2026-07-10T05:34:47Z,89.6986,0.019077,0.016722,-0.002355,below_midpoint_feather
2026-07-10T05:35:07Z,89.7215,0.018189,0.015353,-0.002836,below_midpoint_feather
2026-07-10T05:35:47Z,89.6529,0.019748,0.022615,0.002867,below_midpoint_feather
2026-07-10T05:36:37Z,89.7002,0.023163,0.019822,-0.003340,below_midpoint_feather
2026-07-10T05:36:43Z,89.6437,0.022061,0.025283,0.003222,below_midpoint_feather
2026-07-10T05:37:15Z,89.6818,0.020562,0.022678,0.002117,below_midpoint_feather
2026-07-10T05:37:31Z,89.7459,0.021083,0.017984,-0.003099,below_midpoint_feather
2026-07-10T05:38:15Z,89.7597,0.022165,0.018345,-0.003819,below_midpoint_feather
2026-07-10T05:38:33Z,89.6986,0.020846,0.023545,0.002699,below_midpoint_feather
2026-07-10T05:39:15Z,89.6666,0.024398,0.027521,0.003123,below_midpoint_feather
2026-07-10T05:39:33Z,89.7307,0.024471,0.022498,-0.001974,below_midpoint_feather
2026-07-10T05:40:19Z,89.7230,0.022117,0.024286,0.002169,below_midpoint_feather
2026-07-10T05:40:21Z,89.7856,0.022165,0.019963,-0.002202,below_midpoint_feather
2026-07-10T05:41:45Z,89.6986,0.025501,0.028210,0.002708,below_midpoint_feather
2026-07-10T05:41:57Z,89.7642,0.025295,0.023458,-0.001837,below_midpoint_feather
2026-07-10T05:42:17Z,89.7688,0.025171,0.023595,-0.001576,below_midpoint_feather
2026-07-10T05:42:25Z,89.6910,0.025912,0.029751,0.003839,below_midpoint_feather
2026-07-10T05:43:11Z,89.7322,0.024498,0.027422,0.002924,below_midpoint_feather
2026-07-10T05:43:23Z,89.7993,0.024762,0.023214,-0.001547,below_midpoint_feather
2026-07-10T05:44:21Z,89.7719,0.024464,0.026003,0.001538,below_midpoint_feather
2026-07-10T05:44:39Z,89.8146,0.025786,0.023793,-0.001993,below_midpoint_feather
2026-07-10T05:45:41Z,89.8589,0.024616,0.022678,-0.001939,below_midpoint_feather
2026-07-10T05:45:59Z,89.8085,0.022989,0.025295,0.002305,below_midpoint_feather
2026-07-10T05:46:00Z,89.8085,0.023002,0.025307,0.002305,below_midpoint_feather
2026-07-10T05:46:31Z,89.8650,0.024167,0.023041,-0.001126,below_midpoint_feather
2026-07-10T05:47:29Z,89.9153,0.022714,0.021994,-0.000720,below_midpoint_feather
2026-07-10T05:47:39Z,89.8558,0.023093,0.024001,0.000908,below_midpoint_feather
2026-07-10T05:48:37Z,89.8863,0.022348,0.023221,0.000873,below_midpoint_feather
2026-07-10T05:48:47Z,89.9229,0.023031,0.022274,-0.000757,below_midpoint_feather
2026-07-10T05:49:21Z,89.9290,0.023176,0.022290,-0.000886,below_midpoint_feather
2026-07-10T05:49:39Z,89.8451,0.023245,0.025055,0.001810,below_midpoint_feather
2026-07-10T05:50:21Z,89.9184,0.023706,0.022767,-0.000939,below_midpoint_feather
2026-07-10T05:50:25Z,89.8466,0.023827,0.025181,0.001354,below_midpoint_feather
2026-07-10T05:51:21Z,89.9229,0.023259,0.022918,-0.000340,below_midpoint_feather
2026-07-10T05:51:39Z,89.8726,0.022980,0.024451,0.001471,below_midpoint_feather
2026-07-10T05:52:17Z,89.9504,0.023217,0.022629,-0.000588,below_midpoint_feather
2026-07-10T05:52:29Z,89.8909,0.023113,0.024013,0.000900,below_midpoint_feather
2026-07-10T05:53:01Z,89.9596,0.023138,0.022649,-0.000488,below_midpoint_feather
2026-07-10T05:53:27Z,89.9016,0.022931,0.023863,0.000932,below_midpoint_feather
2026-07-10T05:54:00Z,89.9870,0.022922,0.022584,-0.000339,below_midpoint_feather
2026-07-10T05:54:07Z,89.9229,0.022733,0.023418,0.000685,below_midpoint_feather
2026-07-10T05:55:07Z,89.9428,0.022596,0.023134,0.000538,below_midpoint_feather
2026-07-10T05:55:21Z,89.9886,0.022689,0.022702,0.000013,below_midpoint_feather
2026-07-10T05:56:08Z,89.9428,0.022634,0.023084,0.000450,below_midpoint_feather
2026-07-10T05:56:19Z,89.9748,0.022771,0.022715,-0.000056,below_midpoint_feather
2026-07-10T05:57:08Z,89.9474,0.022570,0.022993,0.000424,below_midpoint_feather
2026-07-10T05:57:19Z,89.9886,0.022665,0.022623,-0.000042,below_midpoint_feather
2026-07-10T05:58:34Z,90.0191,0.022539,0.022428,-0.000111,in_band
2026-07-10T05:58:42Z,89.9474,0.022434,0.022774,0.000340,below_midpoint_feather
2026-07-10T05:59:14Z,90.0008,0.022438,0.022261,-0.000177,in_band
2026-07-10T05:59:36Z,89.9794,0.022167,0.022103,-0.000064,below_midpoint_feather
2026-07-10T06:00:00Z,90.0069,0.021874,0.021777,-0.000097,in_band
2026-07-10T06:00:24Z,89.9748,0.021585,0.021628,0.000042,below_midpoint_feather
2026-07-10T06:01:00Z,90.0465,0.021159,0.021183,0.000025,in_band
2026-07-10T06:01:10Z,89.9931,0.021042,0.021096,0.000055,below_midpoint_feather
2026-07-10T06:02:00Z,90.0374,0.020466,0.020513,0.000047,in_band
2026-07-10T06:02:59Z,90.0435,0.019806,0.019852,0.000046,in_band
2026-07-10T06:03:00Z,90.0435,0.019795,0.019841,0.000046,in_band
2026-07-10T06:03:59Z,90.0572,0.019157,0.019201,0.000044,in_band
2026-07-10T06:04:00Z,90.0572,0.019146,0.019190,0.000044,in_band
2026-07-10T06:04:59Z,90.0511,0.018529,0.018572,0.000043,in_band
2026-07-10T06:05:00Z,90.0511,0.018518,0.018561,0.000043,in_band
2026-07-10T06:05:59Z,90.0877,0.017921,0.017963,0.000042,in_band
2026-07-10T06:06:00Z,90.0877,0.017911,0.017953,0.000042,in_band
2026-07-10T06:06:59Z,90.1289,0.017334,0.017374,0.000040,in_band
2026-07-10T06:07:00Z,90.1289,0.017324,0.017364,0.000040,in_band
2026-07-10T06:07:59Z,90.1427,0.016765,0.016804,0.000039,in_band
2026-07-10T06:08:00Z,90.1427,0.016756,0.016795,0.000039,in_band
2026-07-10T06:08:59Z,90.1259,0.016216,0.016254,0.000038,in_band
2026-07-10T06:09:00Z,90.1259,0.016207,0.016244,0.000038,in_band
2026-07-10T06:09:59Z,90.1427,0.015684,0.015721,0.000036,in_band
2026-07-10T06:10:00Z,90.1427,0.015676,0.015712,0.000036,in_band
2026-07-10T06:10:59Z,90.1717,0.015170,0.015205,0.000035,in_band
2026-07-10T06:11:00Z,90.1717,0.015162,0.015197,0.000035,in_band
2026-07-10T06:11:59Z,90.1579,0.014673,0.014707,0.000034,in_band
2026-07-10T06:12:00Z,90.1579,0.014665,0.014699,0.000034,in_band
2026-07-10T06:12:59Z,90.1579,0.014192,0.014225,0.000033,in_band
2026-07-10T06:13:00Z,90.1579,0.014184,0.014217,0.000033,in_band
2026-07-10T06:13:59Z,90.1900,0.013726,0.013758,0.000032,in_band
2026-07-10T06:14:00Z,90.1900,0.013719,0.013751,0.000032,in_band
2026-07-10T06:14:59Z,90.1793,0.013276,0.013307,0.000031,in_band
2026-07-10T06:15:00Z,90.1793,0.013269,0.013300,0.000031,in_band
2026-07-10T06:15:59Z,90.2205,0.012841,0.012871,0.000030,in_band
2026-07-10T06:16:00Z,90.2205,0.012834,0.012864,0.000030,in_band
2026-07-10T06:16:59Z,90.2037,0.012420,0.012449,0.000029,in_band
2026-07-10T06:17:00Z,90.2037,0.012413,0.012442,0.000029,in_band
2026-07-10T06:17:59Z,90.1884,0.012013,0.012041,0.000028,in_band
2026-07-10T06:18:00Z,90.1884,0.012006,0.012034,0.000028,in_band
2026-07-10T06:18:59Z,90.1930,0.011619,0.011646,0.000027,in_band
2026-07-10T06:19:00Z,90.1930,0.011613,0.011640,0.000027,in_band
2026-07-10T06:19:59Z,90.1762,0.011238,0.011264,0.000026,in_band
2026-07-10T06:20:00Z,90.1762,0.011232,0.011258,0.000026,in_band
2026-07-10T06:20:59Z,90.1884,0.010870,0.010895,0.000025,in_band
2026-07-10T06:21:00Z,90.1884,0.010864,0.010889,0.000025,in_band
2026-07-10T06:21:59Z,90.1808,0.010513,0.010538,0.000024,in_band
2026-07-10T06:22:00Z,90.1808,0.010508,0.010532,0.000024,in_band
2026-07-10T06:22:59Z,90.2068,0.010169,0.010192,0.000024,in_band
2026-07-10T06:23:00Z,90.2068,0.010163,0.010187,0.000024,in_band
2026-07-10T06:23:59Z,90.2113,0.009835,0.009858,0.000023,in_band
2026-07-10T06:24:00Z,90.2113,0.009830,0.009853,0.000023,in_band
2026-07-10T06:24:59Z,90.1900,0.009513,0.009535,0.000022,in_band
2026-07-10T06:25:00Z,90.1900,0.009508,0.009530,0.000022,in_band
2026-07-10T06:25:59Z,90.1839,0.009201,0.009222,0.000021,in_band
2026-07-10T06:26:00Z,90.1839,0.009196,0.009217,0.000021,in_band
2026-07-10T06:26:59Z,90.1442,0.008899,0.008920,0.000021,in_band
2026-07-10T06:27:00Z,90.1442,0.008895,0.008915,0.000021,in_band
2026-07-10T06:27:59Z,90.1061,0.008608,0.008628,0.000020,in_band
2026-07-10T06:28:00Z,90.1061,0.008603,0.008623,0.000020,in_band
2026-07-10T06:28:59Z,90.0832,0.008325,0.008345,0.000019,in_band
2026-07-10T06:29:00Z,90.0832,0.008321,0.008340,0.000019,in_band
2026-07-10T06:29:59Z,90.0298,0.008053,0.008071,0.000019,in_band
2026-07-10T06:30:40Z,90.0023,0.007871,0.007889,0.000018,in_band
2026-07-10T06:30:42Z,89.9977,0.007862,0.007890,0.000028,below_midpoint_feather
2026-07-10T06:31:08Z,90.0511,0.007750,0.007776,0.000027,in_band
2026-07-10T06:31:54Z,89.9886,0.007554,0.007633,0.000078,below_midpoint_feather
2026-07-10T06:32:00Z,90.0282,0.007529,0.007589,0.000060,in_band
2026-07-10T06:32:30Z,89.9687,0.007405,0.007652,0.000248,below_midpoint_feather
2026-07-10T06:33:22Z,90.0023,0.007343,0.007407,0.000063,in_band
2026-07-10T06:33:28Z,89.9504,0.007282,0.007740,0.000458,below_midpoint_feather
2026-07-10T06:34:11Z,89.9794,0.007507,0.007437,-0.000070,below_midpoint_feather
2026-07-10T06:34:17Z,89.9367,0.007336,0.007948,0.000612,below_midpoint_feather
2026-07-10T06:35:14Z,89.9657,0.007318,0.007498,0.000181,below_midpoint_feather
2026-07-10T06:35:47Z,89.9916,0.007344,0.007321,-0.000023,below_midpoint_feather
2026-07-10T06:36:34Z,90.0099,0.007426,0.007285,-0.000141,in_band
2026-07-10T06:36:41Z,89.9550,0.007324,0.007574,0.000250,below_midpoint_feather
2026-07-10T06:37:24Z,90.0069,0.007278,0.007220,-0.000058,in_band
2026-07-10T06:37:50Z,89.9611,0.007174,0.007374,0.000200,below_midpoint_feather
2026-07-10T06:38:02Z,90.0099,0.007176,0.007144,-0.000031,in_band
2026-07-10T06:38:10Z,89.9825,0.007142,0.007173,0.000031,below_midpoint_feather
2026-07-10T06:39:00Z,90.0206,0.006971,0.006952,-0.000018,in_band
2026-07-10T06:39:59Z,90.0526,0.006747,0.006730,-0.000017,in_band
2026-07-10T06:40:00Z,90.0526,0.006743,0.006726,-0.000017,in_band
2026-07-10T06:40:59Z,90.0938,0.006526,0.006510,-0.000016,in_band
2026-07-10T06:41:00Z,90.0938,0.006522,0.006506,-0.000016,in_band
2026-07-10T06:41:59Z,90.1061,0.006312,0.006296,-0.000015,in_band
2026-07-10T06:42:00Z,90.1061,0.006308,0.006293,-0.000015,in_band
2026-07-10T06:42:59Z,90.1625,0.006105,0.006090,-0.000015,in_band
2026-07-10T06:43:00Z,90.1625,0.006101,0.006087,-0.000015,in_band
2026-07-10T06:43:59Z,90.2220,0.005905,0.005890,-0.000014,in_band
2026-07-10T06:44:00Z,90.2220,0.005901,0.005887,-0.000014,in_band
2026-07-10T06:44:59Z,90.2358,0.005711,0.005697,-0.000014,in_band
2026-07-10T06:45:00Z,90.2358,0.005708,0.005694,-0.000014,in_band
2026-07-10T06:45:59Z,90.2632,0.005524,0.005511,-0.000013,in_band
2026-07-10T06:46:00Z,90.2632,0.005521,0.005508,-0.000013,in_band
2026-07-10T06:46:59Z,90.2571,0.005343,0.005330,-0.000013,in_band
2026-07-10T06:47:00Z,90.2571,0.005340,0.005327,-0.000013,in_band
2026-07-10T06:47:59Z,90.2754,0.005168,0.005155,-0.000012,in_band
2026-07-10T06:48:00Z,90.2754,0.005165,0.005152,-0.000012,in_band
2026-07-10T06:48:59Z,90.2937,0.004998,0.004986,-0.000012,in_band
2026-07-10T06:49:00Z,90.2937,0.004995,0.004983,-0.000012,in_band
2026-07-10T06:49:59Z,90.3227,0.004834,0.004823,-0.000012,in_band
2026-07-10T06:50:00Z,90.3227,0.004832,0.004820,-0.000012,in_band
2026-07-10T06:50:59Z,90.3716,0.004676,0.004665,-0.000011,in_band
2026-07-10T06:51:00Z,90.3716,0.004673,0.004662,-0.000011,in_band
2026-07-10T06:51:59Z,90.3441,0.004523,0.004512,-0.000011,in_band
2026-07-10T06:52:00Z,90.3441,0.004520,0.004509,-0.000011,in_band
2026-07-10T06:52:59Z,90.3441,0.004374,0.004364,-0.000011,in_band
2026-07-10T06:53:00Z,90.3441,0.004372,0.004361,-0.000011,in_band
2026-07-10T06:53:59Z,90.3960,0.004231,0.004221,-0.000010,in_band
2026-07-10T06:54:00Z,90.3960,0.004229,0.004218,-0.000010,in_band
2026-07-10T06:54:59Z,90.3716,0.004092,0.004082,-0.000010,in_band
2026-07-10T06:55:00Z,90.3716,0.004090,0.004080,-0.000010,in_band
2026-07-10T06:55:59Z,90.4005,0.003958,0.003949,-0.000010,in_band
2026-07-10T06:56:00Z,90.4005,0.003956,0.003946,-0.000010,in_band
2026-07-10T06:56:59Z,90.4143,0.003828,0.003819,-0.000009,in_band
2026-07-10T06:57:00Z,90.4143,0.003826,0.003817,-0.000009,in_band
2026-07-10T06:57:59Z,90.4463,0.003703,0.003694,-0.000009,in_band
2026-07-10T06:58:00Z,90.4463,0.003701,0.003692,-0.000009,in_band
2026-07-10T06:58:59Z,90.4143,0.003581,0.003573,-0.000009,in_band
2026-07-10T06:59:00Z,90.4143,0.003579,0.003571,-0.000009,in_band
2026-07-10T06:59:59Z,90.4509,0.003464,0.003456,-0.000008,in_band
2026-07-10T07:00:00Z,90.4509,0.003462,0.003454,-0.000008,in_band
2026-07-10T07:00:59Z,90.4921,0.003350,0.003342,-0.000008,in_band
2026-07-10T07:01:00Z,90.4921,0.003349,0.003340,-0.000008,in_band
2026-07-10T07:01:59Z,90.5455,0.003241,0.003233,-0.000008,in_band
2026-07-10T07:02:00Z,90.5455,0.003239,0.003231,-0.000008,in_band
2026-07-10T07:02:59Z,90.5684,0.003134,0.003127,-0.000008,in_band
2026-07-10T07:03:00Z,90.5684,0.003133,0.003125,-0.000008,in_band
2026-07-10T07:03:59Z,90.5913,0.003032,0.003024,-0.000007,in_band
2026-07-10T07:04:00Z,90.5913,0.003030,0.003023,-0.000007,in_band
2026-07-10T07:04:59Z,90.6142,0.002932,0.002925,-0.000007,in_band
2026-07-10T07:05:00Z,90.6142,0.002931,0.002924,-0.000007,in_band
2026-07-10T07:05:59Z,90.6020,0.002836,0.002829,-0.000007,in_band
2026-07-10T07:06:00Z,90.6020,0.002834,0.002828,-0.000007,in_band
2026-07-10T07:06:59Z,90.6523,0.002743,0.002736,-0.000007,in_band
2026-07-10T07:07:00Z,90.6523,0.002742,0.002735,-0.000007,in_band
2026-07-10T07:07:59Z,90.6462,0.002653,0.002647,-0.000006,in_band
2026-07-10T07:08:00Z,90.6462,0.002652,0.002645,-0.000006,in_band
2026-07-10T07:08:59Z,90.6615,0.002566,0.002560,-0.000006,in_band
2026-07-10T07:09:00Z,90.6615,0.002565,0.002559,-0.000006,in_band
2026-07-10T07:09:59Z,90.7164,0.002482,0.002476,-0.000006,in_band
2026-07-10T07:10:00Z,90.7164,0.002481,0.002475,-0.000006,in_band
2026-07-10T07:10:59Z,90.7012,0.002401,0.002395,-0.000006,in_band
2026-07-10T07:11:00Z,90.7012,0.002399,0.002394,-0.000006,in_band
2026-07-10T07:11:59Z,90.7149,0.002322,0.002316,-0.000006,in_band
2026-07-10T07:12:00Z,90.7149,0.002321,0.002315,-0.000006,in_band
2026-07-10T07:12:59Z,90.7332,0.002246,0.002240,-0.000005,in_band
2026-07-10T07:13:00Z,90.7332,0.002245,0.002239,-0.000005,in_band
2026-07-10T07:13:59Z,90.7347,0.002172,0.002167,-0.000005,in_band
2026-07-10T07:14:00Z,90.7347,0.002171,0.002166,-0.000005,in_band
2026-07-10T07:14:59Z,90.7607,0.002101,0.002096,-0.000005,in_band
2026-07-10T07:15:00Z,90.7607,0.002100,0.002095,-0.000005,in_band
2026-07-10T07:15:59Z,90.7790,0.002032,0.002027,-0.000005,in_band
2026-07-10T07:16:00Z,90.7790,0.002031,0.002026,-0.000005,in_band
2026-07-10T07:16:59Z,90.7622,0.001965,0.001961,-0.000005,in_band
2026-07-10T07:17:00Z,90.7622,0.001964,0.001960,-0.000005,in_band
2026-07-10T07:17:59Z,90.7988,0.001901,0.001896,-0.000005,in_band
2026-07-10T07:18:00Z,90.7988,0.001900,0.001895,-0.000005,in_band
2026-07-10T07:18:59Z,90.7561,0.001839,0.001834,-0.000004,in_band
2026-07-10T07:19:00Z,90.7561,0.001838,0.001833,-0.000004,in_band
2026-07-10T07:19:59Z,90.7927,0.001778,0.001774,-0.000004,in_band
2026-07-10T07:20:00Z,90.7927,0.001777,0.001773,-0.000004,in_band
2026-07-10T07:20:59Z,90.7332,0.001720,0.001716,-0.000004,in_band
2026-07-10T07:21:00Z,90.7332,0.001719,0.001715,-0.000004,in_band
2026-07-10T07:21:59Z,90.7668,0.001664,0.001660,-0.000004,in_band
2026-07-10T07:22:00Z,90.7668,0.001663,0.001659,-0.000004,in_band
2026-07-10T07:22:59Z,90.7622,0.001609,0.001605,-0.000004,in_band
2026-07-10T07:23:00Z,90.7622,0.001608,0.001604,-0.000004,in_band
2026-07-10T07:23:59Z,90.7332,0.001556,0.001553,-0.000004,in_band
2026-07-10T07:24:00Z,90.7332,0.001556,0.001552,-0.000004,in_band
2026-07-10T07:24:59Z,90.7347,0.001505,0.001502,-0.000004,in_band
2026-07-10T07:25:00Z,90.7347,0.001505,0.001501,-0.000004,in_band
2026-07-10T07:25:59Z,90.7027,0.001456,0.001453,-0.000004,in_band
2026-07-10T07:26:00Z,90.7027,0.001455,0.001452,-0.000003,in_band
2026-07-10T07:26:59Z,90.6691,0.001408,0.001405,-0.000003,in_band
2026-07-10T07:27:00Z,90.6691,0.001408,0.001404,-0.000003,in_band
2026-07-10T07:27:59Z,90.6706,0.001362,0.001359,-0.000003,in_band
2026-07-10T07:28:00Z,90.6706,0.001361,0.001358,-0.000003,in_band
2026-07-10T07:28:59Z,90.6966,0.001318,0.001314,-0.000003,in_band
2026-07-10T07:29:00Z,90.6966,0.001317,0.001314,-0.000003,in_band
2026-07-10T07:29:59Z,90.6645,0.001274,0.001271,-0.000003,in_band
2026-07-10T07:30:00Z,90.6645,0.001274,0.001271,-0.000003,in_band
2026-07-10T07:30:59Z,90.6828,0.001233,0.001230,-0.000003,in_band
2026-07-10T07:31:00Z,90.6828,0.001232,0.001229,-0.000003,in_band
2026-07-10T07:31:59Z,90.7012,0.001192,0.001189,-0.000003,in_band
2026-07-10T07:32:00Z,90.7012,0.001191,0.001189,-0.000003,in_band
2026-07-10T07:32:59Z,90.7485,0.001153,0.001150,-0.000003,in_band
2026-07-10T07:33:00Z,90.7485,0.001152,0.001150,-0.000003,in_band
2026-07-10T07:33:59Z,90.7805,0.001115,0.001113,-0.000003,in_band
2026-07-10T07:34:00Z,90.7805,0.001115,0.001112,-0.000003,in_band
2026-07-10T07:34:59Z,90.7942,0.001079,0.001076,-0.000003,in_band
2026-07-10T07:35:00Z,90.7942,0.001078,0.001075,-0.000003,in_band
2026-07-10T07:35:59Z,90.8492,0.001043,0.001041,-0.000003,in_band
2026-07-10T07:36:00Z,90.8492,0.001043,0.001040,-0.000003,in_band
2026-07-10T07:36:59Z,90.8293,0.001009,0.001007,-0.000002,in_band
2026-07-10T07:37:00Z,90.8293,0.001009,0.001006,-0.000002,in_band
2026-07-10T07:37:59Z,90.8446,0.000976,0.000974,-0.000002,in_band
2026-07-10T07:38:00Z,90.8446,0.000975,0.000973,-0.000002,in_band
2026-07-10T07:38:59Z,90.8629,0.000944,0.000942,-0.000002,in_band
2026-07-10T07:39:00Z,90.8629,0.000944,0.000941,-0.000002,in_band
2026-07-10T07:39:59Z,90.8812,0.000913,0.000911,-0.000002,in_band
2026-07-10T07:40:00Z,90.8812,0.000913,0.000910,-0.000002,in_band
2026-07-10T07:40:59Z,90.8949,0.000883,0.000881,-0.000002,in_band
2026-07-10T07:41:00Z,90.8949,0.000883,0.000881,-0.000002,in_band
2026-07-10T07:41:59Z,90.9087,0.000854,0.000852,-0.000002,in_band
2026-07-10T07:42:00Z,90.9087,0.000854,0.000852,-0.000002,in_band
2026-07-10T07:42:59Z,90.8980,0.000826,0.000824,-0.000002,in_band
2026-07-10T07:43:00Z,90.8980,0.000826,0.000824,-0.000002,in_band
2026-07-10T07:43:59Z,90.9270,0.000799,0.000797,-0.000002,in_band
2026-07-10T07:44:00Z,90.9270,0.000799,0.000797,-0.000002,in_band
2026-07-10T07:44:59Z,90.9865,0.000773,0.000771,-0.000002,in_band
2026-07-10T07:45:00Z,90.9865,0.000772,0.000771,-0.000002,in_band
2026-07-10T07:45:59Z,90.9621,0.000748,0.000746,-0.000002,in_band
2026-07-10T07:46:00Z,90.9621,0.000747,0.000745,-0.000002,in_band
2026-07-10T07:46:59Z,91.0094,0.000723,0.000721,-0.000002,in_band
2026-07-10T07:47:00Z,91.0094,0.000723,0.000721,-0.000002,in_band
2026-07-10T07:47:59Z,90.9804,0.000699,0.000698,-0.000002,in_band
2026-07-10T07:48:00Z,90.9804,0.000699,0.000697,-0.000002,in_band
2026-07-10T07:48:59Z,91.0231,0.000676,0.000675,-0.000002,in_band
2026-07-10T07:49:00Z,91.0231,0.000676,0.000674,-0.000002,in_band
2026-07-10T07:49:59Z,91.0414,0.000654,0.000653,-0.000002,in_band
2026-07-10T07:50:00Z,91.0414,0.000654,0.000652,-0.000002,in_band
2026-07-10T07:50:59Z,91.0369,0.000633,0.000631,-0.000002,in_band
2026-07-10T07:51:00Z,91.0369,0.000632,0.000631,-0.000002,in_band
2026-07-10T07:51:59Z,91.0506,0.000612,0.000611,-0.000001,in_band
2026-07-10T07:52:00Z,91.0506,0.000612,0.000610,-0.000001,in_band
2026-07-10T07:52:59Z,91.0628,0.000592,0.000591,-0.000001,in_band
2026-07-10T07:53:00Z,91.0628,0.000592,0.000590,-0.000001,in_band
2026-07-10T07:53:59Z,91.0872,0.000573,0.000571,-0.000001,in_band
2026-07-10T07:54:00Z,91.0872,0.000572,0.000571,-0.000001,in_band
2026-07-10T07:54:59Z,91.1223,0.000554,0.000552,-0.000001,in_band
2026-07-10T07:55:00Z,91.1223,0.000554,0.000552,-0.000001,in_band
2026-07-10T07:55:59Z,91.1543,0.000536,0.000534,-0.000001,in_band
2026-07-10T07:56:00Z,91.1543,0.000535,0.000534,-0.000001,in_band
2026-07-10T07:56:59Z,91.1147,0.000518,0.000517,-0.000001,in_band
2026-07-10T07:57:00Z,91.1147,0.000518,0.000517,-0.000001,in_band
2026-07-10T07:57:59Z,91.1330,0.000501,0.000500,-0.000001,in_band
2026-07-10T07:58:00Z,91.1330,0.000501,0.000500,-0.000001,in_band
2026-07-10T07:58:59Z,91.1650,0.000485,0.000484,-0.000001,in_band
2026-07-10T07:59:00Z,91.1650,0.000484,0.000483,-0.000001,in_band
2026-07-10T07:59:59Z,91.1696,0.000469,0.000468,-0.000001,in_band
2026-07-10T08:00:00Z,91.1696,0.000469,0.000467,-0.000001,in_band
2026-07-10T08:00:59Z,91.2459,0.000453,0.000452,-0.000001,in_band
2026-07-10T08:01:00Z,91.2459,0.000453,0.000452,-0.000001,in_band
2026-07-10T08:01:59Z,91.2520,0.000439,0.000438,-0.000001,in_band
2026-07-10T08:02:00Z,91.2520,0.000438,0.000437,-0.000001,in_band
2026-07-10T08:02:59Z,91.2474,0.000424,0.000423,-0.000001,in_band
2026-07-10T08:03:00Z,91.2474,0.000424,0.000423,-0.000001,in_band
2026-07-10T08:03:59Z,91.2612,0.000410,0.000409,-0.000001,in_band
2026-07-10T08:04:00Z,91.2612,0.000410,0.000409,-0.000001,in_band
2026-07-10T08:04:59Z,91.3146,0.000397,0.000396,-0.000001,in_band
2026-07-10T08:05:00Z,91.3146,0.000397,0.000396,-0.000001,in_band
2026-07-10T08:05:59Z,91.3161,0.000384,0.000383,-0.000001,in_band
2026-07-10T08:06:00Z,91.3161,0.000384,0.000383,-0.000001,in_band
2026-07-10T08:06:59Z,91.3237,0.000371,0.000370,-0.000001,in_band
2026-07-10T08:07:00Z,91.3237,0.000371,0.000370,-0.000001,in_band
2026-07-10T08:07:59Z,91.3344,0.000359,0.000358,-0.000001,in_band
2026-07-10T08:08:00Z,91.3344,0.000359,0.000358,-0.000001,in_band
2026-07-10T08:08:59Z,91.3390,0.000347,0.000346,-0.000001,in_band
2026-07-10T08:09:00Z,91.3390,0.000347,0.000346,-0.000001,in_band
2026-07-10T08:09:59Z,91.3390,0.000336,0.000335,-0.000001,in_band
2026-07-10T08:10:00Z,91.3390,0.000336,0.000335,-0.000001,in_band
2026-07-10T08:10:59Z,91.3344,0.000325,0.000324,-0.000001,in_band
2026-07-10T08:11:00Z,91.3344,0.000325,0.000324,-0.000001,in_band
2026-07-10T08:11:59Z,91.3252,0.000314,0.000313,-0.000001,in_band
2026-07-10T08:12:00Z,91.3252,0.000314,0.000313,-0.000001,in_band
2026-07-10T08:12:59Z,91.3191,0.000304,0.000303,-0.000001,in_band
2026-07-10T08:13:00Z,91.3191,0.000304,0.000303,-0.000001,in_band
2026-07-10T08:13:59Z,91.3207,0.000294,0.000293,-0.000001,in_band
2026-07-10T08:14:00Z,91.3207,0.000294,0.000293,-0.000001,in_band
2026-07-10T08:14:59Z,91.3024,0.000284,0.000284,-0.000001,in_band
2026-07-10T08:15:00Z,91.3024,0.000284,0.000283,-0.000001,in_band
2026-07-10T08:15:59Z,91.2200,0.000275,0.000274,-0.000001,in_band
2026-07-10T08:16:00Z,91.2200,0.000275,0.000274,-0.000001,in_band
2026-07-10T08:16:59Z,91.2322,0.000266,0.000265,-0.000001,in_band
2026-07-10T08:17:00Z,91.2322,0.000266,0.000265,-0.000001,in_band
2026-07-10T08:17:59Z,91.1925,0.000257,0.000257,-0.000001,in_band
2026-07-10T08:18:00Z,91.1925,0.000257,0.000257,-0.000001,in_band
2026-07-10T08:18:59Z,91.1467,0.000249,0.000248,-0.000001,in_band
2026-07-10T08:19:00Z,91.1467,0.000249,0.000248,-0.000001,in_band
2026-07-10T08:19:59Z,91.1284,0.000241,0.000240,-0.000001,in_band
2026-07-10T08:20:00Z,91.1284,0.000241,0.000240,-0.000001,in_band
2026-07-10T08:20:59Z,91.0826,0.000233,0.000232,-0.000001,in_band
2026-07-10T08:21:00Z,91.0826,0.000233,0.000232,-0.000001,in_band
2026-07-10T08:21:59Z,91.0353,0.000225,0.000225,-0.000001,in_band
2026-07-10T08:22:00Z,91.0353,0.000225,0.000224,-0.000001,in_band
2026-07-10T08:22:59Z,90.9957,0.000218,0.000217,-0.000001,in_band
2026-07-10T08:23:00Z,90.9957,0.000218,0.000217,-0.000001,in_band
2026-07-10T08:23:59Z,90.9407,0.000211,0.000210,-0.000001,in_band
2026-07-10T08:24:00Z,90.9407,0.000211,0.000210,-0.000001,in_band
2026-07-10T08:24:59Z,90.8949,0.000204,0.000203,-0.000000,in_band
2026-07-10T08:25:00Z,90.8949,0.000204,0.000203,-0.000000,in_band
2026-07-10T08:25:59Z,90.8614,0.000197,0.000197,-0.000000,in_band
2026-07-10T08:26:00Z,90.8614,0.000197,0.000196,-0.000000,in_band
2026-07-10T08:26:59Z,90.8064,0.000191,0.000190,-0.000000,in_band
2026-07-10T08:27:00Z,90.8064,0.000190,0.000190,-0.000000,in_band
2026-07-10T08:27:59Z,90.7301,0.000184,0.000184,-0.000000,in_band
2026-07-10T08:28:00Z,90.7301,0.000184,0.000184,-0.000000,in_band
2026-07-10T08:28:59Z,90.6508,0.000178,0.000178,-0.000000,in_band
2026-07-10T08:29:00Z,90.6508,0.000178,0.000178,-0.000000,in_band
2026-07-10T08:29:59Z,90.5379,0.000172,0.000172,-0.000000,in_band
2026-07-10T08:30:00Z,90.5379,0.000172,0.000172,-0.000000,in_band
2026-07-10T08:30:59Z,90.4540,0.000167,0.000166,-0.000000,in_band
2026-07-10T08:31:00Z,90.4540,0.000167,0.000166,-0.000000,in_band
2026-07-10T08:31:59Z,90.3716,0.000161,0.000161,-0.000000,in_band
2026-07-10T08:32:00Z,90.3716,0.000161,0.000161,-0.000000,in_band
2026-07-10T08:32:59Z,90.3090,0.000156,0.000156,-0.000000,in_band
2026-07-10T08:33:00Z,90.3090,0.000156,0.000156,-0.000000,in_band
2026-07-10T08:33:59Z,90.2296,0.000151,0.000151,-0.000000,in_band
2026-07-10T08:34:00Z,90.2296,0.000151,0.000150,-0.000000,in_band
2026-07-10T08:34:59Z,90.1442,0.000146,0.000146,-0.000000,in_band
2026-07-10T08:35:00Z,90.1442,0.000146,0.000146,-0.000000,in_band
2026-07-10T08:35:59Z,89.9794,0.000141,0.000201,0.000060,below_midpoint_feather
2026-07-10T08:36:42Z,89.9199,0.000606,0.001054,0.000448,below_midpoint_feather
2026-07-10T08:36:59Z,89.9382,0.001056,0.000689,-0.000367,below_midpoint_feather
2026-07-10T08:37:35Z,89.8009,0.002593,0.005821,0.003228,below_midpoint_feather
2026-07-10T08:37:47Z,89.8634,0.003608,0.002863,-0.000744,below_midpoint_feather
2026-07-10T08:38:12Z,89.7414,0.006272,0.009821,0.003548,below_midpoint_feather
2026-07-10T08:38:17Z,89.8238,0.006296,0.004753,-0.001543,below_midpoint_feather
2026-07-10T08:39:24Z,89.6315,0.015395,0.020396,0.005001,below_midpoint_feather
2026-07-10T08:39:57Z,89.6300,0.023657,0.021302,-0.002355,below_midpoint_feather
2026-07-10T08:40:33Z,89.5720,0.034183,0.029122,-0.005062,below_midpoint_feather
2026-07-10T08:40:59Z,89.4530,0.041800,0.046885,0.005085,below_midpoint_feather
2026-07-10T08:41:07Z,89.4926,0.044973,0.041397,-0.003576,below_midpoint_feather
2026-07-10T08:41:36Z,89.3797,0.052857,0.061448,0.008591,below_midpoint_feather
2026-07-10T08:42:46Z,89.3248,0.069980,0.078126,0.008146,below_midpoint_feather
2026-07-10T08:42:53Z,89.3614,0.074945,0.072066,-0.002879,below_midpoint_feather
2026-07-10T08:43:16Z,89.2546,0.084057,0.095822,0.011764,below_midpoint_feather
2026-07-10T08:43:45Z,89.3004,0.097153,0.090308,-0.006845,below_midpoint_feather
2026-07-10T08:44:44Z,89.1691,0.118023,0.128272,0.010249,below_midpoint_feather
2026-07-10T08:44:55Z,89.1920,0.129449,0.124897,-0.004552,below_midpoint_feather
2026-07-10T08:45:22Z,89.1325,0.134905,0.144224,0.009319,below_midpoint_feather
2026-07-10T08:45:25Z,89.1630,0.142854,0.137428,-0.005426,below_midpoint_feather
2026-07-10T08:46:17Z,89.0578,0.179537,0.175583,-0.003954,below_midpoint_feather
2026-07-10T08:46:42Z,88.9662,0.191770,0.207727,0.015957,below_midpoint_feather
2026-07-10T08:47:25Z,88.9494,0.230839,0.225244,-0.005596,below_midpoint_feather
2026-07-10T08:47:28Z,88.8838,0.233178,0.246414,0.013237,below_midpoint_feather
2026-07-10T08:48:05Z,88.9036,0.261348,0.252745,-0.008603,below_midpoint_feather
2026-07-10T08:48:59Z,88.7800,0.302044,0.314296,0.012252,below_midpoint_feather
2026-07-10T08:49:52Z,88.7205,0.343593,0.358737,0.015144,below_midpoint_feather
2026-07-10T08:49:57Z,88.8151,0.346436,0.327908,-0.018527,below_midpoint_feather
2026-07-10T08:50:29Z,88.7327,0.381505,0.371937,-0.009568,below_midpoint_feather
2026-07-10T08:50:56Z,88.5908,0.416983,0.439604,0.022622,below_midpoint_feather
2026-07-10T08:51:39Z,88.6091,0.468381,0.456165,-0.012216,below_midpoint_feather
2026-07-10T08:51:44Z,88.5466,0.465759,0.484420,0.018661,below_midpoint_feather
2026-07-10T08:52:36Z,88.5008,0.518611,0.536188,0.017578,below_midpoint_feather
2026-07-10T08:52:55Z,88.5222,0.550531,0.539839,-0.010692,below_midpoint_feather
2026-07-10T08:53:16Z,88.4550,0.564955,0.582954,0.018000,below_midpoint_feather
2026-07-10T08:53:41Z,88.5054,0.590562,0.579400,-0.011161,below_midpoint_feather
2026-07-10T08:54:14Z,88.4504,0.606913,0.627100,0.020187,below_midpoint_feather
2026-07-10T08:54:49Z,88.4688,0.651959,0.645613,-0.006346,below_midpoint_feather
2026-07-10T08:55:10Z,88.4001,0.673957,0.691127,0.017170,below_midpoint_feather
2026-07-10T08:55:17Z,88.4504,0.685916,0.675124,-0.010792,below_midpoint_feather
2026-07-10T08:56:39Z,88.3589,0.755419,0.779942,0.024523,below_midpoint_feather
2026-07-10T08:56:51Z,88.4321,0.768492,0.758553,-0.009939,below_midpoint_feather
2026-07-10T08:57:27Z,88.3940,0.790435,0.804642,0.014206,below_midpoint_feather
2026-07-10T08:57:49Z,88.4627,0.809376,0.793662,-0.015713,below_midpoint_feather
2026-07-10T08:58:25Z,88.3864,0.830911,0.856157,0.025246,below_midpoint_feather
2026-07-10T08:58:55Z,88.4962,0.846620,0.834086,-0.012534,below_midpoint_feather
2026-07-10T08:59:09Z,88.4535,0.846364,0.863760,0.017396,below_midpoint_feather
2026-07-10T08:59:47Z,88.5542,0.869059,0.851651,-0.017408,below_midpoint_feather
2026-07-10T09:00:01Z,88.5283,0.862141,0.873370,0.011229,below_midpoint_feather
2026-07-10T09:00:32Z,88.6687,0.851344,0.840753,-0.010591,below_midpoint_feather
2026-07-10T09:01:30Z,88.7984,0.845989,0.833162,-0.012827,below_midpoint_feather
2026-07-10T09:01:41Z,88.7526,0.838981,0.855878,0.016897,below_midpoint_feather
2026-07-10T09:02:25Z,88.8014,0.849887,0.863957,0.014070,below_midpoint_feather
2026-07-10T09:02:38Z,88.9021,0.848298,0.837917,-0.010381,below_midpoint_feather
2026-07-10T09:03:38Z,89.0623,0.832672,0.819975,-0.012696,below_midpoint_feather
2026-07-10T09:03:47Z,89.0120,0.823488,0.837546,0.014059,below_midpoint_feather
2026-07-10T09:04:19Z,89.0776,0.819337,0.831999,0.012662,below_midpoint_feather
2026-07-10T09:04:36Z,89.1875,0.820729,0.810743,-0.009986,below_midpoint_feather
2026-07-10T09:05:19Z,89.2409,0.805123,0.811770,0.006646,below_midpoint_feather
2026-07-10T09:05:50Z,89.3294,0.808308,0.801540,-0.006768,below_midpoint_feather
2026-07-10T09:06:03Z,89.2912,0.803767,0.811957,0.008190,below_midpoint_feather
2026-07-10T09:06:08Z,89.3614,0.806043,0.799590,-0.006453,below_midpoint_feather
2026-07-10T09:07:14Z,89.5491,0.785402,0.782237,-0.003165,below_midpoint_feather
2026-07-10T09:07:25Z,89.4972,0.787563,0.790758,0.003194,below_midpoint_feather
2026-07-10T09:08:20Z,89.6803,0.779984,0.775324,-0.004660,below_midpoint_feather
2026-07-10T09:08:43Z,89.6666,0.775345,0.778461,0.003116,below_midpoint_feather
2026-07-10T09:09:03Z,89.6864,0.772656,0.777981,0.005325,below_midpoint_feather
2026-07-10T09:09:10Z,89.7780,0.774730,0.771422,-0.003308,below_midpoint_feather
2026-07-10T09:10:07Z,89.8604,0.768249,0.769561,0.001312,below_midpoint_feather
2026-07-10T09:10:20Z,89.9519,0.767803,0.767454,-0.000348,below_midpoint_feather
2026-07-10T09:11:04Z,90.0023,0.767145,0.766181,-0.000964,in_band
2026-07-10T09:11:10Z,89.9886,0.764620,0.765418,0.000798,below_midpoint_feather
2026-07-10T09:12:00Z,90.1289,0.744053,0.744787,0.000735,in_band
2026-07-10T09:12:59Z,90.2617,0.720243,0.720943,0.000700,in_band
2026-07-10T09:13:00Z,90.2617,0.719845,0.720544,0.000700,in_band
2026-07-10T09:13:59Z,90.3227,0.696700,0.697373,0.000673,in_band
2026-07-10T09:14:00Z,90.3227,0.696314,0.696987,0.000673,in_band
2026-07-10T09:14:59Z,90.4128,0.673886,0.674535,0.000649,in_band
2026-07-10T09:15:00Z,90.4128,0.673512,0.674161,0.000649,in_band
2026-07-10T09:15:59Z,90.5455,0.651803,0.652430,0.000627,in_band
2026-07-10T09:16:00Z,90.5455,0.651441,0.652068,0.000627,in_band
2026-07-10T09:16:59Z,90.7012,0.630438,0.631044,0.000607,in_band
2026-07-10T09:17:00Z,90.7012,0.630088,0.630694,0.000606,in_band
2026-07-10T09:17:59Z,90.8431,0.609771,0.610358,0.000587,in_band
2026-07-10T09:18:00Z,90.8431,0.609432,0.610019,0.000586,in_band
2026-07-10T09:18:59Z,91.0277,0.589781,0.590348,0.000567,in_band
2026-07-10T09:19:00Z,91.0277,0.589453,0.590020,0.000567,in_band
2026-07-10T09:19:59Z,91.2016,0.570445,0.570994,0.000549,in_band
2026-07-10T09:20:00Z,91.2016,0.570129,0.570677,0.000549,in_band
2026-07-10T09:20:59Z,91.4382,0.551744,0.552275,0.000531,in_band
2026-07-10T09:21:38Z,91.5023,0.539918,0.540682,0.000763,above_band_high
2026-07-10T09:21:39Z,91.5206,0.538958,0.532870,-0.006088,above_band_high
2026-07-10T09:23:50Z,91.8929,0.385554,0.364250,-0.021304,above_band_high
2026-07-10T09:23:59Z,91.8639,0.366192,0.374725,0.008533,above_band_high
2026-07-10T09:24:00Z,91.8639,0.365980,0.374499,0.008520,above_band_high
2026-07-10T09:24:16Z,91.9646,0.344665,0.327628,-0.017037,above_band_high
2026-07-10T09:25:18Z,92.1431,0.256793,0.229923,-0.026870,above_band_high
2026-07-10T09:25:37Z,92.1431,0.211960,0.221314,0.009354,above_band_high
2026-07-10T09:26:18Z,92.2728,0.162521,0.144057,-0.018464,above_band_high
2026-07-10T09:26:59Z,92.3262,0.085999,0.095059,0.009061,above_band_high
2026-07-10T09:27:00Z,92.3262,0.085317,0.094363,0.009047,above_band_high
2026-07-10T09:27:28Z,92.4681,0.046369,0.013487,-0.032883,above_band_high
2026-07-10T09:28:00Z,92.4865,0.000000,0.000000,0.000000,above_band_high
2026-07-10T09:29:00Z,92.6101,0.000000,0.000000,0.000000,above_band_high
2026-07-10T09:30:00Z,92.7626,0.000000,0.000000,0.000000,above_band_high
2026-07-10T09:31:00Z,92.8069,0.000000,0.000000,0.000000,above_band_high
2026-07-10T09:32:00Z,92.8130,0.000000,0.000000,0.000000,above_band_high
2026-07-10T09:33:00Z,92.8405,0.000000,0.000000,0.000000,above_band_high
2026-07-10T09:34:00Z,92.8359,0.000000,0.000000,0.000000,above_band_high
2026-07-10T09:35:00Z,92.8405,0.000000,0.000000,0.000000,above_band_high
2026-07-10T09:36:00Z,92.8542,0.000000,0.000000,0.000000,above_band_high
2026-07-10T09:37:00Z,92.8664,0.000000,0.000000,0.000000,above_band_high
2026-07-10T09:38:00Z,92.9351,0.000000,0.000000,0.000000,above_band_high
2026-07-10T09:39:00Z,92.9397,0.000000,0.000000,0.000000,above_band_high
2026-07-10T09:40:00Z,92.9274,0.000000,0.000000,0.000000,above_band_high
2026-07-10T09:41:00Z,92.9808,0.000000,0.000000,0.000000,above_band_high
2026-07-10T09:42:00Z,92.9808,0.000000,0.000000,0.000000,above_band_high
2026-07-10T09:43:00Z,93.0037,0.000000,0.000000,0.000000,above_band_high
2026-07-10T09:44:00Z,93.0358,0.000000,0.000000,0.000000,above_band_high
2026-07-10T09:45:00Z,93.0495,0.000000,0.000000,0.000000,above_band_high
2026-07-10T09:46:00Z,93.0831,0.000000,0.000000,0.000000,above_band_high
2026-07-10T09:47:00Z,93.0831,0.000000,0.000000,0.000000,above_band_high
2026-07-10T09:48:00Z,93.1014,0.000000,0.000000,0.000000,above_band_high
2026-07-10T09:49:00Z,93.0968,0.000000,0.000000,0.000000,above_band_high
2026-07-10T09:50:00Z,93.1426,0.000000,0.000000,0.000000,above_band_high
2026-07-10T09:51:00Z,93.1136,0.000000,0.000000,0.000000,above_band_high
2026-07-10T09:52:00Z,93.1472,0.000000,0.000000,0.000000,above_band_high
2026-07-10T09:53:00Z,93.1930,0.000000,0.000000,0.000000,above_band_high
2026-07-10T09:54:00Z,93.1701,0.000000,0.000000,0.000000,above_band_high
2026-07-10T09:55:00Z,93.1411,0.000000,0.000000,0.000000,above_band_high
2026-07-10T09:56:00Z,93.1701,0.000000,0.000000,0.000000,above_band_high
2026-07-10T09:57:00Z,93.1411,0.000000,0.000000,0.000000,above_band_high
2026-07-10T09:58:00Z,93.1548,0.000000,0.000000,0.000000,above_band_high
2026-07-10T09:59:00Z,93.1548,0.000000,0.000000,0.000000,above_band_high
2026-07-10T10:00:00Z,93.1228,0.000000,0.000000,0.000000,above_band_high
2026-07-10T10:01:00Z,93.1746,0.000000,0.000000,0.000000,above_band_high
2026-07-10T10:02:00Z,93.1594,0.000000,0.000000,0.000000,above_band_high
2026-07-10T10:03:00Z,93.1563,0.000000,0.000000,0.000000,above_band_high
2026-07-10T10:04:00Z,93.1426,0.000000,0.000000,0.000000,above_band_high
2026-07-10T10:05:00Z,93.1914,0.000000,0.000000,0.000000,above_band_high
2026-07-10T10:06:00Z,93.1243,0.000000,0.000000,0.000000,above_band_high
2026-07-10T10:07:00Z,93.1197,0.000000,0.000000,0.000000,above_band_high
2026-07-10T10:08:00Z,93.0816,0.000000,0.000000,0.000000,above_band_high
2026-07-10T10:09:00Z,93.0556,0.000000,0.000000,0.000000,above_band_high
2026-07-10T10:10:00Z,93.0129,0.000000,0.000000,0.000000,above_band_high
2026-07-10T10:11:00Z,93.0175,0.000000,0.000000,0.000000,above_band_high
2026-07-10T10:12:00Z,93.0175,0.000000,0.000000,0.000000,above_band_high
2026-07-10T10:13:00Z,92.9992,0.000000,0.000000,0.000000,above_band_high
2026-07-10T10:14:00Z,92.9717,0.000000,0.000000,0.000000,above_band_high
2026-07-10T10:15:00Z,92.9366,0.000000,0.000000,0.000000,above_band_high
2026-07-10T10:16:00Z,92.9030,0.000000,0.000000,0.000000,above_band_high
2026-07-10T10:17:00Z,92.8817,0.000000,0.000000,0.000000,above_band_high
2026-07-10T10:18:00Z,92.8542,0.000000,0.000000,0.000000,above_band_high
2026-07-10T10:19:00Z,92.8069,0.000000,0.000000,0.000000,above_band_high
2026-07-10T10:20:00Z,92.7657,0.000000,0.000000,0.000000,above_band_high
2026-07-10T10:21:00Z,92.7855,0.000000,0.000000,0.000000,above_band_high
2026-07-10T10:22:00Z,92.7352,0.000000,0.000000,0.000000,above_band_high
2026-07-10T10:23:00Z,92.7169,0.000000,0.000000,0.000000,above_band_high
2026-07-10T10:24:00Z,92.6787,0.000000,0.000000,0.000000,above_band_high
2026-07-10T10:25:00Z,92.6604,0.000000,0.000000,0.000000,above_band_high
2026-07-10T10:26:00Z,92.6329,0.000000,0.000000,0.000000,above_band_high
2026-07-10T10:27:00Z,92.5826,0.000000,0.000000,0.000000,above_band_high
2026-07-10T10:28:00Z,92.5338,0.000000,0.000000,0.000000,above_band_high
2026-07-10T10:29:00Z,92.4178,0.000000,0.000000,0.000000,above_band_high
2026-07-10T10:30:00Z,92.3323,0.000000,0.000000,0.000000,above_band_high
2026-07-10T10:31:00Z,92.2042,0.000000,0.000000,0.000000,above_band_high
2026-07-10T10:32:00Z,92.1218,0.000000,0.000000,0.000000,above_band_high
2026-07-10T10:33:00Z,92.0256,0.000000,0.000000,0.000000,above_band_high
2026-07-10T10:34:00Z,92.0027,0.000000,0.000000,0.000000,above_band_high
2026-07-10T10:35:00Z,91.8975,0.000000,0.000000,0.000000,above_band_high
2026-07-10T10:36:00Z,91.7830,0.000000,0.000000,0.000000,above_band_high
2026-07-10T10:37:00Z,91.6960,0.000000,0.000000,0.000000,above_band_high
2026-07-10T10:38:00Z,91.6167,0.000000,0.000000,0.000000,above_band_high
2026-07-10T10:39:15Z,91.4931,0.000000,0.006927,0.006927,in_band
2026-07-10T10:39:27Z,91.5068,0.005156,0.002863,-0.002293,above_band_high
2026-07-10T10:40:57Z,91.3390,0.001382,0.001307,-0.000076,in_band
2026-07-10T10:40:59Z,91.3481,0.001337,0.001264,-0.000073,in_band
2026-07-10T10:41:00Z,91.3481,0.001315,0.001243,-0.000072,in_band
2026-07-10T10:41:59Z,91.1772,0.000496,0.000469,-0.000027,in_band
2026-07-10T10:42:00Z,91.1772,0.000488,0.000461,-0.000027,in_band
2026-07-10T10:42:59Z,91.0445,0.000184,0.000174,-0.000010,in_band
2026-07-10T10:43:00Z,91.0445,0.000181,0.000171,-0.000010,in_band
2026-07-10T10:43:59Z,90.8934,0.000068,0.000065,-0.000004,in_band
2026-07-10T10:44:00Z,90.8934,0.000067,0.000063,-0.000004,in_band
2026-07-10T10:44:59Z,90.8354,0.000025,0.000024,-0.000001,in_band
2026-07-10T10:45:00Z,90.8354,0.000025,0.000024,-0.000001,in_band
2026-07-10T10:45:59Z,90.7469,0.000009,0.000009,-0.000001,in_band
2026-07-10T10:46:00Z,90.7469,0.000009,0.000009,-0.000001,in_band
2026-07-10T10:46:59Z,90.6645,0.000003,0.000003,-0.000000,in_band
2026-07-10T10:47:00Z,90.6645,0.000003,0.000003,-0.000000,in_band
2026-07-10T10:47:59Z,90.6065,0.000001,0.000001,-0.000000,in_band
2026-07-10T10:48:00Z,90.6065,0.000001,0.000001,-0.000000,in_band
2026-07-10T10:48:59Z,90.6004,0.000000,0.000000,-0.000000,in_band
2026-07-10T10:49:00Z,90.6004,0.000000,0.000000,-0.000000,in_band
2026-07-10T10:49:59Z,90.6340,0.000000,0.000000,-0.000000,in_band
2026-07-10T10:50:00Z,90.6340,0.000000,0.000000,-0.000000,in_band
2026-07-10T10:50:59Z,90.6188,0.000000,0.000000,-0.000000,in_band
2026-07-10T10:51:00Z,90.6188,0.000000,0.000000,-0.000000,in_band
2026-07-10T10:51:59Z,90.6340,0.000000,0.000000,-0.000000,in_band
2026-07-10T10:52:00Z,90.6340,0.000000,0.000000,-0.000000,in_band
2026-07-10T10:52:59Z,90.6340,0.000000,0.000000,-0.000000,in_band
2026-07-10T10:53:00Z,90.6340,0.000000,0.000000,-0.000000,in_band
2026-07-10T10:53:59Z,90.6188,0.000000,0.000000,-0.000000,in_band
2026-07-10T10:54:00Z,90.6188,0.000000,0.000000,-0.000000,in_band
2026-07-10T10:54:59Z,90.5730,0.000000,0.000000,-0.000000,in_band
2026-07-10T10:55:00Z,90.5730,0.000000,0.000000,-0.000000,in_band
2026-07-10T10:55:59Z,90.5013,0.000000,0.000000,-0.000000,in_band
2026-07-10T10:56:00Z,90.5013,0.000000,0.000000,-0.000000,in_band
2026-07-10T10:56:59Z,90.4952,0.000000,0.000000,-0.000000,in_band
2026-07-10T10:57:00Z,90.4952,0.000000,0.000000,-0.000000,in_band
2026-07-10T10:57:59Z,90.4585,0.000000,0.000000,-0.000000,in_band
2026-07-10T10:58:00Z,90.4585,0.000000,0.000000,-0.000000,in_band
2026-07-10T10:58:59Z,90.4417,0.000000,0.000000,-0.000000,in_band
2026-07-10T10:59:00Z,90.4417,0.000000,0.000000,-0.000000,in_band
2026-07-10T10:59:59Z,90.4173,0.000000,0.000000,-0.000000,in_band
2026-07-10T11:00:00Z,90.4173,0.000000,0.000000,-0.000000,in_band
2026-07-10T11:00:59Z,90.3914,0.000000,0.000000,-0.000000,in_band
2026-07-10T11:01:00Z,90.3914,0.000000,0.000000,-0.000000,in_band
2026-07-10T11:01:59Z,90.3990,0.000000,0.000000,-0.000000,in_band
2026-07-10T11:02:00Z,90.3990,0.000000,0.000000,-0.000000,in_band
2026-07-10T11:02:59Z,90.3807,0.000000,0.000000,-0.000000,in_band
2026-07-10T11:03:00Z,90.3807,0.000000,0.000000,-0.000000,in_band
2026-07-10T11:03:59Z,90.3807,0.000000,0.000000,-0.000000,in_band
2026-07-10T11:04:00Z,90.3807,0.000000,0.000000,-0.000000,in_band
2026-07-10T11:04:59Z,90.3761,0.000000,0.000000,-0.000000,in_band
2026-07-10T11:05:00Z,90.3761,0.000000,0.000000,-0.000000,in_band
2026-07-10T11:05:59Z,90.3670,0.000000,0.000000,-0.000000,in_band
2026-07-10T11:06:00Z,90.3670,0.000000,0.000000,-0.000000,in_band
2026-07-10T11:06:59Z,90.3990,0.000000,0.000000,-0.000000,in_band
2026-07-10T11:07:00Z,90.3990,0.000000,0.000000,-0.000000,in_band
2026-07-10T11:07:59Z,90.3914,0.000000,0.000000,-0.000000,in_band
2026-07-10T11:08:00Z,90.3914,0.000000,0.000000,-0.000000,in_band
2026-07-10T11:08:59Z,90.4189,0.000000,0.000000,-0.000000,in_band
2026-07-10T11:09:00Z,90.4189,0.000000,0.000000,-0.000000,in_band
2026-07-10T11:09:59Z,90.4723,0.000000,0.000000,-0.000000,in_band
2026-07-10T11:10:00Z,90.4723,0.000000,0.000000,-0.000000,in_band
2026-07-10T11:10:59Z,90.4509,0.000000,0.000000,-0.000000,in_band
2026-07-10T11:11:00Z,90.4509,0.000000,0.000000,-0.000000,in_band
2026-07-10T11:11:59Z,90.5150,0.000000,0.000000,-0.000000,in_band
2026-07-10T11:12:00Z,90.5150,0.000000,0.000000,-0.000000,in_band
2026-07-10T11:12:59Z,90.5882,0.000000,0.000000,-0.000000,in_band
2026-07-10T11:13:00Z,90.5882,0.000000,0.000000,-0.000000,in_band
2026-07-10T11:13:59Z,90.6844,0.000000,0.000000,-0.000000,in_band
2026-07-10T11:14:00Z,90.6844,0.000000,0.000000,-0.000000,in_band
2026-07-10T11:14:59Z,90.7744,0.000000,0.000000,-0.000000,in_band
2026-07-10T11:15:00Z,90.7744,0.000000,0.000000,-0.000000,in_band
2026-07-10T11:15:59Z,90.8797,0.000000,0.000000,-0.000000,in_band
2026-07-10T11:16:00Z,90.8797,0.000000,0.000000,-0.000000,in_band
2026-07-10T11:16:59Z,90.8980,0.000000,0.000000,-0.000000,in_band
2026-07-10T11:17:00Z,90.8980,0.000000,0.000000,-0.000000,in_band
2026-07-10T11:17:59Z,90.9957,0.000000,0.000000,-0.000000,in_band
2026-07-10T11:18:00Z,90.9957,0.000000,0.000000,-0.000000,in_band
2026-07-10T11:18:59Z,90.9895,0.000000,0.000000,-0.000000,in_band
2026-07-10T11:19:00Z,90.9895,0.000000,0.000000,-0.000000,in_band
2026-07-10T11:19:59Z,91.0140,0.000000,0.000000,-0.000000,in_band
2026-07-10T11:20:00Z,91.0140,0.000000,0.000000,-0.000000,in_band
2026-07-10T11:20:59Z,91.0185,0.000000,0.000000,-0.000000,in_band
2026-07-10T11:21:00Z,91.0185,0.000000,0.000000,-0.000000,in_band
2026-07-10T11:21:59Z,90.9941,0.000000,0.000000,-0.000000,in_band
2026-07-10T11:22:00Z,90.9941,0.000000,0.000000,-0.000000,in_band
2026-07-10T11:22:59Z,90.9865,0.000000,0.000000,-0.000000,in_band
2026-07-10T11:23:00Z,90.9865,0.000000,0.000000,-0.000000,in_band
2026-07-10T11:23:59Z,91.0079,0.000000,0.000000,-0.000000,in_band
2026-07-10T11:24:00Z,91.0079,0.000000,0.000000,-0.000000,in_band
2026-07-10T11:24:59Z,91.0002,0.000000,0.000000,-0.000000,in_band
2026-07-10T11:25:00Z,91.0002,0.000000,0.000000,-0.000000,in_band
2026-07-10T11:25:59Z,91.0140,0.000000,0.000000,-0.000000,in_band
2026-07-10T11:26:00Z,91.0140,0.000000,0.000000,-0.000000,in_band
2026-07-10T11:26:59Z,90.9773,0.000000,0.000000,-0.000000,in_band
2026-07-10T11:27:00Z,90.9773,0.000000,0.000000,-0.000000,in_band
2026-07-10T11:27:59Z,90.9133,0.000000,0.000000,-0.000000,in_band
2026-07-10T11:28:00Z,90.9133,0.000000,0.000000,-0.000000,in_band
2026-07-10T11:28:59Z,90.7988,0.000000,0.000000,-0.000000,in_band
2026-07-10T11:29:00Z,90.7988,0.000000,0.000000,-0.000000,in_band
2026-07-10T11:29:59Z,90.7607,0.000000,0.000000,-0.000000,in_band
2026-07-10T11:30:00Z,90.7607,0.000000,0.000000,-0.000000,in_band
2026-07-10T11:30:59Z,90.6737,0.000000,0.000000,-0.000000,in_band
2026-07-10T11:31:00Z,90.6737,0.000000,0.000000,-0.000000,in_band
2026-07-10T11:31:59Z,90.6325,0.000000,0.000000,-0.000000,in_band
2026-07-10T11:32:00Z,90.6325,0.000000,0.000000,-0.000000,in_band
2026-07-10T11:32:59Z,90.5959,0.000000,0.000000,-0.000000,in_band
2026-07-10T11:33:00Z,90.5959,0.000000,0.000000,-0.000000,in_band
2026-07-10T11:33:59Z,90.5821,0.000000,0.000000,-0.000000,in_band
2026-07-10T11:34:00Z,90.5821,0.000000,0.000000,-0.000000,in_band
2026-07-10T11:34:59Z,90.5318,0.000000,0.000000,-0.000000,in_band
2026-07-10T11:35:00Z,90.5318,0.000000,0.000000,-0.000000,in_band
2026-07-10T11:35:59Z,90.5089,0.000000,0.000000,-0.000000,in_band
2026-07-10T11:36:00Z,90.5089,0.000000,0.000000,-0.000000,in_band
2026-07-10T11:36:59Z,90.4860,0.000000,0.000000,-0.000000,in_band
2026-07-10T11:37:00Z,90.4860,0.000000,0.000000,-0.000000,in_band
2026-07-10T11:37:59Z,90.4860,0.000000,0.000000,-0.000000,in_band
2026-07-10T11:38:00Z,90.4860,0.000000,0.000000,-0.000000,in_band
2026-07-10T11:38:59Z,90.4952,0.000000,0.000000,-0.000000,in_band
2026-07-10T11:39:00Z,90.4952,0.000000,0.000000,-0.000000,in_band
2026-07-10T11:39:59Z,90.3899,0.000000,0.000000,-0.000000,in_band
2026-07-10T11:40:00Z,90.3899,0.000000,0.000000,-0.000000,in_band
2026-07-10T11:40:59Z,90.4494,0.000000,0.000000,-0.000000,in_band
2026-07-10T11:41:00Z,90.4494,0.000000,0.000000,-0.000000,in_band
2026-07-10T11:41:59Z,90.3487,0.000000,0.000000,-0.000000,in_band
2026-07-10T11:42:00Z,90.3487,0.000000,0.000000,-0.000000,in_band
2026-07-10T11:42:59Z,90.3273,0.000000,0.000000,-0.000000,in_band
2026-07-10T11:43:00Z,90.3273,0.000000,0.000000,-0.000000,in_band
2026-07-10T11:43:59Z,90.2907,0.000000,0.000000,-0.000000,in_band
2026-07-10T11:44:00Z,90.2907,0.000000,0.000000,-0.000000,in_band
2026-07-10T11:44:59Z,90.2495,0.000000,0.000000,-0.000000,in_band
2026-07-10T11:45:00Z,90.2495,0.000000,0.000000,-0.000000,in_band
2026-07-10T11:45:59Z,90.2113,0.000000,0.000000,-0.000000,in_band
2026-07-10T11:46:00Z,90.2113,0.000000,0.000000,-0.000000,in_band
2026-07-10T11:46:59Z,90.1472,0.000000,0.000000,-0.000000,in_band
2026-07-10T11:47:00Z,90.1472,0.000000,0.000000,-0.000000,in_band
2026-07-10T11:47:59Z,90.0801,0.000000,0.000000,-0.000000,in_band
2026-07-10T11:48:00Z,90.0801,0.000000,0.000000,-0.000000,in_band
2026-07-10T11:48:59Z,90.0603,0.000000,0.000000,-0.000000,in_band
2026-07-10T11:49:49Z,89.9565,0.000001,0.000269,0.000268,below_midpoint_feather
2026-07-10T11:49:55Z,90.0023,0.000002,0.000000,-0.000002,in_band
2026-07-10T11:50:43Z,89.9779,0.000271,0.000076,-0.000195,below_midpoint_feather
2026-07-10T11:50:49Z,89.9092,0.000398,0.001181,0.000783,below_midpoint_feather
2026-07-10T11:51:09Z,89.8924,0.000666,0.001665,0.000998,below_midpoint_feather
2026-07-10T11:51:53Z,89.9321,0.001842,0.000728,-0.001114,below_midpoint_feather
2026-07-10T11:52:15Z,89.8177,0.001932,0.004845,0.002913,below_midpoint_feather
2026-07-10T11:52:29Z,89.8863,0.003340,0.001994,-0.001346,below_midpoint_feather
2026-07-10T11:53:21Z,89.8329,0.005468,0.004351,-0.001117,below_midpoint_feather
2026-07-10T11:53:33Z,89.7993,0.004447,0.006180,0.001733,below_midpoint_feather
2026-07-10T11:54:41Z,89.7826,0.009661,0.007826,-0.001835,below_midpoint_feather
2026-07-10T11:54:43Z,89.7002,0.010011,0.013915,0.003904,below_midpoint_feather
2026-07-10T11:55:35Z,89.7490,0.013287,0.010971,-0.002316,below_midpoint_feather
2026-07-10T11:55:39Z,89.6407,0.013001,0.020457,0.007455,below_midpoint_feather
2026-07-10T11:56:23Z,89.6452,0.016148,0.021031,0.004883,below_midpoint_feather
2026-07-10T11:56:41Z,89.7124,0.018266,0.015402,-0.002865,below_midpoint_feather
2026-07-10T11:57:25Z,89.7169,0.019609,0.016401,-0.003208,below_midpoint_feather
2026-07-10T11:57:57Z,89.6300,0.021081,0.025534,0.004454,below_midpoint_feather
2026-07-10T11:58:05Z,89.7124,0.021346,0.018096,-0.003251,below_midpoint_feather
2026-07-10T11:58:13Z,89.6208,0.021615,0.027046,0.005431,below_midpoint_feather
2026-07-10T11:59:17Z,89.7047,0.024259,0.021217,-0.003042,below_midpoint_feather
2026-07-10T11:59:51Z,89.6681,0.022704,0.025663,0.002959,below_midpoint_feather
2026-07-10T12:00:37Z,89.6910,0.022217,0.025075,0.002858,below_midpoint_feather
2026-07-10T12:00:53Z,89.7551,0.023446,0.020517,-0.002929,below_midpoint_feather
2026-07-10T12:01:07Z,89.7032,0.022773,0.024926,0.002153,below_midpoint_feather
2026-07-10T12:01:27Z,89.7765,0.022760,0.020072,-0.002688,below_midpoint_feather
2026-07-10T12:02:07Z,89.7719,0.023717,0.021425,-0.002292,below_midpoint_feather
2026-07-10T12:02:53Z,89.7093,0.023004,0.027160,0.004157,below_midpoint_feather
2026-07-10T12:03:13Z,89.7719,0.024750,0.023007,-0.001743,below_midpoint_feather
2026-07-10T12:03:25Z,89.6986,0.024585,0.028795,0.004210,below_midpoint_feather
2026-07-10T12:04:33Z,89.6818,0.026546,0.031815,0.005269,below_midpoint_feather
2026-07-10T12:04:45Z,89.7536,0.028437,0.026338,-0.002099,below_midpoint_feather
2026-07-10T12:05:07Z,89.7459,0.031220,0.027406,-0.003814,below_midpoint_feather
2026-07-10T12:05:15Z,89.6956,0.027862,0.031604,0.003743,below_midpoint_feather
2026-07-10T12:06:45Z,89.6391,0.036013,0.039401,0.003388,below_midpoint_feather
2026-07-10T12:06:51Z,89.6956,0.038871,0.034244,-0.004627,below_midpoint_feather
2026-07-10T12:07:15Z,89.5979,0.038737,0.044844,0.006107,below_midpoint_feather
2026-07-10T12:07:45Z,89.6574,0.045141,0.039630,-0.005511,below_midpoint_feather
2026-07-10T12:08:15Z,89.6529,0.045159,0.041300,-0.003859,below_midpoint_feather
2026-07-10T12:08:57Z,89.5583,0.049104,0.053794,0.004691,below_midpoint_feather
2026-07-10T12:09:13Z,89.5445,0.048478,0.056309,0.007831,below_midpoint_feather
2026-07-10T12:09:35Z,89.6208,0.054791,0.048363,-0.006428,below_midpoint_feather
2026-07-10T12:10:13Z,89.4972,0.060395,0.065975,0.005580,below_midpoint_feather
2026-07-10T12:10:21Z,89.5567,0.064816,0.058447,-0.006369,below_midpoint_feather
2026-07-10T12:11:21Z,89.5384,0.070527,0.064797,-0.005729,below_midpoint_feather
2026-07-10T12:11:57Z,89.4484,0.075452,0.080459,0.005007,below_midpoint_feather
2026-07-10T12:12:35Z,89.4240,0.082722,0.087483,0.004761,below_midpoint_feather
2026-07-10T12:12:53Z,89.4697,0.086465,0.081869,-0.004596,below_midpoint_feather
2026-07-10T12:13:31Z,89.4560,0.093518,0.087556,-0.005962,below_midpoint_feather
2026-07-10T12:13:47Z,89.3736,0.093853,0.102868,0.009015,below_midpoint_feather
2026-07-10T12:14:37Z,89.4255,0.104260,0.099331,-0.004929,below_midpoint_feather
2026-07-10T12:14:53Z,89.3370,0.110363,0.116722,0.006359,below_midpoint_feather
2026-07-10T12:15:35Z,89.3706,0.120417,0.115611,-0.004807,below_midpoint_feather
2026-07-10T12:15:55Z,89.3019,0.124398,0.131135,0.006736,below_midpoint_feather
2026-07-10T12:16:33Z,89.3324,0.136915,0.130329,-0.006586,below_midpoint_feather
2026-07-10T12:16:49Z,89.2653,0.136449,0.145999,0.009551,below_midpoint_feather
2026-07-10T12:17:01Z,89.3187,0.141531,0.137000,-0.004531,below_midpoint_feather
2026-07-10T12:17:37Z,89.2042,0.155930,0.166635,0.010705,below_midpoint_feather
2026-07-10T12:18:25Z,89.2546,0.172822,0.163902,-0.008920,below_midpoint_feather
2026-07-10T12:18:47Z,89.1630,0.180351,0.188619,0.008267,below_midpoint_feather
2026-07-10T12:19:09Z,89.2088,0.189577,0.182320,-0.007257,below_midpoint_feather
2026-07-10T12:19:19Z,89.1264,0.194107,0.203846,0.009738,below_midpoint_feather
2026-07-10T12:20:13Z,89.1127,0.206332,0.218847,0.012514,below_midpoint_feather
2026-07-10T12:20:55Z,89.1691,0.224889,0.214716,-0.010173,below_midpoint_feather
2026-07-10T12:21:13Z,89.0776,0.228048,0.241836,0.013788,below_midpoint_feather
2026-07-10T12:21:57Z,89.1279,0.245706,0.239781,-0.005925,below_midpoint_feather
2026-07-10T12:22:03Z,89.0776,0.243724,0.254146,0.010422,below_midpoint_feather
2026-07-10T12:22:49Z,89.1539,0.255446,0.246740,-0.008706,below_midpoint_feather
2026-07-10T12:23:13Z,89.0852,0.257437,0.270125,0.012688,below_midpoint_feather
2026-07-10T12:23:33Z,89.1691,0.264824,0.254416,-0.010408,below_midpoint_feather
2026-07-10T12:24:01Z,89.1035,0.267404,0.277650,0.010246,below_midpoint_feather
2026-07-10T12:24:45Z,89.2058,0.272852,0.264067,-0.008786,below_midpoint_feather
2026-07-10T12:25:43Z,89.1463,0.280260,0.291843,0.011583,below_midpoint_feather
2026-07-10T12:25:55Z,89.2226,0.282695,0.276931,-0.005764,below_midpoint_feather
2026-07-10T12:26:22Z,89.2500,0.284039,0.277140,-0.006898,below_midpoint_feather
2026-07-10T12:26:27Z,89.2149,0.278806,0.285927,0.007120,below_midpoint_feather
2026-07-10T12:27:05Z,89.2226,0.279727,0.292481,0.012754,below_midpoint_feather
2026-07-10T12:27:19Z,89.3202,0.284534,0.275139,-0.009395,below_midpoint_feather
2026-07-10T12:28:00Z,89.2546,0.289502,0.296498,0.006996,below_midpoint_feather
2026-07-10T12:28:24Z,89.3416,0.287926,0.283616,-0.004310,below_midpoint_feather
2026-07-10T12:29:03Z,89.3980,0.290391,0.280284,-0.010107,below_midpoint_feather
2026-07-10T12:29:09Z,89.3141,0.287985,0.296645,0.008660,below_midpoint_feather
2026-07-10T12:30:35Z,89.3919,0.289844,0.295243,0.005398,below_midpoint_feather
2026-07-10T12:30:54Z,89.4881,0.290679,0.282489,-0.008190,below_midpoint_feather
2026-07-10T12:31:06Z,89.5262,0.285810,0.278680,-0.007130,below_midpoint_feather
2026-07-10T12:31:59Z,89.5033,0.280902,0.287656,0.006754,below_midpoint_feather
2026-07-10T12:32:00Z,89.5033,0.280999,0.287751,0.006752,below_midpoint_feather
2026-07-10T12:32:27Z,89.6025,0.281358,0.277585,-0.003773,below_midpoint_feather
2026-07-10T12:33:01Z,89.5583,0.280642,0.285582,0.004940,below_midpoint_feather
2026-07-10T12:33:27Z,89.6407,0.282683,0.278045,-0.004637,below_midpoint_feather
2026-07-10T12:34:15Z,89.6620,0.281978,0.278902,-0.003076,below_midpoint_feather
2026-07-10T12:34:39Z,89.6300,0.280503,0.283443,0.002940,below_midpoint_feather
2026-07-10T12:35:17Z,89.6407,0.280364,0.284216,0.003853,below_midpoint_feather
2026-07-10T12:35:29Z,89.7032,0.280771,0.278926,-0.001845,below_midpoint_feather
2026-07-10T12:36:29Z,89.7490,0.280151,0.277772,-0.002379,below_midpoint_feather
2026-07-10T12:36:45Z,89.6941,0.279499,0.282679,0.003180,below_midpoint_feather
2026-07-10T12:37:13Z,89.7810,0.280403,0.277080,-0.003323,below_midpoint_feather
2026-07-10T12:37:33Z,89.7047,0.280073,0.283248,0.003176,below_midpoint_feather
2026-07-10T12:38:07Z,89.7826,0.280660,0.278489,-0.002170,below_midpoint_feather
2026-07-10T12:38:19Z,89.7261,0.279681,0.282734,0.003053,below_midpoint_feather
2026-07-10T12:39:17Z,89.7948,0.281821,0.279338,-0.002483,below_midpoint_feather
2026-07-10T12:39:53Z,89.7444,0.280412,0.283343,0.002931,below_midpoint_feather
2026-07-10T12:40:25Z,89.7688,0.279479,0.282221,0.002741,below_midpoint_feather
2026-07-10T12:40:39Z,89.8131,0.281604,0.279822,-0.001782,below_midpoint_feather
2026-07-10T12:41:15Z,89.8192,0.281795,0.280074,-0.001722,below_midpoint_feather
2026-07-10T12:41:35Z,89.7826,0.280103,0.282446,0.002343,below_midpoint_feather
2026-07-10T12:42:45Z,89.8787,0.281465,0.278766,-0.002699,below_midpoint_feather
2026-07-10T12:42:51Z,89.7856,0.281135,0.283284,0.002149,below_midpoint_feather
2026-07-10T12:43:37Z,89.7719,0.281365,0.284690,0.003325,below_midpoint_feather
2026-07-10T12:43:57Z,89.8421,0.282058,0.281061,-0.000997,below_midpoint_feather
2026-07-10T12:44:23Z,89.7856,0.281649,0.284339,0.002690,below_midpoint_feather
2026-07-10T12:44:47Z,89.8604,0.281760,0.280833,-0.000927,below_midpoint_feather
2026-07-10T12:45:19Z,89.8146,0.281870,0.283273,0.001403,below_midpoint_feather
2026-07-10T12:45:33Z,89.8543,0.282600,0.281544,-0.001057,below_midpoint_feather
2026-07-10T12:46:00Z,89.8604,0.282213,0.281565,-0.000648,below_midpoint_feather
2026-07-10T12:46:59Z,89.8085,0.282844,0.284568,0.001724,below_midpoint_feather
2026-07-10T12:47:31Z,89.9062,0.282516,0.280897,-0.001619,below_midpoint_feather
2026-07-10T12:47:59Z,89.8146,0.282759,0.284779,0.002020,below_midpoint_feather
2026-07-10T12:48:49Z,89.8131,0.282793,0.285279,0.002486,below_midpoint_feather
2026-07-10T12:48:59Z,89.8772,0.283586,0.282537,-0.001049,below_midpoint_feather
2026-07-10T12:49:03Z,89.8878,0.284114,0.282213,-0.001901,below_midpoint_feather
2026-07-10T12:49:09Z,89.8100,0.283531,0.285606,0.002075,below_midpoint_feather
2026-07-10T12:50:07Z,89.8192,0.283525,0.285577,0.002052,below_midpoint_feather
2026-07-10T12:50:45Z,89.8924,0.283995,0.282861,-0.001134,below_midpoint_feather
2026-07-10T12:51:05Z,89.7963,0.284144,0.287266,0.003123,below_midpoint_feather
2026-07-10T12:51:51Z,89.9046,0.284543,0.283006,-0.001537,below_midpoint_feather
2026-07-10T12:52:11Z,89.8054,0.284436,0.287247,0.002811,below_midpoint_feather
2026-07-10T12:52:51Z,89.9046,0.284922,0.283465,-0.001457,below_midpoint_feather
2026-07-10T12:53:03Z,89.8589,0.285689,0.285095,-0.000594,below_midpoint_feather
2026-07-10T12:53:11Z,89.8177,0.285136,0.287052,0.001916,below_midpoint_feather
2026-07-10T12:54:01Z,89.8192,0.285517,0.287357,0.001841,below_midpoint_feather
2026-07-10T12:54:35Z,89.8772,0.285767,0.285106,-0.000661,below_midpoint_feather
2026-07-10T12:55:15Z,89.8817,0.286396,0.285244,-0.001152,below_midpoint_feather
2026-07-10T12:55:43Z,89.8177,0.286210,0.288196,0.001986,below_midpoint_feather
2026-07-10T12:56:29Z,89.8878,0.286247,0.285608,-0.000639,below_midpoint_feather
2026-07-10T12:56:35Z,89.8329,0.286111,0.287834,0.001723,below_midpoint_feather
2026-07-10T12:57:25Z,89.8955,0.287020,0.285770,-0.001250,below_midpoint_feather
2026-07-10T12:57:47Z,89.8192,0.286102,0.289014,0.002912,below_midpoint_feather
2026-07-10T12:58:17Z,89.8451,0.286294,0.287972,0.001678,below_midpoint_feather
2026-07-10T12:58:23Z,89.9153,0.286331,0.285618,-0.000713,below_midpoint_feather
2026-07-10T12:59:39Z,89.8497,0.286424,0.288276,0.001852,below_midpoint_feather
2026-07-10T12:59:51Z,89.9092,0.287120,0.286303,-0.000817,below_midpoint_feather
2026-07-10T13:00:39Z,89.8558,0.286600,0.288346,0.001747,below_midpoint_feather
2026-07-10T13:00:45Z,89.9046,0.287292,0.286713,-0.000579,below_midpoint_feather
2026-07-10T13:01:09Z,89.8558,0.286517,0.288492,0.001975,below_midpoint_feather
2026-07-10T13:01:31Z,89.9382,0.286213,0.286178,-0.000034,below_midpoint_feather
2026-07-10T13:02:03Z,89.9413,0.286689,0.286252,-0.000437,below_midpoint_feather
2026-07-10T13:02:53Z,89.9016,0.286122,0.287299,0.001177,below_midpoint_feather
2026-07-10T13:03:09Z,89.9840,0.285999,0.286000,0.000002,below_midpoint_feather
2026-07-10T13:03:19Z,89.9245,0.285657,0.286799,0.001142,below_midpoint_feather
2026-07-10T13:04:07Z,89.9107,0.285903,0.286887,0.000983,below_midpoint_feather
2026-07-10T13:04:40Z,90.0008,0.285821,0.285158,-0.000663,in_band
2026-07-10T13:05:20Z,90.0160,0.285690,0.284243,-0.001447,in_band
2026-07-10T13:05:59Z,89.9413,0.280197,0.280365,0.000168,below_midpoint_feather
2026-07-10T13:06:01Z,90.0145,0.279887,0.279719,-0.000167,in_band
2026-07-10T13:06:50Z,89.9840,0.273593,0.274993,0.001400,below_midpoint_feather
2026-07-10T13:07:00Z,90.0481,0.272078,0.273434,0.001356,in_band
2026-07-10T13:07:59Z,90.0526,0.263308,0.264623,0.001314,in_band
2026-07-10T13:08:00Z,90.0526,0.263162,0.264476,0.001313,in_band
2026-07-10T13:08:59Z,90.0557,0.254678,0.255949,0.001272,in_band
2026-07-10T13:09:00Z,90.0557,0.254536,0.255807,0.001271,in_band
2026-07-10T13:09:59Z,90.0984,0.246329,0.247559,0.001230,in_band
2026-07-10T13:10:00Z,90.0984,0.246192,0.247422,0.001229,in_band
2026-07-10T13:10:59Z,90.1350,0.238254,0.239444,0.001190,in_band
2026-07-10T13:11:00Z,90.1350,0.238121,0.239311,0.001189,in_band
2026-07-10T13:11:59Z,90.1747,0.230443,0.231594,0.001151,in_band
2026-07-10T13:12:00Z,90.1747,0.230315,0.231465,0.001150,in_band
2026-07-10T13:12:59Z,90.1991,0.222888,0.224001,0.001113,in_band
2026-07-10T13:13:00Z,90.1991,0.222764,0.223877,0.001113,in_band
2026-07-10T13:13:59Z,90.2068,0.215581,0.216658,0.001077,in_band
2026-07-10T13:14:00Z,90.2068,0.215461,0.216537,0.001076,in_band
2026-07-10T13:14:59Z,90.2312,0.208513,0.209555,0.001041,in_band
2026-07-10T13:15:00Z,90.2312,0.208397,0.209438,0.001041,in_band
2026-07-10T13:15:59Z,90.2571,0.201677,0.202685,0.001007,in_band
2026-07-10T13:16:00Z,90.2571,0.201565,0.202572,0.001007,in_band
2026-07-10T13:16:59Z,90.2861,0.195066,0.196040,0.000974,in_band
2026-07-10T13:17:00Z,90.2861,0.194957,0.195931,0.000974,in_band
2026-07-10T13:17:59Z,90.2770,0.188671,0.189613,0.000942,in_band
2026-07-10T13:18:00Z,90.2770,0.188566,0.189508,0.000942,in_band
2026-07-10T13:18:59Z,90.3212,0.182485,0.183397,0.000911,in_band
2026-07-10T13:19:00Z,90.3212,0.182384,0.183295,0.000911,in_band
2026-07-10T13:19:59Z,90.3456,0.176503,0.177384,0.000882,in_band
2026-07-10T13:20:00Z,90.3456,0.176405,0.177286,0.000881,in_band
2026-07-10T13:20:59Z,90.4143,0.170716,0.171569,0.000853,in_band
2026-07-10T13:21:00Z,90.4143,0.170621,0.171474,0.000852,in_band
2026-07-10T13:21:59Z,90.4463,0.165119,0.165944,0.000825,in_band
2026-07-10T13:22:00Z,90.4463,0.165028,0.165852,0.000824,in_band
2026-07-10T13:22:59Z,90.4997,0.159706,0.160504,0.000798,in_band
2026-07-10T13:23:00Z,90.4997,0.159618,0.160415,0.000797,in_band
2026-07-10T13:23:59Z,90.5501,0.154470,0.155242,0.000772,in_band
2026-07-10T13:24:00Z,90.5501,0.154385,0.155156,0.000771,in_band
2026-07-10T13:24:59Z,90.6050,0.149406,0.150153,0.000746,in_band
2026-07-10T13:25:00Z,90.6050,0.149323,0.150069,0.000746,in_band
2026-07-10T13:25:59Z,90.6661,0.144508,0.145230,0.000722,in_band
2026-07-10T13:26:00Z,90.6661,0.144428,0.145149,0.000721,in_band
2026-07-10T13:26:59Z,90.6752,0.139771,0.140469,0.000698,in_band
2026-07-10T13:27:00Z,90.6752,0.139693,0.140391,0.000698,in_band
2026-07-10T13:27:59Z,90.7286,0.135188,0.135864,0.000675,in_band
2026-07-10T13:28:00Z,90.7286,0.135113,0.135788,0.000675,in_band
2026-07-10T13:28:59Z,90.7439,0.130756,0.131409,0.000653,in_band
2026-07-10T13:29:00Z,90.7439,0.130684,0.131336,0.000653,in_band
2026-07-10T13:29:59Z,90.7927,0.126470,0.127101,0.000632,in_band
2026-07-10T13:30:00Z,90.7927,0.126399,0.127031,0.000631,in_band
2026-07-10T13:30:59Z,90.7973,0.122324,0.122934,0.000611,in_band
2026-07-10T13:31:00Z,90.7973,0.122256,0.122866,0.000611,in_band
2026-07-10T13:31:59Z,90.7713,0.118313,0.118904,0.000591,in_band
2026-07-10T13:32:00Z,90.7713,0.118248,0.118838,0.000591,in_band
2026-07-10T13:32:59Z,90.8400,0.114435,0.115006,0.000572,in_band
2026-07-10T13:33:00Z,90.8400,0.114371,0.114942,0.000571,in_band
2026-07-10T13:33:59Z,90.8492,0.110683,0.111236,0.000553,in_band
2026-07-10T13:34:00Z,90.8492,0.110621,0.111174,0.000553,in_band
2026-07-10T13:34:59Z,90.8583,0.107054,0.107589,0.000535,in_band
2026-07-10T13:35:00Z,90.8583,0.106995,0.107529,0.000534,in_band
2026-07-10T13:35:59Z,90.8431,0.103545,0.104062,0.000517,in_band
2026-07-10T13:36:00Z,90.8431,0.103487,0.104004,0.000517,in_band
2026-07-10T13:36:59Z,90.8675,0.100150,0.100650,0.000500,in_band
2026-07-10T13:37:00Z,90.8675,0.100094,0.100594,0.000500,in_band
2026-07-10T13:37:59Z,90.8904,0.096867,0.097351,0.000484,in_band
2026-07-10T13:38:00Z,90.8904,0.096813,0.097296,0.000484,in_band
2026-07-10T13:38:59Z,90.9178,0.093691,0.094159,0.000468,in_band
2026-07-10T13:39:00Z,90.9178,0.093639,0.094107,0.000468,in_band
2026-07-10T13:39:59Z,90.9133,0.090619,0.091072,0.000453,in_band
2026-07-10T13:40:00Z,90.9133,0.090569,0.091022,0.000452,in_band
2026-07-10T13:40:59Z,90.9117,0.087649,0.088086,0.000438,in_band
2026-07-10T13:41:00Z,90.9117,0.087600,0.088037,0.000438,in_band
2026-07-10T13:41:59Z,90.9178,0.084775,0.085199,0.000423,in_band
2026-07-10T13:42:00Z,90.9178,0.084728,0.085151,0.000423,in_band
2026-07-10T13:42:59Z,90.9361,0.081996,0.082405,0.000410,in_band
2026-07-10T13:43:00Z,90.9361,0.081950,0.082360,0.000409,in_band
2026-07-10T13:43:59Z,90.9621,0.079308,0.079704,0.000396,in_band
2026-07-10T13:44:00Z,90.9621,0.079264,0.079660,0.000396,in_band
2026-07-10T13:44:59Z,90.9636,0.076708,0.077091,0.000383,in_band
2026-07-10T13:45:00Z,90.9636,0.076665,0.077048,0.000383,in_band
2026-07-10T13:45:59Z,90.9255,0.074193,0.074564,0.000371,in_band
2026-07-10T13:46:00Z,90.9255,0.074152,0.074522,0.000370,in_band
2026-07-10T13:46:59Z,90.9300,0.071761,0.072119,0.000358,in_band
2026-07-10T13:47:00Z,90.9300,0.071721,0.072079,0.000358,in_band
2026-07-10T13:47:59Z,90.8995,0.069408,0.069755,0.000347,in_band
2026-07-10T13:48:00Z,90.8995,0.069369,0.069716,0.000346,in_band
2026-07-10T13:48:59Z,90.9224,0.067133,0.067468,0.000335,in_band
2026-07-10T13:49:00Z,90.9224,0.067095,0.067430,0.000335,in_band
2026-07-10T13:49:59Z,90.8675,0.064932,0.065256,0.000324,in_band
2026-07-10T13:50:00Z,90.8675,0.064896,0.065220,0.000324,in_band
2026-07-10T13:50:59Z,90.9117,0.062803,0.063117,0.000314,in_band
2026-07-10T13:51:00Z,90.9117,0.062768,0.063082,0.000313,in_band
2026-07-10T13:51:59Z,90.8659,0.060744,0.061047,0.000303,in_band
2026-07-10T13:52:00Z,90.8659,0.060710,0.061014,0.000303,in_band
2026-07-10T13:52:59Z,90.9133,0.058753,0.059046,0.000293,in_band
2026-07-10T13:53:00Z,90.9133,0.058720,0.059013,0.000293,in_band
2026-07-10T13:53:59Z,90.9636,0.056826,0.057110,0.000284,in_band
2026-07-10T13:54:00Z,90.9636,0.056795,0.057079,0.000284,in_band
2026-07-10T13:54:59Z,90.9773,0.054964,0.055238,0.000275,in_band
2026-07-10T13:55:00Z,90.9773,0.054933,0.055207,0.000274,in_band
2026-07-10T13:55:59Z,91.0124,0.053162,0.053427,0.000266,in_band
2026-07-10T13:56:00Z,91.0124,0.053132,0.053397,0.000265,in_band
2026-07-10T13:56:59Z,91.0674,0.051419,0.051676,0.000257,in_band
2026-07-10T13:57:00Z,91.0674,0.051390,0.051647,0.000257,in_band
2026-07-10T13:57:59Z,91.0414,0.049733,0.049981,0.000248,in_band
2026-07-10T13:58:00Z,91.0414,0.049705,0.049954,0.000248,in_band
2026-07-10T13:58:59Z,91.0491,0.048103,0.048343,0.000240,in_band
2026-07-10T13:59:00Z,91.0491,0.048076,0.048316,0.000240,in_band
2026-07-10T13:59:59Z,91.0124,0.046526,0.046758,0.000232,in_band
2026-07-10T14:00:00Z,91.0124,0.046500,0.046732,0.000232,in_band
2026-07-10T14:00:59Z,90.9941,0.045000,0.045225,0.000225,in_band
2026-07-10T14:01:00Z,90.9941,0.044975,0.045200,0.000225,in_band
2026-07-10T14:01:59Z,90.9621,0.043525,0.043742,0.000217,in_band
2026-07-10T14:02:00Z,90.9621,0.043501,0.043718,0.000217,in_band
2026-07-10T14:02:59Z,90.9041,0.042098,0.042308,0.000210,in_band
2026-07-10T14:03:00Z,90.9041,0.042075,0.042285,0.000210,in_band
2026-07-10T14:03:59Z,90.8675,0.040718,0.040921,0.000203,in_band
2026-07-10T14:04:00Z,90.8675,0.040695,0.040899,0.000203,in_band
2026-07-10T14:04:59Z,90.8354,0.039383,0.039580,0.000197,in_band
2026-07-10T14:05:00Z,90.8354,0.039361,0.039558,0.000197,in_band
2026-07-10T14:05:59Z,90.8125,0.038092,0.038282,0.000190,in_band
2026-07-10T14:06:00Z,90.8125,0.038071,0.038261,0.000190,in_band
2026-07-10T14:06:59Z,90.7164,0.036843,0.037027,0.000184,in_band
2026-07-10T14:07:00Z,90.7164,0.036823,0.037007,0.000184,in_band
2026-07-10T14:07:59Z,90.7301,0.035635,0.035813,0.000178,in_band
2026-07-10T14:08:00Z,90.7301,0.035615,0.035793,0.000178,in_band
2026-07-10T14:08:59Z,90.7256,0.034467,0.034639,0.000172,in_band
2026-07-10T14:09:00Z,90.7256,0.034448,0.034620,0.000172,in_band
2026-07-10T14:09:59Z,90.6737,0.033337,0.033504,0.000167,in_band
2026-07-10T14:10:00Z,90.6737,0.033319,0.033485,0.000166,in_band
2026-07-10T14:10:59Z,90.6706,0.032244,0.032405,0.000161,in_band
2026-07-10T14:11:00Z,90.6706,0.032226,0.032387,0.000161,in_band
2026-07-10T14:11:59Z,90.6783,0.031187,0.031343,0.000156,in_band
2026-07-10T14:12:00Z,90.6783,0.031170,0.031325,0.000156,in_band
2026-07-10T14:12:59Z,90.6920,0.030165,0.030315,0.000151,in_band
2026-07-10T14:13:00Z,90.6920,0.030148,0.030298,0.000151,in_band
2026-07-10T14:13:59Z,90.6462,0.029176,0.029321,0.000146,in_band
2026-07-10T14:14:00Z,90.6462,0.029159,0.029305,0.000146,in_band
2026-07-10T14:14:59Z,90.6371,0.028219,0.028360,0.000141,in_band
2026-07-10T14:15:00Z,90.6371,0.028204,0.028344,0.000141,in_band
2026-07-10T14:15:59Z,90.5699,0.027294,0.027430,0.000136,in_band
2026-07-10T14:16:00Z,90.5699,0.027279,0.027415,0.000136,in_band
2026-07-10T14:16:59Z,90.5821,0.026399,0.026531,0.000132,in_band
2026-07-10T14:17:00Z,90.5821,0.026385,0.026516,0.000132,in_band
2026-07-10T14:17:59Z,90.5333,0.025534,0.025661,0.000128,in_band
2026-07-10T14:18:00Z,90.5333,0.025520,0.025647,0.000127,in_band
2026-07-10T14:18:59Z,90.4829,0.024697,0.024820,0.000123,in_band
2026-07-10T14:19:00Z,90.4829,0.024683,0.024806,0.000123,in_band
2026-07-10T14:19:59Z,90.4005,0.023887,0.024006,0.000119,in_band
2026-07-10T14:20:00Z,90.4005,0.023874,0.023993,0.000119,in_band
2026-07-10T14:20:59Z,90.3593,0.023104,0.023219,0.000115,in_band
2026-07-10T14:21:00Z,90.3593,0.023091,0.023206,0.000115,in_band
2026-07-10T14:21:59Z,90.3182,0.022346,0.022458,0.000112,in_band
2026-07-10T14:22:00Z,90.3182,0.022334,0.022446,0.000112,in_band
2026-07-10T14:22:59Z,90.2800,0.021614,0.021722,0.000108,in_band
2026-07-10T14:23:00Z,90.2800,0.021602,0.021710,0.000108,in_band
2026-07-10T14:23:59Z,90.2495,0.020905,0.021010,0.000104,in_band
2026-07-10T14:24:00Z,90.2495,0.020894,0.020998,0.000104,in_band
2026-07-10T14:24:59Z,90.2434,0.020220,0.020321,0.000101,in_band
2026-07-10T14:25:00Z,90.2434,0.020209,0.020310,0.000101,in_band
2026-07-10T14:25:59Z,90.1976,0.019557,0.019655,0.000098,in_band
2026-07-10T14:26:00Z,90.1976,0.019546,0.019644,0.000098,in_band
2026-07-10T14:26:59Z,90.1656,0.018916,0.019010,0.000094,in_band
2026-07-10T14:27:00Z,90.1656,0.018905,0.019000,0.000094,in_band
2026-07-10T14:27:59Z,90.1259,0.018296,0.018387,0.000091,in_band
2026-07-10T14:28:00Z,90.1259,0.018286,0.018377,0.000091,in_band
2026-07-10T14:28:59Z,90.1198,0.017696,0.017784,0.000088,in_band
2026-07-10T14:29:00Z,90.1198,0.017686,0.017774,0.000088,in_band
2026-07-10T14:29:59Z,90.1610,0.017116,0.017201,0.000085,in_band
2026-07-10T14:30:00Z,90.1610,0.017106,0.017192,0.000085,in_band
2026-07-10T14:30:59Z,90.1488,0.016555,0.016637,0.000083,in_band
2026-07-10T14:31:00Z,90.1488,0.016545,0.016628,0.000083,in_band
2026-07-10T14:31:59Z,90.1335,0.016012,0.016092,0.000080,in_band
2026-07-10T14:32:00Z,90.1335,0.016003,0.016083,0.000080,in_band
2026-07-10T14:32:59Z,90.1396,0.015487,0.015564,0.000077,in_band
2026-07-10T14:33:00Z,90.1396,0.015478,0.015556,0.000077,in_band
2026-07-10T14:33:59Z,90.1259,0.014979,0.015054,0.000075,in_band
2026-07-10T14:34:00Z,90.1259,0.014971,0.015046,0.000075,in_band
2026-07-10T14:34:59Z,90.0755,0.014488,0.014561,0.000072,in_band
2026-07-10T14:35:00Z,90.0755,0.014480,0.014552,0.000072,in_band
2026-07-10T14:35:59Z,90.0420,0.014013,0.014083,0.000070,in_band
2026-07-10T14:36:48Z,90.0237,0.013637,0.013705,0.000068,in_band
2026-07-10T14:36:50Z,89.9977,0.013622,0.013706,0.000084,below_midpoint_feather
2026-07-10T14:37:14Z,90.0114,0.013441,0.013524,0.000082,in_band
2026-07-10T14:37:56Z,89.9916,0.013131,0.013310,0.000179,below_midpoint_feather
2026-07-10T14:38:02Z,90.0114,0.013088,0.013256,0.000168,in_band
2026-07-10T14:38:10Z,89.9825,0.013030,0.013270,0.000241,below_midpoint_feather
2026-07-10T14:39:00Z,90.0099,0.012810,0.012994,0.000184,in_band
2026-07-10T14:39:38Z,89.9611,0.012575,0.013023,0.000449,below_midpoint_feather
2026-07-10T14:40:02Z,90.0099,0.012436,0.012681,0.000245,in_band
2026-07-10T14:40:32Z,89.9733,0.012258,0.012657,0.000400,below_midpoint_feather
2026-07-10T14:41:26Z,89.9611,0.011922,0.012496,0.000575,below_midpoint_feather
2026-07-10T14:41:39Z,89.9825,0.012010,0.012312,0.000302,below_midpoint_feather
2026-07-10T14:42:00Z,89.9611,0.011919,0.012457,0.000538,below_midpoint_feather
2026-07-10T14:42:48Z,90.0023,0.012001,0.012177,0.000176,in_band
2026-07-10T14:43:02Z,90.0023,0.011955,0.012138,0.000183,in_band
2026-07-10T14:43:39Z,89.9611,0.011731,0.012209,0.000478,below_midpoint_feather
2026-07-10T14:44:14Z,90.0237,0.011613,0.011863,0.000251,in_band
2026-07-10T14:44:59Z,89.9687,0.011303,0.011796,0.000492,below_midpoint_feather
2026-07-10T14:45:05Z,89.9550,0.011285,0.011945,0.000659,below_midpoint_feather
2026-07-10T14:45:26Z,90.0069,0.011237,0.011581,0.000344,in_band
2026-07-10T14:46:12Z,90.0023,0.011064,0.011418,0.000354,in_band
2026-07-10T14:46:44Z,89.9657,0.010891,0.011448,0.000557,below_midpoint_feather
2026-07-10T14:47:00Z,89.9977,0.010795,0.011207,0.000412,below_midpoint_feather
2026-07-10T14:47:54Z,89.9977,0.010476,0.010926,0.000450,below_midpoint_feather
2026-07-10T14:48:12Z,90.0572,0.010372,0.010817,0.000445,in_band
2026-07-10T14:48:14Z,89.9916,0.010360,0.010827,0.000467,below_midpoint_feather
2026-07-10T14:49:00Z,90.0649,0.010099,0.010556,0.000457,in_band
2026-07-10T14:49:59Z,90.0343,0.009773,0.010216,0.000443,in_band
2026-07-10T14:50:00Z,90.0343,0.009768,0.010210,0.000442,in_band
2026-07-10T14:50:59Z,90.0511,0.009453,0.009881,0.000428,in_band
2026-07-10T14:51:00Z,90.0511,0.009448,0.009876,0.000428,in_band
2026-07-10T14:51:59Z,90.0557,0.009143,0.009557,0.000414,in_band
2026-07-10T14:52:00Z,90.0557,0.009138,0.009552,0.000414,in_band
2026-07-10T14:52:59Z,90.0710,0.008843,0.009244,0.000401,in_band
2026-07-10T14:53:00Z,90.0710,0.008838,0.009239,0.000400,in_band
2026-07-10T14:53:59Z,90.0969,0.008553,0.008941,0.000388,in_band
2026-07-10T14:54:00Z,90.0969,0.008549,0.008936,0.000387,in_band
2026-07-10T14:54:59Z,90.1198,0.008273,0.008648,0.000375,in_band
2026-07-10T14:55:00Z,90.1198,0.008268,0.008643,0.000375,in_band
2026-07-10T14:55:59Z,90.1488,0.008002,0.008364,0.000363,in_band
2026-07-10T14:56:00Z,90.1488,0.007997,0.008360,0.000362,in_band
2026-07-10T14:56:59Z,90.1610,0.007739,0.008090,0.000351,in_band
2026-07-10T14:57:00Z,90.1610,0.007735,0.008086,0.000351,in_band
2026-07-10T14:57:59Z,90.1610,0.007486,0.007825,0.000339,in_band
2026-07-10T14:58:00Z,90.1610,0.007481,0.007820,0.000339,in_band
2026-07-10T14:58:59Z,90.1717,0.007240,0.007568,0.000328,in_band
2026-07-10T14:59:00Z,90.1717,0.007236,0.007564,0.000328,in_band
2026-07-10T14:59:59Z,90.1747,0.007003,0.007320,0.000317,in_band
2026-07-10T15:00:00Z,90.1747,0.006999,0.007316,0.000317,in_band
2026-07-10T15:00:59Z,90.1747,0.006773,0.007080,0.000307,in_band
2026-07-10T15:01:00Z,90.1747,0.006769,0.007076,0.000307,in_band
2026-07-10T15:01:59Z,90.1991,0.006551,0.006848,0.000297,in_band
2026-07-10T15:02:00Z,90.1991,0.006548,0.006844,0.000297,in_band
2026-07-10T15:02:59Z,90.1396,0.006336,0.006624,0.000287,in_band
2026-07-10T15:03:00Z,90.1396,0.006333,0.006620,0.000287,in_band
2026-07-10T15:03:59Z,90.1793,0.006129,0.006406,0.000278,in_band
2026-07-10T15:04:00Z,90.1793,0.006125,0.006403,0.000278,in_band
2026-07-10T15:04:59Z,90.1747,0.005928,0.006196,0.000269,in_band
2026-07-10T15:05:00Z,90.1747,0.005924,0.006193,0.000268,in_band
2026-07-10T15:05:59Z,90.1472,0.005733,0.005993,0.000260,in_band
2026-07-10T15:06:00Z,90.1472,0.005730,0.005990,0.000260,in_band
2026-07-10T15:06:59Z,90.2159,0.005545,0.005797,0.000251,in_band
2026-07-10T15:07:00Z,90.2159,0.005542,0.005794,0.000251,in_band
2026-07-10T15:07:59Z,90.1946,0.005364,0.005607,0.000243,in_band
2026-07-10T15:08:00Z,90.1946,0.005361,0.005604,0.000243,in_band
2026-07-10T15:08:59Z,90.2312,0.005188,0.005423,0.000235,in_band
2026-07-10T15:09:00Z,90.2312,0.005185,0.005420,0.000235,in_band
2026-07-10T15:09:59Z,90.2205,0.005018,0.005245,0.000227,in_band
2026-07-10T15:10:00Z,90.2205,0.005015,0.005242,0.000227,in_band
2026-07-10T15:10:59Z,90.2571,0.004853,0.005073,0.000220,in_band
2026-07-10T15:11:00Z,90.2571,0.004851,0.005070,0.000220,in_band
2026-07-10T15:11:59Z,90.2205,0.004694,0.004907,0.000213,in_band
2026-07-10T15:12:00Z,90.2205,0.004692,0.004904,0.000213,in_band
2026-07-10T15:12:59Z,90.1976,0.004540,0.004746,0.000206,in_band
2026-07-10T15:13:00Z,90.1976,0.004538,0.004743,0.000206,in_band
2026-07-10T15:13:59Z,90.1839,0.004391,0.004590,0.000199,in_band
2026-07-10T15:14:00Z,90.1839,0.004389,0.004588,0.000199,in_band
2026-07-10T15:14:59Z,90.1808,0.004247,0.004440,0.000192,in_band
2026-07-10T15:15:00Z,90.1808,0.004245,0.004437,0.000192,in_band
2026-07-10T15:15:59Z,90.1747,0.004108,0.004294,0.000186,in_band
2026-07-10T15:16:00Z,90.1747,0.004106,0.004292,0.000186,in_band
2026-07-10T15:16:59Z,90.1350,0.003973,0.004154,0.000180,in_band
2026-07-10T15:17:00Z,90.1350,0.003971,0.004151,0.000180,in_band
2026-07-10T15:17:59Z,90.1061,0.003843,0.004017,0.000174,in_band
2026-07-10T15:18:00Z,90.1061,0.003841,0.004015,0.000174,in_band
2026-07-10T15:18:59Z,90.0664,0.003717,0.003886,0.000168,in_band
2026-07-10T15:19:00Z,90.0664,0.003715,0.003884,0.000168,in_band
2026-07-10T15:19:59Z,90.0481,0.003595,0.003758,0.000163,in_band
2026-07-10T15:20:00Z,90.0481,0.003593,0.003756,0.000163,in_band
2026-07-10T15:20:59Z,90.0008,0.003477,0.003635,0.000158,in_band
2026-07-10T15:21:02Z,90.0298,0.003472,0.003629,0.000157,in_band
2026-07-10T15:21:59Z,89.9794,0.003363,0.003586,0.000223,below_midpoint_feather
2026-07-10T15:22:10Z,90.0191,0.003343,0.003506,0.000163,in_band
2026-07-10T15:22:40Z,89.9687,0.003291,0.003607,0.000315,below_midpoint_feather
2026-07-10T15:23:16Z,89.9504,0.003230,0.003768,0.000538,below_midpoint_feather
2026-07-10T15:23:24Z,90.0099,0.003287,0.003411,0.000125,in_band
2026-07-10T15:24:42Z,90.0069,0.003293,0.003366,0.000073,in_band
2026-07-10T15:24:59Z,89.9596,0.003190,0.003589,0.000399,below_midpoint_feather
2026-07-10T15:25:24Z,90.0023,0.003541,0.003356,-0.000185,in_band
2026-07-10T15:25:47Z,89.9245,0.003430,0.004174,0.000744,below_midpoint_feather
2026-07-10T15:26:15Z,89.9458,0.004265,0.003794,-0.000472,below_midpoint_feather
2026-07-10T15:26:29Z,89.8909,0.003966,0.005080,0.001114,below_midpoint_feather
2026-07-10T15:27:01Z,89.8817,0.004002,0.005415,0.001414,below_midpoint_feather
2026-07-10T15:27:25Z,89.9413,0.004670,0.003959,-0.000711,below_midpoint_feather
2026-07-10T15:28:31Z,89.8421,0.005393,0.007182,0.001788,below_midpoint_feather
2026-07-10T15:28:47Z,89.8909,0.005984,0.005380,-0.000604,below_midpoint_feather
2026-07-10T15:29:03Z,89.8512,0.004943,0.006895,0.001952,below_midpoint_feather
2026-07-10T15:29:07Z,89.9062,0.006058,0.005015,-0.001043,below_midpoint_feather
2026-07-10T15:30:09Z,89.8177,0.006899,0.008802,0.001903,below_midpoint_feather
2026-07-10T15:30:23Z,89.8726,0.007792,0.006473,-0.001320,below_midpoint_feather
2026-07-10T15:31:49Z,89.8100,0.011418,0.010044,-0.001375,below_midpoint_feather
2026-07-10T15:31:51Z,89.7398,0.011823,0.014559,0.002736,below_midpoint_feather
2026-07-10T15:32:07Z,89.7963,0.013116,0.011027,-0.002090,below_midpoint_feather
2026-07-10T15:32:45Z,89.7185,0.014074,0.016949,0.002874,below_midpoint_feather
2026-07-10T15:33:11Z,89.7581,0.016186,0.014442,-0.001744,below_midpoint_feather
2026-07-10T15:33:27Z,89.7002,0.016482,0.019212,0.002730,below_midpoint_feather
2026-07-10T15:34:46Z,89.6544,0.022073,0.025240,0.003167,below_midpoint_feather
2026-07-10T15:34:53Z,89.6986,0.024240,0.021363,-0.002877,below_midpoint_feather
2026-07-10T15:35:13Z,89.6910,0.025399,0.022606,-0.002793,below_midpoint_feather
2026-07-10T15:35:31Z,89.6162,0.025947,0.030527,0.004580,below_midpoint_feather
2026-07-10T15:36:19Z,89.6071,0.028046,0.033211,0.005165,below_midpoint_feather
2026-07-10T15:36:29Z,89.6635,0.031074,0.027732,-0.003342,below_midpoint_feather
2026-07-10T15:37:01Z,89.5796,0.033488,0.038048,0.004560,below_midpoint_feather
2026-07-10T15:37:21Z,89.6345,0.034667,0.032769,-0.001898,below_midpoint_feather
2026-07-10T15:38:05Z,89.6162,0.039810,0.036771,-0.003039,below_midpoint_feather
2026-07-10T15:38:48Z,89.5216,0.044793,0.050623,0.005829,below_midpoint_feather
2026-07-10T15:39:25Z,89.5720,0.049851,0.046312,-0.003538,below_midpoint_feather
2026-07-10T15:39:39Z,89.4850,0.049530,0.058853,0.009323,below_midpoint_feather
2026-07-10T15:40:20Z,89.4606,0.060568,0.065256,0.004688,below_midpoint_feather
2026-07-10T15:40:21Z,89.5216,0.060637,0.056494,-0.004143,below_midpoint_feather
2026-07-10T15:41:18Z,89.4347,0.066041,0.073749,0.007709,below_midpoint_feather
2026-07-10T15:41:29Z,89.4804,0.070382,0.067590,-0.002792,below_midpoint_feather
2026-07-10T15:42:17Z,89.4438,0.073159,0.077419,0.004260,below_midpoint_feather
2026-07-10T15:42:47Z,89.4926,0.079726,0.072838,-0.006888,below_midpoint_feather
2026-07-10T15:43:00Z,89.4423,0.085188,0.081726,-0.003461,below_midpoint_feather
2026-07-10T15:43:21Z,89.3965,0.085281,0.091387,0.006106,below_midpoint_feather
2026-07-10T15:44:19Z,89.3736,0.095994,0.101567,0.005574,below_midpoint_feather
2026-07-10T15:44:27Z,89.4102,0.100048,0.096128,-0.003921,below_midpoint_feather
2026-07-10T15:45:05Z,89.3874,0.107417,0.104460,-0.002957,below_midpoint_feather
2026-07-10T15:45:55Z,89.2973,0.118654,0.127531,0.008876,below_midpoint_feather
2026-07-10T15:46:18Z,89.2927,0.123398,0.131488,0.008091,below_midpoint_feather
2026-07-10T15:46:55Z,89.3660,0.129664,0.122656,-0.007008,below_midpoint_feather
2026-07-10T15:47:35Z,89.2836,0.136936,0.144301,0.007365,below_midpoint_feather
2026-07-10T15:47:53Z,89.3278,0.142614,0.138255,-0.004360,below_midpoint_feather
2026-07-10T15:48:19Z,89.2699,0.143865,0.153795,0.009929,below_midpoint_feather
2026-07-10T15:48:39Z,89.3233,0.151493,0.146216,-0.005277,below_midpoint_feather
2026-07-10T15:49:00Z,89.3019,0.158217,0.153718,-0.004499,below_midpoint_feather
2026-07-10T15:49:09Z,89.2378,0.155323,0.168480,0.013157,below_midpoint_feather
2026-07-10T15:50:51Z,89.2226,0.193274,0.189712,-0.003562,below_midpoint_feather
2026-07-10T15:50:54Z,89.1600,0.194886,0.204675,0.009789,below_midpoint_feather
2026-07-10T15:51:23Z,89.2226,0.200906,0.195998,-0.004907,below_midpoint_feather
2026-07-10T15:51:31Z,89.1356,0.202518,0.217933,0.015415,below_midpoint_feather
2026-07-10T15:52:35Z,89.1768,0.230251,0.221790,-0.008461,below_midpoint_feather
2026-07-10T15:52:41Z,89.0959,0.228249,0.243009,0.014760,below_midpoint_feather
2026-07-10T15:53:26Z,89.1051,0.238624,0.251120,0.012495,below_midpoint_feather
2026-07-10T15:53:35Z,89.1539,0.244843,0.241173,-0.003670,below_midpoint_feather
2026-07-10T15:54:19Z,89.1264,0.262735,0.258601,-0.004133,below_midpoint_feather
2026-07-10T15:54:39Z,89.0715,0.265402,0.277701,0.012299,below_midpoint_feather
2026-07-10T15:55:35Z,89.1264,0.284101,0.278171,-0.005930,below_midpoint_feather
2026-07-10T15:55:45Z,89.0547,0.286762,0.299390,0.012628,below_midpoint_feather
2026-07-10T15:56:33Z,89.0913,0.308560,0.302805,-0.005755,below_midpoint_feather
2026-07-10T15:56:43Z,89.0135,0.314626,0.326568,0.011941,below_midpoint_feather
2026-07-10T15:57:20Z,89.0303,0.325168,0.332494,0.007326,below_midpoint_feather
2026-07-10T15:57:43Z,89.0501,0.339833,0.333837,-0.005996,below_midpoint_feather
2026-07-10T15:58:19Z,89.0593,0.356671,0.342240,-0.014431,below_midpoint_feather
2026-07-10T15:58:29Z,88.9677,0.353720,0.370992,0.017272,below_midpoint_feather
2026-07-10T15:59:05Z,88.9754,0.367457,0.379950,0.012493,below_midpoint_feather
2026-07-10T15:59:31Z,89.0349,0.376977,0.371369,-0.005608,below_midpoint_feather
2026-07-10T16:00:35Z,88.9754,0.393797,0.408897,0.015099,below_midpoint_feather
2026-07-10T16:00:43Z,89.0257,0.406328,0.397181,-0.009147,below_midpoint_feather
2026-07-10T16:01:39Z,88.9570,0.421175,0.435262,0.014088,below_midpoint_feather
2026-07-10T16:01:47Z,89.0257,0.425117,0.418213,-0.006903,below_midpoint_feather
2026-07-10T16:02:19Z,89.0257,0.435700,0.428827,-0.006873,below_midpoint_feather
2026-07-10T16:02:57Z,88.9677,0.448314,0.457988,0.009675,below_midpoint_feather
2026-07-10T16:03:49Z,89.0181,0.470640,0.461030,-0.009610,below_midpoint_feather
2026-07-10T16:03:57Z,88.9631,0.464184,0.479522,0.015337,below_midpoint_feather
2026-07-10T16:04:07Z,89.0257,0.473222,0.465017,-0.008205,below_midpoint_feather
2026-07-10T16:04:45Z,88.9494,0.483483,0.499875,0.016392,below_midpoint_feather
2026-07-10T16:05:07Z,89.0043,0.502917,0.491384,-0.011533,below_midpoint_feather
2026-07-10T16:05:11Z,88.9387,0.495805,0.511953,0.016148,below_midpoint_feather
2026-07-10T16:06:29Z,88.9220,0.528171,0.544192,0.016021,below_midpoint_feather
2026-07-10T16:06:41Z,88.9769,0.535536,0.532015,-0.003520,below_midpoint_feather
2026-07-10T16:07:49Z,88.9937,0.563797,0.551378,-0.012419,below_midpoint_feather
2026-07-10T16:07:57Z,88.9616,0.551898,0.563564,0.011667,below_midpoint_feather
2026-07-10T16:08:05Z,88.9387,0.559603,0.573249,0.013647,below_midpoint_feather
2026-07-10T16:08:31Z,89.0043,0.572870,0.563308,-0.009562,below_midpoint_feather
2026-07-10T16:09:17Z,88.9540,0.578997,0.594213,0.015217,below_midpoint_feather
2026-07-10T16:09:31Z,89.0303,0.582157,0.577233,-0.004924,below_midpoint_feather
2026-07-10T16:10:01Z,89.0501,0.589905,0.582135,-0.007770,below_midpoint_feather
2026-07-10T16:10:09Z,89.0043,0.589232,0.597518,0.008286,below_midpoint_feather
2026-07-10T16:11:31Z,89.1005,0.606062,0.598248,-0.007814,below_midpoint_feather
2026-07-10T16:11:43Z,89.0501,0.604947,0.615198,0.010252,below_midpoint_feather
2026-07-10T16:12:19Z,89.1402,0.614225,0.602881,-0.011344,below_midpoint_feather
2026-07-10T16:12:33Z,89.0684,0.613658,0.625269,0.011611,below_midpoint_feather
2026-07-10T16:13:13Z,89.0959,0.618600,0.629492,0.010892,below_midpoint_feather
2026-07-10T16:13:21Z,89.1737,0.620439,0.612545,-0.007893,below_midpoint_feather
2026-07-10T16:14:00Z,89.1035,0.629772,0.640136,0.010364,below_midpoint_feather
2026-07-10T16:14:29Z,89.1691,0.635373,0.631464,-0.003909,below_midpoint_feather
2026-07-10T16:15:25Z,89.1585,0.639102,0.647841,0.008739,below_midpoint_feather
2026-07-10T16:15:59Z,89.2454,0.642909,0.636076,-0.006833,below_midpoint_feather
2026-07-10T16:16:00Z,89.2454,0.643140,0.636308,-0.006832,below_midpoint_feather
2026-07-10T16:16:29Z,89.1783,0.645958,0.657906,0.011948,below_midpoint_feather
2026-07-10T16:17:11Z,89.2775,0.649101,0.645219,-0.003882,below_midpoint_feather
2026-07-10T16:17:53Z,89.2317,0.654418,0.663452,0.009033,below_midpoint_feather
2026-07-10T16:18:11Z,89.3065,0.656020,0.651407,-0.004613,below_midpoint_feather
2026-07-10T16:18:45Z,89.2607,0.659596,0.667091,0.007495,below_midpoint_feather
2026-07-10T16:19:07Z,89.2958,0.657517,0.663839,0.006322,below_midpoint_feather
2026-07-10T16:19:25Z,89.3507,0.663053,0.656400,-0.006653,below_midpoint_feather
2026-07-10T16:20:17Z,89.4057,0.664704,0.655302,-0.009401,below_midpoint_feather
2026-07-10T16:20:33Z,89.2927,0.669248,0.678718,0.009470,below_midpoint_feather
2026-07-10T16:21:19Z,89.4011,0.670354,0.665582,-0.004773,below_midpoint_feather
2026-07-10T16:21:49Z,89.3553,0.669832,0.677979,0.008147,below_midpoint_feather
2026-07-10T16:22:13Z,89.4057,0.676073,0.672403,-0.003670,below_midpoint_feather
2026-07-10T16:22:31Z,89.3751,0.672162,0.680094,0.007932,below_midpoint_feather
2026-07-10T16:23:17Z,89.3874,0.672064,0.683773,0.011709,below_midpoint_feather
2026-07-10T16:23:55Z,89.4987,0.673690,0.670575,-0.003115,below_midpoint_feather
2026-07-10T16:24:23Z,89.4438,0.672906,0.681893,0.008987,below_midpoint_feather
2026-07-10T16:24:37Z,89.5247,0.677066,0.671501,-0.005565,below_midpoint_feather
2026-07-10T16:25:09Z,89.5521,0.673106,0.671091,-0.002015,below_midpoint_feather
2026-07-10T16:25:49Z,89.5247,0.673125,0.678297,0.005173,below_midpoint_feather
2026-07-10T16:26:31Z,89.6254,0.674212,0.669477,-0.004736,below_midpoint_feather
2026-07-10T16:26:37Z,89.5567,0.672831,0.677907,0.005075,below_midpoint_feather
2026-07-10T16:27:28Z,89.6635,0.672163,0.669458,-0.002705,below_midpoint_feather
2026-07-10T16:27:33Z,89.6178,0.669621,0.674431,0.004811,below_midpoint_feather
2026-07-10T16:28:19Z,89.6361,0.669623,0.674933,0.005309,below_midpoint_feather
2026-07-10T16:28:30Z,89.7078,0.670010,0.668760,-0.001249,below_midpoint_feather
2026-07-10T16:29:08Z,89.7353,0.668975,0.668192,-0.000783,below_midpoint_feather
2026-07-10T16:29:23Z,89.7139,0.668072,0.670424,0.002352,below_midpoint_feather
2026-07-10T16:30:16Z,89.8131,0.665817,0.665398,-0.000419,below_midpoint_feather
2026-07-10T16:30:23Z,89.7765,0.665447,0.667713,0.002266,below_midpoint_feather
2026-07-10T16:31:14Z,89.9001,0.663017,0.663077,0.000060,below_midpoint_feather
2026-07-10T16:31:17Z,89.8054,0.663187,0.667087,0.003900,below_midpoint_feather
2026-07-10T16:32:00Z,89.9107,0.661699,0.663384,0.001685,below_midpoint_feather
2026-07-10T16:32:59Z,90.0023,0.661391,0.660798,-0.000592,in_band
2026-07-10T16:33:01Z,89.9519,0.661457,0.660768,-0.000690,below_midpoint_feather
2026-07-10T16:33:24Z,90.0114,0.661483,0.658317,-0.003166,in_band
2026-07-10T16:34:00Z,90.0145,0.649895,0.646790,-0.003105,in_band
2026-07-10T16:34:59Z,90.1015,0.628994,0.625988,-0.003006,in_band
2026-07-10T16:35:00Z,90.1015,0.628645,0.625640,-0.003005,in_band
2026-07-10T16:35:59Z,90.2113,0.608394,0.605486,-0.002908,in_band
2026-07-10T16:36:00Z,90.2113,0.608057,0.605150,-0.002907,in_band
2026-07-10T16:36:59Z,90.2495,0.588457,0.585644,-0.002813,in_band
2026-07-10T16:37:00Z,90.2495,0.588130,0.585318,-0.002812,in_band
2026-07-10T16:37:59Z,90.3166,0.569168,0.566447,-0.002721,in_band
2026-07-10T16:38:00Z,90.3166,0.568852,0.566132,-0.002720,in_band
2026-07-10T16:38:59Z,90.3502,0.550509,0.547878,-0.002632,in_band
2026-07-10T16:39:00Z,90.3502,0.550204,0.547573,-0.002630,in_band
2026-07-10T16:39:59Z,90.3914,0.532462,0.529916,-0.002546,in_band
2026-07-10T16:40:00Z,90.3914,0.532166,0.529622,-0.002544,in_band
2026-07-10T16:40:59Z,90.4784,0.515006,0.512544,-0.002462,in_band
2026-07-10T16:41:00Z,90.4784,0.514720,0.512259,-0.002461,in_band
2026-07-10T16:41:59Z,90.5653,0.498122,0.495741,-0.002381,in_band
2026-07-10T16:42:00Z,90.5653,0.497845,0.495465,-0.002380,in_band
2026-07-10T16:42:59Z,90.6889,0.481792,0.479488,-0.002303,in_band
2026-07-10T16:43:00Z,90.6889,0.481524,0.479222,-0.002302,in_band
2026-07-10T16:43:59Z,90.6981,0.465997,0.463769,-0.002228,in_band
2026-07-10T16:44:00Z,90.6981,0.465738,0.463511,-0.002226,in_band
2026-07-10T16:44:59Z,90.8309,0.450719,0.448565,-0.002155,in_band
2026-07-10T16:45:00Z,90.8309,0.450469,0.448316,-0.002154,in_band
2026-07-10T16:45:59Z,90.8614,0.435943,0.433859,-0.002084,in_band
2026-07-10T16:46:00Z,90.8614,0.435701,0.433618,-0.002083,in_band
2026-07-10T16:46:59Z,90.9361,0.421651,0.419635,-0.002016,in_band
2026-07-10T16:47:00Z,90.9361,0.421417,0.419402,-0.002015,in_band
2026-07-10T16:47:59Z,91.0185,0.407828,0.405878,-0.001950,in_band
2026-07-10T16:48:00Z,91.0185,0.407601,0.405653,-0.001949,in_band
2026-07-10T16:48:59Z,91.0948,0.394458,0.392572,-0.001886,in_band
2026-07-10T16:49:00Z,91.0948,0.394239,0.392354,-0.001885,in_band
2026-07-10T16:49:59Z,91.1315,0.381526,0.379702,-0.001824,in_band
2026-07-10T16:50:00Z,91.1315,0.381314,0.379491,-0.001823,in_band
2026-07-10T16:50:59Z,91.1742,0.369018,0.367254,-0.001764,in_band
2026-07-10T16:51:00Z,91.1742,0.368813,0.367050,-0.001763,in_band
2026-07-10T16:51:59Z,91.2459,0.356920,0.355214,-0.001706,in_band
2026-07-10T16:52:00Z,91.2459,0.356722,0.355016,-0.001705,in_band
2026-07-10T16:52:59Z,91.2367,0.345219,0.343568,-0.001650,in_band
2026-07-10T16:53:00Z,91.2367,0.345027,0.343378,-0.001649,in_band
2026-07-10T16:53:59Z,91.3191,0.333901,0.332305,-0.001596,in_band
2026-07-10T16:54:00Z,91.3191,0.333716,0.332120,-0.001595,in_band
2026-07-10T16:54:59Z,91.4199,0.322955,0.321411,-0.001544,in_band
2026-07-10T16:55:00Z,91.4199,0.322775,0.321232,-0.001543,in_band
2026-07-10T16:55:59Z,91.4305,0.312367,0.310874,-0.001493,in_band
2026-07-10T16:56:53Z,91.5572,0.303135,0.277798,-0.025337,above_band_high
2026-07-10T16:56:55Z,91.5129,0.298101,0.296681,-0.001420,above_band_high
2026-07-10T16:58:35Z,91.5724,0.255989,0.267930,0.011940,above_band_high
2026-07-10T16:58:48Z,91.6304,0.255325,0.242474,-0.012851,above_band_high
2026-07-10T16:59:04Z,91.6625,0.247829,0.227764,-0.020065,above_band_high
2026-07-10T16:59:55Z,91.6258,0.227665,0.238636,0.010970,above_band_high
2026-07-10T17:00:00Z,91.6854,0.227099,0.212674,-0.014426,above_band_high
2026-07-10T17:00:35Z,91.6411,0.205803,0.227101,0.021297,above_band_high
2026-07-10T17:01:25Z,91.6808,0.193552,0.202376,0.008824,above_band_high
2026-07-10T17:01:57Z,91.7418,0.189748,0.170546,-0.019201,above_band_high
2026-07-10T17:02:17Z,91.7723,0.172246,0.153670,-0.018576,above_band_high
2026-07-10T17:02:47Z,91.7037,0.164162,0.176766,0.012604,above_band_high
2026-07-10T17:03:37Z,91.8044,0.143290,0.122619,-0.020671,above_band_high
2026-07-10T17:03:39Z,91.7235,0.142819,0.156651,0.013832,above_band_high
2026-07-10T17:04:05Z,91.7464,0.127459,0.140600,0.013140,above_band_high
2026-07-10T17:04:37Z,91.7922,0.131159,0.113047,-0.018113,above_band_high
2026-07-10T17:05:15Z,91.7464,0.111678,0.122783,0.011104,above_band_high
2026-07-10T17:05:53Z,91.8181,0.101616,0.082047,-0.019568,above_band_high
2026-07-10T17:06:01Z,91.7830,0.087108,0.094862,0.007754,above_band_high
2026-07-10T17:06:34Z,91.8181,0.084624,0.070833,-0.013791,above_band_high
2026-07-10T17:07:03Z,91.7830,0.070714,0.077674,0.006960,above_band_high
2026-07-10T17:07:49Z,91.8181,0.062702,0.049432,-0.013270,above_band_high
2026-07-10T17:08:09Z,91.7357,0.056863,0.078720,0.021857,above_band_high
2026-07-10T17:08:35Z,91.8288,0.047210,0.031334,-0.015876,above_band_high
2026-07-10T17:09:21Z,91.8593,0.019620,0.004434,-0.015187,above_band_high
2026-07-10T17:09:39Z,91.7998,0.014690,0.024241,0.009550,above_band_high
2026-07-10T17:10:13Z,91.8410,0.007935,0.000000,-0.007935,above_band_high
2026-07-10T17:10:29Z,91.7769,0.000000,0.018310,0.018310,above_band_high
2026-07-10T17:11:00Z,91.8364,0.000000,0.000000,0.000000,above_band_high
2026-07-10T17:12:00Z,91.8517,0.000000,0.000000,0.000000,above_band_high
2026-07-10T17:13:00Z,91.8517,0.000000,0.000000,0.000000,above_band_high
2026-07-10T17:14:00Z,91.8730,0.000000,0.000000,0.000000,above_band_high
2026-07-10T17:15:00Z,91.9005,0.000000,0.000000,0.000000,above_band_high
2026-07-10T17:16:00Z,91.9203,0.000000,0.000000,0.000000,above_band_high
2026-07-10T17:17:00Z,91.9478,0.000000,0.000000,0.000000,above_band_high
2026-07-10T17:18:00Z,92.0073,0.000000,0.000000,0.000000,above_band_high
2026-07-10T17:19:00Z,92.0302,0.000000,0.000000,0.000000,above_band_high
2026-07-10T17:20:00Z,92.0287,0.000000,0.000000,0.000000,above_band_high
2026-07-10T17:21:00Z,92.1355,0.000000,0.000000,0.000000,above_band_high
2026-07-10T17:22:00Z,92.1721,0.000000,0.000000,0.000000,above_band_high
2026-07-10T17:23:00Z,92.1660,0.000000,0.000000,0.000000,above_band_high
2026-07-10T17:24:00Z,92.2576,0.000000,0.000000,0.000000,above_band_high
2026-07-10T17:25:00Z,92.2988,0.000000,0.000000,0.000000,above_band_high
2026-07-10T17:26:00Z,92.3552,0.000000,0.000000,0.000000,above_band_high
2026-07-10T17:27:00Z,92.3644,0.000000,0.000000,0.000000,above_band_high
2026-07-10T17:28:00Z,92.4651,0.000000,0.000000,0.000000,above_band_high
2026-07-10T17:29:00Z,92.4468,0.000000,0.000000,0.000000,above_band_high
2026-07-10T17:30:00Z,92.4697,0.000000,0.000000,0.000000,above_band_high
2026-07-10T17:31:00Z,92.4788,0.000000,0.000000,0.000000,above_band_high
2026-07-10T17:32:00Z,92.5383,0.000000,0.000000,0.000000,above_band_high
2026-07-10T17:33:00Z,92.5521,0.000000,0.000000,0.000000,above_band_high
2026-07-10T17:34:00Z,92.5566,0.000000,0.000000,0.000000,above_band_high
2026-07-10T17:35:00Z,92.5643,0.000000,0.000000,0.000000,above_band_high
2026-07-10T17:36:00Z,92.5551,0.000000,0.000000,0.000000,above_band_high
2026-07-10T17:37:00Z,92.5780,0.000000,0.000000,0.000000,above_band_high
2026-07-10T17:38:00Z,92.6207,0.000000,0.000000,0.000000,above_band_high
2026-07-10T17:39:00Z,92.5521,0.000000,0.000000,0.000000,above_band_high
2026-07-10T17:40:00Z,92.5841,0.000000,0.000000,0.000000,above_band_high
2026-07-10T17:41:00Z,92.5780,0.000000,0.000000,0.000000,above_band_high
2026-07-10T17:42:00Z,92.5566,0.000000,0.000000,0.000000,above_band_high
2026-07-10T17:43:00Z,92.5368,0.000000,0.000000,0.000000,above_band_high
2026-07-10T17:44:00Z,92.4834,0.000000,0.000000,0.000000,above_band_high
2026-07-10T17:45:00Z,92.5154,0.000000,0.000000,0.000000,above_band_high
2026-07-10T17:46:00Z,92.4514,0.000000,0.000000,0.000000,above_band_high
2026-07-10T17:47:00Z,92.5063,0.000000,0.000000,0.000000,above_band_high
2026-07-10T17:48:00Z,92.4880,0.000000,0.000000,0.000000,above_band_high
2026-07-10T17:49:00Z,92.4514,0.000000,0.000000,0.000000,above_band_high
2026-07-10T17:50:00Z,92.4468,0.000000,0.000000,0.000000,above_band_high
2026-07-10T17:51:00Z,92.4559,0.000000,0.000000,0.000000,above_band_high
2026-07-10T17:52:00Z,92.4269,0.000000,0.000000,0.000000,above_band_high
2026-07-10T17:53:00Z,92.4193,0.000000,0.000000,0.000000,above_band_high
2026-07-10T17:54:00Z,92.4315,0.000000,0.000000,0.000000,above_band_high
2026-07-10T17:55:00Z,92.4086,0.000000,0.000000,0.000000,above_band_high
2026-07-10T17:56:00Z,92.3583,0.000000,0.000000,0.000000,above_band_high
2026-07-10T17:57:00Z,92.3827,0.000000,0.000000,0.000000,above_band_high
2026-07-10T17:58:00Z,92.3735,0.000000,0.000000,0.000000,above_band_high
2026-07-10T17:59:00Z,92.3537,0.000000,0.000000,0.000000,above_band_high
2026-07-10T18:00:00Z,92.3873,0.000000,0.000000,0.000000,above_band_high
2026-07-10T18:01:00Z,92.3781,0.000000,0.000000,0.000000,above_band_high
2026-07-10T18:02:00Z,92.3400,0.000000,0.000000,0.000000,above_band_high
2026-07-10T18:03:00Z,92.3644,0.000000,0.000000,0.000000,above_band_high
2026-07-10T18:04:00Z,92.3323,0.000000,0.000000,0.000000,above_band_high
2026-07-10T18:05:00Z,92.3400,0.000000,0.000000,0.000000,above_band_high
2026-07-10T18:06:00Z,92.3262,0.000000,0.000000,0.000000,above_band_high
2026-07-10T18:07:00Z,92.3552,0.000000,0.000000,0.000000,above_band_high
2026-07-10T18:08:00Z,92.3186,0.000000,0.000000,0.000000,above_band_high
2026-07-10T18:09:00Z,92.3079,0.000000,0.000000,0.000000,above_band_high
2026-07-10T18:10:00Z,92.2988,0.000000,0.000000,0.000000,above_band_high
2026-07-10T18:11:00Z,92.2896,0.000000,0.000000,0.000000,above_band_high
2026-07-10T18:12:00Z,92.2988,0.000000,0.000000,0.000000,above_band_high
2026-07-10T18:13:00Z,92.2911,0.000000,0.000000,0.000000,above_band_high
2026-07-10T18:14:00Z,92.3033,0.000000,0.000000,0.000000,above_band_high
2026-07-10T18:15:00Z,92.3049,0.000000,0.000000,0.000000,above_band_high
2026-07-10T18:16:00Z,92.2896,0.000000,0.000000,0.000000,above_band_high
2026-07-10T18:17:00Z,92.3003,0.000000,0.000000,0.000000,above_band_high
2026-07-10T18:18:00Z,92.2957,0.000000,0.000000,0.000000,above_band_high
2026-07-10T18:19:00Z,92.3323,0.000000,0.000000,0.000000,above_band_high
2026-07-10T18:20:00Z,92.3323,0.000000,0.000000,0.000000,above_band_high
2026-07-10T18:21:00Z,92.3445,0.000000,0.000000,0.000000,above_band_high
2026-07-10T18:22:00Z,92.3949,0.000000,0.000000,0.000000,above_band_high
2026-07-10T18:23:00Z,92.4285,0.000000,0.000000,0.000000,above_band_high
2026-07-10T18:24:00Z,92.4514,0.000000,0.000000,0.000000,above_band_high
2026-07-10T18:25:00Z,92.5063,0.000000,0.000000,0.000000,above_band_high
2026-07-10T18:26:00Z,92.5322,0.000000,0.000000,0.000000,above_band_high
2026-07-10T18:27:00Z,92.5277,0.000000,0.000000,0.000000,above_band_high
2026-07-10T18:28:00Z,92.5658,0.000000,0.000000,0.000000,above_band_high
2026-07-10T18:29:00Z,92.5689,0.000000,0.000000,0.000000,above_band_high
2026-07-10T18:30:00Z,92.6329,0.000000,0.000000,0.000000,above_band_high
2026-07-10T18:31:00Z,92.6802,0.000000,0.000000,0.000000,above_band_high
2026-07-10T18:32:00Z,92.7169,0.000000,0.000000,0.000000,above_band_high
2026-07-10T18:33:00Z,92.7199,0.000000,0.000000,0.000000,above_band_high
2026-07-10T18:34:00Z,92.7947,0.000000,0.000000,0.000000,above_band_high
2026-07-10T18:35:00Z,92.8252,0.000000,0.000000,0.000000,above_band_high
2026-07-10T18:36:00Z,92.8573,0.000000,0.000000,0.000000,above_band_high
2026-07-10T18:37:00Z,92.8725,0.000000,0.000000,0.000000,above_band_high
2026-07-10T18:38:00Z,92.9229,0.000000,0.000000,0.000000,above_band_high
2026-07-10T18:39:00Z,92.9854,0.000000,0.000000,0.000000,above_band_high
2026-07-10T18:40:00Z,92.9808,0.000000,0.000000,0.000000,above_band_high
2026-07-10T18:41:00Z,93.0373,0.000000,0.000000,0.000000,above_band_high
2026-07-10T18:42:00Z,93.0541,0.000000,0.000000,0.000000,above_band_high
2026-07-10T18:43:00Z,93.0632,0.000000,0.000000,0.000000,above_band_high
2026-07-10T18:44:00Z,93.0648,0.000000,0.000000,0.000000,above_band_high
2026-07-10T18:45:00Z,93.0907,0.000000,0.000000,0.000000,above_band_high
2026-07-10T18:46:00Z,93.1548,0.000000,0.000000,0.000000,above_band_high
2026-07-10T18:47:00Z,93.1838,0.000000,0.000000,0.000000,above_band_high
2026-07-10T18:48:00Z,93.1884,0.000000,0.000000,0.000000,above_band_high
2026-07-10T18:49:00Z,93.1975,0.000000,0.000000,0.000000,above_band_high
2026-07-10T18:50:00Z,93.2143,0.000000,0.000000,0.000000,above_band_high
2026-07-10T18:51:00Z,93.2372,0.000000,0.000000,0.000000,above_band_high
2026-07-10T18:52:00Z,93.2891,0.000000,0.000000,0.000000,above_band_high
2026-07-10T18:53:00Z,93.3059,0.000000,0.000000,0.000000,above_band_high
2026-07-10T18:54:00Z,93.3059,0.000000,0.000000,0.000000,above_band_high
2026-07-10T18:55:00Z,93.3013,0.000000,0.000000,0.000000,above_band_high
2026-07-10T18:56:00Z,93.3165,0.000000,0.000000,0.000000,above_band_high
2026-07-10T18:57:00Z,93.3623,0.000000,0.000000,0.000000,above_band_high
2026-07-10T18:58:00Z,93.3806,0.000000,0.000000,0.000000,above_band_high
2026-07-10T18:59:00Z,93.3669,0.000000,0.000000,0.000000,above_band_high
2026-07-10T19:00:00Z,93.4020,0.000000,0.000000,0.000000,above_band_high
2026-07-10T19:01:00Z,93.4112,0.000000,0.000000,0.000000,above_band_high
2026-07-10T19:02:00Z,93.4066,0.000000,0.000000,0.000000,above_band_high
2026-07-10T19:03:00Z,93.3974,0.000000,0.000000,0.000000,above_band_high
2026-07-10T19:04:00Z,93.4401,0.000000,0.000000,0.000000,above_band_high
2026-07-10T19:05:00Z,93.4432,0.000000,0.000000,0.000000,above_band_high
2026-07-10T19:06:00Z,93.4493,0.000000,0.000000,0.000000,above_band_high
2026-07-10T19:07:00Z,93.4768,0.000000,0.000000,0.000000,above_band_high
2026-07-10T19:08:00Z,93.4768,0.000000,0.000000,0.000000,above_band_high
2026-07-10T19:09:00Z,93.5180,0.000000,0.000000,0.000000,above_band_high
2026-07-10T19:10:00Z,93.4630,0.000000,0.000000,0.000000,above_band_high
2026-07-10T19:11:00Z,93.5164,0.000000,0.000000,0.000000,above_band_high
2026-07-10T19:12:00Z,93.5180,0.000000,0.000000,0.000000,above_band_high
2026-07-10T19:13:00Z,93.5073,0.000000,0.000000,0.000000,above_band_high
2026-07-10T19:14:00Z,93.4661,0.000000,0.000000,0.000000,above_band_high
2026-07-10T19:15:00Z,93.4981,0.000000,0.000000,0.000000,above_band_high
2026-07-10T19:16:00Z,93.4707,0.000000,0.000000,0.000000,above_band_high
2026-07-10T19:17:00Z,93.4997,0.000000,0.000000,0.000000,above_band_high
2026-07-10T19:18:00Z,93.5088,0.000000,0.000000,0.000000,above_band_high
2026-07-10T19:19:00Z,93.4585,0.000000,0.000000,0.000000,above_band_high
2026-07-10T19:20:00Z,93.4905,0.000000,0.000000,0.000000,above_band_high
2026-07-10T19:21:00Z,93.4661,0.000000,0.000000,0.000000,above_band_high
2026-07-10T19:22:00Z,93.4630,0.000000,0.000000,0.000000,above_band_high
2026-07-10T19:23:00Z,93.4752,0.000000,0.000000,0.000000,above_band_high
2026-07-10T19:24:00Z,93.5119,0.000000,0.000000,0.000000,above_band_high
2026-07-10T19:25:00Z,93.4905,0.000000,0.000000,0.000000,above_band_high
2026-07-10T19:26:00Z,93.4936,0.000000,0.000000,0.000000,above_band_high
2026-07-10T19:27:00Z,93.4905,0.000000,0.000000,0.000000,above_band_high
2026-07-10T19:28:00Z,93.4936,0.000000,0.000000,0.000000,above_band_high
2026-07-10T19:29:00Z,93.5210,0.000000,0.000000,0.000000,above_band_high
2026-07-10T19:30:00Z,93.5088,0.000000,0.000000,0.000000,above_band_high
2026-07-10T19:31:00Z,93.5393,0.000000,0.000000,0.000000,above_band_high
2026-07-10T19:32:00Z,93.5210,0.000000,0.000000,0.000000,above_band_high
2026-07-10T19:33:00Z,93.5042,0.000000,0.000000,0.000000,above_band_high
2026-07-10T19:34:00Z,93.5363,0.000000,0.000000,0.000000,above_band_high
2026-07-10T19:35:00Z,93.5271,0.000000,0.000000,0.000000,above_band_high
2026-07-10T19:36:00Z,93.5134,0.000000,0.000000,0.000000,above_band_high
2026-07-10T19:37:00Z,93.5180,0.000000,0.000000,0.000000,above_band_high
2026-07-10T19:38:00Z,93.5393,0.000000,0.000000,0.000000,above_band_high
2026-07-10T19:39:00Z,93.5317,0.000000,0.000000,0.000000,above_band_high
2026-07-10T19:40:00Z,93.5363,0.000000,0.000000,0.000000,above_band_high
2026-07-10T19:41:00Z,93.5027,0.000000,0.000000,0.000000,above_band_high
2026-07-10T19:42:00Z,93.5302,0.000000,0.000000,0.000000,above_band_high
2026-07-10T19:43:00Z,93.5180,0.000000,0.000000,0.000000,above_band_high
2026-07-10T19:44:00Z,93.5454,0.000000,0.000000,0.000000,above_band_high
2026-07-10T19:45:00Z,93.5363,0.000000,0.000000,0.000000,above_band_high
2026-07-10T19:46:00Z,93.5805,0.000000,0.000000,0.000000,above_band_high
2026-07-10T19:47:00Z,93.5393,0.000000,0.000000,0.000000,above_band_high
2026-07-10T19:48:00Z,93.5576,0.000000,0.000000,0.000000,above_band_high
2026-07-10T19:49:00Z,93.5729,0.000000,0.000000,0.000000,above_band_high
2026-07-10T19:50:00Z,93.5851,0.000000,0.000000,0.000000,above_band_high
2026-07-10T19:51:00Z,93.5851,0.000000,0.000000,0.000000,above_band_high
2026-07-10T19:52:00Z,93.5805,0.000000,0.000000,0.000000,above_band_high
2026-07-10T19:53:00Z,93.6034,0.000000,0.000000,0.000000,above_band_high
2026-07-10T19:54:00Z,93.6263,0.000000,0.000000,0.000000,above_band_high
2026-07-10T19:55:00Z,93.6034,0.000000,0.000000,0.000000,above_band_high
2026-07-10T19:56:00Z,93.6080,0.000000,0.000000,0.000000,above_band_high
2026-07-10T19:57:00Z,93.6370,0.000000,0.000000,0.000000,above_band_high
2026-07-10T19:58:00Z,93.6187,0.000000,0.000000,0.000000,above_band_high
2026-07-10T19:59:00Z,93.6584,0.000000,0.000000,0.000000,above_band_high
2026-07-10T20:00:00Z,93.6645,0.000000,0.000000,0.000000,above_band_high
2026-07-10T20:01:00Z,93.6675,0.000000,0.000000,0.000000,above_band_high
2026-07-10T20:02:00Z,93.6690,0.000000,0.000000,0.000000,above_band_high
2026-07-10T20:03:00Z,93.7377,0.000000,0.000000,0.000000,above_band_high
2026-07-10T20:04:00Z,93.6492,0.000000,0.000000,0.000000,above_band_high
2026-07-10T20:05:00Z,93.7133,0.000000,0.000000,0.000000,above_band_high
2026-07-10T20:06:00Z,93.6965,0.000000,0.000000,0.000000,above_band_high
2026-07-10T20:07:00Z,93.7087,0.000000,0.000000,0.000000,above_band_high
2026-07-10T20:08:00Z,93.7057,0.000000,0.000000,0.000000,above_band_high
2026-07-10T20:09:00Z,93.7011,0.000000,0.000000,0.000000,above_band_high
2026-07-10T20:10:00Z,93.6965,0.000000,0.000000,0.000000,above_band_high
2026-07-10T20:11:00Z,93.6965,0.000000,0.000000,0.000000,above_band_high
2026-07-10T20:12:00Z,93.6767,0.000000,0.000000,0.000000,above_band_high
2026-07-10T20:13:00Z,93.6767,0.000000,0.000000,0.000000,above_band_high
2026-07-10T20:14:00Z,93.6675,0.000000,0.000000,0.000000,above_band_high
2026-07-10T20:15:00Z,93.6507,0.000000,0.000000,0.000000,above_band_high
2026-07-10T20:16:00Z,93.6599,0.000000,0.000000,0.000000,above_band_high
2026-07-10T20:17:00Z,93.6767,0.000000,0.000000,0.000000,above_band_high
2026-07-10T20:18:00Z,93.6675,0.000000,0.000000,0.000000,above_band_high
2026-07-10T20:19:00Z,93.6629,0.000000,0.000000,0.000000,above_band_high
2026-07-10T20:20:00Z,93.6263,0.000000,0.000000,0.000000,above_band_high
2026-07-10T20:21:00Z,93.6492,0.000000,0.000000,0.000000,above_band_high
2026-07-10T20:22:00Z,93.6690,0.000000,0.000000,0.000000,above_band_high
2026-07-10T20:23:00Z,93.6095,0.000000,0.000000,0.000000,above_band_high
2026-07-10T20:24:00Z,93.7133,0.000000,0.000000,0.000000,above_band_high
2026-07-10T20:25:00Z,93.6767,0.000000,0.000000,0.000000,above_band_high
2026-07-10T20:26:00Z,93.6049,0.000000,0.000000,0.000000,above_band_high
2026-07-10T20:27:00Z,93.6553,0.000000,0.000000,0.000000,above_band_high
2026-07-10T20:28:00Z,93.7011,0.000000,0.000000,0.000000,above_band_high
2026-07-10T20:29:00Z,93.6828,0.000000,0.000000,0.000000,above_band_high
2026-07-10T20:30:00Z,93.6599,0.000000,0.000000,0.000000,above_band_high
2026-07-10T20:31:00Z,93.6599,0.000000,0.000000,0.000000,above_band_high
2026-07-10T20:32:00Z,93.6767,0.000000,0.000000,0.000000,above_band_high
2026-07-10T20:33:00Z,93.6690,0.000000,0.000000,0.000000,above_band_high
2026-07-10T20:34:00Z,93.6553,0.000000,0.000000,0.000000,above_band_high
2026-07-10T20:35:00Z,93.6492,0.000000,0.000000,0.000000,above_band_high
2026-07-10T20:36:00Z,93.6690,0.000000,0.000000,0.000000,above_band_high
2026-07-10T20:37:00Z,93.6904,0.000000,0.000000,0.000000,above_band_high
2026-07-10T20:38:00Z,93.6904,0.000000,0.000000,0.000000,above_band_high
2026-07-10T20:39:00Z,93.6584,0.000000,0.000000,0.000000,above_band_high
2026-07-10T20:40:00Z,93.6767,0.000000,0.000000,0.000000,above_band_high
2026-07-10T20:41:00Z,93.6645,0.000000,0.000000,0.000000,above_band_high
2026-07-10T20:42:00Z,93.6507,0.000000,0.000000,0.000000,above_band_high
2026-07-10T20:43:00Z,93.6858,0.000000,0.000000,0.000000,above_band_high
2026-07-10T20:44:00Z,93.7377,0.000000,0.000000,0.000000,above_band_high
2026-07-10T20:45:00Z,93.7148,0.000000,0.000000,0.000000,above_band_high
2026-07-10T20:46:00Z,93.7057,0.000000,0.000000,0.000000,above_band_high
2026-07-10T20:47:00Z,93.7041,0.000000,0.000000,0.000000,above_band_high
2026-07-10T20:48:00Z,93.7133,0.000000,0.000000,0.000000,above_band_high
2026-07-10T20:49:00Z,93.7423,0.000000,0.000000,0.000000,above_band_high
2026-07-10T20:50:00Z,93.7057,0.000000,0.000000,0.000000,above_band_high
2026-07-10T20:51:00Z,93.7774,0.000000,0.000000,0.000000,above_band_high
2026-07-10T20:52:00Z,93.7469,0.000000,0.000000,0.000000,above_band_high
2026-07-10T20:53:00Z,93.7545,0.000000,0.000000,0.000000,above_band_high
2026-07-10T20:54:00Z,93.7819,0.000000,0.000000,0.000000,above_band_high
2026-07-10T20:55:00Z,93.7697,0.000000,0.000000,0.000000,above_band_high
2026-07-10T20:56:00Z,93.8003,0.000000,0.000000,0.000000,above_band_high
2026-07-10T20:57:00Z,93.7926,0.000000,0.000000,0.000000,above_band_high
2026-07-10T20:58:00Z,93.7819,0.000000,0.000000,0.000000,above_band_high
2026-07-10T20:59:00Z,93.8003,0.000000,0.000000,0.000000,above_band_high
2026-07-10T21:00:00Z,93.8384,0.000000,0.000000,0.000000,above_band_high
2026-07-10T21:01:00Z,93.8277,0.000000,0.000000,0.000000,above_band_high
2026-07-10T21:02:00Z,93.7819,0.000000,0.000000,0.000000,above_band_high
2026-07-10T21:03:00Z,93.8018,0.000000,0.000000,0.000000,above_band_high
2026-07-10T21:04:00Z,93.8155,0.000000,0.000000,0.000000,above_band_high
2026-07-10T21:05:00Z,93.8338,0.000000,0.000000,0.000000,above_band_high
2026-07-10T21:06:00Z,93.7926,0.000000,0.000000,0.000000,above_band_high
2026-07-10T21:07:00Z,93.8094,0.000000,0.000000,0.000000,above_band_high
2026-07-10T21:08:00Z,93.8277,0.000000,0.000000,0.000000,above_band_high
2026-07-10T21:09:00Z,93.8323,0.000000,0.000000,0.000000,above_band_high
2026-07-10T21:10:00Z,93.8064,0.000000,0.000000,0.000000,above_band_high
2026-07-10T21:11:00Z,93.8140,0.000000,0.000000,0.000000,above_band_high
2026-07-10T21:12:00Z,93.7957,0.000000,0.000000,0.000000,above_band_high
2026-07-10T21:13:00Z,93.7881,0.000000,0.000000,0.000000,above_band_high
2026-07-10T21:14:00Z,93.7881,0.000000,0.000000,0.000000,above_band_high
2026-07-10T21:15:00Z,93.8064,0.000000,0.000000,0.000000,above_band_high
2026-07-10T21:16:00Z,93.8018,0.000000,0.000000,0.000000,above_band_high
2026-07-10T21:17:00Z,93.8140,0.000000,0.000000,0.000000,above_band_high
2026-07-10T21:18:00Z,93.8003,0.000000,0.000000,0.000000,above_band_high
2026-07-10T21:19:00Z,93.7560,0.000000,0.000000,0.000000,above_band_high
2026-07-10T21:20:00Z,93.8231,0.000000,0.000000,0.000000,above_band_high
2026-07-10T21:21:00Z,93.8094,0.000000,0.000000,0.000000,above_band_high
2026-07-10T21:22:00Z,93.8140,0.000000,0.000000,0.000000,above_band_high
2026-07-10T21:23:00Z,93.8277,0.000000,0.000000,0.000000,above_band_high
2026-07-10T21:24:00Z,93.7728,0.000000,0.000000,0.000000,above_band_high
2026-07-10T21:25:00Z,93.8064,0.000000,0.000000,0.000000,above_band_high
2026-07-10T21:26:00Z,93.8186,0.000000,0.000000,0.000000,above_band_high
2026-07-10T21:27:00Z,93.8338,0.000000,0.000000,0.000000,above_band_high
2026-07-10T21:28:00Z,93.8231,0.000000,0.000000,0.000000,above_band_high
2026-07-10T21:29:00Z,93.8003,0.000000,0.000000,0.000000,above_band_high
2026-07-10T21:30:00Z,93.7545,0.000000,0.000000,0.000000,above_band_high
2026-07-10T21:31:00Z,93.8277,0.000000,0.000000,0.000000,above_band_high
2026-07-10T21:32:00Z,93.7881,0.000000,0.000000,0.000000,above_band_high
2026-07-10T21:33:00Z,93.7774,0.000000,0.000000,0.000000,above_band_high
2026-07-10T21:34:00Z,93.7728,0.000000,0.000000,0.000000,above_band_high
2026-07-10T21:35:00Z,93.7957,0.000000,0.000000,0.000000,above_band_high
2026-07-10T21:36:00Z,93.8064,0.000000,0.000000,0.000000,above_band_high
2026-07-10T21:37:00Z,93.7774,0.000000,0.000000,0.000000,above_band_high
2026-07-10T21:38:00Z,93.7697,0.000000,0.000000,0.000000,above_band_high
2026-07-10T21:39:00Z,93.7728,0.000000,0.000000,0.000000,above_band_high
2026-07-10T21:40:00Z,93.7560,0.000000,0.000000,0.000000,above_band_high
2026-07-10T21:41:00Z,93.7499,0.000000,0.000000,0.000000,above_band_high
2026-07-10T21:42:00Z,93.7652,0.000000,0.000000,0.000000,above_band_high
2026-07-10T21:43:00Z,93.7270,0.000000,0.000000,0.000000,above_band_high
2026-07-10T21:44:00Z,93.7377,0.000000,0.000000,0.000000,above_band_high
2026-07-10T21:45:00Z,93.7560,0.000000,0.000000,0.000000,above_band_high
2026-07-10T21:46:00Z,93.7423,0.000000,0.000000,0.000000,above_band_high
2026-07-10T21:47:00Z,93.7560,0.000000,0.000000,0.000000,above_band_high
2026-07-10T21:48:00Z,93.7377,0.000000,0.000000,0.000000,above_band_high
2026-07-10T21:49:00Z,93.7453,0.000000,0.000000,0.000000,above_band_high
2026-07-10T21:50:00Z,93.7194,0.000000,0.000000,0.000000,above_band_high
2026-07-10T21:51:00Z,93.7316,0.000000,0.000000,0.000000,above_band_high
2026-07-10T21:52:00Z,93.7636,0.000000,0.000000,0.000000,above_band_high
2026-07-10T21:53:00Z,93.7423,0.000000,0.000000,0.000000,above_band_high
2026-07-10T21:54:00Z,93.7636,0.000000,0.000000,0.000000,above_band_high
2026-07-10T21:55:00Z,93.7560,0.000000,0.000000,0.000000,above_band_high
2026-07-10T21:56:00Z,93.7377,0.000000,0.000000,0.000000,above_band_high
2026-07-10T21:57:00Z,93.7545,0.000000,0.000000,0.000000,above_band_high
2026-07-10T21:58:00Z,93.7499,0.000000,0.000000,0.000000,above_band_high
2026-07-10T21:59:00Z,93.7133,0.000000,0.000000,0.000000,above_band_high
2026-07-10T22:00:00Z,93.7697,0.000000,0.000000,0.000000,above_band_high
2026-07-10T22:01:00Z,93.7697,0.000000,0.000000,0.000000,above_band_high
2026-07-10T22:02:00Z,93.7469,0.000000,0.000000,0.000000,above_band_high
2026-07-10T22:03:00Z,93.7499,0.000000,0.000000,0.000000,above_band_high
2026-07-10T22:04:00Z,93.7697,0.000000,0.000000,0.000000,above_band_high
2026-07-10T22:05:00Z,93.7453,0.000000,0.000000,0.000000,above_band_high
2026-07-10T22:06:00Z,93.7316,0.000000,0.000000,0.000000,above_band_high
2026-07-10T22:07:00Z,93.7652,0.000000,0.000000,0.000000,above_band_high
2026-07-10T22:08:00Z,93.7423,0.000000,0.000000,0.000000,above_band_high
2026-07-10T22:09:00Z,93.7270,0.000000,0.000000,0.000000,above_band_high
2026-07-10T22:10:00Z,93.7469,0.000000,0.000000,0.000000,above_band_high
2026-07-10T22:11:00Z,93.7636,0.000000,0.000000,0.000000,above_band_high
2026-07-10T22:12:00Z,93.7819,0.000000,0.000000,0.000000,above_band_high
2026-07-10T22:13:00Z,93.7652,0.000000,0.000000,0.000000,above_band_high
2026-07-10T22:14:00Z,93.7377,0.000000,0.000000,0.000000,above_band_high
2026-07-10T22:15:00Z,93.7789,0.000000,0.000000,0.000000,above_band_high
2026-07-10T22:16:00Z,93.7728,0.000000,0.000000,0.000000,above_band_high
2026-07-10T22:17:00Z,93.7514,0.000000,0.000000,0.000000,above_band_high
2026-07-10T22:18:00Z,93.7728,0.000000,0.000000,0.000000,above_band_high
2026-07-10T22:19:00Z,93.7606,0.000000,0.000000,0.000000,above_band_high
2026-07-10T22:20:00Z,93.7743,0.000000,0.000000,0.000000,above_band_high
2026-07-10T22:21:00Z,93.7362,0.000000,0.000000,0.000000,above_band_high
2026-07-10T22:22:00Z,93.7652,0.000000,0.000000,0.000000,above_band_high
2026-07-10T22:23:00Z,93.8186,0.000000,0.000000,0.000000,above_band_high
2026-07-10T22:24:00Z,93.7545,0.000000,0.000000,0.000000,above_band_high
2026-07-10T22:25:00Z,93.7911,0.000000,0.000000,0.000000,above_band_high
2026-07-10T22:26:00Z,93.7591,0.000000,0.000000,0.000000,above_band_high
2026-07-10T22:27:00Z,93.7743,0.000000,0.000000,0.000000,above_band_high
2026-07-10T22:28:00Z,93.7835,0.000000,0.000000,0.000000,above_band_high
2026-07-10T22:29:00Z,93.7682,0.000000,0.000000,0.000000,above_band_high
2026-07-10T22:30:00Z,93.7469,0.000000,0.000000,0.000000,above_band_high
2026-07-10T22:31:00Z,93.7972,0.000000,0.000000,0.000000,above_band_high
2026-07-10T22:32:00Z,93.7682,0.000000,0.000000,0.000000,above_band_high
2026-07-10T22:33:00Z,93.7514,0.000000,0.000000,0.000000,above_band_high
2026-07-10T22:34:00Z,93.7560,0.000000,0.000000,0.000000,above_band_high
2026-07-10T22:35:00Z,93.7682,0.000000,0.000000,0.000000,above_band_high
2026-07-10T22:36:00Z,93.7560,0.000000,0.000000,0.000000,above_band_high
2026-07-10T22:37:00Z,93.7636,0.000000,0.000000,0.000000,above_band_high
2026-07-10T22:38:00Z,93.7819,0.000000,0.000000,0.000000,above_band_high
2026-07-10T22:39:00Z,93.7743,0.000000,0.000000,0.000000,above_band_high
2026-07-10T22:40:00Z,93.7224,0.000000,0.000000,0.000000,above_band_high
2026-07-10T22:41:00Z,93.7728,0.000000,0.000000,0.000000,above_band_high
2026-07-10T22:42:00Z,93.7881,0.000000,0.000000,0.000000,above_band_high
2026-07-10T22:43:00Z,93.7469,0.000000,0.000000,0.000000,above_band_high
2026-07-10T22:44:00Z,93.7789,0.000000,0.000000,0.000000,above_band_high
2026-07-10T22:45:00Z,93.7560,0.000000,0.000000,0.000000,above_band_high
2026-07-10T22:46:00Z,93.7560,0.000000,0.000000,0.000000,above_band_high
2026-07-10T22:47:00Z,93.7377,0.000000,0.000000,0.000000,above_band_high
2026-07-10T22:48:00Z,93.7652,0.000000,0.000000,0.000000,above_band_high
2026-07-10T22:49:00Z,93.7819,0.000000,0.000000,0.000000,above_band_high
2026-07-10T22:50:00Z,93.7377,0.000000,0.000000,0.000000,above_band_high
2026-07-10T22:51:00Z,93.7453,0.000000,0.000000,0.000000,above_band_high
2026-07-10T22:52:00Z,93.7819,0.000000,0.000000,0.000000,above_band_high
2026-07-10T22:53:00Z,93.7545,0.000000,0.000000,0.000000,above_band_high
2026-07-10T22:54:00Z,93.7423,0.000000,0.000000,0.000000,above_band_high
2026-07-10T22:55:00Z,93.7697,0.000000,0.000000,0.000000,above_band_high
2026-07-10T22:56:00Z,93.7606,0.000000,0.000000,0.000000,above_band_high
2026-07-10T22:57:00Z,93.7499,0.000000,0.000000,0.000000,above_band_high
2026-07-10T22:58:00Z,93.7362,0.000000,0.000000,0.000000,above_band_high
2026-07-10T22:59:00Z,93.7636,0.000000,0.000000,0.000000,above_band_high
2026-07-10T23:00:00Z,93.7179,0.000000,0.000000,0.000000,above_band_high
2026-07-10T23:01:00Z,93.7194,0.000000,0.000000,0.000000,above_band_high
2026-07-10T23:02:00Z,93.7133,0.000000,0.000000,0.000000,above_band_high
2026-07-10T23:03:00Z,93.7041,0.000000,0.000000,0.000000,above_band_high
2026-07-10T23:04:00Z,93.6950,0.000000,0.000000,0.000000,above_band_high
2026-07-10T23:05:00Z,93.6950,0.000000,0.000000,0.000000,above_band_high
2026-07-10T23:06:00Z,93.6995,0.000000,0.000000,0.000000,above_band_high
2026-07-10T23:07:00Z,93.7407,0.000000,0.000000,0.000000,above_band_high
2026-07-10T23:08:00Z,93.7179,0.000000,0.000000,0.000000,above_band_high
2026-07-10T23:09:00Z,93.7514,0.000000,0.000000,0.000000,above_band_high
2026-07-10T23:10:00Z,93.7560,0.000000,0.000000,0.000000,above_band_high
2026-07-10T23:11:00Z,93.7911,0.000000,0.000000,0.000000,above_band_high
2026-07-10T23:12:00Z,93.7789,0.000000,0.000000,0.000000,above_band_high
2026-07-10T23:13:00Z,93.7789,0.000000,0.000000,0.000000,above_band_high
2026-07-10T23:14:00Z,93.7881,0.000000,0.000000,0.000000,above_band_high
2026-07-10T23:15:00Z,93.8247,0.000000,0.000000,0.000000,above_band_high
2026-07-10T23:16:00Z,93.8094,0.000000,0.000000,0.000000,above_band_high
2026-07-10T23:17:00Z,93.8201,0.000000,0.000000,0.000000,above_band_high
2026-07-10T23:18:00Z,93.8888,0.000000,0.000000,0.000000,above_band_high
2026-07-10T23:19:00Z,93.8750,0.000000,0.000000,0.000000,above_band_high
2026-07-10T23:20:00Z,93.8750,0.000000,0.000000,0.000000,above_band_high
2026-07-10T23:21:00Z,93.8888,0.000000,0.000000,0.000000,above_band_high
2026-07-10T23:22:00Z,93.9147,0.000000,0.000000,0.000000,above_band_high
2026-07-10T23:23:00Z,93.9025,0.000000,0.000000,0.000000,above_band_high
2026-07-10T23:24:00Z,93.9376,0.000000,0.000000,0.000000,above_band_high
2026-07-10T23:25:00Z,93.9025,0.000000,0.000000,0.000000,above_band_high
2026-07-10T23:26:00Z,93.9330,0.000000,0.000000,0.000000,above_band_high
2026-07-10T23:27:00Z,93.9513,0.000000,0.000000,0.000000,above_band_high
2026-07-10T23:28:00Z,93.9895,0.000000,0.000000,0.000000,above_band_high
2026-07-10T23:29:00Z,93.9605,0.000000,0.000000,0.000000,above_band_high
2026-07-10T23:30:00Z,93.9666,0.000000,0.000000,0.000000,above_band_high
2026-07-10T23:31:00Z,94.0108,0.000000,0.000000,0.000000,above_band_high
2026-07-10T23:32:00Z,94.0063,0.000000,0.000000,0.000000,above_band_high
2026-07-10T23:33:00Z,94.0337,0.000000,0.000000,0.000000,above_band_high
2026-07-10T23:34:00Z,94.0444,0.000000,0.000000,0.000000,above_band_high
2026-07-10T23:35:00Z,94.0520,0.000000,0.000000,0.000000,above_band_high
2026-07-10T23:36:00Z,94.0612,0.000000,0.000000,0.000000,above_band_high
2026-07-10T23:37:00Z,94.0902,0.000000,0.000000,0.000000,above_band_high
2026-07-10T23:38:00Z,94.0673,0.000000,0.000000,0.000000,above_band_high
2026-07-10T23:39:00Z,94.1024,0.000000,0.000000,0.000000,above_band_high
2026-07-10T23:40:00Z,94.1405,0.000000,0.000000,0.000000,above_band_high
2026-07-10T23:41:00Z,94.1176,0.000000,0.000000,0.000000,above_band_high
2026-07-10T23:42:00Z,94.1360,0.000000,0.000000,0.000000,above_band_high
2026-07-10T23:43:00Z,94.1299,0.000000,0.000000,0.000000,above_band_high
2026-07-10T23:44:00Z,94.1222,0.000000,0.000000,0.000000,above_band_high
2026-07-10T23:45:00Z,94.1360,0.000000,0.000000,0.000000,above_band_high
2026-07-10T23:46:00Z,94.1482,0.000000,0.000000,0.000000,above_band_high
2026-07-10T23:47:00Z,94.1573,0.000000,0.000000,0.000000,above_band_high
2026-07-10T23:48:00Z,94.1527,0.000000,0.000000,0.000000,above_band_high
2026-07-10T23:49:00Z,94.1756,0.000000,0.000000,0.000000,above_band_high
2026-07-10T23:50:00Z,94.2031,0.000000,0.000000,0.000000,above_band_high
2026-07-10T23:51:00Z,94.1772,0.000000,0.000000,0.000000,above_band_high
2026-07-10T23:52:00Z,94.1848,0.000000,0.000000,0.000000,above_band_high
2026-07-10T23:53:00Z,94.1985,0.000000,0.000000,0.000000,above_band_high
2026-07-10T23:54:00Z,94.1848,0.000000,0.000000,0.000000,above_band_high
2026-07-10T23:55:00Z,94.2306,0.000000,0.000000,0.000000,above_band_high
2026-07-10T23:56:00Z,94.2123,0.000000,0.000000,0.000000,above_band_high
2026-07-10T23:57:00Z,94.1955,0.000000,0.000000,0.000000,above_band_high
2026-07-10T23:58:00Z,94.2489,0.000000,0.000000,0.000000,above_band_high
2026-07-10T23:59:00Z,94.2458,0.000000,0.000000,0.000000,above_band_high
2026-07-11T00:00:00Z,94.2412,0.000000,0.000000,0.000000,above_band_high
2026-07-11T00:01:00Z,94.2412,0.000000,0.000000,0.000000,above_band_high
2026-07-11T00:02:00Z,94.2672,0.000000,0.000000,0.000000,above_band_high
2026-07-11T00:03:00Z,94.2672,0.000000,0.000000,0.000000,above_band_high
2026-07-11T00:04:00Z,94.2184,0.000000,0.000000,0.000000,above_band_high
2026-07-11T00:05:00Z,94.2412,0.000000,0.000000,0.000000,above_band_high
2026-07-11T00:06:00Z,94.2458,0.000000,0.000000,0.000000,above_band_high
2026-07-11T00:07:00Z,94.2855,0.000000,0.000000,0.000000,above_band_high
2026-07-11T00:08:00Z,94.2763,0.000000,0.000000,0.000000,above_band_high
2026-07-11T00:09:00Z,94.2687,0.000000,0.000000,0.000000,above_band_high
2026-07-11T00:10:00Z,94.2596,0.000000,0.000000,0.000000,above_band_high
2026-07-11T00:11:00Z,94.2916,0.000000,0.000000,0.000000,above_band_high
2026-07-11T00:12:00Z,94.2870,0.000000,0.000000,0.000000,above_band_high
2026-07-11T00:13:00Z,94.2870,0.000000,0.000000,0.000000,above_band_high
2026-07-11T00:14:00Z,94.2306,0.000000,0.000000,0.000000,above_band_high
2026-07-11T00:15:00Z,94.2733,0.000000,0.000000,0.000000,above_band_high
2026-07-11T00:16:00Z,94.2733,0.000000,0.000000,0.000000,above_band_high
2026-07-11T00:17:00Z,94.2351,0.000000,0.000000,0.000000,above_band_high
2026-07-11T00:18:00Z,94.2229,0.000000,0.000000,0.000000,above_band_high
2026-07-11T00:19:00Z,94.2947,0.000000,0.000000,0.000000,above_band_high
2026-07-11T00:20:00Z,94.2824,0.000000,0.000000,0.000000,above_band_high
2026-07-11T00:21:00Z,94.2458,0.000000,0.000000,0.000000,above_band_high
2026-07-11T00:22:00Z,94.2870,0.000000,0.000000,0.000000,above_band_high
2026-07-11T00:23:00Z,94.2641,0.000000,0.000000,0.000000,above_band_high
2026-07-11T00:24:00Z,94.2641,0.000000,0.000000,0.000000,above_band_high
2026-07-11T00:25:00Z,94.2489,0.000000,0.000000,0.000000,above_band_high
2026-07-11T00:26:00Z,94.2824,0.000000,0.000000,0.000000,above_band_high
2026-07-11T00:27:00Z,94.2763,0.000000,0.000000,0.000000,above_band_high
2026-07-11T00:28:00Z,94.2809,0.000000,0.000000,0.000000,above_band_high
2026-07-11T00:29:00Z,94.2870,0.000000,0.000000,0.000000,above_band_high
2026-07-11T00:30:00Z,94.2458,0.000000,0.000000,0.000000,above_band_high
2026-07-11T00:31:00Z,94.2626,0.000000,0.000000,0.000000,above_band_high
2026-07-11T00:32:00Z,94.2641,0.000000,0.000000,0.000000,above_band_high
2026-07-11T00:33:00Z,94.2397,0.000000,0.000000,0.000000,above_band_high
2026-07-11T00:34:00Z,94.2580,0.000000,0.000000,0.000000,above_band_high
2026-07-11T00:35:00Z,94.2412,0.000000,0.000000,0.000000,above_band_high
2026-07-11T00:36:00Z,94.2306,0.000000,0.000000,0.000000,above_band_high
2026-07-11T00:37:00Z,94.2351,0.000000,0.000000,0.000000,above_band_high
2026-07-11T00:38:00Z,94.2214,0.000000,0.000000,0.000000,above_band_high
2026-07-11T00:39:00Z,94.2214,0.000000,0.000000,0.000000,above_band_high
2026-07-11T00:40:00Z,94.2489,0.000000,0.000000,0.000000,above_band_high
2026-07-11T00:41:00Z,94.2626,0.000000,0.000000,0.000000,above_band_high
2026-07-11T00:42:00Z,94.2306,0.000000,0.000000,0.000000,above_band_high
2026-07-11T00:43:00Z,94.2168,0.000000,0.000000,0.000000,above_band_high
2026-07-11T00:44:00Z,94.2351,0.000000,0.000000,0.000000,above_band_high
2026-07-11T00:45:00Z,94.1863,0.000000,0.000000,0.000000,above_band_high
2026-07-11T00:46:00Z,94.1955,0.000000,0.000000,0.000000,above_band_high
2026-07-11T00:47:00Z,94.1894,0.000000,0.000000,0.000000,above_band_high
2026-07-11T00:48:00Z,94.2000,0.000000,0.000000,0.000000,above_band_high
2026-07-11T00:49:00Z,94.1863,0.000000,0.000000,0.000000,above_band_high
2026-07-11T00:50:00Z,94.1817,0.000000,0.000000,0.000000,above_band_high
2026-07-11T00:51:00Z,94.1955,0.000000,0.000000,0.000000,above_band_high
2026-07-11T00:52:00Z,94.1680,0.000000,0.000000,0.000000,above_band_high
2026-07-11T00:53:00Z,94.1955,0.000000,0.000000,0.000000,above_band_high
2026-07-11T00:54:00Z,94.1634,0.000000,0.000000,0.000000,above_band_high
2026-07-11T00:55:00Z,94.1619,0.000000,0.000000,0.000000,above_band_high
2026-07-11T00:56:00Z,94.2000,0.000000,0.000000,0.000000,above_band_high
2026-07-11T00:57:00Z,94.1344,0.000000,0.000000,0.000000,above_band_high
2026-07-11T00:58:00Z,94.1436,0.000000,0.000000,0.000000,above_band_high
2026-07-11T00:59:00Z,94.1299,0.000000,0.000000,0.000000,above_band_high
2026-07-11T01:00:00Z,94.1436,0.000000,0.000000,0.000000,above_band_high
2026-07-11T01:01:00Z,94.1131,0.000000,0.000000,0.000000,above_band_high
2026-07-11T01:02:00Z,94.0749,0.000000,0.000000,0.000000,above_band_high
2026-07-11T01:03:00Z,94.0749,0.000000,0.000000,0.000000,above_band_high
2026-07-11T01:04:00Z,94.0612,0.000000,0.000000,0.000000,above_band_high
2026-07-11T01:05:00Z,94.0398,0.000000,0.000000,0.000000,above_band_high
2026-07-11T01:06:00Z,94.0536,0.000000,0.000000,0.000000,above_band_high
2026-07-11T01:07:00Z,94.0398,0.000000,0.000000,0.000000,above_band_high
2026-07-11T01:08:00Z,94.0490,0.000000,0.000000,0.000000,above_band_high
2026-07-11T01:09:00Z,94.0398,0.000000,0.000000,0.000000,above_band_high
2026-07-11T01:10:00Z,94.0291,0.000000,0.000000,0.000000,above_band_high
2026-07-11T01:11:00Z,94.0078,0.000000,0.000000,0.000000,above_band_high
2026-07-11T01:12:00Z,94.0154,0.000000,0.000000,0.000000,above_band_high
2026-07-11T01:13:00Z,94.0017,0.000000,0.000000,0.000000,above_band_high
2026-07-11T01:14:00Z,94.0063,0.000000,0.000000,0.000000,above_band_high
2026-07-11T01:15:00Z,93.9528,0.000000,0.000000,0.000000,above_band_high
2026-07-11T01:16:00Z,93.9422,0.000000,0.000000,0.000000,above_band_high
2026-07-11T01:17:00Z,93.9467,0.000000,0.000000,0.000000,above_band_high
2026-07-11T01:18:00Z,93.9147,0.000000,0.000000,0.000000,above_band_high
2026-07-11T01:19:00Z,93.8933,0.000000,0.000000,0.000000,above_band_high
2026-07-11T01:20:00Z,93.9055,0.000000,0.000000,0.000000,above_band_high
2026-07-11T01:21:00Z,93.8827,0.000000,0.000000,0.000000,above_band_high
2026-07-11T01:22:00Z,93.8552,0.000000,0.000000,0.000000,above_band_high
2026-07-11T01:23:00Z,93.8689,0.000000,0.000000,0.000000,above_band_high
2026-07-11T01:24:00Z,93.8155,0.000000,0.000000,0.000000,above_band_high
2026-07-11T01:25:00Z,93.8003,0.000000,0.000000,0.000000,above_band_high
2026-07-11T01:26:00Z,93.7743,0.000000,0.000000,0.000000,above_band_high
2026-07-11T01:27:00Z,93.7636,0.000000,0.000000,0.000000,above_band_high
2026-07-11T01:28:00Z,93.7636,0.000000,0.000000,0.000000,above_band_high
2026-07-11T01:29:00Z,93.7514,0.000000,0.000000,0.000000,above_band_high
2026-07-11T01:30:00Z,93.7972,0.000000,0.000000,0.000000,above_band_high
2026-07-11T01:31:00Z,93.7514,0.000000,0.000000,0.000000,above_band_high
2026-07-11T01:32:00Z,93.7514,0.000000,0.000000,0.000000,above_band_high
2026-07-11T01:33:00Z,93.7514,0.000000,0.000000,0.000000,above_band_high
2026-07-11T01:34:00Z,93.7194,0.000000,0.000000,0.000000,above_band_high
2026-07-11T01:35:00Z,93.7224,0.000000,0.000000,0.000000,above_band_high
2026-07-11T01:36:00Z,93.7194,0.000000,0.000000,0.000000,above_band_high
2026-07-11T01:37:00Z,93.6995,0.000000,0.000000,0.000000,above_band_high
2026-07-11T01:38:00Z,93.6645,0.000000,0.000000,0.000000,above_band_high
2026-07-11T01:39:00Z,93.6675,0.000000,0.000000,0.000000,above_band_high
2026-07-11T01:40:00Z,93.6461,0.000000,0.000000,0.000000,above_band_high
2026-07-11T01:41:00Z,93.6461,0.000000,0.000000,0.000000,above_band_high
2026-07-11T01:42:00Z,93.6507,0.000000,0.000000,0.000000,above_band_high
2026-07-11T01:43:00Z,93.6538,0.000000,0.000000,0.000000,above_band_high
2026-07-11T01:44:00Z,93.6004,0.000000,0.000000,0.000000,above_band_high
2026-07-11T01:45:00Z,93.6233,0.000000,0.000000,0.000000,above_band_high
2026-07-11T01:46:00Z,93.5851,0.000000,0.000000,0.000000,above_band_high
2026-07-11T01:47:00Z,93.5775,0.000000,0.000000,0.000000,above_band_high
2026-07-11T01:48:00Z,93.6004,0.000000,0.000000,0.000000,above_band_high
2026-07-11T01:49:00Z,93.5668,0.000000,0.000000,0.000000,above_band_high
2026-07-11T01:50:00Z,93.5775,0.000000,0.000000,0.000000,above_band_high
2026-07-11T01:51:00Z,93.5714,0.000000,0.000000,0.000000,above_band_high
2026-07-11T01:52:00Z,93.5256,0.000000,0.000000,0.000000,above_band_high
2026-07-11T01:53:00Z,93.5363,0.000000,0.000000,0.000000,above_band_high
2026-07-11T01:54:00Z,93.5454,0.000000,0.000000,0.000000,above_band_high
2026-07-11T01:55:00Z,93.5180,0.000000,0.000000,0.000000,above_band_high
2026-07-11T01:56:00Z,93.5256,0.000000,0.000000,0.000000,above_band_high
2026-07-11T01:57:00Z,93.5088,0.000000,0.000000,0.000000,above_band_high
2026-07-11T01:58:00Z,93.4936,0.000000,0.000000,0.000000,above_band_high
2026-07-11T01:59:00Z,93.4981,0.000000,0.000000,0.000000,above_band_high
2026-07-11T02:00:00Z,93.4859,0.000000,0.000000,0.000000,above_band_high
2026-07-11T02:01:00Z,93.4447,0.000000,0.000000,0.000000,above_band_high
2026-07-11T02:02:00Z,93.4661,0.000000,0.000000,0.000000,above_band_high
2026-07-11T02:03:00Z,93.4569,0.000000,0.000000,0.000000,above_band_high
2026-07-11T02:04:00Z,93.4386,0.000000,0.000000,0.000000,above_band_high
2026-07-11T02:05:00Z,93.4661,0.000000,0.000000,0.000000,above_band_high
2026-07-11T02:06:00Z,93.4356,0.000000,0.000000,0.000000,above_band_high
2026-07-11T02:07:00Z,93.4661,0.000000,0.000000,0.000000,above_band_high
2026-07-11T02:08:00Z,93.4447,0.000000,0.000000,0.000000,above_band_high
2026-07-11T02:09:00Z,93.3852,0.000000,0.000000,0.000000,above_band_high
2026-07-11T02:10:00Z,93.3974,0.000000,0.000000,0.000000,above_band_high
2026-07-11T02:11:00Z,93.4310,0.000000,0.000000,0.000000,above_band_high
2026-07-11T02:12:00Z,93.4066,0.000000,0.000000,0.000000,above_band_high
2026-07-11T02:13:00Z,93.3761,0.000000,0.000000,0.000000,above_band_high
2026-07-11T02:14:00Z,93.3577,0.000000,0.000000,0.000000,above_band_high
2026-07-11T02:15:00Z,93.3150,0.000000,0.000000,0.000000,above_band_high
2026-07-11T02:16:00Z,93.2876,0.000000,0.000000,0.000000,above_band_high
2026-07-11T02:17:00Z,93.2753,0.000000,0.000000,0.000000,above_band_high
2026-07-11T02:18:00Z,93.2341,0.000000,0.000000,0.000000,above_band_high
2026-07-11T02:19:00Z,93.1960,0.000000,0.000000,0.000000,above_band_high
2026-07-11T02:20:00Z,93.2021,0.000000,0.000000,0.000000,above_band_high
2026-07-11T02:21:00Z,93.1777,0.000000,0.000000,0.000000,above_band_high
2026-07-11T02:22:00Z,93.1609,0.000000,0.000000,0.000000,above_band_high
2026-07-11T02:23:00Z,93.1426,0.000000,0.000000,0.000000,above_band_high
2026-07-11T02:24:00Z,93.1014,0.000000,0.000000,0.000000,above_band_high
2026-07-11T02:25:00Z,93.0587,0.000000,0.000000,0.000000,above_band_high
2026-07-11T02:26:00Z,93.0602,0.000000,0.000000,0.000000,above_band_high
2026-07-11T02:27:00Z,93.0602,0.000000,0.000000,0.000000,above_band_high
2026-07-11T02:28:00Z,93.0053,0.000000,0.000000,0.000000,above_band_high
2026-07-11T02:29:00Z,92.9870,0.000000,0.000000,0.000000,above_band_high
2026-07-11T02:30:00Z,92.9824,0.000000,0.000000,0.000000,above_band_high
2026-07-11T02:31:00Z,92.9732,0.000000,0.000000,0.000000,above_band_high
2026-07-11T02:32:00Z,92.9442,0.000000,0.000000,0.000000,above_band_high
2026-07-11T02:33:00Z,92.9305,0.000000,0.000000,0.000000,above_band_high
2026-07-11T02:34:00Z,92.9183,0.000000,0.000000,0.000000,above_band_high
2026-07-11T02:35:00Z,92.9183,0.000000,0.000000,0.000000,above_band_high
2026-07-11T02:36:00Z,92.8634,0.000000,0.000000,0.000000,above_band_high
2026-07-11T02:37:00Z,92.8344,0.000000,0.000000,0.000000,above_band_high
2026-07-11T02:38:00Z,92.8588,0.000000,0.000000,0.000000,above_band_high
2026-07-11T02:39:00Z,92.8496,0.000000,0.000000,0.000000,above_band_high
2026-07-11T02:40:00Z,92.8344,0.000000,0.000000,0.000000,above_band_high
2026-07-11T02:41:00Z,92.7901,0.000000,0.000000,0.000000,above_band_high
2026-07-11T02:42:00Z,92.7886,0.000000,0.000000,0.000000,above_band_high
2026-07-11T02:43:00Z,92.7672,0.000000,0.000000,0.000000,above_band_high
2026-07-11T02:44:00Z,92.7382,0.000000,0.000000,0.000000,above_band_high
2026-07-11T02:45:00Z,92.7382,0.000000,0.000000,0.000000,above_band_high
2026-07-11T02:46:00Z,92.6848,0.000000,0.000000,0.000000,above_band_high
2026-07-11T02:47:00Z,92.7382,0.000000,0.000000,0.000000,above_band_high
2026-07-11T02:48:00Z,92.6925,0.000000,0.000000,0.000000,above_band_high
2026-07-11T02:49:00Z,92.6436,0.000000,0.000000,0.000000,above_band_high
2026-07-11T02:50:00Z,92.6329,0.000000,0.000000,0.000000,above_band_high
2026-07-11T02:51:00Z,92.6345,0.000000,0.000000,0.000000,above_band_high
2026-07-11T02:52:00Z,92.6329,0.000000,0.000000,0.000000,above_band_high
2026-07-11T02:53:00Z,92.6253,0.000000,0.000000,0.000000,above_band_high
2026-07-11T02:54:00Z,92.5963,0.000000,0.000000,0.000000,above_band_high
2026-07-11T02:55:00Z,92.5826,0.000000,0.000000,0.000000,above_band_high
2026-07-11T02:56:00Z,92.5750,0.000000,0.000000,0.000000,above_band_high
2026-07-11T02:57:00Z,92.5750,0.000000,0.000000,0.000000,above_band_high
2026-07-11T02:58:00Z,92.5505,0.000000,0.000000,0.000000,above_band_high
2026-07-11T02:59:00Z,92.4880,0.000000,0.000000,0.000000,above_band_high
2026-07-11T03:00:00Z,92.5277,0.000000,0.000000,0.000000,above_band_high
2026-07-11T03:01:00Z,92.4910,0.000000,0.000000,0.000000,above_band_high
2026-07-11T03:02:00Z,92.4559,0.000000,0.000000,0.000000,above_band_high
2026-07-11T03:03:00Z,92.4559,0.000000,0.000000,0.000000,above_band_high
2026-07-11T03:04:00Z,92.4361,0.000000,0.000000,0.000000,above_band_high
2026-07-11T03:05:00Z,92.3964,0.000000,0.000000,0.000000,above_band_high
2026-07-11T03:06:00Z,92.3873,0.000000,0.000000,0.000000,above_band_high
2026-07-11T03:07:00Z,92.3964,0.000000,0.000000,0.000000,above_band_high
2026-07-11T03:08:00Z,92.4147,0.000000,0.000000,0.000000,above_band_high
2026-07-11T03:09:00Z,92.3873,0.000000,0.000000,0.000000,above_band_high
2026-07-11T03:10:00Z,92.3720,0.000000,0.000000,0.000000,above_band_high
2026-07-11T03:11:00Z,92.3827,0.000000,0.000000,0.000000,above_band_high
2026-07-11T03:12:00Z,92.3507,0.000000,0.000000,0.000000,above_band_high
2026-07-11T03:13:00Z,92.3354,0.000000,0.000000,0.000000,above_band_high
2026-07-11T03:14:00Z,92.2957,0.000000,0.000000,0.000000,above_band_high
2026-07-11T03:15:00Z,92.2728,0.000000,0.000000,0.000000,above_band_high
2026-07-11T03:16:00Z,92.2866,0.000000,0.000000,0.000000,above_band_high
2026-07-11T03:17:00Z,92.2713,0.000000,0.000000,0.000000,above_band_high
2026-07-11T03:18:00Z,92.2179,0.000000,0.000000,0.000000,above_band_high
2026-07-11T03:19:00Z,92.1981,0.000000,0.000000,0.000000,above_band_high
2026-07-11T03:20:00Z,92.1675,0.000000,0.000000,0.000000,above_band_high
2026-07-11T03:21:00Z,92.1675,0.000000,0.000000,0.000000,above_band_high
2026-07-11T03:22:00Z,92.1157,0.000000,0.000000,0.000000,above_band_high
2026-07-11T03:23:00Z,92.1172,0.000000,0.000000,0.000000,above_band_high
2026-07-11T03:24:00Z,92.0745,0.000000,0.000000,0.000000,above_band_high
2026-07-11T03:25:00Z,92.0607,0.000000,0.000000,0.000000,above_band_high
2026-07-11T03:26:00Z,92.0485,0.000000,0.000000,0.000000,above_band_high
2026-07-11T03:27:00Z,92.0073,0.000000,0.000000,0.000000,above_band_high
2026-07-11T03:28:00Z,91.9936,0.000000,0.000000,0.000000,above_band_high
2026-07-11T03:29:00Z,91.9829,0.000000,0.000000,0.000000,above_band_high
2026-07-11T03:30:00Z,91.9738,0.000000,0.000000,0.000000,above_band_high
2026-07-11T03:31:00Z,91.9524,0.000000,0.000000,0.000000,above_band_high
2026-07-11T03:32:00Z,91.9463,0.000000,0.000000,0.000000,above_band_high
2026-07-11T03:33:00Z,91.9142,0.000000,0.000000,0.000000,above_band_high
2026-07-11T03:34:00Z,91.8959,0.000000,0.000000,0.000000,above_band_high
2026-07-11T03:35:00Z,91.8959,0.000000,0.000000,0.000000,above_band_high
2026-07-11T03:36:00Z,91.9005,0.000000,0.000000,0.000000,above_band_high
2026-07-11T03:37:00Z,91.8929,0.000000,0.000000,0.000000,above_band_high
2026-07-11T03:38:00Z,91.8318,0.000000,0.000000,0.000000,above_band_high
2026-07-11T03:39:00Z,91.8456,0.000000,0.000000,0.000000,above_band_high
2026-07-11T03:40:00Z,91.7967,0.000000,0.000000,0.000000,above_band_high
2026-07-11T03:41:00Z,91.7693,0.000000,0.000000,0.000000,above_band_high
2026-07-11T03:42:00Z,91.7967,0.000000,0.000000,0.000000,above_band_high
2026-07-11T03:43:00Z,91.7769,0.000000,0.000000,0.000000,above_band_high
2026-07-11T03:44:00Z,91.7967,0.000000,0.000000,0.000000,above_band_high
2026-07-11T03:45:00Z,91.7494,0.000000,0.000000,0.000000,above_band_high
2026-07-11T03:46:00Z,91.7510,0.000000,0.000000,0.000000,above_band_high
2026-07-11T03:47:00Z,91.7449,0.000000,0.000000,0.000000,above_band_high
2026-07-11T03:48:00Z,91.7418,0.000000,0.000000,0.000000,above_band_high
2026-07-11T03:49:00Z,91.7540,0.000000,0.000000,0.000000,above_band_high
2026-07-11T03:50:00Z,91.7449,0.000000,0.000000,0.000000,above_band_high
2026-07-11T03:51:00Z,91.7281,0.000000,0.000000,0.000000,above_band_high
2026-07-11T03:52:00Z,91.7418,0.000000,0.000000,0.000000,above_band_high
2026-07-11T03:53:00Z,91.7174,0.000000,0.000000,0.000000,above_band_high
2026-07-11T03:54:00Z,91.7144,0.000000,0.000000,0.000000,above_band_high
2026-07-11T03:55:00Z,91.7723,0.000000,0.000000,0.000000,above_band_high
2026-07-11T03:56:00Z,91.7357,0.000000,0.000000,0.000000,above_band_high
2026-07-11T03:57:00Z,91.7220,0.000000,0.000000,0.000000,above_band_high
2026-07-11T03:58:00Z,91.7311,0.000000,0.000000,0.000000,above_band_high
2026-07-11T03:59:00Z,91.7281,0.000000,0.000000,0.000000,above_band_high
2026-07-11T04:00:00Z,91.6991,0.000000,0.000000,0.000000,above_band_high
2026-07-11T04:01:00Z,91.7037,0.000000,0.000000,0.000000,above_band_high
2026-07-11T04:02:00Z,91.7037,0.000000,0.000000,0.000000,above_band_high
2026-07-11T04:03:00Z,91.7311,0.000000,0.000000,0.000000,above_band_high
2026-07-11T04:04:00Z,91.7098,0.000000,0.000000,0.000000,above_band_high
2026-07-11T04:05:00Z,91.7082,0.000000,0.000000,0.000000,above_band_high
2026-07-11T04:06:00Z,91.6777,0.000000,0.000000,0.000000,above_band_high
2026-07-11T04:07:00Z,91.7082,0.000000,0.000000,0.000000,above_band_high
2026-07-11T04:08:00Z,91.6991,0.000000,0.000000,0.000000,above_band_high
2026-07-11T04:09:00Z,91.6640,0.000000,0.000000,0.000000,above_band_high
2026-07-11T04:10:00Z,91.6670,0.000000,0.000000,0.000000,above_band_high
2026-07-11T04:11:00Z,91.6640,0.000000,0.000000,0.000000,above_band_high
2026-07-11T04:12:00Z,91.6823,0.000000,0.000000,0.000000,above_band_high
2026-07-11T04:13:00Z,91.6777,0.000000,0.000000,0.000000,above_band_high
2026-07-11T04:14:00Z,91.6487,0.000000,0.000000,0.000000,above_band_high
2026-07-11T04:15:00Z,91.6228,0.000000,0.000000,0.000000,above_band_high
2026-07-11T04:16:00Z,91.6167,0.000000,0.000000,0.000000,above_band_high
2026-07-11T04:17:00Z,91.6136,0.000000,0.000000,0.000000,above_band_high
2026-07-11T04:18:00Z,91.6091,0.000000,0.000000,0.000000,above_band_high
2026-07-11T04:19:00Z,91.6228,0.000000,0.000000,0.000000,above_band_high
2026-07-11T04:20:00Z,91.6030,0.000000,0.000000,0.000000,above_band_high
2026-07-11T04:21:00Z,91.6258,0.000000,0.000000,0.000000,above_band_high
2026-07-11T04:22:00Z,91.6274,0.000000,0.000000,0.000000,above_band_high
2026-07-11T04:23:00Z,91.5572,0.000000,0.000000,0.000000,above_band_high
2026-07-11T04:24:00Z,91.5846,0.000000,0.000000,0.000000,above_band_high
2026-07-11T04:25:00Z,91.5846,0.000000,0.000000,0.000000,above_band_high
2026-07-11T04:26:00Z,91.5679,0.000000,0.000000,0.000000,above_band_high
2026-07-11T04:26:21Z,91.5023,0.000000,0.002669,0.002669,above_band_high
2026-07-11T04:27:00Z,91.5175,0.000000,0.000000,0.000000,above_band_high
2026-07-11T04:27:05Z,91.4931,0.000000,0.002876,0.002876,in_band
2026-07-11T04:28:00Z,91.5129,0.000000,0.000000,0.000000,above_band_high
2026-07-11T04:28:03Z,91.4885,0.000000,0.001746,0.001746,in_band
2026-07-11T04:31:09Z,91.4717,0.000198,0.000293,0.000095,in_band
2026-07-11T04:31:29Z,91.5068,0.000142,0.000000,-0.000142,above_band_high
2026-07-11T04:32:01Z,91.5206,0.000084,0.000000,-0.000084,above_band_high
2026-07-11T04:32:27Z,91.4748,0.000055,0.000174,0.000119,in_band
2026-07-11T04:33:07Z,91.5068,0.000028,0.000000,-0.000028,above_band_high
2026-07-11T04:33:37Z,91.4626,0.000017,0.000107,0.000089,in_band
2026-07-11T04:34:01Z,91.5023,0.000012,0.000000,-0.000012,above_band_high
2026-07-11T04:34:03Z,91.4626,0.000011,0.000087,0.000076,in_band
2026-07-11T04:37:23Z,91.5068,0.000037,0.000000,-0.000037,above_band_high
2026-07-11T04:37:25Z,91.4626,0.000036,0.000144,0.000108,in_band
2026-07-11T04:38:03Z,91.5114,0.000019,0.000000,-0.000019,above_band_high
2026-07-11T04:38:07Z,91.4626,0.000018,0.000112,0.000094,in_band
2026-07-11T04:39:00Z,91.4672,0.000007,0.000047,0.000039,in_band
2026-07-11T04:39:59Z,91.4244,0.000003,0.000018,0.000015,in_band
2026-07-11T04:40:00Z,91.4244,0.000003,0.000017,0.000015,in_band
2026-07-11T04:40:59Z,91.4427,0.000001,0.000007,0.000005,in_band
2026-07-11T04:41:23Z,91.5175,0.000001,0.000000,-0.000001,above_band_high
2026-07-11T04:41:31Z,91.4626,0.000001,0.000052,0.000052,in_band
2026-07-11T04:42:00Z,91.4519,0.000000,0.000032,0.000032,in_band
2026-07-11T04:42:53Z,91.5038,0.000000,0.000000,-0.000000,above_band_high
2026-07-11T04:43:00Z,91.4992,0.000000,0.000019,0.000019,in_band
2026-07-11T04:43:59Z,91.4519,0.000000,0.000007,0.000007,in_band
2026-07-11T04:44:00Z,91.4519,0.000000,0.000007,0.000007,in_band
2026-07-11T04:44:59Z,91.4717,0.000000,0.000003,0.000003,in_band
2026-07-11T04:45:00Z,91.4717,0.000000,0.000003,0.000003,in_band
2026-07-11T04:45:59Z,91.4672,0.000000,0.000001,0.000001,in_band
2026-07-11T04:46:00Z,91.4672,0.000000,0.000001,0.000001,in_band
2026-07-11T04:46:59Z,91.4748,0.000000,0.000000,0.000000,in_band
2026-07-11T04:47:00Z,91.4748,0.000000,0.000000,0.000000,in_band
2026-07-11T04:47:59Z,91.4580,0.000000,0.000000,0.000000,in_band
2026-07-11T04:48:41Z,91.5023,0.000000,0.000000,-0.000000,above_band_high
2026-07-11T04:48:43Z,91.4977,0.000000,0.000005,0.000005,in_band
2026-07-11T04:49:00Z,91.4977,0.000000,0.000004,0.000004,in_band
2026-07-11T04:49:59Z,91.4626,0.000000,0.000001,0.000001,in_band
2026-07-11T04:50:05Z,91.5084,0.000000,0.000000,-0.000000,above_band_high
2026-07-11T04:50:27Z,91.4809,0.000000,0.000079,0.000079,in_band
2026-07-11T04:54:04Z,91.5297,0.000000,0.000000,0.000000,above_band_high
2026-07-11T04:54:31Z,91.4855,0.000000,0.001234,0.001234,in_band
2026-07-11T04:55:00Z,91.5084,0.000000,0.000000,0.000000,above_band_high
2026-07-11T04:55:19Z,91.4992,0.000000,0.001517,0.001517,in_band
2026-07-11T04:56:00Z,91.5312,0.000000,0.000000,0.000000,above_band_high
2026-07-11T04:56:13Z,91.4946,0.000000,0.001752,0.001752,in_band
2026-07-11T04:57:00Z,91.5450,0.000000,0.000000,0.000000,above_band_high
2026-07-11T04:58:00Z,91.5175,0.000000,0.000000,0.000000,above_band_high
2026-07-11T04:59:00Z,91.5709,0.000000,0.000000,0.000000,above_band_high
2026-07-11T05:00:00Z,91.5496,0.000000,0.000000,0.000000,above_band_high
2026-07-11T05:01:00Z,91.5816,0.000000,0.000000,0.000000,above_band_high
2026-07-11T05:02:00Z,91.5679,0.000000,0.000000,0.000000,above_band_high
2026-07-11T05:03:00Z,91.5572,0.000000,0.000000,0.000000,above_band_high
2026-07-11T05:04:00Z,91.5892,0.000000,0.000000,0.000000,above_band_high
2026-07-11T05:05:00Z,91.5541,0.000000,0.000000,0.000000,above_band_high
2026-07-11T05:06:00Z,91.5953,0.000000,0.000000,0.000000,above_band_high
2026-07-11T05:07:00Z,91.6136,0.000000,0.000000,0.000000,above_band_high
2026-07-11T05:08:00Z,91.5892,0.000000,0.000000,0.000000,above_band_high
2026-07-11T05:09:00Z,91.6091,0.000000,0.000000,0.000000,above_band_high
2026-07-11T05:10:00Z,91.5862,0.000000,0.000000,0.000000,above_band_high
2026-07-11T05:11:00Z,91.5862,0.000000,0.000000,0.000000,above_band_high
2026-07-11T05:12:00Z,91.5862,0.000000,0.000000,0.000000,above_band_high
2026-07-11T05:13:00Z,91.5480,0.000000,0.000000,0.000000,above_band_high
2026-07-11T05:14:00Z,91.5709,0.000000,0.000000,0.000000,above_band_high
2026-07-11T05:15:00Z,91.5572,0.000000,0.000000,0.000000,above_band_high
2026-07-11T05:15:41Z,91.4992,0.000000,0.003086,0.003086,in_band
2026-07-11T05:16:00Z,91.5572,0.000000,0.000000,0.000000,above_band_high
2026-07-11T05:16:11Z,91.4946,0.000000,0.002790,0.002790,in_band
2026-07-11T05:17:00Z,91.4946,0.000000,0.002029,0.002029,in_band
2026-07-11T05:17:03Z,91.5343,0.001167,0.000000,-0.001167,above_band_high
2026-07-11T05:18:07Z,91.4794,0.000000,0.001594,0.001594,in_band
2026-07-11T05:18:13Z,91.5343,0.000543,0.000000,-0.000543,above_band_high
2026-07-11T05:19:00Z,91.4794,0.000000,0.001171,0.001171,in_band
2026-07-11T05:21:50Z,91.4809,0.000103,0.000177,0.000074,in_band
2026-07-11T05:21:59Z,91.4809,0.000088,0.000152,0.000064,in_band
2026-07-11T05:22:00Z,91.4809,0.000087,0.000150,0.000063,in_band
2026-07-11T05:22:53Z,91.5068,0.000036,0.000000,-0.000036,above_band_high
2026-07-11T05:23:00Z,91.4672,0.000032,0.000069,0.000037,in_band
2026-07-11T05:23:57Z,91.5038,0.000013,0.000000,-0.000013,above_band_high
2026-07-11T05:24:00Z,91.4488,0.000012,0.000033,0.000022,in_band
2026-07-11T05:24:59Z,91.4565,0.000005,0.000013,0.000008,in_band
2026-07-11T05:25:00Z,91.4565,0.000004,0.000012,0.000008,in_band
2026-07-11T05:25:59Z,91.4672,0.000002,0.000005,0.000003,in_band
2026-07-11T05:26:00Z,91.4672,0.000002,0.000005,0.000003,in_band
2026-07-11T05:26:59Z,91.4565,0.000001,0.000002,0.000001,in_band
2026-07-11T05:27:00Z,91.4565,0.000001,0.000002,0.000001,in_band
2026-07-11T05:27:59Z,91.4214,0.000000,0.000001,0.000000,in_band
2026-07-11T05:28:00Z,91.4214,0.000000,0.000001,0.000000,in_band
2026-07-11T05:28:59Z,91.4244,0.000000,0.000000,0.000000,in_band
2026-07-11T05:29:00Z,91.4244,0.000000,0.000000,0.000000,in_band
2026-07-11T05:29:59Z,91.4656,0.000000,0.000000,0.000000,in_band
2026-07-11T05:30:00Z,91.4656,0.000000,0.000000,0.000000,in_band
2026-07-11T05:30:59Z,91.4855,0.000000,0.000000,0.000000,in_band
2026-07-11T05:31:00Z,91.4855,0.000000,0.000000,0.000000,in_band
2026-07-11T05:31:59Z,91.4656,0.000000,0.000000,0.000000,in_band
2026-07-11T05:32:13Z,91.5114,0.000000,0.000000,-0.000000,above_band_high
2026-07-11T05:32:51Z,91.4794,0.000000,0.000047,0.000047,in_band
2026-07-11T05:33:07Z,91.5206,0.000000,0.000000,-0.000000,above_band_high
2026-07-11T05:33:53Z,91.4977,0.000000,0.000129,0.000129,in_band
2026-07-11T05:34:05Z,91.5129,0.000000,0.000000,-0.000000,above_band_high
2026-07-11T05:34:25Z,91.4885,0.000000,0.000160,0.000160,in_band
2026-07-11T05:35:00Z,91.4672,0.000000,0.000099,0.000099,in_band
2026-07-11T05:35:03Z,91.5038,0.000000,0.000000,-0.000000,above_band_high
2026-07-11T05:37:21Z,91.5068,0.000000,0.000000,0.000000,above_band_high
2026-07-11T05:37:37Z,91.4885,0.000000,0.001194,0.001194,in_band
2026-07-11T05:38:00Z,91.5267,0.000000,0.000000,0.000000,above_band_high
2026-07-11T05:38:21Z,91.4992,0.000000,0.001231,0.001231,in_band
2026-07-11T05:39:00Z,91.5496,0.000000,0.000000,0.000000,above_band_high
2026-07-11T05:39:21Z,91.4977,0.000000,0.001719,0.001719,in_band
2026-07-11T05:40:00Z,91.5572,0.000000,0.000000,0.000000,above_band_high
2026-07-11T05:41:00Z,91.5358,0.000000,0.000000,0.000000,above_band_high
2026-07-11T05:41:03Z,91.4977,0.000000,0.002358,0.002358,in_band
2026-07-11T05:42:00Z,91.5572,0.000000,0.000000,0.000000,above_band_high
2026-07-11T05:43:00Z,91.5526,0.000000,0.000000,0.000000,above_band_high
2026-07-11T05:44:00Z,91.5450,0.000000,0.000000,0.000000,above_band_high
2026-07-11T05:45:00Z,91.5816,0.000000,0.000000,0.000000,above_band_high
2026-07-11T05:46:00Z,91.5953,0.000000,0.000000,0.000000,above_band_high
2026-07-11T05:47:00Z,91.5663,0.000000,0.000000,0.000000,above_band_high
2026-07-11T05:48:00Z,91.5984,0.000000,0.000000,0.000000,above_band_high
2026-07-11T05:49:00Z,91.5724,0.000000,0.000000,0.000000,above_band_high
2026-07-11T05:50:00Z,91.5679,0.000000,0.000000,0.000000,above_band_high
2026-07-11T05:51:00Z,91.5633,0.000000,0.000000,0.000000,above_band_high
2026-07-11T05:52:00Z,91.5679,0.000000,0.000000,0.000000,above_band_high
2026-07-11T05:53:00Z,91.6045,0.000000,0.000000,0.000000,above_band_high
2026-07-11T05:54:00Z,91.6213,0.000000,0.000000,0.000000,above_band_high
2026-07-11T05:55:00Z,91.5938,0.000000,0.000000,0.000000,above_band_high
2026-07-11T05:56:00Z,91.6075,0.000000,0.000000,0.000000,above_band_high
2026-07-11T05:57:00Z,91.6075,0.000000,0.000000,0.000000,above_band_high
2026-07-11T05:58:00Z,91.6579,0.000000,0.000000,0.000000,above_band_high
2026-07-11T05:59:00Z,91.6533,0.000000,0.000000,0.000000,above_band_high
2026-07-11T06:00:00Z,91.6442,0.000000,0.000000,0.000000,above_band_high
2026-07-11T06:01:00Z,91.6274,0.000000,0.000000,0.000000,above_band_high
2026-07-11T06:02:00Z,91.6457,0.000000,0.000000,0.000000,above_band_high
2026-07-11T06:03:00Z,91.6640,0.000000,0.000000,0.000000,above_band_high
2026-07-11T06:04:00Z,91.6686,0.000000,0.000000,0.000000,above_band_high
2026-07-11T06:05:00Z,91.6899,0.000000,0.000000,0.000000,above_band_high
2026-07-11T06:06:00Z,91.6686,0.000000,0.000000,0.000000,above_band_high
2026-07-11T06:07:00Z,91.6823,0.000000,0.000000,0.000000,above_band_high
2026-07-11T06:08:00Z,91.6304,0.000000,0.000000,0.000000,above_band_high
2026-07-11T06:09:00Z,91.6533,0.000000,0.000000,0.000000,above_band_high
2026-07-11T06:10:00Z,91.6686,0.000000,0.000000,0.000000,above_band_high
2026-07-11T06:11:00Z,91.6533,0.000000,0.000000,0.000000,above_band_high
2026-07-11T06:12:00Z,91.6533,0.000000,0.000000,0.000000,above_band_high
2026-07-11T06:13:00Z,91.6182,0.000000,0.000000,0.000000,above_band_high
2026-07-11T06:14:00Z,91.6640,0.000000,0.000000,0.000000,above_band_high
2026-07-11T06:15:00Z,91.6182,0.000000,0.000000,0.000000,above_band_high
2026-07-11T06:16:00Z,91.6365,0.000000,0.000000,0.000000,above_band_high
2026-07-11T06:17:00Z,91.6320,0.000000,0.000000,0.000000,above_band_high
2026-07-11T06:18:00Z,91.6075,0.000000,0.000000,0.000000,above_band_high
2026-07-11T06:19:00Z,91.6258,0.000000,0.000000,0.000000,above_band_high
2026-07-11T06:20:00Z,91.5892,0.000000,0.000000,0.000000,above_band_high
2026-07-11T06:21:00Z,91.5999,0.000000,0.000000,0.000000,above_band_high
2026-07-11T06:22:00Z,91.6075,0.000000,0.000000,0.000000,above_band_high
2026-07-11T06:23:00Z,91.5938,0.000000,0.000000,0.000000,above_band_high
2026-07-11T06:24:00Z,91.5663,0.000000,0.000000,0.000000,above_band_high
2026-07-11T06:25:00Z,91.5816,0.000000,0.000000,0.000000,above_band_high
2026-07-11T06:26:00Z,91.5572,0.000000,0.000000,0.000000,above_band_high
2026-07-11T06:28:36Z,91.4900,0.001582,0.001665,0.000083,in_band
2026-07-11T06:28:38Z,91.5267,0.001531,0.000000,-0.001531,above_band_high
2026-07-11T06:29:53Z,91.5038,0.000000,0.000000,0.000000,above_band_high
2026-07-11T06:30:00Z,91.5435,0.000000,0.000000,0.000000,above_band_high
2026-07-11T06:30:02Z,91.4931,0.000000,0.001301,0.001301,in_band
2026-07-11T06:31:15Z,91.5038,0.000000,0.000000,0.000000,above_band_high
2026-07-11T06:31:46Z,91.4885,0.000000,0.001050,0.001050,in_band
2026-07-11T06:32:00Z,91.5358,0.000000,0.000000,0.000000,above_band_high
2026-07-11T06:32:44Z,91.4931,0.000000,0.001485,0.001485,in_band
2026-07-11T06:33:00Z,91.5068,0.000000,0.000000,0.000000,above_band_high
2026-07-11T06:33:10Z,91.4992,0.000000,0.001547,0.001547,in_band
2026-07-11T06:34:00Z,91.5572,0.000000,0.000000,0.000000,above_band_high
2026-07-11T06:34:54Z,91.5038,0.000000,0.000359,0.000359,above_band_high
2026-07-11T06:35:00Z,91.5358,0.000000,0.000000,0.000000,above_band_high
2026-07-11T06:35:32Z,91.4992,0.000000,0.001887,0.001887,in_band
2026-07-11T06:36:00Z,91.5267,0.000000,0.000000,0.000000,above_band_high
2026-07-11T06:36:30Z,91.4977,0.000000,0.001694,0.001694,in_band
2026-07-11T06:37:00Z,91.4992,0.000000,0.001456,0.001456,in_band
2026-07-11T06:37:02Z,91.5312,0.000000,0.000000,0.000000,above_band_high
2026-07-11T06:38:00Z,91.5389,0.000000,0.000000,0.000000,above_band_high
2026-07-11T06:38:08Z,91.4885,0.000000,0.001733,0.001733,in_band
2026-07-11T06:39:00Z,91.5251,0.000000,0.000000,0.000000,above_band_high
2026-07-11T06:39:16Z,91.4580,0.000000,0.001591,0.001591,in_band
2026-07-11T06:40:00Z,91.5129,0.000000,0.000000,0.000000,above_band_high
2026-07-11T06:40:06Z,91.4900,0.000000,0.001582,0.001582,in_band
2026-07-11T06:41:00Z,91.5038,0.000000,0.000000,0.000000,above_band_high
2026-07-11T06:41:30Z,91.4992,0.000000,0.001284,0.001284,in_band
2026-07-11T06:42:00Z,91.5251,0.000000,0.000000,0.000000,above_band_high
2026-07-11T06:42:54Z,91.4992,0.000000,0.001422,0.001422,in_band
2026-07-11T06:43:00Z,91.5251,0.000000,0.000000,0.000000,above_band_high
2026-07-11T06:43:20Z,91.4855,0.000000,0.001467,0.001467,in_band
2026-07-11T06:44:00Z,91.5435,0.000000,0.000000,0.000000,above_band_high
2026-07-11T06:44:48Z,91.5038,0.000000,0.000383,0.000383,above_band_high
2026-07-11T06:45:00Z,91.5358,0.000000,0.000000,0.000000,above_band_high
2026-07-11T06:46:00Z,91.5587,0.000000,0.000000,0.000000,above_band_high
2026-07-11T06:47:00Z,91.5755,0.000000,0.000000,0.000000,above_band_high
2026-07-11T06:48:00Z,91.5755,0.000000,0.000000,0.000000,above_band_high
2026-07-11T06:49:00Z,91.5816,0.000000,0.000000,0.000000,above_band_high
2026-07-11T06:50:00Z,91.6320,0.000000,0.000000,0.000000,above_band_high
2026-07-11T06:51:00Z,91.5816,0.000000,0.000000,0.000000,above_band_high
2026-07-11T06:52:00Z,91.6320,0.000000,0.000000,0.000000,above_band_high
2026-07-11T06:53:00Z,91.6182,0.000000,0.000000,0.000000,above_band_high
2026-07-11T06:54:00Z,91.6503,0.000000,0.000000,0.000000,above_band_high
2026-07-11T06:55:00Z,91.6442,0.000000,0.000000,0.000000,above_band_high
2026-07-11T06:56:00Z,91.6823,0.000000,0.000000,0.000000,above_band_high
2026-07-11T06:57:00Z,91.6777,0.000000,0.000000,0.000000,above_band_high
2026-07-11T06:58:00Z,91.7098,0.000000,0.000000,0.000000,above_band_high
2026-07-11T06:59:00Z,91.6945,0.000000,0.000000,0.000000,above_band_high
2026-07-11T07:00:00Z,91.7327,0.000000,0.000000,0.000000,above_band_high
2026-07-11T07:01:00Z,91.7403,0.000000,0.000000,0.000000,above_band_high
2026-07-11T07:02:00Z,91.7784,0.000000,0.000000,0.000000,above_band_high
2026-07-11T07:03:00Z,91.7464,0.000000,0.000000,0.000000,above_band_high
2026-07-11T07:04:00Z,91.7586,0.000000,0.000000,0.000000,above_band_high
2026-07-11T07:05:00Z,91.7952,0.000000,0.000000,0.000000,above_band_high
2026-07-11T07:06:00Z,91.7952,0.000000,0.000000,0.000000,above_band_high
2026-07-11T07:07:00Z,91.7678,0.000000,0.000000,0.000000,above_band_high
2026-07-11T07:08:00Z,91.7967,0.000000,0.000000,0.000000,above_band_high
2026-07-11T07:09:00Z,91.8273,0.000000,0.000000,0.000000,above_band_high
2026-07-11T07:10:00Z,91.8196,0.000000,0.000000,0.000000,above_band_high
2026-07-11T07:11:00Z,91.8273,0.000000,0.000000,0.000000,above_band_high
2026-07-11T07:12:00Z,91.8135,0.000000,0.000000,0.000000,above_band_high
2026-07-11T07:13:00Z,91.8746,0.000000,0.000000,0.000000,above_band_high
2026-07-11T07:14:00Z,91.8334,0.000000,0.000000,0.000000,above_band_high
2026-07-11T07:15:00Z,91.8593,0.000000,0.000000,0.000000,above_band_high
2026-07-11T07:16:00Z,91.8288,0.000000,0.000000,0.000000,above_band_high
2026-07-11T07:17:00Z,91.8822,0.000000,0.000000,0.000000,above_band_high
2026-07-11T07:18:00Z,91.8471,0.000000,0.000000,0.000000,above_band_high
2026-07-11T07:19:00Z,91.8471,0.000000,0.000000,0.000000,above_band_high
2026-07-11T07:20:00Z,91.8593,0.000000,0.000000,0.000000,above_band_high
2026-07-11T07:21:00Z,91.8502,0.000000,0.000000,0.000000,above_band_high
2026-07-11T07:22:00Z,91.8425,0.000000,0.000000,0.000000,above_band_high
2026-07-11T07:23:00Z,91.8547,0.000000,0.000000,0.000000,above_band_high
2026-07-11T07:24:00Z,91.8105,0.000000,0.000000,0.000000,above_band_high
2026-07-11T07:25:00Z,91.8273,0.000000,0.000000,0.000000,above_band_high
2026-07-11T07:26:00Z,91.8013,0.000000,0.000000,0.000000,above_band_high
2026-07-11T07:27:00Z,91.8105,0.000000,0.000000,0.000000,above_band_high
2026-07-11T07:28:00Z,91.7906,0.000000,0.000000,0.000000,above_band_high
2026-07-11T07:29:00Z,91.7723,0.000000,0.000000,0.000000,above_band_high
2026-07-11T07:30:00Z,91.7510,0.000000,0.000000,0.000000,above_band_high
2026-07-11T07:31:00Z,91.7693,0.000000,0.000000,0.000000,above_band_high
2026-07-11T07:32:00Z,91.7449,0.000000,0.000000,0.000000,above_band_high
2026-07-11T07:33:00Z,91.7403,0.000000,0.000000,0.000000,above_band_high
2026-07-11T07:34:00Z,91.7235,0.000000,0.000000,0.000000,above_band_high
2026-07-11T07:35:00Z,91.7037,0.000000,0.000000,0.000000,above_band_high
2026-07-11T07:36:00Z,91.6762,0.000000,0.000000,0.000000,above_band_high
2026-07-11T07:37:00Z,91.6640,0.000000,0.000000,0.000000,above_band_high
2026-07-11T07:38:00Z,91.6777,0.000000,0.000000,0.000000,above_band_high
2026-07-11T07:39:00Z,91.6686,0.000000,0.000000,0.000000,above_band_high
2026-07-11T07:40:00Z,91.6258,0.000000,0.000000,0.000000,above_band_high
2026-07-11T07:41:00Z,91.6182,0.000000,0.000000,0.000000,above_band_high
2026-07-11T07:42:00Z,91.5862,0.000000,0.000000,0.000000,above_band_high
2026-07-11T07:43:00Z,91.6396,0.000000,0.000000,0.000000,above_band_high
2026-07-11T07:44:00Z,91.6228,0.000000,0.000000,0.000000,above_band_high
2026-07-11T07:45:00Z,91.6121,0.000000,0.000000,0.000000,above_band_high
2026-07-11T07:46:00Z,91.6258,0.000000,0.000000,0.000000,above_band_high
2026-07-11T07:47:00Z,91.6457,0.000000,0.000000,0.000000,above_band_high
2026-07-11T07:48:00Z,91.5953,0.000000,0.000000,0.000000,above_band_high
2026-07-11T07:49:00Z,91.6625,0.000000,0.000000,0.000000,above_band_high
2026-07-11T07:50:00Z,91.6503,0.000000,0.000000,0.000000,above_band_high
2026-07-11T07:51:00Z,91.6625,0.000000,0.000000,0.000000,above_band_high
2026-07-11T07:52:00Z,91.6716,0.000000,0.000000,0.000000,above_band_high
2026-07-11T07:53:00Z,91.6503,0.000000,0.000000,0.000000,above_band_high
2026-07-11T07:54:00Z,91.6487,0.000000,0.000000,0.000000,above_band_high
2026-07-11T07:55:00Z,91.7098,0.000000,0.000000,0.000000,above_band_high
2026-07-11T07:56:00Z,91.7037,0.000000,0.000000,0.000000,above_band_high
2026-07-11T07:57:00Z,91.7006,0.000000,0.000000,0.000000,above_band_high
2026-07-11T07:58:00Z,91.7311,0.000000,0.000000,0.000000,above_band_high
2026-07-11T07:59:00Z,91.7174,0.000000,0.000000,0.000000,above_band_high
2026-07-11T08:00:00Z,91.7464,0.000000,0.000000,0.000000,above_band_high
2026-07-11T08:01:00Z,91.7327,0.000000,0.000000,0.000000,above_band_high
2026-07-11T08:02:00Z,91.7418,0.000000,0.000000,0.000000,above_band_high
2026-07-11T08:03:00Z,91.7739,0.000000,0.000000,0.000000,above_band_high
2026-07-11T08:04:00Z,91.7861,0.000000,0.000000,0.000000,above_band_high
2026-07-11T08:05:00Z,91.7815,0.000000,0.000000,0.000000,above_band_high
2026-07-11T08:06:00Z,91.7922,0.000000,0.000000,0.000000,above_band_high
2026-07-11T08:07:00Z,91.7739,0.000000,0.000000,0.000000,above_band_high
2026-07-11T08:08:00Z,91.8105,0.000000,0.000000,0.000000,above_band_high
2026-07-11T08:09:00Z,91.8044,0.000000,0.000000,0.000000,above_band_high
2026-07-11T08:10:00Z,91.8425,0.000000,0.000000,0.000000,above_band_high
2026-07-11T08:11:00Z,91.8425,0.000000,0.000000,0.000000,above_band_high
2026-07-11T08:12:00Z,91.8334,0.000000,0.000000,0.000000,above_band_high
2026-07-11T08:13:00Z,91.8563,0.000000,0.000000,0.000000,above_band_high
2026-07-11T08:14:00Z,91.8181,0.000000,0.000000,0.000000,above_band_high
2026-07-11T08:15:00Z,91.8563,0.000000,0.000000,0.000000,above_band_high
2026-07-11T08:16:00Z,91.8273,0.000000,0.000000,0.000000,above_band_high
2026-07-11T08:17:00Z,91.8471,0.000000,0.000000,0.000000,above_band_high
2026-07-11T08:18:00Z,91.8425,0.000000,0.000000,0.000000,above_band_high
2026-07-11T08:19:00Z,91.8044,0.000000,0.000000,0.000000,above_band_high
2026-07-11T08:20:00Z,91.8288,0.000000,0.000000,0.000000,above_band_high
2026-07-11T08:21:00Z,91.8288,0.000000,0.000000,0.000000,above_band_high
2026-07-11T08:22:00Z,91.8425,0.000000,0.000000,0.000000,above_band_high
2026-07-11T08:23:00Z,91.8227,0.000000,0.000000,0.000000,above_band_high
2026-07-11T08:24:00Z,91.8151,0.000000,0.000000,0.000000,above_band_high
2026-07-11T08:25:00Z,91.8334,0.000000,0.000000,0.000000,above_band_high
2026-07-11T08:26:00Z,91.7906,0.000000,0.000000,0.000000,above_band_high
2026-07-11T08:27:00Z,91.7861,0.000000,0.000000,0.000000,above_band_high
2026-07-11T08:28:00Z,91.8105,0.000000,0.000000,0.000000,above_band_high
2026-07-11T08:29:00Z,91.7967,0.000000,0.000000,0.000000,above_band_high
2026-07-11T08:30:00Z,91.7952,0.000000,0.000000,0.000000,above_band_high
2026-07-11T08:31:00Z,91.7967,0.000000,0.000000,0.000000,above_band_high
2026-07-11T08:32:00Z,91.8227,0.000000,0.000000,0.000000,above_band_high
2026-07-11T08:33:00Z,91.8059,0.000000,0.000000,0.000000,above_band_high
2026-07-11T08:34:00Z,91.8547,0.000000,0.000000,0.000000,above_band_high
2026-07-11T08:35:00Z,91.8502,0.000000,0.000000,0.000000,above_band_high
2026-07-11T08:36:00Z,91.8502,0.000000,0.000000,0.000000,above_band_high
2026-07-11T08:37:00Z,91.8730,0.000000,0.000000,0.000000,above_band_high
2026-07-11T08:38:00Z,91.8425,0.000000,0.000000,0.000000,above_band_high
2026-07-11T08:39:00Z,91.8975,0.000000,0.000000,0.000000,above_band_high
2026-07-11T08:40:00Z,91.8791,0.000000,0.000000,0.000000,above_band_high
2026-07-11T08:41:00Z,91.8746,0.000000,0.000000,0.000000,above_band_high
2026-07-11T08:42:00Z,91.8883,0.000000,0.000000,0.000000,above_band_high
2026-07-11T08:43:00Z,91.8654,0.000000,0.000000,0.000000,above_band_high
2026-07-11T08:44:00Z,91.8791,0.000000,0.000000,0.000000,above_band_high
2026-07-11T08:45:00Z,91.8410,0.000000,0.000000,0.000000,above_band_high
2026-07-11T08:46:00Z,91.8593,0.000000,0.000000,0.000000,above_band_high
2026-07-11T08:47:00Z,91.8654,0.000000,0.000000,0.000000,above_band_high
2026-07-11T08:48:00Z,91.8593,0.000000,0.000000,0.000000,above_band_high
2026-07-11T08:49:00Z,91.8654,0.000000,0.000000,0.000000,above_band_high
2026-07-11T08:50:00Z,91.8608,0.000000,0.000000,0.000000,above_band_high
2026-07-11T08:51:00Z,91.8547,0.000000,0.000000,0.000000,above_band_high
2026-07-11T08:52:00Z,91.8471,0.000000,0.000000,0.000000,above_band_high
2026-07-11T08:53:00Z,91.8746,0.000000,0.000000,0.000000,above_band_high
2026-07-11T08:54:00Z,91.8547,0.000000,0.000000,0.000000,above_band_high
2026-07-11T08:55:00Z,91.8547,0.000000,0.000000,0.000000,above_band_high
2026-07-11T08:56:00Z,91.8608,0.000000,0.000000,0.000000,above_band_high
2026-07-11T08:57:00Z,91.8593,0.000000,0.000000,0.000000,above_band_high
2026-07-11T08:58:00Z,91.8746,0.000000,0.000000,0.000000,above_band_high
2026-07-11T08:59:00Z,91.8791,0.000000,0.000000,0.000000,above_band_high
2026-07-11T09:00:00Z,91.8654,0.000000,0.000000,0.000000,above_band_high
2026-07-11T09:01:00Z,91.8822,0.000000,0.000000,0.000000,above_band_high
2026-07-11T09:02:00Z,91.8868,0.000000,0.000000,0.000000,above_band_high
2026-07-11T09:03:00Z,91.9005,0.000000,0.000000,0.000000,above_band_high
2026-07-11T09:04:00Z,91.9112,0.000000,0.000000,0.000000,above_band_high
2026-07-11T09:05:00Z,91.9142,0.000000,0.000000,0.000000,above_band_high
2026-07-11T09:06:00Z,91.9188,0.000000,0.000000,0.000000,above_band_high
2026-07-11T09:07:00Z,91.9188,0.000000,0.000000,0.000000,above_band_high
2026-07-11T09:08:00Z,91.9066,0.000000,0.000000,0.000000,above_band_high
2026-07-11T09:09:00Z,91.9387,0.000000,0.000000,0.000000,above_band_high
2026-07-11T09:10:00Z,91.9387,0.000000,0.000000,0.000000,above_band_high
2026-07-11T09:11:00Z,91.9524,0.000000,0.000000,0.000000,above_band_high
2026-07-11T09:12:00Z,91.9387,0.000000,0.000000,0.000000,above_band_high
2026-07-11T09:13:00Z,91.9295,0.000000,0.000000,0.000000,above_band_high
2026-07-11T09:14:00Z,91.9371,0.000000,0.000000,0.000000,above_band_high
2026-07-11T09:15:00Z,91.9509,0.000000,0.000000,0.000000,above_band_high
2026-07-11T09:16:00Z,91.9295,0.000000,0.000000,0.000000,above_band_high
2026-07-11T09:17:00Z,91.9295,0.000000,0.000000,0.000000,above_band_high
2026-07-11T09:18:00Z,91.9295,0.000000,0.000000,0.000000,above_band_high
2026-07-11T09:19:00Z,91.9387,0.000000,0.000000,0.000000,above_band_high
2026-07-11T09:20:00Z,91.9142,0.000000,0.000000,0.000000,above_band_high
2026-07-11T09:21:00Z,91.9142,0.000000,0.000000,0.000000,above_band_high
2026-07-11T09:22:00Z,91.9280,0.000000,0.000000,0.000000,above_band_high
2026-07-11T09:23:00Z,91.9005,0.000000,0.000000,0.000000,above_band_high
2026-07-11T09:24:00Z,91.8914,0.000000,0.000000,0.000000,above_band_high
2026-07-11T09:25:00Z,91.8730,0.000000,0.000000,0.000000,above_band_high
2026-07-11T09:26:00Z,91.8746,0.000000,0.000000,0.000000,above_band_high
2026-07-11T09:27:00Z,91.8425,0.000000,0.000000,0.000000,above_band_high
2026-07-11T09:28:00Z,91.8593,0.000000,0.000000,0.000000,above_band_high
2026-07-11T09:29:00Z,91.8364,0.000000,0.000000,0.000000,above_band_high
2026-07-11T09:30:00Z,91.8364,0.000000,0.000000,0.000000,above_band_high
2026-07-11T09:31:00Z,91.8044,0.000000,0.000000,0.000000,above_band_high
2026-07-11T09:32:00Z,91.7906,0.000000,0.000000,0.000000,above_band_high
2026-07-11T09:33:00Z,91.7647,0.000000,0.000000,0.000000,above_band_high
2026-07-11T09:34:00Z,91.7967,0.000000,0.000000,0.000000,above_band_high
2026-07-11T09:35:00Z,91.7784,0.000000,0.000000,0.000000,above_band_high
2026-07-11T09:36:00Z,91.7784,0.000000,0.000000,0.000000,above_band_high
2026-07-11T09:37:00Z,91.7739,0.000000,0.000000,0.000000,above_band_high
2026-07-11T09:38:00Z,91.7510,0.000000,0.000000,0.000000,above_band_high
2026-07-11T09:39:00Z,91.7830,0.000000,0.000000,0.000000,above_band_high
2026-07-11T09:40:00Z,91.7830,0.000000,0.000000,0.000000,above_band_high
2026-07-11T09:41:00Z,91.7540,0.000000,0.000000,0.000000,above_band_high
2026-07-11T09:42:00Z,91.7830,0.000000,0.000000,0.000000,above_band_high
2026-07-11T09:43:00Z,91.7784,0.000000,0.000000,0.000000,above_band_high
2026-07-11T09:44:00Z,91.7601,0.000000,0.000000,0.000000,above_band_high
2026-07-11T09:45:00Z,91.7830,0.000000,0.000000,0.000000,above_band_high
2026-07-11T09:46:00Z,91.8044,0.000000,0.000000,0.000000,above_band_high
2026-07-11T09:47:00Z,91.7922,0.000000,0.000000,0.000000,above_band_high
2026-07-11T09:48:00Z,91.7967,0.000000,0.000000,0.000000,above_band_high
2026-07-11T09:49:00Z,91.7967,0.000000,0.000000,0.000000,above_band_high
2026-07-11T09:50:00Z,91.7769,0.000000,0.000000,0.000000,above_band_high
2026-07-11T09:51:00Z,91.8044,0.000000,0.000000,0.000000,above_band_high
2026-07-11T09:52:00Z,91.8196,0.000000,0.000000,0.000000,above_band_high
2026-07-11T09:53:00Z,91.8013,0.000000,0.000000,0.000000,above_band_high
2026-07-11T09:54:00Z,91.8105,0.000000,0.000000,0.000000,above_band_high
2026-07-11T09:55:00Z,91.8410,0.000000,0.000000,0.000000,above_band_high
2026-07-11T09:56:00Z,91.8105,0.000000,0.000000,0.000000,above_band_high
2026-07-11T09:57:00Z,91.8318,0.000000,0.000000,0.000000,above_band_high
2026-07-11T09:58:00Z,91.8379,0.000000,0.000000,0.000000,above_band_high
2026-07-11T09:59:00Z,91.8379,0.000000,0.000000,0.000000,above_band_high
2026-07-11T10:00:00Z,91.8410,0.000000,0.000000,0.000000,above_band_high
2026-07-11T10:01:00Z,91.8608,0.000000,0.000000,0.000000,above_band_high
2026-07-11T10:02:00Z,91.8975,0.000000,0.000000,0.000000,above_band_high
2026-07-11T10:03:00Z,91.8791,0.000000,0.000000,0.000000,above_band_high
2026-07-11T10:04:00Z,91.8608,0.000000,0.000000,0.000000,above_band_high
2026-07-11T10:05:00Z,91.8685,0.000000,0.000000,0.000000,above_band_high
2026-07-11T10:06:00Z,91.8685,0.000000,0.000000,0.000000,above_band_high
2026-07-11T10:07:00Z,91.8700,0.000000,0.000000,0.000000,above_band_high
2026-07-11T10:08:00Z,91.8837,0.000000,0.000000,0.000000,above_band_high
2026-07-11T10:09:00Z,91.8791,0.000000,0.000000,0.000000,above_band_high
2026-07-11T10:10:00Z,91.8791,0.000000,0.000000,0.000000,above_band_high
2026-07-11T10:11:00Z,91.8868,0.000000,0.000000,0.000000,above_band_high
2026-07-11T10:12:00Z,91.8776,0.000000,0.000000,0.000000,above_band_high
2026-07-11T10:13:00Z,91.8502,0.000000,0.000000,0.000000,above_band_high
2026-07-11T10:14:00Z,91.8746,0.000000,0.000000,0.000000,above_band_high
2026-07-11T10:15:00Z,91.8685,0.000000,0.000000,0.000000,above_band_high
2026-07-11T10:16:00Z,91.8547,0.000000,0.000000,0.000000,above_band_high
2026-07-11T10:17:00Z,91.8334,0.000000,0.000000,0.000000,above_band_high
2026-07-11T10:18:00Z,91.8044,0.000000,0.000000,0.000000,above_band_high
2026-07-11T10:19:00Z,91.8059,0.000000,0.000000,0.000000,above_band_high
2026-07-11T10:20:00Z,91.8044,0.000000,0.000000,0.000000,above_band_high
2026-07-11T10:21:00Z,91.7922,0.000000,0.000000,0.000000,above_band_high
2026-07-11T10:22:00Z,91.7739,0.000000,0.000000,0.000000,above_band_high
2026-07-11T10:23:00Z,91.7556,0.000000,0.000000,0.000000,above_band_high
2026-07-11T10:24:00Z,91.7540,0.000000,0.000000,0.000000,above_band_high
2026-07-11T10:25:00Z,91.7403,0.000000,0.000000,0.000000,above_band_high
2026-07-11T10:26:00Z,91.7220,0.000000,0.000000,0.000000,above_band_high
2026-07-11T10:27:00Z,91.7144,0.000000,0.000000,0.000000,above_band_high
2026-07-11T10:28:00Z,91.6732,0.000000,0.000000,0.000000,above_band_high
2026-07-11T10:29:00Z,91.6579,0.000000,0.000000,0.000000,above_band_high
2026-07-11T10:30:00Z,91.6503,0.000000,0.000000,0.000000,above_band_high
2026-07-11T10:31:00Z,91.6396,0.000000,0.000000,0.000000,above_band_high
2026-07-11T10:32:00Z,91.6487,0.000000,0.000000,0.000000,above_band_high
2026-07-11T10:33:00Z,91.5953,0.000000,0.000000,0.000000,above_band_high
2026-07-11T10:34:00Z,91.6075,0.000000,0.000000,0.000000,above_band_high
2026-07-11T10:35:00Z,91.5953,0.000000,0.000000,0.000000,above_band_high
2026-07-11T10:36:00Z,91.5541,0.000000,0.000000,0.000000,above_band_high
2026-07-11T10:37:00Z,91.5496,0.000000,0.000000,0.000000,above_band_high
2026-07-11T10:38:00Z,91.5496,0.000000,0.000000,0.000000,above_band_high
2026-07-11T10:39:00Z,91.5251,0.000000,0.000000,0.000000,above_band_high
2026-07-11T10:39:16Z,91.4946,0.000000,0.002916,0.002916,in_band
2026-07-11T10:40:00Z,91.5358,0.000000,0.000000,0.000000,above_band_high
2026-07-11T10:40:02Z,91.4946,0.000000,0.002113,0.002113,in_band
2026-07-11T10:41:00Z,91.4855,0.001480,0.001526,0.000047,in_band
2026-07-11T10:42:56Z,91.4931,0.000261,0.000400,0.000139,in_band
2026-07-11T10:42:59Z,91.4931,0.000248,0.000380,0.000132,in_band
2026-07-11T10:43:00Z,91.4748,0.000244,0.000374,0.000130,in_band
2026-07-11T10:43:59Z,91.4992,0.000092,0.000141,0.000049,in_band
2026-07-11T10:44:00Z,91.4626,0.000091,0.000139,0.000048,in_band
2026-07-11T10:44:59Z,91.4611,0.000034,0.000052,0.000018,in_band
2026-07-11T10:45:00Z,91.4519,0.000034,0.000051,0.000018,in_band
2026-07-11T10:45:59Z,91.4244,0.000013,0.000019,0.000007,in_band
2026-07-11T10:46:00Z,91.4382,0.000012,0.000019,0.000007,in_band
2026-07-11T10:46:59Z,91.4031,0.000005,0.000007,0.000003,in_band
2026-07-11T10:47:00Z,91.4305,0.000005,0.000007,0.000002,in_band
2026-07-11T10:47:59Z,91.4107,0.000002,0.000003,0.000001,in_band
2026-07-11T10:48:00Z,91.3832,0.000002,0.000003,0.000001,in_band
2026-07-11T10:48:59Z,91.4076,0.000001,0.000001,0.000000,in_band
2026-07-11T10:49:00Z,91.3985,0.000001,0.000001,0.000000,in_band
2026-07-11T10:49:59Z,91.3970,0.000000,0.000000,0.000000,in_band
2026-07-11T10:50:00Z,91.3466,0.000000,0.000000,0.000000,in_band
2026-07-11T10:50:59Z,91.3527,0.000000,0.000000,0.000000,in_band
2026-07-11T10:51:00Z,91.3573,0.000000,0.000000,0.000000,in_band
2026-07-11T10:51:59Z,91.3619,0.000000,0.000000,0.000000,in_band
2026-07-11T10:52:00Z,91.3375,0.000000,0.000000,0.000000,in_band
2026-07-11T10:52:59Z,91.3710,0.000000,0.000000,0.000000,in_band
2026-07-11T10:53:00Z,91.3512,0.000000,0.000000,0.000000,in_band
2026-07-11T10:53:59Z,91.3573,0.000000,0.000000,0.000000,in_band
2026-07-11T10:54:00Z,91.3573,0.000000,0.000000,0.000000,in_band
2026-07-11T10:54:59Z,91.3298,0.000000,0.000000,0.000000,in_band
2026-07-11T10:55:00Z,91.3237,0.000000,0.000000,0.000000,in_band
2026-07-11T10:55:59Z,91.3146,0.000000,0.000000,0.000000,in_band
2026-07-11T10:56:00Z,91.3619,0.000000,0.000000,0.000000,in_band
2026-07-11T10:56:59Z,91.3649,0.000000,0.000000,0.000000,in_band
2026-07-11T10:57:00Z,91.3436,0.000000,0.000000,0.000000,in_band
2026-07-11T10:57:59Z,91.3481,0.000000,0.000000,0.000000,in_band
2026-07-11T10:58:00Z,91.3283,0.000000,0.000000,0.000000,in_band
2026-07-11T10:58:59Z,91.3283,0.000000,0.000000,0.000000,in_band
2026-07-11T10:59:00Z,91.3375,0.000000,0.000000,0.000000,in_band
2026-07-11T10:59:59Z,91.3375,0.000000,0.000000,0.000000,in_band
2026-07-11T11:00:00Z,91.3573,0.000000,0.000000,0.000000,in_band
2026-07-11T11:00:59Z,91.3710,0.000000,0.000000,0.000000,in_band
2026-07-11T11:01:00Z,91.3527,0.000000,0.000000,0.000000,in_band
2026-07-11T11:01:59Z,91.3329,0.000000,0.000000,0.000000,in_band
2026-07-11T11:02:00Z,91.3390,0.000000,0.000000,0.000000,in_band
2026-07-11T11:02:59Z,91.3436,0.000000,0.000000,0.000000,in_band
2026-07-11T11:03:00Z,91.3390,0.000000,0.000000,0.000000,in_band
2026-07-11T11:03:59Z,91.3619,0.000000,0.000000,0.000000,in_band
2026-07-11T11:04:00Z,91.3619,0.000000,0.000000,0.000000,in_band
2026-07-11T11:04:59Z,91.3710,0.000000,0.000000,0.000000,in_band
2026-07-11T11:05:00Z,91.3832,0.000000,0.000000,0.000000,in_band
2026-07-11T11:05:59Z,91.3329,0.000000,0.000000,0.000000,in_band
2026-07-11T11:06:00Z,91.3649,0.000000,0.000000,0.000000,in_band
2026-07-11T11:06:59Z,91.3375,0.000000,0.000000,0.000000,in_band
2026-07-11T11:07:00Z,91.3283,0.000000,0.000000,0.000000,in_band
2026-07-11T11:07:59Z,91.3024,0.000000,0.000000,0.000000,in_band
2026-07-11T11:08:00Z,91.3237,0.000000,0.000000,0.000000,in_band
2026-07-11T11:08:59Z,91.3329,0.000000,0.000000,0.000000,in_band
2026-07-11T11:09:00Z,91.3283,0.000000,0.000000,0.000000,in_band
2026-07-11T11:09:59Z,91.3069,0.000000,0.000000,0.000000,in_band
2026-07-11T11:10:00Z,91.3375,0.000000,0.000000,0.000000,in_band
2026-07-11T11:10:59Z,91.3146,0.000000,0.000000,0.000000,in_band
2026-07-11T11:11:00Z,91.3024,0.000000,0.000000,0.000000,in_band
2026-07-11T11:11:59Z,91.3008,0.000000,0.000000,0.000000,in_band
2026-07-11T11:12:00Z,91.3024,0.000000,0.000000,0.000000,in_band
2026-07-11T11:12:55Z,91.3603,0.000000,0.000000,0.000000,in_band
2026-07-11T17:14:32Z,92.4422,0.000000,0.000000,0.000000,above_band_high
2026-07-11T17:15:00Z,92.4819,0.000000,0.000000,0.000000,above_band_high
2026-07-11T17:16:00Z,92.4971,0.000000,0.000000,0.000000,above_band_high
2026-07-11T17:17:00Z,92.5154,0.000000,0.000000,0.000000,above_band_high
2026-07-11T17:18:00Z,92.5597,0.000000,0.000000,0.000000,above_band_high
2026-07-11T17:19:00Z,92.5978,0.000000,0.000000,0.000000,above_band_high
2026-07-11T17:20:00Z,92.5933,0.000000,0.000000,0.000000,above_band_high
2026-07-11T17:21:00Z,92.6299,0.000000,0.000000,0.000000,above_band_high
2026-07-11T17:22:00Z,92.6162,0.000000,0.000000,0.000000,above_band_high
2026-07-11T17:23:00Z,92.6390,0.000000,0.000000,0.000000,above_band_high
2026-07-11T17:24:00Z,92.6284,0.000000,0.000000,0.000000,above_band_high
2026-07-11T17:25:00Z,92.6513,0.000000,0.000000,0.000000,above_band_high
2026-07-11T17:26:00Z,92.6619,0.000000,0.000000,0.000000,above_band_high
2026-07-11T17:27:00Z,92.6848,0.000000,0.000000,0.000000,above_band_high
2026-07-11T17:28:00Z,92.6650,0.000000,0.000000,0.000000,above_band_high
2026-07-11T17:29:00Z,92.6802,0.000000,0.000000,0.000000,above_band_high
2026-07-11T17:30:00Z,92.7565,0.000000,0.000000,0.000000,above_band_high
2026-07-11T17:31:00Z,92.7626,0.000000,0.000000,0.000000,above_band_high
2026-07-11T17:32:00Z,92.7718,0.000000,0.000000,0.000000,above_band_high
2026-07-11T17:33:00Z,92.7749,0.000000,0.000000,0.000000,above_band_high
2026-07-11T17:34:00Z,92.7932,0.000000,0.000000,0.000000,above_band_high
2026-07-11T17:35:00Z,92.7611,0.000000,0.000000,0.000000,above_band_high
2026-07-11T17:36:00Z,92.7657,0.000000,0.000000,0.000000,above_band_high
2026-07-11T17:37:00Z,92.7626,0.000000,0.000000,0.000000,above_band_high
2026-07-11T17:38:00Z,92.7565,0.000000,0.000000,0.000000,above_band_high
2026-07-11T17:39:00Z,92.7428,0.000000,0.000000,0.000000,above_band_high
2026-07-11T17:40:00Z,92.8069,0.000000,0.000000,0.000000,above_band_high
2026-07-11T17:41:00Z,92.8176,0.000000,0.000000,0.000000,above_band_high
2026-07-11T17:42:00Z,92.7947,0.000000,0.000000,0.000000,above_band_high
2026-07-11T17:43:00Z,92.8130,0.000000,0.000000,0.000000,above_band_high
2026-07-11T17:44:00Z,92.8771,0.000000,0.000000,0.000000,above_band_high
2026-07-11T17:45:00Z,92.8496,0.000000,0.000000,0.000000,above_band_high
2026-07-11T17:46:00Z,92.8679,0.000000,0.000000,0.000000,above_band_high
2026-07-11T17:47:00Z,92.9488,0.000000,0.000000,0.000000,above_band_high
2026-07-11T17:48:00Z,92.9488,0.000000,0.000000,0.000000,above_band_high
2026-07-11T17:49:00Z,92.9305,0.000000,0.000000,0.000000,above_band_high
2026-07-11T17:50:00Z,92.9671,0.000000,0.000000,0.000000,above_band_high
2026-07-11T17:51:00Z,93.0037,0.000000,0.000000,0.000000,above_band_high
2026-07-11T17:52:00Z,93.0083,0.000000,0.000000,0.000000,above_band_high
2026-07-11T17:53:00Z,93.0465,0.000000,0.000000,0.000000,above_band_high
2026-07-11T17:54:00Z,93.0587,0.000000,0.000000,0.000000,above_band_high
2026-07-11T17:55:00Z,93.0358,0.000000,0.000000,0.000000,above_band_high
2026-07-11T17:56:00Z,93.0968,0.000000,0.000000,0.000000,above_band_high
2026-07-11T17:57:00Z,93.0922,0.000000,0.000000,0.000000,above_band_high
2026-07-11T17:58:00Z,93.0785,0.000000,0.000000,0.000000,above_band_high
2026-07-11T17:59:00Z,93.0785,0.000000,0.000000,0.000000,above_band_high
2026-07-11T18:00:00Z,93.0907,0.000000,0.000000,0.000000,above_band_high
2026-07-11T18:01:00Z,93.1014,0.000000,0.000000,0.000000,above_band_high
2026-07-11T18:02:00Z,93.1197,0.000000,0.000000,0.000000,above_band_high
2026-07-11T18:03:00Z,93.1502,0.000000,0.000000,0.000000,above_band_high
2026-07-11T18:04:00Z,93.1640,0.000000,0.000000,0.000000,above_band_high
2026-07-11T18:05:00Z,93.2067,0.000000,0.000000,0.000000,above_band_high
2026-07-11T18:06:00Z,93.1930,0.000000,0.000000,0.000000,above_band_high
2026-07-11T18:07:00Z,93.1884,0.000000,0.000000,0.000000,above_band_high
2026-07-11T18:08:00Z,93.1930,0.000000,0.000000,0.000000,above_band_high
2026-07-11T18:09:00Z,93.1792,0.000000,0.000000,0.000000,above_band_high
2026-07-11T18:10:00Z,93.2250,0.000000,0.000000,0.000000,above_band_high
2026-07-11T18:11:00Z,93.2570,0.000000,0.000000,0.000000,above_band_high
2026-07-11T18:12:00Z,93.2433,0.000000,0.000000,0.000000,above_band_high
2026-07-11T18:13:00Z,93.2799,0.000000,0.000000,0.000000,above_band_high
2026-07-11T18:14:00Z,93.2982,0.000000,0.000000,0.000000,above_band_high
2026-07-11T18:15:00Z,93.2662,0.000000,0.000000,0.000000,above_band_high
2026-07-11T18:16:00Z,93.3013,0.000000,0.000000,0.000000,above_band_high
2026-07-11T18:17:00Z,93.3303,0.000000,0.000000,0.000000,above_band_high
2026-07-11T18:18:00Z,93.3532,0.000000,0.000000,0.000000,above_band_high
2026-07-11T18:19:00Z,93.3898,0.000000,0.000000,0.000000,above_band_high
2026-07-11T18:20:00Z,93.4112,0.000000,0.000000,0.000000,above_band_high
2026-07-11T18:21:00Z,93.4066,0.000000,0.000000,0.000000,above_band_high
2026-07-11T18:22:00Z,93.4249,0.000000,0.000000,0.000000,above_band_high
2026-07-11T18:23:00Z,93.4386,0.000000,0.000000,0.000000,above_band_high
2026-07-11T18:24:00Z,93.4676,0.000000,0.000000,0.000000,above_band_high
2026-07-11T18:25:00Z,93.4752,0.000000,0.000000,0.000000,above_band_high
2026-07-11T18:26:00Z,93.4936,0.000000,0.000000,0.000000,above_band_high
2026-07-11T18:27:00Z,93.4936,0.000000,0.000000,0.000000,above_band_high
2026-07-11T18:28:00Z,93.5027,0.000000,0.000000,0.000000,above_band_high
2026-07-11T18:29:00Z,93.4951,0.000000,0.000000,0.000000,above_band_high
2026-07-11T18:30:00Z,93.5348,0.000000,0.000000,0.000000,above_band_high
2026-07-11T18:31:00Z,93.5164,0.000000,0.000000,0.000000,above_band_high
2026-07-11T18:32:00Z,93.5317,0.000000,0.000000,0.000000,above_band_high
2026-07-11T18:33:00Z,93.5409,0.000000,0.000000,0.000000,above_band_high
2026-07-11T18:34:00Z,93.5210,0.000000,0.000000,0.000000,above_band_high
2026-07-11T18:35:00Z,93.5393,0.000000,0.000000,0.000000,above_band_high
2026-07-11T18:36:00Z,93.5729,0.000000,0.000000,0.000000,above_band_high
2026-07-11T18:37:00Z,93.5760,0.000000,0.000000,0.000000,above_band_high
2026-07-11T18:38:00Z,93.5897,0.000000,0.000000,0.000000,above_band_high
2026-07-11T18:39:00Z,93.5943,0.000000,0.000000,0.000000,above_band_high
2026-07-11T18:40:00Z,93.6721,0.000000,0.000000,0.000000,above_band_high
2026-07-11T18:41:00Z,93.6782,0.000000,0.000000,0.000000,above_band_high
2026-07-11T18:42:00Z,93.6645,0.000000,0.000000,0.000000,above_band_high
2026-07-11T18:43:00Z,93.6645,0.000000,0.000000,0.000000,above_band_high
2026-07-11T18:44:00Z,93.6965,0.000000,0.000000,0.000000,above_band_high
2026-07-11T18:45:00Z,93.7270,0.000000,0.000000,0.000000,above_band_high
2026-07-11T18:46:00Z,93.7377,0.000000,0.000000,0.000000,above_band_high
2026-07-11T18:47:00Z,93.7331,0.000000,0.000000,0.000000,above_band_high
2026-07-11T18:48:00Z,93.7469,0.000000,0.000000,0.000000,above_band_high
2026-07-11T18:49:00Z,93.7591,0.000000,0.000000,0.000000,above_band_high
2026-07-11T18:50:00Z,93.7194,0.000000,0.000000,0.000000,above_band_high
2026-07-11T18:51:00Z,93.7789,0.000000,0.000000,0.000000,above_band_high
2026-07-11T18:52:00Z,93.7514,0.000000,0.000000,0.000000,above_band_high
2026-07-11T18:53:00Z,93.8003,0.000000,0.000000,0.000000,above_band_high
2026-07-11T18:54:00Z,93.8155,0.000000,0.000000,0.000000,above_band_high
2026-07-11T18:55:00Z,93.7926,0.000000,0.000000,0.000000,above_band_high
2026-07-11T18:56:00Z,93.8247,0.000000,0.000000,0.000000,above_band_high
2026-07-11T18:57:00Z,93.8277,0.000000,0.000000,0.000000,above_band_high
2026-07-11T18:58:00Z,93.8735,0.000000,0.000000,0.000000,above_band_high
2026-07-11T18:59:00Z,93.8781,0.000000,0.000000,0.000000,above_band_high
2026-07-11T19:00:00Z,93.8613,0.000000,0.000000,0.000000,above_band_high
2026-07-11T19:01:00Z,93.9010,0.000000,0.000000,0.000000,above_band_high
2026-07-11T19:02:00Z,93.9025,0.000000,0.000000,0.000000,above_band_high
2026-07-11T19:03:00Z,93.8750,0.000000,0.000000,0.000000,above_band_high
2026-07-11T19:04:00Z,93.9117,0.000000,0.000000,0.000000,above_band_high
2026-07-11T19:05:00Z,93.8705,0.000000,0.000000,0.000000,above_band_high
2026-07-11T19:06:00Z,93.9162,0.000000,0.000000,0.000000,above_band_high
2026-07-11T19:07:00Z,93.8918,0.000000,0.000000,0.000000,above_band_high
2026-07-11T19:08:00Z,93.8750,0.000000,0.000000,0.000000,above_band_high
2026-07-11T19:09:00Z,93.8293,0.000000,0.000000,0.000000,above_band_high
2026-07-11T19:10:00Z,93.8689,0.000000,0.000000,0.000000,above_band_high
2026-07-11T19:11:00Z,93.8552,0.000000,0.000000,0.000000,above_band_high
2026-07-11T19:12:00Z,93.8415,0.000000,0.000000,0.000000,above_band_high
2026-07-11T19:13:00Z,93.8506,0.000000,0.000000,0.000000,above_band_high
2026-07-11T19:14:00Z,93.8750,0.000000,0.000000,0.000000,above_band_high
2026-07-11T19:15:00Z,93.8506,0.000000,0.000000,0.000000,above_band_high
2026-07-11T19:16:00Z,93.8247,0.000000,0.000000,0.000000,above_band_high
2026-07-11T19:17:00Z,93.8323,0.000000,0.000000,0.000000,above_band_high
2026-07-11T19:18:00Z,93.8231,0.000000,0.000000,0.000000,above_band_high
2026-07-11T19:19:00Z,93.7911,0.000000,0.000000,0.000000,above_band_high
2026-07-11T19:20:00Z,93.8064,0.000000,0.000000,0.000000,above_band_high
2026-07-11T19:21:00Z,93.7835,0.000000,0.000000,0.000000,above_band_high
2026-07-11T19:22:00Z,93.7591,0.000000,0.000000,0.000000,above_band_high
2026-07-11T19:23:00Z,93.8064,0.000000,0.000000,0.000000,above_band_high
2026-07-11T19:24:00Z,93.7911,0.000000,0.000000,0.000000,above_band_high
2026-07-11T19:25:00Z,93.7789,0.000000,0.000000,0.000000,above_band_high
2026-07-11T19:26:00Z,93.7835,0.000000,0.000000,0.000000,above_band_high
2026-07-11T19:27:00Z,93.8018,0.000000,0.000000,0.000000,above_band_high
2026-07-11T19:28:00Z,93.7652,0.000000,0.000000,0.000000,above_band_high
2026-07-11T19:29:00Z,93.7270,0.000000,0.000000,0.000000,above_band_high
2026-07-11T19:30:00Z,93.7148,0.000000,0.000000,0.000000,above_band_high
2026-07-11T19:31:00Z,93.6461,0.000000,0.000000,0.000000,above_band_high
2026-07-11T19:32:00Z,93.6416,0.000000,0.000000,0.000000,above_band_high
2026-07-11T19:33:00Z,93.5760,0.000000,0.000000,0.000000,above_band_high
2026-07-11T19:34:00Z,93.5866,0.000000,0.000000,0.000000,above_band_high
2026-07-11T19:35:00Z,93.5637,0.000000,0.000000,0.000000,above_band_high
2026-07-11T19:36:00Z,93.5225,0.000000,0.000000,0.000000,above_band_high
2026-07-11T19:37:00Z,93.5119,0.000000,0.000000,0.000000,above_band_high
2026-07-11T19:38:00Z,93.4890,0.000000,0.000000,0.000000,above_band_high
2026-07-11T19:39:00Z,93.4844,0.000000,0.000000,0.000000,above_band_high
2026-07-11T19:40:00Z,93.4752,0.000000,0.000000,0.000000,above_band_high
2026-07-11T19:41:00Z,93.4844,0.000000,0.000000,0.000000,above_band_high
2026-07-11T19:42:00Z,93.4707,0.000000,0.000000,0.000000,above_band_high
2026-07-11T19:43:00Z,93.4936,0.000000,0.000000,0.000000,above_band_high
2026-07-11T19:44:00Z,93.5119,0.000000,0.000000,0.000000,above_band_high
2026-07-11T19:45:00Z,93.5225,0.000000,0.000000,0.000000,above_band_high
2026-07-11T19:46:00Z,93.4768,0.000000,0.000000,0.000000,above_band_high
2026-07-11T19:47:00Z,93.5027,0.000000,0.000000,0.000000,above_band_high
2026-07-11T19:48:00Z,93.5500,0.000000,0.000000,0.000000,above_band_high
2026-07-11T19:49:00Z,93.5363,0.000000,0.000000,0.000000,above_band_high
2026-07-11T19:50:00Z,93.5042,0.000000,0.000000,0.000000,above_band_high
2026-07-11T19:51:00Z,93.4905,0.000000,0.000000,0.000000,above_band_high
2026-07-11T19:52:00Z,93.5439,0.000000,0.000000,0.000000,above_band_high
2026-07-11T19:53:00Z,93.5088,0.000000,0.000000,0.000000,above_band_high
2026-07-11T19:54:00Z,93.4844,0.000000,0.000000,0.000000,above_band_high
2026-07-11T19:55:00Z,93.4905,0.000000,0.000000,0.000000,above_band_high
2026-07-11T19:56:00Z,93.5027,0.000000,0.000000,0.000000,above_band_high
2026-07-11T19:57:00Z,93.5042,0.000000,0.000000,0.000000,above_band_high
2026-07-11T19:58:00Z,93.4844,0.000000,0.000000,0.000000,above_band_high
2026-07-11T19:59:00Z,93.4707,0.000000,0.000000,0.000000,above_band_high
2026-07-11T20:00:00Z,93.4798,0.000000,0.000000,0.000000,above_band_high
2026-07-11T20:01:00Z,93.4981,0.000000,0.000000,0.000000,above_band_high
2026-07-11T20:02:00Z,93.5073,0.000000,0.000000,0.000000,above_band_high
2026-07-11T20:03:00Z,93.5225,0.000000,0.000000,0.000000,above_band_high
2026-07-11T20:04:00Z,93.5302,0.000000,0.000000,0.000000,above_band_high
2026-07-11T20:05:00Z,93.5225,0.000000,0.000000,0.000000,above_band_high
2026-07-11T20:06:00Z,93.5363,0.000000,0.000000,0.000000,above_band_high
2026-07-11T20:07:00Z,93.5302,0.000000,0.000000,0.000000,above_band_high
2026-07-11T20:08:00Z,93.4997,0.000000,0.000000,0.000000,above_band_high
2026-07-11T20:09:00Z,93.5454,0.000000,0.000000,0.000000,above_band_high
2026-07-11T20:10:00Z,93.5256,0.000000,0.000000,0.000000,above_band_high
2026-07-11T20:11:00Z,93.5271,0.000000,0.000000,0.000000,above_band_high
2026-07-11T20:12:00Z,93.5256,0.000000,0.000000,0.000000,above_band_high
2026-07-11T20:13:00Z,93.5317,0.000000,0.000000,0.000000,above_band_high
2026-07-11T20:14:00Z,93.5531,0.000000,0.000000,0.000000,above_band_high
2026-07-11T20:15:00Z,93.5256,0.000000,0.000000,0.000000,above_band_high
2026-07-11T20:16:00Z,93.5271,0.000000,0.000000,0.000000,above_band_high
2026-07-11T20:17:00Z,93.5348,0.000000,0.000000,0.000000,above_band_high
2026-07-11T20:18:00Z,93.5210,0.000000,0.000000,0.000000,above_band_high
2026-07-11T20:19:00Z,93.5073,0.000000,0.000000,0.000000,above_band_high
2026-07-11T20:20:00Z,93.5210,0.000000,0.000000,0.000000,above_band_high
2026-07-11T20:21:00Z,93.5348,0.000000,0.000000,0.000000,above_band_high
2026-07-11T20:22:00Z,93.5134,0.000000,0.000000,0.000000,above_band_high
2026-07-11T20:23:00Z,93.4890,0.000000,0.000000,0.000000,above_band_high
2026-07-11T20:24:00Z,93.4951,0.000000,0.000000,0.000000,above_band_high
2026-07-11T20:25:00Z,93.4569,0.000000,0.000000,0.000000,above_band_high
2026-07-11T20:26:00Z,93.3974,0.000000,0.000000,0.000000,above_band_high
2026-07-11T20:27:00Z,93.3944,0.000000,0.000000,0.000000,above_band_high
2026-07-11T20:28:00Z,93.4340,0.000000,0.000000,0.000000,above_band_high
2026-07-11T20:29:00Z,93.4295,0.000000,0.000000,0.000000,above_band_high
2026-07-11T20:30:00Z,93.4295,0.000000,0.000000,0.000000,above_band_high
2026-07-11T20:31:00Z,93.4478,0.000000,0.000000,0.000000,above_band_high
2026-07-11T20:32:00Z,93.4615,0.000000,0.000000,0.000000,above_band_high
2026-07-11T20:33:00Z,93.4981,0.000000,0.000000,0.000000,above_band_high
2026-07-11T20:34:00Z,93.5439,0.000000,0.000000,0.000000,above_band_high
2026-07-11T20:35:00Z,93.5180,0.000000,0.000000,0.000000,above_band_high
2026-07-11T20:36:00Z,93.5180,0.000000,0.000000,0.000000,above_band_high
2026-07-11T20:37:00Z,93.5454,0.000000,0.000000,0.000000,above_band_high
2026-07-11T20:38:00Z,93.5393,0.000000,0.000000,0.000000,above_band_high
2026-07-11T20:39:00Z,93.5592,0.000000,0.000000,0.000000,above_band_high
2026-07-11T20:40:00Z,93.5729,0.000000,0.000000,0.000000,above_band_high
2026-07-11T20:41:00Z,93.5576,0.000000,0.000000,0.000000,above_band_high
2026-07-11T20:42:00Z,93.5576,0.000000,0.000000,0.000000,above_band_high
2026-07-11T20:43:00Z,93.5897,0.000000,0.000000,0.000000,above_band_high
2026-07-11T20:44:00Z,93.6400,0.000000,0.000000,0.000000,above_band_high
2026-07-11T20:45:00Z,93.6492,0.000000,0.000000,0.000000,above_band_high
2026-07-11T20:46:00Z,93.6782,0.000000,0.000000,0.000000,above_band_high
2026-07-11T20:47:00Z,93.6767,0.000000,0.000000,0.000000,above_band_high
2026-07-11T20:48:00Z,93.6965,0.000000,0.000000,0.000000,above_band_high
2026-07-11T20:49:00Z,93.7423,0.000000,0.000000,0.000000,above_band_high
2026-07-11T20:50:00Z,93.7469,0.000000,0.000000,0.000000,above_band_high
2026-07-11T20:51:00Z,93.8048,0.000000,0.000000,0.000000,above_band_high
2026-07-11T20:52:00Z,93.7972,0.000000,0.000000,0.000000,above_band_high
2026-07-11T20:53:00Z,93.7926,0.000000,0.000000,0.000000,above_band_high
2026-07-11T20:54:00Z,93.8201,0.000000,0.000000,0.000000,above_band_high
2026-07-11T20:55:00Z,93.8018,0.000000,0.000000,0.000000,above_band_high
2026-07-11T20:56:00Z,93.8643,0.000000,0.000000,0.000000,above_band_high
2026-07-11T20:57:00Z,93.9025,0.000000,0.000000,0.000000,above_band_high
2026-07-11T20:58:00Z,93.8964,0.000000,0.000000,0.000000,above_band_high
2026-07-11T20:59:00Z,93.8964,0.000000,0.000000,0.000000,above_band_high
2026-07-11T21:00:00Z,93.9010,0.000000,0.000000,0.000000,above_band_high
2026-07-11T21:01:00Z,93.9345,0.000000,0.000000,0.000000,above_band_high
2026-07-11T21:02:00Z,93.9055,0.000000,0.000000,0.000000,above_band_high
2026-07-11T21:03:00Z,93.9055,0.000000,0.000000,0.000000,above_band_high
2026-07-11T21:04:00Z,93.9162,0.000000,0.000000,0.000000,above_band_high
2026-07-11T21:05:00Z,93.9376,0.000000,0.000000,0.000000,above_band_high
2026-07-11T21:06:00Z,93.9620,0.000000,0.000000,0.000000,above_band_high
2026-07-11T21:07:00Z,93.9605,0.000000,0.000000,0.000000,above_band_high
2026-07-11T21:08:00Z,94.0108,0.000000,0.000000,0.000000,above_band_high
2026-07-11T21:09:00Z,93.9788,0.000000,0.000000,0.000000,above_band_high
2026-07-11T21:10:00Z,93.9986,0.000000,0.000000,0.000000,above_band_high
2026-07-11T21:11:00Z,93.9879,0.000000,0.000000,0.000000,above_band_high
2026-07-11T21:12:00Z,93.9940,0.000000,0.000000,0.000000,above_band_high
2026-07-11T21:13:00Z,94.0215,0.000000,0.000000,0.000000,above_band_high
2026-07-11T21:14:00Z,94.0291,0.000000,0.000000,0.000000,above_band_high
2026-07-11T21:15:00Z,94.0490,0.000000,0.000000,0.000000,above_band_high
2026-07-11T21:16:00Z,94.0429,0.000000,0.000000,0.000000,above_band_high
2026-07-11T21:17:00Z,94.0490,0.000000,0.000000,0.000000,above_band_high
2026-07-11T21:18:00Z,94.0475,0.000000,0.000000,0.000000,above_band_high
2026-07-11T21:19:00Z,94.0749,0.000000,0.000000,0.000000,above_band_high
2026-07-11T21:20:00Z,94.0398,0.000000,0.000000,0.000000,above_band_high
2026-07-11T21:21:00Z,94.0658,0.000000,0.000000,0.000000,above_band_high
2026-07-11T21:22:00Z,94.0673,0.000000,0.000000,0.000000,above_band_high
2026-07-11T21:23:00Z,94.0856,0.000000,0.000000,0.000000,above_band_high
2026-07-11T21:24:00Z,94.0520,0.000000,0.000000,0.000000,above_band_high
2026-07-11T21:25:00Z,94.0398,0.000000,0.000000,0.000000,above_band_high
2026-07-11T21:26:00Z,94.0673,0.000000,0.000000,0.000000,above_band_high
2026-07-11T21:27:00Z,94.0337,0.000000,0.000000,0.000000,above_band_high
2026-07-11T21:28:00Z,94.0719,0.000000,0.000000,0.000000,above_band_high
2026-07-11T21:29:00Z,94.0291,0.000000,0.000000,0.000000,above_band_high
2026-07-11T21:30:00Z,94.0475,0.000000,0.000000,0.000000,above_band_high
2026-07-11T21:31:00Z,94.0810,0.000000,0.000000,0.000000,above_band_high
2026-07-11T21:32:00Z,94.0749,0.000000,0.000000,0.000000,above_band_high
2026-07-11T21:33:00Z,94.1115,0.000000,0.000000,0.000000,above_band_high
2026-07-11T21:34:00Z,94.0993,0.000000,0.000000,0.000000,above_band_high
2026-07-11T21:35:00Z,94.1207,0.000000,0.000000,0.000000,above_band_high
2026-07-11T21:36:00Z,94.1390,0.000000,0.000000,0.000000,above_band_high
2026-07-11T21:37:00Z,94.1619,0.000000,0.000000,0.000000,above_band_high
2026-07-11T21:38:00Z,94.2077,0.000000,0.000000,0.000000,above_band_high
2026-07-11T21:39:00Z,94.1894,0.000000,0.000000,0.000000,above_band_high
2026-07-11T21:40:00Z,94.2077,0.000000,0.000000,0.000000,above_band_high
2026-07-11T21:41:00Z,94.2229,0.000000,0.000000,0.000000,above_band_high
2026-07-11T21:42:00Z,94.2214,0.000000,0.000000,0.000000,above_band_high
2026-07-11T21:43:00Z,94.2351,0.000000,0.000000,0.000000,above_band_high
2026-07-11T21:44:00Z,94.2351,0.000000,0.000000,0.000000,above_band_high
2026-07-11T21:45:00Z,94.2397,0.000000,0.000000,0.000000,above_band_high
2026-07-11T21:46:00Z,94.2321,0.000000,0.000000,0.000000,above_band_high
2026-07-11T21:47:00Z,94.2733,0.000000,0.000000,0.000000,above_band_high
2026-07-11T21:48:00Z,94.2824,0.000000,0.000000,0.000000,above_band_high
2026-07-11T21:49:00Z,94.2992,0.000000,0.000000,0.000000,above_band_high
2026-07-11T21:50:00Z,94.3236,0.000000,0.000000,0.000000,above_band_high
2026-07-11T21:51:00Z,94.3328,0.000000,0.000000,0.000000,above_band_high
2026-07-11T21:52:00Z,94.3191,0.000000,0.000000,0.000000,above_band_high
2026-07-11T21:53:00Z,94.2733,0.000000,0.000000,0.000000,above_band_high
2026-07-11T21:54:00Z,94.3145,0.000000,0.000000,0.000000,above_band_high
2026-07-11T21:55:00Z,94.3084,0.000000,0.000000,0.000000,above_band_high
2026-07-11T21:56:00Z,94.3465,0.000000,0.000000,0.000000,above_band_high
2026-07-11T21:57:00Z,94.3084,0.000000,0.000000,0.000000,above_band_high
2026-07-11T21:58:00Z,94.3313,0.000000,0.000000,0.000000,above_band_high
2026-07-11T21:59:00Z,94.3465,0.000000,0.000000,0.000000,above_band_high
2026-07-11T22:00:00Z,94.3313,0.000000,0.000000,0.000000,above_band_high
2026-07-11T22:01:00Z,94.3740,0.000000,0.000000,0.000000,above_band_high
2026-07-11T22:02:00Z,94.3771,0.000000,0.000000,0.000000,above_band_high
2026-07-11T22:03:00Z,94.3359,0.000000,0.000000,0.000000,above_band_high
2026-07-11T22:04:00Z,94.3832,0.000000,0.000000,0.000000,above_band_high
2026-07-11T22:05:00Z,94.3557,0.000000,0.000000,0.000000,above_band_high
2026-07-11T22:06:00Z,94.3420,0.000000,0.000000,0.000000,above_band_high
2026-07-11T22:07:00Z,94.3374,0.000000,0.000000,0.000000,above_band_high
2026-07-11T22:08:00Z,94.3633,0.000000,0.000000,0.000000,above_band_high
2026-07-11T22:09:00Z,94.3328,0.000000,0.000000,0.000000,above_band_high
2026-07-11T22:10:00Z,94.3557,0.000000,0.000000,0.000000,above_band_high
2026-07-11T22:11:00Z,94.3221,0.000000,0.000000,0.000000,above_band_high
2026-07-11T22:12:00Z,94.3282,0.000000,0.000000,0.000000,above_band_high
2026-07-11T22:13:00Z,94.3420,0.000000,0.000000,0.000000,above_band_high
2026-07-11T22:14:00Z,94.3008,0.000000,0.000000,0.000000,above_band_high
2026-07-11T22:15:00Z,94.2947,0.000000,0.000000,0.000000,above_band_high
2026-07-11T22:16:00Z,94.2855,0.000000,0.000000,0.000000,above_band_high
2026-07-11T22:17:00Z,94.2626,0.000000,0.000000,0.000000,above_band_high
2026-07-11T22:18:00Z,94.3175,0.000000,0.000000,0.000000,above_band_high
2026-07-11T22:19:00Z,94.2962,0.000000,0.000000,0.000000,above_band_high
2026-07-11T22:20:00Z,94.3053,0.000000,0.000000,0.000000,above_band_high
2026-07-11T22:21:00Z,94.2458,0.000000,0.000000,0.000000,above_band_high
2026-07-11T22:22:00Z,94.2809,0.000000,0.000000,0.000000,above_band_high
2026-07-11T22:23:00Z,94.2809,0.000000,0.000000,0.000000,above_band_high
2026-07-11T22:24:00Z,94.2626,0.000000,0.000000,0.000000,above_band_high
2026-07-11T22:25:00Z,94.3053,0.000000,0.000000,0.000000,above_band_high
2026-07-11T22:26:00Z,94.2718,0.000000,0.000000,0.000000,above_band_high
2026-07-11T22:27:00Z,94.2626,0.000000,0.000000,0.000000,above_band_high
2026-07-11T22:28:00Z,94.2901,0.000000,0.000000,0.000000,above_band_high
2026-07-11T22:29:00Z,94.2535,0.000000,0.000000,0.000000,above_band_high
2026-07-11T22:30:00Z,94.2580,0.000000,0.000000,0.000000,above_band_high
2026-07-11T22:31:00Z,94.2855,0.000000,0.000000,0.000000,above_band_high
2026-07-11T22:32:00Z,94.2641,0.000000,0.000000,0.000000,above_band_high
2026-07-11T22:33:00Z,94.2580,0.000000,0.000000,0.000000,above_band_high
2026-07-11T22:34:00Z,94.2596,0.000000,0.000000,0.000000,above_band_high
2026-07-11T22:35:00Z,94.2458,0.000000,0.000000,0.000000,above_band_high
2026-07-11T22:36:00Z,94.2443,0.000000,0.000000,0.000000,above_band_high
2026-07-11T22:37:00Z,94.2672,0.000000,0.000000,0.000000,above_band_high
2026-07-11T22:38:00Z,94.2855,0.000000,0.000000,0.000000,above_band_high
2026-07-11T22:39:00Z,94.2489,0.000000,0.000000,0.000000,above_band_high
2026-07-11T22:40:00Z,94.2641,0.000000,0.000000,0.000000,above_band_high
2026-07-11T22:41:00Z,94.2916,0.000000,0.000000,0.000000,above_band_high
2026-07-11T22:42:00Z,94.2779,0.000000,0.000000,0.000000,above_band_high
2026-07-11T22:43:00Z,94.2901,0.000000,0.000000,0.000000,above_band_high
2026-07-11T22:44:00Z,94.3084,0.000000,0.000000,0.000000,above_band_high
2026-07-11T22:45:00Z,94.2824,0.000000,0.000000,0.000000,above_band_high
2026-07-11T22:46:00Z,94.3038,0.000000,0.000000,0.000000,above_band_high
2026-07-11T22:47:00Z,94.3191,0.000000,0.000000,0.000000,above_band_high
2026-07-11T22:48:00Z,94.2733,0.000000,0.000000,0.000000,above_band_high
2026-07-11T22:49:00Z,94.2779,0.000000,0.000000,0.000000,above_band_high
2026-07-11T22:50:00Z,94.3084,0.000000,0.000000,0.000000,above_band_high
2026-07-11T22:51:00Z,94.3313,0.000000,0.000000,0.000000,above_band_high
2026-07-11T22:52:00Z,94.2916,0.000000,0.000000,0.000000,above_band_high
2026-07-11T22:53:00Z,94.3420,0.000000,0.000000,0.000000,above_band_high
2026-07-11T22:54:00Z,94.3603,0.000000,0.000000,0.000000,above_band_high
2026-07-11T22:55:00Z,94.3465,0.000000,0.000000,0.000000,above_band_high
2026-07-11T22:56:00Z,94.3236,0.000000,0.000000,0.000000,above_band_high
2026-07-11T22:57:00Z,94.3008,0.000000,0.000000,0.000000,above_band_high
2026-07-11T22:58:00Z,94.3145,0.000000,0.000000,0.000000,above_band_high
2026-07-11T22:59:00Z,94.3053,0.000000,0.000000,0.000000,above_band_high
2026-07-11T23:00:00Z,94.3450,0.000000,0.000000,0.000000,above_band_high
2026-07-11T23:01:00Z,94.3282,0.000000,0.000000,0.000000,above_band_high
2026-07-11T23:02:00Z,94.3465,0.000000,0.000000,0.000000,above_band_high
2026-07-11T23:03:00Z,94.3587,0.000000,0.000000,0.000000,above_band_high
2026-07-11T23:04:00Z,94.3511,0.000000,0.000000,0.000000,above_band_high
2026-07-11T23:05:00Z,94.3679,0.000000,0.000000,0.000000,above_band_high
2026-07-11T23:06:00Z,94.3877,0.000000,0.000000,0.000000,above_band_high
2026-07-11T23:07:00Z,94.3908,0.000000,0.000000,0.000000,above_band_high
2026-07-11T23:08:00Z,94.3542,0.000000,0.000000,0.000000,above_band_high
2026-07-11T23:09:00Z,94.4228,0.000000,0.000000,0.000000,above_band_high
2026-07-11T23:10:00Z,94.3954,0.000000,0.000000,0.000000,above_band_high
2026-07-11T23:11:00Z,94.4289,0.000000,0.000000,0.000000,above_band_high
2026-07-11T23:12:00Z,94.4427,0.000000,0.000000,0.000000,above_band_high
2026-07-11T23:13:00Z,94.4778,0.000000,0.000000,0.000000,above_band_high
2026-07-11T23:14:00Z,94.4823,0.000000,0.000000,0.000000,above_band_high
2026-07-11T23:15:00Z,94.5190,0.000000,0.000000,0.000000,above_band_high
2026-07-11T23:16:00Z,94.5373,0.000000,0.000000,0.000000,above_band_high
2026-07-11T23:17:00Z,94.5373,0.000000,0.000000,0.000000,above_band_high
2026-07-11T23:18:00Z,94.5327,0.000000,0.000000,0.000000,above_band_high
2026-07-11T23:19:00Z,94.5342,0.000000,0.000000,0.000000,above_band_high
2026-07-11T23:20:00Z,94.5754,0.000000,0.000000,0.000000,above_band_high
2026-07-11T23:21:00Z,94.6105,0.000000,0.000000,0.000000,above_band_high
2026-07-11T23:22:00Z,94.6258,0.000000,0.000000,0.000000,above_band_high
2026-07-11T23:23:00Z,94.6334,0.000000,0.000000,0.000000,above_band_high
2026-07-11T23:24:00Z,94.6517,0.000000,0.000000,0.000000,above_band_high
2026-07-11T23:25:00Z,94.6426,0.000000,0.000000,0.000000,above_band_high
2026-07-11T23:26:00Z,94.6853,0.000000,0.000000,0.000000,above_band_high
2026-07-11T23:27:00Z,94.6746,0.000000,0.000000,0.000000,above_band_high
2026-07-11T23:28:00Z,94.6838,0.000000,0.000000,0.000000,above_band_high
2026-07-11T23:29:00Z,94.6975,0.000000,0.000000,0.000000,above_band_high
2026-07-11T23:30:00Z,94.7387,0.000000,0.000000,0.000000,above_band_high
2026-07-11T23:31:00Z,94.7707,0.000000,0.000000,0.000000,above_band_high
2026-07-11T23:32:00Z,94.7616,0.000000,0.000000,0.000000,above_band_high
2026-07-11T23:33:00Z,94.7799,0.000000,0.000000,0.000000,above_band_high
2026-07-11T23:34:00Z,94.8226,0.000000,0.000000,0.000000,above_band_high
2026-07-11T23:35:00Z,94.7982,0.000000,0.000000,0.000000,above_band_high
2026-07-11T23:36:00Z,94.8180,0.000000,0.000000,0.000000,above_band_high
2026-07-11T23:37:00Z,94.8394,0.000000,0.000000,0.000000,above_band_high
2026-07-11T23:38:00Z,94.8638,0.000000,0.000000,0.000000,above_band_high
2026-07-11T23:39:00Z,94.8867,0.000000,0.000000,0.000000,above_band_high
2026-07-11T23:40:00Z,94.8714,0.000000,0.000000,0.000000,above_band_high
2026-07-11T23:41:00Z,94.8730,0.000000,0.000000,0.000000,above_band_high
2026-07-11T23:42:00Z,94.8821,0.000000,0.000000,0.000000,above_band_high
2026-07-11T23:43:00Z,94.9142,0.000000,0.000000,0.000000,above_band_high
2026-07-11T23:44:00Z,94.9004,0.000000,0.000000,0.000000,above_band_high
2026-07-11T23:45:00Z,94.9554,0.000000,0.000000,0.000000,above_band_high
2026-07-11T23:46:00Z,94.9096,0.000000,0.000000,0.000000,above_band_high
2026-07-11T23:47:00Z,94.9416,0.000000,0.000000,0.000000,above_band_high
2026-07-11T23:48:00Z,94.9737,0.000000,0.000000,0.000000,above_band_high
2026-07-11T23:49:00Z,94.9493,0.000000,0.000000,0.000000,above_band_high
2026-07-11T23:50:00Z,94.9905,0.000000,0.000000,0.000000,above_band_high
2026-07-11T23:51:00Z,94.9630,0.000000,0.000000,0.000000,above_band_high
2026-07-11T23:52:00Z,95.0195,0.000000,0.000000,0.000000,above_band_high
2026-07-11T23:53:00Z,95.0225,0.000000,0.000000,0.000000,above_band_high
2026-07-11T23:54:00Z,95.0378,0.000000,0.000000,0.000000,above_band_high
2026-07-11T23:55:00Z,95.0454,0.000000,0.000000,0.000000,above_band_high
2026-07-11T23:56:00Z,95.0454,0.000000,0.000000,0.000000,above_band_high
2026-07-11T23:57:00Z,95.0652,0.000000,0.000000,0.000000,above_band_high
2026-07-11T23:58:00Z,95.0698,0.000000,0.000000,0.000000,above_band_high
2026-07-11T23:59:00Z,95.0835,0.000000,0.000000,0.000000,above_band_high
2026-07-12T00:00:00Z,95.1141,0.000000,0.000000,0.000000,above_band_high
2026-07-12T00:01:00Z,95.1003,0.000000,0.000000,0.000000,above_band_high
2026-07-12T00:02:00Z,95.1003,0.000000,0.000000,0.000000,above_band_high
2026-07-12T00:03:00Z,95.1324,0.000000,0.000000,0.000000,above_band_high
2026-07-12T00:04:00Z,95.1415,0.000000,0.000000,0.000000,above_band_high
2026-07-12T00:05:00Z,95.1385,0.000000,0.000000,0.000000,above_band_high
2026-07-12T00:06:00Z,95.1553,0.000000,0.000000,0.000000,above_band_high
2026-07-12T00:07:00Z,95.1461,0.000000,0.000000,0.000000,above_band_high
2026-07-12T00:08:00Z,95.1553,0.000000,0.000000,0.000000,above_band_high
2026-07-12T00:09:00Z,95.1522,0.000000,0.000000,0.000000,above_band_high
2026-07-12T00:10:00Z,95.1644,0.000000,0.000000,0.000000,above_band_high
2026-07-12T00:11:00Z,95.1553,0.000000,0.000000,0.000000,above_band_high
2026-07-12T00:12:00Z,95.1751,0.000000,0.000000,0.000000,above_band_high
2026-07-12T00:13:00Z,95.2148,0.000000,0.000000,0.000000,above_band_high
2026-07-12T00:14:00Z,95.2026,0.000000,0.000000,0.000000,above_band_high
2026-07-12T00:15:00Z,95.1598,0.000000,0.000000,0.000000,above_band_high
2026-07-12T00:16:00Z,95.2056,0.000000,0.000000,0.000000,above_band_high
2026-07-12T00:17:00Z,95.2285,0.000000,0.000000,0.000000,above_band_high
2026-07-12T00:18:00Z,95.2331,0.000000,0.000000,0.000000,above_band_high
2026-07-12T00:19:00Z,95.2193,0.000000,0.000000,0.000000,above_band_high
2026-07-12T00:20:00Z,95.2392,0.000000,0.000000,0.000000,above_band_high
2026-07-12T00:21:00Z,95.2117,0.000000,0.000000,0.000000,above_band_high
2026-07-12T00:22:00Z,95.2331,0.000000,0.000000,0.000000,above_band_high
2026-07-12T00:23:00Z,95.2529,0.000000,0.000000,0.000000,above_band_high
2026-07-12T00:24:00Z,95.2071,0.000000,0.000000,0.000000,above_band_high
2026-07-12T00:25:00Z,95.2667,0.000000,0.000000,0.000000,above_band_high
2026-07-12T00:26:00Z,95.2789,0.000000,0.000000,0.000000,above_band_high
2026-07-12T00:27:00Z,95.2926,0.000000,0.000000,0.000000,above_band_high
2026-07-12T00:28:00Z,95.2529,0.000000,0.000000,0.000000,above_band_high
2026-07-12T00:29:00Z,95.2789,0.000000,0.000000,0.000000,above_band_high
2026-07-12T00:30:00Z,95.2697,0.000000,0.000000,0.000000,above_band_high
2026-07-12T00:31:00Z,95.2560,0.000000,0.000000,0.000000,above_band_high
2026-07-12T00:32:00Z,95.2804,0.000000,0.000000,0.000000,above_band_high
2026-07-12T00:33:00Z,95.2514,0.000000,0.000000,0.000000,above_band_high
2026-07-12T00:34:00Z,95.2697,0.000000,0.000000,0.000000,above_band_high
2026-07-12T00:35:00Z,95.2880,0.000000,0.000000,0.000000,above_band_high
2026-07-12T00:36:00Z,95.2850,0.000000,0.000000,0.000000,above_band_high
2026-07-12T00:37:00Z,95.2972,0.000000,0.000000,0.000000,above_band_high
2026-07-12T00:38:00Z,95.2926,0.000000,0.000000,0.000000,above_band_high
2026-07-12T00:39:00Z,95.2850,0.000000,0.000000,0.000000,above_band_high
2026-07-12T00:40:00Z,95.3124,0.000000,0.000000,0.000000,above_band_high
2026-07-12T00:41:00Z,95.2621,0.000000,0.000000,0.000000,above_band_high
2026-07-12T00:42:00Z,95.2926,0.000000,0.000000,0.000000,above_band_high
2026-07-12T00:43:00Z,95.3079,0.000000,0.000000,0.000000,above_band_high
2026-07-12T00:44:00Z,95.2712,0.000000,0.000000,0.000000,above_band_high
2026-07-12T00:45:00Z,95.2850,0.000000,0.000000,0.000000,above_band_high
2026-07-12T00:46:00Z,95.3246,0.000000,0.000000,0.000000,above_band_high
2026-07-12T00:47:00Z,95.3079,0.000000,0.000000,0.000000,above_band_high
2026-07-12T00:48:00Z,95.2972,0.000000,0.000000,0.000000,above_band_high
2026-07-12T00:49:00Z,95.3170,0.000000,0.000000,0.000000,above_band_high
2026-07-12T00:50:00Z,95.3079,0.000000,0.000000,0.000000,above_band_high
2026-07-12T00:51:00Z,95.3063,0.000000,0.000000,0.000000,above_band_high
2026-07-12T00:52:00Z,95.2972,0.000000,0.000000,0.000000,above_band_high
2026-07-12T00:53:00Z,95.3384,0.000000,0.000000,0.000000,above_band_high
2026-07-12T00:54:00Z,95.3017,0.000000,0.000000,0.000000,above_band_high
2026-07-12T00:55:00Z,95.2987,0.000000,0.000000,0.000000,above_band_high
2026-07-12T00:56:00Z,95.3475,0.000000,0.000000,0.000000,above_band_high
2026-07-12T00:57:00Z,95.3475,0.000000,0.000000,0.000000,above_band_high
2026-07-12T00:58:00Z,95.3338,0.000000,0.000000,0.000000,above_band_high
2026-07-12T00:59:00Z,95.3307,0.000000,0.000000,0.000000,above_band_high
2026-07-12T01:00:00Z,95.3613,0.000000,0.000000,0.000000,above_band_high
2026-07-12T01:01:00Z,95.3658,0.000000,0.000000,0.000000,above_band_high
2026-07-12T01:02:00Z,95.3658,0.000000,0.000000,0.000000,above_band_high
2026-07-12T01:03:00Z,95.3475,0.000000,0.000000,0.000000,above_band_high
2026-07-12T01:04:00Z,95.3765,0.000000,0.000000,0.000000,above_band_high
2026-07-12T01:05:00Z,95.3765,0.000000,0.000000,0.000000,above_band_high
2026-07-12T01:06:00Z,95.3384,0.000000,0.000000,0.000000,above_band_high
2026-07-12T01:07:00Z,95.3841,0.000000,0.000000,0.000000,above_band_high
2026-07-12T01:08:00Z,95.3979,0.000000,0.000000,0.000000,above_band_high
2026-07-12T01:09:00Z,95.4070,0.000000,0.000000,0.000000,above_band_high
2026-07-12T01:10:00Z,95.3841,0.000000,0.000000,0.000000,above_band_high
2026-07-12T01:11:00Z,95.3857,0.000000,0.000000,0.000000,above_band_high
2026-07-12T01:12:00Z,95.3765,0.000000,0.000000,0.000000,above_band_high
2026-07-12T01:13:00Z,95.3979,0.000000,0.000000,0.000000,above_band_high
2026-07-12T01:14:00Z,95.3902,0.000000,0.000000,0.000000,above_band_high
2026-07-12T01:15:00Z,95.3948,0.000000,0.000000,0.000000,above_band_high
2026-07-12T01:16:00Z,95.3979,0.000000,0.000000,0.000000,above_band_high
2026-07-12T01:17:00Z,95.4528,0.000000,0.000000,0.000000,above_band_high
2026-07-12T01:18:00Z,95.4131,0.000000,0.000000,0.000000,above_band_high
2026-07-12T01:19:00Z,95.4543,0.000000,0.000000,0.000000,above_band_high
2026-07-12T01:20:00Z,95.4208,0.000000,0.000000,0.000000,above_band_high
2026-07-12T01:21:00Z,95.4665,0.000000,0.000000,0.000000,above_band_high
2026-07-12T01:22:00Z,95.4711,0.000000,0.000000,0.000000,above_band_high
2026-07-12T01:23:00Z,95.4253,0.000000,0.000000,0.000000,above_band_high
2026-07-12T01:24:00Z,95.4757,0.000000,0.000000,0.000000,above_band_high
2026-07-12T01:25:00Z,95.4757,0.000000,0.000000,0.000000,above_band_high
2026-07-12T01:26:00Z,95.4757,0.000000,0.000000,0.000000,above_band_high
2026-07-12T01:27:00Z,95.5093,0.000000,0.000000,0.000000,above_band_high
2026-07-12T01:28:00Z,95.4635,0.000000,0.000000,0.000000,above_band_high
2026-07-12T01:29:00Z,95.4757,0.000000,0.000000,0.000000,above_band_high
2026-07-12T01:30:00Z,95.4482,0.000000,0.000000,0.000000,above_band_high
2026-07-12T01:31:00Z,95.4818,0.000000,0.000000,0.000000,above_band_high
2026-07-12T01:32:00Z,95.5001,0.000000,0.000000,0.000000,above_band_high
2026-07-12T01:33:00Z,95.4574,0.000000,0.000000,0.000000,above_band_high
2026-07-12T01:34:00Z,95.4711,0.000000,0.000000,0.000000,above_band_high
2026-07-12T01:35:00Z,95.4391,0.000000,0.000000,0.000000,above_band_high
2026-07-12T01:36:00Z,95.4711,0.000000,0.000000,0.000000,above_band_high
2026-07-12T01:37:00Z,95.4589,0.000000,0.000000,0.000000,above_band_high
2026-07-12T01:38:00Z,95.4665,0.000000,0.000000,0.000000,above_band_high
2026-07-12T01:39:00Z,95.4437,0.000000,0.000000,0.000000,above_band_high
2026-07-12T01:40:00Z,95.4589,0.000000,0.000000,0.000000,above_band_high
2026-07-12T01:41:00Z,95.4986,0.000000,0.000000,0.000000,above_band_high
2026-07-12T01:42:00Z,95.4757,0.000000,0.000000,0.000000,above_band_high
2026-07-12T01:43:00Z,95.4864,0.000000,0.000000,0.000000,above_band_high
2026-07-12T01:44:00Z,95.4986,0.000000,0.000000,0.000000,above_band_high
2026-07-12T01:45:00Z,95.5169,0.000000,0.000000,0.000000,above_band_high
2026-07-12T01:46:00Z,95.5093,0.000000,0.000000,0.000000,above_band_high
2026-07-12T01:47:00Z,95.4940,0.000000,0.000000,0.000000,above_band_high
2026-07-12T01:48:00Z,95.4940,0.000000,0.000000,0.000000,above_band_high
2026-07-12T01:49:00Z,95.5047,0.000000,0.000000,0.000000,above_band_high
2026-07-12T01:50:00Z,95.5169,0.000000,0.000000,0.000000,above_band_high
2026-07-12T01:51:00Z,95.5077,0.000000,0.000000,0.000000,above_band_high
2026-07-12T01:52:00Z,95.5047,0.000000,0.000000,0.000000,above_band_high
2026-07-12T01:53:00Z,95.5276,0.000000,0.000000,0.000000,above_band_high
2026-07-12T01:54:00Z,95.5077,0.000000,0.000000,0.000000,above_band_high
2026-07-12T01:55:00Z,95.5322,0.000000,0.000000,0.000000,above_band_high
2026-07-12T01:56:00Z,95.4849,0.000000,0.000000,0.000000,above_band_high
2026-07-12T01:57:00Z,95.4986,0.000000,0.000000,0.000000,above_band_high
2026-07-12T01:58:00Z,95.5215,0.000000,0.000000,0.000000,above_band_high
2026-07-12T01:59:00Z,95.5077,0.000000,0.000000,0.000000,above_band_high
2026-07-12T02:00:00Z,95.5276,0.000000,0.000000,0.000000,above_band_high
2026-07-12T02:01:00Z,95.5215,0.000000,0.000000,0.000000,above_band_high
2026-07-12T02:02:00Z,95.5047,0.000000,0.000000,0.000000,above_band_high
2026-07-12T02:03:00Z,95.5230,0.000000,0.000000,0.000000,above_band_high
2026-07-12T02:04:00Z,95.5535,0.000000,0.000000,0.000000,above_band_high
2026-07-12T02:05:00Z,95.5734,0.000000,0.000000,0.000000,above_band_high
2026-07-12T02:06:00Z,95.5352,0.000000,0.000000,0.000000,above_band_high
2026-07-12T02:07:00Z,95.5627,0.000000,0.000000,0.000000,above_band_high
2026-07-12T02:08:00Z,95.5581,0.000000,0.000000,0.000000,above_band_high
2026-07-12T02:09:00Z,95.5734,0.000000,0.000000,0.000000,above_band_high
2026-07-12T02:10:00Z,95.5581,0.000000,0.000000,0.000000,above_band_high
2026-07-12T02:11:00Z,95.5535,0.000000,0.000000,0.000000,above_band_high
2026-07-12T02:12:00Z,95.5993,0.000000,0.000000,0.000000,above_band_high
2026-07-12T02:13:00Z,95.5627,0.000000,0.000000,0.000000,above_band_high
2026-07-12T02:14:00Z,95.5825,0.000000,0.000000,0.000000,above_band_high
2026-07-12T02:15:00Z,95.6085,0.000000,0.000000,0.000000,above_band_high
2026-07-12T02:16:00Z,95.5688,0.000000,0.000000,0.000000,above_band_high
2026-07-12T02:17:00Z,95.5947,0.000000,0.000000,0.000000,above_band_high
2026-07-12T02:18:00Z,95.5917,0.000000,0.000000,0.000000,above_band_high
2026-07-12T02:19:00Z,95.5993,0.000000,0.000000,0.000000,above_band_high
2026-07-12T02:20:00Z,95.6222,0.000000,0.000000,0.000000,above_band_high
2026-07-12T02:21:00Z,95.6451,0.000000,0.000000,0.000000,above_band_high
2026-07-12T02:22:00Z,95.6191,0.000000,0.000000,0.000000,above_band_high
2026-07-12T02:23:00Z,95.6130,0.000000,0.000000,0.000000,above_band_high
2026-07-12T02:24:00Z,95.6237,0.000000,0.000000,0.000000,above_band_high
2026-07-12T02:25:00Z,95.6588,0.000000,0.000000,0.000000,above_band_high
2026-07-12T02:26:00Z,95.6146,0.000000,0.000000,0.000000,above_band_high
2026-07-12T02:27:00Z,95.6146,0.000000,0.000000,0.000000,above_band_high
2026-07-12T02:28:00Z,95.6497,0.000000,0.000000,0.000000,above_band_high
2026-07-12T02:29:00Z,95.6634,0.000000,0.000000,0.000000,above_band_high
2026-07-12T02:30:00Z,95.6497,0.000000,0.000000,0.000000,above_band_high
2026-07-12T02:31:00Z,95.6054,0.000000,0.000000,0.000000,above_band_high
2026-07-12T02:32:00Z,95.6100,0.000000,0.000000,0.000000,above_band_high
2026-07-12T02:33:00Z,95.5962,0.000000,0.000000,0.000000,above_band_high
2026-07-12T02:34:00Z,95.6680,0.000000,0.000000,0.000000,above_band_high
2026-07-12T02:35:00Z,95.6146,0.000000,0.000000,0.000000,above_band_high
2026-07-12T02:36:00Z,95.6237,0.000000,0.000000,0.000000,above_band_high
2026-07-12T02:37:00Z,95.6146,0.000000,0.000000,0.000000,above_band_high
2026-07-12T02:38:00Z,95.6237,0.000000,0.000000,0.000000,above_band_high
2026-07-12T02:39:00Z,95.5993,0.000000,0.000000,0.000000,above_band_high
2026-07-12T02:40:00Z,95.6146,0.000000,0.000000,0.000000,above_band_high
2026-07-12T02:41:00Z,95.6085,0.000000,0.000000,0.000000,above_band_high
2026-07-12T02:42:00Z,95.6176,0.000000,0.000000,0.000000,above_band_high
2026-07-12T02:43:00Z,95.5917,0.000000,0.000000,0.000000,above_band_high
2026-07-12T02:44:00Z,95.6329,0.000000,0.000000,0.000000,above_band_high
2026-07-12T02:45:00Z,95.5917,0.000000,0.000000,0.000000,above_band_high
2026-07-12T02:46:00Z,95.6222,0.000000,0.000000,0.000000,above_band_high
2026-07-12T02:47:00Z,95.5947,0.000000,0.000000,0.000000,above_band_high
2026-07-12T02:48:00Z,95.6146,0.000000,0.000000,0.000000,above_band_high
2026-07-12T02:49:00Z,95.6283,0.000000,0.000000,0.000000,above_band_high
2026-07-12T02:50:00Z,95.5901,0.000000,0.000000,0.000000,above_band_high
2026-07-12T02:51:00Z,95.6329,0.000000,0.000000,0.000000,above_band_high
2026-07-12T02:52:00Z,95.6008,0.000000,0.000000,0.000000,above_band_high
2026-07-12T02:53:00Z,95.5825,0.000000,0.000000,0.000000,above_band_high
2026-07-12T02:54:00Z,95.5627,0.000000,0.000000,0.000000,above_band_high
2026-07-12T02:55:00Z,95.5962,0.000000,0.000000,0.000000,above_band_high
2026-07-12T02:56:00Z,95.5673,0.000000,0.000000,0.000000,above_band_high
2026-07-12T02:57:00Z,95.6039,0.000000,0.000000,0.000000,above_band_high
2026-07-12T02:58:00Z,95.5962,0.000000,0.000000,0.000000,above_band_high
2026-07-12T02:59:00Z,95.5642,0.000000,0.000000,0.000000,above_band_high
2026-07-12T03:00:00Z,95.6100,0.000000,0.000000,0.000000,above_band_high
2026-07-12T03:01:00Z,95.5917,0.000000,0.000000,0.000000,above_band_high
2026-07-12T03:02:00Z,95.5993,0.000000,0.000000,0.000000,above_band_high
2026-07-12T03:03:00Z,95.5917,0.000000,0.000000,0.000000,above_band_high
2026-07-12T03:04:00Z,95.6268,0.000000,0.000000,0.000000,above_band_high
2026-07-12T03:05:00Z,95.5993,0.000000,0.000000,0.000000,above_band_high
2026-07-12T03:06:00Z,95.5917,0.000000,0.000000,0.000000,above_band_high
2026-07-12T03:07:00Z,95.6054,0.000000,0.000000,0.000000,above_band_high
2026-07-12T03:08:00Z,95.5993,0.000000,0.000000,0.000000,above_band_high
2026-07-12T03:09:00Z,95.6268,0.000000,0.000000,0.000000,above_band_high
2026-07-12T03:10:00Z,95.6359,0.000000,0.000000,0.000000,above_band_high
2026-07-12T03:11:00Z,95.5810,0.000000,0.000000,0.000000,above_band_high
2026-07-12T03:12:00Z,95.5871,0.000000,0.000000,0.000000,above_band_high
2026-07-12T03:13:00Z,95.6420,0.000000,0.000000,0.000000,above_band_high
2026-07-12T03:14:00Z,95.6191,0.000000,0.000000,0.000000,above_band_high
2026-07-12T03:15:00Z,95.5871,0.000000,0.000000,0.000000,above_band_high
2026-07-12T03:16:00Z,95.6283,0.000000,0.000000,0.000000,above_band_high
2026-07-12T03:17:00Z,95.6176,0.000000,0.000000,0.000000,above_band_high
2026-07-12T03:18:00Z,95.6268,0.000000,0.000000,0.000000,above_band_high
2026-07-12T03:19:00Z,95.6085,0.000000,0.000000,0.000000,above_band_high
2026-07-12T03:20:00Z,95.6497,0.000000,0.000000,0.000000,above_band_high
2026-07-12T03:21:00Z,95.6176,0.000000,0.000000,0.000000,above_band_high
2026-07-12T03:22:00Z,95.6359,0.000000,0.000000,0.000000,above_band_high
2026-07-12T03:23:00Z,95.6359,0.000000,0.000000,0.000000,above_band_high
2026-07-12T03:24:00Z,95.6359,0.000000,0.000000,0.000000,above_band_high
2026-07-12T03:25:00Z,95.6695,0.000000,0.000000,0.000000,above_band_high
2026-07-12T03:26:00Z,95.6374,0.000000,0.000000,0.000000,above_band_high
2026-07-12T03:27:00Z,95.6268,0.000000,0.000000,0.000000,above_band_high
2026-07-12T03:28:00Z,95.6146,0.000000,0.000000,0.000000,above_band_high
2026-07-12T03:29:00Z,95.6313,0.000000,0.000000,0.000000,above_band_high
2026-07-12T03:30:00Z,95.6268,0.000000,0.000000,0.000000,above_band_high
2026-07-12T03:31:00Z,95.6222,0.000000,0.000000,0.000000,above_band_high
2026-07-12T03:32:00Z,95.6771,0.000000,0.000000,0.000000,above_band_high
2026-07-12T03:33:00Z,95.6512,0.000000,0.000000,0.000000,above_band_high
2026-07-12T03:34:00Z,95.6146,0.000000,0.000000,0.000000,above_band_high
2026-07-12T03:35:00Z,95.6054,0.000000,0.000000,0.000000,above_band_high
2026-07-12T03:36:00Z,95.6512,0.000000,0.000000,0.000000,above_band_high
2026-07-12T03:37:00Z,95.6313,0.000000,0.000000,0.000000,above_band_high
2026-07-12T03:38:00Z,95.6176,0.000000,0.000000,0.000000,above_band_high
2026-07-12T03:39:00Z,95.6374,0.000000,0.000000,0.000000,above_band_high
2026-07-12T03:40:00Z,95.6374,0.000000,0.000000,0.000000,above_band_high
2026-07-12T03:41:00Z,95.6405,0.000000,0.000000,0.000000,above_band_high
2026-07-12T03:42:00Z,95.6497,0.000000,0.000000,0.000000,above_band_high
2026-07-12T03:43:00Z,95.6313,0.000000,0.000000,0.000000,above_band_high
2026-07-12T03:44:00Z,95.6054,0.000000,0.000000,0.000000,above_band_high
2026-07-12T03:45:00Z,95.6497,0.000000,0.000000,0.000000,above_band_high
2026-07-12T03:46:00Z,95.6741,0.000000,0.000000,0.000000,above_band_high
2026-07-12T03:47:00Z,95.6374,0.000000,0.000000,0.000000,above_band_high
2026-07-12T03:48:00Z,95.6786,0.000000,0.000000,0.000000,above_band_high
2026-07-12T03:49:00Z,95.6451,0.000000,0.000000,0.000000,above_band_high
2026-07-12T03:50:00Z,95.6603,0.000000,0.000000,0.000000,above_band_high
2026-07-12T03:51:00Z,95.6588,0.000000,0.000000,0.000000,above_band_high
2026-07-12T03:52:00Z,95.6634,0.000000,0.000000,0.000000,above_band_high
2026-07-12T03:53:00Z,95.6649,0.000000,0.000000,0.000000,above_band_high
2026-07-12T03:54:00Z,95.6725,0.000000,0.000000,0.000000,above_band_high
2026-07-12T03:55:00Z,95.6558,0.000000,0.000000,0.000000,above_band_high
2026-07-12T03:56:00Z,95.6680,0.000000,0.000000,0.000000,above_band_high
2026-07-12T03:57:00Z,95.7015,0.000000,0.000000,0.000000,above_band_high
2026-07-12T03:58:00Z,95.6970,0.000000,0.000000,0.000000,above_band_high
2026-07-12T03:59:00Z,95.6786,0.000000,0.000000,0.000000,above_band_high
2026-07-12T04:00:00Z,95.6863,0.000000,0.000000,0.000000,above_band_high
2026-07-12T04:01:00Z,95.6786,0.000000,0.000000,0.000000,above_band_high
2026-07-12T04:02:00Z,95.6924,0.000000,0.000000,0.000000,above_band_high
2026-07-12T04:03:00Z,95.7244,0.000000,0.000000,0.000000,above_band_high
2026-07-12T04:04:00Z,95.7336,0.000000,0.000000,0.000000,above_band_high
2026-07-12T04:05:00Z,95.7427,0.000000,0.000000,0.000000,above_band_high
2026-07-12T04:06:00Z,95.7015,0.000000,0.000000,0.000000,above_band_high
2026-07-12T04:07:00Z,95.7336,0.000000,0.000000,0.000000,above_band_high
2026-07-12T04:08:00Z,95.7137,0.000000,0.000000,0.000000,above_band_high
2026-07-12T04:09:00Z,95.7015,0.000000,0.000000,0.000000,above_band_high
2026-07-12T04:10:00Z,95.7137,0.000000,0.000000,0.000000,above_band_high
2026-07-12T04:11:00Z,95.7427,0.000000,0.000000,0.000000,above_band_high
2026-07-12T04:12:00Z,95.7321,0.000000,0.000000,0.000000,above_band_high
2026-07-12T04:13:00Z,95.7290,0.000000,0.000000,0.000000,above_band_high
2026-07-12T04:14:00Z,95.7610,0.000000,0.000000,0.000000,above_band_high
2026-07-12T04:15:00Z,95.7183,0.000000,0.000000,0.000000,above_band_high
2026-07-12T04:16:00Z,95.7519,0.000000,0.000000,0.000000,above_band_high
2026-07-12T04:17:00Z,95.7366,0.000000,0.000000,0.000000,above_band_high
2026-07-12T04:18:00Z,95.7702,0.000000,0.000000,0.000000,above_band_high
2026-07-12T04:19:00Z,95.7504,0.000000,0.000000,0.000000,above_band_high
2026-07-12T04:20:00Z,95.7427,0.000000,0.000000,0.000000,above_band_high
2026-07-12T04:21:00Z,95.7641,0.000000,0.000000,0.000000,above_band_high
2026-07-12T04:22:00Z,95.7641,0.000000,0.000000,0.000000,above_band_high
2026-07-12T04:23:00Z,95.7565,0.000000,0.000000,0.000000,above_band_high
2026-07-12T04:24:00Z,95.7778,0.000000,0.000000,0.000000,above_band_high
2026-07-12T04:25:00Z,95.7885,0.000000,0.000000,0.000000,above_band_high
2026-07-12T04:26:00Z,95.7504,0.000000,0.000000,0.000000,above_band_high
2026-07-12T04:27:00Z,95.7916,0.000000,0.000000,0.000000,above_band_high
2026-07-12T04:28:00Z,95.7733,0.000000,0.000000,0.000000,above_band_high
2026-07-12T04:29:00Z,95.7687,0.000000,0.000000,0.000000,above_band_high
2026-07-12T04:30:00Z,95.7610,0.000000,0.000000,0.000000,above_band_high
2026-07-12T04:31:00Z,95.7595,0.000000,0.000000,0.000000,above_band_high
2026-07-12T04:32:00Z,95.7366,0.000000,0.000000,0.000000,above_band_high
2026-07-12T04:33:00Z,95.7321,0.000000,0.000000,0.000000,above_band_high
2026-07-12T04:34:00Z,95.7000,0.000000,0.000000,0.000000,above_band_high
2026-07-12T04:35:00Z,95.7504,0.000000,0.000000,0.000000,above_band_high
2026-07-12T04:36:00Z,95.7931,0.000000,0.000000,0.000000,above_band_high
2026-07-12T04:37:00Z,95.7687,0.000000,0.000000,0.000000,above_band_high
2026-07-12T04:38:00Z,95.7427,0.000000,0.000000,0.000000,above_band_high
2026-07-12T04:39:00Z,95.7336,0.000000,0.000000,0.000000,above_band_high
2026-07-12T04:40:00Z,95.7336,0.000000,0.000000,0.000000,above_band_high
2026-07-12T04:41:00Z,95.7153,0.000000,0.000000,0.000000,above_band_high
2026-07-12T04:42:00Z,95.7427,0.000000,0.000000,0.000000,above_band_high
2026-07-12T04:43:00Z,95.7137,0.000000,0.000000,0.000000,above_band_high
2026-07-12T04:44:00Z,95.7595,0.000000,0.000000,0.000000,above_band_high
2026-07-12T04:45:00Z,95.7015,0.000000,0.000000,0.000000,above_band_high
2026-07-12T04:46:00Z,95.7733,0.000000,0.000000,0.000000,above_band_high
2026-07-12T04:47:00Z,95.7473,0.000000,0.000000,0.000000,above_band_high
2026-07-12T04:48:00Z,95.7641,0.000000,0.000000,0.000000,above_band_high
2026-07-12T04:49:00Z,95.7656,0.000000,0.000000,0.000000,above_band_high
2026-07-12T04:50:00Z,95.7519,0.000000,0.000000,0.000000,above_band_high
2026-07-12T04:51:00Z,95.7382,0.000000,0.000000,0.000000,above_band_high
2026-07-12T04:52:00Z,95.7382,0.000000,0.000000,0.000000,above_band_high
2026-07-12T04:53:00Z,95.7733,0.000000,0.000000,0.000000,above_band_high
2026-07-12T04:54:00Z,95.7473,0.000000,0.000000,0.000000,above_band_high
2026-07-12T04:55:00Z,95.7595,0.000000,0.000000,0.000000,above_band_high
2026-07-12T04:56:00Z,95.7366,0.000000,0.000000,0.000000,above_band_high
2026-07-12T04:57:00Z,95.7519,0.000000,0.000000,0.000000,above_band_high
2026-07-12T04:58:00Z,95.7015,0.000000,0.000000,0.000000,above_band_high
2026-07-12T04:59:00Z,95.7427,0.000000,0.000000,0.000000,above_band_high
2026-07-12T05:00:00Z,95.7641,0.000000,0.000000,0.000000,above_band_high
2026-07-12T05:01:00Z,95.7321,0.000000,0.000000,0.000000,above_band_high
2026-07-12T05:02:00Z,95.7458,0.000000,0.000000,0.000000,above_band_high
2026-07-12T05:03:00Z,95.7137,0.000000,0.000000,0.000000,above_band_high
2026-07-12T05:04:00Z,95.7610,0.000000,0.000000,0.000000,above_band_high
2026-07-12T05:05:00Z,95.7244,0.000000,0.000000,0.000000,above_band_high
2026-07-12T05:06:00Z,95.7000,0.000000,0.000000,0.000000,above_band_high
2026-07-12T05:07:00Z,95.7275,0.000000,0.000000,0.000000,above_band_high
2026-07-12T05:08:00Z,95.7412,0.000000,0.000000,0.000000,above_band_high
2026-07-12T05:09:00Z,95.7244,0.000000,0.000000,0.000000,above_band_high
2026-07-12T05:10:00Z,95.7092,0.000000,0.000000,0.000000,above_band_high
2026-07-12T05:11:00Z,95.7092,0.000000,0.000000,0.000000,above_band_high
2026-07-12T05:12:00Z,95.7321,0.000000,0.000000,0.000000,above_band_high
2026-07-12T05:13:00Z,95.7275,0.000000,0.000000,0.000000,above_band_high
2026-07-12T05:14:00Z,95.7366,0.000000,0.000000,0.000000,above_band_high
2026-07-12T05:15:00Z,95.7321,0.000000,0.000000,0.000000,above_band_high
2026-07-12T05:16:00Z,95.7412,0.000000,0.000000,0.000000,above_band_high
2026-07-12T05:17:00Z,95.7427,0.000000,0.000000,0.000000,above_band_high
2026-07-12T05:18:00Z,95.7473,0.000000,0.000000,0.000000,above_band_high
2026-07-12T05:19:00Z,95.7610,0.000000,0.000000,0.000000,above_band_high
2026-07-12T05:20:00Z,95.7733,0.000000,0.000000,0.000000,above_band_high
2026-07-12T05:21:00Z,95.7885,0.000000,0.000000,0.000000,above_band_high
2026-07-12T05:22:00Z,95.7778,0.000000,0.000000,0.000000,above_band_high
2026-07-12T05:23:00Z,95.7824,0.000000,0.000000,0.000000,above_band_high
2026-07-12T05:24:00Z,95.7794,0.000000,0.000000,0.000000,above_band_high
2026-07-12T05:25:00Z,95.8068,0.000000,0.000000,0.000000,above_band_high
2026-07-12T05:26:00Z,95.7885,0.000000,0.000000,0.000000,above_band_high
2026-07-12T05:27:00Z,95.7748,0.000000,0.000000,0.000000,above_band_high
2026-07-12T05:28:00Z,95.7733,0.000000,0.000000,0.000000,above_band_high
2026-07-12T05:29:00Z,95.7595,0.000000,0.000000,0.000000,above_band_high
2026-07-12T05:30:00Z,95.7687,0.000000,0.000000,0.000000,above_band_high
2026-07-12T05:31:00Z,95.7687,0.000000,0.000000,0.000000,above_band_high
2026-07-12T05:32:00Z,95.7748,0.000000,0.000000,0.000000,above_band_high
2026-07-12T05:33:00Z,95.7748,0.000000,0.000000,0.000000,above_band_high
2026-07-12T05:34:00Z,95.7794,0.000000,0.000000,0.000000,above_band_high
2026-07-12T05:35:00Z,95.7244,0.000000,0.000000,0.000000,above_band_high
2026-07-12T05:36:00Z,95.7244,0.000000,0.000000,0.000000,above_band_high
2026-07-12T05:37:00Z,95.7748,0.000000,0.000000,0.000000,above_band_high
2026-07-12T05:38:00Z,95.7778,0.000000,0.000000,0.000000,above_band_high
2026-07-12T05:39:00Z,95.7794,0.000000,0.000000,0.000000,above_band_high
2026-07-12T05:40:00Z,95.7382,0.000000,0.000000,0.000000,above_band_high
2026-07-12T05:41:00Z,95.7519,0.000000,0.000000,0.000000,above_band_high
2026-07-12T05:42:00Z,95.7687,0.000000,0.000000,0.000000,above_band_high
2026-07-12T05:43:00Z,95.7549,0.000000,0.000000,0.000000,above_band_high
2026-07-12T05:44:00Z,95.7656,0.000000,0.000000,0.000000,above_band_high
2026-07-12T05:45:00Z,95.7473,0.000000,0.000000,0.000000,above_band_high
2026-07-12T05:46:00Z,95.7427,0.000000,0.000000,0.000000,above_band_high
2026-07-12T05:47:00Z,95.7595,0.000000,0.000000,0.000000,above_band_high
2026-07-12T05:48:00Z,95.7931,0.000000,0.000000,0.000000,above_band_high
2026-07-12T05:49:00Z,95.7336,0.000000,0.000000,0.000000,above_band_high
2026-07-12T05:50:00Z,95.7839,0.000000,0.000000,0.000000,above_band_high
2026-07-12T05:51:00Z,95.7794,0.000000,0.000000,0.000000,above_band_high
2026-07-12T05:52:00Z,95.7733,0.000000,0.000000,0.000000,above_band_high
2026-07-12T05:53:00Z,95.7885,0.000000,0.000000,0.000000,above_band_high
2026-07-12T05:54:00Z,95.8145,0.000000,0.000000,0.000000,above_band_high
2026-07-12T05:55:00Z,95.8145,0.000000,0.000000,0.000000,above_band_high
2026-07-12T05:56:00Z,95.7519,0.000000,0.000000,0.000000,above_band_high
2026-07-12T05:57:00Z,95.7687,0.000000,0.000000,0.000000,above_band_high
2026-07-12T05:58:00Z,95.7839,0.000000,0.000000,0.000000,above_band_high
2026-07-12T05:59:00Z,95.7931,0.000000,0.000000,0.000000,above_band_high
2026-07-12T06:00:00Z,95.8068,0.000000,0.000000,0.000000,above_band_high
2026-07-12T06:01:00Z,95.7794,0.000000,0.000000,0.000000,above_band_high
2026-07-12T06:02:00Z,95.7549,0.000000,0.000000,0.000000,above_band_high
2026-07-12T06:03:00Z,95.8145,0.000000,0.000000,0.000000,above_band_high
2026-07-12T06:04:00Z,95.8007,0.000000,0.000000,0.000000,above_band_high
2026-07-12T06:05:00Z,95.7778,0.000000,0.000000,0.000000,above_band_high
2026-07-12T06:06:00Z,95.7748,0.000000,0.000000,0.000000,above_band_high
2026-07-12T06:07:00Z,95.7961,0.000000,0.000000,0.000000,above_band_high
2026-07-12T06:08:00Z,95.7519,0.000000,0.000000,0.000000,above_band_high
2026-07-12T06:09:00Z,95.8328,0.000000,0.000000,0.000000,above_band_high
2026-07-12T06:10:00Z,95.8389,0.000000,0.000000,0.000000,above_band_high
2026-07-12T06:11:00Z,95.8068,0.000000,0.000000,0.000000,above_band_high
2026-07-12T06:12:00Z,95.8068,0.000000,0.000000,0.000000,above_band_high
2026-07-12T06:13:00Z,95.7931,0.000000,0.000000,0.000000,above_band_high
2026-07-12T06:14:00Z,95.8297,0.000000,0.000000,0.000000,above_band_high
2026-07-12T06:15:00Z,95.8297,0.000000,0.000000,0.000000,above_band_high
2026-07-12T06:16:00Z,95.8328,0.000000,0.000000,0.000000,above_band_high
2026-07-12T06:17:00Z,95.8602,0.000000,0.000000,0.000000,above_band_high
2026-07-12T06:18:00Z,95.8145,0.000000,0.000000,0.000000,above_band_high
2026-07-12T06:19:00Z,95.8389,0.000000,0.000000,0.000000,above_band_high
2026-07-12T06:20:00Z,95.8297,0.000000,0.000000,0.000000,above_band_high
2026-07-12T06:21:00Z,95.8251,0.000000,0.000000,0.000000,above_band_high
2026-07-12T06:22:00Z,95.8556,0.000000,0.000000,0.000000,above_band_high
2026-07-12T06:23:00Z,95.8190,0.000000,0.000000,0.000000,above_band_high
2026-07-12T06:24:00Z,95.8297,0.000000,0.000000,0.000000,above_band_high
2026-07-12T06:25:00Z,95.8389,0.000000,0.000000,0.000000,above_band_high
2026-07-12T06:26:00Z,95.8297,0.000000,0.000000,0.000000,above_band_high
2026-07-12T06:27:00Z,95.8480,0.000000,0.000000,0.000000,above_band_high
2026-07-12T06:28:00Z,95.8251,0.000000,0.000000,0.000000,above_band_high
2026-07-12T06:29:00Z,95.8556,0.000000,0.000000,0.000000,above_band_high
2026-07-12T06:30:00Z,95.8755,0.000000,0.000000,0.000000,above_band_high
2026-07-12T06:31:00Z,95.8022,0.000000,0.000000,0.000000,above_band_high
2026-07-12T06:32:00Z,95.7931,0.000000,0.000000,0.000000,above_band_high
2026-07-12T06:33:00Z,95.8007,0.000000,0.000000,0.000000,above_band_high
2026-07-12T06:34:00Z,95.8007,0.000000,0.000000,0.000000,above_band_high
2026-07-12T06:35:00Z,95.7549,0.000000,0.000000,0.000000,above_band_high
2026-07-12T06:36:00Z,95.8068,0.000000,0.000000,0.000000,above_band_high
2026-07-12T06:37:00Z,95.8190,0.000000,0.000000,0.000000,above_band_high
2026-07-12T06:38:00Z,95.8190,0.000000,0.000000,0.000000,above_band_high
2026-07-12T06:39:00Z,95.7610,0.000000,0.000000,0.000000,above_band_high
2026-07-12T06:40:00Z,95.7702,0.000000,0.000000,0.000000,above_band_high
2026-07-12T06:41:00Z,95.7610,0.000000,0.000000,0.000000,above_band_high
2026-07-12T06:42:00Z,95.7427,0.000000,0.000000,0.000000,above_band_high
2026-07-12T06:43:00Z,95.7839,0.000000,0.000000,0.000000,above_band_high
2026-07-12T06:44:00Z,95.7656,0.000000,0.000000,0.000000,above_band_high
2026-07-12T06:45:00Z,95.7885,0.000000,0.000000,0.000000,above_band_high
2026-07-12T06:46:00Z,95.7916,0.000000,0.000000,0.000000,above_band_high
2026-07-12T06:47:00Z,95.7794,0.000000,0.000000,0.000000,above_band_high
2026-07-12T06:48:00Z,95.7870,0.000000,0.000000,0.000000,above_band_high
2026-07-12T06:49:00Z,95.8007,0.000000,0.000000,0.000000,above_band_high
2026-07-12T06:50:00Z,95.7733,0.000000,0.000000,0.000000,above_band_high
2026-07-12T06:51:00Z,95.7519,0.000000,0.000000,0.000000,above_band_high
2026-07-12T06:52:00Z,95.7839,0.000000,0.000000,0.000000,above_band_high
2026-07-12T06:53:00Z,95.7931,0.000000,0.000000,0.000000,above_band_high
2026-07-12T06:54:00Z,95.7931,0.000000,0.000000,0.000000,above_band_high
2026-07-12T06:55:00Z,95.7839,0.000000,0.000000,0.000000,above_band_high
2026-07-12T06:56:00Z,95.7885,0.000000,0.000000,0.000000,above_band_high
2026-07-12T06:57:00Z,95.8007,0.000000,0.000000,0.000000,above_band_high
2026-07-12T06:58:00Z,95.7733,0.000000,0.000000,0.000000,above_band_high
2026-07-12T06:59:00Z,95.8068,0.000000,0.000000,0.000000,above_band_high
2026-07-12T07:00:00Z,95.8236,0.000000,0.000000,0.000000,above_band_high
2026-07-12T07:01:00Z,95.8282,0.000000,0.000000,0.000000,above_band_high
2026-07-12T07:02:00Z,95.8022,0.000000,0.000000,0.000000,above_band_high
2026-07-12T07:03:00Z,95.8282,0.000000,0.000000,0.000000,above_band_high
2026-07-12T07:04:00Z,95.8282,0.000000,0.000000,0.000000,above_band_high
2026-07-12T07:05:00Z,95.8373,0.000000,0.000000,0.000000,above_band_high
2026-07-12T07:06:00Z,95.8419,0.000000,0.000000,0.000000,above_band_high
2026-07-12T07:07:00Z,95.8190,0.000000,0.000000,0.000000,above_band_high
2026-07-12T07:08:00Z,95.8419,0.000000,0.000000,0.000000,above_band_high
2026-07-12T07:09:00Z,95.8068,0.000000,0.000000,0.000000,above_band_high
2026-07-12T07:10:00Z,95.8526,0.000000,0.000000,0.000000,above_band_high
2026-07-12T07:11:00Z,95.8572,0.000000,0.000000,0.000000,above_band_high
2026-07-12T07:12:00Z,95.8160,0.000000,0.000000,0.000000,above_band_high
2026-07-12T07:13:00Z,95.7977,0.000000,0.000000,0.000000,above_band_high
2026-07-12T07:14:00Z,95.8236,0.000000,0.000000,0.000000,above_band_high
2026-07-12T07:15:00Z,95.8480,0.000000,0.000000,0.000000,above_band_high
2026-07-12T07:16:00Z,95.8434,0.000000,0.000000,0.000000,above_band_high
2026-07-12T07:17:00Z,95.8328,0.000000,0.000000,0.000000,above_band_high
2026-07-12T07:18:00Z,95.8831,0.000000,0.000000,0.000000,above_band_high
2026-07-12T07:19:00Z,95.9121,0.000000,0.000000,0.000000,above_band_high
2026-07-12T07:20:00Z,95.8755,0.000000,0.000000,0.000000,above_band_high
2026-07-12T07:21:00Z,95.8831,0.000000,0.000000,0.000000,above_band_high
2026-07-12T07:22:00Z,95.8892,0.000000,0.000000,0.000000,above_band_high
2026-07-12T07:23:00Z,95.8831,0.000000,0.000000,0.000000,above_band_high
2026-07-12T07:24:00Z,95.8984,0.000000,0.000000,0.000000,above_band_high
2026-07-12T07:25:00Z,95.9167,0.000000,0.000000,0.000000,above_band_high
2026-07-12T07:26:00Z,95.9106,0.000000,0.000000,0.000000,above_band_high
2026-07-12T07:27:00Z,95.8648,0.000000,0.000000,0.000000,above_band_high
2026-07-12T07:28:00Z,95.8892,0.000000,0.000000,0.000000,above_band_high
2026-07-12T07:29:00Z,95.8938,0.000000,0.000000,0.000000,above_band_high
2026-07-12T07:30:00Z,95.9106,0.000000,0.000000,0.000000,above_band_high
2026-07-12T07:31:00Z,95.8755,0.000000,0.000000,0.000000,above_band_high
2026-07-12T07:32:00Z,95.8572,0.000000,0.000000,0.000000,above_band_high
2026-07-12T07:33:00Z,95.8831,0.000000,0.000000,0.000000,above_band_high
2026-07-12T07:34:00Z,95.9030,0.000000,0.000000,0.000000,above_band_high
2026-07-12T07:35:00Z,95.8785,0.000000,0.000000,0.000000,above_band_high
2026-07-12T07:36:00Z,95.8892,0.000000,0.000000,0.000000,above_band_high
2026-07-12T07:37:00Z,95.8938,0.000000,0.000000,0.000000,above_band_high
2026-07-12T07:38:00Z,95.8938,0.000000,0.000000,0.000000,above_band_high
2026-07-12T07:39:00Z,95.8831,0.000000,0.000000,0.000000,above_band_high
2026-07-12T07:40:00Z,95.8694,0.000000,0.000000,0.000000,above_band_high
2026-07-12T07:41:00Z,95.8572,0.000000,0.000000,0.000000,above_band_high
2026-07-12T07:42:00Z,95.8755,0.000000,0.000000,0.000000,above_band_high
2026-07-12T07:43:00Z,95.8877,0.000000,0.000000,0.000000,above_band_high
2026-07-12T07:44:00Z,95.9106,0.000000,0.000000,0.000000,above_band_high
2026-07-12T07:45:00Z,95.8831,0.000000,0.000000,0.000000,above_band_high
2026-07-12T07:46:00Z,95.8785,0.000000,0.000000,0.000000,above_band_high
2026-07-12T07:47:00Z,95.8755,0.000000,0.000000,0.000000,above_band_high
2026-07-12T07:48:00Z,95.8785,0.000000,0.000000,0.000000,above_band_high
2026-07-12T07:49:00Z,95.8480,0.000000,0.000000,0.000000,above_band_high
2026-07-12T07:50:00Z,95.8572,0.000000,0.000000,0.000000,above_band_high
2026-07-12T07:51:00Z,95.9106,0.000000,0.000000,0.000000,above_band_high
2026-07-12T07:52:00Z,95.8892,0.000000,0.000000,0.000000,above_band_high
2026-07-12T07:53:00Z,95.8755,0.000000,0.000000,0.000000,above_band_high
2026-07-12T07:54:00Z,95.8755,0.000000,0.000000,0.000000,above_band_high
2026-07-12T07:55:00Z,95.8709,0.000000,0.000000,0.000000,above_band_high
2026-07-12T07:56:00Z,95.8526,0.000000,0.000000,0.000000,above_band_high
2026-07-12T07:57:00Z,95.8877,0.000000,0.000000,0.000000,above_band_high
2026-07-12T07:58:00Z,95.8846,0.000000,0.000000,0.000000,above_band_high
2026-07-12T07:59:00Z,95.8938,0.000000,0.000000,0.000000,above_band_high
2026-07-12T08:00:00Z,95.8709,0.000000,0.000000,0.000000,above_band_high
2026-07-12T08:01:00Z,95.8572,0.000000,0.000000,0.000000,above_band_high
2026-07-12T08:02:00Z,95.8831,0.000000,0.000000,0.000000,above_band_high
2026-07-12T08:03:00Z,95.9213,0.000000,0.000000,0.000000,above_band_high
2026-07-12T08:04:00Z,95.8785,0.000000,0.000000,0.000000,above_band_high
2026-07-12T08:05:00Z,95.9396,0.000000,0.000000,0.000000,above_band_high
2026-07-12T08:06:00Z,95.8877,0.000000,0.000000,0.000000,above_band_high
2026-07-12T08:07:00Z,95.9167,0.000000,0.000000,0.000000,above_band_high
2026-07-12T08:08:00Z,95.9121,0.000000,0.000000,0.000000,above_band_high
2026-07-12T08:09:00Z,95.8938,0.000000,0.000000,0.000000,above_band_high
2026-07-12T08:10:00Z,95.9350,0.000000,0.000000,0.000000,above_band_high
2026-07-12T08:11:00Z,95.8892,0.000000,0.000000,0.000000,above_band_high
2026-07-12T08:12:00Z,95.8938,0.000000,0.000000,0.000000,above_band_high
2026-07-12T08:13:00Z,95.9014,0.000000,0.000000,0.000000,above_band_high
2026-07-12T08:14:00Z,95.9350,0.000000,0.000000,0.000000,above_band_high
2026-07-12T08:15:00Z,95.9472,0.000000,0.000000,0.000000,above_band_high
2026-07-12T08:16:00Z,95.9701,0.000000,0.000000,0.000000,above_band_high
2026-07-12T08:17:00Z,95.9564,0.000000,0.000000,0.000000,above_band_high
2026-07-12T08:18:00Z,95.9335,0.000000,0.000000,0.000000,above_band_high
2026-07-12T08:19:00Z,95.9396,0.000000,0.000000,0.000000,above_band_high
2026-07-12T08:20:00Z,95.9258,0.000000,0.000000,0.000000,above_band_high
2026-07-12T08:21:00Z,95.9670,0.000000,0.000000,0.000000,above_band_high
2026-07-12T08:22:00Z,95.9701,0.000000,0.000000,0.000000,above_band_high
2026-07-12T08:23:00Z,95.9625,0.000000,0.000000,0.000000,above_band_high
2026-07-12T08:24:00Z,95.9747,0.000000,0.000000,0.000000,above_band_high
2026-07-12T08:25:00Z,95.9747,0.000000,0.000000,0.000000,above_band_high
2026-07-12T08:26:00Z,95.9442,0.000000,0.000000,0.000000,above_band_high
2026-07-12T08:27:00Z,95.9808,0.000000,0.000000,0.000000,above_band_high
2026-07-12T08:28:00Z,95.9579,0.000000,0.000000,0.000000,above_band_high
2026-07-12T08:29:00Z,95.9518,0.000000,0.000000,0.000000,above_band_high
2026-07-12T08:30:00Z,95.9655,0.000000,0.000000,0.000000,above_band_high
2026-07-12T08:31:00Z,95.9762,0.000000,0.000000,0.000000,above_band_high
2026-07-12T08:32:00Z,95.9747,0.000000,0.000000,0.000000,above_band_high
2026-07-12T08:33:00Z,95.9884,0.000000,0.000000,0.000000,above_band_high
2026-07-12T08:34:00Z,95.9655,0.000000,0.000000,0.000000,above_band_high
2026-07-12T08:35:00Z,95.9854,0.000000,0.000000,0.000000,above_band_high
2026-07-12T08:36:00Z,95.9564,0.000000,0.000000,0.000000,above_band_high
2026-07-12T08:37:00Z,95.9808,0.000000,0.000000,0.000000,above_band_high
2026-07-12T08:38:00Z,95.9396,0.000000,0.000000,0.000000,above_band_high
2026-07-12T08:39:00Z,95.9472,0.000000,0.000000,0.000000,above_band_high
2026-07-12T08:40:00Z,95.9518,0.000000,0.000000,0.000000,above_band_high
2026-07-12T08:41:00Z,95.9792,0.000000,0.000000,0.000000,above_band_high
2026-07-12T08:42:00Z,95.9579,0.000000,0.000000,0.000000,above_band_high
2026-07-12T08:43:00Z,95.9991,0.000000,0.000000,0.000000,above_band_high
2026-07-12T08:44:00Z,95.9747,0.000000,0.000000,0.000000,above_band_high
2026-07-12T08:45:00Z,95.9335,0.000000,0.000000,0.000000,above_band_high
2026-07-12T08:46:00Z,95.9625,0.000000,0.000000,0.000000,above_band_high
2026-07-12T08:47:00Z,95.9564,0.000000,0.000000,0.000000,above_band_high
2026-07-12T08:48:00Z,95.9380,0.000000,0.000000,0.000000,above_band_high
2026-07-12T08:49:00Z,95.9762,0.000000,0.000000,0.000000,above_band_high
2026-07-12T08:50:00Z,95.9716,0.000000,0.000000,0.000000,above_band_high
2026-07-12T08:51:00Z,95.9579,0.000000,0.000000,0.000000,above_band_high
2026-07-12T08:52:00Z,95.9930,0.000000,0.000000,0.000000,above_band_high
2026-07-12T08:53:00Z,95.9518,0.000000,0.000000,0.000000,above_band_high
2026-07-12T08:54:00Z,95.9808,0.000000,0.000000,0.000000,above_band_high
2026-07-12T08:55:00Z,96.0159,0.000000,0.000000,0.000000,above_band_high
2026-07-12T08:56:00Z,95.9808,0.000000,0.000000,0.000000,above_band_high
2026-07-12T08:57:00Z,95.9716,0.000000,0.000000,0.000000,above_band_high
2026-07-12T08:58:00Z,95.9976,0.000000,0.000000,0.000000,above_band_high
2026-07-12T08:59:00Z,95.9701,0.000000,0.000000,0.000000,above_band_high
2026-07-12T09:00:00Z,96.0082,0.000000,0.000000,0.000000,above_band_high
2026-07-12T09:01:00Z,96.0113,0.000000,0.000000,0.000000,above_band_high
2026-07-12T09:02:00Z,96.0021,0.000000,0.000000,0.000000,above_band_high
2026-07-12T09:03:00Z,96.0021,0.000000,0.000000,0.000000,above_band_high
2026-07-12T09:04:00Z,95.9930,0.000000,0.000000,0.000000,above_band_high
2026-07-12T09:05:00Z,95.9854,0.000000,0.000000,0.000000,above_band_high
2026-07-12T09:06:00Z,95.9976,0.000000,0.000000,0.000000,above_band_high
2026-07-12T09:07:00Z,96.0174,0.000000,0.000000,0.000000,above_band_high
2026-07-12T09:08:00Z,96.0174,0.000000,0.000000,0.000000,above_band_high
2026-07-12T09:09:00Z,96.0174,0.000000,0.000000,0.000000,above_band_high
2026-07-12T09:10:00Z,96.0479,0.000000,0.000000,0.000000,above_band_high
2026-07-12T09:11:00Z,96.0403,0.000000,0.000000,0.000000,above_band_high
2026-07-12T09:12:00Z,96.0159,0.000000,0.000000,0.000000,above_band_high
2026-07-12T09:13:00Z,96.0540,0.000000,0.000000,0.000000,above_band_high
2026-07-12T09:14:00Z,96.0632,0.000000,0.000000,0.000000,above_band_high
2026-07-12T09:15:00Z,96.0586,0.000000,0.000000,0.000000,above_band_high
2026-07-12T09:16:00Z,96.0754,0.000000,0.000000,0.000000,above_band_high
2026-07-12T09:17:00Z,96.0662,0.000000,0.000000,0.000000,above_band_high
2026-07-12T09:18:00Z,96.0571,0.000000,0.000000,0.000000,above_band_high
2026-07-12T09:19:00Z,96.0449,0.000000,0.000000,0.000000,above_band_high
2026-07-12T09:20:00Z,96.1135,0.000000,0.000000,0.000000,above_band_high
2026-07-12T09:21:00Z,96.0632,0.000000,0.000000,0.000000,above_band_high
2026-07-12T09:22:00Z,96.0708,0.000000,0.000000,0.000000,above_band_high
2026-07-12T09:23:00Z,96.0983,0.000000,0.000000,0.000000,above_band_high
2026-07-12T09:24:00Z,96.1028,0.000000,0.000000,0.000000,above_band_high
2026-07-12T09:25:00Z,96.0906,0.000000,0.000000,0.000000,above_band_high
2026-07-12T09:26:00Z,96.1212,0.000000,0.000000,0.000000,above_band_high
2026-07-12T09:27:00Z,96.0906,0.000000,0.000000,0.000000,above_band_high
2026-07-12T09:28:00Z,96.1166,0.000000,0.000000,0.000000,above_band_high
2026-07-12T09:29:00Z,96.1074,0.000000,0.000000,0.000000,above_band_high
2026-07-12T09:30:00Z,96.0906,0.000000,0.000000,0.000000,above_band_high
2026-07-12T09:31:00Z,96.0845,0.000000,0.000000,0.000000,above_band_high
2026-07-12T09:32:00Z,96.0571,0.000000,0.000000,0.000000,above_band_high
2026-07-12T09:33:00Z,96.0769,0.000000,0.000000,0.000000,above_band_high
2026-07-12T09:34:00Z,96.0586,0.000000,0.000000,0.000000,above_band_high
2026-07-12T09:35:00Z,96.0586,0.000000,0.000000,0.000000,above_band_high
2026-07-12T09:36:00Z,96.0662,0.000000,0.000000,0.000000,above_band_high
2026-07-12T09:37:00Z,96.0433,0.000000,0.000000,0.000000,above_band_high
2026-07-12T09:38:00Z,96.0616,0.000000,0.000000,0.000000,above_band_high
2026-07-12T09:39:00Z,96.0632,0.000000,0.000000,0.000000,above_band_high
2026-07-12T09:40:00Z,96.0342,0.000000,0.000000,0.000000,above_band_high
2026-07-12T09:41:00Z,96.0174,0.000000,0.000000,0.000000,above_band_high
2026-07-12T09:42:00Z,96.0586,0.000000,0.000000,0.000000,above_band_high
2026-07-12T09:43:00Z,96.0586,0.000000,0.000000,0.000000,above_band_high
2026-07-12T09:44:00Z,96.0204,0.000000,0.000000,0.000000,above_band_high
2026-07-12T09:45:00Z,96.0449,0.000000,0.000000,0.000000,above_band_high
2026-07-12T09:46:00Z,96.0266,0.000000,0.000000,0.000000,above_band_high
2026-07-12T09:47:00Z,96.0082,0.000000,0.000000,0.000000,above_band_high
2026-07-12T09:48:00Z,96.0220,0.000000,0.000000,0.000000,above_band_high
2026-07-12T09:49:00Z,96.0449,0.000000,0.000000,0.000000,above_band_high
2026-07-12T09:50:00Z,96.0388,0.000000,0.000000,0.000000,above_band_high
2026-07-12T09:51:00Z,96.0296,0.000000,0.000000,0.000000,above_band_high
2026-07-12T09:52:00Z,96.0571,0.000000,0.000000,0.000000,above_band_high
2026-07-12T09:53:00Z,96.0357,0.000000,0.000000,0.000000,above_band_high
2026-07-12T09:54:00Z,96.0159,0.000000,0.000000,0.000000,above_band_high
2026-07-12T09:55:00Z,96.0220,0.000000,0.000000,0.000000,above_band_high
2026-07-12T09:56:00Z,96.0159,0.000000,0.000000,0.000000,above_band_high
2026-07-12T09:57:00Z,96.0494,0.000000,0.000000,0.000000,above_band_high
2026-07-12T09:58:00Z,96.0433,0.000000,0.000000,0.000000,above_band_high
2026-07-12T09:59:00Z,96.0616,0.000000,0.000000,0.000000,above_band_high
2026-07-12T10:00:00Z,96.0388,0.000000,0.000000,0.000000,above_band_high
2026-07-12T10:01:00Z,96.0433,0.000000,0.000000,0.000000,above_band_high
2026-07-12T10:02:00Z,96.0708,0.000000,0.000000,0.000000,above_band_high
2026-07-12T10:03:00Z,96.0800,0.000000,0.000000,0.000000,above_band_high
2026-07-12T10:04:00Z,96.0342,0.000000,0.000000,0.000000,above_band_high
2026-07-12T10:05:00Z,96.0494,0.000000,0.000000,0.000000,above_band_high
2026-07-12T10:06:00Z,96.0571,0.000000,0.000000,0.000000,above_band_high
2026-07-12T10:07:00Z,96.0678,0.000000,0.000000,0.000000,above_band_high
2026-07-12T10:08:00Z,96.0708,0.000000,0.000000,0.000000,above_band_high
2026-07-12T10:09:00Z,96.0708,0.000000,0.000000,0.000000,above_band_high
2026-07-12T10:10:00Z,96.0616,0.000000,0.000000,0.000000,above_band_high
2026-07-12T10:11:00Z,96.0800,0.000000,0.000000,0.000000,above_band_high
2026-07-12T10:12:00Z,96.0525,0.000000,0.000000,0.000000,above_band_high
2026-07-12T10:13:00Z,96.1089,0.000000,0.000000,0.000000,above_band_high
2026-07-12T10:14:00Z,96.1089,0.000000,0.000000,0.000000,above_band_high
2026-07-12T10:15:00Z,96.1028,0.000000,0.000000,0.000000,above_band_high
2026-07-12T10:16:00Z,96.1273,0.000000,0.000000,0.000000,above_band_high
2026-07-12T10:17:00Z,96.1273,0.000000,0.000000,0.000000,above_band_high
2026-07-12T10:18:00Z,96.1715,0.000000,0.000000,0.000000,above_band_high
2026-07-12T10:19:00Z,96.1685,0.000000,0.000000,0.000000,above_band_high
2026-07-12T10:20:00Z,96.1593,0.000000,0.000000,0.000000,above_band_high
2026-07-12T10:21:00Z,96.1486,0.000000,0.000000,0.000000,above_band_high
2026-07-12T10:22:00Z,96.2081,0.000000,0.000000,0.000000,above_band_high
2026-07-12T10:23:00Z,96.1944,0.000000,0.000000,0.000000,above_band_high
2026-07-12T10:24:00Z,96.2142,0.000000,0.000000,0.000000,above_band_high
2026-07-12T10:25:00Z,96.1959,0.000000,0.000000,0.000000,above_band_high
2026-07-12T10:26:00Z,96.2051,0.000000,0.000000,0.000000,above_band_high
2026-07-12T10:27:00Z,96.2081,0.000000,0.000000,0.000000,above_band_high
2026-07-12T10:28:00Z,96.1776,0.000000,0.000000,0.000000,above_band_high
2026-07-12T10:29:00Z,96.1715,0.000000,0.000000,0.000000,above_band_high
2026-07-12T10:30:00Z,96.1212,0.000000,0.000000,0.000000,above_band_high
2026-07-12T10:31:00Z,96.1212,0.000000,0.000000,0.000000,above_band_high
2026-07-12T10:32:00Z,96.1044,0.000000,0.000000,0.000000,above_band_high
2026-07-12T10:33:00Z,96.1135,0.000000,0.000000,0.000000,above_band_high
2026-07-12T10:34:00Z,96.1028,0.000000,0.000000,0.000000,above_band_high
2026-07-12T10:35:00Z,96.0861,0.000000,0.000000,0.000000,above_band_high
2026-07-12T10:36:00Z,96.1273,0.000000,0.000000,0.000000,above_band_high
2026-07-12T10:37:00Z,96.0769,0.000000,0.000000,0.000000,above_band_high
2026-07-12T10:38:00Z,96.0616,0.000000,0.000000,0.000000,above_band_high
2026-07-12T10:39:00Z,96.0311,0.000000,0.000000,0.000000,above_band_high
2026-07-12T10:40:00Z,96.0861,0.000000,0.000000,0.000000,above_band_high
2026-07-12T10:41:00Z,96.0800,0.000000,0.000000,0.000000,above_band_high
2026-07-12T10:42:00Z,96.0525,0.000000,0.000000,0.000000,above_band_high
2026-07-12T10:43:00Z,96.0220,0.000000,0.000000,0.000000,above_band_high
2026-07-12T10:44:00Z,96.1028,0.000000,0.000000,0.000000,above_band_high
2026-07-12T10:45:00Z,96.0754,0.000000,0.000000,0.000000,above_band_high
2026-07-12T10:46:00Z,96.1074,0.000000,0.000000,0.000000,above_band_high
2026-07-12T10:47:00Z,96.0861,0.000000,0.000000,0.000000,above_band_high
2026-07-12T10:48:00Z,96.0815,0.000000,0.000000,0.000000,above_band_high
2026-07-12T10:49:00Z,96.0540,0.000000,0.000000,0.000000,above_band_high
2026-07-12T10:50:00Z,96.0616,0.000000,0.000000,0.000000,above_band_high
2026-07-12T10:51:00Z,96.1028,0.000000,0.000000,0.000000,above_band_high
2026-07-12T10:52:00Z,96.0678,0.000000,0.000000,0.000000,above_band_high
2026-07-12T10:53:00Z,96.0754,0.000000,0.000000,0.000000,above_band_high
2026-07-12T10:54:00Z,96.0800,0.000000,0.000000,0.000000,above_band_high
2026-07-12T10:55:00Z,96.0906,0.000000,0.000000,0.000000,above_band_high
2026-07-12T10:56:00Z,96.1089,0.000000,0.000000,0.000000,above_band_high
2026-07-12T10:57:00Z,96.0952,0.000000,0.000000,0.000000,above_band_high
2026-07-12T10:58:00Z,96.0754,0.000000,0.000000,0.000000,above_band_high
2026-07-12T10:59:00Z,96.1028,0.000000,0.000000,0.000000,above_band_high
2026-07-12T11:00:00Z,96.1166,0.000000,0.000000,0.000000,above_band_high
2026-07-12T11:01:00Z,96.0845,0.000000,0.000000,0.000000,above_band_high
2026-07-12T11:02:00Z,96.1212,0.000000,0.000000,0.000000,above_band_high
2026-07-12T11:03:00Z,96.1028,0.000000,0.000000,0.000000,above_band_high
2026-07-12T11:04:00Z,96.1364,0.000000,0.000000,0.000000,above_band_high
2026-07-12T11:05:00Z,96.1318,0.000000,0.000000,0.000000,above_band_high
2026-07-12T11:06:00Z,96.1486,0.000000,0.000000,0.000000,above_band_high
2026-07-12T11:07:00Z,96.1257,0.000000,0.000000,0.000000,above_band_high
2026-07-12T11:08:00Z,96.1501,0.000000,0.000000,0.000000,above_band_high
2026-07-12T11:09:00Z,96.1547,0.000000,0.000000,0.000000,above_band_high
2026-07-12T11:10:00Z,96.1639,0.000000,0.000000,0.000000,above_band_high
2026-07-12T11:11:00Z,96.1822,0.000000,0.000000,0.000000,above_band_high
2026-07-12T11:12:00Z,96.1395,0.000000,0.000000,0.000000,above_band_high
2026-07-12T11:13:00Z,96.1639,0.000000,0.000000,0.000000,above_band_high
2026-07-12T11:14:00Z,96.1669,0.000000,0.000000,0.000000,above_band_high
2026-07-12T11:15:00Z,96.2234,0.000000,0.000000,0.000000,above_band_high
2026-07-12T11:16:00Z,96.2325,0.000000,0.000000,0.000000,above_band_high
2026-07-12T11:17:00Z,96.2448,0.000000,0.000000,0.000000,above_band_high
2026-07-12T11:18:00Z,96.2371,0.000000,0.000000,0.000000,above_band_high
2026-07-12T11:19:00Z,96.2966,0.000000,0.000000,0.000000,above_band_high
2026-07-12T11:20:00Z,96.2951,0.000000,0.000000,0.000000,above_band_high
2026-07-12T11:21:00Z,96.2646,0.000000,0.000000,0.000000,above_band_high
2026-07-12T11:22:00Z,96.2768,0.000000,0.000000,0.000000,above_band_high
2026-07-12T11:23:00Z,96.3088,0.000000,0.000000,0.000000,above_band_high
2026-07-12T11:24:00Z,96.3104,0.000000,0.000000,0.000000,above_band_high
2026-07-12T11:25:00Z,96.2997,0.000000,0.000000,0.000000,above_band_high
2026-07-12T11:26:00Z,96.3104,0.000000,0.000000,0.000000,above_band_high
2026-07-12T11:27:00Z,96.2875,0.000000,0.000000,0.000000,above_band_high
2026-07-12T11:28:00Z,96.3043,0.000000,0.000000,0.000000,above_band_high
2026-07-12T11:29:00Z,96.2737,0.000000,0.000000,0.000000,above_band_high
2026-07-12T11:30:00Z,96.2829,0.000000,0.000000,0.000000,above_band_high
2026-07-12T11:31:00Z,96.2692,0.000000,0.000000,0.000000,above_band_high
2026-07-12T11:32:00Z,96.2417,0.000000,0.000000,0.000000,above_band_high
2026-07-12T11:33:00Z,96.2325,0.000000,0.000000,0.000000,above_band_high
2026-07-12T11:34:00Z,96.2310,0.000000,0.000000,0.000000,above_band_high
2026-07-12T11:35:00Z,96.2188,0.000000,0.000000,0.000000,above_band_high
2026-07-12T11:36:00Z,96.2081,0.000000,0.000000,0.000000,above_band_high
2026-07-12T11:37:00Z,96.1959,0.000000,0.000000,0.000000,above_band_high
2026-07-12T11:38:00Z,96.2051,0.000000,0.000000,0.000000,above_band_high
2026-07-12T11:39:00Z,96.2081,0.000000,0.000000,0.000000,above_band_high
2026-07-12T11:40:00Z,96.1913,0.000000,0.000000,0.000000,above_band_high
2026-07-12T11:41:00Z,96.1715,0.000000,0.000000,0.000000,above_band_high
2026-07-12T11:42:00Z,96.1624,0.000000,0.000000,0.000000,above_band_high
2026-07-12T11:43:00Z,96.1669,0.000000,0.000000,0.000000,above_band_high
2026-07-12T11:44:00Z,96.1547,0.000000,0.000000,0.000000,above_band_high
2026-07-12T11:45:00Z,96.2005,0.000000,0.000000,0.000000,above_band_high
2026-07-12T11:46:00Z,96.1898,0.000000,0.000000,0.000000,above_band_high
2026-07-12T11:47:00Z,96.1532,0.000000,0.000000,0.000000,above_band_high
2026-07-12T11:48:00Z,96.1456,0.000000,0.000000,0.000000,above_band_high
2026-07-12T11:49:00Z,96.1532,0.000000,0.000000,0.000000,above_band_high
2026-07-12T11:50:00Z,96.1395,0.000000,0.000000,0.000000,above_band_high
2026-07-12T11:51:00Z,96.1547,0.000000,0.000000,0.000000,above_band_high
2026-07-12T11:52:00Z,96.1532,0.000000,0.000000,0.000000,above_band_high
2026-07-12T11:53:00Z,96.1410,0.000000,0.000000,0.000000,above_band_high
2026-07-12T11:54:00Z,96.1135,0.000000,0.000000,0.000000,above_band_high
2026-07-12T11:55:00Z,96.1486,0.000000,0.000000,0.000000,above_band_high
2026-07-12T11:56:00Z,96.1440,0.000000,0.000000,0.000000,above_band_high
2026-07-12T11:57:00Z,96.1395,0.000000,0.000000,0.000000,above_band_high
2026-07-12T11:58:00Z,96.1120,0.000000,0.000000,0.000000,above_band_high
2026-07-12T11:59:00Z,96.1028,0.000000,0.000000,0.000000,above_band_high
2026-07-12T12:00:00Z,96.0662,0.000000,0.000000,0.000000,above_band_high
2026-07-12T12:01:00Z,96.1028,0.000000,0.000000,0.000000,above_band_high
2026-07-12T12:02:00Z,96.1181,0.000000,0.000000,0.000000,above_band_high
2026-07-12T12:03:00Z,96.0662,0.000000,0.000000,0.000000,above_band_high
2026-07-12T12:04:00Z,96.0861,0.000000,0.000000,0.000000,above_band_high
2026-07-12T12:05:00Z,96.0525,0.000000,0.000000,0.000000,above_band_high
2026-07-12T12:06:00Z,96.0494,0.000000,0.000000,0.000000,above_band_high
2026-07-12T12:07:00Z,96.0723,0.000000,0.000000,0.000000,above_band_high
2026-07-12T12:08:00Z,96.0586,0.000000,0.000000,0.000000,above_band_high
2026-07-12T12:09:00Z,96.0525,0.000000,0.000000,0.000000,above_band_high
2026-07-12T12:10:00Z,96.0800,0.000000,0.000000,0.000000,above_band_high
2026-07-12T12:11:00Z,96.0296,0.000000,0.000000,0.000000,above_band_high
2026-07-12T12:12:00Z,96.0220,0.000000,0.000000,0.000000,above_band_high
2026-07-12T12:13:00Z,96.0174,0.000000,0.000000,0.000000,above_band_high
2026-07-12T12:14:00Z,96.0571,0.000000,0.000000,0.000000,above_band_high
2026-07-12T12:15:00Z,96.0433,0.000000,0.000000,0.000000,above_band_high
2026-07-12T12:16:00Z,96.0357,0.000000,0.000000,0.000000,above_band_high
2026-07-12T12:17:00Z,96.0159,0.000000,0.000000,0.000000,above_band_high
2026-07-12T12:18:00Z,96.0342,0.000000,0.000000,0.000000,above_band_high
2026-07-12T12:19:00Z,96.0250,0.000000,0.000000,0.000000,above_band_high
2026-07-12T12:20:00Z,96.0494,0.000000,0.000000,0.000000,above_band_high
2026-07-12T12:21:00Z,96.0296,0.000000,0.000000,0.000000,above_band_high
2026-07-12T12:22:00Z,96.0616,0.000000,0.000000,0.000000,above_band_high
2026-07-12T12:23:00Z,96.0708,0.000000,0.000000,0.000000,above_band_high
2026-07-12T12:24:00Z,96.0662,0.000000,0.000000,0.000000,above_band_high
2026-07-12T12:25:00Z,96.0616,0.000000,0.000000,0.000000,above_band_high
2026-07-12T12:26:00Z,96.0220,0.000000,0.000000,0.000000,above_band_high
2026-07-12T12:27:00Z,96.0632,0.000000,0.000000,0.000000,above_band_high
2026-07-12T12:28:00Z,96.0403,0.000000,0.000000,0.000000,above_band_high
2026-07-12T12:29:00Z,96.0113,0.000000,0.000000,0.000000,above_band_high
2026-07-12T12:30:00Z,95.9930,0.000000,0.000000,0.000000,above_band_high
2026-07-12T12:31:00Z,95.9930,0.000000,0.000000,0.000000,above_band_high
2026-07-12T12:32:00Z,95.9884,0.000000,0.000000,0.000000,above_band_high
2026-07-12T12:33:00Z,95.9518,0.000000,0.000000,0.000000,above_band_high
2026-07-12T12:34:00Z,95.9625,0.000000,0.000000,0.000000,above_band_high
2026-07-12T12:35:00Z,95.9808,0.000000,0.000000,0.000000,above_band_high
2026-07-12T12:36:00Z,95.9533,0.000000,0.000000,0.000000,above_band_high
2026-07-12T12:37:00Z,95.9426,0.000000,0.000000,0.000000,above_band_high
2026-07-12T12:38:00Z,95.9808,0.000000,0.000000,0.000000,above_band_high
2026-07-12T12:39:00Z,95.9609,0.000000,0.000000,0.000000,above_band_high
2026-07-12T12:40:00Z,95.9884,0.000000,0.000000,0.000000,above_band_high
2026-07-12T12:41:00Z,95.9350,0.000000,0.000000,0.000000,above_band_high
2026-07-12T12:42:00Z,95.9609,0.000000,0.000000,0.000000,above_band_high
2026-07-12T12:43:00Z,95.9716,0.000000,0.000000,0.000000,above_band_high
2026-07-12T12:44:00Z,95.9854,0.000000,0.000000,0.000000,above_band_high
2026-07-12T12:45:00Z,95.9747,0.000000,0.000000,0.000000,above_band_high
2026-07-12T12:46:00Z,95.9716,0.000000,0.000000,0.000000,above_band_high
2026-07-12T12:47:00Z,95.9854,0.000000,0.000000,0.000000,above_band_high
2026-07-12T12:48:00Z,95.9579,0.000000,0.000000,0.000000,above_band_high
2026-07-12T12:49:00Z,95.9518,0.000000,0.000000,0.000000,above_band_high
2026-07-12T12:50:00Z,96.0128,0.000000,0.000000,0.000000,above_band_high
2026-07-12T12:51:00Z,95.9808,0.000000,0.000000,0.000000,above_band_high
2026-07-12T12:52:00Z,95.9396,0.000000,0.000000,0.000000,above_band_high
2026-07-12T12:53:00Z,95.9579,0.000000,0.000000,0.000000,above_band_high
2026-07-12T12:54:00Z,95.9625,0.000000,0.000000,0.000000,above_band_high
2026-07-12T12:55:00Z,95.9716,0.000000,0.000000,0.000000,above_band_high
2026-07-12T12:56:00Z,95.9167,0.000000,0.000000,0.000000,above_band_high
2026-07-12T12:57:00Z,95.9670,0.000000,0.000000,0.000000,above_band_high
2026-07-12T12:58:00Z,95.9396,0.000000,0.000000,0.000000,above_band_high
2026-07-12T12:59:00Z,95.9167,0.000000,0.000000,0.000000,above_band_high
2026-07-12T13:00:00Z,95.9121,0.000000,0.000000,0.000000,above_band_high
2026-07-12T13:01:00Z,95.9060,0.000000,0.000000,0.000000,above_band_high
2026-07-12T13:02:00Z,95.9258,0.000000,0.000000,0.000000,above_band_high
2026-07-12T13:03:00Z,95.9442,0.000000,0.000000,0.000000,above_band_high
2026-07-12T13:04:00Z,95.9030,0.000000,0.000000,0.000000,above_band_high
2026-07-12T13:05:00Z,95.9030,0.000000,0.000000,0.000000,above_band_high
2026-07-12T13:06:00Z,95.9167,0.000000,0.000000,0.000000,above_band_high
2026-07-12T13:07:00Z,95.9472,0.000000,0.000000,0.000000,above_band_high
2026-07-12T13:08:00Z,95.8846,0.000000,0.000000,0.000000,above_band_high
2026-07-12T13:09:00Z,95.9579,0.000000,0.000000,0.000000,above_band_high
2026-07-12T13:10:00Z,95.9350,0.000000,0.000000,0.000000,above_band_high
2026-07-12T13:11:00Z,95.9121,0.000000,0.000000,0.000000,above_band_high
2026-07-12T13:12:00Z,95.8831,0.000000,0.000000,0.000000,above_band_high
2026-07-12T13:13:00Z,95.9167,0.000000,0.000000,0.000000,above_band_high
2026-07-12T13:14:00Z,95.9289,0.000000,0.000000,0.000000,above_band_high
2026-07-12T13:15:00Z,95.9243,0.000000,0.000000,0.000000,above_band_high
2026-07-12T13:16:00Z,95.9304,0.000000,0.000000,0.000000,above_band_high
2026-07-12T13:17:00Z,95.9472,0.000000,0.000000,0.000000,above_band_high
2026-07-12T13:18:00Z,95.9579,0.000000,0.000000,0.000000,above_band_high
2026-07-12T13:19:00Z,95.9075,0.000000,0.000000,0.000000,above_band_high
2026-07-12T13:20:00Z,95.9396,0.000000,0.000000,0.000000,above_band_high
2026-07-12T13:21:00Z,95.9396,0.000000,0.000000,0.000000,above_band_high
2026-07-12T13:22:00Z,95.9350,0.000000,0.000000,0.000000,above_band_high
2026-07-12T13:23:00Z,95.9609,0.000000,0.000000,0.000000,above_band_high
2026-07-12T13:24:00Z,95.9289,0.000000,0.000000,0.000000,above_band_high
2026-07-12T13:25:00Z,95.9930,0.000000,0.000000,0.000000,above_band_high
2026-07-12T13:26:00Z,95.9350,0.000000,0.000000,0.000000,above_band_high
2026-07-12T13:27:00Z,95.9670,0.000000,0.000000,0.000000,above_band_high
2026-07-12T13:28:00Z,95.9701,0.000000,0.000000,0.000000,above_band_high
2026-07-12T13:29:00Z,95.9442,0.000000,0.000000,0.000000,above_band_high
2026-07-12T13:30:00Z,95.9380,0.000000,0.000000,0.000000,above_band_high
2026-07-12T13:31:00Z,95.9655,0.000000,0.000000,0.000000,above_band_high
2026-07-12T13:32:00Z,95.9350,0.000000,0.000000,0.000000,above_band_high
2026-07-12T13:33:00Z,95.9289,0.000000,0.000000,0.000000,above_band_high
2026-07-12T13:34:00Z,95.9030,0.000000,0.000000,0.000000,above_band_high
2026-07-12T13:35:00Z,95.9167,0.000000,0.000000,0.000000,above_band_high
2026-07-12T13:36:00Z,95.9121,0.000000,0.000000,0.000000,above_band_high
2026-07-12T13:37:00Z,95.9030,0.000000,0.000000,0.000000,above_band_high
2026-07-12T13:38:00Z,95.8968,0.000000,0.000000,0.000000,above_band_high
2026-07-12T13:39:00Z,95.8831,0.000000,0.000000,0.000000,above_band_high
2026-07-12T13:40:00Z,95.8938,0.000000,0.000000,0.000000,above_band_high
2026-07-12T13:41:00Z,95.9060,0.000000,0.000000,0.000000,above_band_high
2026-07-12T13:42:00Z,95.8511,0.000000,0.000000,0.000000,above_band_high
2026-07-12T13:43:00Z,95.9243,0.000000,0.000000,0.000000,above_band_high
2026-07-12T13:44:00Z,95.9197,0.000000,0.000000,0.000000,above_band_high
2026-07-12T13:45:00Z,95.8846,0.000000,0.000000,0.000000,above_band_high
2026-07-12T13:46:00Z,95.9030,0.000000,0.000000,0.000000,above_band_high
2026-07-12T13:47:00Z,95.9426,0.000000,0.000000,0.000000,above_band_high
2026-07-12T13:48:00Z,95.8968,0.000000,0.000000,0.000000,above_band_high
2026-07-12T13:49:00Z,95.9380,0.000000,0.000000,0.000000,above_band_high
2026-07-12T13:50:00Z,95.9060,0.000000,0.000000,0.000000,above_band_high
2026-07-12T13:51:00Z,95.9380,0.000000,0.000000,0.000000,above_band_high
2026-07-12T13:52:00Z,95.9030,0.000000,0.000000,0.000000,above_band_high
2026-07-12T13:53:00Z,95.9167,0.000000,0.000000,0.000000,above_band_high
2026-07-12T13:54:00Z,95.9060,0.000000,0.000000,0.000000,above_band_high
2026-07-12T13:55:00Z,95.9289,0.000000,0.000000,0.000000,above_band_high
2026-07-12T13:56:00Z,95.8892,0.000000,0.000000,0.000000,above_band_high
2026-07-12T13:57:00Z,95.9014,0.000000,0.000000,0.000000,above_band_high
2026-07-12T13:58:00Z,95.9014,0.000000,0.000000,0.000000,above_band_high
2026-07-12T13:59:00Z,95.9060,0.000000,0.000000,0.000000,above_band_high
2026-07-12T14:00:00Z,95.9121,0.000000,0.000000,0.000000,above_band_high
2026-07-12T14:01:00Z,95.9304,0.000000,0.000000,0.000000,above_band_high
2026-07-12T14:02:00Z,95.9030,0.000000,0.000000,0.000000,above_band_high
2026-07-12T14:03:00Z,95.8694,0.000000,0.000000,0.000000,above_band_high
2026-07-12T14:04:00Z,95.8785,0.000000,0.000000,0.000000,above_band_high
2026-07-12T14:05:00Z,95.8663,0.000000,0.000000,0.000000,above_band_high
2026-07-12T14:06:00Z,95.8877,0.000000,0.000000,0.000000,above_band_high
2026-07-12T14:07:00Z,95.8938,0.000000,0.000000,0.000000,above_band_high
2026-07-12T14:08:00Z,95.8618,0.000000,0.000000,0.000000,above_band_high
2026-07-12T14:09:00Z,95.8663,0.000000,0.000000,0.000000,above_band_high
2026-07-12T14:10:00Z,95.8938,0.000000,0.000000,0.000000,above_band_high
2026-07-12T14:11:00Z,95.9213,0.000000,0.000000,0.000000,above_band_high
2026-07-12T14:12:00Z,95.8877,0.000000,0.000000,0.000000,above_band_high
2026-07-12T14:13:00Z,95.8892,0.000000,0.000000,0.000000,above_band_high
2026-07-12T14:14:00Z,95.8968,0.000000,0.000000,0.000000,above_band_high
2026-07-12T14:15:00Z,95.8968,0.000000,0.000000,0.000000,above_band_high
2026-07-12T14:16:00Z,95.8877,0.000000,0.000000,0.000000,above_band_high
2026-07-12T14:17:00Z,95.8938,0.000000,0.000000,0.000000,above_band_high
2026-07-12T14:18:00Z,95.8740,0.000000,0.000000,0.000000,above_band_high
2026-07-12T14:19:00Z,95.8892,0.000000,0.000000,0.000000,above_band_high
2026-07-12T14:20:00Z,95.8892,0.000000,0.000000,0.000000,above_band_high
2026-07-12T14:21:00Z,95.8785,0.000000,0.000000,0.000000,above_band_high
2026-07-12T14:22:00Z,95.8923,0.000000,0.000000,0.000000,above_band_high
2026-07-12T14:23:00Z,95.8968,0.000000,0.000000,0.000000,above_band_high
2026-07-12T14:24:00Z,95.9121,0.000000,0.000000,0.000000,above_band_high
2026-07-12T14:25:00Z,95.9167,0.000000,0.000000,0.000000,above_band_high
2026-07-12T14:26:00Z,95.8831,0.000000,0.000000,0.000000,above_band_high
2026-07-12T14:27:00Z,95.8892,0.000000,0.000000,0.000000,above_band_high
2026-07-12T14:28:00Z,95.9075,0.000000,0.000000,0.000000,above_band_high
2026-07-12T14:29:00Z,95.9014,0.000000,0.000000,0.000000,above_band_high
2026-07-12T14:30:00Z,95.8434,0.000000,0.000000,0.000000,above_band_high
2026-07-12T14:31:00Z,95.8434,0.000000,0.000000,0.000000,above_band_high
2026-07-12T14:32:00Z,95.8099,0.000000,0.000000,0.000000,above_band_high
2026-07-12T14:33:00Z,95.8251,0.000000,0.000000,0.000000,above_band_high
2026-07-12T14:34:00Z,95.8053,0.000000,0.000000,0.000000,above_band_high
2026-07-12T14:35:00Z,95.8282,0.000000,0.000000,0.000000,above_band_high
2026-07-12T14:36:00Z,95.8022,0.000000,0.000000,0.000000,above_band_high
2026-07-12T14:37:00Z,95.8328,0.000000,0.000000,0.000000,above_band_high
2026-07-12T14:38:00Z,95.8328,0.000000,0.000000,0.000000,above_band_high
2026-07-12T14:39:00Z,95.8328,0.000000,0.000000,0.000000,above_band_high
2026-07-12T14:40:00Z,95.8099,0.000000,0.000000,0.000000,above_band_high
2026-07-12T14:41:00Z,95.8328,0.000000,0.000000,0.000000,above_band_high
2026-07-12T14:42:00Z,95.8526,0.000000,0.000000,0.000000,above_band_high
2026-07-12T14:43:00Z,95.8206,0.000000,0.000000,0.000000,above_band_high
2026-07-12T14:44:00Z,95.8251,0.000000,0.000000,0.000000,above_band_high
2026-07-12T14:45:00Z,95.8190,0.000000,0.000000,0.000000,above_band_high
2026-07-12T14:46:00Z,95.8434,0.000000,0.000000,0.000000,above_band_high
2026-07-12T14:47:00Z,95.8022,0.000000,0.000000,0.000000,above_band_high
2026-07-12T14:48:00Z,95.7977,0.000000,0.000000,0.000000,above_band_high
2026-07-12T14:49:00Z,95.8068,0.000000,0.000000,0.000000,above_band_high
2026-07-12T14:50:00Z,95.8145,0.000000,0.000000,0.000000,above_band_high
2026-07-12T14:51:00Z,95.7748,0.000000,0.000000,0.000000,above_band_high
2026-07-12T14:52:00Z,95.8190,0.000000,0.000000,0.000000,above_band_high
2026-07-12T14:53:00Z,95.7794,0.000000,0.000000,0.000000,above_band_high
2026-07-12T14:54:00Z,95.7931,0.000000,0.000000,0.000000,above_band_high
2026-07-12T14:55:00Z,95.7870,0.000000,0.000000,0.000000,above_band_high
2026-07-12T14:56:00Z,95.7687,0.000000,0.000000,0.000000,above_band_high
2026-07-12T14:57:00Z,95.7839,0.000000,0.000000,0.000000,above_band_high
2026-07-12T14:58:00Z,95.7870,0.000000,0.000000,0.000000,above_band_high
2026-07-12T14:59:00Z,95.7839,0.000000,0.000000,0.000000,above_band_high
2026-07-12T15:00:00Z,95.7839,0.000000,0.000000,0.000000,above_band_high
2026-07-12T15:01:00Z,95.7519,0.000000,0.000000,0.000000,above_band_high
2026-07-12T15:02:00Z,95.7610,0.000000,0.000000,0.000000,above_band_high
2026-07-12T15:03:00Z,95.7794,0.000000,0.000000,0.000000,above_band_high
2026-07-12T15:04:00Z,95.7870,0.000000,0.000000,0.000000,above_band_high
2026-07-12T15:05:00Z,95.7656,0.000000,0.000000,0.000000,above_band_high
2026-07-12T15:06:00Z,95.7687,0.000000,0.000000,0.000000,above_band_high
2026-07-12T15:07:00Z,95.7977,0.000000,0.000000,0.000000,above_band_high
2026-07-12T15:08:00Z,95.7519,0.000000,0.000000,0.000000,above_band_high
2026-07-12T15:09:00Z,95.7733,0.000000,0.000000,0.000000,above_band_high
2026-07-12T15:10:00Z,95.7412,0.000000,0.000000,0.000000,above_band_high
2026-07-12T15:11:00Z,95.7610,0.000000,0.000000,0.000000,above_band_high
2026-07-12T15:12:00Z,95.7870,0.000000,0.000000,0.000000,above_band_high
2026-07-12T15:13:00Z,95.7473,0.000000,0.000000,0.000000,above_band_high
2026-07-12T15:14:00Z,95.7748,0.000000,0.000000,0.000000,above_band_high
2026-07-12T15:15:00Z,95.7977,0.000000,0.000000,0.000000,above_band_high
2026-07-12T15:16:00Z,95.7794,0.000000,0.000000,0.000000,above_band_high
2026-07-12T15:17:00Z,95.7687,0.000000,0.000000,0.000000,above_band_high
2026-07-12T15:18:00Z,95.7870,0.000000,0.000000,0.000000,above_band_high
2026-07-12T15:19:00Z,95.7916,0.000000,0.000000,0.000000,above_band_high
2026-07-12T15:20:00Z,95.7641,0.000000,0.000000,0.000000,above_band_high
2026-07-12T15:21:00Z,95.7778,0.000000,0.000000,0.000000,above_band_high
2026-07-12T15:22:00Z,95.7778,0.000000,0.000000,0.000000,above_band_high
2026-07-12T15:23:00Z,95.7641,0.000000,0.000000,0.000000,above_band_high
2026-07-12T15:24:00Z,95.7687,0.000000,0.000000,0.000000,above_band_high
2026-07-12T15:25:00Z,95.7687,0.000000,0.000000,0.000000,above_band_high
2026-07-12T15:26:00Z,95.7458,0.000000,0.000000,0.000000,above_band_high
2026-07-12T15:27:00Z,95.7977,0.000000,0.000000,0.000000,above_band_high
2026-07-12T15:28:00Z,95.7412,0.000000,0.000000,0.000000,above_band_high
2026-07-12T15:29:00Z,95.7321,0.000000,0.000000,0.000000,above_band_high
2026-07-12T15:30:00Z,95.7519,0.000000,0.000000,0.000000,above_band_high
2026-07-12T15:31:00Z,95.7244,0.000000,0.000000,0.000000,above_band_high
2026-07-12T15:32:00Z,95.7244,0.000000,0.000000,0.000000,above_band_high
2026-07-12T15:33:00Z,95.7153,0.000000,0.000000,0.000000,above_band_high
2026-07-12T15:34:00Z,95.7000,0.000000,0.000000,0.000000,above_band_high
2026-07-12T15:35:00Z,95.7244,0.000000,0.000000,0.000000,above_band_high
2026-07-12T15:36:00Z,95.7061,0.000000,0.000000,0.000000,above_band_high
2026-07-12T15:37:00Z,95.7000,0.000000,0.000000,0.000000,above_band_high
2026-07-12T15:38:00Z,95.7153,0.000000,0.000000,0.000000,above_band_high
2026-07-12T15:39:00Z,95.7275,0.000000,0.000000,0.000000,above_band_high
2026-07-12T15:40:00Z,95.7107,0.000000,0.000000,0.000000,above_band_high
2026-07-12T15:41:00Z,95.7198,0.000000,0.000000,0.000000,above_band_high
2026-07-12T15:42:00Z,95.7549,0.000000,0.000000,0.000000,above_band_high
2026-07-12T15:43:00Z,95.7321,0.000000,0.000000,0.000000,above_band_high
2026-07-12T15:44:00Z,95.7000,0.000000,0.000000,0.000000,above_band_high
2026-07-12T15:45:00Z,95.7153,0.000000,0.000000,0.000000,above_band_high
2026-07-12T15:46:00Z,95.7275,0.000000,0.000000,0.000000,above_band_high
2026-07-12T15:47:00Z,95.7275,0.000000,0.000000,0.000000,above_band_high
2026-07-12T15:48:00Z,95.7382,0.000000,0.000000,0.000000,above_band_high
2026-07-12T15:49:00Z,95.7061,0.000000,0.000000,0.000000,above_band_high
2026-07-12T15:50:00Z,95.6954,0.000000,0.000000,0.000000,above_band_high
2026-07-12T15:51:00Z,95.6695,0.000000,0.000000,0.000000,above_band_high
2026-07-12T15:52:00Z,95.7061,0.000000,0.000000,0.000000,above_band_high
2026-07-12T15:53:00Z,95.7061,0.000000,0.000000,0.000000,above_band_high
2026-07-12T15:54:00Z,95.6924,0.000000,0.000000,0.000000,above_band_high
2026-07-12T15:55:00Z,95.7046,0.000000,0.000000,0.000000,above_band_high
2026-07-12T15:56:00Z,95.7061,0.000000,0.000000,0.000000,above_band_high
2026-07-12T15:57:00Z,95.6924,0.000000,0.000000,0.000000,above_band_high
2026-07-12T15:58:00Z,95.7198,0.000000,0.000000,0.000000,above_band_high
2026-07-12T15:59:00Z,95.6405,0.000000,0.000000,0.000000,above_band_high
2026-07-12T16:00:00Z,95.7046,0.000000,0.000000,0.000000,above_band_high
2026-07-12T16:01:00Z,95.6817,0.000000,0.000000,0.000000,above_band_high
2026-07-12T16:02:00Z,95.6512,0.000000,0.000000,0.000000,above_band_high
2026-07-12T16:03:00Z,95.6695,0.000000,0.000000,0.000000,above_band_high
2026-07-12T16:04:00Z,95.6542,0.000000,0.000000,0.000000,above_band_high
2026-07-12T16:05:00Z,95.6863,0.000000,0.000000,0.000000,above_band_high
2026-07-12T16:06:00Z,95.6451,0.000000,0.000000,0.000000,above_band_high
2026-07-12T16:07:00Z,95.6771,0.000000,0.000000,0.000000,above_band_high
2026-07-12T16:08:00Z,95.6680,0.000000,0.000000,0.000000,above_band_high
2026-07-12T16:09:00Z,95.6466,0.000000,0.000000,0.000000,above_band_high
2026-07-12T16:10:00Z,95.6329,0.000000,0.000000,0.000000,above_band_high
2026-07-12T16:11:00Z,95.6191,0.000000,0.000000,0.000000,above_band_high
2026-07-12T16:12:00Z,95.6451,0.000000,0.000000,0.000000,above_band_high
2026-07-12T16:13:00Z,95.6054,0.000000,0.000000,0.000000,above_band_high
2026-07-12T16:14:00Z,95.6283,0.000000,0.000000,0.000000,above_band_high
2026-07-12T16:15:00Z,95.6359,0.000000,0.000000,0.000000,above_band_high
2026-07-12T16:16:00Z,95.6634,0.000000,0.000000,0.000000,above_band_high
2026-07-12T16:17:00Z,95.6878,0.000000,0.000000,0.000000,above_band_high
2026-07-12T16:18:00Z,95.6466,0.000000,0.000000,0.000000,above_band_high
2026-07-12T16:19:00Z,95.6741,0.000000,0.000000,0.000000,above_band_high
2026-07-12T16:20:00Z,95.6817,0.000000,0.000000,0.000000,above_band_high
2026-07-12T16:21:00Z,95.6863,0.000000,0.000000,0.000000,above_band_high
2026-07-12T16:22:00Z,95.6924,0.000000,0.000000,0.000000,above_band_high
2026-07-12T16:23:00Z,95.7107,0.000000,0.000000,0.000000,above_band_high
2026-07-12T16:24:00Z,95.6588,0.000000,0.000000,0.000000,above_band_high
2026-07-12T16:25:00Z,95.6542,0.000000,0.000000,0.000000,above_band_high
2026-07-12T16:26:00Z,95.6283,0.000000,0.000000,0.000000,above_band_high
2026-07-12T16:27:00Z,95.7153,0.000000,0.000000,0.000000,above_band_high
2026-07-12T16:28:00Z,95.6695,0.000000,0.000000,0.000000,above_band_high
2026-07-12T16:29:00Z,95.6497,0.000000,0.000000,0.000000,above_band_high
2026-07-12T16:30:00Z,95.6359,0.000000,0.000000,0.000000,above_band_high
2026-07-12T16:31:00Z,95.6359,0.000000,0.000000,0.000000,above_band_high
2026-07-12T16:32:00Z,95.6634,0.000000,0.000000,0.000000,above_band_high
2026-07-12T16:33:00Z,95.6466,0.000000,0.000000,0.000000,above_band_high
2026-07-12T16:34:00Z,95.6558,0.000000,0.000000,0.000000,above_band_high
2026-07-12T16:35:00Z,95.6466,0.000000,0.000000,0.000000,above_band_high
2026-07-12T16:36:00Z,95.6512,0.000000,0.000000,0.000000,above_band_high
2026-07-12T16:37:00Z,95.6649,0.000000,0.000000,0.000000,above_band_high
2026-07-12T16:38:00Z,95.6741,0.000000,0.000000,0.000000,above_band_high
2026-07-12T16:39:00Z,95.6878,0.000000,0.000000,0.000000,above_band_high
2026-07-12T16:40:00Z,95.6695,0.000000,0.000000,0.000000,above_band_high
2026-07-12T16:41:00Z,95.6878,0.000000,0.000000,0.000000,above_band_high
2026-07-12T16:42:00Z,95.6817,0.000000,0.000000,0.000000,above_band_high
2026-07-12T16:43:00Z,95.6832,0.000000,0.000000,0.000000,above_band_high
2026-07-12T16:44:00Z,95.6832,0.000000,0.000000,0.000000,above_band_high
2026-07-12T16:45:00Z,95.6832,0.000000,0.000000,0.000000,above_band_high
2026-07-12T16:46:00Z,95.6497,0.000000,0.000000,0.000000,above_band_high
2026-07-12T16:47:00Z,95.6588,0.000000,0.000000,0.000000,above_band_high
2026-07-12T16:48:00Z,95.6420,0.000000,0.000000,0.000000,above_band_high
2026-07-12T16:49:00Z,95.6909,0.000000,0.000000,0.000000,above_band_high
2026-07-12T16:50:00Z,95.6741,0.000000,0.000000,0.000000,above_band_high
2026-07-12T16:51:00Z,95.6329,0.000000,0.000000,0.000000,above_band_high
2026-07-12T16:52:00Z,95.6634,0.000000,0.000000,0.000000,above_band_high
2026-07-12T16:53:00Z,95.6588,0.000000,0.000000,0.000000,above_band_high
2026-07-12T16:54:00Z,95.6924,0.000000,0.000000,0.000000,above_band_high
2026-07-12T16:55:00Z,95.6451,0.000000,0.000000,0.000000,above_band_high
2026-07-12T16:56:00Z,95.6420,0.000000,0.000000,0.000000,above_band_high
2026-07-12T16:57:00Z,95.6558,0.000000,0.000000,0.000000,above_band_high
2026-07-12T16:58:00Z,95.6313,0.000000,0.000000,0.000000,above_band_high
2026-07-12T16:59:00Z,95.6558,0.000000,0.000000,0.000000,above_band_high
2026-07-12T17:00:00Z,95.6451,0.000000,0.000000,0.000000,above_band_high
2026-07-12T17:01:00Z,95.6451,0.000000,0.000000,0.000000,above_band_high
2026-07-12T17:02:00Z,95.6405,0.000000,0.000000,0.000000,above_band_high
2026-07-12T17:03:00Z,95.6222,0.000000,0.000000,0.000000,above_band_high
2026-07-12T17:04:00Z,95.6313,0.000000,0.000000,0.000000,above_band_high
2026-07-12T17:05:00Z,95.6054,0.000000,0.000000,0.000000,above_band_high
2026-07-12T17:06:00Z,95.6451,0.000000,0.000000,0.000000,above_band_high
2026-07-12T17:07:00Z,95.5871,0.000000,0.000000,0.000000,above_band_high
2026-07-12T17:08:00Z,95.6039,0.000000,0.000000,0.000000,above_band_high
2026-07-12T17:09:00Z,95.6054,0.000000,0.000000,0.000000,above_band_high
2026-07-12T17:10:00Z,95.6100,0.000000,0.000000,0.000000,above_band_high
2026-07-12T17:11:00Z,95.6237,0.000000,0.000000,0.000000,above_band_high
2026-07-12T17:12:00Z,95.6237,0.000000,0.000000,0.000000,above_band_high
2026-07-12T17:13:00Z,95.5825,0.000000,0.000000,0.000000,above_band_high
2026-07-12T17:14:00Z,95.6329,0.000000,0.000000,0.000000,above_band_high
2026-07-12T17:15:00Z,95.6100,0.000000,0.000000,0.000000,above_band_high
2026-07-12T17:16:00Z,95.6588,0.000000,0.000000,0.000000,above_band_high
2026-07-12T17:17:00Z,95.6329,0.000000,0.000000,0.000000,above_band_high
2026-07-12T17:18:00Z,95.6512,0.000000,0.000000,0.000000,above_band_high
2026-07-12T17:19:00Z,95.6176,0.000000,0.000000,0.000000,above_band_high
2026-07-12T17:20:00Z,95.6374,0.000000,0.000000,0.000000,above_band_high
2026-07-12T17:21:00Z,95.6725,0.000000,0.000000,0.000000,above_band_high
2026-07-12T17:22:00Z,95.6588,0.000000,0.000000,0.000000,above_band_high
2026-07-12T17:23:00Z,95.6924,0.000000,0.000000,0.000000,above_band_high
2026-07-12T17:24:00Z,95.6771,0.000000,0.000000,0.000000,above_band_high
2026-07-12T17:25:00Z,95.6649,0.000000,0.000000,0.000000,above_band_high
2026-07-12T17:26:00Z,95.6817,0.000000,0.000000,0.000000,above_band_high
2026-07-12T17:27:00Z,95.6786,0.000000,0.000000,0.000000,above_band_high
2026-07-12T17:28:00Z,95.6817,0.000000,0.000000,0.000000,above_band_high
2026-07-12T17:29:00Z,95.7153,0.000000,0.000000,0.000000,above_band_high
2026-07-12T17:30:00Z,95.7275,0.000000,0.000000,0.000000,above_band_high
2026-07-12T17:31:00Z,95.6649,0.000000,0.000000,0.000000,above_band_high
2026-07-12T17:32:00Z,95.6695,0.000000,0.000000,0.000000,above_band_high
2026-07-12T17:33:00Z,95.6649,0.000000,0.000000,0.000000,above_band_high
2026-07-12T17:34:00Z,95.6634,0.000000,0.000000,0.000000,above_band_high
2026-07-12T17:35:00Z,95.6466,0.000000,0.000000,0.000000,above_band_high
2026-07-12T17:36:00Z,95.6451,0.000000,0.000000,0.000000,above_band_high
2026-07-12T17:37:00Z,95.6695,0.000000,0.000000,0.000000,above_band_high
2026-07-12T17:38:00Z,95.6725,0.000000,0.000000,0.000000,above_band_high
2026-07-12T17:39:00Z,95.6863,0.000000,0.000000,0.000000,above_band_high
2026-07-12T17:40:00Z,95.6695,0.000000,0.000000,0.000000,above_band_high
2026-07-12T17:41:00Z,95.6786,0.000000,0.000000,0.000000,above_band_high
2026-07-12T17:42:00Z,95.6817,0.000000,0.000000,0.000000,above_band_high
2026-07-12T17:43:00Z,95.6695,0.000000,0.000000,0.000000,above_band_high
2026-07-12T17:44:00Z,95.6451,0.000000,0.000000,0.000000,above_band_high
2026-07-12T17:45:00Z,95.6451,0.000000,0.000000,0.000000,above_band_high
2026-07-12T17:46:00Z,95.6451,0.000000,0.000000,0.000000,above_band_high
2026-07-12T17:47:00Z,95.6649,0.000000,0.000000,0.000000,above_band_high
2026-07-12T17:48:00Z,95.6649,0.000000,0.000000,0.000000,above_band_high
2026-07-12T17:49:00Z,95.6451,0.000000,0.000000,0.000000,above_band_high
2026-07-12T17:50:00Z,95.6283,0.000000,0.000000,0.000000,above_band_high
2026-07-12T17:51:00Z,95.6558,0.000000,0.000000,0.000000,above_band_high
2026-07-12T17:52:00Z,95.6558,0.000000,0.000000,0.000000,above_band_high
2026-07-12T17:53:00Z,95.6405,0.000000,0.000000,0.000000,above_band_high
2026-07-12T17:54:00Z,95.6130,0.000000,0.000000,0.000000,above_band_high
2026-07-12T17:55:00Z,95.6451,0.000000,0.000000,0.000000,above_band_high
2026-07-12T17:56:00Z,95.6283,0.000000,0.000000,0.000000,above_band_high
2026-07-12T17:57:00Z,95.6283,0.000000,0.000000,0.000000,above_band_high
2026-07-12T17:58:00Z,95.5917,0.000000,0.000000,0.000000,above_band_high
2026-07-12T17:59:00Z,95.6268,0.000000,0.000000,0.000000,above_band_high
2026-07-12T18:00:00Z,95.5901,0.000000,0.000000,0.000000,above_band_high
2026-07-12T18:01:00Z,95.6191,0.000000,0.000000,0.000000,above_band_high
2026-07-12T18:02:00Z,95.5993,0.000000,0.000000,0.000000,above_band_high
2026-07-12T18:03:00Z,95.5779,0.000000,0.000000,0.000000,above_band_high
2026-07-12T18:04:00Z,95.5993,0.000000,0.000000,0.000000,above_band_high
2026-07-12T18:05:00Z,95.6008,0.000000,0.000000,0.000000,above_band_high
2026-07-12T18:06:00Z,95.5535,0.000000,0.000000,0.000000,above_band_high
2026-07-12T18:07:00Z,95.5871,0.000000,0.000000,0.000000,above_band_high
2026-07-12T18:08:00Z,95.6054,0.000000,0.000000,0.000000,above_band_high
2026-07-12T18:09:00Z,95.5825,0.000000,0.000000,0.000000,above_band_high
2026-07-12T18:10:00Z,95.5779,0.000000,0.000000,0.000000,above_band_high
2026-07-12T18:11:00Z,95.5535,0.000000,0.000000,0.000000,above_band_high
2026-07-12T18:12:00Z,95.5596,0.000000,0.000000,0.000000,above_band_high
2026-07-12T18:13:00Z,95.5596,0.000000,0.000000,0.000000,above_band_high
2026-07-12T18:14:00Z,95.6008,0.000000,0.000000,0.000000,above_band_high
2026-07-12T18:15:00Z,95.5993,0.000000,0.000000,0.000000,above_band_high
2026-07-12T18:16:00Z,95.5825,0.000000,0.000000,0.000000,above_band_high
2026-07-12T18:17:00Z,95.5901,0.000000,0.000000,0.000000,above_band_high
2026-07-12T18:18:00Z,95.5901,0.000000,0.000000,0.000000,above_band_high
2026-07-12T18:19:00Z,95.6100,0.000000,0.000000,0.000000,above_band_high
2026-07-12T18:20:00Z,95.6100,0.000000,0.000000,0.000000,above_band_high
2026-07-12T18:21:00Z,95.6512,0.000000,0.000000,0.000000,above_band_high
2026-07-12T18:22:00Z,95.6085,0.000000,0.000000,0.000000,above_band_high
2026-07-12T18:23:00Z,95.6558,0.000000,0.000000,0.000000,above_band_high
2026-07-12T18:24:00Z,95.6405,0.000000,0.000000,0.000000,above_band_high
2026-07-12T18:25:00Z,95.6512,0.000000,0.000000,0.000000,above_band_high
2026-07-12T18:26:00Z,95.6466,0.000000,0.000000,0.000000,above_band_high
2026-07-12T18:27:00Z,95.6146,0.000000,0.000000,0.000000,above_band_high
2026-07-12T18:28:00Z,95.6054,0.000000,0.000000,0.000000,above_band_high
2026-07-12T18:29:00Z,95.6329,0.000000,0.000000,0.000000,above_band_high
2026-07-12T18:30:00Z,95.6100,0.000000,0.000000,0.000000,above_band_high
2026-07-12T18:31:00Z,95.6176,0.000000,0.000000,0.000000,above_band_high
2026-07-12T18:32:00Z,95.5947,0.000000,0.000000,0.000000,above_band_high
2026-07-12T18:33:00Z,95.6466,0.000000,0.000000,0.000000,above_band_high
2026-07-12T18:34:00Z,95.6176,0.000000,0.000000,0.000000,above_band_high
2026-07-12T18:35:00Z,95.6176,0.000000,0.000000,0.000000,above_band_high
2026-07-12T18:36:00Z,95.6588,0.000000,0.000000,0.000000,above_band_high
2026-07-12T18:37:00Z,95.6237,0.000000,0.000000,0.000000,above_band_high
2026-07-12T18:38:00Z,95.6146,0.000000,0.000000,0.000000,above_band_high
2026-07-12T18:39:00Z,95.6359,0.000000,0.000000,0.000000,above_band_high
2026-07-12T18:40:00Z,95.6359,0.000000,0.000000,0.000000,above_band_high
2026-07-12T18:41:00Z,95.6680,0.000000,0.000000,0.000000,above_band_high
2026-07-12T18:42:00Z,95.6680,0.000000,0.000000,0.000000,above_band_high
2026-07-12T18:43:00Z,95.6054,0.000000,0.000000,0.000000,above_band_high
2026-07-12T18:44:00Z,95.5917,0.000000,0.000000,0.000000,above_band_high
2026-07-12T18:45:00Z,95.6237,0.000000,0.000000,0.000000,above_band_high
2026-07-12T18:46:00Z,95.6313,0.000000,0.000000,0.000000,above_band_high
2026-07-12T18:47:00Z,95.6039,0.000000,0.000000,0.000000,above_band_high
2026-07-12T18:48:00Z,95.5779,0.000000,0.000000,0.000000,above_band_high
2026-07-12T18:49:00Z,95.6100,0.000000,0.000000,0.000000,above_band_high
2026-07-12T18:50:00Z,95.5993,0.000000,0.000000,0.000000,above_band_high
2026-07-12T18:51:00Z,95.6039,0.000000,0.000000,0.000000,above_band_high
2026-07-12T18:52:00Z,95.6176,0.000000,0.000000,0.000000,above_band_high
2026-07-12T18:53:00Z,95.6008,0.000000,0.000000,0.000000,above_band_high
2026-07-12T18:54:00Z,95.5596,0.000000,0.000000,0.000000,above_band_high
2026-07-12T18:55:00Z,95.5993,0.000000,0.000000,0.000000,above_band_high
2026-07-12T18:56:00Z,95.5993,0.000000,0.000000,0.000000,above_band_high
2026-07-12T18:57:00Z,95.5871,0.000000,0.000000,0.000000,above_band_high
2026-07-12T18:58:00Z,95.5764,0.000000,0.000000,0.000000,above_band_high
2026-07-12T18:59:00Z,95.5871,0.000000,0.000000,0.000000,above_band_high
2026-07-12T19:00:00Z,95.5734,0.000000,0.000000,0.000000,above_band_high
2026-07-12T19:01:00Z,95.5550,0.000000,0.000000,0.000000,above_band_high
2026-07-12T19:02:00Z,95.5810,0.000000,0.000000,0.000000,above_band_high
2026-07-12T19:03:00Z,95.5871,0.000000,0.000000,0.000000,above_band_high
2026-07-12T19:04:00Z,95.5993,0.000000,0.000000,0.000000,above_band_high
2026-07-12T19:05:00Z,95.5734,0.000000,0.000000,0.000000,above_band_high
2026-07-12T19:06:00Z,95.5901,0.000000,0.000000,0.000000,above_band_high
2026-07-12T19:07:00Z,95.5642,0.000000,0.000000,0.000000,above_band_high
2026-07-12T19:08:00Z,95.5352,0.000000,0.000000,0.000000,above_band_high
2026-07-12T19:09:00Z,95.5535,0.000000,0.000000,0.000000,above_band_high
2026-07-12T19:10:00Z,95.5581,0.000000,0.000000,0.000000,above_band_high
2026-07-12T19:11:00Z,95.5550,0.000000,0.000000,0.000000,above_band_high
2026-07-12T19:12:00Z,95.5581,0.000000,0.000000,0.000000,above_band_high
2026-07-12T19:13:00Z,95.5764,0.000000,0.000000,0.000000,above_band_high
2026-07-12T19:14:00Z,95.5535,0.000000,0.000000,0.000000,above_band_high
2026-07-12T19:15:00Z,95.5810,0.000000,0.000000,0.000000,above_band_high
2026-07-12T19:16:00Z,95.5947,0.000000,0.000000,0.000000,above_band_high
2026-07-12T19:17:00Z,95.6039,0.000000,0.000000,0.000000,above_band_high
2026-07-12T19:18:00Z,95.6085,0.000000,0.000000,0.000000,above_band_high
2026-07-12T19:19:00Z,95.6558,0.000000,0.000000,0.000000,above_band_high
2026-07-12T19:20:00Z,95.6283,0.000000,0.000000,0.000000,above_band_high
2026-07-12T19:21:00Z,95.6359,0.000000,0.000000,0.000000,above_band_high
2026-07-12T19:22:00Z,95.6268,0.000000,0.000000,0.000000,above_band_high
2026-07-12T19:23:00Z,95.6268,0.000000,0.000000,0.000000,above_band_high
2026-07-12T19:24:00Z,95.6085,0.000000,0.000000,0.000000,above_band_high
2026-07-12T19:25:00Z,95.6283,0.000000,0.000000,0.000000,above_band_high
2026-07-12T19:26:00Z,95.6420,0.000000,0.000000,0.000000,above_band_high
2026-07-12T19:27:00Z,95.5810,0.000000,0.000000,0.000000,above_band_high
2026-07-12T19:28:00Z,95.6100,0.000000,0.000000,0.000000,above_band_high
2026-07-12T19:29:00Z,95.5825,0.000000,0.000000,0.000000,above_band_high
2026-07-12T19:30:00Z,95.6100,0.000000,0.000000,0.000000,above_band_high
2026-07-12T19:31:00Z,95.6374,0.000000,0.000000,0.000000,above_band_high
2026-07-12T19:32:00Z,95.6054,0.000000,0.000000,0.000000,above_band_high
2026-07-12T19:33:00Z,95.6313,0.000000,0.000000,0.000000,above_band_high
2026-07-12T19:34:00Z,95.6374,0.000000,0.000000,0.000000,above_band_high
2026-07-12T19:35:00Z,95.6176,0.000000,0.000000,0.000000,above_band_high
2026-07-12T19:36:00Z,95.6374,0.000000,0.000000,0.000000,above_band_high
2026-07-12T19:37:00Z,95.6497,0.000000,0.000000,0.000000,above_band_high
2026-07-12T19:38:00Z,95.5993,0.000000,0.000000,0.000000,above_band_high
2026-07-12T19:39:00Z,95.6176,0.000000,0.000000,0.000000,above_band_high
2026-07-12T19:40:00Z,95.6039,0.000000,0.000000,0.000000,above_band_high
2026-07-12T19:41:00Z,95.5917,0.000000,0.000000,0.000000,above_band_high
2026-07-12T19:42:00Z,95.6100,0.000000,0.000000,0.000000,above_band_high
2026-07-12T19:43:00Z,95.6054,0.000000,0.000000,0.000000,above_band_high
2026-07-12T19:44:00Z,95.5993,0.000000,0.000000,0.000000,above_band_high
2026-07-12T19:45:00Z,95.6100,0.000000,0.000000,0.000000,above_band_high
2026-07-12T19:46:00Z,95.5734,0.000000,0.000000,0.000000,above_band_high
2026-07-12T19:47:00Z,95.5871,0.000000,0.000000,0.000000,above_band_high
2026-07-12T19:48:00Z,95.5947,0.000000,0.000000,0.000000,above_band_high
2026-07-12T19:49:00Z,95.5917,0.000000,0.000000,0.000000,above_band_high
2026-07-12T19:50:00Z,95.5764,0.000000,0.000000,0.000000,above_band_high
2026-07-12T19:51:00Z,95.6039,0.000000,0.000000,0.000000,above_band_high
2026-07-12T19:52:00Z,95.5581,0.000000,0.000000,0.000000,above_band_high
2026-07-12T19:53:00Z,95.5947,0.000000,0.000000,0.000000,above_band_high
2026-07-12T19:54:00Z,95.5642,0.000000,0.000000,0.000000,above_band_high
2026-07-12T19:55:00Z,95.5917,0.000000,0.000000,0.000000,above_band_high
2026-07-12T19:56:00Z,95.5673,0.000000,0.000000,0.000000,above_band_high
2026-07-12T19:57:00Z,95.5810,0.000000,0.000000,0.000000,above_band_high
2026-07-12T19:58:00Z,95.5764,0.000000,0.000000,0.000000,above_band_high
2026-07-12T19:59:00Z,95.5550,0.000000,0.000000,0.000000,above_band_high
2026-07-12T20:00:00Z,95.5718,0.000000,0.000000,0.000000,above_band_high
2026-07-12T20:01:00Z,95.5459,0.000000,0.000000,0.000000,above_band_high
2026-07-12T20:02:00Z,95.5642,0.000000,0.000000,0.000000,above_band_high
2026-07-12T20:03:00Z,95.5550,0.000000,0.000000,0.000000,above_band_high
2026-07-12T20:04:00Z,95.5642,0.000000,0.000000,0.000000,above_band_high
2026-07-12T20:05:00Z,95.5810,0.000000,0.000000,0.000000,above_band_high
2026-07-12T20:06:00Z,95.5718,0.000000,0.000000,0.000000,above_band_high
2026-07-12T20:07:00Z,95.5352,0.000000,0.000000,0.000000,above_band_high
2026-07-12T20:08:00Z,95.5398,0.000000,0.000000,0.000000,above_band_high
2026-07-12T20:09:00Z,95.5642,0.000000,0.000000,0.000000,above_band_high
2026-07-12T20:10:00Z,95.5505,0.000000,0.000000,0.000000,above_band_high
2026-07-12T20:11:00Z,95.5398,0.000000,0.000000,0.000000,above_band_high
2026-07-12T20:12:00Z,95.5261,0.000000,0.000000,0.000000,above_band_high
2026-07-12T20:13:00Z,95.5352,0.000000,0.000000,0.000000,above_band_high
2026-07-12T20:14:00Z,95.5581,0.000000,0.000000,0.000000,above_band_high
2026-07-12T20:15:00Z,95.5489,0.000000,0.000000,0.000000,above_band_high
2026-07-12T20:16:00Z,95.5810,0.000000,0.000000,0.000000,above_band_high
2026-07-12T20:17:00Z,95.5962,0.000000,0.000000,0.000000,above_band_high
2026-07-12T20:18:00Z,95.5962,0.000000,0.000000,0.000000,above_band_high
2026-07-12T20:19:00Z,95.5917,0.000000,0.000000,0.000000,above_band_high
2026-07-12T20:20:00Z,95.6222,0.000000,0.000000,0.000000,above_band_high
2026-07-12T20:21:00Z,95.5871,0.000000,0.000000,0.000000,above_band_high
2026-07-12T20:22:00Z,95.6100,0.000000,0.000000,0.000000,above_band_high
2026-07-12T20:23:00Z,95.6283,0.000000,0.000000,0.000000,above_band_high
2026-07-12T20:24:00Z,95.6176,0.000000,0.000000,0.000000,above_band_high
2026-07-12T20:25:00Z,95.6146,0.000000,0.000000,0.000000,above_band_high
2026-07-12T20:26:00Z,95.6176,0.000000,0.000000,0.000000,above_band_high
2026-07-12T20:27:00Z,95.6222,0.000000,0.000000,0.000000,above_band_high
2026-07-12T20:28:00Z,95.5871,0.000000,0.000000,0.000000,above_band_high
2026-07-12T20:29:00Z,95.5734,0.000000,0.000000,0.000000,above_band_high
2026-07-12T20:30:00Z,95.6176,0.000000,0.000000,0.000000,above_band_high
2026-07-12T20:31:00Z,95.5917,0.000000,0.000000,0.000000,above_band_high
2026-07-12T20:32:00Z,95.6054,0.000000,0.000000,0.000000,above_band_high
2026-07-12T20:33:00Z,95.5962,0.000000,0.000000,0.000000,above_band_high
2026-07-12T20:34:00Z,95.5779,0.000000,0.000000,0.000000,above_band_high
2026-07-12T20:35:00Z,95.6146,0.000000,0.000000,0.000000,above_band_high
2026-07-12T20:36:00Z,95.6054,0.000000,0.000000,0.000000,above_band_high
2026-07-12T20:37:00Z,95.6146,0.000000,0.000000,0.000000,above_band_high
2026-07-12T20:38:00Z,95.5734,0.000000,0.000000,0.000000,above_band_high
2026-07-12T20:39:00Z,95.5993,0.000000,0.000000,0.000000,above_band_high
2026-07-12T20:40:00Z,95.6451,0.000000,0.000000,0.000000,above_band_high
2026-07-12T20:41:00Z,95.6039,0.000000,0.000000,0.000000,above_band_high
2026-07-12T20:42:00Z,95.6085,0.000000,0.000000,0.000000,above_band_high
2026-07-12T20:43:00Z,95.5779,0.000000,0.000000,0.000000,above_band_high
2026-07-12T20:44:00Z,95.5779,0.000000,0.000000,0.000000,above_band_high
2026-07-12T20:45:00Z,95.5947,0.000000,0.000000,0.000000,above_band_high
2026-07-12T20:46:00Z,95.5871,0.000000,0.000000,0.000000,above_band_high
2026-07-12T20:47:00Z,95.6268,0.000000,0.000000,0.000000,above_band_high
2026-07-12T20:48:00Z,95.5505,0.000000,0.000000,0.000000,above_band_high
2026-07-12T20:49:00Z,95.5673,0.000000,0.000000,0.000000,above_band_high
2026-07-12T20:50:00Z,95.5764,0.000000,0.000000,0.000000,above_band_high
2026-07-12T20:51:00Z,95.5444,0.000000,0.000000,0.000000,above_band_high
2026-07-12T20:52:00Z,95.5688,0.000000,0.000000,0.000000,above_band_high
2026-07-12T20:53:00Z,95.6100,0.000000,0.000000,0.000000,above_band_high
2026-07-12T20:54:00Z,95.5230,0.000000,0.000000,0.000000,above_band_high
2026-07-12T20:55:00Z,95.5810,0.000000,0.000000,0.000000,above_band_high
2026-07-12T20:56:00Z,95.5627,0.000000,0.000000,0.000000,above_band_high
2026-07-12T20:57:00Z,95.5962,0.000000,0.000000,0.000000,above_band_high
2026-07-12T20:58:00Z,95.5444,0.000000,0.000000,0.000000,above_band_high
2026-07-12T20:59:00Z,95.5398,0.000000,0.000000,0.000000,above_band_high
2026-07-12T21:00:00Z,95.5489,0.000000,0.000000,0.000000,above_band_high
2026-07-12T21:01:00Z,95.5642,0.000000,0.000000,0.000000,above_band_high
2026-07-12T21:02:00Z,95.5398,0.000000,0.000000,0.000000,above_band_high
2026-07-12T21:03:00Z,95.5688,0.000000,0.000000,0.000000,above_band_high
2026-07-12T21:04:00Z,95.5505,0.000000,0.000000,0.000000,above_band_high
2026-07-12T21:05:00Z,95.5505,0.000000,0.000000,0.000000,above_band_high
2026-07-12T21:06:00Z,95.5581,0.000000,0.000000,0.000000,above_band_high
2026-07-12T21:07:00Z,95.5505,0.000000,0.000000,0.000000,above_band_high
2026-07-12T21:08:00Z,95.5627,0.000000,0.000000,0.000000,above_band_high
2026-07-12T21:09:00Z,95.5871,0.000000,0.000000,0.000000,above_band_high
2026-07-12T21:10:00Z,95.5627,0.000000,0.000000,0.000000,above_band_high
2026-07-12T21:11:00Z,95.5779,0.000000,0.000000,0.000000,above_band_high
2026-07-12T21:12:00Z,95.5734,0.000000,0.000000,0.000000,above_band_high
2026-07-12T21:13:00Z,95.5688,0.000000,0.000000,0.000000,above_band_high
2026-07-12T21:14:00Z,95.5581,0.000000,0.000000,0.000000,above_band_high
2026-07-12T21:15:00Z,95.5322,0.000000,0.000000,0.000000,above_band_high
2026-07-12T21:16:00Z,95.5642,0.000000,0.000000,0.000000,above_band_high
2026-07-12T21:17:00Z,95.5688,0.000000,0.000000,0.000000,above_band_high
2026-07-12T21:18:00Z,95.5581,0.000000,0.000000,0.000000,above_band_high
2026-07-12T21:19:00Z,95.5917,0.000000,0.000000,0.000000,above_band_high
2026-07-12T21:20:00Z,95.5734,0.000000,0.000000,0.000000,above_band_high
2026-07-12T21:21:00Z,95.5993,0.000000,0.000000,0.000000,above_band_high
2026-07-12T21:22:00Z,95.5581,0.000000,0.000000,0.000000,above_band_high
2026-07-12T21:23:00Z,95.5688,0.000000,0.000000,0.000000,above_band_high
2026-07-12T21:24:00Z,95.5642,0.000000,0.000000,0.000000,above_band_high
2026-07-12T21:25:00Z,95.5779,0.000000,0.000000,0.000000,above_band_high
2026-07-12T21:26:00Z,95.6146,0.000000,0.000000,0.000000,above_band_high
2026-07-12T21:27:00Z,95.5810,0.000000,0.000000,0.000000,above_band_high
2026-07-12T21:28:00Z,95.6268,0.000000,0.000000,0.000000,above_band_high
2026-07-12T21:29:00Z,95.5962,0.000000,0.000000,0.000000,above_band_high
2026-07-12T21:30:00Z,95.5810,0.000000,0.000000,0.000000,above_band_high
2026-07-12T21:31:00Z,95.6039,0.000000,0.000000,0.000000,above_band_high
2026-07-12T21:32:00Z,95.5917,0.000000,0.000000,0.000000,above_band_high
2026-07-12T21:33:00Z,95.5962,0.000000,0.000000,0.000000,above_band_high
2026-07-12T21:34:00Z,95.5810,0.000000,0.000000,0.000000,above_band_high
2026-07-12T21:35:00Z,95.5596,0.000000,0.000000,0.000000,above_band_high
2026-07-12T21:36:00Z,95.5871,0.000000,0.000000,0.000000,above_band_high
2026-07-12T21:37:00Z,95.6100,0.000000,0.000000,0.000000,above_band_high
2026-07-12T21:38:00Z,95.5627,0.000000,0.000000,0.000000,above_band_high
2026-07-12T21:39:00Z,95.5947,0.000000,0.000000,0.000000,above_band_high
2026-07-12T21:40:00Z,95.5917,0.000000,0.000000,0.000000,above_band_high
2026-07-12T21:41:00Z,95.5917,0.000000,0.000000,0.000000,above_band_high
2026-07-12T21:42:00Z,95.5642,0.000000,0.000000,0.000000,above_band_high
2026-07-12T21:43:00Z,95.6100,0.000000,0.000000,0.000000,above_band_high
2026-07-12T21:44:00Z,95.5642,0.000000,0.000000,0.000000,above_band_high
2026-07-12T21:45:00Z,95.5505,0.000000,0.000000,0.000000,above_band_high
2026-07-12T21:46:00Z,95.6085,0.000000,0.000000,0.000000,above_band_high
2026-07-12T21:47:00Z,95.6146,0.000000,0.000000,0.000000,above_band_high
2026-07-12T21:48:00Z,95.5627,0.000000,0.000000,0.000000,above_band_high
2026-07-12T21:49:00Z,95.5962,0.000000,0.000000,0.000000,above_band_high
2026-07-12T21:50:00Z,95.6497,0.000000,0.000000,0.000000,above_band_high
2026-07-12T21:51:00Z,95.6146,0.000000,0.000000,0.000000,above_band_high
2026-07-12T21:52:00Z,95.6222,0.000000,0.000000,0.000000,above_band_high
2026-07-12T21:53:00Z,95.6085,0.000000,0.000000,0.000000,above_band_high
2026-07-12T21:54:00Z,95.5993,0.000000,0.000000,0.000000,above_band_high
2026-07-12T21:55:00Z,95.6085,0.000000,0.000000,0.000000,above_band_high
2026-07-12T21:56:00Z,95.6100,0.000000,0.000000,0.000000,above_band_high
2026-07-12T21:57:00Z,95.6497,0.000000,0.000000,0.000000,above_band_high
2026-07-12T21:58:00Z,95.6558,0.000000,0.000000,0.000000,above_band_high
2026-07-12T21:59:00Z,95.6085,0.000000,0.000000,0.000000,above_band_high
2026-07-12T22:00:00Z,95.6420,0.000000,0.000000,0.000000,above_band_high
2026-07-12T22:01:00Z,95.6237,0.000000,0.000000,0.000000,above_band_high
2026-07-12T22:02:00Z,95.6237,0.000000,0.000000,0.000000,above_band_high
2026-07-12T22:03:00Z,95.6222,0.000000,0.000000,0.000000,above_band_high
2026-07-12T22:04:00Z,95.6313,0.000000,0.000000,0.000000,above_band_high
2026-07-12T22:05:00Z,95.6237,0.000000,0.000000,0.000000,above_band_high
2026-07-12T22:06:00Z,95.6268,0.000000,0.000000,0.000000,above_band_high
2026-07-12T22:07:00Z,95.6268,0.000000,0.000000,0.000000,above_band_high
2026-07-12T22:08:00Z,95.6374,0.000000,0.000000,0.000000,above_band_high
2026-07-12T22:09:00Z,95.6329,0.000000,0.000000,0.000000,above_band_high
2026-07-12T22:10:00Z,95.6374,0.000000,0.000000,0.000000,above_band_high
2026-07-12T22:11:00Z,95.6451,0.000000,0.000000,0.000000,above_band_high
2026-07-12T22:12:00Z,95.6176,0.000000,0.000000,0.000000,above_band_high
2026-07-12T22:13:00Z,95.6146,0.000000,0.000000,0.000000,above_band_high
2026-07-12T22:14:00Z,95.6176,0.000000,0.000000,0.000000,above_band_high
2026-07-12T22:15:00Z,95.6313,0.000000,0.000000,0.000000,above_band_high
2026-07-12T22:16:00Z,95.5962,0.000000,0.000000,0.000000,above_band_high
2026-07-12T22:17:00Z,95.6176,0.000000,0.000000,0.000000,above_band_high
2026-07-12T22:18:00Z,95.6451,0.000000,0.000000,0.000000,above_band_high
2026-07-12T22:19:00Z,95.5917,0.000000,0.000000,0.000000,above_band_high
2026-07-12T22:20:00Z,95.5962,0.000000,0.000000,0.000000,above_band_high
2026-07-12T22:21:00Z,95.6100,0.000000,0.000000,0.000000,above_band_high
2026-07-12T22:22:00Z,95.5810,0.000000,0.000000,0.000000,above_band_high
2026-07-12T22:23:00Z,95.6100,0.000000,0.000000,0.000000,above_band_high
2026-07-12T22:24:00Z,95.5993,0.000000,0.000000,0.000000,above_band_high
2026-07-12T22:25:00Z,95.5901,0.000000,0.000000,0.000000,above_band_high
2026-07-12T22:26:00Z,95.5825,0.000000,0.000000,0.000000,above_band_high
2026-07-12T22:27:00Z,95.5734,0.000000,0.000000,0.000000,above_band_high
2026-07-12T22:28:00Z,95.5871,0.000000,0.000000,0.000000,above_band_high
2026-07-12T22:29:00Z,95.5627,0.000000,0.000000,0.000000,above_band_high
2026-07-12T22:30:00Z,95.5581,0.000000,0.000000,0.000000,above_band_high
2026-07-12T22:31:00Z,95.5627,0.000000,0.000000,0.000000,above_band_high
2026-07-12T22:32:00Z,95.6451,0.000000,0.000000,0.000000,above_band_high
2026-07-12T22:33:00Z,95.5856,0.000000,0.000000,0.000000,above_band_high
2026-07-12T22:34:00Z,95.6039,0.000000,0.000000,0.000000,above_band_high
2026-07-12T22:35:00Z,95.5764,0.000000,0.000000,0.000000,above_band_high
2026-07-12T22:36:00Z,95.5764,0.000000,0.000000,0.000000,above_band_high
2026-07-12T22:37:00Z,95.6085,0.000000,0.000000,0.000000,above_band_high
2026-07-12T22:38:00Z,95.5993,0.000000,0.000000,0.000000,above_band_high
2026-07-12T22:39:00Z,95.5627,0.000000,0.000000,0.000000,above_band_high
2026-07-12T22:40:00Z,95.5962,0.000000,0.000000,0.000000,above_band_high
2026-07-12T22:41:00Z,95.6085,0.000000,0.000000,0.000000,above_band_high
2026-07-12T22:42:00Z,95.5856,0.000000,0.000000,0.000000,above_band_high
2026-07-12T22:43:00Z,95.5962,0.000000,0.000000,0.000000,above_band_high
2026-07-12T22:44:00Z,95.5810,0.000000,0.000000,0.000000,above_band_high
2026-07-12T22:45:00Z,95.5810,0.000000,0.000000,0.000000,above_band_high
2026-07-12T22:46:00Z,95.5673,0.000000,0.000000,0.000000,above_band_high
2026-07-12T22:47:00Z,95.5962,0.000000,0.000000,0.000000,above_band_high
2026-07-12T22:48:00Z,95.5367,0.000000,0.000000,0.000000,above_band_high
2026-07-12T22:49:00Z,95.5627,0.000000,0.000000,0.000000,above_band_high
2026-07-12T22:50:00Z,95.5306,0.000000,0.000000,0.000000,above_band_high
2026-07-12T22:51:00Z,95.5718,0.000000,0.000000,0.000000,above_band_high
2026-07-12T22:52:00Z,95.5459,0.000000,0.000000,0.000000,above_band_high
2026-07-12T22:53:00Z,95.5779,0.000000,0.000000,0.000000,above_band_high
2026-07-12T22:54:00Z,95.5718,0.000000,0.000000,0.000000,above_band_high
2026-07-12T22:55:00Z,95.5856,0.000000,0.000000,0.000000,above_band_high
2026-07-12T22:56:00Z,95.5642,0.000000,0.000000,0.000000,above_band_high
2026-07-12T22:57:00Z,95.5093,0.000000,0.000000,0.000000,above_band_high
2026-07-12T22:58:00Z,95.5367,0.000000,0.000000,0.000000,above_band_high
2026-07-12T22:59:00Z,95.5215,0.000000,0.000000,0.000000,above_band_high
2026-07-12T23:00:00Z,95.5505,0.000000,0.000000,0.000000,above_band_high
2026-07-12T23:01:00Z,95.5093,0.000000,0.000000,0.000000,above_band_high
2026-07-12T23:02:00Z,95.4940,0.000000,0.000000,0.000000,above_band_high
2026-07-12T23:03:00Z,95.5169,0.000000,0.000000,0.000000,above_band_high
2026-07-12T23:04:00Z,95.5398,0.000000,0.000000,0.000000,above_band_high
2026-07-12T23:05:00Z,95.4986,0.000000,0.000000,0.000000,above_band_high
2026-07-12T23:06:00Z,95.5322,0.000000,0.000000,0.000000,above_band_high
2026-07-12T23:07:00Z,95.5123,0.000000,0.000000,0.000000,above_band_high
2026-07-12T23:08:00Z,95.5093,0.000000,0.000000,0.000000,above_band_high
2026-07-12T23:09:00Z,95.5444,0.000000,0.000000,0.000000,above_band_high
2026-07-12T23:10:00Z,95.5459,0.000000,0.000000,0.000000,above_band_high
2026-07-12T23:11:00Z,95.5398,0.000000,0.000000,0.000000,above_band_high
2026-07-12T23:12:00Z,95.5322,0.000000,0.000000,0.000000,above_band_high
2026-07-12T23:13:00Z,95.5673,0.000000,0.000000,0.000000,above_band_high
2026-07-12T23:14:00Z,95.5688,0.000000,0.000000,0.000000,above_band_high
2026-07-12T23:15:00Z,95.5581,0.000000,0.000000,0.000000,above_band_high
2026-07-12T23:16:00Z,95.5627,0.000000,0.000000,0.000000,above_band_high
2026-07-12T23:17:00Z,95.5779,0.000000,0.000000,0.000000,above_band_high
2026-07-12T23:18:00Z,95.5779,0.000000,0.000000,0.000000,above_band_high
2026-07-12T23:19:00Z,95.6039,0.000000,0.000000,0.000000,above_band_high
2026-07-12T23:20:00Z,95.6146,0.000000,0.000000,0.000000,above_band_high
2026-07-12T23:21:00Z,95.5962,0.000000,0.000000,0.000000,above_band_high
2026-07-12T23:22:00Z,95.5901,0.000000,0.000000,0.000000,above_band_high
2026-07-12T23:23:00Z,95.6237,0.000000,0.000000,0.000000,above_band_high
2026-07-12T23:24:00Z,95.6603,0.000000,0.000000,0.000000,above_band_high
2026-07-12T23:25:00Z,95.6603,0.000000,0.000000,0.000000,above_band_high
2026-07-12T23:26:00Z,95.6176,0.000000,0.000000,0.000000,above_band_high
2026-07-12T23:27:00Z,95.6100,0.000000,0.000000,0.000000,above_band_high
2026-07-12T23:28:00Z,95.6130,0.000000,0.000000,0.000000,above_band_high
2026-07-12T23:29:00Z,95.6497,0.000000,0.000000,0.000000,above_band_high
2026-07-12T23:30:00Z,95.6329,0.000000,0.000000,0.000000,above_band_high
2026-07-12T23:31:00Z,95.6603,0.000000,0.000000,0.000000,above_band_high
2026-07-12T23:32:00Z,95.6832,0.000000,0.000000,0.000000,above_band_high
2026-07-12T23:33:00Z,95.6725,0.000000,0.000000,0.000000,above_band_high
2026-07-12T23:34:00Z,95.6558,0.000000,0.000000,0.000000,above_band_high
2026-07-12T23:35:00Z,95.6497,0.000000,0.000000,0.000000,above_band_high
2026-07-12T23:36:00Z,95.6680,0.000000,0.000000,0.000000,above_band_high
2026-07-12T23:37:00Z,95.7183,0.000000,0.000000,0.000000,above_band_high
2026-07-12T23:38:00Z,95.6954,0.000000,0.000000,0.000000,above_band_high
2026-07-12T23:39:00Z,95.6970,0.000000,0.000000,0.000000,above_band_high
2026-07-12T23:40:00Z,95.7137,0.000000,0.000000,0.000000,above_band_high
2026-07-12T23:41:00Z,95.6634,0.000000,0.000000,0.000000,above_band_high
2026-07-12T23:42:00Z,95.7107,0.000000,0.000000,0.000000,above_band_high
2026-07-12T23:43:00Z,95.7275,0.000000,0.000000,0.000000,above_band_high
2026-07-12T23:44:00Z,95.7107,0.000000,0.000000,0.000000,above_band_high
2026-07-12T23:45:00Z,95.7198,0.000000,0.000000,0.000000,above_band_high
2026-07-12T23:46:00Z,95.7137,0.000000,0.000000,0.000000,above_band_high
2026-07-12T23:47:00Z,95.7427,0.000000,0.000000,0.000000,above_band_high
2026-07-12T23:48:00Z,95.7382,0.000000,0.000000,0.000000,above_band_high
2026-07-12T23:49:00Z,95.7702,0.000000,0.000000,0.000000,above_band_high
2026-07-12T23:50:00Z,95.7336,0.000000,0.000000,0.000000,above_band_high
2026-07-12T23:51:00Z,95.7610,0.000000,0.000000,0.000000,above_band_high
2026-07-12T23:52:00Z,95.7702,0.000000,0.000000,0.000000,above_band_high
2026-07-12T23:53:00Z,95.7885,0.000000,0.000000,0.000000,above_band_high
2026-07-12T23:54:00Z,95.7839,0.000000,0.000000,0.000000,above_band_high
2026-07-12T23:55:00Z,95.7824,0.000000,0.000000,0.000000,above_band_high
2026-07-12T23:56:00Z,95.8007,0.000000,0.000000,0.000000,above_band_high
2026-07-12T23:57:00Z,95.8053,0.000000,0.000000,0.000000,above_band_high
2026-07-12T23:58:00Z,95.7916,0.000000,0.000000,0.000000,above_band_high
2026-07-12T23:59:00Z,95.7961,0.000000,0.000000,0.000000,above_band_high
2026-07-13T00:00:00Z,95.8068,0.000000,0.000000,0.000000,above_band_high
2026-07-13T00:01:00Z,95.8328,0.000000,0.000000,0.000000,above_band_high
2026-07-13T00:02:00Z,95.8389,0.000000,0.000000,0.000000,above_band_high
2026-07-13T00:03:00Z,95.8297,0.000000,0.000000,0.000000,above_band_high
2026-07-13T00:04:00Z,95.8343,0.000000,0.000000,0.000000,above_band_high
2026-07-13T00:05:00Z,95.8648,0.000000,0.000000,0.000000,above_band_high
2026-07-13T00:06:00Z,95.8648,0.000000,0.000000,0.000000,above_band_high
2026-07-13T00:07:00Z,95.8648,0.000000,0.000000,0.000000,above_band_high
2026-07-13T00:08:00Z,95.8373,0.000000,0.000000,0.000000,above_band_high
2026-07-13T00:09:00Z,95.8984,0.000000,0.000000,0.000000,above_band_high
2026-07-13T00:10:00Z,95.8556,0.000000,0.000000,0.000000,above_band_high
2026-07-13T00:11:00Z,95.8831,0.000000,0.000000,0.000000,above_band_high
2026-07-13T14:42:02Z,97.2717,0.000000,0.000000,0.000000,above_band_high
2026-07-13T14:43:00Z,97.2396,0.000000,0.000000,0.000000,above_band_high
2026-07-13T14:44:00Z,97.2580,0.000000,0.000000,0.000000,above_band_high
2026-07-13T14:45:00Z,97.2564,0.000000,0.000000,0.000000,above_band_high
2026-07-13T14:46:00Z,97.2763,0.000000,0.000000,0.000000,above_band_high
2026-07-13T14:47:00Z,97.2534,0.000000,0.000000,0.000000,above_band_high
2026-07-13T14:48:00Z,97.2473,0.000000,0.000000,0.000000,above_band_high
2026-07-13T14:49:00Z,97.2793,0.000000,0.000000,0.000000,above_band_high
2026-07-13T14:50:00Z,97.2534,0.000000,0.000000,0.000000,above_band_high
2026-07-13T14:51:00Z,97.2839,0.000000,0.000000,0.000000,above_band_high
2026-07-13T14:52:00Z,97.2747,0.000000,0.000000,0.000000,above_band_high
2026-07-13T14:53:00Z,97.2656,0.000000,0.000000,0.000000,above_band_high
2026-07-13T14:54:00Z,97.2747,0.000000,0.000000,0.000000,above_band_high
2026-07-13T14:55:00Z,97.2702,0.000000,0.000000,0.000000,above_band_high
2026-07-13T14:56:00Z,97.2473,0.000000,0.000000,0.000000,above_band_high
2026-07-13T14:57:00Z,97.2534,0.000000,0.000000,0.000000,above_band_high
2026-07-13T14:58:00Z,97.2763,0.000000,0.000000,0.000000,above_band_high
2026-07-13T14:59:00Z,97.2473,0.000000,0.000000,0.000000,above_band_high
2026-07-13T15:00:00Z,97.2198,0.000000,0.000000,0.000000,above_band_high
2026-07-13T15:01:00Z,97.2702,0.000000,0.000000,0.000000,above_band_high
2026-07-13T15:02:00Z,97.2610,0.000000,0.000000,0.000000,above_band_high
2026-07-13T15:03:00Z,97.2396,0.000000,0.000000,0.000000,above_band_high
2026-07-13T15:04:00Z,97.2519,0.000000,0.000000,0.000000,above_band_high
2026-07-13T15:05:00Z,97.2656,0.000000,0.000000,0.000000,above_band_high
2026-07-13T15:06:00Z,97.2656,0.000000,0.000000,0.000000,above_band_high
2026-07-13T15:07:00Z,97.2625,0.000000,0.000000,0.000000,above_band_high
2026-07-13T15:08:00Z,97.2519,0.000000,0.000000,0.000000,above_band_high
2026-07-13T15:09:00Z,97.3037,0.000000,0.000000,0.000000,above_band_high
2026-07-13T15:10:00Z,97.2839,0.000000,0.000000,0.000000,above_band_high
2026-07-13T15:11:00Z,97.2702,0.000000,0.000000,0.000000,above_band_high
2026-07-13T15:12:00Z,97.2610,0.000000,0.000000,0.000000,above_band_high
2026-07-13T15:13:00Z,97.2930,0.000000,0.000000,0.000000,above_band_high
2026-07-13T15:14:00Z,97.2946,0.000000,0.000000,0.000000,above_band_high
2026-07-13T15:15:00Z,97.2763,0.000000,0.000000,0.000000,above_band_high
2026-07-13T15:16:00Z,97.2580,0.000000,0.000000,0.000000,above_band_high
2026-07-13T15:17:00Z,97.2671,0.000000,0.000000,0.000000,above_band_high
2026-07-13T15:18:00Z,97.2473,0.000000,0.000000,0.000000,above_band_high
2026-07-13T15:19:00Z,97.2534,0.000000,0.000000,0.000000,above_band_high
2026-07-13T15:20:00Z,97.2702,0.000000,0.000000,0.000000,above_band_high
2026-07-13T15:21:00Z,97.2625,0.000000,0.000000,0.000000,above_band_high
2026-07-13T15:22:00Z,97.2564,0.000000,0.000000,0.000000,above_band_high
2026-07-13T15:23:00Z,97.2473,0.000000,0.000000,0.000000,above_band_high
2026-07-13T15:24:00Z,97.2473,0.000000,0.000000,0.000000,above_band_high
2026-07-13T15:25:00Z,97.2580,0.000000,0.000000,0.000000,above_band_high
2026-07-13T15:26:00Z,97.2396,0.000000,0.000000,0.000000,above_band_high
2026-07-13T15:27:00Z,97.2473,0.000000,0.000000,0.000000,above_band_high
2026-07-13T15:28:00Z,97.2427,0.000000,0.000000,0.000000,above_band_high
2026-07-13T15:29:00Z,97.2335,0.000000,0.000000,0.000000,above_band_high
2026-07-13T15:30:00Z,97.2442,0.000000,0.000000,0.000000,above_band_high
2026-07-13T15:31:00Z,97.2442,0.000000,0.000000,0.000000,above_band_high
2026-07-13T15:32:00Z,97.2305,0.000000,0.000000,0.000000,above_band_high
2026-07-13T15:33:00Z,97.2442,0.000000,0.000000,0.000000,above_band_high
2026-07-13T15:34:00Z,97.2107,0.000000,0.000000,0.000000,above_band_high
2026-07-13T15:35:00Z,97.2107,0.000000,0.000000,0.000000,above_band_high
2026-07-13T15:36:00Z,97.1939,0.000000,0.000000,0.000000,above_band_high
2026-07-13T15:37:00Z,97.2122,0.000000,0.000000,0.000000,above_band_high
2026-07-13T15:38:00Z,97.1923,0.000000,0.000000,0.000000,above_band_high
2026-07-13T15:39:00Z,97.1710,0.000000,0.000000,0.000000,above_band_high
2026-07-13T15:40:00Z,97.1527,0.000000,0.000000,0.000000,above_band_high
2026-07-13T15:41:00Z,97.1420,0.000000,0.000000,0.000000,above_band_high
2026-07-13T15:42:00Z,97.1420,0.000000,0.000000,0.000000,above_band_high
2026-07-13T15:43:00Z,97.1298,0.000000,0.000000,0.000000,above_band_high
2026-07-13T15:44:00Z,97.1145,0.000000,0.000000,0.000000,above_band_high
2026-07-13T15:45:00Z,97.0916,0.000000,0.000000,0.000000,above_band_high
2026-07-13T15:46:00Z,97.0962,0.000000,0.000000,0.000000,above_band_high
2026-07-13T15:47:00Z,97.0657,0.000000,0.000000,0.000000,above_band_high
2026-07-13T15:48:00Z,97.0565,0.000000,0.000000,0.000000,above_band_high
2026-07-13T15:49:00Z,97.0367,0.000000,0.000000,0.000000,above_band_high
2026-07-13T15:50:00Z,97.0153,0.000000,0.000000,0.000000,above_band_high
2026-07-13T15:51:00Z,97.0367,0.000000,0.000000,0.000000,above_band_high
2026-07-13T15:52:00Z,97.0245,0.000000,0.000000,0.000000,above_band_high
2026-07-13T15:53:00Z,96.9924,0.000000,0.000000,0.000000,above_band_high
2026-07-13T15:54:00Z,97.0001,0.000000,0.000000,0.000000,above_band_high
2026-07-13T15:55:00Z,96.9924,0.000000,0.000000,0.000000,above_band_high
2026-07-13T15:56:00Z,96.9406,0.000000,0.000000,0.000000,above_band_high
2026-07-13T15:57:00Z,96.9512,0.000000,0.000000,0.000000,above_band_high
2026-07-13T15:58:00Z,96.9314,0.000000,0.000000,0.000000,above_band_high
2026-07-13T15:59:00Z,96.8948,0.000000,0.000000,0.000000,above_band_high
2026-07-13T16:00:00Z,96.8902,0.000000,0.000000,0.000000,above_band_high
2026-07-13T16:01:00Z,96.8688,0.000000,0.000000,0.000000,above_band_high
2026-07-13T16:02:00Z,96.8780,0.000000,0.000000,0.000000,above_band_high
2026-07-13T16:03:00Z,96.8627,0.000000,0.000000,0.000000,above_band_high
2026-07-13T16:04:00Z,96.8780,0.000000,0.000000,0.000000,above_band_high
2026-07-13T16:05:00Z,96.8093,0.000000,0.000000,0.000000,above_band_high
2026-07-13T16:06:00Z,96.8276,0.000000,0.000000,0.000000,above_band_high
2026-07-13T16:07:00Z,96.8490,0.000000,0.000000,0.000000,above_band_high
2026-07-13T16:08:00Z,96.8002,0.000000,0.000000,0.000000,above_band_high
2026-07-13T16:09:00Z,96.7941,0.000000,0.000000,0.000000,above_band_high
2026-07-13T16:10:00Z,96.7987,0.000000,0.000000,0.000000,above_band_high
2026-07-13T16:11:00Z,96.7803,0.000000,0.000000,0.000000,above_band_high
2026-07-13T16:12:00Z,96.7498,0.000000,0.000000,0.000000,above_band_high
2026-07-13T16:13:00Z,96.7041,0.000000,0.000000,0.000000,above_band_high
2026-07-13T16:14:00Z,96.7346,0.000000,0.000000,0.000000,above_band_high
2026-07-13T16:15:00Z,96.7163,0.000000,0.000000,0.000000,above_band_high
2026-07-13T16:16:00Z,96.7041,0.000000,0.000000,0.000000,above_band_high
2026-07-13T16:17:00Z,96.6995,0.000000,0.000000,0.000000,above_band_high
2026-07-13T16:18:00Z,96.6796,0.000000,0.000000,0.000000,above_band_high
2026-07-13T16:19:00Z,96.6751,0.000000,0.000000,0.000000,above_band_high
2026-07-13T16:20:00Z,96.6247,0.000000,0.000000,0.000000,above_band_high
2026-07-13T16:21:00Z,96.6384,0.000000,0.000000,0.000000,above_band_high
2026-07-13T16:22:00Z,96.6400,0.000000,0.000000,0.000000,above_band_high
2026-07-13T16:23:00Z,96.5972,0.000000,0.000000,0.000000,above_band_high
2026-07-13T16:24:00Z,96.6293,0.000000,0.000000,0.000000,above_band_high
2026-07-13T16:25:00Z,96.5835,0.000000,0.000000,0.000000,above_band_high
2026-07-13T16:26:00Z,96.5835,0.000000,0.000000,0.000000,above_band_high
2026-07-13T16:27:00Z,96.5713,0.000000,0.000000,0.000000,above_band_high
2026-07-13T16:28:00Z,96.5759,0.000000,0.000000,0.000000,above_band_high
2026-07-13T16:29:00Z,96.5789,0.000000,0.000000,0.000000,above_band_high
2026-07-13T16:30:00Z,96.5423,0.000000,0.000000,0.000000,above_band_high
2026-07-13T16:31:00Z,96.5759,0.000000,0.000000,0.000000,above_band_high
2026-07-13T16:32:00Z,96.5438,0.000000,0.000000,0.000000,above_band_high
2026-07-13T16:33:00Z,96.5103,0.000000,0.000000,0.000000,above_band_high
2026-07-13T16:34:00Z,96.4920,0.000000,0.000000,0.000000,above_band_high
2026-07-13T16:35:00Z,96.5148,0.000000,0.000000,0.000000,above_band_high
2026-07-13T16:36:00Z,96.4523,0.000000,0.000000,0.000000,above_band_high
2026-07-13T16:37:00Z,96.4874,0.000000,0.000000,0.000000,above_band_high
2026-07-13T16:38:00Z,96.4462,0.000000,0.000000,0.000000,above_band_high
2026-07-13T16:39:00Z,96.4569,0.000000,0.000000,0.000000,above_band_high
2026-07-13T16:40:00Z,96.4385,0.000000,0.000000,0.000000,above_band_high
2026-07-13T16:41:00Z,96.4111,0.000000,0.000000,0.000000,above_band_high
2026-07-13T16:42:00Z,96.4111,0.000000,0.000000,0.000000,above_band_high
2026-07-13T16:43:00Z,96.4187,0.000000,0.000000,0.000000,above_band_high
2026-07-13T16:44:00Z,96.3928,0.000000,0.000000,0.000000,above_band_high
2026-07-13T16:45:00Z,96.3821,0.000000,0.000000,0.000000,above_band_high
2026-07-13T16:46:00Z,96.3928,0.000000,0.000000,0.000000,above_band_high
2026-07-13T16:47:00Z,96.3867,0.000000,0.000000,0.000000,above_band_high
2026-07-13T16:48:00Z,96.3378,0.000000,0.000000,0.000000,above_band_high
2026-07-13T16:49:00Z,96.3638,0.000000,0.000000,0.000000,above_band_high
2026-07-13T16:50:00Z,96.3226,0.000000,0.000000,0.000000,above_band_high
2026-07-13T16:51:00Z,96.2905,0.000000,0.000000,0.000000,above_band_high
2026-07-13T16:52:00Z,96.2951,0.000000,0.000000,0.000000,above_band_high
2026-07-13T16:53:00Z,96.2493,0.000000,0.000000,0.000000,above_band_high
2026-07-13T16:54:00Z,96.2631,0.000000,0.000000,0.000000,above_band_high
2026-07-13T16:55:00Z,96.2509,0.000000,0.000000,0.000000,above_band_high
2026-07-13T16:56:00Z,96.2264,0.000000,0.000000,0.000000,above_band_high
2026-07-13T16:57:00Z,96.1959,0.000000,0.000000,0.000000,above_band_high
2026-07-13T16:58:00Z,96.1669,0.000000,0.000000,0.000000,above_band_high
2026-07-13T16:59:00Z,96.1913,0.000000,0.000000,0.000000,above_band_high
2026-07-13T17:00:00Z,96.1318,0.000000,0.000000,0.000000,above_band_high
2026-07-13T17:01:00Z,96.0769,0.000000,0.000000,0.000000,above_band_high
2026-07-13T17:02:00Z,96.0616,0.000000,0.000000,0.000000,above_band_high
2026-07-13T17:03:00Z,96.0800,0.000000,0.000000,0.000000,above_band_high
2026-07-13T17:04:00Z,96.0662,0.000000,0.000000,0.000000,above_band_high
2026-07-13T17:05:00Z,96.0067,0.000000,0.000000,0.000000,above_band_high
2026-07-13T17:06:00Z,96.0067,0.000000,0.000000,0.000000,above_band_high
2026-07-13T17:07:00Z,95.9930,0.000000,0.000000,0.000000,above_band_high
2026-07-13T17:08:00Z,95.9930,0.000000,0.000000,0.000000,above_band_high
2026-07-13T17:09:00Z,95.9655,0.000000,0.000000,0.000000,above_band_high
2026-07-13T17:10:00Z,95.9380,0.000000,0.000000,0.000000,above_band_high
2026-07-13T17:11:00Z,95.8892,0.000000,0.000000,0.000000,above_band_high
2026-07-13T17:12:00Z,95.8923,0.000000,0.000000,0.000000,above_band_high
2026-07-13T17:13:00Z,95.8740,0.000000,0.000000,0.000000,above_band_high
2026-07-13T17:14:00Z,95.8663,0.000000,0.000000,0.000000,above_band_high
2026-07-13T17:15:00Z,95.8373,0.000000,0.000000,0.000000,above_band_high
2026-07-13T17:16:00Z,95.8389,0.000000,0.000000,0.000000,above_band_high
2026-07-13T17:17:00Z,95.7839,0.000000,0.000000,0.000000,above_band_high
2026-07-13T17:18:00Z,95.8022,0.000000,0.000000,0.000000,above_band_high
2026-07-13T17:19:00Z,95.8160,0.000000,0.000000,0.000000,above_band_high
2026-07-13T17:20:00Z,95.7473,0.000000,0.000000,0.000000,above_band_high
2026-07-13T17:21:00Z,95.7610,0.000000,0.000000,0.000000,above_band_high
2026-07-13T17:22:00Z,95.7412,0.000000,0.000000,0.000000,above_band_high
2026-07-13T17:23:00Z,95.7366,0.000000,0.000000,0.000000,above_band_high
2026-07-13T17:24:00Z,95.7412,0.000000,0.000000,0.000000,above_band_high
2026-07-13T17:25:00Z,95.7885,0.000000,0.000000,0.000000,above_band_high
2026-07-13T17:26:00Z,95.7229,0.000000,0.000000,0.000000,above_band_high
2026-07-13T17:27:00Z,95.6771,0.000000,0.000000,0.000000,above_band_high
2026-07-13T17:28:00Z,95.7092,0.000000,0.000000,0.000000,above_band_high
2026-07-13T17:29:00Z,95.7153,0.000000,0.000000,0.000000,above_band_high
2026-07-13T17:30:00Z,95.7702,0.000000,0.000000,0.000000,above_band_high
2026-07-13T17:31:00Z,95.7244,0.000000,0.000000,0.000000,above_band_high
2026-07-13T17:32:00Z,95.7641,0.000000,0.000000,0.000000,above_band_high
2026-07-13T17:33:00Z,95.7504,0.000000,0.000000,0.000000,above_band_high
2026-07-13T17:34:00Z,95.7504,0.000000,0.000000,0.000000,above_band_high
2026-07-13T17:35:00Z,95.7458,0.000000,0.000000,0.000000,above_band_high
2026-07-13T17:36:00Z,95.7610,0.000000,0.000000,0.000000,above_band_high
2026-07-13T17:37:00Z,95.7565,0.000000,0.000000,0.000000,above_band_high
2026-07-13T17:38:00Z,95.7336,0.000000,0.000000,0.000000,above_band_high
2026-07-13T17:39:00Z,95.7702,0.000000,0.000000,0.000000,above_band_high
2026-07-13T17:40:00Z,95.7229,0.000000,0.000000,0.000000,above_band_high
2026-07-13T17:41:00Z,95.7412,0.000000,0.000000,0.000000,above_band_high
2026-07-13T17:42:00Z,95.7641,0.000000,0.000000,0.000000,above_band_high
2026-07-13T17:43:00Z,95.7092,0.000000,0.000000,0.000000,above_band_high
2026-07-13T17:44:00Z,95.7046,0.000000,0.000000,0.000000,above_band_high
2026-07-13T17:45:00Z,95.7244,0.000000,0.000000,0.000000,above_band_high
2026-07-13T17:46:00Z,95.7229,0.000000,0.000000,0.000000,above_band_high
2026-07-13T17:47:00Z,95.7336,0.000000,0.000000,0.000000,above_band_high
2026-07-13T17:48:00Z,95.7107,0.000000,0.000000,0.000000,above_band_high
2026-07-13T17:49:00Z,95.6771,0.000000,0.000000,0.000000,above_band_high
2026-07-13T17:50:00Z,95.6924,0.000000,0.000000,0.000000,above_band_high
2026-07-13T17:51:00Z,95.7000,0.000000,0.000000,0.000000,above_band_high
2026-07-13T17:52:00Z,95.6817,0.000000,0.000000,0.000000,above_band_high
2026-07-13T17:53:00Z,95.6863,0.000000,0.000000,0.000000,above_band_high
2026-07-13T17:54:00Z,95.6405,0.000000,0.000000,0.000000,above_band_high
2026-07-13T17:55:00Z,95.6863,0.000000,0.000000,0.000000,above_band_high
2026-07-13T17:56:00Z,95.6771,0.000000,0.000000,0.000000,above_band_high
2026-07-13T17:57:00Z,95.6924,0.000000,0.000000,0.000000,above_band_high
2026-07-13T17:58:00Z,95.6466,0.000000,0.000000,0.000000,above_band_high
2026-07-13T17:59:00Z,95.6878,0.000000,0.000000,0.000000,above_band_high
2026-07-13T18:00:00Z,95.6420,0.000000,0.000000,0.000000,above_band_high
2026-07-13T18:01:00Z,95.6680,0.000000,0.000000,0.000000,above_band_high
2026-07-13T18:02:00Z,95.6649,0.000000,0.000000,0.000000,above_band_high
2026-07-13T18:03:00Z,95.6817,0.000000,0.000000,0.000000,above_band_high
2026-07-13T18:04:00Z,95.6771,0.000000,0.000000,0.000000,above_band_high
2026-07-13T18:05:00Z,95.6970,0.000000,0.000000,0.000000,above_band_high
2026-07-13T18:06:00Z,95.6863,0.000000,0.000000,0.000000,above_band_high
2026-07-13T18:07:00Z,95.6695,0.000000,0.000000,0.000000,above_band_high
2026-07-13T18:08:00Z,95.7046,0.000000,0.000000,0.000000,above_band_high
2026-07-13T18:09:00Z,95.7107,0.000000,0.000000,0.000000,above_band_high
2026-07-13T18:10:00Z,95.7000,0.000000,0.000000,0.000000,above_band_high
2026-07-13T18:11:00Z,95.6634,0.000000,0.000000,0.000000,above_band_high
2026-07-13T18:12:00Z,95.6832,0.000000,0.000000,0.000000,above_band_high
2026-07-13T18:13:00Z,95.6634,0.000000,0.000000,0.000000,above_band_high
2026-07-13T18:14:00Z,95.6878,0.000000,0.000000,0.000000,above_band_high
2026-07-13T18:15:00Z,95.6924,0.000000,0.000000,0.000000,above_band_high
2026-07-13T18:16:00Z,95.6832,0.000000,0.000000,0.000000,above_band_high
2026-07-13T18:17:00Z,95.6466,0.000000,0.000000,0.000000,above_band_high
2026-07-13T18:18:00Z,95.6771,0.000000,0.000000,0.000000,above_band_high
2026-07-13T18:19:00Z,95.6725,0.000000,0.000000,0.000000,above_band_high
2026-07-13T18:20:00Z,95.6649,0.000000,0.000000,0.000000,above_band_high
2026-07-13T18:21:00Z,95.6558,0.000000,0.000000,0.000000,above_band_high
2026-07-13T18:22:00Z,95.6695,0.000000,0.000000,0.000000,above_band_high
2026-07-13T18:23:00Z,95.6558,0.000000,0.000000,0.000000,above_band_high
2026-07-13T18:24:00Z,95.6420,0.000000,0.000000,0.000000,above_band_high
2026-07-13T18:25:00Z,95.6634,0.000000,0.000000,0.000000,above_band_high
2026-07-13T18:26:00Z,95.6588,0.000000,0.000000,0.000000,above_band_high
2026-07-13T18:27:00Z,95.6634,0.000000,0.000000,0.000000,above_band_high
2026-07-13T18:28:00Z,95.6558,0.000000,0.000000,0.000000,above_band_high
2026-07-13T18:29:00Z,95.6649,0.000000,0.000000,0.000000,above_band_high
2026-07-13T18:30:00Z,95.6268,0.000000,0.000000,0.000000,above_band_high
2026-07-13T18:31:00Z,95.6970,0.000000,0.000000,0.000000,above_band_high
2026-07-13T18:32:00Z,95.6146,0.000000,0.000000,0.000000,above_band_high
2026-07-13T18:33:00Z,95.6191,0.000000,0.000000,0.000000,above_band_high
2026-07-13T18:34:00Z,95.6191,0.000000,0.000000,0.000000,above_band_high
2026-07-13T18:35:00Z,95.6039,0.000000,0.000000,0.000000,above_band_high
2026-07-13T18:36:00Z,95.6100,0.000000,0.000000,0.000000,above_band_high
2026-07-13T18:37:00Z,95.6359,0.000000,0.000000,0.000000,above_band_high
2026-07-13T18:38:00Z,95.6100,0.000000,0.000000,0.000000,above_band_high
2026-07-13T18:39:00Z,95.6191,0.000000,0.000000,0.000000,above_band_high
2026-07-13T18:40:00Z,95.5901,0.000000,0.000000,0.000000,above_band_high
2026-07-13T18:41:00Z,95.5901,0.000000,0.000000,0.000000,above_band_high
2026-07-13T18:42:00Z,95.6100,0.000000,0.000000,0.000000,above_band_high
2026-07-13T18:43:00Z,95.6100,0.000000,0.000000,0.000000,above_band_high
2026-07-13T18:44:00Z,95.5779,0.000000,0.000000,0.000000,above_band_high
2026-07-13T18:45:00Z,95.5489,0.000000,0.000000,0.000000,above_band_high
2026-07-13T18:46:00Z,95.5627,0.000000,0.000000,0.000000,above_band_high
2026-07-13T18:47:00Z,95.5901,0.000000,0.000000,0.000000,above_band_high
2026-07-13T18:48:00Z,95.5917,0.000000,0.000000,0.000000,above_band_high
2026-07-13T18:49:00Z,95.5444,0.000000,0.000000,0.000000,above_band_high
2026-07-13T18:50:00Z,95.5444,0.000000,0.000000,0.000000,above_band_high
2026-07-13T18:51:00Z,95.5718,0.000000,0.000000,0.000000,above_band_high
2026-07-13T18:52:00Z,95.5444,0.000000,0.000000,0.000000,above_band_high
2026-07-13T18:53:00Z,95.5550,0.000000,0.000000,0.000000,above_band_high
2026-07-13T18:54:00Z,95.5444,0.000000,0.000000,0.000000,above_band_high
2026-07-13T18:55:00Z,95.5550,0.000000,0.000000,0.000000,above_band_high
2026-07-13T18:56:00Z,95.5322,0.000000,0.000000,0.000000,above_band_high
2026-07-13T18:57:00Z,95.5627,0.000000,0.000000,0.000000,above_band_high
2026-07-13T18:58:00Z,95.5322,0.000000,0.000000,0.000000,above_band_high
2026-07-13T18:59:00Z,95.5215,0.000000,0.000000,0.000000,above_band_high
2026-07-13T19:00:00Z,95.5718,0.000000,0.000000,0.000000,above_band_high
2026-07-13T19:01:00Z,95.5398,0.000000,0.000000,0.000000,above_band_high
2026-07-13T19:02:00Z,95.5001,0.000000,0.000000,0.000000,above_band_high
2026-07-13T19:03:00Z,95.5779,0.000000,0.000000,0.000000,above_band_high
2026-07-13T19:04:00Z,95.5642,0.000000,0.000000,0.000000,above_band_high
2026-07-13T19:05:00Z,95.5642,0.000000,0.000000,0.000000,above_band_high
2026-07-13T19:06:00Z,95.5398,0.000000,0.000000,0.000000,above_band_high
2026-07-13T19:07:00Z,95.5627,0.000000,0.000000,0.000000,above_band_high
2026-07-13T19:08:00Z,95.5550,0.000000,0.000000,0.000000,above_band_high
2026-07-13T19:09:00Z,95.5398,0.000000,0.000000,0.000000,above_band_high
2026-07-13T19:10:00Z,95.5489,0.000000,0.000000,0.000000,above_band_high
2026-07-13T19:11:00Z,95.5779,0.000000,0.000000,0.000000,above_band_high
2026-07-13T19:12:00Z,95.5489,0.000000,0.000000,0.000000,above_band_high
2026-07-13T19:13:00Z,95.5505,0.000000,0.000000,0.000000,above_band_high
2026-07-13T19:14:00Z,95.5581,0.000000,0.000000,0.000000,above_band_high
2026-07-13T19:15:00Z,95.5550,0.000000,0.000000,0.000000,above_band_high
2026-07-13T19:16:00Z,95.5276,0.000000,0.000000,0.000000,above_band_high
2026-07-13T19:17:00Z,95.5398,0.000000,0.000000,0.000000,above_band_high
2026-07-13T19:18:00Z,95.5367,0.000000,0.000000,0.000000,above_band_high
2026-07-13T19:19:00Z,95.5398,0.000000,0.000000,0.000000,above_band_high
2026-07-13T19:20:00Z,95.5261,0.000000,0.000000,0.000000,above_band_high
2026-07-13T19:21:00Z,95.5322,0.000000,0.000000,0.000000,above_band_high
2026-07-13T19:22:00Z,95.5215,0.000000,0.000000,0.000000,above_band_high
2026-07-13T19:23:00Z,95.5261,0.000000,0.000000,0.000000,above_band_high
2026-07-13T19:24:00Z,95.5047,0.000000,0.000000,0.000000,above_band_high
2026-07-13T19:25:00Z,95.4910,0.000000,0.000000,0.000000,above_band_high
2026-07-13T19:26:00Z,95.5093,0.000000,0.000000,0.000000,above_band_high
2026-07-13T19:27:00Z,95.4986,0.000000,0.000000,0.000000,above_band_high
2026-07-13T19:28:00Z,95.5184,0.000000,0.000000,0.000000,above_band_high
2026-07-13T19:29:00Z,95.4803,0.000000,0.000000,0.000000,above_band_high
2026-07-13T19:30:00Z,95.5276,0.000000,0.000000,0.000000,above_band_high
2026-07-13T19:31:00Z,95.5276,0.000000,0.000000,0.000000,above_band_high
2026-07-13T19:32:00Z,95.4940,0.000000,0.000000,0.000000,above_band_high
2026-07-13T19:33:00Z,95.4864,0.000000,0.000000,0.000000,above_band_high
2026-07-13T19:34:00Z,95.5138,0.000000,0.000000,0.000000,above_band_high
2026-07-13T19:35:00Z,95.5047,0.000000,0.000000,0.000000,above_band_high
2026-07-13T19:36:00Z,95.5093,0.000000,0.000000,0.000000,above_band_high
2026-07-13T19:37:00Z,95.4940,0.000000,0.000000,0.000000,above_band_high
2026-07-13T19:38:00Z,95.5138,0.000000,0.000000,0.000000,above_band_high
2026-07-13T19:39:00Z,95.4940,0.000000,0.000000,0.000000,above_band_high
2026-07-13T19:40:00Z,95.5215,0.000000,0.000000,0.000000,above_band_high
2026-07-13T19:41:00Z,95.4940,0.000000,0.000000,0.000000,above_band_high
2026-07-13T19:42:00Z,95.4910,0.000000,0.000000,0.000000,above_band_high
2026-07-13T19:43:00Z,95.5093,0.000000,0.000000,0.000000,above_band_high
2026-07-13T19:44:00Z,95.4910,0.000000,0.000000,0.000000,above_band_high
2026-07-13T19:45:00Z,95.4803,0.000000,0.000000,0.000000,above_band_high
2026-07-13T19:46:00Z,95.4757,0.000000,0.000000,0.000000,above_band_high
2026-07-13T19:47:00Z,95.4635,0.000000,0.000000,0.000000,above_band_high
2026-07-13T19:48:00Z,95.5123,0.000000,0.000000,0.000000,above_band_high
2026-07-13T19:49:00Z,95.4910,0.000000,0.000000,0.000000,above_band_high
2026-07-13T19:50:00Z,95.4803,0.000000,0.000000,0.000000,above_band_high
2026-07-13T19:51:00Z,95.5032,0.000000,0.000000,0.000000,above_band_high
2026-07-13T19:52:00Z,95.4910,0.000000,0.000000,0.000000,above_band_high
2026-07-13T19:53:00Z,95.4620,0.000000,0.000000,0.000000,above_band_high
2026-07-13T19:54:00Z,95.4757,0.000000,0.000000,0.000000,above_band_high
2026-07-13T19:55:00Z,95.4681,0.000000,0.000000,0.000000,above_band_high
2026-07-13T19:56:00Z,95.5032,0.000000,0.000000,0.000000,above_band_high
2026-07-13T19:57:00Z,95.5032,0.000000,0.000000,0.000000,above_band_high
2026-07-13T19:58:00Z,95.4803,0.000000,0.000000,0.000000,above_band_high
2026-07-13T19:59:00Z,95.4955,0.000000,0.000000,0.000000,above_band_high
2026-07-13T20:00:00Z,95.4986,0.000000,0.000000,0.000000,above_band_high
2026-07-13T20:01:00Z,95.4986,0.000000,0.000000,0.000000,above_band_high
2026-07-13T20:02:00Z,95.5261,0.000000,0.000000,0.000000,above_band_high
2026-07-13T20:03:00Z,95.4757,0.000000,0.000000,0.000000,above_band_high
2026-07-13T20:04:00Z,95.4986,0.000000,0.000000,0.000000,above_band_high
2026-07-13T20:05:00Z,95.5138,0.000000,0.000000,0.000000,above_band_high
2026-07-13T20:06:00Z,95.5093,0.000000,0.000000,0.000000,above_band_high
2026-07-13T20:07:00Z,95.4986,0.000000,0.000000,0.000000,above_band_high
2026-07-13T20:08:00Z,95.4681,0.000000,0.000000,0.000000,above_band_high
2026-07-13T20:09:00Z,95.5779,0.000000,0.000000,0.000000,above_band_high
2026-07-13T20:10:00Z,95.5444,0.000000,0.000000,0.000000,above_band_high
2026-07-13T20:11:00Z,95.4772,0.000000,0.000000,0.000000,above_band_high
2026-07-13T20:12:00Z,95.5093,0.000000,0.000000,0.000000,above_band_high
2026-07-13T20:13:00Z,95.5261,0.000000,0.000000,0.000000,above_band_high
2026-07-13T20:14:00Z,95.5032,0.000000,0.000000,0.000000,above_band_high
2026-07-13T20:15:00Z,95.5398,0.000000,0.000000,0.000000,above_band_high
2026-07-13T20:16:00Z,95.5230,0.000000,0.000000,0.000000,above_band_high
2026-07-13T20:17:00Z,95.4910,0.000000,0.000000,0.000000,above_band_high
2026-07-13T20:18:00Z,95.5123,0.000000,0.000000,0.000000,above_band_high
2026-07-13T20:19:00Z,95.5184,0.000000,0.000000,0.000000,above_band_high
2026-07-13T20:20:00Z,95.4803,0.000000,0.000000,0.000000,above_band_high
2026-07-13T20:21:00Z,95.5077,0.000000,0.000000,0.000000,above_band_high
2026-07-13T20:22:00Z,95.5001,0.000000,0.000000,0.000000,above_band_high
2026-07-13T20:23:00Z,95.5032,0.000000,0.000000,0.000000,above_band_high
2026-07-13T20:24:00Z,95.4986,0.000000,0.000000,0.000000,above_band_high
2026-07-13T20:25:00Z,95.5184,0.000000,0.000000,0.000000,above_band_high
2026-07-13T20:26:00Z,95.5184,0.000000,0.000000,0.000000,above_band_high
2026-07-13T20:27:00Z,95.5413,0.000000,0.000000,0.000000,above_band_high
2026-07-13T20:28:00Z,95.5001,0.000000,0.000000,0.000000,above_band_high
2026-07-13T20:29:00Z,95.5215,0.000000,0.000000,0.000000,above_band_high
2026-07-13T20:30:00Z,95.5261,0.000000,0.000000,0.000000,above_band_high
2026-07-13T20:31:00Z,95.5398,0.000000,0.000000,0.000000,above_band_high
2026-07-13T20:32:00Z,95.5077,0.000000,0.000000,0.000000,above_band_high
2026-07-13T20:33:00Z,95.5215,0.000000,0.000000,0.000000,above_band_high
2026-07-13T20:34:00Z,95.5459,0.000000,0.000000,0.000000,above_band_high
2026-07-13T20:35:00Z,95.5138,0.000000,0.000000,0.000000,above_band_high
2026-07-13T20:36:00Z,95.5276,0.000000,0.000000,0.000000,above_band_high
2026-07-13T20:37:00Z,95.5581,0.000000,0.000000,0.000000,above_band_high
2026-07-13T20:38:00Z,95.5215,0.000000,0.000000,0.000000,above_band_high
2026-07-13T20:39:00Z,95.5352,0.000000,0.000000,0.000000,above_band_high
2026-07-13T20:40:00Z,95.5535,0.000000,0.000000,0.000000,above_band_high
2026-07-13T20:41:00Z,95.5413,0.000000,0.000000,0.000000,above_band_high
2026-07-13T20:42:00Z,95.5505,0.000000,0.000000,0.000000,above_band_high
2026-07-13T20:43:00Z,95.5459,0.000000,0.000000,0.000000,above_band_high
2026-07-13T20:44:00Z,95.5077,0.000000,0.000000,0.000000,above_band_high
2026-07-13T20:45:00Z,95.5535,0.000000,0.000000,0.000000,above_band_high
2026-07-13T20:46:00Z,95.5261,0.000000,0.000000,0.000000,above_band_high
2026-07-13T20:47:00Z,95.5184,0.000000,0.000000,0.000000,above_band_high
2026-07-13T20:48:00Z,95.5398,0.000000,0.000000,0.000000,above_band_high
2026-07-13T20:49:00Z,95.5352,0.000000,0.000000,0.000000,above_band_high
2026-07-13T20:50:00Z,95.5230,0.000000,0.000000,0.000000,above_band_high
2026-07-13T20:51:00Z,95.5230,0.000000,0.000000,0.000000,above_band_high
2026-07-13T20:52:00Z,95.5352,0.000000,0.000000,0.000000,above_band_high
2026-07-13T20:53:00Z,95.5322,0.000000,0.000000,0.000000,above_band_high
2026-07-13T20:54:00Z,95.5169,0.000000,0.000000,0.000000,above_band_high
2026-07-13T20:55:00Z,95.4894,0.000000,0.000000,0.000000,above_band_high
2026-07-13T20:56:00Z,95.4894,0.000000,0.000000,0.000000,above_band_high
2026-07-13T20:57:00Z,95.5276,0.000000,0.000000,0.000000,above_band_high
2026-07-13T20:58:00Z,95.5276,0.000000,0.000000,0.000000,above_band_high
2026-07-13T20:59:00Z,95.5352,0.000000,0.000000,0.000000,above_band_high
2026-07-13T21:00:00Z,95.5047,0.000000,0.000000,0.000000,above_band_high
2026-07-13T21:01:00Z,95.5459,0.000000,0.000000,0.000000,above_band_high
2026-07-13T21:02:00Z,95.5230,0.000000,0.000000,0.000000,above_band_high
2026-07-13T21:03:00Z,95.5230,0.000000,0.000000,0.000000,above_band_high
2026-07-13T21:04:00Z,95.5001,0.000000,0.000000,0.000000,above_band_high
2026-07-13T21:05:00Z,95.5459,0.000000,0.000000,0.000000,above_band_high
2026-07-13T21:06:00Z,95.5459,0.000000,0.000000,0.000000,above_band_high
2026-07-13T21:07:00Z,95.5322,0.000000,0.000000,0.000000,above_band_high
2026-07-13T21:08:00Z,95.5673,0.000000,0.000000,0.000000,above_band_high
2026-07-13T21:09:00Z,95.5398,0.000000,0.000000,0.000000,above_band_high
2026-07-13T21:10:00Z,95.5581,0.000000,0.000000,0.000000,above_band_high
2026-07-13T21:11:00Z,95.5535,0.000000,0.000000,0.000000,above_band_high
2026-07-13T21:12:00Z,95.5398,0.000000,0.000000,0.000000,above_band_high
2026-07-13T21:13:00Z,95.5169,0.000000,0.000000,0.000000,above_band_high
2026-07-13T21:14:00Z,95.5917,0.000000,0.000000,0.000000,above_band_high
2026-07-13T21:15:00Z,95.5993,0.000000,0.000000,0.000000,above_band_high
2026-07-13T21:16:00Z,95.5688,0.000000,0.000000,0.000000,above_band_high
2026-07-13T21:17:00Z,95.5489,0.000000,0.000000,0.000000,above_band_high
2026-07-13T21:18:00Z,95.5871,0.000000,0.000000,0.000000,above_band_high
2026-07-13T21:19:00Z,95.5581,0.000000,0.000000,0.000000,above_band_high
2026-07-13T21:20:00Z,95.5642,0.000000,0.000000,0.000000,above_band_high
2026-07-13T21:21:00Z,95.5505,0.000000,0.000000,0.000000,above_band_high
2026-07-13T21:22:00Z,95.5917,0.000000,0.000000,0.000000,above_band_high
2026-07-13T21:23:00Z,95.5642,0.000000,0.000000,0.000000,above_band_high
2026-07-13T21:24:00Z,95.5856,0.000000,0.000000,0.000000,above_band_high
2026-07-13T21:25:00Z,95.5581,0.000000,0.000000,0.000000,above_band_high
2026-07-13T21:26:00Z,95.5962,0.000000,0.000000,0.000000,above_band_high
2026-07-13T21:27:00Z,95.5810,0.000000,0.000000,0.000000,above_band_high
2026-07-13T21:28:00Z,95.5962,0.000000,0.000000,0.000000,above_band_high
2026-07-13T21:29:00Z,95.6008,0.000000,0.000000,0.000000,above_band_high
2026-07-13T21:30:00Z,95.5505,0.000000,0.000000,0.000000,above_band_high
2026-07-13T21:31:00Z,95.5962,0.000000,0.000000,0.000000,above_band_high
2026-07-13T21:32:00Z,95.6268,0.000000,0.000000,0.000000,above_band_high
2026-07-13T21:33:00Z,95.5718,0.000000,0.000000,0.000000,above_band_high
2026-07-13T21:34:00Z,95.5917,0.000000,0.000000,0.000000,above_band_high
2026-07-13T21:35:00Z,95.5718,0.000000,0.000000,0.000000,above_band_high
2026-07-13T21:36:00Z,95.5642,0.000000,0.000000,0.000000,above_band_high
2026-07-13T21:37:00Z,95.6146,0.000000,0.000000,0.000000,above_band_high
2026-07-13T21:38:00Z,95.5993,0.000000,0.000000,0.000000,above_band_high
2026-07-13T21:39:00Z,95.6191,0.000000,0.000000,0.000000,above_band_high
2026-07-13T21:40:00Z,95.5901,0.000000,0.000000,0.000000,above_band_high
2026-07-13T21:41:00Z,95.5993,0.000000,0.000000,0.000000,above_band_high
2026-07-13T21:42:00Z,95.6039,0.000000,0.000000,0.000000,above_band_high
2026-07-13T21:43:00Z,95.6146,0.000000,0.000000,0.000000,above_band_high
2026-07-13T21:44:00Z,95.6268,0.000000,0.000000,0.000000,above_band_high
2026-07-13T21:45:00Z,95.6039,0.000000,0.000000,0.000000,above_band_high
2026-07-13T21:46:00Z,95.5917,0.000000,0.000000,0.000000,above_band_high
2026-07-13T21:47:00Z,95.5734,0.000000,0.000000,0.000000,above_band_high
2026-07-13T21:48:00Z,95.5581,0.000000,0.000000,0.000000,above_band_high
2026-07-13T21:49:00Z,95.5779,0.000000,0.000000,0.000000,above_band_high
2026-07-13T21:50:00Z,95.5734,0.000000,0.000000,0.000000,above_band_high
2026-07-13T21:51:00Z,95.5810,0.000000,0.000000,0.000000,above_band_high
2026-07-13T21:52:00Z,95.5535,0.000000,0.000000,0.000000,above_band_high
2026-07-13T21:53:00Z,95.5917,0.000000,0.000000,0.000000,above_band_high
2026-07-13T21:54:00Z,95.5444,0.000000,0.000000,0.000000,above_band_high
2026-07-13T21:55:00Z,95.5810,0.000000,0.000000,0.000000,above_band_high
2026-07-13T21:56:00Z,95.5596,0.000000,0.000000,0.000000,above_band_high
2026-07-13T21:57:00Z,95.5871,0.000000,0.000000,0.000000,above_band_high
2026-07-13T21:58:00Z,95.5673,0.000000,0.000000,0.000000,above_band_high
2026-07-13T21:59:00Z,95.5962,0.000000,0.000000,0.000000,above_band_high
2026-07-13T22:00:00Z,95.5871,0.000000,0.000000,0.000000,above_band_high
2026-07-13T22:01:00Z,95.5993,0.000000,0.000000,0.000000,above_band_high
2026-07-13T22:02:00Z,95.5810,0.000000,0.000000,0.000000,above_band_high
2026-07-13T22:03:00Z,95.5673,0.000000,0.000000,0.000000,above_band_high
2026-07-13T22:04:00Z,95.5734,0.000000,0.000000,0.000000,above_band_high
2026-07-13T22:05:00Z,95.5810,0.000000,0.000000,0.000000,above_band_high
2026-07-13T22:06:00Z,95.5871,0.000000,0.000000,0.000000,above_band_high
2026-07-13T22:07:00Z,95.5993,0.000000,0.000000,0.000000,above_band_high
2026-07-13T22:08:00Z,95.5779,0.000000,0.000000,0.000000,above_band_high
2026-07-13T22:09:00Z,95.5993,0.000000,0.000000,0.000000,above_band_high
2026-07-13T22:10:00Z,95.6085,0.000000,0.000000,0.000000,above_band_high
2026-07-13T22:11:00Z,95.5962,0.000000,0.000000,0.000000,above_band_high
2026-07-13T22:12:00Z,95.5993,0.000000,0.000000,0.000000,above_band_high
2026-07-13T22:13:00Z,95.5856,0.000000,0.000000,0.000000,above_band_high
2026-07-13T22:14:00Z,95.5779,0.000000,0.000000,0.000000,above_band_high
2026-07-13T22:15:00Z,95.6054,0.000000,0.000000,0.000000,above_band_high
2026-07-13T22:16:00Z,95.6146,0.000000,0.000000,0.000000,above_band_high
2026-07-13T22:17:00Z,95.6222,0.000000,0.000000,0.000000,above_band_high
2026-07-13T22:18:00Z,95.5962,0.000000,0.000000,0.000000,above_band_high
2026-07-13T22:19:00Z,95.5917,0.000000,0.000000,0.000000,above_band_high
2026-07-13T22:20:00Z,95.5764,0.000000,0.000000,0.000000,above_band_high
2026-07-13T22:21:00Z,95.5917,0.000000,0.000000,0.000000,above_band_high
2026-07-13T22:22:00Z,95.5871,0.000000,0.000000,0.000000,above_band_high
2026-07-13T22:23:00Z,95.5947,0.000000,0.000000,0.000000,above_band_high
2026-07-13T22:24:00Z,95.6008,0.000000,0.000000,0.000000,above_band_high
2026-07-13T22:25:00Z,95.5962,0.000000,0.000000,0.000000,above_band_high
2026-07-13T22:26:00Z,95.5810,0.000000,0.000000,0.000000,above_band_high
2026-07-13T22:27:00Z,95.6039,0.000000,0.000000,0.000000,above_band_high
2026-07-13T22:28:00Z,95.6222,0.000000,0.000000,0.000000,above_band_high
2026-07-13T22:29:00Z,95.5856,0.000000,0.000000,0.000000,above_band_high
2026-07-13T22:30:00Z,95.5962,0.000000,0.000000,0.000000,above_band_high
2026-07-13T22:31:00Z,95.5856,0.000000,0.000000,0.000000,above_band_high
2026-07-13T22:32:00Z,95.6100,0.000000,0.000000,0.000000,above_band_high
2026-07-13T22:33:00Z,95.6039,0.000000,0.000000,0.000000,above_band_high
2026-07-13T22:34:00Z,95.5993,0.000000,0.000000,0.000000,above_band_high
2026-07-13T22:35:00Z,95.6039,0.000000,0.000000,0.000000,above_band_high
2026-07-13T22:36:00Z,95.5993,0.000000,0.000000,0.000000,above_band_high
2026-07-13T22:37:00Z,95.6100,0.000000,0.000000,0.000000,above_band_high
2026-07-13T22:38:00Z,95.6512,0.000000,0.000000,0.000000,above_band_high
2026-07-13T22:39:00Z,95.6100,0.000000,0.000000,0.000000,above_band_high
2026-07-13T22:40:00Z,95.6176,0.000000,0.000000,0.000000,above_band_high
2026-07-13T22:41:00Z,95.6268,0.000000,0.000000,0.000000,above_band_high
2026-07-13T22:42:00Z,95.6603,0.000000,0.000000,0.000000,above_band_high
2026-07-13T22:43:00Z,95.6176,0.000000,0.000000,0.000000,above_band_high
2026-07-13T22:44:00Z,95.6237,0.000000,0.000000,0.000000,above_band_high
2026-07-13T22:45:00Z,95.6374,0.000000,0.000000,0.000000,above_band_high
2026-07-13T22:46:00Z,95.6359,0.000000,0.000000,0.000000,above_band_high
2026-07-13T22:47:00Z,95.6191,0.000000,0.000000,0.000000,above_band_high
2026-07-13T22:48:00Z,95.6313,0.000000,0.000000,0.000000,above_band_high
2026-07-13T22:49:00Z,95.6039,0.000000,0.000000,0.000000,above_band_high
2026-07-13T22:50:00Z,95.6237,0.000000,0.000000,0.000000,above_band_high
2026-07-13T22:51:00Z,95.6039,0.000000,0.000000,0.000000,above_band_high
2026-07-13T22:52:00Z,95.5901,0.000000,0.000000,0.000000,above_band_high
2026-07-13T22:53:00Z,95.5993,0.000000,0.000000,0.000000,above_band_high
2026-07-13T22:54:00Z,95.6283,0.000000,0.000000,0.000000,above_band_high
2026-07-13T22:55:00Z,95.6085,0.000000,0.000000,0.000000,above_band_high
2026-07-13T22:56:00Z,95.5917,0.000000,0.000000,0.000000,above_band_high
2026-07-13T22:57:00Z,95.6497,0.000000,0.000000,0.000000,above_band_high
2026-07-13T22:58:00Z,95.5993,0.000000,0.000000,0.000000,above_band_high
2026-07-13T22:59:00Z,95.6374,0.000000,0.000000,0.000000,above_band_high
2026-07-13T23:00:00Z,95.6222,0.000000,0.000000,0.000000,above_band_high
2026-07-13T23:01:00Z,95.6420,0.000000,0.000000,0.000000,above_band_high
2026-07-13T23:02:00Z,95.5962,0.000000,0.000000,0.000000,above_band_high
2026-07-13T23:03:00Z,95.6191,0.000000,0.000000,0.000000,above_band_high
2026-07-13T23:04:00Z,95.6420,0.000000,0.000000,0.000000,above_band_high
2026-07-13T23:05:00Z,95.6191,0.000000,0.000000,0.000000,above_band_high
2026-07-13T23:06:00Z,95.6268,0.000000,0.000000,0.000000,above_band_high
2026-07-13T23:07:00Z,95.6222,0.000000,0.000000,0.000000,above_band_high
2026-07-13T23:08:00Z,95.6374,0.000000,0.000000,0.000000,above_band_high
2026-07-13T23:09:00Z,95.6359,0.000000,0.000000,0.000000,above_band_high
2026-07-13T23:10:00Z,95.6313,0.000000,0.000000,0.000000,above_band_high
2026-07-13T23:11:00Z,95.6039,0.000000,0.000000,0.000000,above_band_high
2026-07-13T23:12:00Z,95.6222,0.000000,0.000000,0.000000,above_band_high
2026-07-13T23:13:00Z,95.6451,0.000000,0.000000,0.000000,above_band_high
2026-07-13T23:14:00Z,95.6268,0.000000,0.000000,0.000000,above_band_high
2026-07-13T23:15:00Z,95.6374,0.000000,0.000000,0.000000,above_band_high
2026-07-13T23:16:00Z,95.6359,0.000000,0.000000,0.000000,above_band_high
2026-07-13T23:17:00Z,95.6420,0.000000,0.000000,0.000000,above_band_high
2026-07-13T23:18:00Z,95.6680,0.000000,0.000000,0.000000,above_band_high
2026-07-13T23:19:00Z,95.6191,0.000000,0.000000,0.000000,above_band_high
2026-07-13T23:20:00Z,95.6268,0.000000,0.000000,0.000000,above_band_high
2026-07-13T23:21:00Z,95.6466,0.000000,0.000000,0.000000,above_band_high
2026-07-13T23:22:00Z,95.6283,0.000000,0.000000,0.000000,above_band_high
2026-07-13T23:23:00Z,95.6542,0.000000,0.000000,0.000000,above_band_high
2026-07-13T23:24:00Z,95.6222,0.000000,0.000000,0.000000,above_band_high
2026-07-13T23:25:00Z,95.6542,0.000000,0.000000,0.000000,above_band_high
2026-07-13T23:26:00Z,95.6817,0.000000,0.000000,0.000000,above_band_high
2026-07-13T23:27:00Z,95.6497,0.000000,0.000000,0.000000,above_band_high
2026-07-13T23:28:00Z,95.6466,0.000000,0.000000,0.000000,above_band_high
2026-07-13T23:29:00Z,95.6603,0.000000,0.000000,0.000000,above_band_high
2026-07-13T23:30:00Z,95.6268,0.000000,0.000000,0.000000,above_band_high
2026-07-13T23:31:00Z,95.6497,0.000000,0.000000,0.000000,above_band_high
2026-07-13T23:32:00Z,95.6405,0.000000,0.000000,0.000000,above_band_high
2026-07-13T23:33:00Z,95.6313,0.000000,0.000000,0.000000,above_band_high
2026-07-13T23:34:00Z,95.6497,0.000000,0.000000,0.000000,above_band_high
2026-07-13T23:35:00Z,95.6497,0.000000,0.000000,0.000000,above_band_high
2026-07-13T23:36:00Z,95.6313,0.000000,0.000000,0.000000,above_band_high
2026-07-13T23:37:00Z,95.6222,0.000000,0.000000,0.000000,above_band_high
2026-07-13T23:38:00Z,95.6268,0.000000,0.000000,0.000000,above_band_high
2026-07-13T23:39:00Z,95.6588,0.000000,0.000000,0.000000,above_band_high
2026-07-13T23:40:00Z,95.6054,0.000000,0.000000,0.000000,above_band_high
2026-07-13T23:41:00Z,95.6054,0.000000,0.000000,0.000000,above_band_high
2026-07-13T23:42:00Z,95.6268,0.000000,0.000000,0.000000,above_band_high
2026-07-13T23:43:00Z,95.6130,0.000000,0.000000,0.000000,above_band_high
2026-07-13T23:44:00Z,95.5962,0.000000,0.000000,0.000000,above_band_high
2026-07-13T23:45:00Z,95.6146,0.000000,0.000000,0.000000,above_band_high
2026-07-13T23:46:00Z,95.6237,0.000000,0.000000,0.000000,above_band_high
2026-07-13T23:47:00Z,95.5779,0.000000,0.000000,0.000000,above_band_high
2026-07-13T23:48:00Z,95.5779,0.000000,0.000000,0.000000,above_band_high
2026-07-13T23:49:00Z,95.5688,0.000000,0.000000,0.000000,above_band_high
2026-07-13T23:50:00Z,95.5596,0.000000,0.000000,0.000000,above_band_high
2026-07-13T23:51:00Z,95.5398,0.000000,0.000000,0.000000,above_band_high
2026-07-13T23:52:00Z,95.5505,0.000000,0.000000,0.000000,above_band_high
2026-07-13T23:53:00Z,95.5596,0.000000,0.000000,0.000000,above_band_high
2026-07-13T23:54:00Z,95.5352,0.000000,0.000000,0.000000,above_band_high
2026-07-13T23:55:00Z,95.5169,0.000000,0.000000,0.000000,above_band_high
2026-07-13T23:56:00Z,95.5673,0.000000,0.000000,0.000000,above_band_high
2026-07-13T23:57:00Z,95.5184,0.000000,0.000000,0.000000,above_band_high
2026-07-13T23:58:00Z,95.5215,0.000000,0.000000,0.000000,above_band_high
2026-07-13T23:59:00Z,95.4818,0.000000,0.000000,0.000000,above_band_high
2026-07-14T00:00:00Z,95.5444,0.000000,0.000000,0.000000,above_band_high
2026-07-14T00:01:00Z,95.5261,0.000000,0.000000,0.000000,above_band_high
2026-07-14T00:02:00Z,95.5398,0.000000,0.000000,0.000000,above_band_high
2026-07-14T00:03:00Z,95.5459,0.000000,0.000000,0.000000,above_band_high
2026-07-14T00:04:00Z,95.5047,0.000000,0.000000,0.000000,above_band_high
2026-07-14T00:05:00Z,95.5276,0.000000,0.000000,0.000000,above_band_high
2026-07-14T00:06:00Z,95.5093,0.000000,0.000000,0.000000,above_band_high
2026-07-14T00:07:00Z,95.5398,0.000000,0.000000,0.000000,above_band_high
2026-07-14T00:08:00Z,95.5093,0.000000,0.000000,0.000000,above_band_high
2026-07-14T00:09:00Z,95.5352,0.000000,0.000000,0.000000,above_band_high
2026-07-14T00:10:00Z,95.5856,0.000000,0.000000,0.000000,above_band_high
2026-07-14T00:11:00Z,95.5352,0.000000,0.000000,0.000000,above_band_high
2026-07-14T00:12:00Z,95.5734,0.000000,0.000000,0.000000,above_band_high
2026-07-14T00:13:00Z,95.5688,0.000000,0.000000,0.000000,above_band_high
2026-07-14T00:14:00Z,95.5459,0.000000,0.000000,0.000000,above_band_high
2026-07-14T00:15:00Z,95.5398,0.000000,0.000000,0.000000,above_band_high
2026-07-14T00:16:00Z,95.5352,0.000000,0.000000,0.000000,above_band_high
2026-07-14T00:17:00Z,95.5810,0.000000,0.000000,0.000000,above_band_high
2026-07-14T00:18:00Z,95.6054,0.000000,0.000000,0.000000,above_band_high
2026-07-14T00:19:00Z,95.5688,0.000000,0.000000,0.000000,above_band_high
2026-07-14T00:20:00Z,95.5398,0.000000,0.000000,0.000000,above_band_high
2026-07-14T00:21:00Z,95.5688,0.000000,0.000000,0.000000,above_band_high
2026-07-14T00:22:00Z,95.5764,0.000000,0.000000,0.000000,above_band_high
2026-07-14T00:23:00Z,95.5581,0.000000,0.000000,0.000000,above_band_high
2026-07-14T00:24:00Z,95.5550,0.000000,0.000000,0.000000,above_band_high
2026-07-14T00:25:00Z,95.5489,0.000000,0.000000,0.000000,above_band_high
2026-07-14T00:26:00Z,95.5764,0.000000,0.000000,0.000000,above_band_high
2026-07-14T00:27:00Z,95.5734,0.000000,0.000000,0.000000,above_band_high
2026-07-14T00:28:00Z,95.5734,0.000000,0.000000,0.000000,above_band_high
2026-07-14T00:29:00Z,95.5764,0.000000,0.000000,0.000000,above_band_high
2026-07-14T00:30:00Z,95.6085,0.000000,0.000000,0.000000,above_band_high
2026-07-14T00:31:00Z,95.5856,0.000000,0.000000,0.000000,above_band_high
2026-07-14T00:32:00Z,95.6039,0.000000,0.000000,0.000000,above_band_high
2026-07-14T00:33:00Z,95.5993,0.000000,0.000000,0.000000,above_band_high
2026-07-14T00:34:00Z,95.6191,0.000000,0.000000,0.000000,above_band_high
2026-07-14T00:35:00Z,95.6329,0.000000,0.000000,0.000000,above_band_high
2026-07-14T00:36:00Z,95.6039,0.000000,0.000000,0.000000,above_band_high
2026-07-14T00:37:00Z,95.6085,0.000000,0.000000,0.000000,above_band_high
2026-07-14T00:38:00Z,95.6191,0.000000,0.000000,0.000000,above_band_high
2026-07-14T00:39:00Z,95.6558,0.000000,0.000000,0.000000,above_band_high
2026-07-14T00:40:00Z,95.6588,0.000000,0.000000,0.000000,above_band_high
2026-07-14T00:41:00Z,95.6649,0.000000,0.000000,0.000000,above_band_high
2026-07-14T00:42:00Z,95.6588,0.000000,0.000000,0.000000,above_band_high
2026-07-14T00:43:00Z,95.6649,0.000000,0.000000,0.000000,above_band_high
2026-07-14T00:44:00Z,95.6588,0.000000,0.000000,0.000000,above_band_high
2026-07-14T00:45:00Z,95.6588,0.000000,0.000000,0.000000,above_band_high
2026-07-14T00:46:00Z,95.6359,0.000000,0.000000,0.000000,above_band_high
2026-07-14T00:47:00Z,95.6695,0.000000,0.000000,0.000000,above_band_high
2026-07-14T00:48:00Z,95.6588,0.000000,0.000000,0.000000,above_band_high
2026-07-14T00:49:00Z,95.6542,0.000000,0.000000,0.000000,above_band_high
2026-07-14T00:50:00Z,95.6771,0.000000,0.000000,0.000000,above_band_high
2026-07-14T00:51:00Z,95.6954,0.000000,0.000000,0.000000,above_band_high
2026-07-14T00:52:00Z,95.6878,0.000000,0.000000,0.000000,above_band_high
2026-07-14T00:53:00Z,95.6771,0.000000,0.000000,0.000000,above_band_high
2026-07-14T00:54:00Z,95.6695,0.000000,0.000000,0.000000,above_band_high
2026-07-14T00:55:00Z,95.6771,0.000000,0.000000,0.000000,above_band_high
2026-07-14T00:56:00Z,95.7015,0.000000,0.000000,0.000000,above_band_high
2026-07-14T00:57:00Z,95.7137,0.000000,0.000000,0.000000,above_band_high
2026-07-14T00:58:00Z,95.7000,0.000000,0.000000,0.000000,above_band_high
2026-07-14T00:59:00Z,95.6924,0.000000,0.000000,0.000000,above_band_high
2026-07-14T01:00:00Z,95.7015,0.000000,0.000000,0.000000,above_band_high
2026-07-14T01:01:00Z,95.6954,0.000000,0.000000,0.000000,above_band_high
2026-07-14T01:02:00Z,95.7107,0.000000,0.000000,0.000000,above_band_high
2026-07-14T01:03:00Z,95.6954,0.000000,0.000000,0.000000,above_band_high
2026-07-14T01:04:00Z,95.7137,0.000000,0.000000,0.000000,above_band_high
2026-07-14T01:05:00Z,95.6924,0.000000,0.000000,0.000000,above_band_high
2026-07-14T01:06:00Z,95.7061,0.000000,0.000000,0.000000,above_band_high
2026-07-14T01:07:00Z,95.7015,0.000000,0.000000,0.000000,above_band_high
2026-07-14T01:08:00Z,95.7015,0.000000,0.000000,0.000000,above_band_high
2026-07-14T01:09:00Z,95.7061,0.000000,0.000000,0.000000,above_band_high
2026-07-14T01:10:00Z,95.7183,0.000000,0.000000,0.000000,above_band_high
2026-07-14T01:11:00Z,95.7244,0.000000,0.000000,0.000000,above_band_high
2026-07-14T01:12:00Z,95.7366,0.000000,0.000000,0.000000,above_band_high
2026-07-14T01:13:00Z,95.7107,0.000000,0.000000,0.000000,above_band_high
2026-07-14T01:14:00Z,95.7504,0.000000,0.000000,0.000000,above_band_high
2026-07-14T01:15:00Z,95.7870,0.000000,0.000000,0.000000,above_band_high
2026-07-14T01:16:00Z,95.7504,0.000000,0.000000,0.000000,above_band_high
2026-07-14T01:17:00Z,95.7565,0.000000,0.000000,0.000000,above_band_high
2026-07-14T01:18:00Z,95.7641,0.000000,0.000000,0.000000,above_band_high
2026-07-14T01:19:00Z,95.7687,0.000000,0.000000,0.000000,above_band_high
2026-07-14T01:20:00Z,95.8099,0.000000,0.000000,0.000000,above_band_high
2026-07-14T01:21:00Z,95.8160,0.000000,0.000000,0.000000,above_band_high
2026-07-14T01:22:00Z,95.7977,0.000000,0.000000,0.000000,above_band_high
2026-07-14T01:23:00Z,95.7748,0.000000,0.000000,0.000000,above_band_high
2026-07-14T01:24:00Z,95.7702,0.000000,0.000000,0.000000,above_band_high
2026-07-14T01:25:00Z,95.7916,0.000000,0.000000,0.000000,above_band_high
2026-07-14T01:26:00Z,95.7748,0.000000,0.000000,0.000000,above_band_high
2026-07-14T01:27:00Z,95.7870,0.000000,0.000000,0.000000,above_band_high
2026-07-14T01:28:00Z,95.8251,0.000000,0.000000,0.000000,above_band_high
2026-07-14T01:29:00Z,95.8160,0.000000,0.000000,0.000000,above_band_high
2026-07-14T01:30:00Z,95.7977,0.000000,0.000000,0.000000,above_band_high
2026-07-14T01:31:00Z,95.8465,0.000000,0.000000,0.000000,above_band_high
2026-07-14T01:32:00Z,95.8160,0.000000,0.000000,0.000000,above_band_high
2026-07-14T01:33:00Z,95.8251,0.000000,0.000000,0.000000,above_band_high
2026-07-14T01:34:00Z,95.8099,0.000000,0.000000,0.000000,above_band_high
2026-07-14T01:35:00Z,95.8511,0.000000,0.000000,0.000000,above_band_high
2026-07-14T01:36:00Z,95.8373,0.000000,0.000000,0.000000,above_band_high
2026-07-14T01:37:00Z,95.8434,0.000000,0.000000,0.000000,above_band_high
2026-07-14T01:38:00Z,95.8465,0.000000,0.000000,0.000000,above_band_high
2026-07-14T01:39:00Z,95.8053,0.000000,0.000000,0.000000,above_band_high
2026-07-14T01:40:00Z,95.8160,0.000000,0.000000,0.000000,above_band_high
2026-07-14T01:41:00Z,95.8251,0.000000,0.000000,0.000000,above_band_high
2026-07-14T01:42:00Z,95.8114,0.000000,0.000000,0.000000,above_band_high
2026-07-14T01:43:00Z,95.8434,0.000000,0.000000,0.000000,above_band_high
2026-07-14T01:44:00Z,95.8511,0.000000,0.000000,0.000000,above_band_high
2026-07-14T01:45:00Z,95.7977,0.000000,0.000000,0.000000,above_band_high
2026-07-14T01:46:00Z,95.8206,0.000000,0.000000,0.000000,above_band_high
2026-07-14T01:47:00Z,95.8114,0.000000,0.000000,0.000000,above_band_high
2026-07-14T01:48:00Z,95.8328,0.000000,0.000000,0.000000,above_band_high
2026-07-14T01:49:00Z,95.8434,0.000000,0.000000,0.000000,above_band_high
2026-07-14T01:50:00Z,95.8114,0.000000,0.000000,0.000000,above_band_high
2026-07-14T01:51:00Z,95.8373,0.000000,0.000000,0.000000,above_band_high
2026-07-14T01:52:00Z,95.8206,0.000000,0.000000,0.000000,above_band_high
2026-07-14T01:53:00Z,95.8434,0.000000,0.000000,0.000000,above_band_high
2026-07-14T01:54:00Z,95.8373,0.000000,0.000000,0.000000,above_band_high
2026-07-14T01:55:00Z,95.8373,0.000000,0.000000,0.000000,above_band_high
2026-07-14T01:56:00Z,95.8465,0.000000,0.000000,0.000000,above_band_high
2026-07-14T01:57:00Z,95.8236,0.000000,0.000000,0.000000,above_band_high
2026-07-14T01:58:00Z,95.8511,0.000000,0.000000,0.000000,above_band_high
2026-07-14T01:59:00Z,95.8694,0.000000,0.000000,0.000000,above_band_high
2026-07-14T02:00:00Z,95.8434,0.000000,0.000000,0.000000,above_band_high
2026-07-14T02:01:00Z,95.8434,0.000000,0.000000,0.000000,above_band_high
2026-07-14T02:02:00Z,95.8282,0.000000,0.000000,0.000000,above_band_high
2026-07-14T02:03:00Z,95.8694,0.000000,0.000000,0.000000,above_band_high
2026-07-14T02:04:00Z,95.8511,0.000000,0.000000,0.000000,above_band_high
2026-07-14T02:05:00Z,95.8022,0.000000,0.000000,0.000000,above_band_high
2026-07-14T02:06:00Z,95.8755,0.000000,0.000000,0.000000,above_band_high
2026-07-14T02:07:00Z,95.8480,0.000000,0.000000,0.000000,above_band_high
2026-07-14T02:08:00Z,95.8663,0.000000,0.000000,0.000000,above_band_high
2026-07-14T02:09:00Z,95.8511,0.000000,0.000000,0.000000,above_band_high
2026-07-14T02:10:00Z,95.8694,0.000000,0.000000,0.000000,above_band_high
2026-07-14T02:11:00Z,95.8755,0.000000,0.000000,0.000000,above_band_high
2026-07-14T02:12:00Z,95.9014,0.000000,0.000000,0.000000,above_band_high
2026-07-14T02:13:00Z,95.8572,0.000000,0.000000,0.000000,above_band_high
2026-07-14T02:14:00Z,95.8618,0.000000,0.000000,0.000000,above_band_high
2026-07-14T02:15:00Z,95.8618,0.000000,0.000000,0.000000,above_band_high
2026-07-14T02:16:00Z,95.8892,0.000000,0.000000,0.000000,above_band_high
2026-07-14T02:17:00Z,95.8938,0.000000,0.000000,0.000000,above_band_high
2026-07-14T02:18:00Z,95.8389,0.000000,0.000000,0.000000,above_band_high
2026-07-14T02:19:00Z,95.8282,0.000000,0.000000,0.000000,above_band_high
2026-07-14T02:20:00Z,95.8556,0.000000,0.000000,0.000000,above_band_high
2026-07-14T02:21:00Z,95.8343,0.000000,0.000000,0.000000,above_band_high
2026-07-14T02:22:00Z,95.8663,0.000000,0.000000,0.000000,above_band_high
2026-07-14T02:23:00Z,95.8434,0.000000,0.000000,0.000000,above_band_high
2026-07-14T02:24:00Z,95.8556,0.000000,0.000000,0.000000,above_band_high
2026-07-14T02:25:00Z,95.8434,0.000000,0.000000,0.000000,above_band_high
2026-07-14T02:26:00Z,95.8328,0.000000,0.000000,0.000000,above_band_high
2026-07-14T02:27:00Z,95.8419,0.000000,0.000000,0.000000,above_band_high
2026-07-14T02:28:00Z,95.8618,0.000000,0.000000,0.000000,above_band_high
2026-07-14T02:29:00Z,95.8694,0.000000,0.000000,0.000000,above_band_high
2026-07-14T02:30:00Z,95.8419,0.000000,0.000000,0.000000,above_band_high
2026-07-14T02:31:00Z,95.8618,0.000000,0.000000,0.000000,above_band_high
2026-07-14T02:32:00Z,95.8480,0.000000,0.000000,0.000000,above_band_high
2026-07-14T02:33:00Z,95.8740,0.000000,0.000000,0.000000,above_band_high
2026-07-14T02:34:00Z,95.8282,0.000000,0.000000,0.000000,above_band_high
2026-07-14T02:35:00Z,95.8373,0.000000,0.000000,0.000000,above_band_high
2026-07-14T02:36:00Z,95.8389,0.000000,0.000000,0.000000,above_band_high
2026-07-14T02:37:00Z,95.8511,0.000000,0.000000,0.000000,above_band_high
2026-07-14T02:38:00Z,95.8511,0.000000,0.000000,0.000000,above_band_high
2026-07-14T02:39:00Z,95.8572,0.000000,0.000000,0.000000,above_band_high
2026-07-14T02:40:00Z,95.8663,0.000000,0.000000,0.000000,above_band_high
2026-07-14T02:41:00Z,95.8343,0.000000,0.000000,0.000000,above_band_high
2026-07-14T02:42:00Z,95.8556,0.000000,0.000000,0.000000,above_band_high
2026-07-14T02:43:00Z,95.8389,0.000000,0.000000,0.000000,above_band_high
2026-07-14T02:44:00Z,95.8694,0.000000,0.000000,0.000000,above_band_high
2026-07-14T02:45:00Z,95.8801,0.000000,0.000000,0.000000,above_band_high
2026-07-14T02:46:00Z,95.8663,0.000000,0.000000,0.000000,above_band_high
2026-07-14T02:47:00Z,95.8556,0.000000,0.000000,0.000000,above_band_high
2026-07-14T02:48:00Z,95.8282,0.000000,0.000000,0.000000,above_band_high
2026-07-14T02:49:00Z,95.8099,0.000000,0.000000,0.000000,above_band_high
2026-07-14T02:50:00Z,95.8465,0.000000,0.000000,0.000000,above_band_high
2026-07-14T02:51:00Z,95.8160,0.000000,0.000000,0.000000,above_band_high
2026-07-14T02:52:00Z,95.8480,0.000000,0.000000,0.000000,above_band_high
2026-07-14T02:53:00Z,95.8099,0.000000,0.000000,0.000000,above_band_high
2026-07-14T02:54:00Z,95.8099,0.000000,0.000000,0.000000,above_band_high
2026-07-14T02:55:00Z,95.8236,0.000000,0.000000,0.000000,above_band_high
2026-07-14T02:56:00Z,95.7931,0.000000,0.000000,0.000000,above_band_high
2026-07-14T02:57:00Z,95.8282,0.000000,0.000000,0.000000,above_band_high
2026-07-14T02:58:00Z,95.8053,0.000000,0.000000,0.000000,above_band_high
2026-07-14T02:59:00Z,95.7870,0.000000,0.000000,0.000000,above_band_high
2026-07-14T03:00:00Z,95.7885,0.000000,0.000000,0.000000,above_band_high
2026-07-14T03:01:00Z,95.8145,0.000000,0.000000,0.000000,above_band_high
2026-07-14T03:02:00Z,95.7977,0.000000,0.000000,0.000000,above_band_high
2026-07-14T03:03:00Z,95.7977,0.000000,0.000000,0.000000,above_band_high
2026-07-14T03:04:00Z,95.7794,0.000000,0.000000,0.000000,above_band_high
2026-07-14T03:05:00Z,95.8343,0.000000,0.000000,0.000000,above_band_high
2026-07-14T03:06:00Z,95.7870,0.000000,0.000000,0.000000,above_band_high
2026-07-14T03:07:00Z,95.7641,0.000000,0.000000,0.000000,above_band_high
2026-07-14T03:08:00Z,95.8099,0.000000,0.000000,0.000000,above_band_high
2026-07-14T03:09:00Z,95.8206,0.000000,0.000000,0.000000,above_band_high
2026-07-14T03:10:00Z,95.8206,0.000000,0.000000,0.000000,above_band_high
2026-07-14T03:11:00Z,95.7961,0.000000,0.000000,0.000000,above_band_high
2026-07-14T03:12:00Z,95.8099,0.000000,0.000000,0.000000,above_band_high
2026-07-14T03:13:00Z,95.7916,0.000000,0.000000,0.000000,above_band_high
2026-07-14T03:14:00Z,95.7870,0.000000,0.000000,0.000000,above_band_high
2026-07-14T03:15:00Z,95.7870,0.000000,0.000000,0.000000,above_band_high
2026-07-14T03:16:00Z,95.7870,0.000000,0.000000,0.000000,above_band_high
2026-07-14T03:17:00Z,95.7961,0.000000,0.000000,0.000000,above_band_high
2026-07-14T03:18:00Z,95.8236,0.000000,0.000000,0.000000,above_band_high
2026-07-14T03:19:00Z,95.7870,0.000000,0.000000,0.000000,above_band_high
2026-07-14T03:20:00Z,95.8511,0.000000,0.000000,0.000000,above_band_high
2026-07-14T03:21:00Z,95.8022,0.000000,0.000000,0.000000,above_band_high
2026-07-14T03:22:00Z,95.8160,0.000000,0.000000,0.000000,above_band_high
2026-07-14T03:23:00Z,95.8160,0.000000,0.000000,0.000000,above_band_high
2026-07-14T03:24:00Z,95.7961,0.000000,0.000000,0.000000,above_band_high
2026-07-14T03:25:00Z,95.7687,0.000000,0.000000,0.000000,above_band_high
2026-07-14T03:26:00Z,95.8053,0.000000,0.000000,0.000000,above_band_high
2026-07-14T03:27:00Z,95.8022,0.000000,0.000000,0.000000,above_band_high
2026-07-14T03:28:00Z,95.7977,0.000000,0.000000,0.000000,above_band_high
2026-07-14T03:29:00Z,95.7870,0.000000,0.000000,0.000000,above_band_high
2026-07-14T03:30:00Z,95.8022,0.000000,0.000000,0.000000,above_band_high
2026-07-14T03:31:00Z,95.7778,0.000000,0.000000,0.000000,above_band_high
2026-07-14T03:32:00Z,95.7778,0.000000,0.000000,0.000000,above_band_high
2026-07-14T03:33:00Z,95.8160,0.000000,0.000000,0.000000,above_band_high
2026-07-14T03:34:00Z,95.7824,0.000000,0.000000,0.000000,above_band_high
2026-07-14T03:35:00Z,95.7839,0.000000,0.000000,0.000000,above_band_high
2026-07-14T03:36:00Z,95.8297,0.000000,0.000000,0.000000,above_band_high
2026-07-14T03:37:00Z,95.8160,0.000000,0.000000,0.000000,above_band_high
2026-07-14T03:38:00Z,95.7870,0.000000,0.000000,0.000000,above_band_high
2026-07-14T03:39:00Z,95.7824,0.000000,0.000000,0.000000,above_band_high
2026-07-14T03:40:00Z,95.7794,0.000000,0.000000,0.000000,above_band_high
2026-07-14T03:41:00Z,95.7656,0.000000,0.000000,0.000000,above_band_high
2026-07-14T03:42:00Z,95.8190,0.000000,0.000000,0.000000,above_band_high
2026-07-14T03:43:00Z,95.7733,0.000000,0.000000,0.000000,above_band_high
2026-07-14T03:44:00Z,95.8007,0.000000,0.000000,0.000000,above_band_high
2026-07-14T03:45:00Z,95.7977,0.000000,0.000000,0.000000,above_band_high
2026-07-14T03:46:00Z,95.7931,0.000000,0.000000,0.000000,above_band_high
2026-07-14T03:47:00Z,95.7824,0.000000,0.000000,0.000000,above_band_high
2026-07-14T03:48:00Z,95.7687,0.000000,0.000000,0.000000,above_band_high
2026-07-14T03:49:00Z,95.8022,0.000000,0.000000,0.000000,above_band_high
2026-07-14T03:50:00Z,95.7565,0.000000,0.000000,0.000000,above_band_high
2026-07-14T03:51:00Z,95.7885,0.000000,0.000000,0.000000,above_band_high
2026-07-14T03:52:00Z,95.7748,0.000000,0.000000,0.000000,above_band_high
2026-07-14T03:53:00Z,95.7824,0.000000,0.000000,0.000000,above_band_high
2026-07-14T03:54:00Z,95.7961,0.000000,0.000000,0.000000,above_band_high
2026-07-14T03:55:00Z,95.7610,0.000000,0.000000,0.000000,above_band_high
2026-07-14T03:56:00Z,95.8206,0.000000,0.000000,0.000000,above_band_high
2026-07-14T03:57:00Z,95.7961,0.000000,0.000000,0.000000,above_band_high
2026-07-14T03:58:00Z,95.7824,0.000000,0.000000,0.000000,above_band_high
2026-07-14T03:59:00Z,95.8145,0.000000,0.000000,0.000000,above_band_high
2026-07-14T04:00:00Z,95.8022,0.000000,0.000000,0.000000,above_band_high
2026-07-14T04:01:00Z,95.7977,0.000000,0.000000,0.000000,above_band_high
2026-07-14T04:02:00Z,95.8389,0.000000,0.000000,0.000000,above_band_high
2026-07-14T04:03:00Z,95.8206,0.000000,0.000000,0.000000,above_band_high
2026-07-14T04:04:00Z,95.8099,0.000000,0.000000,0.000000,above_band_high
2026-07-14T04:05:00Z,95.8053,0.000000,0.000000,0.000000,above_band_high
2026-07-14T04:06:00Z,95.8099,0.000000,0.000000,0.000000,above_band_high
2026-07-14T04:07:00Z,95.8328,0.000000,0.000000,0.000000,above_band_high
2026-07-14T04:08:00Z,95.8190,0.000000,0.000000,0.000000,above_band_high
2026-07-14T04:09:00Z,95.8053,0.000000,0.000000,0.000000,above_band_high
2026-07-14T04:10:00Z,95.8099,0.000000,0.000000,0.000000,above_band_high
2026-07-14T04:11:00Z,95.8007,0.000000,0.000000,0.000000,above_band_high
2026-07-14T04:12:00Z,95.8145,0.000000,0.000000,0.000000,above_band_high
2026-07-14T04:13:00Z,95.8145,0.000000,0.000000,0.000000,above_band_high
2026-07-14T04:14:00Z,95.8022,0.000000,0.000000,0.000000,above_band_high
2026-07-14T04:15:00Z,95.8480,0.000000,0.000000,0.000000,above_band_high
2026-07-14T04:16:00Z,95.8328,0.000000,0.000000,0.000000,above_band_high
2026-07-14T04:17:00Z,95.8785,0.000000,0.000000,0.000000,above_band_high
2026-07-14T04:18:00Z,95.8526,0.000000,0.000000,0.000000,above_band_high
2026-07-14T04:19:00Z,95.8434,0.000000,0.000000,0.000000,above_band_high
2026-07-14T04:20:00Z,95.8709,0.000000,0.000000,0.000000,above_band_high
2026-07-14T04:21:00Z,95.8480,0.000000,0.000000,0.000000,above_band_high
2026-07-14T04:22:00Z,95.8709,0.000000,0.000000,0.000000,above_band_high
2026-07-14T04:23:00Z,95.8556,0.000000,0.000000,0.000000,above_band_high
2026-07-14T04:24:00Z,95.8389,0.000000,0.000000,0.000000,above_band_high
2026-07-14T04:25:00Z,95.8785,0.000000,0.000000,0.000000,above_band_high
2026-07-14T04:26:00Z,95.8602,0.000000,0.000000,0.000000,above_band_high
2026-07-14T04:27:00Z,95.8556,0.000000,0.000000,0.000000,above_band_high
2026-07-14T04:28:00Z,95.8694,0.000000,0.000000,0.000000,above_band_high
2026-07-14T04:29:00Z,95.8480,0.000000,0.000000,0.000000,above_band_high
2026-07-14T04:30:00Z,95.8785,0.000000,0.000000,0.000000,above_band_high
2026-07-14T04:31:00Z,95.8740,0.000000,0.000000,0.000000,above_band_high
2026-07-14T04:32:00Z,95.8618,0.000000,0.000000,0.000000,above_band_high
2026-07-14T04:33:00Z,95.8740,0.000000,0.000000,0.000000,above_band_high
2026-07-14T04:34:00Z,95.8892,0.000000,0.000000,0.000000,above_band_high
2026-07-14T04:35:00Z,95.8785,0.000000,0.000000,0.000000,above_band_high
2026-07-14T04:36:00Z,95.8755,0.000000,0.000000,0.000000,above_band_high
2026-07-14T04:37:00Z,95.9030,0.000000,0.000000,0.000000,above_band_high
2026-07-14T04:38:00Z,95.8785,0.000000,0.000000,0.000000,above_band_high
2026-07-14T04:39:00Z,95.9289,0.000000,0.000000,0.000000,above_band_high
2026-07-14T04:40:00Z,95.8663,0.000000,0.000000,0.000000,above_band_high
2026-07-14T04:41:00Z,95.8755,0.000000,0.000000,0.000000,above_band_high
2026-07-14T04:42:00Z,95.9030,0.000000,0.000000,0.000000,above_band_high
2026-07-14T04:43:00Z,95.8984,0.000000,0.000000,0.000000,above_band_high
2026-07-14T04:44:00Z,95.9030,0.000000,0.000000,0.000000,above_band_high
2026-07-14T04:45:00Z,95.8892,0.000000,0.000000,0.000000,above_band_high
2026-07-14T04:46:00Z,95.8831,0.000000,0.000000,0.000000,above_band_high
2026-07-14T04:47:00Z,95.8984,0.000000,0.000000,0.000000,above_band_high
2026-07-14T04:48:00Z,95.8846,0.000000,0.000000,0.000000,above_band_high
2026-07-14T04:49:00Z,95.9258,0.000000,0.000000,0.000000,above_band_high
2026-07-14T04:50:00Z,95.8785,0.000000,0.000000,0.000000,above_band_high
2026-07-14T04:51:00Z,95.8846,0.000000,0.000000,0.000000,above_band_high
2026-07-14T04:52:00Z,95.9167,0.000000,0.000000,0.000000,above_band_high
2026-07-14T04:53:00Z,95.9350,0.000000,0.000000,0.000000,above_band_high
2026-07-14T04:54:00Z,95.8846,0.000000,0.000000,0.000000,above_band_high
2026-07-14T04:55:00Z,95.9060,0.000000,0.000000,0.000000,above_band_high
2026-07-14T04:56:00Z,95.9014,0.000000,0.000000,0.000000,above_band_high
2026-07-14T04:57:00Z,95.9075,0.000000,0.000000,0.000000,above_band_high
2026-07-14T04:58:00Z,95.9060,0.000000,0.000000,0.000000,above_band_high
2026-07-14T04:59:00Z,95.9472,0.000000,0.000000,0.000000,above_band_high
2026-07-14T05:00:00Z,95.9014,0.000000,0.000000,0.000000,above_band_high
2026-07-14T05:01:00Z,95.8831,0.000000,0.000000,0.000000,above_band_high
2026-07-14T05:02:00Z,95.9243,0.000000,0.000000,0.000000,above_band_high
2026-07-14T05:03:00Z,95.9060,0.000000,0.000000,0.000000,above_band_high
2026-07-14T05:04:00Z,95.9060,0.000000,0.000000,0.000000,above_band_high
2026-07-14T05:05:00Z,95.8984,0.000000,0.000000,0.000000,above_band_high
2026-07-14T05:06:00Z,95.9152,0.000000,0.000000,0.000000,above_band_high
2026-07-14T05:07:00Z,95.9075,0.000000,0.000000,0.000000,above_band_high
2026-07-14T05:08:00Z,95.8984,0.000000,0.000000,0.000000,above_band_high
2026-07-14T05:09:00Z,95.9014,0.000000,0.000000,0.000000,above_band_high
2026-07-14T05:10:00Z,95.8831,0.000000,0.000000,0.000000,above_band_high
2026-07-14T05:11:00Z,95.9121,0.000000,0.000000,0.000000,above_band_high
2026-07-14T05:12:00Z,95.9014,0.000000,0.000000,0.000000,above_band_high
2026-07-14T05:13:00Z,95.9075,0.000000,0.000000,0.000000,above_band_high
2026-07-14T05:14:00Z,95.9060,0.000000,0.000000,0.000000,above_band_high
2026-07-14T05:15:00Z,95.9167,0.000000,0.000000,0.000000,above_band_high
2026-07-14T05:16:00Z,95.9289,0.000000,0.000000,0.000000,above_band_high
2026-07-14T05:17:00Z,95.8938,0.000000,0.000000,0.000000,above_band_high
2026-07-14T05:18:00Z,95.9197,0.000000,0.000000,0.000000,above_band_high
2026-07-14T05:19:00Z,95.9060,0.000000,0.000000,0.000000,above_band_high
2026-07-14T05:20:00Z,95.9106,0.000000,0.000000,0.000000,above_band_high
2026-07-14T05:21:00Z,95.9106,0.000000,0.000000,0.000000,above_band_high
2026-07-14T05:22:00Z,95.9167,0.000000,0.000000,0.000000,above_band_high
2026-07-14T05:23:00Z,95.9121,0.000000,0.000000,0.000000,above_band_high
2026-07-14T05:24:00Z,95.9335,0.000000,0.000000,0.000000,above_band_high
2026-07-14T05:25:00Z,95.9396,0.000000,0.000000,0.000000,above_band_high
2026-07-14T05:26:00Z,95.9426,0.000000,0.000000,0.000000,above_band_high
2026-07-14T05:27:00Z,95.9213,0.000000,0.000000,0.000000,above_band_high
2026-07-14T05:28:00Z,95.9533,0.000000,0.000000,0.000000,above_band_high
2026-07-14T05:29:00Z,95.9213,0.000000,0.000000,0.000000,above_band_high
2026-07-14T05:30:00Z,95.9472,0.000000,0.000000,0.000000,above_band_high
2026-07-14T05:31:00Z,95.9304,0.000000,0.000000,0.000000,above_band_high
2026-07-14T05:32:00Z,95.9701,0.000000,0.000000,0.000000,above_band_high
2026-07-14T05:33:00Z,95.9487,0.000000,0.000000,0.000000,above_band_high
2026-07-14T05:34:00Z,95.9762,0.000000,0.000000,0.000000,above_band_high
2026-07-14T05:35:00Z,96.0113,0.000000,0.000000,0.000000,above_band_high
2026-07-14T05:36:00Z,95.9487,0.000000,0.000000,0.000000,above_band_high
2026-07-14T05:37:00Z,95.9701,0.000000,0.000000,0.000000,above_band_high
2026-07-14T05:38:00Z,95.9564,0.000000,0.000000,0.000000,above_band_high
2026-07-14T05:39:00Z,95.9762,0.000000,0.000000,0.000000,above_band_high
2026-07-14T05:40:00Z,95.9564,0.000000,0.000000,0.000000,above_band_high
2026-07-14T05:41:00Z,95.9884,0.000000,0.000000,0.000000,above_band_high
2026-07-14T05:42:00Z,95.9838,0.000000,0.000000,0.000000,above_band_high
2026-07-14T05:43:00Z,95.9838,0.000000,0.000000,0.000000,above_band_high
2026-07-14T05:44:00Z,96.0113,0.000000,0.000000,0.000000,above_band_high
2026-07-14T05:45:00Z,95.9747,0.000000,0.000000,0.000000,above_band_high
2026-07-14T05:46:00Z,95.9899,0.000000,0.000000,0.000000,above_band_high
2026-07-14T05:47:00Z,95.9884,0.000000,0.000000,0.000000,above_band_high
2026-07-14T05:48:00Z,95.9625,0.000000,0.000000,0.000000,above_band_high
2026-07-14T05:49:00Z,95.9991,0.000000,0.000000,0.000000,above_band_high
2026-07-14T05:50:00Z,95.9991,0.000000,0.000000,0.000000,above_band_high
2026-07-14T05:51:00Z,95.9899,0.000000,0.000000,0.000000,above_band_high
2026-07-14T05:52:00Z,95.9899,0.000000,0.000000,0.000000,above_band_high
2026-07-14T05:53:00Z,95.9625,0.000000,0.000000,0.000000,above_band_high
2026-07-14T05:54:00Z,95.9747,0.000000,0.000000,0.000000,above_band_high
2026-07-14T05:55:00Z,95.9655,0.000000,0.000000,0.000000,above_band_high
2026-07-14T05:56:00Z,95.9976,0.000000,0.000000,0.000000,above_band_high
2026-07-14T05:57:00Z,95.9762,0.000000,0.000000,0.000000,above_band_high
2026-07-14T05:58:00Z,95.9625,0.000000,0.000000,0.000000,above_band_high
2026-07-14T05:59:00Z,95.9747,0.000000,0.000000,0.000000,above_band_high
2026-07-14T06:00:00Z,95.9838,0.000000,0.000000,0.000000,above_band_high
2026-07-14T06:01:00Z,95.9564,0.000000,0.000000,0.000000,above_band_high
2026-07-14T06:02:00Z,95.9838,0.000000,0.000000,0.000000,above_band_high
2026-07-14T06:03:00Z,95.9518,0.000000,0.000000,0.000000,above_band_high
2026-07-14T06:04:00Z,95.9747,0.000000,0.000000,0.000000,above_band_high
2026-07-14T06:05:00Z,95.9625,0.000000,0.000000,0.000000,above_band_high
2026-07-14T06:06:00Z,95.9579,0.000000,0.000000,0.000000,above_band_high
2026-07-14T06:07:00Z,95.9304,0.000000,0.000000,0.000000,above_band_high
2026-07-14T06:08:00Z,95.9884,0.000000,0.000000,0.000000,above_band_high
2026-07-14T06:09:00Z,95.9930,0.000000,0.000000,0.000000,above_band_high
2026-07-14T06:10:00Z,95.9426,0.000000,0.000000,0.000000,above_band_high
2026-07-14T06:11:00Z,95.9792,0.000000,0.000000,0.000000,above_band_high
2026-07-14T06:12:00Z,95.9762,0.000000,0.000000,0.000000,above_band_high
2026-07-14T06:13:00Z,95.9396,0.000000,0.000000,0.000000,above_band_high
2026-07-14T06:14:00Z,95.9472,0.000000,0.000000,0.000000,above_band_high
2026-07-14T06:15:00Z,95.9579,0.000000,0.000000,0.000000,above_band_high
2026-07-14T06:16:00Z,95.9380,0.000000,0.000000,0.000000,above_band_high
2026-07-14T06:17:00Z,95.9655,0.000000,0.000000,0.000000,above_band_high
2026-07-14T06:18:00Z,95.9655,0.000000,0.000000,0.000000,above_band_high
2026-07-14T06:19:00Z,95.9472,0.000000,0.000000,0.000000,above_band_high
2026-07-14T06:20:00Z,95.9518,0.000000,0.000000,0.000000,above_band_high
2026-07-14T06:21:00Z,95.9792,0.000000,0.000000,0.000000,above_band_high
2026-07-14T06:22:00Z,95.9716,0.000000,0.000000,0.000000,above_band_high
2026-07-14T06:23:00Z,96.0067,0.000000,0.000000,0.000000,above_band_high
2026-07-14T06:24:00Z,95.9701,0.000000,0.000000,0.000000,above_band_high
2026-07-14T06:25:00Z,95.9701,0.000000,0.000000,0.000000,above_band_high
2026-07-14T06:26:00Z,95.9930,0.000000,0.000000,0.000000,above_band_high
2026-07-14T06:27:00Z,95.9701,0.000000,0.000000,0.000000,above_band_high
2026-07-14T06:28:00Z,95.9518,0.000000,0.000000,0.000000,above_band_high
2026-07-14T06:29:00Z,95.9762,0.000000,0.000000,0.000000,above_band_high
2026-07-14T06:30:00Z,95.9670,0.000000,0.000000,0.000000,above_band_high
2026-07-14T06:31:00Z,95.9945,0.000000,0.000000,0.000000,above_band_high
2026-07-14T06:32:00Z,95.9670,0.000000,0.000000,0.000000,above_band_high
2026-07-14T06:33:00Z,96.0037,0.000000,0.000000,0.000000,above_band_high
2026-07-14T06:34:00Z,95.9701,0.000000,0.000000,0.000000,above_band_high
2026-07-14T06:35:00Z,96.0037,0.000000,0.000000,0.000000,above_band_high
2026-07-14T06:36:00Z,95.9976,0.000000,0.000000,0.000000,above_band_high
2026-07-14T06:37:00Z,95.9991,0.000000,0.000000,0.000000,above_band_high
2026-07-14T06:38:00Z,95.9762,0.000000,0.000000,0.000000,above_band_high
2026-07-14T06:39:00Z,95.9976,0.000000,0.000000,0.000000,above_band_high
2026-07-14T06:40:00Z,95.9701,0.000000,0.000000,0.000000,above_band_high
2026-07-14T06:41:00Z,96.0204,0.000000,0.000000,0.000000,above_band_high
2026-07-14T06:42:00Z,95.9899,0.000000,0.000000,0.000000,above_band_high
2026-07-14T06:43:00Z,95.9762,0.000000,0.000000,0.000000,above_band_high
2026-07-14T06:44:00Z,95.9991,0.000000,0.000000,0.000000,above_band_high
2026-07-14T06:45:00Z,95.9991,0.000000,0.000000,0.000000,above_band_high
2026-07-14T06:46:00Z,95.9945,0.000000,0.000000,0.000000,above_band_high
2026-07-14T06:47:00Z,96.0128,0.000000,0.000000,0.000000,above_band_high
2026-07-14T06:48:00Z,95.9945,0.000000,0.000000,0.000000,above_band_high
2026-07-14T06:49:00Z,96.0067,0.000000,0.000000,0.000000,above_band_high
2026-07-14T06:50:00Z,96.0204,0.000000,0.000000,0.000000,above_band_high
2026-07-14T06:51:00Z,96.0037,0.000000,0.000000,0.000000,above_band_high
2026-07-14T06:52:00Z,96.0342,0.000000,0.000000,0.000000,above_band_high
2026-07-14T06:53:00Z,95.9884,0.000000,0.000000,0.000000,above_band_high
2026-07-14T06:56:17Z,96.0021,0.000000,0.000000,0.000000,above_band_high
2026-07-14T06:57:00Z,95.9930,0.000000,0.000000,0.000000,above_band_high
2026-07-14T06:58:00Z,95.9976,0.000000,0.000000,0.000000,above_band_high
2026-07-14T06:59:00Z,96.0159,0.000000,0.000000,0.000000,above_band_high
2026-07-14T07:00:00Z,96.0021,0.000000,0.000000,0.000000,above_band_high
2026-07-14T07:01:00Z,96.0037,0.000000,0.000000,0.000000,above_band_high
2026-07-14T07:02:00Z,96.0037,0.000000,0.000000,0.000000,above_band_high
2026-07-14T07:03:00Z,96.0174,0.000000,0.000000,0.000000,above_band_high
2026-07-14T07:04:00Z,96.0220,0.000000,0.000000,0.000000,above_band_high
2026-07-14T07:05:00Z,96.0220,0.000000,0.000000,0.000000,above_band_high
2026-07-14T07:06:00Z,95.9854,0.000000,0.000000,0.000000,above_band_high
2026-07-14T07:07:00Z,96.0159,0.000000,0.000000,0.000000,above_band_high
2026-07-14T07:08:00Z,95.9976,0.000000,0.000000,0.000000,above_band_high
2026-07-14T07:09:00Z,95.9930,0.000000,0.000000,0.000000,above_band_high
2026-07-14T07:10:00Z,95.9930,0.000000,0.000000,0.000000,above_band_high
2026-07-14T07:11:00Z,96.0021,0.000000,0.000000,0.000000,above_band_high
2026-07-14T07:12:00Z,96.0220,0.000000,0.000000,0.000000,above_band_high
2026-07-14T07:13:00Z,96.0220,0.000000,0.000000,0.000000,above_band_high
2026-07-14T07:14:00Z,96.0266,0.000000,0.000000,0.000000,above_band_high
2026-07-14T07:15:00Z,96.0037,0.000000,0.000000,0.000000,above_band_high
2026-07-14T07:16:00Z,95.9884,0.000000,0.000000,0.000000,above_band_high
2026-07-14T07:17:00Z,95.9747,0.000000,0.000000,0.000000,above_band_high
2026-07-14T07:18:00Z,96.0342,0.000000,0.000000,0.000000,above_band_high
2026-07-14T07:19:00Z,95.9976,0.000000,0.000000,0.000000,above_band_high
2026-07-14T07:20:00Z,96.0174,0.000000,0.000000,0.000000,above_band_high
2026-07-14T07:21:00Z,95.9762,0.000000,0.000000,0.000000,above_band_high
2026-07-14T07:22:00Z,96.0433,0.000000,0.000000,0.000000,above_band_high
2026-07-14T07:23:00Z,96.0174,0.000000,0.000000,0.000000,above_band_high
2026-07-14T07:24:00Z,96.0159,0.000000,0.000000,0.000000,above_band_high
2026-07-14T07:25:00Z,96.0266,0.000000,0.000000,0.000000,above_band_high
2026-07-14T07:26:00Z,95.9976,0.000000,0.000000,0.000000,above_band_high
2026-07-14T07:27:00Z,96.0266,0.000000,0.000000,0.000000,above_band_high
2026-07-14T07:28:00Z,96.0266,0.000000,0.000000,0.000000,above_band_high
2026-07-14T07:29:00Z,95.9991,0.000000,0.000000,0.000000,above_band_high
2026-07-14T07:30:00Z,96.0342,0.000000,0.000000,0.000000,above_band_high
2026-07-14T07:31:00Z,96.0159,0.000000,0.000000,0.000000,above_band_high
2026-07-14T07:32:00Z,96.0159,0.000000,0.000000,0.000000,above_band_high
2026-07-14T07:33:00Z,96.0266,0.000000,0.000000,0.000000,above_band_high
2026-07-14T07:34:00Z,96.0128,0.000000,0.000000,0.000000,above_band_high
2026-07-14T07:35:00Z,96.0342,0.000000,0.000000,0.000000,above_band_high
2026-07-14T07:36:00Z,96.0037,0.000000,0.000000,0.000000,above_band_high
2026-07-14T07:37:00Z,96.0388,0.000000,0.000000,0.000000,above_band_high
2026-07-14T07:38:00Z,96.0342,0.000000,0.000000,0.000000,above_band_high
2026-07-14T07:39:00Z,96.0616,0.000000,0.000000,0.000000,above_band_high
2026-07-14T07:40:00Z,95.9976,0.000000,0.000000,0.000000,above_band_high
2026-07-14T07:41:00Z,96.0388,0.000000,0.000000,0.000000,above_band_high
2026-07-14T07:42:00Z,96.0174,0.000000,0.000000,0.000000,above_band_high
2026-07-14T07:43:00Z,96.0494,0.000000,0.000000,0.000000,above_band_high
2026-07-14T07:44:00Z,96.0494,0.000000,0.000000,0.000000,above_band_high
2026-07-14T07:45:00Z,96.0678,0.000000,0.000000,0.000000,above_band_high
2026-07-14T07:46:00Z,96.0845,0.000000,0.000000,0.000000,above_band_high
2026-07-14T07:47:00Z,96.0388,0.000000,0.000000,0.000000,above_band_high
2026-07-14T07:48:00Z,96.0296,0.000000,0.000000,0.000000,above_band_high
2026-07-14T07:49:00Z,96.0296,0.000000,0.000000,0.000000,above_band_high
2026-07-14T07:50:00Z,96.0433,0.000000,0.000000,0.000000,above_band_high
2026-07-14T07:51:00Z,96.0311,0.000000,0.000000,0.000000,above_band_high
2026-07-14T07:52:00Z,96.0433,0.000000,0.000000,0.000000,above_band_high
2026-07-14T07:53:00Z,96.0678,0.000000,0.000000,0.000000,above_band_high
2026-07-14T07:54:00Z,96.0525,0.000000,0.000000,0.000000,above_band_high
2026-07-14T07:55:00Z,96.0388,0.000000,0.000000,0.000000,above_band_high
2026-07-14T07:56:00Z,96.0433,0.000000,0.000000,0.000000,above_band_high
2026-07-14T07:57:00Z,96.0266,0.000000,0.000000,0.000000,above_band_high
2026-07-14T07:58:00Z,96.0632,0.000000,0.000000,0.000000,above_band_high
2026-07-14T07:59:00Z,96.0494,0.000000,0.000000,0.000000,above_band_high
2026-07-14T08:00:00Z,95.9991,0.000000,0.000000,0.000000,above_band_high
2026-07-14T08:01:00Z,96.0159,0.000000,0.000000,0.000000,above_band_high
2026-07-14T08:02:00Z,96.0571,0.000000,0.000000,0.000000,above_band_high
2026-07-14T08:03:00Z,96.0388,0.000000,0.000000,0.000000,above_band_high
2026-07-14T08:04:00Z,96.0525,0.000000,0.000000,0.000000,above_band_high
2026-07-14T08:05:00Z,96.0128,0.000000,0.000000,0.000000,above_band_high
2026-07-14T08:06:00Z,96.0204,0.000000,0.000000,0.000000,above_band_high
2026-07-14T08:07:00Z,96.0479,0.000000,0.000000,0.000000,above_band_high
2026-07-14T08:08:00Z,96.0571,0.000000,0.000000,0.000000,above_band_high
2026-07-14T08:09:00Z,96.0037,0.000000,0.000000,0.000000,above_band_high
2026-07-14T08:10:00Z,96.0388,0.000000,0.000000,0.000000,above_band_high
2026-07-14T08:11:00Z,96.0449,0.000000,0.000000,0.000000,above_band_high
2026-07-14T08:12:00Z,96.0082,0.000000,0.000000,0.000000,above_band_high
2026-07-14T08:13:00Z,96.0296,0.000000,0.000000,0.000000,above_band_high
2026-07-14T08:14:00Z,96.0266,0.000000,0.000000,0.000000,above_band_high
2026-07-14T08:15:00Z,96.0204,0.000000,0.000000,0.000000,above_band_high
2026-07-14T08:16:00Z,96.0662,0.000000,0.000000,0.000000,above_band_high
2026-07-14T08:17:00Z,96.0204,0.000000,0.000000,0.000000,above_band_high
2026-07-14T08:18:00Z,96.0357,0.000000,0.000000,0.000000,above_band_high
2026-07-14T08:19:00Z,96.0220,0.000000,0.000000,0.000000,above_band_high
2026-07-14T08:20:00Z,96.0678,0.000000,0.000000,0.000000,above_band_high
2026-07-14T08:21:00Z,96.0159,0.000000,0.000000,0.000000,above_band_high
2026-07-14T08:22:00Z,95.9930,0.000000,0.000000,0.000000,above_band_high
2026-07-14T08:23:00Z,96.0433,0.000000,0.000000,0.000000,above_band_high
2026-07-14T08:24:00Z,96.0494,0.000000,0.000000,0.000000,above_band_high
2026-07-14T08:25:00Z,96.0342,0.000000,0.000000,0.000000,above_band_high
2026-07-14T08:26:00Z,96.0082,0.000000,0.000000,0.000000,above_band_high
2026-07-14T08:27:00Z,96.0525,0.000000,0.000000,0.000000,above_band_high
2026-07-14T08:28:00Z,96.0433,0.000000,0.000000,0.000000,above_band_high
2026-07-14T08:29:00Z,96.0494,0.000000,0.000000,0.000000,above_band_high
2026-07-14T08:30:00Z,96.0494,0.000000,0.000000,0.000000,above_band_high
2026-07-14T08:31:00Z,96.0815,0.000000,0.000000,0.000000,above_band_high
2026-07-14T08:32:00Z,96.0403,0.000000,0.000000,0.000000,above_band_high
2026-07-14T08:33:00Z,96.0449,0.000000,0.000000,0.000000,above_band_high
2026-07-14T08:34:00Z,96.0479,0.000000,0.000000,0.000000,above_band_high
2026-07-14T08:35:00Z,96.0723,0.000000,0.000000,0.000000,above_band_high
2026-07-14T08:36:00Z,96.0403,0.000000,0.000000,0.000000,above_band_high
2026-07-14T08:37:00Z,96.0266,0.000000,0.000000,0.000000,above_band_high
2026-07-14T08:38:00Z,96.0296,0.000000,0.000000,0.000000,above_band_high
2026-07-14T08:39:00Z,96.0266,0.000000,0.000000,0.000000,above_band_high
2026-07-14T08:40:00Z,95.9976,0.000000,0.000000,0.000000,above_band_high
2026-07-14T08:41:00Z,96.0311,0.000000,0.000000,0.000000,above_band_high
2026-07-14T08:42:00Z,96.0403,0.000000,0.000000,0.000000,above_band_high
2026-07-14T08:43:00Z,96.0266,0.000000,0.000000,0.000000,above_band_high
2026-07-14T08:44:00Z,96.0586,0.000000,0.000000,0.000000,above_band_high
2026-07-14T08:45:00Z,96.0449,0.000000,0.000000,0.000000,above_band_high
2026-07-14T08:46:00Z,96.0388,0.000000,0.000000,0.000000,above_band_high
2026-07-14T08:47:00Z,96.0662,0.000000,0.000000,0.000000,above_band_high
2026-07-14T08:48:00Z,96.0571,0.000000,0.000000,0.000000,above_band_high
2026-07-14T08:49:00Z,96.0616,0.000000,0.000000,0.000000,above_band_high
2026-07-14T08:50:00Z,96.0220,0.000000,0.000000,0.000000,above_band_high
2026-07-14T08:51:00Z,96.0632,0.000000,0.000000,0.000000,above_band_high
2026-07-14T08:52:00Z,96.0571,0.000000,0.000000,0.000000,above_band_high
2026-07-14T08:53:00Z,96.0754,0.000000,0.000000,0.000000,above_band_high
2026-07-14T08:54:00Z,96.0616,0.000000,0.000000,0.000000,above_band_high
2026-07-14T08:55:00Z,96.0571,0.000000,0.000000,0.000000,above_band_high
2026-07-14T08:56:00Z,96.0433,0.000000,0.000000,0.000000,above_band_high
2026-07-14T08:57:00Z,96.0678,0.000000,0.000000,0.000000,above_band_high
2026-07-14T08:58:00Z,96.0296,0.000000,0.000000,0.000000,above_band_high
2026-07-14T08:59:00Z,96.0433,0.000000,0.000000,0.000000,above_band_high
2026-07-14T09:00:00Z,96.0586,0.000000,0.000000,0.000000,above_band_high
2026-07-14T09:01:00Z,96.0449,0.000000,0.000000,0.000000,above_band_high
2026-07-14T09:02:00Z,96.0678,0.000000,0.000000,0.000000,above_band_high
2026-07-14T09:03:00Z,96.0571,0.000000,0.000000,0.000000,above_band_high
2026-07-14T09:04:00Z,96.0220,0.000000,0.000000,0.000000,above_band_high
2026-07-14T09:05:00Z,96.0571,0.000000,0.000000,0.000000,above_band_high
2026-07-14T09:06:00Z,96.0616,0.000000,0.000000,0.000000,above_band_high
2026-07-14T09:07:00Z,96.0540,0.000000,0.000000,0.000000,above_band_high
2026-07-14T09:08:00Z,96.0494,0.000000,0.000000,0.000000,above_band_high
2026-07-14T09:09:00Z,96.0220,0.000000,0.000000,0.000000,above_band_high
2026-07-14T09:10:00Z,96.0616,0.000000,0.000000,0.000000,above_band_high
2026-07-14T09:11:00Z,96.0388,0.000000,0.000000,0.000000,above_band_high
2026-07-14T09:12:00Z,96.0388,0.000000,0.000000,0.000000,above_band_high
2026-07-14T09:13:00Z,96.0494,0.000000,0.000000,0.000000,above_band_high
2026-07-14T09:14:00Z,96.0616,0.000000,0.000000,0.000000,above_band_high
2026-07-14T09:15:00Z,96.0449,0.000000,0.000000,0.000000,above_band_high
2026-07-14T09:16:00Z,96.0525,0.000000,0.000000,0.000000,above_band_high
2026-07-14T09:17:00Z,96.0708,0.000000,0.000000,0.000000,above_band_high
2026-07-14T09:18:00Z,96.0769,0.000000,0.000000,0.000000,above_band_high
2026-07-14T09:19:00Z,96.0494,0.000000,0.000000,0.000000,above_band_high
2026-07-14T09:20:00Z,96.0678,0.000000,0.000000,0.000000,above_band_high
2026-07-14T09:21:00Z,96.0800,0.000000,0.000000,0.000000,above_band_high
2026-07-14T09:22:00Z,96.0571,0.000000,0.000000,0.000000,above_band_high
2026-07-14T09:23:00Z,96.0906,0.000000,0.000000,0.000000,above_band_high
2026-07-14T09:24:00Z,96.1181,0.000000,0.000000,0.000000,above_band_high
2026-07-14T09:25:00Z,96.0723,0.000000,0.000000,0.000000,above_band_high
2026-07-14T09:26:00Z,96.0983,0.000000,0.000000,0.000000,above_band_high
2026-07-14T09:27:00Z,96.1120,0.000000,0.000000,0.000000,above_band_high
2026-07-14T09:28:00Z,96.0632,0.000000,0.000000,0.000000,above_band_high
2026-07-14T09:29:00Z,96.0906,0.000000,0.000000,0.000000,above_band_high
2026-07-14T09:30:00Z,96.0998,0.000000,0.000000,0.000000,above_band_high
2026-07-14T09:31:00Z,96.0983,0.000000,0.000000,0.000000,above_band_high
2026-07-14T09:32:00Z,96.0800,0.000000,0.000000,0.000000,above_band_high
2026-07-14T09:33:00Z,96.1257,0.000000,0.000000,0.000000,above_band_high
2026-07-14T09:34:00Z,96.0983,0.000000,0.000000,0.000000,above_band_high
2026-07-14T09:35:00Z,96.1074,0.000000,0.000000,0.000000,above_band_high
2026-07-14T09:36:00Z,96.0998,0.000000,0.000000,0.000000,above_band_high
2026-07-14T09:37:00Z,96.0983,0.000000,0.000000,0.000000,above_band_high
2026-07-14T09:38:00Z,96.0998,0.000000,0.000000,0.000000,above_band_high
2026-07-14T09:39:00Z,96.0754,0.000000,0.000000,0.000000,above_band_high
2026-07-14T09:40:00Z,96.1410,0.000000,0.000000,0.000000,above_band_high
2026-07-14T09:41:00Z,96.0815,0.000000,0.000000,0.000000,above_band_high
2026-07-14T09:42:00Z,96.1028,0.000000,0.000000,0.000000,above_band_high
2026-07-14T09:43:00Z,96.0678,0.000000,0.000000,0.000000,above_band_high
2026-07-14T09:44:00Z,96.1135,0.000000,0.000000,0.000000,above_band_high
2026-07-14T09:45:00Z,96.0906,0.000000,0.000000,0.000000,above_band_high
2026-07-14T09:46:00Z,96.0998,0.000000,0.000000,0.000000,above_band_high
2026-07-14T09:47:00Z,96.0861,0.000000,0.000000,0.000000,above_band_high
2026-07-14T09:48:00Z,96.1089,0.000000,0.000000,0.000000,above_band_high
2026-07-14T09:49:00Z,96.0861,0.000000,0.000000,0.000000,above_band_high
2026-07-14T09:50:00Z,96.0800,0.000000,0.000000,0.000000,above_band_high
2026-07-14T09:51:00Z,96.1120,0.000000,0.000000,0.000000,above_band_high
2026-07-14T09:52:00Z,96.0708,0.000000,0.000000,0.000000,above_band_high
2026-07-14T09:53:00Z,96.0632,0.000000,0.000000,0.000000,above_band_high
2026-07-14T09:54:00Z,96.0403,0.000000,0.000000,0.000000,above_band_high
2026-07-14T09:55:00Z,96.0632,0.000000,0.000000,0.000000,above_band_high
2026-07-14T09:56:00Z,96.0525,0.000000,0.000000,0.000000,above_band_high
2026-07-14T09:57:00Z,96.0754,0.000000,0.000000,0.000000,above_band_high
2026-07-14T09:58:00Z,96.0616,0.000000,0.000000,0.000000,above_band_high
2026-07-14T09:59:00Z,96.0723,0.000000,0.000000,0.000000,above_band_high
2026-07-14T10:00:00Z,96.1212,0.000000,0.000000,0.000000,above_band_high
2026-07-14T10:01:00Z,96.0800,0.000000,0.000000,0.000000,above_band_high
2026-07-14T10:02:00Z,96.0937,0.000000,0.000000,0.000000,above_band_high
2026-07-14T10:03:00Z,96.0723,0.000000,0.000000,0.000000,above_band_high
2026-07-14T10:04:00Z,96.0861,0.000000,0.000000,0.000000,above_band_high
2026-07-14T10:05:00Z,96.0861,0.000000,0.000000,0.000000,above_band_high
2026-07-14T10:06:00Z,96.0571,0.000000,0.000000,0.000000,above_band_high
2026-07-14T10:07:00Z,96.0769,0.000000,0.000000,0.000000,above_band_high
2026-07-14T10:08:00Z,96.0769,0.000000,0.000000,0.000000,above_band_high
2026-07-14T10:09:00Z,96.1028,0.000000,0.000000,0.000000,above_band_high
2026-07-14T10:10:00Z,96.0845,0.000000,0.000000,0.000000,above_band_high
2026-07-14T10:11:00Z,96.0937,0.000000,0.000000,0.000000,above_band_high
2026-07-14T10:12:00Z,96.0754,0.000000,0.000000,0.000000,above_band_high
2026-07-14T10:13:00Z,96.0708,0.000000,0.000000,0.000000,above_band_high
2026-07-14T10:14:00Z,96.0983,0.000000,0.000000,0.000000,above_band_high
2026-07-14T10:15:00Z,96.0983,0.000000,0.000000,0.000000,above_band_high
2026-07-14T10:16:00Z,96.0800,0.000000,0.000000,0.000000,above_band_high
2026-07-14T10:17:00Z,96.0586,0.000000,0.000000,0.000000,above_band_high
2026-07-14T10:18:00Z,96.0678,0.000000,0.000000,0.000000,above_band_high
2026-07-14T10:19:00Z,96.0861,0.000000,0.000000,0.000000,above_band_high
2026-07-14T10:20:00Z,96.0815,0.000000,0.000000,0.000000,above_band_high
2026-07-14T10:21:00Z,96.0937,0.000000,0.000000,0.000000,above_band_high
2026-07-14T10:22:00Z,96.0937,0.000000,0.000000,0.000000,above_band_high
2026-07-14T10:23:00Z,96.0861,0.000000,0.000000,0.000000,above_band_high
2026-07-14T10:24:00Z,96.1044,0.000000,0.000000,0.000000,above_band_high
2026-07-14T10:25:00Z,96.0815,0.000000,0.000000,0.000000,above_band_high
2026-07-14T10:26:00Z,96.0815,0.000000,0.000000,0.000000,above_band_high
2026-07-14T10:27:00Z,96.0998,0.000000,0.000000,0.000000,above_band_high
2026-07-14T10:28:00Z,96.0571,0.000000,0.000000,0.000000,above_band_high
2026-07-14T10:29:00Z,96.0708,0.000000,0.000000,0.000000,above_band_high
2026-07-14T10:30:00Z,96.0678,0.000000,0.000000,0.000000,above_band_high
2026-07-14T10:31:00Z,96.0891,0.000000,0.000000,0.000000,above_band_high
2026-07-14T10:32:00Z,96.0861,0.000000,0.000000,0.000000,above_band_high
2026-07-14T10:33:00Z,96.0815,0.000000,0.000000,0.000000,above_band_high
2026-07-14T10:34:00Z,96.0983,0.000000,0.000000,0.000000,above_band_high
2026-07-14T10:35:00Z,96.1166,0.000000,0.000000,0.000000,above_band_high
2026-07-14T10:36:00Z,96.0983,0.000000,0.000000,0.000000,above_band_high
2026-07-14T10:37:00Z,96.0983,0.000000,0.000000,0.000000,above_band_high
2026-07-14T10:38:00Z,96.0983,0.000000,0.000000,0.000000,above_band_high
2026-07-14T10:39:00Z,96.1135,0.000000,0.000000,0.000000,above_band_high
2026-07-14T10:40:00Z,96.0891,0.000000,0.000000,0.000000,above_band_high
2026-07-14T10:41:00Z,96.0800,0.000000,0.000000,0.000000,above_band_high
2026-07-14T10:42:00Z,96.0998,0.000000,0.000000,0.000000,above_band_high
2026-07-14T10:43:00Z,96.0937,0.000000,0.000000,0.000000,above_band_high
2026-07-14T10:44:00Z,96.1089,0.000000,0.000000,0.000000,above_band_high
2026-07-14T10:45:00Z,96.0845,0.000000,0.000000,0.000000,above_band_high
2026-07-14T10:46:00Z,96.1044,0.000000,0.000000,0.000000,above_band_high
2026-07-14T10:47:00Z,96.0937,0.000000,0.000000,0.000000,above_band_high
2026-07-14T10:48:00Z,96.1120,0.000000,0.000000,0.000000,above_band_high
2026-07-14T10:49:00Z,96.1044,0.000000,0.000000,0.000000,above_band_high
2026-07-14T10:50:00Z,96.1135,0.000000,0.000000,0.000000,above_band_high
2026-07-14T10:51:00Z,96.0845,0.000000,0.000000,0.000000,above_band_high
2026-07-14T10:52:00Z,96.0800,0.000000,0.000000,0.000000,above_band_high
2026-07-14T10:53:00Z,96.1044,0.000000,0.000000,0.000000,above_band_high
2026-07-14T10:54:00Z,96.0861,0.000000,0.000000,0.000000,above_band_high
2026-07-14T10:55:00Z,96.1074,0.000000,0.000000,0.000000,above_band_high
2026-07-14T10:56:00Z,96.1044,0.000000,0.000000,0.000000,above_band_high
2026-07-14T10:57:00Z,96.0952,0.000000,0.000000,0.000000,above_band_high
2026-07-14T10:58:00Z,96.0998,0.000000,0.000000,0.000000,above_band_high
2026-07-14T10:59:00Z,96.1089,0.000000,0.000000,0.000000,above_band_high
2026-07-14T11:00:00Z,96.1089,0.000000,0.000000,0.000000,above_band_high
2026-07-14T11:01:00Z,96.0952,0.000000,0.000000,0.000000,above_band_high
2026-07-14T11:02:00Z,96.1135,0.000000,0.000000,0.000000,above_band_high
2026-07-14T11:03:00Z,96.0952,0.000000,0.000000,0.000000,above_band_high
2026-07-14T11:04:00Z,96.1303,0.000000,0.000000,0.000000,above_band_high
2026-07-14T11:05:00Z,96.1303,0.000000,0.000000,0.000000,above_band_high
2026-07-14T11:06:00Z,96.1227,0.000000,0.000000,0.000000,above_band_high
2026-07-14T11:07:00Z,96.0754,0.000000,0.000000,0.000000,above_band_high
2026-07-14T11:08:00Z,96.1166,0.000000,0.000000,0.000000,above_band_high
2026-07-14T11:09:00Z,96.0662,0.000000,0.000000,0.000000,above_band_high
2026-07-14T11:10:00Z,96.1166,0.000000,0.000000,0.000000,above_band_high
2026-07-14T11:11:00Z,96.1044,0.000000,0.000000,0.000000,above_band_high
2026-07-14T11:12:00Z,96.1440,0.000000,0.000000,0.000000,above_band_high
2026-07-14T11:13:00Z,96.1120,0.000000,0.000000,0.000000,above_band_high
2026-07-14T11:14:00Z,96.1120,0.000000,0.000000,0.000000,above_band_high
2026-07-14T11:15:00Z,96.1120,0.000000,0.000000,0.000000,above_band_high
2026-07-14T11:16:00Z,96.1166,0.000000,0.000000,0.000000,above_band_high
2026-07-14T11:17:00Z,96.1227,0.000000,0.000000,0.000000,above_band_high
2026-07-14T11:18:00Z,96.1166,0.000000,0.000000,0.000000,above_band_high
2026-07-14T11:19:00Z,96.1273,0.000000,0.000000,0.000000,above_band_high
2026-07-14T11:20:00Z,96.1303,0.000000,0.000000,0.000000,above_band_high
2026-07-14T11:21:00Z,96.0937,0.000000,0.000000,0.000000,above_band_high
2026-07-14T11:22:00Z,96.0845,0.000000,0.000000,0.000000,above_band_high
2026-07-14T11:23:00Z,96.0983,0.000000,0.000000,0.000000,above_band_high
2026-07-14T11:24:00Z,96.0937,0.000000,0.000000,0.000000,above_band_high
2026-07-14T11:25:00Z,96.1227,0.000000,0.000000,0.000000,above_band_high
2026-07-14T11:26:00Z,96.1578,0.000000,0.000000,0.000000,above_band_high
2026-07-14T11:27:00Z,96.1227,0.000000,0.000000,0.000000,above_band_high
2026-07-14T11:28:00Z,96.0815,0.000000,0.000000,0.000000,above_band_high
2026-07-14T11:29:00Z,96.1166,0.000000,0.000000,0.000000,above_band_high
2026-07-14T11:30:00Z,96.1364,0.000000,0.000000,0.000000,above_band_high
2026-07-14T11:31:00Z,96.1166,0.000000,0.000000,0.000000,above_band_high
2026-07-14T11:32:00Z,96.1349,0.000000,0.000000,0.000000,above_band_high
2026-07-14T11:33:00Z,96.1089,0.000000,0.000000,0.000000,above_band_high
2026-07-14T11:34:00Z,96.1166,0.000000,0.000000,0.000000,above_band_high
2026-07-14T11:35:00Z,96.1410,0.000000,0.000000,0.000000,above_band_high
2026-07-14T11:36:00Z,96.1578,0.000000,0.000000,0.000000,above_band_high
2026-07-14T11:37:00Z,96.1501,0.000000,0.000000,0.000000,above_band_high
2026-07-14T11:38:00Z,96.1227,0.000000,0.000000,0.000000,above_band_high
2026-07-14T11:39:00Z,96.1593,0.000000,0.000000,0.000000,above_band_high
2026-07-14T11:40:00Z,96.1410,0.000000,0.000000,0.000000,above_band_high
2026-07-14T11:41:00Z,96.1578,0.000000,0.000000,0.000000,above_band_high
2026-07-14T11:42:00Z,96.1547,0.000000,0.000000,0.000000,above_band_high
2026-07-14T11:43:00Z,96.1624,0.000000,0.000000,0.000000,above_band_high
2026-07-14T11:44:00Z,96.1624,0.000000,0.000000,0.000000,above_band_high
2026-07-14T11:45:00Z,96.1395,0.000000,0.000000,0.000000,above_band_high
2026-07-14T11:46:00Z,96.1761,0.000000,0.000000,0.000000,above_band_high
2026-07-14T11:47:00Z,96.1456,0.000000,0.000000,0.000000,above_band_high
2026-07-14T11:48:00Z,96.1868,0.000000,0.000000,0.000000,above_band_high
2026-07-14T11:49:00Z,96.1685,0.000000,0.000000,0.000000,above_band_high
2026-07-14T11:50:00Z,96.1532,0.000000,0.000000,0.000000,above_band_high
2026-07-14T11:51:00Z,96.1944,0.000000,0.000000,0.000000,above_band_high
2026-07-14T11:52:00Z,96.1852,0.000000,0.000000,0.000000,above_band_high
2026-07-14T11:53:00Z,96.1761,0.000000,0.000000,0.000000,above_band_high
2026-07-14T11:54:00Z,96.1807,0.000000,0.000000,0.000000,above_band_high
2026-07-14T11:55:00Z,96.1868,0.000000,0.000000,0.000000,above_band_high
2026-07-14T11:56:00Z,96.1868,0.000000,0.000000,0.000000,above_band_high
2026-07-14T11:57:00Z,96.1807,0.000000,0.000000,0.000000,above_band_high
2026-07-14T11:58:00Z,96.1913,0.000000,0.000000,0.000000,above_band_high
2026-07-14T11:59:00Z,96.2264,0.000000,0.000000,0.000000,above_band_high
2026-07-14T12:00:00Z,96.2219,0.000000,0.000000,0.000000,above_band_high
2026-07-14T12:01:00Z,96.2676,0.000000,0.000000,0.000000,above_band_high
2026-07-14T12:02:00Z,96.2631,0.000000,0.000000,0.000000,above_band_high
2026-07-14T12:03:00Z,96.3043,0.000000,0.000000,0.000000,above_band_high
2026-07-14T12:04:00Z,96.2737,0.000000,0.000000,0.000000,above_band_high
2026-07-14T12:05:00Z,96.3333,0.000000,0.000000,0.000000,above_band_high
2026-07-14T12:06:00Z,96.3317,0.000000,0.000000,0.000000,above_band_high
2026-07-14T12:07:00Z,96.3333,0.000000,0.000000,0.000000,above_band_high
2026-07-14T12:08:00Z,96.3790,0.000000,0.000000,0.000000,above_band_high
2026-07-14T12:09:00Z,96.3729,0.000000,0.000000,0.000000,above_band_high
2026-07-14T12:10:00Z,96.3928,0.000000,0.000000,0.000000,above_band_high
2026-07-14T12:11:00Z,96.4004,0.000000,0.000000,0.000000,above_band_high
2026-07-14T12:12:00Z,96.4187,0.000000,0.000000,0.000000,above_band_high
2026-07-14T12:13:00Z,96.4370,0.000000,0.000000,0.000000,above_band_high
2026-07-14T12:14:00Z,96.4477,0.000000,0.000000,0.000000,above_band_high
2026-07-14T12:15:00Z,96.4462,0.000000,0.000000,0.000000,above_band_high
2026-07-14T12:16:00Z,96.4462,0.000000,0.000000,0.000000,above_band_high
2026-07-14T12:17:00Z,96.4599,0.000000,0.000000,0.000000,above_band_high
2026-07-14T12:18:00Z,96.4508,0.000000,0.000000,0.000000,above_band_high
2026-07-14T12:19:00Z,96.4645,0.000000,0.000000,0.000000,above_band_high
2026-07-14T12:20:00Z,96.5148,0.000000,0.000000,0.000000,above_band_high
2026-07-14T12:21:00Z,96.4706,0.000000,0.000000,0.000000,above_band_high
2026-07-14T12:22:00Z,96.5103,0.000000,0.000000,0.000000,above_band_high
2026-07-14T12:23:00Z,96.5148,0.000000,0.000000,0.000000,above_band_high
2026-07-14T12:24:00Z,96.4874,0.000000,0.000000,0.000000,above_band_high
2026-07-14T12:25:00Z,96.4889,0.000000,0.000000,0.000000,above_band_high
2026-07-14T12:26:00Z,96.4874,0.000000,0.000000,0.000000,above_band_high
2026-07-14T12:27:00Z,96.5148,0.000000,0.000000,0.000000,above_band_high
2026-07-14T12:28:00Z,96.4691,0.000000,0.000000,0.000000,above_band_high
2026-07-14T12:29:00Z,96.4981,0.000000,0.000000,0.000000,above_band_high
2026-07-14T12:30:00Z,96.4935,0.000000,0.000000,0.000000,above_band_high
2026-07-14T12:31:00Z,96.4691,0.000000,0.000000,0.000000,above_band_high
2026-07-14T12:32:00Z,96.4462,0.000000,0.000000,0.000000,above_band_high
2026-07-14T12:33:00Z,96.4660,0.000000,0.000000,0.000000,above_band_high
2026-07-14T12:34:00Z,96.4614,0.000000,0.000000,0.000000,above_band_high
2026-07-14T12:35:00Z,96.4523,0.000000,0.000000,0.000000,above_band_high
2026-07-14T12:36:00Z,96.4279,0.000000,0.000000,0.000000,above_band_high
2026-07-14T12:37:00Z,96.4385,0.000000,0.000000,0.000000,above_band_high
2026-07-14T12:38:00Z,96.4157,0.000000,0.000000,0.000000,above_band_high
2026-07-14T12:39:00Z,96.3867,0.000000,0.000000,0.000000,above_band_high
2026-07-14T12:40:00Z,96.3867,0.000000,0.000000,0.000000,above_band_high
2026-07-14T12:41:00Z,96.3455,0.000000,0.000000,0.000000,above_band_high
2026-07-14T12:42:00Z,96.3226,0.000000,0.000000,0.000000,above_band_high
2026-07-14T12:43:00Z,96.2875,0.000000,0.000000,0.000000,above_band_high
2026-07-14T12:44:00Z,96.2036,0.000000,0.000000,0.000000,above_band_high
2026-07-14T12:45:00Z,96.1089,0.000000,0.000000,0.000000,above_band_high
2026-07-14T12:46:00Z,96.0632,0.000000,0.000000,0.000000,above_band_high
2026-07-14T12:47:00Z,95.9762,0.000000,0.000000,0.000000,above_band_high
2026-07-14T12:48:00Z,95.8846,0.000000,0.000000,0.000000,above_band_high
2026-07-14T12:49:00Z,95.8190,0.000000,0.000000,0.000000,above_band_high
2026-07-14T12:50:00Z,95.7275,0.000000,0.000000,0.000000,above_band_high
2026-07-14T12:51:00Z,95.6420,0.000000,0.000000,0.000000,above_band_high
2026-07-14T12:52:00Z,95.5352,0.000000,0.000000,0.000000,above_band_high
2026-07-14T12:53:00Z,95.4543,0.000000,0.000000,0.000000,above_band_high
2026-07-14T12:54:00Z,95.3445,0.000000,0.000000,0.000000,above_band_high
2026-07-14T12:55:00Z,95.1888,0.000000,0.000000,0.000000,above_band_high
2026-07-14T12:56:00Z,95.0362,0.000000,0.000000,0.000000,above_band_high
2026-07-14T12:57:00Z,94.9050,0.000000,0.000000,0.000000,above_band_high
2026-07-14T12:58:00Z,94.7662,0.000000,0.000000,0.000000,above_band_high
2026-07-14T12:59:00Z,94.6120,0.000000,0.000000,0.000000,above_band_high
2026-07-14T13:00:00Z,94.4198,0.000000,0.000000,0.000000,above_band_high
2026-07-14T13:01:00Z,94.2229,0.000000,0.000000,0.000000,above_band_high
2026-07-14T13:02:00Z,94.0215,0.000000,0.000000,0.000000,above_band_high
2026-07-14T13:03:00Z,93.7972,0.000000,0.000000,0.000000,above_band_high
2026-07-14T13:04:00Z,93.5943,0.000000,0.000000,0.000000,above_band_high
2026-07-14T13:05:00Z,93.3715,0.000000,0.000000,0.000000,above_band_high
2026-07-14T13:06:00Z,93.1502,0.000000,0.000000,0.000000,above_band_high
2026-07-14T13:07:00Z,92.9122,0.000000,0.000000,0.000000,above_band_high
2026-07-14T13:08:00Z,92.7199,0.000000,0.000000,0.000000,above_band_high
2026-07-14T13:09:00Z,92.5185,0.000000,0.000000,0.000000,above_band_high
2026-07-14T13:10:00Z,92.3644,0.000000,0.000000,0.000000,above_band_high
2026-07-14T13:11:00Z,92.2072,0.000000,0.000000,0.000000,above_band_high
2026-07-14T13:12:00Z,92.0150,0.000000,0.000000,0.000000,above_band_high
2026-07-14T13:13:00Z,91.8517,0.000000,0.000000,0.000000,above_band_high
2026-07-14T13:14:49Z,91.4931,0.000106,0.012219,0.012113,in_band
2026-07-14T13:14:52Z,91.4992,0.012223,0.011628,-0.000596,in_band
2026-07-14T13:16:20Z,91.3008,0.002854,0.002716,-0.000138,in_band
2026-07-14T13:16:59Z,91.1681,0.001498,0.001426,-0.000072,in_band
2026-07-14T13:17:00Z,91.1681,0.001473,0.001402,-0.000071,in_band
2026-07-14T13:17:59Z,90.9682,0.000556,0.000529,-0.000027,in_band
2026-07-14T13:18:00Z,90.9682,0.000547,0.000520,-0.000026,in_band
2026-07-14T13:18:59Z,90.8904,0.000206,0.000196,-0.000010,in_band
2026-07-14T13:19:00Z,90.8904,0.000203,0.000193,-0.000010,in_band
2026-07-14T13:19:59Z,90.6981,0.000076,0.000073,-0.000004,in_band
2026-07-14T13:20:00Z,90.6981,0.000075,0.000072,-0.000004,in_band
2026-07-14T13:20:59Z,90.5501,0.000028,0.000027,-0.000001,in_band
2026-07-14T13:21:00Z,90.5501,0.000028,0.000027,-0.000001,in_band
2026-07-14T13:21:59Z,90.4631,0.000011,0.000010,-0.000001,in_band
2026-07-14T13:22:00Z,90.4631,0.000010,0.000010,-0.000000,in_band
2026-07-14T13:22:59Z,90.3365,0.000004,0.000004,-0.000000,in_band
2026-07-14T13:23:00Z,90.3365,0.000004,0.000004,-0.000000,in_band
2026-07-14T13:23:59Z,90.1976,0.000001,0.000001,-0.000000,in_band
2026-07-14T13:24:00Z,90.1976,0.000001,0.000001,-0.000000,in_band
2026-07-14T13:24:59Z,90.1167,0.000001,0.000001,-0.000000,in_band
2026-07-14T13:25:00Z,90.1167,0.000001,0.000001,-0.000000,in_band
2026-07-14T13:25:53Z,89.9886,0.000000,0.000019,0.000019,below_midpoint_feather
2026-07-14T13:26:34Z,89.9504,0.000748,0.000352,-0.000396,below_midpoint_feather
2026-07-14T13:26:38Z,89.9016,0.000545,0.001381,0.000835,below_midpoint_feather
2026-07-14T13:27:28Z,89.8634,0.004474,0.002717,-0.001756,below_midpoint_feather
2026-07-14T13:27:41Z,89.7810,0.004744,0.006925,0.002181,below_midpoint_feather
2026-07-14T13:28:30Z,89.7353,0.013229,0.010444,-0.002785,below_midpoint_feather
2026-07-14T13:28:51Z,89.6361,0.016402,0.019620,0.003218,below_midpoint_feather
2026-07-14T13:29:41Z,89.5933,0.028654,0.025666,-0.002988,below_midpoint_feather
2026-07-14T13:29:49Z,89.5308,0.028395,0.033770,0.005374,below_midpoint_feather
2026-07-14T13:30:04Z,89.5537,0.037406,0.031437,-0.005969,below_midpoint_feather
2026-07-14T13:30:38Z,89.4469,0.041394,0.048476,0.007083,below_midpoint_feather
2026-07-14T13:31:13Z,89.4484,0.055935,0.050741,-0.005194,below_midpoint_feather
2026-07-14T13:31:51Z,89.2973,0.073755,0.081184,0.007428,below_midpoint_feather
2026-07-14T13:32:22Z,89.2607,0.083471,0.092257,0.008786,below_midpoint_feather
2026-07-14T13:32:28Z,89.2973,0.092639,0.085509,-0.007131,below_midpoint_feather
2026-07-14T13:33:04Z,89.2332,0.107582,0.103995,-0.003587,below_midpoint_feather
2026-07-14T13:33:21Z,89.1554,0.109596,0.124556,0.014960,below_midpoint_feather
2026-07-14T13:34:09Z,89.0990,0.150386,0.147492,-0.002894,below_midpoint_feather
2026-07-14T13:34:54Z,88.9631,0.181319,0.195345,0.014026,below_midpoint_feather
2026-07-14T13:35:22Z,88.8945,0.202074,0.223949,0.021875,below_midpoint_feather
2026-07-14T13:35:57Z,88.9311,0.237088,0.223540,-0.013549,below_midpoint_feather
2026-07-14T13:36:27Z,88.8563,0.263394,0.257663,-0.005731,below_midpoint_feather
2026-07-14T13:36:47Z,88.7617,0.277636,0.297415,0.019779,below_midpoint_feather
2026-07-14T13:37:37Z,88.6961,0.322725,0.342702,0.019977,below_midpoint_feather
2026-07-14T13:37:54Z,88.7572,0.345037,0.328643,-0.016393,below_midpoint_feather
2026-07-14T13:38:08Z,88.7663,0.340196,0.332276,-0.007920,below_midpoint_feather
2026-07-14T13:38:35Z,88.6641,0.353640,0.383134,0.029495,below_midpoint_feather
2026-07-14T13:39:19Z,88.6778,0.384503,0.400702,0.016199,below_midpoint_feather
2026-07-14T13:39:21Z,88.7648,0.385549,0.370121,-0.015429,below_midpoint_feather
2026-07-14T13:40:15Z,88.7877,0.403110,0.390816,-0.012295,below_midpoint_feather
2026-07-14T13:40:43Z,88.7526,0.407613,0.417794,0.010181,below_midpoint_feather
2026-07-14T13:41:08Z,88.8350,0.413108,0.402375,-0.010733,below_midpoint_feather
2026-07-14T13:41:52Z,88.8060,0.422756,0.433990,0.011234,below_midpoint_feather
2026-07-14T13:42:05Z,88.8212,0.424061,0.435146,0.011085,below_midpoint_feather
2026-07-14T13:42:41Z,88.9265,0.433699,0.418416,-0.015283,below_midpoint_feather
2026-07-14T13:43:17Z,88.8884,0.434530,0.446328,0.011798,below_midpoint_feather
2026-07-14T13:43:55Z,88.9891,0.442180,0.431855,-0.010326,below_midpoint_feather
2026-07-14T13:44:10Z,88.9586,0.437476,0.446787,0.009312,below_midpoint_feather
2026-07-14T13:44:17Z,89.0211,0.438926,0.431567,-0.007359,below_midpoint_feather
2026-07-14T13:45:20Z,89.0959,0.440016,0.434398,-0.005618,below_midpoint_feather
2026-07-14T13:45:59Z,89.0623,0.446688,0.455767,0.009079,below_midpoint_feather
2026-07-14T13:46:05Z,89.1325,0.452525,0.439605,-0.012920,below_midpoint_feather
2026-07-14T13:46:27Z,89.1127,0.444055,0.451170,0.007115,below_midpoint_feather
2026-07-14T13:47:00Z,89.1585,0.436196,0.449215,0.013020,below_midpoint_feather
2026-07-14T13:47:24Z,89.2363,0.444224,0.437701,-0.006523,below_midpoint_feather
2026-07-14T13:48:22Z,89.2409,0.444316,0.450389,0.006073,below_midpoint_feather
2026-07-14T13:48:27Z,89.2927,0.447024,0.440668,-0.006357,below_midpoint_feather
2026-07-14T13:49:01Z,89.3294,0.446591,0.440572,-0.006020,below_midpoint_feather
2026-07-14T13:49:07Z,89.2699,0.443551,0.453609,0.010058,below_midpoint_feather
2026-07-14T13:50:39Z,89.3065,0.449432,0.462551,0.013119,below_midpoint_feather
2026-07-14T13:50:58Z,89.4285,0.451924,0.443608,-0.008315,below_midpoint_feather
2026-07-14T13:51:02Z,89.3339,0.451735,0.460873,0.009138,below_midpoint_feather
2026-07-14T13:51:42Z,89.4667,0.450564,0.444073,-0.006491,below_midpoint_feather
2026-07-14T13:52:04Z,89.3980,0.450509,0.458055,0.007547,below_midpoint_feather
2026-07-14T13:52:12Z,89.4789,0.451529,0.446154,-0.005375,below_midpoint_feather
2026-07-14T13:53:28Z,89.4942,0.457230,0.452668,-0.004562,below_midpoint_feather
2026-07-14T13:53:58Z,89.4438,0.457833,0.463400,0.005568,below_midpoint_feather
2026-07-14T13:54:34Z,89.4881,0.463298,0.460283,-0.003015,below_midpoint_feather
2026-07-14T13:54:36Z,89.4331,0.462336,0.468906,0.006569,below_midpoint_feather
2026-07-14T13:55:29Z,89.4713,0.471729,0.468115,-0.003614,below_midpoint_feather
2026-07-14T13:55:45Z,89.4255,0.469722,0.476856,0.007134,below_midpoint_feather
2026-07-14T13:56:06Z,89.4789,0.475308,0.470581,-0.004726,below_midpoint_feather
2026-07-14T13:56:33Z,89.4301,0.473680,0.480794,0.007114,below_midpoint_feather
2026-07-14T13:57:31Z,89.5262,0.476989,0.472115,-0.004874,below_midpoint_feather
2026-07-14T13:57:38Z,89.4621,0.478327,0.481994,0.003666,below_midpoint_feather
2026-07-14T13:58:21Z,89.5445,0.479665,0.474318,-0.005347,below_midpoint_feather
2026-07-14T13:58:50Z,89.4804,0.480304,0.485746,0.005442,below_midpoint_feather
2026-07-14T13:59:10Z,89.5491,0.483515,0.477975,-0.005540,below_midpoint_feather
2026-07-14T13:59:51Z,89.4926,0.483547,0.489053,0.005506,below_midpoint_feather
2026-07-14T14:00:28Z,89.5995,0.483670,0.478182,-0.005488,below_midpoint_feather
2026-07-14T14:00:30Z,89.5445,0.480952,0.485021,0.004069,below_midpoint_feather
2026-07-14T14:01:28Z,89.6452,0.481665,0.477506,-0.004160,below_midpoint_feather
2026-07-14T14:01:58Z,89.6117,0.477862,0.482887,0.005026,below_midpoint_feather
2026-07-14T14:02:23Z,89.6361,0.477929,0.481647,0.003718,below_midpoint_feather
2026-07-14T14:02:27Z,89.7032,0.479466,0.475544,-0.003922,below_midpoint_feather
2026-07-14T14:03:00Z,89.6666,0.477640,0.480399,0.002759,below_midpoint_feather
2026-07-14T14:03:59Z,89.7444,0.479452,0.476189,-0.003263,below_midpoint_feather
2026-07-14T14:04:00Z,89.7444,0.479620,0.476225,-0.003395,below_midpoint_feather
2026-07-14T14:04:35Z,89.6666,0.477688,0.483902,0.006213,below_midpoint_feather
2026-07-14T14:05:27Z,89.7185,0.477566,0.480896,0.003330,below_midpoint_feather
2026-07-14T14:05:54Z,89.7856,0.479361,0.476851,-0.002510,below_midpoint_feather
2026-07-14T14:06:02Z,89.7871,0.479895,0.476950,-0.002946,below_midpoint_feather
2026-07-14T14:06:22Z,89.7627,0.476661,0.478977,0.002315,below_midpoint_feather
2026-07-14T14:07:37Z,89.8512,0.476349,0.475543,-0.000806,below_midpoint_feather
2026-07-14T14:07:44Z,89.7826,0.475938,0.479229,0.003292,below_midpoint_feather
2026-07-14T14:08:08Z,89.8009,0.476075,0.478494,0.002420,below_midpoint_feather
2026-07-14T14:08:45Z,89.8970,0.476142,0.474841,-0.001301,below_midpoint_feather
2026-07-14T14:09:34Z,89.9016,0.475776,0.475201,-0.000575,below_midpoint_feather
2026-07-14T14:09:47Z,89.8680,0.474784,0.476406,0.001622,below_midpoint_feather
2026-07-14T14:10:07Z,89.9428,0.475243,0.474535,-0.000708,below_midpoint_feather
2026-07-14T14:10:22Z,89.8833,0.474489,0.476099,0.001610,below_midpoint_feather
2026-07-14T14:11:14Z,89.9596,0.474912,0.474638,-0.000273,below_midpoint_feather
2026-07-14T14:11:37Z,89.8833,0.474436,0.476422,0.001986,below_midpoint_feather
2026-07-14T14:12:10Z,89.8604,0.475193,0.477349,0.002156,below_midpoint_feather
2026-07-14T14:12:59Z,89.9413,0.475887,0.475211,-0.000675,below_midpoint_feather
2026-07-14T14:13:00Z,89.9413,0.475890,0.475215,-0.000675,below_midpoint_feather
2026-07-14T14:13:58Z,89.8787,0.475087,0.476994,0.001907,below_midpoint_feather
2026-07-14T14:14:07Z,89.8817,0.475531,0.476917,0.001386,below_midpoint_feather
2026-07-14T14:14:37Z,89.9474,0.475616,0.475408,-0.000207,below_midpoint_feather
2026-07-14T14:15:29Z,89.8878,0.475454,0.476929,0.001475,below_midpoint_feather
2026-07-14T14:15:32Z,89.9641,0.475635,0.475329,-0.000306,below_midpoint_feather
2026-07-14T14:16:19Z,89.9641,0.475512,0.475416,-0.000096,below_midpoint_feather
2026-07-14T14:16:53Z,89.9199,0.475220,0.476198,0.000978,below_midpoint_feather
2026-07-14T14:17:45Z,89.9825,0.475210,0.475390,0.000181,below_midpoint_feather
2026-07-14T14:17:50Z,89.9199,0.475089,0.476264,0.001175,below_midpoint_feather
2026-07-14T14:18:25Z,89.9779,0.475269,0.475454,0.000185,below_midpoint_feather
2026-07-14T14:18:39Z,89.9062,0.475152,0.476649,0.001497,below_midpoint_feather
2026-07-14T14:19:00Z,89.9657,0.475424,0.475582,0.000158,below_midpoint_feather
2026-07-14T14:19:23Z,89.9184,0.475024,0.476381,0.001357,below_midpoint_feather
2026-07-14T14:20:01Z,89.9550,0.475047,0.475747,0.000700,below_midpoint_feather
2026-07-14T14:20:59Z,89.9916,0.475295,0.473915,-0.001380,below_midpoint_feather
2026-07-14T14:21:22Z,89.9504,0.474998,0.474265,-0.000734,below_midpoint_feather
2026-07-14T14:21:44Z,90.0145,0.474964,0.472347,-0.002617,in_band
2026-07-14T14:22:17Z,89.9336,0.473459,0.471935,-0.001524,below_midpoint_feather
2026-07-14T14:22:31Z,89.9886,0.473625,0.470808,-0.002817,below_midpoint_feather
2026-07-14T14:23:06Z,89.9687,0.473490,0.470940,-0.002550,below_midpoint_feather
2026-07-14T14:23:43Z,90.0343,0.473409,0.468464,-0.004945,in_band
2026-07-14T14:24:02Z,89.9702,0.471846,0.467295,-0.004551,below_midpoint_feather
2026-07-14T14:24:48Z,90.0191,0.471878,0.464590,-0.007288,in_band
2026-07-14T14:25:09Z,90.0114,0.471863,0.463820,-0.008043,in_band
2026-07-14T14:25:20Z,89.9840,0.468971,0.462057,-0.006913,below_midpoint_feather
2026-07-14T14:26:11Z,89.9657,0.462524,0.455568,-0.006956,below_midpoint_feather
2026-07-14T14:26:59Z,89.9977,0.462004,0.452883,-0.009121,below_midpoint_feather
2026-07-14T14:27:03Z,90.0114,0.461995,0.452129,-0.009866,in_band
2026-07-14T14:27:39Z,89.9779,0.456383,0.447953,-0.008430,below_midpoint_feather
2026-07-14T14:28:00Z,90.0191,0.455118,0.445404,-0.009714,in_band
2026-07-14T14:28:59Z,90.0465,0.440443,0.431524,-0.008919,in_band
2026-07-14T14:29:00Z,90.0465,0.440199,0.431285,-0.008914,in_band
2026-07-14T14:29:59Z,90.0618,0.426004,0.417379,-0.008626,in_band
2026-07-14T14:30:00Z,90.0618,0.425767,0.417147,-0.008621,in_band
2026-07-14T14:30:59Z,90.0740,0.412038,0.403696,-0.008342,in_band
2026-07-14T14:31:00Z,90.0740,0.411809,0.403471,-0.008338,in_band
2026-07-14T14:31:59Z,90.1213,0.398530,0.390461,-0.008069,in_band
2026-07-14T14:32:00Z,90.1213,0.398309,0.390244,-0.008064,in_band
2026-07-14T14:32:59Z,90.1289,0.385465,0.377660,-0.007804,in_band
2026-07-14T14:33:00Z,90.1289,0.385251,0.377451,-0.007800,in_band
2026-07-14T14:33:59Z,90.0984,0.372828,0.365279,-0.007548,in_band
2026-07-14T14:34:00Z,90.0984,0.372621,0.365076,-0.007544,in_band
2026-07-14T14:34:59Z,90.1030,0.360605,0.353304,-0.007301,in_band
2026-07-14T14:35:00Z,90.1030,0.360405,0.353108,-0.007297,in_band
2026-07-14T14:35:59Z,89.9870,0.348783,0.341935,-0.006848,below_midpoint_feather
2026-07-14T14:36:00Z,89.9870,0.348589,0.341935,-0.006654,below_midpoint_feather
2026-07-14T14:36:53Z,89.9107,0.342674,0.338892,-0.003782,below_midpoint_feather
2026-07-14T14:37:04Z,89.9016,0.342748,0.339139,-0.003610,below_midpoint_feather
2026-07-14T14:37:17Z,89.9748,0.343173,0.337857,-0.005316,below_midpoint_feather
2026-07-14T14:38:25Z,89.9275,0.344273,0.338597,-0.005676,below_midpoint_feather
2026-07-14T14:38:53Z,89.8543,0.344239,0.340937,-0.003302,below_midpoint_feather
2026-07-14T14:39:40Z,89.8772,0.346400,0.340241,-0.006159,below_midpoint_feather
2026-07-14T14:39:47Z,89.8100,0.346435,0.343263,-0.003172,below_midpoint_feather
2026-07-14T14:40:21Z,89.7826,0.347087,0.345065,-0.002022,below_midpoint_feather
2026-07-14T14:40:45Z,89.8604,0.348138,0.341300,-0.006838,below_midpoint_feather
2026-07-14T14:41:00Z,89.7536,0.348524,0.347302,-0.001223,below_midpoint_feather
2026-07-14T14:41:36Z,89.7673,0.353389,0.346771,-0.006617,below_midpoint_feather
2026-07-14T14:42:27Z,89.7002,0.353627,0.352672,-0.000956,below_midpoint_feather
2026-07-14T14:42:55Z,89.7230,0.359284,0.351366,-0.007918,below_midpoint_feather
2026-07-14T14:43:20Z,89.7002,0.361150,0.353854,-0.007296,below_midpoint_feather
2026-07-14T14:43:51Z,89.6437,0.360476,0.360003,-0.000473,below_midpoint_feather
2026-07-14T14:44:36Z,89.6849,0.367589,0.357528,-0.010061,below_midpoint_feather
2026-07-14T14:44:55Z,89.5903,0.368761,0.367964,-0.000797,below_midpoint_feather
2026-07-14T14:45:02Z,89.6315,0.371559,0.363672,-0.007887,below_midpoint_feather
2026-07-14T14:45:17Z,89.5705,0.369629,0.371201,0.001573,below_midpoint_feather
2026-07-14T14:46:03Z,89.5399,0.376982,0.377211,0.000228,below_midpoint_feather
2026-07-14T14:46:50Z,89.5399,0.388120,0.379852,-0.008268,below_midpoint_feather
2026-07-14T14:47:18Z,89.5125,0.394535,0.385383,-0.009153,below_midpoint_feather
2026-07-14T14:47:57Z,89.4194,0.400961,0.402502,0.001541,below_midpoint_feather
2026-07-14T14:48:15Z,89.3874,0.408337,0.409475,0.001139,below_midpoint_feather
2026-07-14T14:48:36Z,89.4301,0.413313,0.404231,-0.009083,below_midpoint_feather
2026-07-14T14:49:41Z,89.3797,0.433268,0.419860,-0.013408,below_midpoint_feather
2026-07-14T14:49:59Z,89.2821,0.435511,0.440713,0.005202,below_midpoint_feather
2026-07-14T14:50:33Z,89.3156,0.448509,0.438655,-0.009854,below_midpoint_feather
2026-07-14T14:50:51Z,89.2515,0.451132,0.454354,0.003222,below_midpoint_feather
2026-07-14T14:51:31Z,89.1951,0.466630,0.473116,0.006486,below_midpoint_feather
2026-07-14T14:51:38Z,89.2775,0.469766,0.456383,-0.013383,below_midpoint_feather
2026-07-14T14:52:41Z,89.1722,0.486063,0.490886,0.004823,below_midpoint_feather
2026-07-14T14:52:46Z,89.2180,0.492582,0.481361,-0.011221,below_midpoint_feather
2026-07-14T14:53:09Z,89.1234,0.500269,0.508182,0.007913,below_midpoint_feather
2026-07-14T14:53:24Z,89.2058,0.504031,0.491675,-0.012357,below_midpoint_feather
2026-07-14T14:54:01Z,89.1920,0.515153,0.502690,-0.012463,below_midpoint_feather
2026-07-14T14:54:45Z,89.1142,0.523125,0.531247,0.008122,below_midpoint_feather
2026-07-14T14:55:11Z,89.1814,0.536860,0.520964,-0.015896,below_midpoint_feather
2026-07-14T14:55:19Z,89.0990,0.533888,0.542992,0.009105,below_midpoint_feather
2026-07-14T14:56:08Z,89.2134,0.543639,0.527179,-0.016459,below_midpoint_feather
2026-07-14T14:56:23Z,89.1218,0.541776,0.552400,0.010624,below_midpoint_feather
2026-07-14T14:57:41Z,89.2470,0.556222,0.541361,-0.014860,below_midpoint_feather
2026-07-14T14:57:48Z,89.1508,0.553655,0.564824,0.011169,below_midpoint_feather
2026-07-14T14:58:25Z,89.2424,0.563157,0.552039,-0.011118,below_midpoint_feather
2026-07-14T14:58:55Z,89.1554,0.574832,0.578312,0.003480,below_midpoint_feather
2026-07-14T14:59:21Z,89.1096,0.586598,0.595295,0.008697,below_midpoint_feather
2026-07-14T14:59:53Z,89.1554,0.602774,0.591288,-0.011485,below_midpoint_feather
2026-07-14T15:00:14Z,89.1447,0.615060,0.598844,-0.016215,below_midpoint_feather
2026-07-14T15:00:19Z,89.0944,0.608158,0.612661,0.004503,below_midpoint_feather
2026-07-14T15:01:34Z,89.0761,0.649783,0.636845,-0.012939,below_midpoint_feather
2026-07-14T15:01:51Z,88.9982,0.652032,0.662886,0.010854,below_midpoint_feather
2026-07-14T15:02:07Z,88.9769,0.664095,0.673593,0.009498,below_midpoint_feather
2026-07-14T15:02:57Z,89.0364,0.682855,0.671807,-0.011048,below_midpoint_feather
2026-07-14T15:03:02Z,88.9845,0.682256,0.687962,0.005706,below_midpoint_feather
2026-07-14T15:03:37Z,89.0806,0.686435,0.672485,-0.013950,below_midpoint_feather
2026-07-14T15:04:19Z,89.1371,0.681230,0.670996,-0.010233,below_midpoint_feather
2026-07-14T15:04:26Z,89.0898,0.677946,0.684973,0.007027,below_midpoint_feather
2026-07-14T15:05:04Z,89.1173,0.684216,0.688691,0.004475,below_midpoint_feather
2026-07-14T15:05:38Z,89.1783,0.695191,0.682992,-0.012198,below_midpoint_feather
2026-07-14T15:06:03Z,89.1035,0.700565,0.707700,0.007136,below_midpoint_feather
2026-07-14T15:06:41Z,89.1539,0.715826,0.704843,-0.010983,below_midpoint_feather
2026-07-14T15:07:27Z,89.1676,0.726727,0.713201,-0.013526,below_midpoint_feather
2026-07-14T15:07:47Z,89.1188,0.721782,0.730128,0.008346,below_midpoint_feather
2026-07-14T15:08:11Z,89.1829,0.733216,0.720581,-0.012634,below_midpoint_feather
2026-07-14T15:08:16Z,89.1005,0.728952,0.741920,0.012968,below_midpoint_feather
2026-07-14T15:09:34Z,89.1829,0.752695,0.740444,-0.012251,below_midpoint_feather
2026-07-14T15:09:45Z,89.1142,0.754174,0.759667,0.005493,below_midpoint_feather
2026-07-14T15:10:15Z,89.1234,0.759444,0.764500,0.005057,below_midpoint_feather
2026-07-14T15:10:23Z,89.1737,0.766522,0.754212,-0.012310,below_midpoint_feather
2026-07-14T15:11:39Z,89.1905,0.782503,0.768521,-0.013982,below_midpoint_feather
2026-07-14T15:11:44Z,89.1539,0.773235,0.778340,0.005105,below_midpoint_feather
2026-07-14T15:12:40Z,89.2332,0.784917,0.773167,-0.011750,below_midpoint_feather
2026-07-14T15:12:44Z,89.1905,0.778982,0.783641,0.004659,below_midpoint_feather
2026-07-14T15:13:20Z,89.2317,0.793088,0.782300,-0.010789,below_midpoint_feather
2026-07-14T15:13:47Z,89.1875,0.793408,0.798027,0.004618,below_midpoint_feather
2026-07-14T15:14:09Z,89.2638,0.795044,0.785864,-0.009180,below_midpoint_feather
2026-07-14T15:14:47Z,89.2317,0.797351,0.800539,0.003187,below_midpoint_feather
2026-07-14T15:15:19Z,89.2226,0.802416,0.808874,0.006458,below_midpoint_feather
2026-07-14T15:15:24Z,89.2958,0.808540,0.794409,-0.014131,below_midpoint_feather
2026-07-14T15:16:05Z,89.2226,0.814367,0.817619,0.003253,below_midpoint_feather
2026-07-14T15:16:43Z,89.2699,0.826048,0.814576,-0.011472,below_midpoint_feather
2026-07-14T15:17:39Z,89.2638,0.837949,0.826401,-0.011548,below_midpoint_feather
2026-07-14T15:17:57Z,89.1920,0.840378,0.845584,0.005205,below_midpoint_feather
2026-07-14T15:18:45Z,89.2378,0.855873,0.844755,-0.011117,below_midpoint_feather
2026-07-14T15:18:52Z,89.1829,0.854874,0.858491,0.003617,below_midpoint_feather
2026-07-14T15:19:02Z,89.2317,0.859980,0.849491,-0.010489,below_midpoint_feather
2026-07-14T15:19:32Z,89.1646,0.865405,0.870912,0.005507,below_midpoint_feather
2026-07-14T15:20:00Z,89.1646,0.870206,0.876769,0.006563,below_midpoint_feather
2026-07-14T15:20:02Z,89.2287,0.875857,0.862554,-0.013304,below_midpoint_feather
2026-07-14T15:21:39Z,89.1493,0.913624,0.902486,-0.011138,below_midpoint_feather
2026-07-14T15:21:47Z,89.1142,0.908014,0.913057,0.005043,below_midpoint_feather
2026-07-14T15:22:12Z,89.0944,0.918502,0.924125,0.005623,below_midpoint_feather
2026-07-14T15:22:33Z,89.1493,0.926678,0.915553,-0.011125,below_midpoint_feather
2026-07-14T15:23:00Z,89.1508,0.934934,0.921919,-0.013016,below_midpoint_feather
2026-07-14T15:23:17Z,89.1081,0.933516,0.936781,0.003265,below_midpoint_feather
2026-07-14T15:24:16Z,89.1814,0.945184,0.933931,-0.011253,below_midpoint_feather
2026-07-14T15:24:55Z,89.1417,0.948453,0.953151,0.004698,below_midpoint_feather
2026-07-14T15:25:11Z,89.1356,0.953455,0.958562,0.005107,below_midpoint_feather
2026-07-14T15:25:19Z,89.1814,0.960484,0.949537,-0.010947,below_midpoint_feather
2026-07-14T15:26:09Z,89.2149,0.965111,0.953726,-0.011385,below_midpoint_feather
2026-07-14T15:26:58Z,89.2271,0.958881,0.962012,0.003131,below_midpoint_feather
2026-07-14T15:27:05Z,89.3019,0.961999,0.947868,-0.014131,below_midpoint_feather
2026-07-14T15:27:23Z,89.2744,0.954504,0.957174,0.002670,below_midpoint_feather
2026-07-14T15:28:03Z,89.4148,0.950131,0.938635,-0.011495,below_midpoint_feather
2026-07-14T15:28:24Z,89.3874,0.943067,0.946854,0.003787,below_midpoint_feather
2026-07-14T15:29:02Z,89.4759,0.936952,0.938056,0.001104,below_midpoint_feather
2026-07-14T15:29:04Z,89.5491,0.937216,0.928162,-0.009055,below_midpoint_feather
2026-07-14T15:30:15Z,89.6269,0.934068,0.926445,-0.007623,below_midpoint_feather
2026-07-14T15:30:36Z,89.6025,0.931714,0.930766,-0.000948,below_midpoint_feather
2026-07-14T15:31:20Z,89.6818,0.933216,0.925563,-0.007654,below_midpoint_feather
2026-07-14T15:31:26Z,89.6544,0.930056,0.928494,-0.001562,below_midpoint_feather
2026-07-14T15:32:00Z,89.6818,0.929560,0.927630,-0.001930,below_midpoint_feather
2026-07-14T15:32:13Z,89.7505,0.930795,0.922671,-0.008125,below_midpoint_feather
2026-07-14T15:33:02Z,89.7948,0.928100,0.921649,-0.006451,below_midpoint_feather
2026-07-14T15:33:20Z,89.7719,0.926089,0.923609,-0.002481,below_midpoint_feather
2026-07-14T15:34:04Z,89.7963,0.925753,0.923189,-0.002565,below_midpoint_feather
2026-07-14T15:34:25Z,89.9016,0.925732,0.919066,-0.006666,below_midpoint_feather
2026-07-14T15:35:00Z,89.8909,0.925287,0.919900,-0.005387,below_midpoint_feather
2026-07-14T15:35:53Z,89.7276,0.929628,0.929325,-0.000303,below_midpoint_feather
2026-07-14T15:36:13Z,89.7490,0.933866,0.927970,-0.005896,below_midpoint_feather
2026-07-14T15:36:40Z,89.6223,0.939965,0.939717,-0.000248,below_midpoint_feather
2026-07-14T15:37:33Z,89.4514,0.961858,0.963843,0.001985,below_midpoint_feather
2026-07-14T15:37:51Z,89.4987,0.968212,0.957695,-0.010517,below_midpoint_feather
2026-07-14T15:38:53Z,89.3248,0.989890,0.991545,0.001655,below_midpoint_feather
2026-07-14T15:38:59Z,89.3797,0.991886,0.982021,-0.009865,below_midpoint_feather
2026-07-14T15:39:00Z,89.3797,0.992270,0.982124,-0.010146,below_midpoint_feather
2026-07-14T15:39:19Z,89.2882,0.998631,1.000000,0.001369,below_midpoint_feather
2026-07-14T15:40:00Z,89.2287,1.000000,1.000000,0.000000,below_midpoint_feather
2026-07-14T15:41:00Z,89.1768,1.000000,1.000000,0.000000,below_midpoint_feather
2026-07-14T15:42:00Z,89.1218,1.000000,1.000000,0.000000,below_midpoint_feather
2026-07-14T15:43:00Z,89.0272,1.000000,1.000000,0.000000,below_midpoint_feather
2026-07-14T15:44:00Z,88.9662,1.000000,1.000000,0.000000,below_midpoint_feather
2026-07-14T15:45:00Z,88.8930,1.000000,1.000000,0.000000,below_midpoint_feather
2026-07-14T15:46:00Z,88.8396,1.000000,1.000000,0.000000,below_midpoint_feather
2026-07-14T15:47:00Z,88.7831,1.000000,1.000000,0.000000,below_midpoint_feather
2026-07-14T15:48:00Z,88.7663,1.000000,1.000000,0.000000,below_midpoint_feather
2026-07-14T15:49:00Z,88.8060,1.000000,1.000000,0.000000,below_midpoint_feather
2026-07-14T15:50:00Z,88.7373,1.000000,1.000000,0.000000,below_midpoint_feather
2026-07-14T15:51:00Z,88.7480,1.000000,1.000000,0.000000,below_midpoint_feather
2026-07-14T15:52:00Z,88.7984,1.000000,1.000000,0.000000,below_midpoint_feather
2026-07-14T15:53:00Z,88.7877,1.000000,1.000000,0.000000,below_midpoint_feather
2026-07-14T15:54:00Z,88.8289,1.000000,1.000000,0.000000,below_midpoint_feather
2026-07-14T15:55:00Z,88.6931,1.000000,1.000000,0.000000,below_midpoint_feather
2026-07-14T15:56:00Z,88.6564,1.000000,1.000000,0.000000,below_midpoint_feather
2026-07-14T15:57:00Z,88.5924,1.000000,1.000000,0.000000,below_midpoint_feather
2026-07-14T15:58:00Z,88.5420,1.000000,1.000000,0.000000,below_midpoint_feather
2026-07-14T15:59:00Z,88.7480,1.000000,1.000000,0.000000,below_midpoint_feather
2026-07-14T16:00:00Z,88.9769,1.000000,1.000000,0.000000,below_midpoint_feather
2026-07-14T16:01:00Z,89.1768,1.000000,1.000000,0.000000,below_midpoint_feather
2026-07-14T16:02:00Z,89.2546,1.000000,1.000000,0.000000,below_midpoint_feather
2026-07-14T16:03:00Z,89.3782,1.000000,1.000000,0.000000,below_midpoint_feather
2026-07-14T16:04:00Z,89.4942,1.000000,1.000000,0.000000,below_midpoint_feather
2026-07-14T16:05:00Z,89.6986,1.000000,1.000000,0.000000,below_midpoint_feather
2026-07-14T16:06:24Z,89.8833,0.999060,0.999726,0.000666,below_midpoint_feather
2026-07-14T16:06:53Z,90.0069,0.998546,0.996947,-0.001599,in_band
2026-07-14T16:07:09Z,90.0801,0.990029,0.988434,-0.001595,in_band
2026-07-14T16:07:59Z,90.1488,0.963507,0.961926,-0.001581,in_band
2026-07-14T16:08:00Z,90.1488,0.962979,0.961399,-0.001581,in_band
2026-07-14T16:08:59Z,90.1534,0.932212,0.930668,-0.001544,in_band
2026-07-14T16:09:00Z,90.1534,0.931697,0.930154,-0.001543,in_band
2026-07-14T16:09:59Z,90.0206,0.901759,0.900260,-0.001498,in_band
2026-07-14T16:10:00Z,90.0206,0.901259,0.899761,-0.001498,in_band
2026-07-14T16:10:49Z,89.9611,0.879042,0.880236,0.001194,below_midpoint_feather
2026-07-14T16:11:25Z,89.9565,0.874229,0.874456,0.000227,below_midpoint_feather
2026-07-14T16:11:37Z,90.0145,0.874199,0.871766,-0.002433,in_band
2026-07-14T16:12:00Z,90.0710,0.863094,0.861660,-0.001435,in_band
2026-07-14T16:12:59Z,90.1656,0.835269,0.833882,-0.001387,in_band
2026-07-14T16:13:00Z,90.1656,0.834805,0.833419,-0.001387,in_band
2026-07-14T16:13:59Z,90.3120,0.807888,0.806546,-0.001342,in_band
2026-07-14T16:14:00Z,90.3120,0.807439,0.806099,-0.001341,in_band
2026-07-14T16:14:59Z,90.3990,0.781403,0.780106,-0.001298,in_band
2026-07-14T16:15:00Z,90.3990,0.780970,0.779673,-0.001297,in_band
2026-07-14T16:15:59Z,90.4128,0.755786,0.754531,-0.001255,in_band
2026-07-14T16:16:00Z,90.4128,0.755367,0.754112,-0.001254,in_band
2026-07-14T16:16:59Z,90.3075,0.731009,0.729795,-0.001214,in_band
2026-07-14T16:17:00Z,90.3075,0.730603,0.729390,-0.001214,in_band
2026-07-14T16:17:59Z,90.1701,0.707043,0.705869,-0.001174,in_band
2026-07-14T16:18:00Z,90.1701,0.706651,0.705477,-0.001173,in_band
2026-07-14T16:18:53Z,89.9794,0.686147,0.686211,0.000064,below_midpoint_feather
2026-07-14T16:19:32Z,89.9321,0.687205,0.686047,-0.001158,below_midpoint_feather
2026-07-14T16:19:51Z,89.7963,0.689306,0.691306,0.002000,below_midpoint_feather
2026-07-14T16:20:32Z,89.6773,0.697357,0.700415,0.003058,below_midpoint_feather
2026-07-14T16:20:47Z,89.6910,0.702160,0.699367,-0.002794,below_midpoint_feather
2026-07-14T16:21:45Z,89.4896,0.718250,0.724357,0.006107,below_midpoint_feather
2026-07-14T16:21:49Z,89.5308,0.725155,0.718781,-0.006374,below_midpoint_feather
2026-07-14T16:22:38Z,89.3889,0.748069,0.743487,-0.004582,below_midpoint_feather
2026-07-14T16:22:58Z,89.2790,0.759221,0.766061,0.006840,below_midpoint_feather
2026-07-14T16:23:29Z,89.2195,0.773743,0.782265,0.008522,below_midpoint_feather
2026-07-14T16:23:47Z,89.2287,0.786412,0.782716,-0.003697,below_midpoint_feather
2026-07-14T16:24:02Z,89.2317,0.797051,0.784353,-0.012699,below_midpoint_feather
2026-07-14T16:24:48Z,89.1356,0.803816,0.814981,0.011164,below_midpoint_feather
2026-07-14T16:25:12Z,89.1539,0.807893,0.815356,0.007463,below_midpoint_feather
2026-07-14T16:25:14Z,89.2241,0.810433,0.799579,-0.010854,below_midpoint_feather
2026-07-14T16:26:19Z,89.1676,0.832590,0.826311,-0.006279,below_midpoint_feather
2026-07-14T16:26:35Z,89.1035,0.836502,0.845625,0.009123,below_midpoint_feather
2026-07-14T16:27:33Z,89.1264,0.861192,0.853535,-0.007657,below_midpoint_feather
2026-07-14T16:27:41Z,89.0761,0.855447,0.868383,0.012936,below_midpoint_feather
2026-07-14T16:28:26Z,89.1127,0.878097,0.870382,-0.007714,below_midpoint_feather
2026-07-14T16:28:27Z,89.0440,0.878357,0.888642,0.010285,below_midpoint_feather
2026-07-14T16:29:23Z,89.0639,0.910852,0.898553,-0.012299,below_midpoint_feather
2026-07-14T16:29:27Z,88.9952,0.909446,0.918651,0.009205,below_midpoint_feather
2026-07-14T16:30:03Z,88.9906,0.921691,0.930532,0.008841,below_midpoint_feather
2026-07-14T16:30:23Z,89.0532,0.932446,0.919195,-0.013251,below_midpoint_feather
2026-07-14T16:31:12Z,89.0547,0.944444,0.934252,-0.010191,below_midpoint_feather
2026-07-14T16:31:19Z,88.9906,0.946264,0.954307,0.008044,below_midpoint_feather
2026-07-14T16:32:19Z,89.0684,0.961587,0.951900,-0.009687,below_midpoint_feather
2026-07-14T16:32:29Z,89.0043,0.957693,0.972601,0.014908,below_midpoint_feather
2026-07-14T16:33:13Z,89.0089,0.977577,0.984994,0.007417,below_midpoint_feather
2026-07-14T16:33:43Z,89.0211,1.000000,0.990926,-0.009074,below_midpoint_feather
2026-07-14T16:34:00Z,88.9616,1.000000,1.000000,0.000000,below_midpoint_feather
2026-07-14T16:35:00Z,88.7526,1.000000,1.000000,0.000000,below_midpoint_feather
2026-07-14T16:36:00Z,88.4672,1.000000,1.000000,0.000000,below_midpoint_feather
2026-07-14T16:37:00Z,88.3299,1.000000,1.000000,0.000000,below_midpoint_feather
2026-07-14T16:38:00Z,88.2765,1.000000,1.000000,0.000000,below_midpoint_feather
2026-07-14T16:39:00Z,88.2765,1.000000,1.000000,0.000000,below_midpoint_feather
2026-07-14T16:40:00Z,88.3360,1.000000,1.000000,0.000000,below_midpoint_feather
2026-07-14T16:41:00Z,88.3940,1.000000,1.000000,0.000000,below_midpoint_feather
2026-07-14T16:42:00Z,88.3909,1.000000,1.000000,0.000000,below_midpoint_feather
2026-07-14T16:43:00Z,88.3040,1.000000,1.000000,0.000000,below_midpoint_feather
2026-07-14T16:44:00Z,88.1834,1.000000,1.000000,0.000000,below_midpoint_feather
2026-07-14T16:45:00Z,88.1209,1.000000,1.000000,0.000000,below_midpoint_feather
2026-07-14T16:46:00Z,88.0568,1.000000,1.000000,0.000000,below_midpoint_feather
2026-07-14T16:47:00Z,87.9789,1.000000,1.000000,0.000000,below_midpoint_feather
2026-07-14T16:48:00Z,87.8218,1.000000,1.000000,0.000000,below_midpoint_feather
2026-07-14T16:49:00Z,87.8187,1.000000,1.000000,0.000000,below_midpoint_feather
2026-07-14T16:50:00Z,87.7714,1.000000,1.000000,0.000000,below_midpoint_feather
2026-07-14T16:51:00Z,87.7363,1.000000,1.000000,0.000000,below_midpoint_feather
2026-07-14T16:52:00Z,87.7668,1.000000,1.000000,0.000000,below_midpoint_feather
2026-07-14T16:53:00Z,87.7668,1.000000,1.000000,0.000000,below_midpoint_feather
2026-07-14T16:54:00Z,87.7211,1.000000,1.000000,0.000000,below_midpoint_feather
2026-07-14T16:55:00Z,87.6310,1.000000,1.000000,0.000000,below_midpoint_feather
2026-07-14T16:56:00Z,87.5486,1.000000,1.000000,0.000000,below_midpoint_feather
2026-07-14T16:57:00Z,87.5349,1.000000,1.000000,0.000000,below_midpoint_feather
2026-07-14T16:58:00Z,87.4479,1.000000,1.000000,0.000000,below_midpoint_feather
2026-07-14T16:59:00Z,87.3182,1.000000,1.000000,0.000000,below_midpoint_feather
2026-07-14T17:00:00Z,87.2313,1.000000,1.000000,0.000000,below_midpoint_feather
2026-07-14T17:01:00Z,87.1046,1.000000,1.000000,0.000000,below_midpoint_feather
2026-07-14T17:02:00Z,86.9718,1.000000,1.000000,0.000000,below_midpoint_feather
2026-07-14T17:03:00Z,86.8849,1.000000,1.000000,0.000000,below_midpoint_feather
2026-07-14T17:04:00Z,86.9337,1.000000,1.000000,0.000000,below_midpoint_feather
2026-07-14T17:05:00Z,86.9383,1.000000,1.000000,0.000000,below_midpoint_feather
2026-07-14T17:06:00Z,86.9337,1.000000,1.000000,0.000000,below_midpoint_feather
2026-07-14T17:07:00Z,87.0497,1.000000,1.000000,0.000000,below_midpoint_feather
2026-07-14T17:08:00Z,87.1534,1.000000,1.000000,0.000000,below_midpoint_feather
2026-07-14T17:09:00Z,87.1992,1.000000,1.000000,0.000000,below_midpoint_feather
2026-07-14T17:10:00Z,87.1412,1.000000,1.000000,0.000000,below_midpoint_feather
2026-07-14T17:11:00Z,87.2221,1.000000,1.000000,0.000000,below_midpoint_feather
2026-07-14T17:12:00Z,87.1687,1.000000,1.000000,0.000000,below_midpoint_feather
2026-07-14T17:13:00Z,87.2374,1.000000,1.000000,0.000000,below_midpoint_feather
2026-07-14T17:14:00Z,87.2862,1.000000,1.000000,0.000000,below_midpoint_feather
2026-07-14T17:15:00Z,87.3610,1.000000,1.000000,0.000000,below_midpoint_feather
2026-07-14T17:16:00Z,87.4159,1.000000,1.000000,0.000000,below_midpoint_feather
2026-07-14T17:17:00Z,87.5898,1.000000,1.000000,0.000000,below_midpoint_feather
2026-07-14T17:18:00Z,87.8538,1.000000,1.000000,0.000000,below_midpoint_feather
2026-07-14T17:19:00Z,88.1193,1.000000,1.000000,0.000000,below_midpoint_feather
2026-07-14T17:20:00Z,88.3345,1.000000,1.000000,0.000000,below_midpoint_feather
2026-07-14T17:21:00Z,88.4260,1.000000,1.000000,0.000000,below_midpoint_feather
2026-07-14T17:22:00Z,88.5557,1.000000,1.000000,0.000000,below_midpoint_feather
2026-07-14T17:23:00Z,88.6244,1.000000,1.000000,0.000000,below_midpoint_feather
2026-07-14T17:24:00Z,88.6778,1.000000,1.000000,0.000000,below_midpoint_feather
2026-07-14T17:25:00Z,88.7205,1.000000,1.000000,0.000000,below_midpoint_feather
2026-07-14T17:26:00Z,88.7098,1.000000,1.000000,0.000000,below_midpoint_feather
2026-07-14T17:27:00Z,88.7694,1.000000,1.000000,0.000000,below_midpoint_feather
2026-07-14T17:28:00Z,88.8884,1.000000,1.000000,0.000000,below_midpoint_feather
2026-07-14T17:29:00Z,88.9158,1.000000,1.000000,0.000000,below_midpoint_feather
2026-07-14T17:30:00Z,89.0318,1.000000,1.000000,0.000000,below_midpoint_feather
2026-07-14T17:31:00Z,89.1966,1.000000,1.000000,0.000000,below_midpoint_feather
2026-07-14T17:32:00Z,89.3065,1.000000,1.000000,0.000000,below_midpoint_feather
2026-07-14T17:33:00Z,89.4011,1.000000,1.000000,0.000000,below_midpoint_feather
2026-07-14T17:34:00Z,89.5064,1.000000,1.000000,0.000000,below_midpoint_feather
2026-07-14T17:35:00Z,89.6712,1.000000,1.000000,0.000000,below_midpoint_feather
2026-07-14T17:36:45Z,89.9138,0.999905,0.999244,-0.000661,below_midpoint_feather
2026-07-14T17:36:54Z,89.9245,0.999012,0.999233,0.000221,below_midpoint_feather
2026-07-14T17:37:14Z,89.9428,0.998897,0.999321,0.000424,below_midpoint_feather
2026-07-14T17:37:29Z,90.0435,0.999074,0.997440,-0.001634,in_band
2026-07-14T17:38:00Z,90.0923,0.982367,0.980753,-0.001614,in_band
2026-07-14T17:38:59Z,90.2159,0.951019,0.949443,-0.001575,in_band
2026-07-14T17:39:00Z,90.2159,0.950494,0.948919,-0.001575,in_band
2026-07-14T17:39:59Z,90.2861,0.919966,0.918437,-0.001529,in_band
2026-07-14T17:40:00Z,90.2861,0.919456,0.917928,-0.001528,in_band
2026-07-14T17:40:59Z,90.4005,0.889853,0.888372,-0.001481,in_band
2026-07-14T17:41:00Z,90.4005,0.889359,0.887879,-0.001480,in_band
2026-07-14T17:41:59Z,90.4234,0.860697,0.859264,-0.001433,in_band
2026-07-14T17:42:00Z,90.4234,0.860219,0.858787,-0.001432,in_band
2026-07-14T17:42:59Z,90.5058,0.832487,0.831100,-0.001386,in_band
2026-07-14T17:43:00Z,90.5058,0.832024,0.830639,-0.001385,in_band
2026-07-14T17:43:59Z,90.5364,0.805197,0.803856,-0.001341,in_band
2026-07-14T17:44:00Z,90.5364,0.804750,0.803410,-0.001340,in_band
2026-07-14T17:44:59Z,90.6050,0.778800,0.777503,-0.001297,in_band
2026-07-14T17:45:00Z,90.6050,0.778368,0.777072,-0.001296,in_band
2026-07-14T17:45:59Z,90.6096,0.753268,0.752014,-0.001254,in_band
2026-07-14T17:46:00Z,90.6096,0.752850,0.751596,-0.001254,in_band
2026-07-14T17:46:59Z,90.6325,0.728573,0.727360,-0.001213,in_band
2026-07-14T17:47:00Z,90.6325,0.728169,0.726956,-0.001213,in_band
2026-07-14T17:47:59Z,90.7210,0.704688,0.703515,-0.001173,in_band
2026-07-14T17:48:00Z,90.7210,0.704297,0.703124,-0.001173,in_band
2026-07-14T17:48:59Z,90.8675,0.681586,0.680451,-0.001135,in_band
2026-07-14T17:49:00Z,90.8675,0.681207,0.680073,-0.001135,in_band
2026-07-14T17:49:59Z,90.9682,0.659240,0.658143,-0.001097,in_band
2026-07-14T17:50:00Z,90.9682,0.658874,0.657777,-0.001097,in_band
2026-07-14T17:50:59Z,91.0582,0.637628,0.636566,-0.001062,in_band
2026-07-14T17:51:00Z,91.0582,0.637274,0.636213,-0.001061,in_band
2026-07-14T17:51:59Z,91.1177,0.616724,0.615697,-0.001026,in_band
2026-07-14T17:52:00Z,91.1177,0.616382,0.615355,-0.001026,in_band
2026-07-14T17:52:59Z,91.2108,0.596506,0.595512,-0.000993,in_band
2026-07-14T17:53:00Z,91.2108,0.596174,0.595181,-0.000992,in_band
2026-07-14T17:53:59Z,91.2428,0.576950,0.575989,-0.000961,in_band
2026-07-14T17:54:00Z,91.2428,0.576629,0.575669,-0.000960,in_band
2026-07-14T17:54:59Z,91.2459,0.558035,0.557106,-0.000929,in_band
2026-07-14T17:55:00Z,91.2459,0.557725,0.556796,-0.000929,in_band
2026-07-14T17:55:59Z,91.3024,0.539741,0.538842,-0.000899,in_band
2026-07-14T17:56:00Z,91.3024,0.539441,0.538542,-0.000898,in_band
2026-07-14T17:56:59Z,91.3298,0.522046,0.521176,-0.000869,in_band
2026-07-14T17:57:00Z,91.3298,0.521756,0.520887,-0.000869,in_band
2026-07-14T17:57:59Z,91.3787,0.504931,0.504090,-0.000841,in_band
2026-07-14T17:58:41Z,91.5129,0.493286,0.487769,-0.005516,above_band_high
2026-07-14T17:58:48Z,91.5068,0.488731,0.489277,0.000545,above_band_high
2026-07-14T18:00:22Z,91.5908,0.431246,0.450485,0.019239,above_band_high
2026-07-14T18:00:50Z,91.6854,0.422843,0.408167,-0.014676,above_band_high
2026-07-14T18:01:23Z,91.6457,0.405908,0.421727,0.015819,above_band_high
2026-07-14T18:01:27Z,91.7266,0.405441,0.386749,-0.018692,above_band_high
2026-07-14T18:02:34Z,91.8013,0.356152,0.344399,-0.011753,above_band_high
2026-07-14T18:02:39Z,91.7174,0.355198,0.379227,0.024029,above_band_high
2026-07-14T18:03:17Z,91.8425,0.341104,0.317547,-0.023558,above_band_high
2026-07-14T18:03:28Z,91.7876,0.327380,0.338302,0.010923,above_band_high
2026-07-14T18:04:27Z,91.8608,0.279909,0.290655,0.010746,above_band_high
2026-07-14T18:04:59Z,91.9387,0.264993,0.246992,-0.018001,above_band_high
2026-07-14T18:05:10Z,91.9051,0.243622,0.257468,0.013846,above_band_high
2026-07-14T18:05:35Z,91.9921,0.231175,0.211096,-0.020079,above_band_high
2026-07-14T18:06:02Z,91.9661,0.196410,0.211385,0.014975,above_band_high
2026-07-14T18:06:49Z,92.0943,0.156826,0.135803,-0.021024,above_band_high
2026-07-14T18:07:45Z,92.1752,0.100472,0.072706,-0.027766,above_band_high
2026-07-14T18:07:58Z,92.1065,0.077697,0.094792,0.017095,above_band_high
2026-07-14T18:08:20Z,92.1614,0.047515,0.058675,0.011160,above_band_high
2026-07-14T18:08:30Z,92.2499,0.047427,0.014937,-0.032490,above_band_high
2026-07-14T18:09:01Z,92.2347,0.012573,0.002066,-0.010506,above_band_high
2026-07-14T18:09:14Z,92.1904,0.000896,0.012471,0.011575,above_band_high
2026-07-14T18:10:00Z,92.2713,0.000000,0.000000,0.000000,above_band_high
2026-07-14T18:11:00Z,92.2683,0.000000,0.000000,0.000000,above_band_high
2026-07-14T18:12:00Z,92.3186,0.000000,0.000000,0.000000,above_band_high
2026-07-14T18:13:00Z,92.4285,0.000000,0.000000,0.000000,above_band_high
2026-07-14T18:14:00Z,92.5093,0.000000,0.000000,0.000000,above_band_high
2026-07-14T18:15:00Z,92.5658,0.000000,0.000000,0.000000,above_band_high
2026-07-14T18:16:00Z,92.5872,0.000000,0.000000,0.000000,above_band_high
2026-07-14T18:17:00Z,92.6467,0.000000,0.000000,0.000000,above_band_high
2026-07-14T18:18:00Z,92.6894,0.000000,0.000000,0.000000,above_band_high
2026-07-14T18:19:00Z,92.7565,0.000000,0.000000,0.000000,above_band_high
2026-07-14T18:20:00Z,92.7886,0.000000,0.000000,0.000000,above_band_high
2026-07-14T18:21:00Z,92.8298,0.000000,0.000000,0.000000,above_band_high
2026-07-14T18:22:00Z,92.8939,0.000000,0.000000,0.000000,above_band_high
2026-07-14T18:23:00Z,92.9122,0.000000,0.000000,0.000000,above_band_high
2026-07-14T18:24:00Z,92.9366,0.000000,0.000000,0.000000,above_band_high
2026-07-14T18:25:00Z,92.9992,0.000000,0.000000,0.000000,above_band_high
2026-07-14T18:26:00Z,92.9717,0.000000,0.000000,0.000000,above_band_high
2026-07-14T18:27:00Z,93.0144,0.000000,0.000000,0.000000,above_band_high
2026-07-14T18:28:00Z,93.0632,0.000000,0.000000,0.000000,above_band_high
2026-07-14T18:29:00Z,93.0587,0.000000,0.000000,0.000000,above_band_high
2026-07-14T18:30:00Z,93.1319,0.000000,0.000000,0.000000,above_band_high
2026-07-14T18:31:00Z,93.1380,0.000000,0.000000,0.000000,above_band_high
2026-07-14T18:32:00Z,93.1746,0.000000,0.000000,0.000000,above_band_high
2026-07-14T18:33:00Z,93.1960,0.000000,0.000000,0.000000,above_band_high
2026-07-14T18:34:00Z,93.2296,0.000000,0.000000,0.000000,above_band_high
2026-07-14T18:35:00Z,93.2525,0.000000,0.000000,0.000000,above_band_high
2026-07-14T18:36:00Z,93.2845,0.000000,0.000000,0.000000,above_band_high
2026-07-14T18:37:00Z,93.2692,0.000000,0.000000,0.000000,above_band_high
2026-07-14T18:38:00Z,93.2784,0.000000,0.000000,0.000000,above_band_high
2026-07-14T18:39:00Z,93.3028,0.000000,0.000000,0.000000,above_band_high
2026-07-14T18:40:00Z,93.3028,0.000000,0.000000,0.000000,above_band_high
2026-07-14T18:41:00Z,93.3440,0.000000,0.000000,0.000000,above_band_high
2026-07-14T18:42:00Z,93.3394,0.000000,0.000000,0.000000,above_band_high
2026-07-14T18:43:00Z,93.3303,0.000000,0.000000,0.000000,above_band_high
2026-07-14T18:44:00Z,93.3608,0.000000,0.000000,0.000000,above_band_high
2026-07-14T18:45:00Z,93.3211,0.000000,0.000000,0.000000,above_band_high
2026-07-14T18:46:00Z,93.3242,0.000000,0.000000,0.000000,above_band_high
2026-07-14T18:47:00Z,93.3288,0.000000,0.000000,0.000000,above_band_high
2026-07-14T18:48:00Z,93.2784,0.000000,0.000000,0.000000,above_band_high
2026-07-14T18:49:00Z,93.2692,0.000000,0.000000,0.000000,above_band_high
2026-07-14T18:50:00Z,93.2982,0.000000,0.000000,0.000000,above_band_high
2026-07-14T18:51:00Z,93.2433,0.000000,0.000000,0.000000,above_band_high
2026-07-14T18:52:00Z,93.2418,0.000000,0.000000,0.000000,above_band_high
2026-07-14T18:53:00Z,93.2464,0.000000,0.000000,0.000000,above_band_high
2026-07-14T18:54:00Z,93.2021,0.000000,0.000000,0.000000,above_band_high
2026-07-14T18:55:00Z,93.2113,0.000000,0.000000,0.000000,above_band_high
2026-07-14T18:56:00Z,93.1838,0.000000,0.000000,0.000000,above_band_high
2026-07-14T18:57:00Z,93.1411,0.000000,0.000000,0.000000,above_band_high
2026-07-14T18:58:00Z,93.1151,0.000000,0.000000,0.000000,above_band_high
2026-07-14T18:59:00Z,93.0632,0.000000,0.000000,0.000000,above_band_high
2026-07-14T19:00:00Z,93.0358,0.000000,0.000000,0.000000,above_band_high
2026-07-14T19:01:00Z,92.9915,0.000000,0.000000,0.000000,above_band_high
2026-07-14T19:02:00Z,92.9183,0.000000,0.000000,0.000000,above_band_high
2026-07-14T19:03:00Z,92.8618,0.000000,0.000000,0.000000,above_band_high
2026-07-14T19:04:00Z,92.8069,0.000000,0.000000,0.000000,above_band_high
2026-07-14T19:05:00Z,92.7474,0.000000,0.000000,0.000000,above_band_high
2026-07-14T19:06:00Z,92.7031,0.000000,0.000000,0.000000,above_band_high
2026-07-14T19:07:00Z,92.6802,0.000000,0.000000,0.000000,above_band_high
2026-07-14T19:08:00Z,92.6207,0.000000,0.000000,0.000000,above_band_high
2026-07-14T19:09:00Z,92.5917,0.000000,0.000000,0.000000,above_band_high
2026-07-14T19:10:00Z,92.5414,0.000000,0.000000,0.000000,above_band_high
2026-07-14T19:11:00Z,92.4880,0.000000,0.000000,0.000000,above_band_high
2026-07-14T19:12:00Z,92.4468,0.000000,0.000000,0.000000,above_band_high
2026-07-14T19:13:00Z,92.4224,0.000000,0.000000,0.000000,above_band_high
2026-07-14T19:14:00Z,92.3781,0.000000,0.000000,0.000000,above_band_high
2026-07-14T19:15:00Z,92.3461,0.000000,0.000000,0.000000,above_band_high
2026-07-14T19:16:00Z,92.3171,0.000000,0.000000,0.000000,above_band_high
2026-07-14T19:17:00Z,92.2591,0.000000,0.000000,0.000000,above_band_high
2026-07-14T19:18:00Z,92.1889,0.000000,0.000000,0.000000,above_band_high
2026-07-14T19:19:00Z,92.1584,0.000000,0.000000,0.000000,above_band_high
2026-07-14T19:20:00Z,92.1111,0.000000,0.000000,0.000000,above_band_high
2026-07-14T19:21:00Z,92.0790,0.000000,0.000000,0.000000,above_band_high
2026-07-14T19:22:00Z,92.1218,0.000000,0.000000,0.000000,above_band_high
2026-07-14T19:23:00Z,92.1431,0.000000,0.000000,0.000000,above_band_high
2026-07-14T19:24:00Z,92.1431,0.000000,0.000000,0.000000,above_band_high
2026-07-14T19:25:00Z,92.1157,0.000000,0.000000,0.000000,above_band_high
2026-07-14T19:26:00Z,92.1157,0.000000,0.000000,0.000000,above_band_high
2026-07-14T19:27:00Z,92.1172,0.000000,0.000000,0.000000,above_band_high
2026-07-14T19:28:00Z,92.1294,0.000000,0.000000,0.000000,above_band_high
2026-07-14T19:29:00Z,91.9829,0.000000,0.000000,0.000000,above_band_high
2026-07-14T19:30:00Z,91.9249,0.000000,0.000000,0.000000,above_band_high
2026-07-14T19:31:00Z,91.7815,0.000000,0.000000,0.000000,above_band_high
2026-07-14T19:32:00Z,91.8227,0.000000,0.000000,0.000000,above_band_high
2026-07-14T19:33:00Z,91.6915,0.000000,0.000000,0.000000,above_band_high
2026-07-14T19:34:00Z,91.6213,0.000000,0.000000,0.000000,above_band_high
2026-07-14T19:35:19Z,91.4992,0.000000,0.006519,0.006519,in_band
2026-07-14T19:35:22Z,91.4992,0.006453,0.006203,-0.000249,in_band
2026-07-14T19:36:50Z,91.3710,0.001507,0.001451,-0.000056,in_band
2026-07-14T19:36:59Z,91.3298,0.001298,0.001250,-0.000048,in_band
2026-07-14T19:37:00Z,91.3298,0.001277,0.001230,-0.000047,in_band
2026-07-14T19:37:59Z,91.2200,0.000482,0.000464,-0.000018,in_band
2026-07-14T19:38:00Z,91.2200,0.000474,0.000456,-0.000018,in_band
2026-07-14T19:38:59Z,91.0918,0.000179,0.000172,-0.000007,in_band
2026-07-14T19:39:00Z,91.0918,0.000176,0.000169,-0.000007,in_band
2026-07-14T19:39:59Z,90.9682,0.000066,0.000064,-0.000002,in_band
2026-07-14T19:40:00Z,90.9682,0.000065,0.000063,-0.000002,in_band
2026-07-14T19:40:59Z,90.9636,0.000025,0.000024,-0.000001,in_band
2026-07-14T19:41:00Z,90.9636,0.000024,0.000023,-0.000001,in_band
2026-07-14T19:41:59Z,90.8629,0.000009,0.000009,-0.000000,in_band
2026-07-14T19:42:00Z,90.8629,0.000009,0.000009,-0.000000,in_band
2026-07-14T19:42:59Z,90.7836,0.000003,0.000003,-0.000000,in_band
2026-07-14T19:43:00Z,90.7836,0.000003,0.000003,-0.000000,in_band
2026-07-14T19:43:59Z,90.7347,0.000001,0.000001,-0.000000,in_band
2026-07-14T19:44:00Z,90.7347,0.000001,0.000001,-0.000000,in_band
2026-07-14T19:44:59Z,90.6020,0.000000,0.000000,-0.000000,in_band
2026-07-14T19:45:00Z,90.6020,0.000000,0.000000,-0.000000,in_band
2026-07-14T19:45:59Z,90.5226,0.000000,0.000000,-0.000000,in_band
2026-07-14T19:46:00Z,90.5226,0.000000,0.000000,-0.000000,in_band
2026-07-14T19:46:59Z,90.4219,0.000000,0.000000,-0.000000,in_band
2026-07-14T19:47:00Z,90.4219,0.000000,0.000000,-0.000000,in_band
2026-07-14T19:47:59Z,90.2541,0.000000,0.000000,-0.000000,in_band
2026-07-14T19:48:00Z,90.2541,0.000000,0.000000,-0.000000,in_band
2026-07-14T19:48:59Z,90.1488,0.000000,0.000000,-0.000000,in_band
2026-07-14T19:49:00Z,90.1488,0.000000,0.000000,-0.000000,in_band
2026-07-14T19:49:59Z,90.0374,0.000000,0.000000,-0.000000,in_band
2026-07-14T19:50:30Z,90.0328,0.000010,0.000000,-0.000010,in_band
2026-07-14T19:50:57Z,89.9565,0.000002,0.000269,0.000267,below_midpoint_feather
2026-07-14T19:51:39Z,89.9886,0.000396,0.000022,-0.000374,below_midpoint_feather
2026-07-14T19:51:55Z,89.9016,0.000496,0.001385,0.000889,below_midpoint_feather
2026-07-14T19:52:49Z,89.8512,0.001613,0.003214,0.001601,below_midpoint_feather
2026-07-14T19:52:54Z,89.8924,0.002662,0.001721,-0.000941,below_midpoint_feather
2026-07-14T19:53:33Z,89.8817,0.004150,0.002183,-0.001967,below_midpoint_feather
2026-07-14T19:53:39Z,89.8054,0.003418,0.005604,0.002185,below_midpoint_feather
2026-07-14T19:54:09Z,89.8329,0.006632,0.004366,-0.002266,below_midpoint_feather
2026-07-14T19:54:45Z,89.8192,0.003646,0.005365,0.001719,below_midpoint_feather
2026-07-14T19:55:03Z,89.8589,0.002852,0.003718,0.000866,below_midpoint_feather
2026-07-14T19:55:15Z,89.9321,0.002389,0.001644,-0.000745,below_midpoint_feather
2026-07-14T19:56:00Z,90.0069,0.001254,0.001259,0.000005,in_band
2026-07-14T19:56:59Z,90.1289,0.001378,0.001375,-0.000002,in_band
2026-07-14T19:57:00Z,90.1289,0.001379,0.001376,-0.000002,in_band
2026-07-14T19:57:59Z,90.2815,0.001395,0.001390,-0.000005,in_band
2026-07-14T19:58:00Z,90.2815,0.001395,0.001390,-0.000005,in_band
2026-07-14T19:58:59Z,90.4509,0.001372,0.001367,-0.000006,in_band
2026-07-14T19:59:00Z,90.4509,0.001372,0.001366,-0.000006,in_band
2026-07-14T19:59:58Z,90.5608,0.001337,0.001331,-0.000006,in_band
2026-07-14T20:00:04Z,90.5653,0.001333,0.001327,-0.000006,in_band
2026-07-14T20:00:59Z,90.5882,0.001295,0.001289,-0.000006,in_band
2026-07-14T20:01:00Z,90.5882,0.001295,0.001289,-0.000006,in_band
2026-07-14T20:01:59Z,90.5959,0.001254,0.001248,-0.000006,in_band
2026-07-14T20:02:00Z,90.5959,0.001253,0.001248,-0.000006,in_band
2026-07-14T20:02:59Z,90.5913,0.001213,0.001208,-0.000006,in_band
2026-07-14T20:03:00Z,90.5913,0.001213,0.001207,-0.000006,in_band
2026-07-14T20:03:59Z,90.5333,0.001174,0.001168,-0.000005,in_band
2026-07-14T20:04:00Z,90.5333,0.001173,0.001168,-0.000005,in_band
2026-07-14T20:04:59Z,90.5379,0.001135,0.001130,-0.000005,in_band
2026-07-14T20:05:00Z,90.5379,0.001135,0.001129,-0.000005,in_band
2026-07-14T20:05:59Z,90.6004,0.001098,0.001093,-0.000005,in_band
2026-07-14T20:06:00Z,90.6004,0.001097,0.001092,-0.000005,in_band
2026-07-14T20:06:59Z,90.5821,0.001062,0.001057,-0.000005,in_band
2026-07-14T20:07:00Z,90.5821,0.001061,0.001057,-0.000005,in_band
2026-07-14T20:07:59Z,90.6371,0.001027,0.001023,-0.000005,in_band
2026-07-14T20:08:00Z,90.6371,0.001027,0.001022,-0.000005,in_band
2026-07-14T20:08:59Z,90.6508,0.000994,0.000989,-0.000005,in_band
2026-07-14T20:09:00Z,90.6508,0.000993,0.000988,-0.000005,in_band
2026-07-14T20:09:59Z,90.6828,0.000961,0.000957,-0.000004,in_band
2026-07-14T20:10:00Z,90.6828,0.000960,0.000956,-0.000004,in_band
2026-07-14T20:10:59Z,90.6889,0.000929,0.000925,-0.000004,in_band
2026-07-14T20:11:00Z,90.6889,0.000929,0.000925,-0.000004,in_band
2026-07-14T20:11:59Z,90.7393,0.000899,0.000895,-0.000004,in_band
2026-07-14T20:12:00Z,90.7393,0.000899,0.000894,-0.000004,in_band
2026-07-14T20:12:59Z,90.6981,0.000870,0.000866,-0.000004,in_band
2026-07-14T20:13:00Z,90.6981,0.000869,0.000865,-0.000004,in_band
2026-07-14T20:13:59Z,90.6432,0.000841,0.000837,-0.000004,in_band
2026-07-14T20:14:00Z,90.6432,0.000841,0.000837,-0.000004,in_band
2026-07-14T20:14:59Z,90.5425,0.000813,0.000810,-0.000004,in_band
2026-07-14T20:15:00Z,90.5425,0.000813,0.000809,-0.000004,in_band
2026-07-14T20:15:59Z,90.4356,0.000787,0.000783,-0.000004,in_band
2026-07-14T20:16:00Z,90.4356,0.000786,0.000783,-0.000004,in_band
2026-07-14T20:16:59Z,90.3624,0.000761,0.000758,-0.000003,in_band
2026-07-14T20:17:00Z,90.3624,0.000761,0.000757,-0.000003,in_band
2026-07-14T20:17:59Z,90.3731,0.000736,0.000733,-0.000003,in_band
2026-07-14T20:18:00Z,90.3731,0.000736,0.000732,-0.000003,in_band
2026-07-14T20:18:59Z,90.3853,0.000712,0.000709,-0.000003,in_band
2026-07-14T20:19:00Z,90.3853,0.000712,0.000708,-0.000003,in_band
2026-07-14T20:19:59Z,90.4356,0.000689,0.000685,-0.000003,in_band
2026-07-14T20:20:00Z,90.4356,0.000688,0.000685,-0.000003,in_band
2026-07-14T20:20:59Z,90.4814,0.000666,0.000663,-0.000003,in_band
2026-07-14T20:21:00Z,90.4814,0.000666,0.000663,-0.000003,in_band
2026-07-14T20:21:59Z,90.4738,0.000644,0.000641,-0.000003,in_band
2026-07-14T20:22:00Z,90.4738,0.000644,0.000641,-0.000003,in_band
2026-07-14T20:22:59Z,90.4768,0.000623,0.000620,-0.000003,in_band
2026-07-14T20:23:00Z,90.4768,0.000623,0.000620,-0.000003,in_band
2026-07-14T20:23:59Z,90.4356,0.000603,0.000600,-0.000003,in_band
2026-07-14T20:24:00Z,90.4356,0.000602,0.000600,-0.000003,in_band
2026-07-14T20:24:59Z,90.3593,0.000583,0.000580,-0.000003,in_band
2026-07-14T20:25:00Z,90.3593,0.000583,0.000580,-0.000003,in_band
2026-07-14T20:25:59Z,90.2541,0.000564,0.000561,-0.000003,in_band
2026-07-14T20:26:00Z,90.2541,0.000563,0.000561,-0.000003,in_band
2026-07-14T20:26:59Z,90.1198,0.000545,0.000543,-0.000002,in_band
2026-07-14T20:27:00Z,90.1198,0.000545,0.000542,-0.000002,in_band
2026-07-14T20:27:59Z,90.0710,0.000527,0.000525,-0.000002,in_band
2026-07-14T20:28:00Z,90.0710,0.000527,0.000525,-0.000002,in_band
2026-07-14T20:28:59Z,90.0465,0.000510,0.000508,-0.000002,in_band
2026-07-14T20:29:00Z,90.0465,0.000510,0.000508,-0.000002,in_band
2026-07-14T20:29:02Z,89.9916,0.000509,0.000518,0.000008,below_midpoint_feather
2026-07-14T20:30:00Z,90.0618,0.000493,0.000491,-0.000002,in_band
2026-07-14T20:30:59Z,90.1442,0.000477,0.000476,-0.000002,in_band
2026-07-14T20:31:00Z,90.1442,0.000477,0.000475,-0.000002,in_band
2026-07-14T20:31:59Z,90.2571,0.000462,0.000460,-0.000002,in_band
2026-07-14T20:32:00Z,90.2571,0.000461,0.000460,-0.000002,in_band
2026-07-14T20:32:59Z,90.3441,0.000446,0.000445,-0.000002,in_band
2026-07-14T20:33:00Z,90.3441,0.000446,0.000445,-0.000002,in_band
2026-07-14T20:33:59Z,90.3944,0.000432,0.000430,-0.000001,in_band
2026-07-14T20:34:00Z,90.3944,0.000432,0.000430,-0.000001,in_band
2026-07-14T20:34:59Z,90.4601,0.000418,0.000416,-0.000001,in_band
2026-07-14T20:35:00Z,90.4601,0.000417,0.000416,-0.000001,in_band
2026-07-14T20:35:59Z,90.4952,0.000404,0.000403,-0.000001,in_band
2026-07-14T20:36:00Z,90.4952,0.000404,0.000402,-0.000001,in_band
2026-07-14T20:36:59Z,90.4860,0.000391,0.000389,-0.000001,in_band
2026-07-14T20:37:00Z,90.4860,0.000390,0.000389,-0.000001,in_band
2026-07-14T20:37:59Z,90.5226,0.000378,0.000377,-0.000001,in_band
2026-07-14T20:38:00Z,90.5226,0.000378,0.000376,-0.000001,in_band
2026-07-14T20:38:59Z,90.5867,0.000366,0.000364,-0.000001,in_band
2026-07-14T20:39:00Z,90.5867,0.000365,0.000364,-0.000001,in_band
2026-07-14T20:39:59Z,90.6477,0.000354,0.000352,-0.000001,in_band
2026-07-14T20:40:00Z,90.6477,0.000353,0.000352,-0.000001,in_band
2026-07-14T20:40:59Z,90.6554,0.000342,0.000341,-0.000001,in_band
2026-07-14T20:41:00Z,90.6554,0.000342,0.000341,-0.000001,in_band
2026-07-14T20:41:59Z,90.7881,0.000331,0.000330,-0.000001,in_band
2026-07-14T20:42:00Z,90.7881,0.000331,0.000329,-0.000001,in_band
2026-07-14T20:42:59Z,90.8446,0.000320,0.000319,-0.000001,in_band
2026-07-14T20:43:00Z,90.8446,0.000320,0.000319,-0.000001,in_band
2026-07-14T20:43:59Z,90.8446,0.000309,0.000308,-0.000001,in_band
2026-07-14T20:44:00Z,90.8446,0.000309,0.000308,-0.000001,in_band
2026-07-14T20:44:59Z,90.8904,0.000299,0.000298,-0.000001,in_band
2026-07-14T20:45:00Z,90.8904,0.000299,0.000298,-0.000001,in_band
2026-07-14T20:45:59Z,90.9773,0.000289,0.000288,-0.000001,in_band
2026-07-14T20:46:00Z,90.9773,0.000289,0.000288,-0.000001,in_band
2026-07-14T20:46:59Z,90.9987,0.000280,0.000279,-0.000001,in_band
2026-07-14T20:47:00Z,90.9987,0.000280,0.000279,-0.000001,in_band
2026-07-14T20:47:59Z,91.0552,0.000271,0.000270,-0.000001,in_band
2026-07-14T20:48:00Z,91.0552,0.000271,0.000270,-0.000001,in_band
2026-07-14T20:48:59Z,91.1284,0.000262,0.000261,-0.000001,in_band
2026-07-14T20:49:00Z,91.1284,0.000262,0.000261,-0.000001,in_band
2026-07-14T20:49:59Z,91.1772,0.000253,0.000252,-0.000001,in_band
2026-07-14T20:50:00Z,91.1772,0.000253,0.000252,-0.000001,in_band
2026-07-14T20:50:59Z,91.2474,0.000245,0.000244,-0.000001,in_band
2026-07-14T20:51:00Z,91.2474,0.000245,0.000244,-0.000001,in_band
2026-07-14T20:51:59Z,91.2749,0.000237,0.000236,-0.000001,in_band
2026-07-14T20:52:00Z,91.2749,0.000237,0.000236,-0.000001,in_band
2026-07-14T20:52:59Z,91.3436,0.000229,0.000228,-0.000001,in_band
2026-07-14T20:53:00Z,91.3436,0.000229,0.000228,-0.000001,in_band
2026-07-14T20:53:59Z,91.3436,0.000222,0.000221,-0.000001,in_band
2026-07-14T20:54:00Z,91.3436,0.000222,0.000221,-0.000001,in_band
2026-07-14T20:54:59Z,91.3970,0.000214,0.000214,-0.000001,in_band
2026-07-14T20:55:00Z,91.3970,0.000214,0.000214,-0.000001,in_band
2026-07-14T20:55:59Z,91.4519,0.000207,0.000207,-0.000001,in_band
2026-07-14T20:56:43Z,91.5084,0.000202,0.000000,-0.000202,above_band_high
2026-07-14T20:56:45Z,91.4794,0.000202,0.000203,0.000001,in_band
2026-07-14T20:57:00Z,91.5114,0.000200,0.000000,-0.000200,above_band_high
2026-07-14T20:57:02Z,91.5251,0.000000,0.000000,0.000000,above_band_high
2026-07-14T20:58:30Z,91.5755,0.000000,0.000000,0.000000,above_band_high
2026-07-14T20:59:00Z,91.5892,0.000000,0.000000,0.000000,above_band_high
2026-07-14T21:00:00Z,91.6258,0.000000,0.000000,0.000000,above_band_high
2026-07-14T21:01:00Z,91.6304,0.000000,0.000000,0.000000,above_band_high
2026-07-14T21:02:00Z,91.6579,0.000000,0.000000,0.000000,above_band_high
2026-07-14T21:03:00Z,91.6945,0.000000,0.000000,0.000000,above_band_high
2026-07-14T21:04:00Z,91.7098,0.000000,0.000000,0.000000,above_band_high
2026-07-14T21:05:00Z,91.7540,0.000000,0.000000,0.000000,above_band_high
2026-07-14T21:06:00Z,91.7678,0.000000,0.000000,0.000000,above_band_high
2026-07-14T21:07:00Z,91.7967,0.000000,0.000000,0.000000,above_band_high
2026-07-14T21:08:00Z,91.8273,0.000000,0.000000,0.000000,above_band_high
2026-07-14T21:09:00Z,91.8593,0.000000,0.000000,0.000000,above_band_high
2026-07-14T21:10:00Z,91.8975,0.000000,0.000000,0.000000,above_band_high
2026-07-14T21:11:00Z,91.9234,0.000000,0.000000,0.000000,above_band_high
2026-07-14T21:12:00Z,91.9524,0.000000,0.000000,0.000000,above_band_high
2026-07-14T21:13:00Z,91.9707,0.000000,0.000000,0.000000,above_band_high
2026-07-14T21:14:00Z,92.0058,0.000000,0.000000,0.000000,above_band_high
2026-07-14T21:15:00Z,92.0195,0.000000,0.000000,0.000000,above_band_high
2026-07-14T21:16:00Z,92.0027,0.000000,0.000000,0.000000,above_band_high
2026-07-14T21:17:00Z,92.0531,0.000000,0.000000,0.000000,above_band_high
2026-07-14T21:18:00Z,92.0577,0.000000,0.000000,0.000000,above_band_high
2026-07-14T21:19:00Z,92.1157,0.000000,0.000000,0.000000,above_band_high
2026-07-14T21:20:00Z,92.1218,0.000000,0.000000,0.000000,above_band_high
2026-07-14T21:21:00Z,92.1126,0.000000,0.000000,0.000000,above_band_high
2026-07-14T21:22:00Z,92.1126,0.000000,0.000000,0.000000,above_band_high
2026-07-14T21:23:00Z,92.1401,0.000000,0.000000,0.000000,above_band_high
2026-07-14T21:24:00Z,92.0943,0.000000,0.000000,0.000000,above_band_high
2026-07-14T21:25:00Z,92.1248,0.000000,0.000000,0.000000,above_band_high
2026-07-14T21:26:00Z,92.1202,0.000000,0.000000,0.000000,above_band_high
2026-07-14T21:27:00Z,92.1401,0.000000,0.000000,0.000000,above_band_high
2026-07-14T21:28:00Z,92.1202,0.000000,0.000000,0.000000,above_band_high
2026-07-14T21:29:00Z,92.1202,0.000000,0.000000,0.000000,above_band_high
2026-07-14T21:30:00Z,92.0714,0.000000,0.000000,0.000000,above_band_high
2026-07-14T21:31:00Z,92.0485,0.000000,0.000000,0.000000,above_band_high
2026-07-14T21:32:00Z,92.0607,0.000000,0.000000,0.000000,above_band_high
2026-07-14T21:33:00Z,92.0516,0.000000,0.000000,0.000000,above_band_high
2026-07-14T21:34:00Z,92.0699,0.000000,0.000000,0.000000,above_band_high
2026-07-14T21:35:00Z,92.0516,0.000000,0.000000,0.000000,above_band_high
2026-07-14T21:36:00Z,92.0439,0.000000,0.000000,0.000000,above_band_high
2026-07-14T21:37:00Z,92.0211,0.000000,0.000000,0.000000,above_band_high
2026-07-14T21:38:00Z,91.9890,0.000000,0.000000,0.000000,above_band_high
2026-07-14T21:39:00Z,91.9692,0.000000,0.000000,0.000000,above_band_high
2026-07-14T21:40:00Z,91.9295,0.000000,0.000000,0.000000,above_band_high
2026-07-14T21:41:00Z,91.9249,0.000000,0.000000,0.000000,above_band_high
2026-07-14T21:42:00Z,91.9188,0.000000,0.000000,0.000000,above_band_high
2026-07-14T21:43:00Z,91.9051,0.000000,0.000000,0.000000,above_band_high
2026-07-14T21:44:00Z,91.8730,0.000000,0.000000,0.000000,above_band_high
2026-07-14T21:45:00Z,91.8654,0.000000,0.000000,0.000000,above_band_high
2026-07-14T21:46:00Z,91.8654,0.000000,0.000000,0.000000,above_band_high
2026-07-14T21:47:00Z,91.8654,0.000000,0.000000,0.000000,above_band_high
2026-07-14T21:48:00Z,91.8410,0.000000,0.000000,0.000000,above_band_high
2026-07-14T21:49:00Z,91.8471,0.000000,0.000000,0.000000,above_band_high
2026-07-14T21:50:00Z,91.8364,0.000000,0.000000,0.000000,above_band_high
2026-07-14T21:51:00Z,91.8593,0.000000,0.000000,0.000000,above_band_high
2026-07-14T21:52:00Z,91.7693,0.000000,0.000000,0.000000,above_band_high
2026-07-14T21:53:00Z,91.7769,0.000000,0.000000,0.000000,above_band_high
2026-07-14T21:54:00Z,91.7540,0.000000,0.000000,0.000000,above_band_high
2026-07-14T21:55:00Z,91.7540,0.000000,0.000000,0.000000,above_band_high
2026-07-14T21:56:00Z,91.6869,0.000000,0.000000,0.000000,above_band_high
2026-07-14T21:57:00Z,91.6732,0.000000,0.000000,0.000000,above_band_high
2026-07-14T21:58:00Z,91.6732,0.000000,0.000000,0.000000,above_band_high
2026-07-14T21:59:00Z,91.6670,0.000000,0.000000,0.000000,above_band_high
2026-07-14T22:00:00Z,91.6091,0.000000,0.000000,0.000000,above_band_high
2026-07-14T22:01:00Z,91.6075,0.000000,0.000000,0.000000,above_band_high
2026-07-14T22:02:00Z,91.6167,0.000000,0.000000,0.000000,above_band_high
2026-07-14T22:03:00Z,91.5908,0.000000,0.000000,0.000000,above_band_high
2026-07-14T22:04:00Z,91.5846,0.000000,0.000000,0.000000,above_band_high
2026-07-14T22:05:00Z,91.5587,0.000000,0.000000,0.000000,above_band_high
2026-07-14T22:05:35Z,91.5023,0.000000,0.002830,0.002830,above_band_high
2026-07-14T22:06:00Z,91.5206,0.000000,0.000000,0.000000,above_band_high
2026-07-14T22:06:21Z,91.4931,0.000000,0.002718,0.002718,in_band
2026-07-14T22:07:00Z,91.4885,0.000000,0.002239,0.002239,in_band
2026-07-14T22:07:36Z,91.4977,0.001615,0.001613,-0.000002,in_band
2026-07-14T22:09:12Z,91.4488,0.000334,0.000362,0.000028,in_band
2026-07-14T22:09:59Z,91.4199,0.000154,0.000166,0.000013,in_band
2026-07-14T22:10:00Z,91.4199,0.000151,0.000164,0.000013,in_band
2026-07-14T22:10:59Z,91.3664,0.000057,0.000062,0.000005,in_band
2026-07-14T22:11:00Z,91.3664,0.000056,0.000061,0.000005,in_band
2026-07-14T22:11:59Z,91.3970,0.000021,0.000023,0.000002,in_band
2026-07-14T22:12:00Z,91.3970,0.000021,0.000023,0.000002,in_band
2026-07-14T22:12:59Z,91.3741,0.000008,0.000008,0.000001,in_band
2026-07-14T22:13:00Z,91.3741,0.000008,0.000008,0.000001,in_band
2026-07-14T22:13:59Z,91.3573,0.000003,0.000003,0.000000,in_band
2026-07-14T22:14:00Z,91.3573,0.000003,0.000003,0.000000,in_band
2026-07-14T22:14:59Z,91.3664,0.000001,0.000001,0.000000,in_band
2026-07-14T22:15:00Z,91.3664,0.000001,0.000001,0.000000,in_band
2026-07-14T22:15:59Z,91.3390,0.000000,0.000000,0.000000,in_band
2026-07-14T22:16:00Z,91.3390,0.000000,0.000000,0.000000,in_band
2026-07-14T22:16:59Z,91.3008,0.000000,0.000000,0.000000,in_band
2026-07-14T22:17:00Z,91.3008,0.000000,0.000000,0.000000,in_band
2026-07-14T22:17:59Z,91.3619,0.000000,0.000000,0.000000,in_band
2026-07-14T22:18:00Z,91.3619,0.000000,0.000000,0.000000,in_band
2026-07-14T22:18:59Z,91.3298,0.000000,0.000000,0.000000,in_band
2026-07-14T22:19:00Z,91.3298,0.000000,0.000000,0.000000,in_band
2026-07-14T22:19:59Z,91.3252,0.000000,0.000000,0.000000,in_band
2026-07-14T22:20:00Z,91.3252,0.000000,0.000000,0.000000,in_band
2026-07-14T22:20:59Z,91.2703,0.000000,0.000000,0.000000,in_band
2026-07-14T22:21:00Z,91.2703,0.000000,0.000000,0.000000,in_band
2026-07-14T22:21:59Z,91.2566,0.000000,0.000000,0.000000,in_band
2026-07-14T22:22:00Z,91.2566,0.000000,0.000000,0.000000,in_band
2026-07-14T22:22:59Z,91.2184,0.000000,0.000000,0.000000,in_band
2026-07-14T22:23:00Z,91.2184,0.000000,0.000000,0.000000,in_band
2026-07-14T22:23:59Z,91.2337,0.000000,0.000000,0.000000,in_band
2026-07-14T22:24:00Z,91.2337,0.000000,0.000000,0.000000,in_band
2026-07-14T22:24:59Z,91.2016,0.000000,0.000000,0.000000,in_band
2026-07-14T22:25:00Z,91.2016,0.000000,0.000000,0.000000,in_band
2026-07-14T22:25:59Z,91.1650,0.000000,0.000000,0.000000,in_band
2026-07-14T22:26:00Z,91.1650,0.000000,0.000000,0.000000,in_band
2026-07-14T22:26:59Z,91.1315,0.000000,0.000000,0.000000,in_band
2026-07-14T22:27:00Z,91.1315,0.000000,0.000000,0.000000,in_band
2026-07-14T22:27:59Z,91.1421,0.000000,0.000000,0.000000,in_band
2026-07-14T22:28:00Z,91.1421,0.000000,0.000000,0.000000,in_band
2026-07-14T22:28:59Z,91.1284,0.000000,0.000000,0.000000,in_band
2026-07-14T22:29:00Z,91.1284,0.000000,0.000000,0.000000,in_band
2026-07-14T22:29:59Z,91.1192,0.000000,0.000000,0.000000,in_band
2026-07-14T22:30:00Z,91.1192,0.000000,0.000000,0.000000,in_band
2026-07-14T22:30:59Z,91.1223,0.000000,0.000000,0.000000,in_band
2026-07-14T22:31:00Z,91.1223,0.000000,0.000000,0.000000,in_band
2026-07-14T22:31:59Z,91.0918,0.000000,0.000000,0.000000,in_band
2026-07-14T22:32:00Z,91.0918,0.000000,0.000000,0.000000,in_band
2026-07-14T22:32:59Z,91.0826,0.000000,0.000000,0.000000,in_band
2026-07-14T22:33:00Z,91.0826,0.000000,0.000000,0.000000,in_band
2026-07-14T22:33:59Z,91.0353,0.000000,0.000000,0.000000,in_band
2026-07-14T22:34:00Z,91.0353,0.000000,0.000000,0.000000,in_band
2026-07-14T22:34:59Z,90.9728,0.000000,0.000000,0.000000,in_band
2026-07-14T22:35:00Z,90.9728,0.000000,0.000000,0.000000,in_band
2026-07-14T22:35:59Z,90.9316,0.000000,0.000000,0.000000,in_band
2026-07-14T22:36:00Z,90.9316,0.000000,0.000000,0.000000,in_band
2026-07-14T22:36:59Z,90.9117,0.000000,0.000000,0.000000,in_band
2026-07-14T22:37:00Z,90.9117,0.000000,0.000000,0.000000,in_band
2026-07-14T22:37:59Z,90.8385,0.000000,0.000000,0.000000,in_band
2026-07-14T22:38:00Z,90.8385,0.000000,0.000000,0.000000,in_band
2026-07-14T22:38:59Z,90.7897,0.000000,0.000000,0.000000,in_band
2026-07-14T22:39:00Z,90.7897,0.000000,0.000000,0.000000,in_band
2026-07-14T22:39:59Z,90.7485,0.000000,0.000000,0.000000,in_band
2026-07-14T22:40:00Z,90.7485,0.000000,0.000000,0.000000,in_band
2026-07-14T22:40:59Z,90.6920,0.000000,0.000000,0.000000,in_band
2026-07-14T22:41:00Z,90.6920,0.000000,0.000000,0.000000,in_band
2026-07-14T22:41:59Z,90.6600,0.000000,0.000000,0.000000,in_band
2026-07-14T22:42:00Z,90.6600,0.000000,0.000000,0.000000,in_band
2026-07-14T22:42:59Z,90.6020,0.000000,0.000000,0.000000,in_band
2026-07-14T22:43:00Z,90.6020,0.000000,0.000000,0.000000,in_band
2026-07-14T22:43:59Z,90.5745,0.000000,0.000000,0.000000,in_band
2026-07-14T22:44:00Z,90.5745,0.000000,0.000000,0.000000,in_band
2026-07-14T22:44:59Z,90.5653,0.000000,0.000000,0.000000,in_band
2026-07-14T22:45:00Z,90.5653,0.000000,0.000000,0.000000,in_band
2026-07-14T22:45:59Z,90.5516,0.000000,0.000000,0.000000,in_band
2026-07-14T22:46:00Z,90.5516,0.000000,0.000000,0.000000,in_band
2026-07-14T22:46:59Z,90.4784,0.000000,0.000000,0.000000,in_band
2026-07-14T22:47:00Z,90.4784,0.000000,0.000000,0.000000,in_band
2026-07-14T22:47:59Z,90.4952,0.000000,0.000000,0.000000,in_band
2026-07-14T22:48:00Z,90.4952,0.000000,0.000000,0.000000,in_band
2026-07-14T22:48:59Z,90.3960,0.000000,0.000000,0.000000,in_band
2026-07-14T22:49:00Z,90.3960,0.000000,0.000000,0.000000,in_band
2026-07-14T22:49:59Z,90.3624,0.000000,0.000000,0.000000,in_band
2026-07-14T22:50:00Z,90.3624,0.000000,0.000000,0.000000,in_band
2026-07-14T22:50:59Z,90.2846,0.000000,0.000000,0.000000,in_band
2026-07-14T22:51:00Z,90.2846,0.000000,0.000000,0.000000,in_band
2026-07-14T22:51:59Z,90.2708,0.000000,0.000000,0.000000,in_band
2026-07-14T22:52:00Z,90.2708,0.000000,0.000000,0.000000,in_band
2026-07-14T22:52:59Z,90.2159,0.000000,0.000000,0.000000,in_band
2026-07-14T22:53:00Z,90.2159,0.000000,0.000000,0.000000,in_band
2026-07-14T22:53:59Z,90.1564,0.000000,0.000000,0.000000,in_band
2026-07-14T22:54:00Z,90.1564,0.000000,0.000000,0.000000,in_band
2026-07-14T22:54:59Z,90.1610,0.000000,0.000000,0.000000,in_band
2026-07-14T22:55:00Z,90.1610,0.000000,0.000000,0.000000,in_band
2026-07-14T22:55:59Z,90.1442,0.000000,0.000000,0.000000,in_band
2026-07-14T22:56:00Z,90.1442,0.000000,0.000000,0.000000,in_band
2026-07-14T22:56:59Z,90.1076,0.000000,0.000000,0.000000,in_band
2026-07-14T22:57:00Z,90.1076,0.000000,0.000000,0.000000,in_band
2026-07-14T22:57:59Z,90.1122,0.000000,0.000000,0.000000,in_band
2026-07-14T22:58:00Z,90.1122,0.000000,0.000000,0.000000,in_band
2026-07-14T22:58:59Z,90.0572,0.000000,0.000000,0.000000,in_band
2026-07-14T22:59:00Z,90.0572,0.000000,0.000000,0.000000,in_band
2026-07-14T22:59:59Z,90.0832,0.000000,0.000000,0.000000,in_band
2026-07-14T23:00:17Z,89.9870,0.000000,0.000024,0.000024,below_midpoint_feather
2026-07-14T23:00:19Z,90.0328,0.000000,0.000000,-0.000000,in_band
2026-07-14T23:01:38Z,89.9367,0.000000,0.000570,0.000570,below_midpoint_feather
2026-07-14T23:01:54Z,89.9840,0.000090,0.000038,-0.000053,below_midpoint_feather
2026-07-14T23:02:07Z,89.9367,0.000102,0.000572,0.000471,below_midpoint_feather
2026-07-14T23:02:20Z,89.9733,0.000351,0.000105,-0.000245,below_midpoint_feather
2026-07-14T23:03:06Z,89.9290,0.000102,0.000734,0.000632,below_midpoint_feather
2026-07-14T23:03:51Z,90.0008,0.000243,0.000038,-0.000205,in_band
2026-07-14T23:04:36Z,89.9199,0.000440,0.000971,0.000530,below_midpoint_feather
2026-07-14T23:04:55Z,89.9794,0.000521,0.000129,-0.000392,below_midpoint_feather
2026-07-14T23:05:43Z,89.9687,0.000710,0.000241,-0.000469,below_midpoint_feather
2026-07-14T23:05:46Z,89.8909,0.000300,0.001797,0.001496,below_midpoint_feather
2026-07-14T23:06:47Z,89.9550,0.001168,0.000468,-0.000701,below_midpoint_feather
2026-07-14T23:06:55Z,89.8817,0.001074,0.002182,0.001108,below_midpoint_feather
2026-07-14T23:07:29Z,89.8817,0.003374,0.002253,-0.001121,below_midpoint_feather
2026-07-14T23:07:59Z,89.8177,0.002314,0.005097,0.002783,below_midpoint_feather
2026-07-14T23:08:00Z,89.8177,0.002318,0.005100,0.002783,below_midpoint_feather
2026-07-14T23:08:43Z,89.8497,0.005029,0.003808,-0.001221,below_midpoint_feather
2026-07-14T23:09:44Z,89.7963,0.009045,0.007020,-0.002025,below_midpoint_feather
2026-07-14T23:09:50Z,89.7414,0.008406,0.010700,0.002294,below_midpoint_feather
2026-07-14T23:10:21Z,89.6941,0.011704,0.014907,0.003204,below_midpoint_feather
2026-07-14T23:10:53Z,89.7551,0.014044,0.010659,-0.003385,below_midpoint_feather
2026-07-14T23:11:31Z,89.7444,0.015713,0.012198,-0.003515,below_midpoint_feather
2026-07-14T23:11:39Z,89.6849,0.013532,0.017213,0.003681,below_midpoint_feather
2026-07-14T23:12:43Z,89.6483,0.018638,0.022367,0.003729,below_midpoint_feather
2026-07-14T23:12:59Z,89.6986,0.021383,0.018176,-0.003206,below_midpoint_feather
2026-07-14T23:13:22Z,89.5949,0.023016,0.029344,0.006329,below_midpoint_feather
2026-07-14T23:13:47Z,89.6590,0.027042,0.023443,-0.003599,below_midpoint_feather
2026-07-14T23:14:13Z,89.5705,0.029554,0.034158,0.004604,below_midpoint_feather
2026-07-14T23:14:15Z,89.6544,0.029636,0.024990,-0.004646,below_midpoint_feather
2026-07-14T23:15:00Z,89.6269,0.034240,0.029796,-0.004444,below_midpoint_feather
2026-07-14T23:15:13Z,89.5399,0.033973,0.040723,0.006750,below_midpoint_feather
2026-07-14T23:16:32Z,89.5705,0.044778,0.041089,-0.003688,below_midpoint_feather
2026-07-14T23:16:33Z,89.5171,0.044836,0.048078,0.003242,below_midpoint_feather
2026-07-14T23:17:12Z,89.5705,0.049905,0.043568,-0.006337,below_midpoint_feather
2026-07-14T23:17:25Z,89.4667,0.050770,0.058641,0.007872,below_midpoint_feather
2026-07-14T23:18:27Z,89.4713,0.056524,0.062473,0.005948,below_midpoint_feather
2026-07-14T23:18:35Z,89.5064,0.062876,0.057986,-0.004891,below_midpoint_feather
2026-07-14T23:19:17Z,89.4514,0.065795,0.069519,0.003723,below_midpoint_feather
2026-07-14T23:19:23Z,89.5109,0.068375,0.061241,-0.007134,below_midpoint_feather
2026-07-14T23:20:00Z,89.4942,0.073007,0.066844,-0.006163,below_midpoint_feather
2026-07-14T23:20:13Z,89.4072,0.071842,0.081617,0.009776,below_midpoint_feather
2026-07-14T23:21:50Z,89.4331,0.095219,0.087050,-0.008168,below_midpoint_feather
2026-07-14T23:21:54Z,89.3645,0.092229,0.099229,0.007000,below_midpoint_feather
2026-07-14T23:22:05Z,89.3965,0.099039,0.094810,-0.004229,below_midpoint_feather
2026-07-14T23:22:39Z,89.3278,0.102990,0.111220,0.008230,below_midpoint_feather
2026-07-14T23:23:09Z,89.3965,0.110845,0.102474,-0.008371,below_midpoint_feather
2026-07-14T23:23:51Z,89.2836,0.119811,0.129206,0.009395,below_midpoint_feather
2026-07-14T23:24:41Z,89.2561,0.134471,0.142131,0.007660,below_midpoint_feather
2026-07-14T23:24:51Z,89.2866,0.141644,0.137351,-0.004293,below_midpoint_feather
2026-07-14T23:25:27Z,89.2561,0.157340,0.149538,-0.007802,below_midpoint_feather
2026-07-14T23:25:57Z,89.1539,0.164264,0.177915,0.013652,below_midpoint_feather
2026-07-14T23:26:03Z,89.2317,0.168458,0.161140,-0.007318,below_midpoint_feather
2026-07-14T23:26:53Z,89.1447,0.181230,0.190901,0.009671,below_midpoint_feather
2026-07-14T23:27:23Z,89.1188,0.192117,0.203589,0.011472,below_midpoint_feather
2026-07-14T23:27:41Z,89.1691,0.202655,0.195259,-0.007396,below_midpoint_feather
2026-07-14T23:28:37Z,89.1325,0.221265,0.217104,-0.004161,below_midpoint_feather
2026-07-14T23:28:39Z,89.0669,0.221749,0.234391,0.012643,below_midpoint_feather
2026-07-14T23:29:07Z,89.0806,0.228274,0.237734,0.009461,below_midpoint_feather
2026-07-14T23:29:47Z,89.1035,0.246807,0.242218,-0.004589,below_midpoint_feather
2026-07-14T23:30:19Z,89.0959,0.259465,0.252844,-0.006621,below_midpoint_feather
2026-07-14T23:30:29Z,89.0318,0.262221,0.272667,0.010446,below_midpoint_feather
2026-07-14T23:31:41Z,89.0135,0.287201,0.298272,0.011071,below_midpoint_feather
2026-07-14T23:31:51Z,89.0715,0.295121,0.285422,-0.009699,below_midpoint_feather
2026-07-14T23:32:03Z,89.0074,0.296579,0.306489,0.009909,below_midpoint_feather
2026-07-14T23:32:34Z,89.0715,0.309248,0.298301,-0.010947,below_midpoint_feather
2026-07-14T23:33:00Z,89.0532,0.320989,0.311089,-0.009899,below_midpoint_feather
2026-07-14T23:33:02Z,88.9937,0.315676,0.328230,0.012554,below_midpoint_feather
2026-07-14T23:34:43Z,89.0135,0.364601,0.354669,-0.009932,below_midpoint_feather
2026-07-14T23:34:48Z,88.9448,0.366248,0.376250,0.010002,below_midpoint_feather
2026-07-14T23:35:15Z,88.9342,0.375290,0.388518,0.013228,below_midpoint_feather
2026-07-14T23:35:52Z,88.9448,0.404019,0.398094,-0.005925,below_midpoint_feather
2026-07-14T23:36:36Z,88.8930,0.419981,0.430046,0.010066,below_midpoint_feather
2026-07-14T23:36:38Z,88.9448,0.424964,0.414844,-0.010120,below_midpoint_feather
2026-07-14T23:37:01Z,88.8472,0.439364,0.454193,0.014829,below_midpoint_feather
2026-07-14T23:37:29Z,88.9250,0.456556,0.440453,-0.016103,below_midpoint_feather
2026-07-14T23:38:21Z,88.8014,0.488185,0.501636,0.013451,below_midpoint_feather
2026-07-14T23:38:34Z,88.8518,0.502325,0.490321,-0.012004,below_midpoint_feather
2026-07-14T23:39:10Z,88.8472,0.518422,0.507439,-0.010982,below_midpoint_feather
2026-07-14T23:39:43Z,88.7800,0.527026,0.544873,0.017847,below_midpoint_feather
2026-07-14T23:40:20Z,88.8396,0.553231,0.541724,-0.011507,below_midpoint_feather
2026-07-14T23:40:38Z,88.7755,0.553341,0.571823,0.018482,below_midpoint_feather
2026-07-14T23:41:13Z,88.7877,0.571667,0.583918,0.012251,below_midpoint_feather
2026-07-14T23:41:19Z,88.8853,0.582220,0.554398,-0.027822,below_midpoint_feather
2026-07-14T23:42:17Z,88.8655,0.601695,0.587920,-0.013774,below_midpoint_feather
2026-07-14T23:42:58Z,88.8579,0.599784,0.609333,0.009548,below_midpoint_feather
2026-07-14T23:43:02Z,88.8579,0.601601,0.611138,0.009537,below_midpoint_feather
2026-07-14T23:43:17Z,88.9204,0.612231,0.598084,-0.014147,below_midpoint_feather
2026-07-14T23:44:34Z,89.0166,0.615564,0.602548,-0.013017,below_midpoint_feather
2026-07-14T23:44:54Z,88.9677,0.609465,0.624382,0.014917,below_midpoint_feather
2026-07-14T23:45:04Z,89.0364,0.615451,0.608704,-0.006746,below_midpoint_feather
2026-07-14T23:45:51Z,89.0455,0.612477,0.622999,0.010522,below_midpoint_feather
2026-07-14T23:46:31Z,89.2042,0.611845,0.596315,-0.015530,below_midpoint_feather
2026-07-14T23:46:39Z,89.1508,0.601885,0.611192,0.009307,below_midpoint_feather
2026-07-14T23:47:01Z,89.2424,0.606402,0.596480,-0.009922,below_midpoint_feather
2026-07-14T23:47:09Z,89.1829,0.603402,0.611948,0.008545,below_midpoint_feather
2026-07-14T23:48:25Z,89.3980,0.581144,0.585809,0.004665,below_midpoint_feather
2026-07-14T23:48:32Z,89.4606,0.583696,0.576921,-0.006774,below_midpoint_feather
2026-07-14T23:49:09Z,89.5613,0.575199,0.568717,-0.006482,below_midpoint_feather
2026-07-14T23:49:14Z,89.5109,0.571576,0.576032,0.004456,below_midpoint_feather
2026-07-14T23:50:01Z,89.6986,0.565114,0.560146,-0.004968,below_midpoint_feather
2026-07-14T23:50:09Z,89.6666,0.560852,0.563737,0.002885,below_midpoint_feather
2026-07-14T23:51:04Z,89.8589,0.554101,0.554213,0.000112,below_midpoint_feather
2026-07-14T23:51:53Z,90.0389,0.553093,0.551973,-0.001119,in_band
2026-07-14T23:52:14Z,90.0755,0.547036,0.545920,-0.001116,in_band
2026-07-14T23:52:59Z,90.2037,0.533986,0.532878,-0.001108,in_band
2026-07-14T23:53:00Z,90.2037,0.533696,0.532589,-0.001108,in_band
2026-07-14T23:53:59Z,90.3319,0.516739,0.515656,-0.001083,in_band
2026-07-14T23:54:00Z,90.3319,0.516454,0.515372,-0.001082,in_band
2026-07-14T23:54:59Z,90.4784,0.499894,0.498843,-0.001051,in_band
2026-07-14T23:55:00Z,90.4784,0.499618,0.498567,-0.001051,in_band
2026-07-14T23:55:59Z,90.6096,0.483542,0.482523,-0.001019,in_band
2026-07-14T23:56:00Z,90.6096,0.483273,0.482255,-0.001018,in_band
2026-07-14T23:56:59Z,90.7347,0.467702,0.466716,-0.000986,in_band
2026-07-14T23:57:00Z,90.7347,0.467443,0.466457,-0.000985,in_band
2026-07-14T23:57:59Z,90.8492,0.452374,0.451420,-0.000954,in_band
2026-07-14T23:58:00Z,90.8492,0.452123,0.451170,-0.000953,in_band
2026-07-14T23:58:59Z,90.8797,0.437545,0.436623,-0.000922,in_band
2026-07-14T23:59:00Z,90.8797,0.437302,0.436380,-0.000922,in_band
2026-07-14T23:59:59Z,90.9850,0.423202,0.422309,-0.000892,in_band
2026-07-15T00:00:00Z,90.9850,0.422966,0.422075,-0.000892,in_band
2026-07-15T00:00:59Z,91.0216,0.409328,0.408465,-0.000863,in_band
2026-07-15T00:01:00Z,91.0216,0.409100,0.408238,-0.000863,in_band
2026-07-15T00:01:59Z,91.0460,0.395908,0.395074,-0.000835,in_band
2026-07-15T00:02:00Z,91.0460,0.395688,0.394854,-0.000834,in_band
2026-07-15T00:02:59Z,91.0719,0.382929,0.382122,-0.000807,in_band
2026-07-15T00:03:00Z,91.0719,0.382716,0.381909,-0.000807,in_band
2026-07-15T00:03:59Z,91.1238,0.370375,0.369594,-0.000781,in_band
2026-07-15T00:04:00Z,91.1238,0.370169,0.369389,-0.000780,in_band
2026-07-15T00:04:59Z,91.1589,0.358233,0.357477,-0.000755,in_band
2026-07-15T00:05:00Z,91.1589,0.358034,0.357279,-0.000755,in_band
2026-07-15T00:05:59Z,91.1864,0.346488,0.345758,-0.000731,in_band
2026-07-15T00:06:00Z,91.1864,0.346296,0.345566,-0.000730,in_band
2026-07-15T00:06:59Z,91.1727,0.335129,0.334423,-0.000707,in_band
2026-07-15T00:07:00Z,91.1727,0.334943,0.334237,-0.000706,in_band
2026-07-15T00:07:59Z,91.2551,0.324142,0.323459,-0.000683,in_band
2026-07-15T00:08:00Z,91.2551,0.323963,0.323279,-0.000683,in_band
2026-07-15T00:08:59Z,91.2184,0.313516,0.312855,-0.000661,in_band
2026-07-15T00:09:00Z,91.2184,0.313342,0.312681,-0.000661,in_band
2026-07-15T00:09:59Z,91.2566,0.303237,0.302598,-0.000639,in_band
2026-07-15T00:10:00Z,91.2566,0.303069,0.302430,-0.000639,in_band
2026-07-15T00:10:59Z,91.2383,0.293296,0.292678,-0.000619,in_band
2026-07-15T00:11:00Z,91.2383,0.293133,0.292515,-0.000618,in_band
2026-07-15T00:11:59Z,91.2551,0.283681,0.283083,-0.000598,in_band
2026-07-15T00:12:00Z,91.2551,0.283523,0.282925,-0.000598,in_band
2026-07-15T00:12:59Z,91.3207,0.274381,0.273802,-0.000579,in_band
2026-07-15T00:13:00Z,91.3207,0.274228,0.273650,-0.000578,in_band
2026-07-15T00:13:59Z,91.3481,0.265385,0.264826,-0.000560,in_band
2026-07-15T00:14:00Z,91.3481,0.265238,0.264679,-0.000559,in_band
2026-07-15T00:14:59Z,91.3573,0.256685,0.256144,-0.000541,in_band
2026-07-15T00:15:00Z,91.3573,0.256543,0.256002,-0.000541,in_band
2026-07-15T00:15:59Z,91.3664,0.248270,0.247746,-0.000523,in_band
2026-07-15T00:16:00Z,91.3664,0.248132,0.247609,-0.000523,in_band
2026-07-15T00:16:59Z,91.3985,0.240131,0.239624,-0.000506,in_band
2026-07-15T00:17:53Z,91.5068,0.233034,0.229759,-0.003275,above_band_high
2026-07-15T00:17:55Z,91.4885,0.232775,0.232543,-0.000232,in_band
2026-07-15T00:18:11Z,91.5358,0.230715,0.215330,-0.015385,above_band_high
2026-07-15T00:18:16Z,91.4885,0.225337,0.230357,0.005020,in_band
2026-07-15T00:19:44Z,91.5999,0.196966,0.186067,-0.010899,above_band_high
2026-07-15T00:19:49Z,91.5862,0.188985,0.191746,0.002761,above_band_high
2026-07-15T00:20:05Z,91.6503,0.191554,0.163687,-0.027867,above_band_high
2026-07-15T00:20:33Z,91.5816,0.178846,0.191232,0.012387,above_band_high
2026-07-15T00:21:45Z,91.6503,0.134697,0.154687,0.019990,above_band_high
2026-07-15T00:21:55Z,91.7189,0.143125,0.124043,-0.019082,above_band_high
2026-07-15T00:22:12Z,91.6716,0.122490,0.141771,0.019281,above_band_high
2026-07-15T00:22:40Z,91.7678,0.117919,0.096155,-0.021763,above_band_high
2026-07-15T00:23:40Z,91.7861,0.092564,0.076521,-0.016043,above_band_high
2026-07-15T00:23:51Z,91.7327,0.083043,0.096900,0.013857,above_band_high
2026-07-15T00:24:09Z,91.7372,0.078996,0.090856,0.011860,above_band_high
2026-07-15T00:24:21Z,91.7998,0.079441,0.061348,-0.018093,above_band_high
2026-07-15T00:25:31Z,91.7418,0.054804,0.068523,0.013720,above_band_high
2026-07-15T00:25:53Z,91.7815,0.054847,0.045797,-0.009050,above_band_high
2026-07-15T00:26:09Z,91.8013,0.048648,0.033107,-0.015540,above_band_high
2026-07-15T00:26:22Z,91.7494,0.039333,0.051784,0.012451,above_band_high
2026-07-15T00:27:11Z,91.7449,0.021570,0.040502,0.018932,above_band_high
2026-07-15T00:27:29Z,91.8318,0.016660,0.000000,-0.016660,above_band_high
2026-07-15T00:28:02Z,91.8334,0.010086,0.000000,-0.010086,above_band_high
2026-07-15T00:28:12Z,91.7723,0.000000,0.011750,0.011750,above_band_high
2026-07-15T00:29:00Z,91.8181,0.000000,0.000000,0.000000,above_band_high
2026-07-15T00:30:00Z,91.8135,0.000000,0.000000,0.000000,above_band_high
2026-07-15T00:31:00Z,91.8196,0.000000,0.000000,0.000000,above_band_high
2026-07-15T00:32:00Z,91.8822,0.000000,0.000000,0.000000,above_band_high
2026-07-15T00:33:00Z,91.8929,0.000000,0.000000,0.000000,above_band_high
2026-07-15T00:34:00Z,91.9158,0.000000,0.000000,0.000000,above_band_high
2026-07-15T00:35:00Z,91.9020,0.000000,0.000000,0.000000,above_band_high
2026-07-15T00:36:00Z,91.8700,0.000000,0.000000,0.000000,above_band_high
2026-07-15T00:37:00Z,91.9020,0.000000,0.000000,0.000000,above_band_high
2026-07-15T00:38:00Z,91.8700,0.000000,0.000000,0.000000,above_band_high
2026-07-15T00:39:00Z,91.8502,0.000000,0.000000,0.000000,above_band_high
2026-07-15T00:40:00Z,91.8059,0.000000,0.000000,0.000000,above_band_high
2026-07-15T00:41:00Z,91.7235,0.000000,0.000000,0.000000,above_band_high
2026-07-15T00:42:00Z,91.6167,0.000000,0.000000,0.000000,above_band_high
2026-07-15T00:43:00Z,91.5984,0.000000,0.000000,0.000000,above_band_high
2026-07-15T00:43:39Z,91.5038,0.000000,0.005239,0.005239,above_band_high
2026-07-15T00:44:09Z,91.4946,0.001393,0.004805,0.003412,in_band
2026-07-15T00:44:12Z,91.5038,0.003129,0.002970,-0.000159,above_band_high
2026-07-15T00:45:53Z,91.3970,0.000912,0.000900,-0.000012,in_band
2026-07-15T00:45:59Z,91.3756,0.000826,0.000815,-0.000010,in_band
2026-07-15T00:46:00Z,91.3756,0.000812,0.000802,-0.000010,in_band
2026-07-15T00:46:59Z,91.3161,0.000306,0.000302,-0.000004,in_band
2026-07-15T00:47:00Z,91.3161,0.000301,0.000298,-0.000004,in_band
2026-07-15T00:47:59Z,91.2688,0.000114,0.000112,-0.000001,in_band
2026-07-15T00:48:00Z,91.2688,0.000112,0.000110,-0.000001,in_band
2026-07-15T00:48:59Z,91.1864,0.000042,0.000042,-0.000001,in_band
2026-07-15T00:49:00Z,91.1864,0.000041,0.000041,-0.000001,in_band
2026-07-15T00:49:59Z,91.1589,0.000016,0.000015,-0.000000,in_band
2026-07-15T00:50:00Z,91.1589,0.000015,0.000015,-0.000000,in_band
2026-07-15T00:50:59Z,91.0414,0.000006,0.000006,-0.000000,in_band
2026-07-15T00:51:00Z,91.0414,0.000006,0.000006,-0.000000,in_band
2026-07-15T00:51:59Z,90.9621,0.000002,0.000002,-0.000000,in_band
2026-07-15T00:52:00Z,90.9621,0.000002,0.000002,-0.000000,in_band
2026-07-15T00:52:59Z,90.9041,0.000001,0.000001,-0.000000,in_band
2026-07-15T00:53:00Z,90.9041,0.000001,0.000001,-0.000000,in_band
2026-07-15T00:53:59Z,90.8751,0.000000,0.000000,-0.000000,in_band
2026-07-15T00:54:00Z,90.8751,0.000000,0.000000,-0.000000,in_band
2026-07-15T00:54:59Z,90.7698,0.000000,0.000000,-0.000000,in_band
2026-07-15T00:55:00Z,90.7698,0.000000,0.000000,-0.000000,in_band
2026-07-15T00:55:59Z,90.7027,0.000000,0.000000,-0.000000,in_band
2026-07-15T00:56:00Z,90.7027,0.000000,0.000000,-0.000000,in_band
2026-07-15T00:56:59Z,90.6935,0.000000,0.000000,-0.000000,in_band
2026-07-15T00:57:00Z,90.6935,0.000000,0.000000,-0.000000,in_band
2026-07-15T00:57:59Z,90.6386,0.000000,0.000000,-0.000000,in_band
2026-07-15T00:58:00Z,90.6386,0.000000,0.000000,-0.000000,in_band
2026-07-15T00:58:59Z,90.5837,0.000000,0.000000,-0.000000,in_band
2026-07-15T00:59:00Z,90.5837,0.000000,0.000000,-0.000000,in_band
2026-07-15T00:59:59Z,90.5516,0.000000,0.000000,-0.000000,in_band
2026-07-15T01:00:00Z,90.5516,0.000000,0.000000,-0.000000,in_band
2026-07-15T01:00:59Z,90.5058,0.000000,0.000000,-0.000000,in_band
2026-07-15T01:01:00Z,90.5058,0.000000,0.000000,-0.000000,in_band
2026-07-15T01:01:59Z,90.4814,0.000000,0.000000,-0.000000,in_band
2026-07-15T01:02:00Z,90.4814,0.000000,0.000000,-0.000000,in_band
2026-07-15T01:02:59Z,90.3990,0.000000,0.000000,-0.000000,in_band
2026-07-15T01:03:00Z,90.3990,0.000000,0.000000,-0.000000,in_band
2026-07-15T01:03:59Z,90.3731,0.000000,0.000000,-0.000000,in_band
2026-07-15T01:04:00Z,90.3731,0.000000,0.000000,-0.000000,in_band
2026-07-15T01:04:59Z,90.3090,0.000000,0.000000,-0.000000,in_band
2026-07-15T01:05:00Z,90.3090,0.000000,0.000000,-0.000000,in_band
2026-07-15T01:05:59Z,90.2296,0.000000,0.000000,-0.000000,in_band
2026-07-15T01:06:00Z,90.2296,0.000000,0.000000,-0.000000,in_band
2026-07-15T01:06:59Z,90.2037,0.000000,0.000000,-0.000000,in_band
2026-07-15T01:07:00Z,90.2037,0.000000,0.000000,-0.000000,in_band
2026-07-15T01:07:59Z,90.0969,0.000000,0.000000,-0.000000,in_band
2026-07-15T01:08:55Z,89.9962,0.000000,0.000002,0.000002,below_midpoint_feather
2026-07-15T01:08:57Z,90.0069,0.000000,0.000000,-0.000000,in_band
2026-07-15T01:09:53Z,89.9062,0.000466,0.001254,0.000788,below_midpoint_feather
2026-07-15T01:09:57Z,89.9382,0.000717,0.000546,-0.000171,below_midpoint_feather
2026-07-15T01:10:40Z,89.9596,0.001195,0.000262,-0.000933,below_midpoint_feather
2026-07-15T01:10:47Z,89.8466,0.001201,0.003381,0.002180,below_midpoint_feather
2026-07-15T01:11:55Z,89.8695,0.004179,0.002657,-0.001522,below_midpoint_feather
2026-07-15T01:11:59Z,89.7902,0.004197,0.006516,0.002319,below_midpoint_feather
2026-07-15T01:12:40Z,89.8451,0.005874,0.003945,-0.001929,below_midpoint_feather
2026-07-15T01:12:56Z,89.7581,0.006890,0.008994,0.002104,below_midpoint_feather
2026-07-15T01:13:07Z,89.7185,0.008139,0.012057,0.003918,below_midpoint_feather
2026-07-15T01:13:15Z,89.7765,0.010337,0.007981,-0.002356,below_midpoint_feather
2026-07-15T01:14:30Z,89.6864,0.020447,0.016148,-0.004299,below_midpoint_feather
2026-07-15T01:14:56Z,89.6208,0.019009,0.023307,0.004298,below_midpoint_feather
2026-07-15T01:15:42Z,89.6315,0.027098,0.023710,-0.003388,below_midpoint_feather
2026-07-15T01:15:59Z,89.5933,0.023926,0.028579,0.004653,below_midpoint_feather
2026-07-15T01:16:13Z,89.5720,0.026941,0.031686,0.004746,below_midpoint_feather
2026-07-15T01:16:51Z,89.5857,0.034574,0.031797,-0.002776,below_midpoint_feather
2026-07-15T01:17:09Z,89.5567,0.039442,0.036280,-0.003162,below_midpoint_feather
2026-07-15T01:17:17Z,89.4926,0.038078,0.045396,0.007317,below_midpoint_feather
2026-07-15T01:18:49Z,89.5171,0.053555,0.048638,-0.004917,below_midpoint_feather
2026-07-15T01:18:54Z,89.4667,0.051316,0.056337,0.005021,below_midpoint_feather
2026-07-15T01:19:09Z,89.5171,0.054789,0.050326,-0.004463,below_midpoint_feather
2026-07-15T01:19:35Z,89.4484,0.056319,0.062641,0.006322,below_midpoint_feather
2026-07-15T01:20:19Z,89.4759,0.067647,0.062358,-0.005288,below_midpoint_feather
2026-07-15T01:20:24Z,89.4072,0.065469,0.073727,0.008257,below_midpoint_feather
2026-07-15T01:21:14Z,89.3797,0.074639,0.083319,0.008680,below_midpoint_feather
2026-07-15T01:21:20Z,89.4514,0.077492,0.072002,-0.005490,below_midpoint_feather
2026-07-15T01:22:51Z,89.4392,0.077293,0.083175,0.005882,below_midpoint_feather
2026-07-15T01:22:58Z,89.4835,0.081472,0.077081,-0.004391,below_midpoint_feather
2026-07-15T01:23:15Z,89.4240,0.082173,0.087983,0.005809,below_midpoint_feather
2026-07-15T01:23:35Z,89.4621,0.089460,0.083895,-0.005566,below_midpoint_feather
2026-07-15T01:24:35Z,89.3660,0.099885,0.106003,0.006118,below_midpoint_feather
2026-07-15T01:24:48Z,89.4255,0.102069,0.097182,-0.004887,below_midpoint_feather
2026-07-15T01:25:26Z,89.3599,0.116304,0.112879,-0.003425,below_midpoint_feather
2026-07-15T01:25:59Z,89.2500,0.129399,0.138839,0.009440,below_midpoint_feather
2026-07-15T01:26:05Z,89.2317,0.135211,0.143621,0.008410,below_midpoint_feather
2026-07-15T01:26:29Z,89.2775,0.144187,0.137464,-0.006723,below_midpoint_feather
2026-07-15T01:27:46Z,89.2638,0.158110,0.153391,-0.004720,below_midpoint_feather
2026-07-15T01:27:47Z,89.2042,0.158289,0.166535,0.008246,below_midpoint_feather
2026-07-15T01:28:21Z,89.1646,0.174746,0.182020,0.007274,below_midpoint_feather
2026-07-15T01:28:57Z,89.1783,0.196055,0.185997,-0.010058,below_midpoint_feather
2026-07-15T01:29:53Z,89.0364,0.225192,0.234872,0.009681,below_midpoint_feather
2026-07-15T01:29:58Z,89.0898,0.232983,0.221890,-0.011092,below_midpoint_feather
2026-07-15T01:30:11Z,88.9891,0.238367,0.252730,0.014363,below_midpoint_feather
2026-07-15T01:30:50Z,88.9677,0.277338,0.269907,-0.007431,below_midpoint_feather
2026-07-15T01:31:04Z,88.9479,0.289579,0.280148,-0.009432,below_midpoint_feather
2026-07-15T01:31:42Z,88.8304,0.315864,0.330183,0.014319,below_midpoint_feather
2026-07-15T01:32:41Z,88.8243,0.367430,0.355534,-0.011896,below_midpoint_feather
2026-07-15T01:32:47Z,88.7465,0.368423,0.385008,0.016585,below_midpoint_feather
2026-07-15T01:33:04Z,88.7068,0.390328,0.406913,0.016585,below_midpoint_feather
2026-07-15T01:33:52Z,88.7190,0.434796,0.425425,-0.009371,below_midpoint_feather
2026-07-15T01:34:03Z,88.6595,0.438658,0.453215,0.014557,below_midpoint_feather
2026-07-15T01:34:17Z,88.7007,0.458543,0.445048,-0.013495,below_midpoint_feather
2026-07-15T01:35:11Z,88.6137,0.482879,0.507982,0.025103,below_midpoint_feather
2026-07-15T01:35:58Z,88.6458,0.531063,0.522673,-0.008391,below_midpoint_feather
2026-07-15T01:36:38Z,88.6183,0.565347,0.557469,-0.007878,below_midpoint_feather
2026-07-15T01:36:55Z,88.5740,0.567377,0.585687,0.018310,below_midpoint_feather
2026-07-15T01:37:03Z,88.5451,0.579025,0.602567,0.023542,below_midpoint_feather
2026-07-15T01:37:30Z,88.6427,0.590587,0.580618,-0.009969,below_midpoint_feather
2026-07-15T01:38:14Z,88.5496,0.632006,0.645887,0.013881,below_midpoint_feather
2026-07-15T01:38:23Z,88.6183,0.632288,0.624074,-0.008214,below_midpoint_feather
2026-07-15T01:39:24Z,88.6320,0.643031,0.658669,0.015637,below_midpoint_feather
2026-07-15T01:39:35Z,88.7343,0.644977,0.627500,-0.017477,below_midpoint_feather
2026-07-15T01:40:19Z,88.7556,0.655221,0.646888,-0.008333,below_midpoint_feather
2026-07-15T01:40:23Z,88.7022,0.646646,0.668543,0.021897,below_midpoint_feather
2026-07-15T01:41:02Z,88.7556,0.663577,0.671483,0.007906,below_midpoint_feather
2026-07-15T01:41:13Z,88.8197,0.668070,0.655465,-0.012605,below_midpoint_feather
2026-07-15T01:42:10Z,89.0639,0.621177,0.610505,-0.010672,below_midpoint_feather
2026-07-15T01:42:30Z,89.0227,0.618003,0.630107,0.012104,below_midpoint_feather
2026-07-15T01:43:23Z,89.2271,0.609158,0.598514,-0.010644,below_midpoint_feather
2026-07-15T01:43:54Z,89.3385,0.578623,0.585077,0.006454,below_midpoint_feather
2026-07-15T01:44:00Z,89.3462,0.580236,0.585219,0.004983,below_midpoint_feather
2026-07-15T01:44:25Z,89.4285,0.581336,0.576679,-0.004657,below_midpoint_feather
2026-07-15T01:45:27Z,89.6025,0.568201,0.563402,-0.004799,below_midpoint_feather
2026-07-15T01:45:39Z,89.5811,0.562736,0.567447,0.004711,below_midpoint_feather
2026-07-15T01:46:00Z,89.7002,0.560838,0.557627,-0.003211,below_midpoint_feather
2026-07-15T01:46:06Z,89.6590,0.558425,0.561968,0.003543,below_midpoint_feather
2026-07-15T01:47:13Z,89.8604,0.553968,0.552756,-0.001213,below_midpoint_feather
2026-07-15T01:47:20Z,89.8146,0.552869,0.555182,0.002313,below_midpoint_feather
2026-07-15T01:48:01Z,89.9794,0.550697,0.551056,0.000360,below_midpoint_feather
2026-07-15T01:48:59Z,90.1076,0.534679,0.534634,-0.000044,in_band
2026-07-15T01:49:00Z,90.1076,0.534391,0.534346,-0.000045,in_band
2026-07-15T01:49:59Z,90.3319,0.517482,0.517425,-0.000058,in_band
2026-07-15T01:50:00Z,90.3319,0.517198,0.517140,-0.000058,in_band
2026-07-15T01:50:52Z,90.4082,0.502583,0.502521,-0.000062,in_band
2026-07-15T01:51:29Z,90.5150,0.492395,0.492333,-0.000062,in_band
2026-07-15T01:51:33Z,90.5104,0.491304,0.491243,-0.000061,in_band
2026-07-15T01:52:00Z,90.6020,0.484005,0.483943,-0.000062,in_band
2026-07-15T01:52:59Z,90.7240,0.468414,0.468354,-0.000060,in_band
2026-07-15T01:53:01Z,90.7301,0.467894,0.467834,-0.000060,in_band
2026-07-15T01:53:59Z,90.8492,0.453064,0.453005,-0.000059,in_band
2026-07-15T01:54:00Z,90.8492,0.452812,0.452754,-0.000059,in_band
2026-07-15T01:54:59Z,90.8675,0.438213,0.438156,-0.000057,in_band
2026-07-15T01:55:06Z,90.9209,0.436513,0.436456,-0.000057,in_band
2026-07-15T01:55:59Z,91.0079,0.423848,0.423793,-0.000055,in_band
2026-07-15T01:56:00Z,91.0079,0.423612,0.423557,-0.000055,in_band
2026-07-15T01:56:59Z,90.9804,0.409953,0.409899,-0.000053,in_band
2026-07-15T01:57:00Z,90.9804,0.409725,0.409672,-0.000053,in_band
2026-07-15T01:57:59Z,91.0552,0.396513,0.396461,-0.000051,in_band
2026-07-15T01:58:00Z,91.0552,0.396293,0.396241,-0.000051,in_band
2026-07-15T01:58:59Z,91.0323,0.383514,0.383464,-0.000050,in_band
2026-07-15T01:59:00Z,91.0323,0.383301,0.383251,-0.000050,in_band
2026-07-15T01:59:59Z,91.0918,0.370941,0.370892,-0.000048,in_band
2026-07-15T02:00:02Z,91.1330,0.370323,0.370275,-0.000048,in_band
2026-07-15T02:00:58Z,91.0735,0.358979,0.358933,-0.000047,in_band
2026-07-15T02:01:00Z,91.0872,0.358580,0.358534,-0.000047,in_band
2026-07-15T02:01:59Z,91.0994,0.347018,0.346973,-0.000045,in_band
2026-07-15T02:02:07Z,91.1009,0.345479,0.345434,-0.000045,in_band
2026-07-15T02:02:59Z,91.1223,0.335641,0.335597,-0.000044,in_band
2026-07-15T02:03:00Z,91.1223,0.335455,0.335411,-0.000044,in_band
2026-07-15T02:03:59Z,91.1269,0.324637,0.324595,-0.000042,in_band
2026-07-15T02:04:00Z,91.1269,0.324457,0.324415,-0.000042,in_band
2026-07-15T02:04:59Z,91.1315,0.313994,0.313954,-0.000041,in_band
2026-07-15T02:05:00Z,91.1315,0.313820,0.313779,-0.000041,in_band
2026-07-15T02:05:46Z,91.1269,0.305902,0.305862,-0.000039,in_band
2026-07-15T02:06:00Z,91.1223,0.303532,0.303492,-0.000039,in_band
2026-07-15T02:06:47Z,91.1009,0.295709,0.295670,-0.000038,in_band
2026-07-15T02:07:00Z,91.1284,0.293581,0.293543,-0.000038,in_band
2026-07-15T02:07:48Z,91.0735,0.285855,0.285818,-0.000037,in_band
2026-07-15T02:08:00Z,91.1009,0.283956,0.283919,-0.000037,in_band
2026-07-15T02:08:49Z,91.1284,0.276330,0.276295,-0.000036,in_band
2026-07-15T02:09:00Z,91.1055,0.274647,0.274611,-0.000036,in_band
2026-07-15T02:09:58Z,91.1055,0.265938,0.265904,-0.000034,in_band
2026-07-15T02:10:02Z,91.0948,0.265348,0.265314,-0.000035,in_band
2026-07-15T02:10:51Z,91.0689,0.258222,0.258189,-0.000033,in_band
2026-07-15T02:11:00Z,91.0399,0.256934,0.256901,-0.000033,in_band
2026-07-15T02:11:59Z,91.0460,0.248649,0.248617,-0.000032,in_band
2026-07-15T02:12:00Z,91.0460,0.248511,0.248479,-0.000032,in_band
2026-07-15T02:12:53Z,91.0185,0.241300,0.241269,-0.000031,in_band
2026-07-15T02:13:00Z,91.0369,0.240364,0.240332,-0.000031,in_band
2026-07-15T02:13:54Z,91.0170,0.233260,0.233230,-0.000030,in_band
2026-07-15T02:14:04Z,91.0307,0.231968,0.231937,-0.000030,in_band
2026-07-15T02:14:55Z,91.0124,0.225487,0.225458,-0.000029,in_band
2026-07-15T02:15:02Z,91.0094,0.224612,0.224583,-0.000029,in_band
2026-07-15T02:15:56Z,91.0399,0.217974,0.217946,-0.000028,in_band
2026-07-15T02:16:02Z,91.0369,0.217249,0.217220,-0.000028,in_band
2026-07-15T02:16:57Z,91.0140,0.210711,0.210683,-0.000027,in_band
2026-07-15T02:17:00Z,91.0185,0.210360,0.210333,-0.000027,in_band
2026-07-15T02:17:58Z,90.9758,0.203690,0.203663,-0.000026,in_band
2026-07-15T02:18:07Z,90.9636,0.202674,0.202647,-0.000026,in_band
2026-07-15T02:18:59Z,90.9163,0.196902,0.196877,-0.000025,in_band
2026-07-15T02:19:00Z,90.9163,0.196793,0.196768,-0.000026,in_band
2026-07-15T02:19:59Z,90.9117,0.190447,0.190423,-0.000025,in_band
2026-07-15T02:20:01Z,90.9499,0.190236,0.190211,-0.000025,in_band
2026-07-15T02:20:59Z,90.8812,0.184204,0.184180,-0.000024,in_band
2026-07-15T02:21:00Z,90.8812,0.184101,0.184077,-0.000024,in_band
2026-07-15T02:21:59Z,90.8858,0.178165,0.178142,-0.000023,in_band
2026-07-15T02:22:05Z,90.8949,0.177572,0.177549,-0.000023,in_band
2026-07-15T02:22:59Z,90.7927,0.172324,0.172301,-0.000022,in_band
2026-07-15T02:23:00Z,90.7927,0.172228,0.172206,-0.000022,in_band
2026-07-15T02:23:59Z,90.7744,0.166674,0.166653,-0.000022,in_band
2026-07-15T02:24:01Z,90.7790,0.166489,0.166468,-0.000022,in_band
2026-07-15T02:24:59Z,90.7027,0.161210,0.161189,-0.000021,in_band
2026-07-15T02:25:00Z,90.7027,0.161121,0.161100,-0.000021,in_band
2026-07-15T02:25:59Z,90.6798,0.155925,0.155905,-0.000020,in_band
2026-07-15T02:26:01Z,90.6600,0.155752,0.155732,-0.000020,in_band
2026-07-15T02:26:59Z,90.5974,0.150813,0.150794,-0.000020,in_band
2026-07-15T02:27:05Z,90.6142,0.150311,0.150292,-0.000020,in_band
2026-07-15T02:27:59Z,90.5653,0.145869,0.145850,-0.000019,in_band
2026-07-15T02:28:01Z,90.5928,0.145707,0.145688,-0.000019,in_band
2026-07-15T02:28:59Z,90.5913,0.141087,0.141068,-0.000018,in_band
2026-07-15T02:29:00Z,90.5913,0.141008,0.140990,-0.000018,in_band
2026-07-15T02:29:59Z,90.5791,0.136461,0.136444,-0.000018,in_band
2026-07-15T02:30:01Z,90.6233,0.136310,0.136292,-0.000018,in_band
2026-07-15T02:30:59Z,90.6249,0.131988,0.131971,-0.000017,in_band
2026-07-15T02:31:05Z,90.6096,0.131549,0.131531,-0.000017,in_band
2026-07-15T02:31:59Z,90.5791,0.127661,0.127644,-0.000017,in_band
2026-07-15T02:32:01Z,90.5776,0.127519,0.127502,-0.000017,in_band
2026-07-15T02:32:59Z,90.5638,0.123475,0.123459,-0.000016,in_band
2026-07-15T02:33:00Z,90.5638,0.123407,0.123391,-0.000016,in_band
2026-07-15T02:33:59Z,90.5333,0.119427,0.119412,-0.000016,in_band
2026-07-15T02:34:01Z,90.5409,0.119295,0.119279,-0.000016,in_band
2026-07-15T02:34:59Z,90.5089,0.115512,0.115497,-0.000015,in_band
2026-07-15T02:35:00Z,90.5089,0.115448,0.115433,-0.000015,in_band
2026-07-15T02:35:57Z,90.5150,0.111849,0.111835,-0.000015,in_band
2026-07-15T02:36:01Z,90.5272,0.111601,0.111587,-0.000015,in_band
2026-07-15T02:36:59Z,90.5241,0.108062,0.108048,-0.000014,in_band
2026-07-15T02:37:05Z,90.5150,0.107703,0.107689,-0.000014,in_band
2026-07-15T02:37:59Z,90.4692,0.104520,0.104506,-0.000014,in_band
2026-07-15T02:38:01Z,90.4875,0.104404,0.104390,-0.000014,in_band
2026-07-15T02:38:59Z,90.4723,0.101093,0.101080,-0.000013,in_band
2026-07-15T02:39:05Z,90.4509,0.100757,0.100744,-0.000013,in_band
2026-07-15T02:39:59Z,90.4875,0.097779,0.097766,-0.000013,in_band
2026-07-15T02:40:01Z,90.4646,0.097670,0.097658,-0.000013,in_band
2026-07-15T02:40:59Z,90.5180,0.094573,0.094561,-0.000012,in_band
2026-07-15T02:41:05Z,90.5089,0.094259,0.094246,-0.000012,in_band
2026-07-15T02:41:58Z,90.5180,0.091524,0.091512,-0.000012,in_band
2026-07-15T02:42:01Z,90.5226,0.091371,0.091359,-0.000012,in_band
2026-07-15T02:42:59Z,90.5638,0.088474,0.088463,-0.000011,in_band
2026-07-15T02:43:03Z,90.5837,0.088278,0.088266,-0.000012,in_band
2026-07-15T02:43:59Z,90.6157,0.085573,0.085562,-0.000011,in_band
2026-07-15T02:44:01Z,90.5913,0.085478,0.085467,-0.000011,in_band
2026-07-15T02:44:59Z,90.6249,0.082768,0.082757,-0.000011,in_band
2026-07-15T02:45:06Z,90.6462,0.082447,0.082436,-0.000011,in_band
2026-07-15T02:45:59Z,90.6157,0.080055,0.080044,-0.000010,in_band
2026-07-15T02:46:01Z,90.6416,0.079966,0.079955,-0.000010,in_band
2026-07-15T02:46:59Z,90.6554,0.077430,0.077420,-0.000010,in_band
2026-07-15T02:47:05Z,90.6203,0.077172,0.077162,-0.000010,in_band
2026-07-15T02:47:58Z,90.6279,0.074933,0.074924,-0.000010,in_band
2026-07-15T02:48:01Z,90.6050,0.074808,0.074799,-0.000010,in_band
2026-07-15T02:48:57Z,90.6249,0.072517,0.072507,-0.000009,in_band
2026-07-15T02:49:00Z,90.6279,0.072396,0.072387,-0.000009,in_band
2026-07-15T02:49:59Z,90.5745,0.070062,0.070053,-0.000009,in_band
2026-07-15T02:50:01Z,90.5928,0.069984,0.069975,-0.000009,in_band
2026-07-15T02:50:59Z,90.5425,0.067765,0.067756,-0.000009,in_band
2026-07-15T02:51:00Z,90.5425,0.067727,0.067718,-0.000009,in_band
2026-07-15T02:51:59Z,90.4921,0.065543,0.065535,-0.000009,in_band
2026-07-15T02:52:00Z,90.4921,0.065507,0.065498,-0.000009,in_band
2026-07-15T02:52:59Z,90.5013,0.063394,0.063386,-0.000008,in_band
2026-07-15T02:53:00Z,90.5013,0.063359,0.063351,-0.000008,in_band
2026-07-15T02:53:59Z,90.4921,0.061316,0.061308,-0.000008,in_band
2026-07-15T02:54:00Z,90.4921,0.061282,0.061274,-0.000008,in_band
2026-07-15T02:54:57Z,90.4814,0.059372,0.059364,-0.000008,in_band
2026-07-15T02:55:01Z,90.4814,0.059240,0.059232,-0.000008,in_band
2026-07-15T02:55:59Z,90.4601,0.057362,0.057354,-0.000007,in_band
2026-07-15T02:56:02Z,90.4555,0.057266,0.057259,-0.000007,in_band
2026-07-15T02:56:57Z,90.4372,0.055543,0.055536,-0.000007,in_band
2026-07-15T02:57:00Z,90.3990,0.055450,0.055443,-0.000007,in_band
2026-07-15T02:57:58Z,90.4082,0.053692,0.053685,-0.000007,in_band
2026-07-15T02:58:00Z,90.4417,0.053632,0.053625,-0.000007,in_band
2026-07-15T02:58:59Z,90.3944,0.051903,0.051896,-0.000007,in_band
2026-07-15T02:59:00Z,90.3944,0.051874,0.051867,-0.000007,in_band
2026-07-15T02:59:53Z,90.4128,0.050369,0.050362,-0.000007,in_band
2026-07-15T03:00:02Z,90.3990,0.050118,0.050111,-0.000007,in_band
2026-07-15T03:00:59Z,90.3731,0.048556,0.048549,-0.000006,in_band
2026-07-15T03:01:00Z,90.3731,0.048529,0.048522,-0.000006,in_band
2026-07-15T03:01:59Z,90.3731,0.046964,0.046958,-0.000006,in_band
2026-07-15T03:02:01Z,90.3777,0.046912,0.046905,-0.000006,in_band
2026-07-15T03:02:59Z,90.3441,0.045424,0.045418,-0.000006,in_band
2026-07-15T03:03:05Z,90.3365,0.045273,0.045267,-0.000006,in_band
2026-07-15T03:03:59Z,90.3777,0.043935,0.043929,-0.000006,in_band
2026-07-15T03:04:02Z,90.3487,0.043862,0.043856,-0.000006,in_band
2026-07-15T03:04:59Z,90.3029,0.042495,0.042489,-0.000006,in_band
2026-07-15T03:05:02Z,90.3319,0.042424,0.042418,-0.000006,in_band
2026-07-15T03:05:59Z,90.2892,0.041101,0.041096,-0.000005,in_band
2026-07-15T03:06:01Z,90.2846,0.041056,0.041050,-0.000005,in_band
2026-07-15T03:06:59Z,90.3182,0.039754,0.039749,-0.000005,in_band
2026-07-15T03:07:05Z,90.3166,0.039622,0.039616,-0.000005,in_band
2026-07-15T03:07:59Z,90.2846,0.038451,0.038446,-0.000005,in_band
2026-07-15T03:08:01Z,90.2953,0.038408,0.038403,-0.000005,in_band
2026-07-15T03:08:59Z,90.2846,0.037190,0.037185,-0.000005,in_band
2026-07-15T03:09:00Z,90.2846,0.037169,0.037165,-0.000005,in_band
2026-07-15T03:09:59Z,90.2449,0.035971,0.035966,-0.000005,in_band
2026-07-15T03:10:01Z,90.2846,0.035931,0.035926,-0.000005,in_band
2026-07-15T03:10:59Z,90.2907,0.034792,0.034787,-0.000005,in_band
2026-07-15T03:11:00Z,90.2907,0.034772,0.034768,-0.000005,in_band
2026-07-15T03:11:58Z,90.2663,0.033670,0.033665,-0.000004,in_band
2026-07-15T03:12:01Z,90.2617,0.033614,0.033609,-0.000004,in_band
2026-07-15T03:12:48Z,90.2586,0.032747,0.032743,-0.000004,in_band
2026-07-15T03:13:05Z,90.2617,0.032439,0.032435,-0.000004,in_band
2026-07-15T03:13:49Z,90.2525,0.031656,0.031652,-0.000004,in_band
2026-07-15T03:14:01Z,90.2388,0.031446,0.031442,-0.000004,in_band
2026-07-15T03:14:50Z,90.2724,0.030601,0.030597,-0.000004,in_band
2026-07-15T03:15:00Z,90.2296,0.030432,0.030428,-0.000004,in_band
2026-07-15T03:15:51Z,90.2388,0.029582,0.029578,-0.000004,in_band
2026-07-15T03:16:01Z,90.2388,0.029418,0.029414,-0.000004,in_band
2026-07-15T03:16:59Z,90.2083,0.028485,0.028481,-0.000004,in_band
2026-07-15T03:17:00Z,90.2083,0.028469,0.028465,-0.000004,in_band
2026-07-15T03:17:52Z,90.2022,0.027658,0.027655,-0.000004,in_band
2026-07-15T03:18:00Z,90.1976,0.027536,0.027532,-0.000004,in_band
2026-07-15T03:18:53Z,90.2205,0.026737,0.026733,-0.000003,in_band
2026-07-15T03:19:00Z,90.2296,0.026633,0.026630,-0.000003,in_band
2026-07-15T03:19:59Z,90.2068,0.025774,0.025771,-0.000003,in_band
2026-07-15T03:20:04Z,90.2205,0.025703,0.025699,-0.000003,in_band
2026-07-15T03:20:54Z,90.1701,0.024999,0.024995,-0.000003,in_band
2026-07-15T03:21:06Z,90.1335,0.024833,0.024829,-0.000003,in_band
2026-07-15T03:21:55Z,90.1518,0.024166,0.024162,-0.000003,in_band
2026-07-15T03:22:00Z,90.1610,0.024099,0.024095,-0.000003,in_band
2026-07-15T03:22:56Z,90.1442,0.023360,0.023357,-0.000003,in_band
2026-07-15T03:23:00Z,90.1305,0.023309,0.023306,-0.000003,in_band
2026-07-15T03:23:57Z,90.1015,0.022582,0.022579,-0.000003,in_band
2026-07-15T03:24:00Z,90.1015,0.022544,0.022541,-0.000003,in_band
2026-07-15T03:24:58Z,90.0755,0.021830,0.021827,-0.000003,in_band
2026-07-15T03:25:02Z,90.0938,0.021781,0.021778,-0.000003,in_band
2026-07-15T03:25:59Z,90.0694,0.021102,0.021099,-0.000003,in_band
2026-07-15T03:26:00Z,90.0694,0.021090,0.021088,-0.000003,in_band
2026-07-15T03:26:59Z,90.0374,0.020410,0.020408,-0.000003,in_band
2026-07-15T03:27:01Z,90.0191,0.020388,0.020385,-0.000003,in_band
2026-07-15T03:27:48Z,89.9794,0.019862,0.019986,0.000124,below_midpoint_feather
2026-07-15T03:28:02Z,90.0145,0.019708,0.019772,0.000063,in_band
2026-07-15T03:28:30Z,89.9794,0.019404,0.019592,0.000188,below_midpoint_feather
2026-07-15T03:29:00Z,90.0252,0.019083,0.019209,0.000126,in_band
2026-07-15T03:29:59Z,90.0389,0.018468,0.018590,0.000122,in_band
2026-07-15T03:30:10Z,90.0252,0.018356,0.018477,0.000121,in_band
2026-07-15T03:30:48Z,89.9748,0.018009,0.018302,0.000293,below_midpoint_feather
2026-07-15T03:31:37Z,89.9092,0.018487,0.019307,0.000820,below_midpoint_feather
2026-07-15T03:31:59Z,89.9565,0.018865,0.018414,-0.000451,below_midpoint_feather
2026-07-15T03:32:08Z,89.9245,0.019749,0.018964,-0.000785,below_midpoint_feather
2026-07-15T03:32:35Z,89.8375,0.019782,0.021945,0.002163,below_midpoint_feather
2026-07-15T03:33:10Z,89.8726,0.021837,0.020599,-0.001239,below_midpoint_feather
2026-07-15T03:33:12Z,89.8054,0.021301,0.023680,0.002379,below_midpoint_feather
2026-07-15T03:34:03Z,89.8421,0.023823,0.022134,-0.001689,below_midpoint_feather
2026-07-15T03:34:15Z,89.7948,0.022707,0.024670,0.001962,below_midpoint_feather
2026-07-15T03:35:52Z,89.7871,0.030976,0.026317,-0.004659,below_midpoint_feather
2026-07-15T03:35:59Z,89.6818,0.031096,0.034389,0.003293,below_midpoint_feather
2026-07-15T03:36:35Z,89.6757,0.031689,0.035668,0.003979,below_midpoint_feather
2026-07-15T03:36:40Z,89.7414,0.034105,0.030341,-0.003764,below_midpoint_feather
2026-07-15T03:37:00Z,89.6666,0.034168,0.037103,0.002935,below_midpoint_feather
2026-07-15T03:37:53Z,89.6956,0.038969,0.035925,-0.003044,below_midpoint_feather
2026-07-15T03:38:35Z,89.6681,0.043268,0.039781,-0.003487,below_midpoint_feather
2026-07-15T03:38:43Z,89.5979,0.039893,0.047394,0.007501,below_midpoint_feather
2026-07-15T03:39:50Z,89.5979,0.045299,0.050109,0.004810,below_midpoint_feather
2026-07-15T03:39:52Z,89.6620,0.047812,0.043454,-0.004358,below_midpoint_feather
2026-07-15T03:40:14Z,89.6345,0.052265,0.047189,-0.005075,below_midpoint_feather
2026-07-15T03:40:16Z,89.5674,0.049394,0.054899,0.005505,below_midpoint_feather
2026-07-15T03:41:00Z,89.6300,0.054643,0.049878,-0.004765,below_midpoint_feather
2026-07-15T03:41:13Z,89.5384,0.054589,0.061369,0.006780,below_midpoint_feather
2026-07-15T03:42:35Z,89.5018,0.064218,0.070975,0.006757,below_midpoint_feather
2026-07-15T03:42:51Z,89.5903,0.066586,0.060544,-0.006042,below_midpoint_feather
2026-07-15T03:43:37Z,89.5293,0.077064,0.071262,-0.005802,below_midpoint_feather
2026-07-15T03:43:55Z,89.4606,0.076617,0.082451,0.005833,below_midpoint_feather
2026-07-15T03:44:39Z,89.4759,0.087699,0.083670,-0.004029,below_midpoint_feather
2026-07-15T03:44:44Z,89.4255,0.084601,0.091967,0.007366,below_midpoint_feather
2026-07-15T03:45:01Z,89.4209,0.089380,0.094214,0.004834,below_midpoint_feather
2026-07-15T03:45:51Z,89.4423,0.100777,0.095482,-0.005295,below_midpoint_feather
2026-07-15T03:46:10Z,89.4423,0.100406,0.097407,-0.002999,below_midpoint_feather
2026-07-15T03:46:59Z,89.3568,0.108677,0.117230,0.008554,below_midpoint_feather
2026-07-15T03:47:00Z,89.3568,0.111147,0.117340,0.006193,below_midpoint_feather
2026-07-15T03:47:27Z,89.4255,0.115813,0.108531,-0.007282,below_midpoint_feather
2026-07-15T03:48:03Z,89.4163,0.120874,0.114292,-0.006582,below_midpoint_feather
2026-07-15T03:48:06Z,89.3568,0.119088,0.125036,0.005948,below_midpoint_feather
2026-07-15T03:49:26Z,89.4072,0.132897,0.126211,-0.006686,below_midpoint_feather
2026-07-15T03:49:44Z,89.3278,0.135227,0.142805,0.007579,below_midpoint_feather
2026-07-15T03:50:00Z,89.3660,0.131953,0.137816,0.005863,below_midpoint_feather
2026-07-15T03:50:23Z,89.3935,0.141981,0.135962,-0.006018,below_midpoint_feather
2026-07-15T03:51:00Z,89.3645,0.138758,0.145924,0.007165,below_midpoint_feather
2026-07-15T03:51:59Z,89.4331,0.152037,0.141841,-0.010197,below_midpoint_feather
2026-07-15T03:52:00Z,89.4331,0.147620,0.141972,-0.005648,below_midpoint_feather
2026-07-15T03:52:27Z,89.3553,0.154029,0.158837,0.004807,below_midpoint_feather
2026-07-15T03:53:12Z,89.4102,0.160637,0.154957,-0.005680,below_midpoint_feather
2026-07-15T03:53:22Z,89.3706,0.158718,0.163112,0.004393,below_midpoint_feather
2026-07-15T03:54:13Z,89.4423,0.165111,0.157363,-0.007748,below_midpoint_feather
2026-07-15T03:54:19Z,89.3889,0.160466,0.166975,0.006509,below_midpoint_feather
2026-07-15T03:55:08Z,89.4423,0.169357,0.163931,-0.005426,below_midpoint_feather
2026-07-15T03:55:10Z,89.4011,0.165312,0.170940,0.005627,below_midpoint_feather
2026-07-15T03:56:39Z,89.4881,0.175094,0.167216,-0.007878,below_midpoint_feather
2026-07-15T03:56:53Z,89.4347,0.172303,0.176907,0.004604,below_midpoint_feather
2026-07-15T03:57:27Z,89.4102,0.175901,0.184494,0.008593,below_midpoint_feather
2026-07-15T03:57:35Z,89.5018,0.179818,0.171154,-0.008664,below_midpoint_feather
2026-07-15T03:58:03Z,89.5079,0.178198,0.173137,-0.005060,below_midpoint_feather
2026-07-15T03:58:48Z,89.4835,0.176838,0.180969,0.004130,below_midpoint_feather
2026-07-15T03:59:30Z,89.5705,0.178548,0.173033,-0.005515,below_midpoint_feather
2026-07-15T03:59:59Z,89.5109,0.177585,0.183208,0.005623,below_midpoint_feather
2026-07-15T04:00:00Z,89.5109,0.177665,0.183287,0.005622,below_midpoint_feather
2026-07-15T04:00:37Z,89.6208,0.179158,0.172539,-0.006619,below_midpoint_feather
2026-07-15T04:01:22Z,89.5628,0.177069,0.182387,0.005318,below_midpoint_feather
2026-07-15T04:01:29Z,89.6025,0.181808,0.178131,-0.003677,below_midpoint_feather
2026-07-15T04:02:29Z,89.5857,0.179662,0.183709,0.004047,below_midpoint_feather
2026-07-15T04:02:53Z,89.6681,0.180837,0.176303,-0.004534,below_midpoint_feather
2026-07-15T04:03:04Z,89.6117,0.179044,0.182673,0.003629,below_midpoint_feather
2026-07-15T04:03:23Z,89.6895,0.180487,0.175917,-0.004571,below_midpoint_feather
2026-07-15T04:04:23Z,89.7139,0.179731,0.176610,-0.003121,below_midpoint_feather
2026-07-15T04:04:59Z,89.6315,0.180097,0.185729,0.005633,below_midpoint_feather
2026-07-15T04:05:00Z,89.6315,0.180001,0.185766,0.005766,below_midpoint_feather
2026-07-15T04:05:57Z,89.7398,0.181377,0.178123,-0.003254,below_midpoint_feather
2026-07-15T04:06:04Z,89.7642,0.182272,0.176635,-0.005637,below_midpoint_feather
2026-07-15T04:06:27Z,89.7032,0.179070,0.181994,0.002924,below_midpoint_feather
2026-07-15T04:07:38Z,89.7185,0.179054,0.182728,0.003674,below_midpoint_feather
2026-07-15T04:07:59Z,89.7902,0.181253,0.178228,-0.003025,below_midpoint_feather
2026-07-15T04:08:00Z,89.7902,0.181277,0.178253,-0.003024,below_midpoint_feather
2026-07-15T04:08:37Z,89.7551,0.179933,0.181354,0.001421,below_midpoint_feather
2026-07-15T04:09:26Z,89.8238,0.180338,0.178203,-0.002135,below_midpoint_feather
2026-07-15T04:09:41Z,89.7627,0.180238,0.182054,0.001816,below_midpoint_feather
2026-07-15T04:10:16Z,89.7780,0.179141,0.181629,0.002488,below_midpoint_feather
2026-07-15T04:10:38Z,89.8375,0.180446,0.178706,-0.001740,below_midpoint_feather
2026-07-15T04:11:13Z,89.8543,0.180192,0.178457,-0.001736,below_midpoint_feather
2026-07-15T04:11:31Z,89.7948,0.179668,0.181659,0.001991,below_midpoint_feather
2026-07-15T04:12:03Z,89.8146,0.179238,0.180949,0.001711,below_midpoint_feather
2026-07-15T04:12:54Z,89.8955,0.179985,0.178162,-0.001822,below_midpoint_feather
2026-07-15T04:13:11Z,89.8405,0.179395,0.180382,0.000986,below_midpoint_feather
2026-07-15T04:13:19Z,89.8955,0.179705,0.178389,-0.001317,below_midpoint_feather
2026-07-15T04:14:23Z,89.8512,0.178903,0.180450,0.001547,below_midpoint_feather
2026-07-15T04:14:31Z,89.9001,0.179819,0.178772,-0.001047,below_midpoint_feather
2026-07-15T04:15:18Z,89.8695,0.178674,0.180028,0.001353,below_midpoint_feather
2026-07-15T04:15:33Z,89.9199,0.179557,0.178586,-0.000971,below_midpoint_feather
2026-07-15T04:16:21Z,89.8924,0.178646,0.179504,0.000857,below_midpoint_feather
2026-07-15T04:16:29Z,89.9474,0.178837,0.178278,-0.000559,below_midpoint_feather
2026-07-15T04:17:30Z,89.9138,0.178366,0.179099,0.000734,below_midpoint_feather
2026-07-15T04:17:45Z,89.9962,0.178596,0.178074,-0.000523,below_midpoint_feather
2026-07-15T04:18:33Z,89.9153,0.178414,0.179169,0.000755,below_midpoint_feather
2026-07-15T04:18:39Z,89.9962,0.178936,0.178159,-0.000777,below_midpoint_feather
2026-07-15T04:19:06Z,89.9779,0.178263,0.178259,-0.000005,below_midpoint_feather
2026-07-15T04:19:33Z,90.0069,0.178242,0.177521,-0.000721,in_band
2026-07-15T04:20:00Z,90.0282,0.175601,0.175282,-0.000319,in_band
2026-07-15T04:20:36Z,89.9977,0.172135,0.172589,0.000454,below_midpoint_feather
2026-07-15T04:21:00Z,90.0465,0.169859,0.170307,0.000448,in_band
2026-07-15T04:21:59Z,90.0298,0.164388,0.164822,0.000434,in_band
2026-07-15T04:22:00Z,90.0298,0.164296,0.164730,0.000434,in_band
2026-07-15T04:22:59Z,90.0694,0.159000,0.159421,0.000420,in_band
2026-07-15T04:23:00Z,90.0694,0.158912,0.159332,0.000420,in_band
2026-07-15T04:23:59Z,90.0969,0.153788,0.154195,0.000407,in_band
2026-07-15T04:24:00Z,90.0969,0.153703,0.154109,0.000406,in_band
2026-07-15T04:24:59Z,90.1106,0.148747,0.149140,0.000393,in_band
2026-07-15T04:25:00Z,90.1106,0.148664,0.149057,0.000393,in_band
2026-07-15T04:25:59Z,90.1762,0.143871,0.144251,0.000380,in_band
2026-07-15T04:26:00Z,90.1762,0.143791,0.144171,0.000380,in_band
2026-07-15T04:26:59Z,90.1427,0.139154,0.139522,0.000368,in_band
2026-07-15T04:27:00Z,90.1427,0.139077,0.139444,0.000368,in_band
2026-07-15T04:27:59Z,90.1839,0.134592,0.134948,0.000356,in_band
2026-07-15T04:28:00Z,90.1839,0.134517,0.134873,0.000356,in_band
2026-07-15T04:28:59Z,90.2434,0.130179,0.130524,0.000344,in_band
2026-07-15T04:29:00Z,90.2434,0.130107,0.130451,0.000344,in_band
2026-07-15T04:29:59Z,90.2754,0.125912,0.126245,0.000333,in_band
2026-07-15T04:30:00Z,90.2754,0.125842,0.126174,0.000333,in_band
2026-07-15T04:30:59Z,90.3075,0.121784,0.122106,0.000322,in_band
2026-07-15T04:31:00Z,90.3075,0.121716,0.122038,0.000322,in_band
2026-07-15T04:31:59Z,90.3166,0.117791,0.118103,0.000311,in_band
2026-07-15T04:32:00Z,90.3166,0.117726,0.118037,0.000311,in_band
2026-07-15T04:32:59Z,90.3410,0.113930,0.114231,0.000301,in_band
2026-07-15T04:33:00Z,90.3410,0.113866,0.114167,0.000301,in_band
2026-07-15T04:33:59Z,90.3914,0.110195,0.110486,0.000291,in_band
2026-07-15T04:34:00Z,90.3914,0.110133,0.110425,0.000291,in_band
2026-07-15T04:34:59Z,90.3990,0.106582,0.106864,0.000282,in_band
2026-07-15T04:35:00Z,90.3990,0.106523,0.106804,0.000282,in_band
2026-07-15T04:35:59Z,90.4311,0.103088,0.103360,0.000273,in_band
2026-07-15T04:36:00Z,90.4311,0.103031,0.103303,0.000272,in_band
2026-07-15T04:36:59Z,90.4463,0.099708,0.099972,0.000264,in_band
2026-07-15T04:37:00Z,90.4463,0.099653,0.099916,0.000263,in_band
2026-07-15T04:37:59Z,90.4356,0.096439,0.096694,0.000255,in_band
2026-07-15T04:38:00Z,90.4356,0.096386,0.096641,0.000255,in_band
2026-07-15T04:38:59Z,90.4402,0.093278,0.093524,0.000247,in_band
2026-07-15T04:39:00Z,90.4402,0.093226,0.093472,0.000247,in_band
2026-07-15T04:39:59Z,90.5150,0.090220,0.090458,0.000239,in_band
2026-07-15T04:40:00Z,90.5150,0.090170,0.090408,0.000238,in_band
2026-07-15T04:40:59Z,90.5318,0.087262,0.087493,0.000231,in_band
2026-07-15T04:41:00Z,90.5318,0.087213,0.087444,0.000231,in_band
2026-07-15T04:41:59Z,90.5318,0.084401,0.084624,0.000223,in_band
2026-07-15T04:42:00Z,90.5318,0.084354,0.084577,0.000223,in_band
2026-07-15T04:42:59Z,90.5180,0.081634,0.081850,0.000216,in_band
2026-07-15T04:43:00Z,90.5180,0.081589,0.081805,0.000216,in_band
2026-07-15T04:43:59Z,90.5791,0.078958,0.079167,0.000209,in_band
2026-07-15T04:44:00Z,90.5791,0.078914,0.079123,0.000209,in_band
2026-07-15T04:44:59Z,90.5776,0.076369,0.076571,0.000202,in_band
2026-07-15T04:45:00Z,90.5776,0.076327,0.076529,0.000202,in_band
2026-07-15T04:45:59Z,90.5776,0.073866,0.074061,0.000195,in_band
2026-07-15T04:46:00Z,90.5776,0.073825,0.074020,0.000195,in_band
2026-07-15T04:46:59Z,90.5837,0.071444,0.071633,0.000189,in_band
2026-07-15T04:47:00Z,90.5837,0.071404,0.071593,0.000189,in_band
2026-07-15T04:47:59Z,90.5730,0.069102,0.069285,0.000183,in_band
2026-07-15T04:48:00Z,90.5730,0.069063,0.069246,0.000183,in_band
2026-07-15T04:48:59Z,90.6233,0.066836,0.067013,0.000177,in_band
2026-07-15T04:49:00Z,90.6233,0.066799,0.066976,0.000177,in_band
2026-07-15T04:49:59Z,90.6188,0.064645,0.064816,0.000171,in_band
2026-07-15T04:50:00Z,90.6188,0.064609,0.064780,0.000171,in_band
2026-07-15T04:50:59Z,90.6233,0.062526,0.062691,0.000165,in_band
2026-07-15T04:51:00Z,90.6233,0.062491,0.062656,0.000165,in_band
2026-07-15T04:51:59Z,90.6294,0.060476,0.060636,0.000160,in_band
2026-07-15T04:52:00Z,90.6294,0.060442,0.060602,0.000160,in_band
2026-07-15T04:52:59Z,90.6157,0.058493,0.058648,0.000155,in_band
2026-07-15T04:53:00Z,90.6157,0.058461,0.058615,0.000155,in_band
2026-07-15T04:53:59Z,90.6294,0.056576,0.056725,0.000150,in_band
2026-07-15T04:54:00Z,90.6294,0.056544,0.056694,0.000150,in_band
2026-07-15T04:54:59Z,90.6416,0.054721,0.054866,0.000145,in_band
2026-07-15T04:55:00Z,90.6416,0.054691,0.054835,0.000145,in_band
2026-07-15T04:55:59Z,90.6966,0.052927,0.053067,0.000140,in_band
2026-07-15T04:56:00Z,90.6966,0.052898,0.053037,0.000140,in_band
2026-07-15T04:56:59Z,90.7027,0.051192,0.051327,0.000135,in_band
2026-07-15T04:57:00Z,90.7027,0.051163,0.051299,0.000135,in_band
2026-07-15T04:57:59Z,90.6889,0.049514,0.049645,0.000131,in_band
2026-07-15T04:58:00Z,90.6889,0.049486,0.049617,0.000131,in_band
2026-07-15T04:58:59Z,90.6981,0.047890,0.048017,0.000127,in_band
2026-07-15T04:59:00Z,90.6981,0.047864,0.047990,0.000127,in_band
2026-07-15T04:59:59Z,90.6981,0.046320,0.046443,0.000122,in_band
2026-07-15T05:00:00Z,90.6981,0.046295,0.046417,0.000122,in_band
2026-07-15T05:00:59Z,90.7469,0.044802,0.044920,0.000118,in_band
2026-07-15T05:01:00Z,90.7469,0.044777,0.044895,0.000118,in_band
2026-07-15T05:01:59Z,90.7240,0.043333,0.043448,0.000115,in_band
2026-07-15T05:02:00Z,90.7240,0.043309,0.043423,0.000115,in_band
2026-07-15T05:02:59Z,90.7393,0.041912,0.042023,0.000111,in_band
2026-07-15T05:03:00Z,90.7393,0.041889,0.042000,0.000111,in_band
2026-07-15T05:03:59Z,90.7698,0.040538,0.040645,0.000107,in_band
2026-07-15T05:04:00Z,90.7698,0.040516,0.040623,0.000107,in_band
2026-07-15T05:04:59Z,90.7530,0.039209,0.039313,0.000104,in_band
2026-07-15T05:05:00Z,90.7530,0.039188,0.039291,0.000104,in_band
2026-07-15T05:05:59Z,90.7744,0.037924,0.038024,0.000100,in_band
2026-07-15T05:06:00Z,90.7744,0.037903,0.038003,0.000100,in_band
2026-07-15T05:06:59Z,90.7927,0.036681,0.036778,0.000097,in_band
2026-07-15T05:07:00Z,90.7927,0.036660,0.036757,0.000097,in_band
2026-07-15T05:07:59Z,90.8354,0.035478,0.035572,0.000094,in_band
2026-07-15T05:08:00Z,90.8354,0.035458,0.035552,0.000094,in_band
2026-07-15T05:08:59Z,90.8125,0.034315,0.034406,0.000091,in_band
2026-07-15T05:09:00Z,90.8125,0.034296,0.034387,0.000091,in_band
2026-07-15T05:09:59Z,90.8431,0.033190,0.033278,0.000088,in_band
2026-07-15T05:10:00Z,90.8431,0.033172,0.033259,0.000088,in_band
2026-07-15T05:10:59Z,90.9087,0.032102,0.032187,0.000085,in_band
2026-07-15T05:11:00Z,90.9087,0.032084,0.032169,0.000085,in_band
2026-07-15T05:11:59Z,90.9026,0.031049,0.031132,0.000082,in_band
2026-07-15T05:12:00Z,90.9026,0.031032,0.031114,0.000082,in_band
2026-07-15T05:12:59Z,90.9316,0.030032,0.030111,0.000079,in_band
2026-07-15T05:13:00Z,90.9316,0.030015,0.030094,0.000079,in_band
2026-07-15T05:13:59Z,90.9041,0.029047,0.029124,0.000077,in_band
2026-07-15T05:14:00Z,90.9041,0.029031,0.029108,0.000077,in_band
2026-07-15T05:14:59Z,90.9270,0.028095,0.028169,0.000074,in_band
2026-07-15T05:15:00Z,90.9270,0.028079,0.028153,0.000074,in_band
2026-07-15T05:15:59Z,90.9224,0.027174,0.027245,0.000072,in_band
2026-07-15T05:16:00Z,90.9224,0.027159,0.027230,0.000072,in_band
2026-07-15T05:16:59Z,90.9361,0.026283,0.026352,0.000069,in_band
2026-07-15T05:17:00Z,90.9361,0.026268,0.026338,0.000069,in_band
2026-07-15T05:17:59Z,90.9682,0.025421,0.025488,0.000067,in_band
2026-07-15T05:18:00Z,90.9682,0.025407,0.025474,0.000067,in_band
2026-07-15T05:18:59Z,90.9957,0.024588,0.024653,0.000065,in_band
2026-07-15T05:19:00Z,90.9957,0.024574,0.024639,0.000065,in_band
2026-07-15T05:19:59Z,91.0079,0.023782,0.023845,0.000063,in_band
2026-07-15T05:20:00Z,91.0079,0.023768,0.023831,0.000063,in_band
2026-07-15T05:20:59Z,90.9758,0.023002,0.023063,0.000061,in_band
2026-07-15T05:21:00Z,90.9758,0.022989,0.023050,0.000061,in_band
2026-07-15T05:21:59Z,90.9987,0.022248,0.022307,0.000059,in_band
2026-07-15T05:22:00Z,90.9987,0.022236,0.022294,0.000059,in_band
2026-07-15T05:22:59Z,91.0216,0.021519,0.021575,0.000057,in_band
2026-07-15T05:23:00Z,91.0216,0.021507,0.021563,0.000057,in_band
2026-07-15T05:23:59Z,91.0124,0.020813,0.020868,0.000055,in_band
2026-07-15T05:24:00Z,91.0124,0.020801,0.020857,0.000055,in_band
2026-07-15T05:24:59Z,91.0231,0.020131,0.020184,0.000053,in_band
2026-07-15T05:25:00Z,91.0231,0.020120,0.020173,0.000053,in_band
2026-07-15T05:25:59Z,91.0536,0.019471,0.019522,0.000051,in_band
2026-07-15T05:26:00Z,91.0536,0.019460,0.019511,0.000051,in_band
2026-07-15T05:26:59Z,91.0628,0.018832,0.018882,0.000050,in_band
2026-07-15T05:27:00Z,91.0628,0.018822,0.018872,0.000050,in_band
2026-07-15T05:27:59Z,91.0369,0.018215,0.018263,0.000048,in_band
2026-07-15T05:28:00Z,91.0369,0.018205,0.018253,0.000048,in_band
2026-07-15T05:28:59Z,91.0689,0.017618,0.017664,0.000047,in_band
2026-07-15T05:29:00Z,91.0689,0.017608,0.017655,0.000047,in_band
2026-07-15T05:29:59Z,91.0689,0.017040,0.017085,0.000045,in_band
2026-07-15T05:30:00Z,91.0689,0.017031,0.017076,0.000045,in_band
2026-07-15T05:30:59Z,91.0811,0.016482,0.016525,0.000044,in_band
2026-07-15T05:31:00Z,91.0811,0.016472,0.016516,0.000044,in_band
2026-07-15T05:31:59Z,91.1009,0.015941,0.015983,0.000042,in_band
2026-07-15T05:32:00Z,91.1009,0.015932,0.015975,0.000042,in_band
2026-07-15T05:32:59Z,91.0872,0.015419,0.015459,0.000041,in_band
2026-07-15T05:33:00Z,91.0872,0.015410,0.015451,0.000041,in_band
2026-07-15T05:33:59Z,91.1376,0.014913,0.014953,0.000039,in_band
2026-07-15T05:34:00Z,91.1376,0.014905,0.014944,0.000039,in_band
2026-07-15T05:34:59Z,91.0872,0.014424,0.014462,0.000038,in_band
2026-07-15T05:35:00Z,91.0872,0.014416,0.014454,0.000038,in_band
2026-07-15T05:35:59Z,91.1238,0.013951,0.013988,0.000037,in_band
2026-07-15T05:36:00Z,91.1238,0.013944,0.013981,0.000037,in_band
2026-07-15T05:36:59Z,91.1315,0.013494,0.013530,0.000036,in_band
2026-07-15T05:37:00Z,91.1315,0.013487,0.013522,0.000036,in_band
2026-07-15T05:37:59Z,91.1604,0.013052,0.013086,0.000035,in_band
2026-07-15T05:38:00Z,91.1604,0.013044,0.013079,0.000034,in_band
2026-07-15T05:38:59Z,91.1818,0.012624,0.012657,0.000033,in_band
2026-07-15T05:39:00Z,91.1818,0.012617,0.012650,0.000033,in_band
2026-07-15T05:39:59Z,91.1864,0.012210,0.012242,0.000032,in_band
2026-07-15T05:40:00Z,91.1864,0.012203,0.012235,0.000032,in_band
2026-07-15T05:40:59Z,91.1925,0.011810,0.011841,0.000031,in_band
2026-07-15T05:41:00Z,91.1925,0.011803,0.011834,0.000031,in_band
2026-07-15T05:41:59Z,91.2016,0.011422,0.011453,0.000030,in_band
2026-07-15T05:42:00Z,91.2016,0.011416,0.011446,0.000030,in_band
2026-07-15T05:42:59Z,91.2322,0.011048,0.011077,0.000029,in_band
2026-07-15T05:43:00Z,91.2322,0.011042,0.011071,0.000029,in_band
2026-07-15T05:43:59Z,91.2154,0.010686,0.010714,0.000028,in_band
2026-07-15T05:44:00Z,91.2154,0.010680,0.010708,0.000028,in_band
2026-07-15T05:44:59Z,91.2108,0.010335,0.010363,0.000027,in_band
2026-07-15T05:45:00Z,91.2108,0.010330,0.010357,0.000027,in_band
2026-07-15T05:45:59Z,91.2413,0.009997,0.010023,0.000026,in_band
2026-07-15T05:46:00Z,91.2413,0.009991,0.010017,0.000026,in_band
2026-07-15T05:46:59Z,91.2337,0.009669,0.009694,0.000026,in_band
2026-07-15T05:47:00Z,91.2337,0.009664,0.009689,0.000026,in_band
2026-07-15T05:47:59Z,91.2428,0.009352,0.009377,0.000025,in_band
2026-07-15T05:48:00Z,91.2428,0.009347,0.009371,0.000025,in_band
2026-07-15T05:48:59Z,91.2276,0.009045,0.009069,0.000024,in_band
2026-07-15T05:49:00Z,91.2276,0.009040,0.009064,0.000024,in_band
2026-07-15T05:49:59Z,91.2657,0.008749,0.008772,0.000023,in_band
2026-07-15T05:50:00Z,91.2657,0.008744,0.008767,0.000023,in_band
2026-07-15T05:50:59Z,91.2428,0.008462,0.008484,0.000022,in_band
2026-07-15T05:51:00Z,91.2428,0.008457,0.008480,0.000022,in_band
2026-07-15T05:51:59Z,91.2367,0.008185,0.008206,0.000022,in_band
2026-07-15T05:52:00Z,91.2367,0.008180,0.008202,0.000022,in_band
2026-07-15T05:52:59Z,91.2505,0.007916,0.007937,0.000021,in_band
2026-07-15T05:53:00Z,91.2505,0.007912,0.007933,0.000021,in_band
2026-07-15T05:53:59Z,91.2642,0.007657,0.007677,0.000020,in_band
2026-07-15T05:54:00Z,91.2642,0.007652,0.007673,0.000020,in_band
2026-07-15T05:54:59Z,91.2657,0.007406,0.007425,0.000020,in_band
2026-07-15T05:55:00Z,91.2657,0.007402,0.007421,0.000020,in_band
2026-07-15T05:55:59Z,91.3100,0.007163,0.007182,0.000019,in_band
2026-07-15T05:56:00Z,91.3100,0.007159,0.007178,0.000019,in_band
2026-07-15T05:56:59Z,91.2917,0.006928,0.006946,0.000018,in_band
2026-07-15T05:57:00Z,91.2917,0.006924,0.006943,0.000018,in_band
2026-07-15T05:57:59Z,91.3008,0.006701,0.006719,0.000018,in_band
2026-07-15T05:58:00Z,91.3008,0.006697,0.006715,0.000018,in_band
2026-07-15T05:58:59Z,91.3237,0.006481,0.006498,0.000017,in_band
2026-07-15T05:59:00Z,91.3237,0.006478,0.006495,0.000017,in_band
2026-07-15T05:59:59Z,91.3191,0.006269,0.006285,0.000017,in_band
2026-07-15T06:00:00Z,91.3191,0.006265,0.006282,0.000017,in_band
2026-07-15T06:00:59Z,91.3146,0.006063,0.006079,0.000016,in_band
2026-07-15T06:01:00Z,91.3146,0.006060,0.006076,0.000016,in_band
2026-07-15T06:01:59Z,91.3558,0.005864,0.005880,0.000016,in_band
2026-07-15T06:02:00Z,91.3558,0.005861,0.005877,0.000015,in_band
2026-07-15T06:02:59Z,91.3512,0.005672,0.005687,0.000015,in_band
2026-07-15T06:03:00Z,91.3512,0.005669,0.005684,0.000015,in_band
2026-07-15T06:03:59Z,91.3756,0.005486,0.005501,0.000015,in_band
2026-07-15T06:04:00Z,91.3756,0.005483,0.005498,0.000014,in_band
2026-07-15T06:04:59Z,91.3848,0.005306,0.005320,0.000014,in_band
2026-07-15T06:05:00Z,91.3848,0.005303,0.005317,0.000014,in_band
2026-07-15T06:05:59Z,91.3558,0.005132,0.005146,0.000014,in_band
2026-07-15T06:06:00Z,91.3558,0.005130,0.005143,0.000014,in_band
2026-07-15T06:06:59Z,91.3558,0.004964,0.004977,0.000013,in_band
2026-07-15T06:07:00Z,91.3558,0.004961,0.004975,0.000013,in_band
2026-07-15T06:07:59Z,91.3710,0.004801,0.004814,0.000013,in_band
2026-07-15T06:08:00Z,91.3710,0.004799,0.004811,0.000013,in_band
2026-07-15T06:08:59Z,91.3848,0.004644,0.004656,0.000012,in_band
2026-07-15T06:09:00Z,91.3848,0.004641,0.004654,0.000012,in_band
2026-07-15T06:09:59Z,91.3970,0.004492,0.004504,0.000012,in_band
2026-07-15T06:10:00Z,91.3970,0.004489,0.004501,0.000012,in_band
2026-07-15T06:10:59Z,91.4153,0.004345,0.004356,0.000011,in_band
2026-07-15T06:11:00Z,91.4153,0.004342,0.004354,0.000011,in_band
2026-07-15T06:11:59Z,91.4153,0.004202,0.004213,0.000011,in_band
2026-07-15T06:12:00Z,91.4153,0.004200,0.004211,0.000011,in_band
2026-07-15T06:12:59Z,91.4153,0.004064,0.004075,0.000011,in_band
2026-07-15T06:13:00Z,91.4153,0.004062,0.004073,0.000011,in_band
2026-07-15T06:13:59Z,91.4336,0.003931,0.003941,0.000010,in_band
2026-07-15T06:14:00Z,91.4336,0.003929,0.003939,0.000010,in_band
2026-07-15T06:14:59Z,91.4397,0.003802,0.003812,0.000010,in_band
2026-07-15T06:15:00Z,91.4397,0.003800,0.003810,0.000010,in_band
2026-07-15T06:15:59Z,91.4672,0.003678,0.003687,0.000010,in_band
2026-07-15T06:16:00Z,91.4672,0.003676,0.003685,0.000010,in_band
2026-07-15T06:16:59Z,91.4076,0.003557,0.003566,0.000009,in_band
2026-07-15T06:17:00Z,91.4076,0.003555,0.003564,0.000009,in_band
2026-07-15T06:17:59Z,91.4580,0.003440,0.003449,0.000009,in_band
2026-07-15T06:18:00Z,91.4580,0.003438,0.003448,0.000009,in_band
2026-07-15T06:18:59Z,91.4580,0.003328,0.003336,0.000009,in_band
2026-07-15T06:19:57Z,91.5084,0.003222,0.000000,-0.003222,above_band_high
2026-07-15T06:19:59Z,91.4611,0.003218,0.003232,0.000013,in_band
2026-07-15T06:20:00Z,91.4611,0.003217,0.003230,0.000013,in_band
2026-07-15T06:20:25Z,91.5023,0.003172,0.002221,-0.000951,above_band_high
2026-07-15T06:21:15Z,91.5084,0.003085,0.000000,-0.003085,above_band_high
2026-07-15T06:21:41Z,91.4931,0.003041,0.003048,0.000007,in_band
2026-07-15T06:22:00Z,91.4809,0.003009,0.002999,-0.000010,in_band
2026-07-15T06:22:27Z,91.5160,0.002964,0.000000,-0.002964,above_band_high
2026-07-15T06:23:00Z,91.4672,0.002911,0.002870,-0.000040,in_band
2026-07-15T06:23:13Z,91.5084,0.002890,0.000000,-0.002890,above_band_high
2026-07-15T06:24:07Z,91.5221,0.002804,0.000000,-0.002804,above_band_high
2026-07-15T06:24:28Z,91.5084,0.000000,0.000000,0.000000,above_band_high
2026-07-15T06:28:48Z,91.5587,0.000000,0.000000,0.000000,above_band_high
2026-07-15T06:28:53Z,91.4977,0.000000,0.000999,0.000999,in_band
2026-07-15T06:29:00Z,91.5389,0.000000,0.000000,0.000000,above_band_high
2026-07-15T06:30:00Z,91.5084,0.000000,0.000000,0.000000,above_band_high
2026-07-15T06:30:35Z,91.4855,0.000000,0.001535,0.001535,in_band
2026-07-15T06:31:00Z,91.5389,0.000000,0.000000,0.000000,above_band_high
2026-07-15T06:31:43Z,91.4992,0.000000,0.001483,0.001483,in_band
2026-07-15T06:32:00Z,91.5358,0.000000,0.000000,0.000000,above_band_high
2026-07-15T06:32:05Z,91.4992,0.000000,0.001516,0.001516,in_band
2026-07-15T06:33:00Z,91.5343,0.000000,0.000000,0.000000,above_band_high
2026-07-15T06:33:03Z,91.4977,0.000000,0.001845,0.001845,in_band
2026-07-15T06:34:00Z,91.5297,0.000000,0.000000,0.000000,above_band_high
2026-07-15T06:34:05Z,91.5023,0.000000,0.001053,0.001053,above_band_high
2026-07-15T06:35:00Z,91.5526,0.000000,0.000000,0.000000,above_band_high
2026-07-15T06:36:00Z,91.5129,0.000000,0.000000,0.000000,above_band_high
2026-07-15T06:37:00Z,91.5297,0.000000,0.000000,0.000000,above_band_high
2026-07-15T06:38:03Z,91.4977,0.000000,0.002273,0.002273,in_band
2026-07-15T06:38:59Z,91.5038,0.000033,0.000022,-0.000011,above_band_high
2026-07-15T06:39:00Z,91.5038,0.000000,0.000000,0.000000,above_band_high
2026-07-15T06:39:15Z,91.4900,0.000000,0.001498,0.001498,in_band
2026-07-15T06:40:00Z,91.5389,0.000000,0.000000,0.000000,above_band_high
2026-07-15T06:40:01Z,91.4763,0.000000,0.001290,0.001290,in_band
2026-07-15T06:42:17Z,91.5114,0.000185,0.000000,-0.000185,above_band_high
2026-07-15T06:42:25Z,91.4885,0.000162,0.000340,0.000178,in_band
2026-07-15T06:43:27Z,91.5084,0.000066,0.000000,-0.000066,above_band_high
2026-07-15T06:43:29Z,91.4900,0.000064,0.000238,0.000174,in_band
2026-07-15T06:44:00Z,91.4839,0.000038,0.000186,0.000147,in_band
2026-07-15T06:44:03Z,91.5038,0.000037,0.000000,-0.000037,above_band_high
2026-07-15T06:45:00Z,91.4839,0.000014,0.000072,0.000058,in_band
2026-07-15T06:45:59Z,91.4473,0.000005,0.000027,0.000022,in_band
2026-07-15T06:46:00Z,91.4473,0.000005,0.000027,0.000021,in_band
2026-07-15T06:46:59Z,91.4519,0.000002,0.000010,0.000008,in_band
2026-07-15T06:47:00Z,91.4519,0.000002,0.000010,0.000008,in_band
2026-07-15T06:47:59Z,91.4626,0.000001,0.000004,0.000003,in_band
2026-07-15T06:48:00Z,91.4626,0.000001,0.000004,0.000003,in_band
2026-07-15T06:48:59Z,91.4199,0.000000,0.000001,0.000001,in_band
2026-07-15T06:49:00Z,91.4199,0.000000,0.000001,0.000001,in_band
2026-07-15T06:49:59Z,91.4443,0.000000,0.000001,0.000000,in_band
2026-07-15T06:50:00Z,91.4443,0.000000,0.000001,0.000000,in_band
2026-07-15T06:50:59Z,91.4351,0.000000,0.000000,0.000000,in_band
2026-07-15T06:51:00Z,91.4351,0.000000,0.000000,0.000000,in_band
2026-07-15T06:51:59Z,91.4519,0.000000,0.000000,0.000000,in_band
2026-07-15T06:52:00Z,91.4519,0.000000,0.000000,0.000000,in_band
2026-07-15T06:52:59Z,91.4443,0.000000,0.000000,0.000000,in_band
2026-07-15T06:53:00Z,91.4443,0.000000,0.000000,0.000000,in_band
2026-07-15T06:53:59Z,91.4397,0.000000,0.000000,0.000000,in_band
2026-07-15T06:54:00Z,91.4397,0.000000,0.000000,0.000000,in_band
2026-07-15T06:54:59Z,91.4382,0.000000,0.000000,0.000000,in_band
2026-07-15T06:55:33Z,91.5023,0.000000,0.000000,-0.000000,above_band_high
2026-07-15T06:55:35Z,91.4763,0.000000,0.000005,0.000005,in_band
2026-07-15T06:56:00Z,91.4473,0.000000,0.000003,0.000003,in_band
2026-07-15T06:56:59Z,91.4626,0.000000,0.000001,0.000001,in_band
2026-07-15T06:57:09Z,91.5129,0.000000,0.000000,-0.000000,above_band_high
2026-07-15T06:57:11Z,91.4580,0.000000,0.000029,0.000029,in_band
2026-07-15T06:58:00Z,91.4534,0.000000,0.000013,0.000013,in_band
2026-07-15T06:58:57Z,91.5023,0.000000,0.000000,-0.000000,above_band_high
2026-07-15T06:59:05Z,91.5023,0.000000,0.000000,-0.000000,above_band_high
2026-07-15T06:59:39Z,91.4900,0.000000,0.000074,0.000074,in_band
2026-07-15T07:00:25Z,91.5084,0.000003,0.000000,-0.000003,above_band_high
2026-07-15T07:00:45Z,91.4763,0.000002,0.000113,0.000110,in_band
2026-07-15T07:01:00Z,91.4656,0.000002,0.000088,0.000086,in_band
2026-07-15T07:01:17Z,91.5038,0.000001,0.000000,-0.000001,above_band_high
2026-07-15T07:10:01Z,91.5267,0.000000,0.000000,0.000000,above_band_high
2026-07-15T07:10:03Z,91.4900,0.000000,0.000759,0.000759,in_band
2026-07-15T07:14:45Z,91.5114,0.000069,0.000000,-0.000069,above_band_high
2026-07-15T07:14:47Z,91.4717,0.000067,0.000161,0.000095,in_band
2026-07-15T07:15:00Z,91.4580,0.000054,0.000130,0.000076,in_band
2026-07-15T07:15:59Z,91.4443,0.000020,0.000049,0.000029,in_band
2026-07-15T07:16:00Z,91.4443,0.000020,0.000048,0.000028,in_band
2026-07-15T07:16:59Z,91.4305,0.000008,0.000018,0.000011,in_band
2026-07-15T07:17:00Z,91.4305,0.000007,0.000018,0.000010,in_band
2026-07-15T07:17:59Z,91.4031,0.000003,0.000007,0.000004,in_band
2026-07-15T07:18:00Z,91.4031,0.000003,0.000007,0.000004,in_band
2026-07-15T07:18:59Z,91.3970,0.000001,0.000003,0.000001,in_band
2026-07-15T07:19:00Z,91.3970,0.000001,0.000002,0.000001,in_band
2026-07-15T07:19:59Z,91.3848,0.000000,0.000001,0.000001,in_band
2026-07-15T07:20:00Z,91.3848,0.000000,0.000001,0.000001,in_band
2026-07-15T07:20:59Z,91.3756,0.000000,0.000000,0.000000,in_band
2026-07-15T07:21:00Z,91.3756,0.000000,0.000000,0.000000,in_band
2026-07-15T07:21:59Z,91.3420,0.000000,0.000000,0.000000,in_band
2026-07-15T07:22:00Z,91.3420,0.000000,0.000000,0.000000,in_band
2026-07-15T07:22:59Z,91.3390,0.000000,0.000000,0.000000,in_band
2026-07-15T07:23:00Z,91.3390,0.000000,0.000000,0.000000,in_band
2026-07-15T07:23:59Z,91.3329,0.000000,0.000000,0.000000,in_band
2026-07-15T07:24:00Z,91.3329,0.000000,0.000000,0.000000,in_band
2026-07-15T07:24:59Z,91.3024,0.000000,0.000000,0.000000,in_band
2026-07-15T07:25:00Z,91.3024,0.000000,0.000000,0.000000,in_band
2026-07-15T07:25:59Z,91.3054,0.000000,0.000000,0.000000,in_band
2026-07-15T07:26:00Z,91.3054,0.000000,0.000000,0.000000,in_band
2026-07-15T07:26:59Z,91.2978,0.000000,0.000000,0.000000,in_band
2026-07-15T07:27:00Z,91.2978,0.000000,0.000000,0.000000,in_band
2026-07-15T07:27:59Z,91.2596,0.000000,0.000000,0.000000,in_band
2026-07-15T07:28:00Z,91.2596,0.000000,0.000000,0.000000,in_band
2026-07-15T07:28:59Z,91.2932,0.000000,0.000000,0.000000,in_band
2026-07-15T07:29:00Z,91.2932,0.000000,0.000000,0.000000,in_band
2026-07-15T07:29:59Z,91.2932,0.000000,0.000000,0.000000,in_band
2026-07-15T07:30:00Z,91.2932,0.000000,0.000000,0.000000,in_band
2026-07-15T07:30:59Z,91.2840,0.000000,0.000000,0.000000,in_band
2026-07-15T07:31:00Z,91.2840,0.000000,0.000000,0.000000,in_band
2026-07-15T07:31:59Z,91.2749,0.000000,0.000000,0.000000,in_band
2026-07-15T07:32:00Z,91.2749,0.000000,0.000000,0.000000,in_band
2026-07-15T07:32:59Z,91.2428,0.000000,0.000000,0.000000,in_band
2026-07-15T07:33:00Z,91.2428,0.000000,0.000000,0.000000,in_band
2026-07-15T07:33:59Z,91.2596,0.000000,0.000000,0.000000,in_band
2026-07-15T07:34:00Z,91.2596,0.000000,0.000000,0.000000,in_band
2026-07-15T07:34:59Z,91.2428,0.000000,0.000000,0.000000,in_band
2026-07-15T07:35:00Z,91.2428,0.000000,0.000000,0.000000,in_band
2026-07-15T07:35:59Z,91.2657,0.000000,0.000000,0.000000,in_band
2026-07-15T07:36:00Z,91.2657,0.000000,0.000000,0.000000,in_band
2026-07-15T07:36:59Z,91.2459,0.000000,0.000000,0.000000,in_band
2026-07-15T07:37:00Z,91.2459,0.000000,0.000000,0.000000,in_band
2026-07-15T07:37:59Z,91.2596,0.000000,0.000000,0.000000,in_band
2026-07-15T07:38:00Z,91.2596,0.000000,0.000000,0.000000,in_band
2026-07-15T07:38:59Z,91.2413,0.000000,0.000000,0.000000,in_band
2026-07-15T07:39:00Z,91.2413,0.000000,0.000000,0.000000,in_band
2026-07-15T07:39:59Z,91.2230,0.000000,0.000000,0.000000,in_band
2026-07-15T07:40:00Z,91.2230,0.000000,0.000000,0.000000,in_band
2026-07-15T07:40:59Z,91.2322,0.000000,0.000000,0.000000,in_band
2026-07-15T07:41:00Z,91.2322,0.000000,0.000000,0.000000,in_band
2026-07-15T07:41:59Z,91.2230,0.000000,0.000000,0.000000,in_band
2026-07-15T07:42:00Z,91.2230,0.000000,0.000000,0.000000,in_band
2026-07-15T07:42:59Z,91.2016,0.000000,0.000000,0.000000,in_band
2026-07-15T07:43:00Z,91.2016,0.000000,0.000000,0.000000,in_band
2026-07-15T07:43:59Z,91.1955,0.000000,0.000000,0.000000,in_band
2026-07-15T07:44:00Z,91.1955,0.000000,0.000000,0.000000,in_band
2026-07-15T07:44:59Z,91.2016,0.000000,0.000000,0.000000,in_band
2026-07-15T07:45:00Z,91.2016,0.000000,0.000000,0.000000,in_band
2026-07-15T07:45:59Z,91.2139,0.000000,0.000000,0.000000,in_band
2026-07-15T07:46:00Z,91.2139,0.000000,0.000000,0.000000,in_band
2026-07-15T07:46:59Z,91.1589,0.000000,0.000000,0.000000,in_band
2026-07-15T07:47:00Z,91.1589,0.000000,0.000000,0.000000,in_band
2026-07-15T07:47:59Z,91.2001,0.000000,0.000000,0.000000,in_band
2026-07-15T07:48:00Z,91.2001,0.000000,0.000000,0.000000,in_band
2026-07-15T07:48:59Z,91.2139,0.000000,0.000000,0.000000,in_band
2026-07-15T07:49:00Z,91.2139,0.000000,0.000000,0.000000,in_band
2026-07-15T07:49:59Z,91.2016,0.000000,0.000000,0.000000,in_band
2026-07-15T07:50:00Z,91.2016,0.000000,0.000000,0.000000,in_band
2026-07-15T07:50:59Z,91.2154,0.000000,0.000000,0.000000,in_band
2026-07-15T07:51:00Z,91.2154,0.000000,0.000000,0.000000,in_band
2026-07-15T07:51:59Z,91.2139,0.000000,0.000000,0.000000,in_band
2026-07-15T07:52:00Z,91.2139,0.000000,0.000000,0.000000,in_band
2026-07-15T07:52:59Z,91.2322,0.000000,0.000000,0.000000,in_band
2026-07-15T07:53:00Z,91.2322,0.000000,0.000000,0.000000,in_band
2026-07-15T07:53:59Z,91.2200,0.000000,0.000000,0.000000,in_band
2026-07-15T07:54:00Z,91.2200,0.000000,0.000000,0.000000,in_band
2026-07-15T07:54:59Z,91.2184,0.000000,0.000000,0.000000,in_band
2026-07-15T07:55:00Z,91.2184,0.000000,0.000000,0.000000,in_band
2026-07-15T07:55:59Z,91.2230,0.000000,0.000000,0.000000,in_band
2026-07-15T07:56:00Z,91.2230,0.000000,0.000000,0.000000,in_band
2026-07-15T07:56:59Z,91.2383,0.000000,0.000000,0.000000,in_band
2026-07-15T07:57:00Z,91.2383,0.000000,0.000000,0.000000,in_band
2026-07-15T07:57:59Z,91.2428,0.000000,0.000000,0.000000,in_band
2026-07-15T07:58:00Z,91.2428,0.000000,0.000000,0.000000,in_band
2026-07-15T07:58:59Z,91.2428,0.000000,0.000000,0.000000,in_band
2026-07-15T07:59:00Z,91.2428,0.000000,0.000000,0.000000,in_band
2026-07-15T07:59:59Z,91.2551,0.000000,0.000000,0.000000,in_band
2026-07-15T08:00:00Z,91.2551,0.000000,0.000000,0.000000,in_band
2026-07-15T08:00:59Z,91.2276,0.000000,0.000000,0.000000,in_band
2026-07-15T08:01:00Z,91.2276,0.000000,0.000000,0.000000,in_band
2026-07-15T08:01:59Z,91.2062,0.000000,0.000000,0.000000,in_band
2026-07-15T08:02:00Z,91.2062,0.000000,0.000000,0.000000,in_band
2026-07-15T08:02:59Z,91.2276,0.000000,0.000000,0.000000,in_band
2026-07-15T08:03:00Z,91.2276,0.000000,0.000000,0.000000,in_band
2026-07-15T08:03:59Z,91.2184,0.000000,0.000000,0.000000,in_band
2026-07-15T08:04:00Z,91.2184,0.000000,0.000000,0.000000,in_band
2026-07-15T08:04:59Z,91.2551,0.000000,0.000000,0.000000,in_band
2026-07-15T08:05:00Z,91.2551,0.000000,0.000000,0.000000,in_band
2026-07-15T08:05:59Z,91.2596,0.000000,0.000000,0.000000,in_band
2026-07-15T08:06:00Z,91.2596,0.000000,0.000000,0.000000,in_band
2026-07-15T08:06:59Z,91.2566,0.000000,0.000000,0.000000,in_band
2026-07-15T08:07:00Z,91.2566,0.000000,0.000000,0.000000,in_band
2026-07-15T08:07:59Z,91.2337,0.000000,0.000000,0.000000,in_band
2026-07-15T08:08:00Z,91.2337,0.000000,0.000000,0.000000,in_band
2026-07-15T08:08:59Z,91.2459,0.000000,0.000000,0.000000,in_band
2026-07-15T08:09:00Z,91.2459,0.000000,0.000000,0.000000,in_band
2026-07-15T08:09:59Z,91.2016,0.000000,0.000000,0.000000,in_band
2026-07-15T08:10:00Z,91.2016,0.000000,0.000000,0.000000,in_band
2026-07-15T08:10:59Z,91.2276,0.000000,0.000000,0.000000,in_band
2026-07-15T08:11:00Z,91.2276,0.000000,0.000000,0.000000,in_band
2026-07-15T08:11:59Z,91.1955,0.000000,0.000000,0.000000,in_band
2026-07-15T08:12:00Z,91.1955,0.000000,0.000000,0.000000,in_band
2026-07-15T08:12:59Z,91.2139,0.000000,0.000000,0.000000,in_band
2026-07-15T08:13:00Z,91.2139,0.000000,0.000000,0.000000,in_band
2026-07-15T08:13:59Z,91.1925,0.000000,0.000000,0.000000,in_band
2026-07-15T08:14:00Z,91.1925,0.000000,0.000000,0.000000,in_band
2026-07-15T08:14:59Z,91.1910,0.000000,0.000000,0.000000,in_band
2026-07-15T08:15:00Z,91.1910,0.000000,0.000000,0.000000,in_band
2026-07-15T08:15:59Z,91.1955,0.000000,0.000000,0.000000,in_band
2026-07-15T08:16:00Z,91.1955,0.000000,0.000000,0.000000,in_band
2026-07-15T08:16:59Z,91.1696,0.000000,0.000000,0.000000,in_band
2026-07-15T08:17:00Z,91.1696,0.000000,0.000000,0.000000,in_band
2026-07-15T08:17:59Z,91.1604,0.000000,0.000000,0.000000,in_band
2026-07-15T08:18:00Z,91.1604,0.000000,0.000000,0.000000,in_band
2026-07-15T08:18:59Z,91.1513,0.000000,0.000000,0.000000,in_band
2026-07-15T08:19:00Z,91.1513,0.000000,0.000000,0.000000,in_band
2026-07-15T08:19:59Z,91.1315,0.000000,0.000000,0.000000,in_band
2026-07-15T08:20:00Z,91.1315,0.000000,0.000000,0.000000,in_band
2026-07-15T08:20:59Z,91.1192,0.000000,0.000000,0.000000,in_band
2026-07-15T08:21:00Z,91.1192,0.000000,0.000000,0.000000,in_band
2026-07-15T08:21:59Z,91.1223,0.000000,0.000000,0.000000,in_band
2026-07-15T08:22:00Z,91.1223,0.000000,0.000000,0.000000,in_band
2026-07-15T08:22:59Z,91.0552,0.000000,0.000000,0.000000,in_band
2026-07-15T08:23:00Z,91.0552,0.000000,0.000000,0.000000,in_band
2026-07-15T08:23:59Z,91.0765,0.000000,0.000000,0.000000,in_band
2026-07-15T08:24:00Z,91.0765,0.000000,0.000000,0.000000,in_band
2026-07-15T08:24:59Z,91.0491,0.000000,0.000000,0.000000,in_band
2026-07-15T08:25:00Z,91.0491,0.000000,0.000000,0.000000,in_band
2026-07-15T08:25:59Z,91.0231,0.000000,0.000000,0.000000,in_band
2026-07-15T08:26:00Z,91.0231,0.000000,0.000000,0.000000,in_band
2026-07-15T08:26:59Z,91.0170,0.000000,0.000000,0.000000,in_band
2026-07-15T08:27:00Z,91.0170,0.000000,0.000000,0.000000,in_band
2026-07-15T08:27:59Z,91.0033,0.000000,0.000000,0.000000,in_band
2026-07-15T08:28:00Z,91.0033,0.000000,0.000000,0.000000,in_band
2026-07-15T08:28:59Z,90.9712,0.000000,0.000000,0.000000,in_band
2026-07-15T08:29:00Z,90.9712,0.000000,0.000000,0.000000,in_band
2026-07-15T08:29:59Z,91.0048,0.000000,0.000000,0.000000,in_band
2026-07-15T08:30:00Z,91.0048,0.000000,0.000000,0.000000,in_band
2026-07-15T08:30:59Z,90.9850,0.000000,0.000000,0.000000,in_band
2026-07-15T08:31:00Z,90.9850,0.000000,0.000000,0.000000,in_band
2026-07-15T08:31:59Z,91.0048,0.000000,0.000000,0.000000,in_band
2026-07-15T08:32:00Z,91.0048,0.000000,0.000000,0.000000,in_band
2026-07-15T08:32:59Z,91.0048,0.000000,0.000000,0.000000,in_band
2026-07-15T08:33:00Z,91.0048,0.000000,0.000000,0.000000,in_band
2026-07-15T08:33:59Z,91.0124,0.000000,0.000000,0.000000,in_band
2026-07-15T08:34:00Z,91.0124,0.000000,0.000000,0.000000,in_band
2026-07-15T08:34:59Z,91.0033,0.000000,0.000000,0.000000,in_band
2026-07-15T08:35:00Z,91.0033,0.000000,0.000000,0.000000,in_band
2026-07-15T08:35:59Z,91.0033,0.000000,0.000000,0.000000,in_band
2026-07-15T08:36:00Z,91.0033,0.000000,0.000000,0.000000,in_band
2026-07-15T08:36:59Z,91.0124,0.000000,0.000000,0.000000,in_band
2026-07-15T08:37:00Z,91.0124,0.000000,0.000000,0.000000,in_band
2026-07-15T08:37:59Z,90.9957,0.000000,0.000000,0.000000,in_band
2026-07-15T08:38:00Z,90.9957,0.000000,0.000000,0.000000,in_band
2026-07-15T08:38:59Z,90.9850,0.000000,0.000000,0.000000,in_band
2026-07-15T08:39:00Z,90.9850,0.000000,0.000000,0.000000,in_band
2026-07-15T08:39:59Z,91.0124,0.000000,0.000000,0.000000,in_band
2026-07-15T08:40:00Z,91.0124,0.000000,0.000000,0.000000,in_band
2026-07-15T08:40:59Z,90.9911,0.000000,0.000000,0.000000,in_band
2026-07-15T08:41:00Z,90.9911,0.000000,0.000000,0.000000,in_band
2026-07-15T08:41:59Z,90.9895,0.000000,0.000000,0.000000,in_band
2026-07-15T08:42:00Z,90.9895,0.000000,0.000000,0.000000,in_band
2026-07-15T08:42:59Z,90.9804,0.000000,0.000000,0.000000,in_band
2026-07-15T08:43:00Z,90.9804,0.000000,0.000000,0.000000,in_band
2026-07-15T08:43:59Z,90.9712,0.000000,0.000000,0.000000,in_band
2026-07-15T08:44:00Z,90.9712,0.000000,0.000000,0.000000,in_band
2026-07-15T08:44:59Z,90.9575,0.000000,0.000000,0.000000,in_band
2026-07-15T08:45:00Z,90.9575,0.000000,0.000000,0.000000,in_band
2026-07-15T08:45:59Z,91.0277,0.000000,0.000000,0.000000,in_band
2026-07-15T08:46:01Z,90.9590,0.000000,0.000000,0.000000,in_band
2026-07-15T08:46:57Z,90.9728,0.000000,0.000000,0.000000,in_band
2026-07-15T08:47:00Z,90.9590,0.000000,0.000000,0.000000,in_band
2026-07-15T08:47:57Z,90.9667,0.000000,0.000000,0.000000,in_band
2026-07-15T08:48:00Z,90.9667,0.000000,0.000000,0.000000,in_band
2026-07-15T08:48:49Z,90.9407,0.000000,0.000000,0.000000,in_band
2026-07-15T08:49:00Z,90.9773,0.000000,0.000000,0.000000,in_band
2026-07-15T08:49:55Z,90.9728,0.000000,0.000000,0.000000,in_band
2026-07-15T08:50:00Z,90.9575,0.000000,0.000000,0.000000,in_band
2026-07-15T08:50:59Z,90.9163,0.000000,0.000000,0.000000,in_band
2026-07-15T08:51:00Z,90.9163,0.000000,0.000000,0.000000,in_band
2026-07-15T08:51:59Z,90.9895,0.000000,0.000000,0.000000,in_band
2026-07-15T08:52:00Z,90.9895,0.000000,0.000000,0.000000,in_band
2026-07-15T08:52:59Z,90.9529,0.000000,0.000000,0.000000,in_band
2026-07-15T08:53:00Z,90.9529,0.000000,0.000000,0.000000,in_band
2026-07-15T08:53:59Z,90.9483,0.000000,0.000000,0.000000,in_band
2026-07-15T08:54:00Z,90.9483,0.000000,0.000000,0.000000,in_band
2026-07-15T08:54:59Z,90.9773,0.000000,0.000000,0.000000,in_band
2026-07-15T08:55:00Z,90.9773,0.000000,0.000000,0.000000,in_band
2026-07-15T08:55:59Z,90.9728,0.000000,0.000000,0.000000,in_band
2026-07-15T08:56:00Z,90.9728,0.000000,0.000000,0.000000,in_band
2026-07-15T08:56:59Z,90.9758,0.000000,0.000000,0.000000,in_band
2026-07-15T08:57:00Z,90.9758,0.000000,0.000000,0.000000,in_band
2026-07-15T08:57:59Z,90.9895,0.000000,0.000000,0.000000,in_band
2026-07-15T08:58:00Z,90.9895,0.000000,0.000000,0.000000,in_band
2026-07-15T08:58:59Z,90.9850,0.000000,0.000000,0.000000,in_band
2026-07-15T08:59:00Z,90.9850,0.000000,0.000000,0.000000,in_band
2026-07-15T08:59:59Z,90.9911,0.000000,0.000000,0.000000,in_band
2026-07-15T09:00:00Z,90.9911,0.000000,0.000000,0.000000,in_band
2026-07-15T09:00:59Z,91.0094,0.000000,0.000000,0.000000,in_band
2026-07-15T09:01:00Z,91.0094,0.000000,0.000000,0.000000,in_band
2026-07-15T09:01:59Z,91.0491,0.000000,0.000000,0.000000,in_band
2026-07-15T09:02:00Z,91.0491,0.000000,0.000000,0.000000,in_band
2026-07-15T09:02:59Z,91.0323,0.000000,0.000000,0.000000,in_band
2026-07-15T09:03:00Z,91.0323,0.000000,0.000000,0.000000,in_band
2026-07-15T09:03:59Z,91.0460,0.000000,0.000000,0.000000,in_band
2026-07-15T09:04:00Z,91.0460,0.000000,0.000000,0.000000,in_band
2026-07-15T09:04:59Z,91.0323,0.000000,0.000000,0.000000,in_band
2026-07-15T09:05:00Z,91.0323,0.000000,0.000000,0.000000,in_band
2026-07-15T09:05:59Z,91.0536,0.000000,0.000000,0.000000,in_band
2026-07-15T09:06:00Z,91.0536,0.000000,0.000000,0.000000,in_band
2026-07-15T09:06:59Z,91.0872,0.000000,0.000000,0.000000,in_band
2026-07-15T09:07:00Z,91.0872,0.000000,0.000000,0.000000,in_band
2026-07-15T09:07:59Z,91.0872,0.000000,0.000000,0.000000,in_band
2026-07-15T09:08:00Z,91.0872,0.000000,0.000000,0.000000,in_band
2026-07-15T09:08:59Z,91.0948,0.000000,0.000000,0.000000,in_band
2026-07-15T09:09:00Z,91.0948,0.000000,0.000000,0.000000,in_band
2026-07-15T09:09:59Z,91.1177,0.000000,0.000000,0.000000,in_band
2026-07-15T09:10:00Z,91.1177,0.000000,0.000000,0.000000,in_band
2026-07-15T09:10:59Z,91.0857,0.000000,0.000000,0.000000,in_band
2026-07-15T09:11:00Z,91.0857,0.000000,0.000000,0.000000,in_band
2026-07-15T09:11:59Z,91.1131,0.000000,0.000000,0.000000,in_band
2026-07-15T09:12:00Z,91.1131,0.000000,0.000000,0.000000,in_band
2026-07-15T09:12:59Z,91.0719,0.000000,0.000000,0.000000,in_band
2026-07-15T09:13:00Z,91.0719,0.000000,0.000000,0.000000,in_band
2026-07-15T09:13:59Z,91.1101,0.000000,0.000000,0.000000,in_band
2026-07-15T09:14:00Z,91.1101,0.000000,0.000000,0.000000,in_band
2026-07-15T09:14:59Z,91.1696,0.000000,0.000000,0.000000,in_band
2026-07-15T09:15:00Z,91.1696,0.000000,0.000000,0.000000,in_band
2026-07-15T09:15:59Z,91.1559,0.000000,0.000000,0.000000,in_band
2026-07-15T09:16:00Z,91.1559,0.000000,0.000000,0.000000,in_band
2026-07-15T09:16:59Z,91.1269,0.000000,0.000000,0.000000,in_band
2026-07-15T09:17:00Z,91.1269,0.000000,0.000000,0.000000,in_band
2026-07-15T09:17:59Z,91.1604,0.000000,0.000000,0.000000,in_band
2026-07-15T09:18:00Z,91.1604,0.000000,0.000000,0.000000,in_band
2026-07-15T09:18:59Z,91.1788,0.000000,0.000000,0.000000,in_band
2026-07-15T09:19:00Z,91.1788,0.000000,0.000000,0.000000,in_band
2026-07-15T09:19:59Z,91.1742,0.000000,0.000000,0.000000,in_band
2026-07-15T09:20:00Z,91.1742,0.000000,0.000000,0.000000,in_band
2026-07-15T09:20:59Z,91.2001,0.000000,0.000000,0.000000,in_band
2026-07-15T09:21:00Z,91.2001,0.000000,0.000000,0.000000,in_band
2026-07-15T09:21:59Z,91.1650,0.000000,0.000000,0.000000,in_band
2026-07-15T09:22:00Z,91.1650,0.000000,0.000000,0.000000,in_band
2026-07-15T09:22:59Z,91.1910,0.000000,0.000000,0.000000,in_band
2026-07-15T09:23:00Z,91.1910,0.000000,0.000000,0.000000,in_band
2026-07-15T09:23:59Z,91.1910,0.000000,0.000000,0.000000,in_band
2026-07-15T09:24:00Z,91.1910,0.000000,0.000000,0.000000,in_band
2026-07-15T09:24:59Z,91.2093,0.000000,0.000000,0.000000,in_band
2026-07-15T09:25:00Z,91.2093,0.000000,0.000000,0.000000,in_band
2026-07-15T09:25:59Z,91.1742,0.000000,0.000000,0.000000,in_band
2026-07-15T09:26:00Z,91.1742,0.000000,0.000000,0.000000,in_band
2026-07-15T09:26:59Z,91.1910,0.000000,0.000000,0.000000,in_band
2026-07-15T09:27:00Z,91.1910,0.000000,0.000000,0.000000,in_band
2026-07-15T09:27:59Z,91.1833,0.000000,0.000000,0.000000,in_band
2026-07-15T09:28:00Z,91.1833,0.000000,0.000000,0.000000,in_band
2026-07-15T09:28:59Z,91.2184,0.000000,0.000000,0.000000,in_band
2026-07-15T09:29:00Z,91.2184,0.000000,0.000000,0.000000,in_band
2026-07-15T09:29:59Z,91.2139,0.000000,0.000000,0.000000,in_band
2026-07-15T09:30:00Z,91.2139,0.000000,0.000000,0.000000,in_band
2026-07-15T09:30:59Z,91.2459,0.000000,0.000000,0.000000,in_band
2026-07-15T09:31:00Z,91.2459,0.000000,0.000000,0.000000,in_band
2026-07-15T09:31:59Z,91.2566,0.000000,0.000000,0.000000,in_band
2026-07-15T09:32:00Z,91.2566,0.000000,0.000000,0.000000,in_band
2026-07-15T09:32:59Z,91.2245,0.000000,0.000000,0.000000,in_band
2026-07-15T09:33:00Z,91.2245,0.000000,0.000000,0.000000,in_band
2026-07-15T09:33:59Z,91.2337,0.000000,0.000000,0.000000,in_band
2026-07-15T09:34:00Z,91.2337,0.000000,0.000000,0.000000,in_band
2026-07-15T09:34:59Z,91.2184,0.000000,0.000000,0.000000,in_band
2026-07-15T09:35:00Z,91.2184,0.000000,0.000000,0.000000,in_band
2026-07-15T09:35:59Z,91.2566,0.000000,0.000000,0.000000,in_band
2026-07-15T09:36:00Z,91.2566,0.000000,0.000000,0.000000,in_band
2026-07-15T09:36:59Z,91.2520,0.000000,0.000000,0.000000,in_band
2026-07-15T09:37:00Z,91.2520,0.000000,0.000000,0.000000,in_band
2026-07-15T09:37:59Z,91.2779,0.000000,0.000000,0.000000,in_band
2026-07-15T09:38:00Z,91.2779,0.000000,0.000000,0.000000,in_band
2026-07-15T09:38:59Z,91.2596,0.000000,0.000000,0.000000,in_band
2026-07-15T09:39:00Z,91.2596,0.000000,0.000000,0.000000,in_band
2026-07-15T09:39:59Z,91.2840,0.000000,0.000000,0.000000,in_band
2026-07-15T09:40:00Z,91.2840,0.000000,0.000000,0.000000,in_band
2026-07-15T09:40:59Z,91.2779,0.000000,0.000000,0.000000,in_band
2026-07-15T09:41:00Z,91.2779,0.000000,0.000000,0.000000,in_band
2026-07-15T09:41:59Z,91.2276,0.000000,0.000000,0.000000,in_band
2026-07-15T09:42:00Z,91.2276,0.000000,0.000000,0.000000,in_band
2026-07-15T09:42:59Z,91.2596,0.000000,0.000000,0.000000,in_band
2026-07-15T09:43:00Z,91.2596,0.000000,0.000000,0.000000,in_band
2026-07-15T09:43:59Z,91.2886,0.000000,0.000000,0.000000,in_band
2026-07-15T09:44:00Z,91.2886,0.000000,0.000000,0.000000,in_band
2026-07-15T09:44:59Z,91.2688,0.000000,0.000000,0.000000,in_band
2026-07-15T09:45:00Z,91.2688,0.000000,0.000000,0.000000,in_band
2026-07-15T09:45:59Z,91.2749,0.000000,0.000000,0.000000,in_band
2026-07-15T09:46:00Z,91.2749,0.000000,0.000000,0.000000,in_band
2026-07-15T09:46:59Z,91.2688,0.000000,0.000000,0.000000,in_band
2026-07-15T09:47:00Z,91.2688,0.000000,0.000000,0.000000,in_band
2026-07-15T09:47:59Z,91.2978,0.000000,0.000000,0.000000,in_band
2026-07-15T09:48:00Z,91.2978,0.000000,0.000000,0.000000,in_band
2026-07-15T09:48:59Z,91.2413,0.000000,0.000000,0.000000,in_band
2026-07-15T09:49:00Z,91.2413,0.000000,0.000000,0.000000,in_band
2026-07-15T09:49:59Z,91.2520,0.000000,0.000000,0.000000,in_band
2026-07-15T09:50:00Z,91.2520,0.000000,0.000000,0.000000,in_band
2026-07-15T09:50:59Z,91.2688,0.000000,0.000000,0.000000,in_band
2026-07-15T09:51:00Z,91.2688,0.000000,0.000000,0.000000,in_band
2026-07-15T09:51:59Z,91.2825,0.000000,0.000000,0.000000,in_band
2026-07-15T09:52:00Z,91.2825,0.000000,0.000000,0.000000,in_band
2026-07-15T09:52:59Z,91.2551,0.000000,0.000000,0.000000,in_band
2026-07-15T09:53:00Z,91.2551,0.000000,0.000000,0.000000,in_band
2026-07-15T09:53:59Z,91.2886,0.000000,0.000000,0.000000,in_band
2026-07-15T09:54:00Z,91.2886,0.000000,0.000000,0.000000,in_band
2026-07-15T09:54:59Z,91.2840,0.000000,0.000000,0.000000,in_band
2026-07-15T09:55:00Z,91.2840,0.000000,0.000000,0.000000,in_band
2026-07-15T09:55:59Z,91.2917,0.000000,0.000000,0.000000,in_band
2026-07-15T09:56:00Z,91.2917,0.000000,0.000000,0.000000,in_band
2026-07-15T09:56:59Z,91.2932,0.000000,0.000000,0.000000,in_band
2026-07-15T09:57:00Z,91.2932,0.000000,0.000000,0.000000,in_band
2026-07-15T09:57:59Z,91.2917,0.000000,0.000000,0.000000,in_band
2026-07-15T09:58:00Z,91.2917,0.000000,0.000000,0.000000,in_band
2026-07-15T09:58:59Z,91.2963,0.000000,0.000000,0.000000,in_band
2026-07-15T09:59:00Z,91.2963,0.000000,0.000000,0.000000,in_band
2026-07-15T09:59:59Z,91.3008,0.000000,0.000000,0.000000,in_band
2026-07-15T10:00:00Z,91.3008,0.000000,0.000000,0.000000,in_band
2026-07-15T10:00:59Z,91.3252,0.000000,0.000000,0.000000,in_band
2026-07-15T10:01:00Z,91.3252,0.000000,0.000000,0.000000,in_band
2026-07-15T10:01:59Z,91.3237,0.000000,0.000000,0.000000,in_band
2026-07-15T10:02:00Z,91.3237,0.000000,0.000000,0.000000,in_band
2026-07-15T10:02:59Z,91.2871,0.000000,0.000000,0.000000,in_band
2026-07-15T10:03:00Z,91.2871,0.000000,0.000000,0.000000,in_band
2026-07-15T10:03:59Z,91.3390,0.000000,0.000000,0.000000,in_band
2026-07-15T10:04:00Z,91.3390,0.000000,0.000000,0.000000,in_band
2026-07-15T10:04:59Z,91.3619,0.000000,0.000000,0.000000,in_band
2026-07-15T10:05:00Z,91.3619,0.000000,0.000000,0.000000,in_band
2026-07-15T10:05:59Z,91.3466,0.000000,0.000000,0.000000,in_band
2026-07-15T10:06:00Z,91.3466,0.000000,0.000000,0.000000,in_band
2026-07-15T10:06:59Z,91.3802,0.000000,0.000000,0.000000,in_band
2026-07-15T10:07:00Z,91.3802,0.000000,0.000000,0.000000,in_band
2026-07-15T10:07:59Z,91.3558,0.000000,0.000000,0.000000,in_band
2026-07-15T10:08:00Z,91.3558,0.000000,0.000000,0.000000,in_band
2026-07-15T10:08:59Z,91.3787,0.000000,0.000000,0.000000,in_band
2026-07-15T10:09:00Z,91.3787,0.000000,0.000000,0.000000,in_band
2026-07-15T10:09:59Z,91.3939,0.000000,0.000000,0.000000,in_band
2026-07-15T10:10:00Z,91.3939,0.000000,0.000000,0.000000,in_band
2026-07-15T10:10:59Z,91.3787,0.000000,0.000000,0.000000,in_band
2026-07-15T10:11:00Z,91.3787,0.000000,0.000000,0.000000,in_band
2026-07-15T10:11:59Z,91.3939,0.000000,0.000000,0.000000,in_band
2026-07-15T10:12:00Z,91.3939,0.000000,0.000000,0.000000,in_band
2026-07-15T10:12:59Z,91.3939,0.000000,0.000000,0.000000,in_band
2026-07-15T10:13:00Z,91.3939,0.000000,0.000000,0.000000,in_band
2026-07-15T10:13:59Z,91.4107,0.000000,0.000000,0.000000,in_band
2026-07-15T10:14:00Z,91.4107,0.000000,0.000000,0.000000,in_band
2026-07-15T10:14:59Z,91.4107,0.000000,0.000000,0.000000,in_band
2026-07-15T10:15:00Z,91.4107,0.000000,0.000000,0.000000,in_band
2026-07-15T10:15:59Z,91.3939,0.000000,0.000000,0.000000,in_band
2026-07-15T10:16:00Z,91.3939,0.000000,0.000000,0.000000,in_band
2026-07-15T10:16:59Z,91.3878,0.000000,0.000000,0.000000,in_band
2026-07-15T10:17:00Z,91.3878,0.000000,0.000000,0.000000,in_band
2026-07-15T10:17:59Z,91.3939,0.000000,0.000000,0.000000,in_band
2026-07-15T10:18:00Z,91.3939,0.000000,0.000000,0.000000,in_band
2026-07-15T10:18:59Z,91.3664,0.000000,0.000000,0.000000,in_band
2026-07-15T10:19:00Z,91.3664,0.000000,0.000000,0.000000,in_band
2026-07-15T10:19:59Z,91.4015,0.000000,0.000000,0.000000,in_band
2026-07-15T10:20:00Z,91.4015,0.000000,0.000000,0.000000,in_band
2026-07-15T10:20:59Z,91.4061,0.000000,0.000000,0.000000,in_band
2026-07-15T10:21:00Z,91.4061,0.000000,0.000000,0.000000,in_band
2026-07-15T10:21:59Z,91.3741,0.000000,0.000000,0.000000,in_band
2026-07-15T10:22:00Z,91.3741,0.000000,0.000000,0.000000,in_band
2026-07-15T10:22:59Z,91.3695,0.000000,0.000000,0.000000,in_band
2026-07-15T10:23:00Z,91.3695,0.000000,0.000000,0.000000,in_band
2026-07-15T10:23:59Z,91.3939,0.000000,0.000000,0.000000,in_band
2026-07-15T10:24:00Z,91.3939,0.000000,0.000000,0.000000,in_band
2026-07-15T10:24:59Z,91.3695,0.000000,0.000000,0.000000,in_band
2026-07-15T10:25:00Z,91.3695,0.000000,0.000000,0.000000,in_band
2026-07-15T10:25:59Z,91.3848,0.000000,0.000000,0.000000,in_band
2026-07-15T10:26:00Z,91.3848,0.000000,0.000000,0.000000,in_band
2026-07-15T10:26:59Z,91.3802,0.000000,0.000000,0.000000,in_band
2026-07-15T10:27:00Z,91.3802,0.000000,0.000000,0.000000,in_band
2026-07-15T10:27:59Z,91.3756,0.000000,0.000000,0.000000,in_band
2026-07-15T10:28:00Z,91.3756,0.000000,0.000000,0.000000,in_band
2026-07-15T10:28:59Z,91.3695,0.000000,0.000000,0.000000,in_band
2026-07-15T10:29:00Z,91.3695,0.000000,0.000000,0.000000,in_band
2026-07-15T10:29:59Z,91.3603,0.000000,0.000000,0.000000,in_band
2026-07-15T10:30:00Z,91.3603,0.000000,0.000000,0.000000,in_band
2026-07-15T10:30:59Z,91.3558,0.000000,0.000000,0.000000,in_band
2026-07-15T10:31:00Z,91.3558,0.000000,0.000000,0.000000,in_band
2026-07-15T10:31:59Z,91.3283,0.000000,0.000000,0.000000,in_band
2026-07-15T10:32:00Z,91.3283,0.000000,0.000000,0.000000,in_band
2026-07-15T10:32:59Z,91.2886,0.000000,0.000000,0.000000,in_band
2026-07-15T10:33:00Z,91.2886,0.000000,0.000000,0.000000,in_band
2026-07-15T10:33:59Z,91.2978,0.000000,0.000000,0.000000,in_band
2026-07-15T10:34:00Z,91.2978,0.000000,0.000000,0.000000,in_band
2026-07-15T10:34:59Z,91.3054,0.000000,0.000000,0.000000,in_band
2026-07-15T10:35:00Z,91.3054,0.000000,0.000000,0.000000,in_band
2026-07-15T10:35:59Z,91.2963,0.000000,0.000000,0.000000,in_band
2026-07-15T10:36:00Z,91.2963,0.000000,0.000000,0.000000,in_band
2026-07-15T10:36:59Z,91.3344,0.000000,0.000000,0.000000,in_band
2026-07-15T10:37:00Z,91.3344,0.000000,0.000000,0.000000,in_band
2026-07-15T10:37:59Z,91.2886,0.000000,0.000000,0.000000,in_band
2026-07-15T10:38:00Z,91.2886,0.000000,0.000000,0.000000,in_band
2026-07-15T10:38:59Z,91.2795,0.000000,0.000000,0.000000,in_band
2026-07-15T10:39:00Z,91.2795,0.000000,0.000000,0.000000,in_band
2026-07-15T10:39:59Z,91.2795,0.000000,0.000000,0.000000,in_band
2026-07-15T10:40:00Z,91.2795,0.000000,0.000000,0.000000,in_band
2026-07-15T10:40:59Z,91.2459,0.000000,0.000000,0.000000,in_band
2026-07-15T10:41:00Z,91.2459,0.000000,0.000000,0.000000,in_band
2026-07-15T10:41:59Z,91.2734,0.000000,0.000000,0.000000,in_band
2026-07-15T10:42:00Z,91.2734,0.000000,0.000000,0.000000,in_band
2026-07-15T10:42:59Z,91.2840,0.000000,0.000000,0.000000,in_band
2026-07-15T10:43:00Z,91.2840,0.000000,0.000000,0.000000,in_band
2026-07-15T10:43:59Z,91.2703,0.000000,0.000000,0.000000,in_band
2026-07-15T10:44:00Z,91.2703,0.000000,0.000000,0.000000,in_band
2026-07-15T10:44:59Z,91.2505,0.000000,0.000000,0.000000,in_band
2026-07-15T10:45:00Z,91.2505,0.000000,0.000000,0.000000,in_band
2026-07-15T10:45:59Z,91.2428,0.000000,0.000000,0.000000,in_band
2026-07-15T10:46:00Z,91.2428,0.000000,0.000000,0.000000,in_band
2026-07-15T10:46:59Z,91.2428,0.000000,0.000000,0.000000,in_band
2026-07-15T10:47:00Z,91.2428,0.000000,0.000000,0.000000,in_band
2026-07-15T10:47:59Z,91.2291,0.000000,0.000000,0.000000,in_band
2026-07-15T10:48:00Z,91.2291,0.000000,0.000000,0.000000,in_band
2026-07-15T10:48:59Z,91.2200,0.000000,0.000000,0.000000,in_band
2026-07-15T10:49:00Z,91.2200,0.000000,0.000000,0.000000,in_band
2026-07-15T10:49:59Z,91.2383,0.000000,0.000000,0.000000,in_band
2026-07-15T10:50:00Z,91.2383,0.000000,0.000000,0.000000,in_band
2026-07-15T10:50:59Z,91.2139,0.000000,0.000000,0.000000,in_band
2026-07-15T10:51:00Z,91.2139,0.000000,0.000000,0.000000,in_band
2026-07-15T10:51:59Z,91.1772,0.000000,0.000000,0.000000,in_band
2026-07-15T10:52:00Z,91.1772,0.000000,0.000000,0.000000,in_band
2026-07-15T10:52:59Z,91.2016,0.000000,0.000000,0.000000,in_band
2026-07-15T10:53:00Z,91.2016,0.000000,0.000000,0.000000,in_band
2026-07-15T10:53:59Z,91.1772,0.000000,0.000000,0.000000,in_band
2026-07-15T10:54:00Z,91.1772,0.000000,0.000000,0.000000,in_band
2026-07-15T10:54:59Z,91.1696,0.000000,0.000000,0.000000,in_band
2026-07-15T10:55:00Z,91.1696,0.000000,0.000000,0.000000,in_band
2026-07-15T10:55:59Z,91.1696,0.000000,0.000000,0.000000,in_band
2026-07-15T10:56:00Z,91.1696,0.000000,0.000000,0.000000,in_band
2026-07-15T10:56:59Z,91.1955,0.000000,0.000000,0.000000,in_band
2026-07-15T10:57:00Z,91.1955,0.000000,0.000000,0.000000,in_band
2026-07-15T10:57:59Z,91.1818,0.000000,0.000000,0.000000,in_band
2026-07-15T10:58:00Z,91.1818,0.000000,0.000000,0.000000,in_band
2026-07-15T10:58:59Z,91.1696,0.000000,0.000000,0.000000,in_band
2026-07-15T10:59:00Z,91.1696,0.000000,0.000000,0.000000,in_band
2026-07-15T10:59:59Z,91.2016,0.000000,0.000000,0.000000,in_band
2026-07-15T11:00:00Z,91.2016,0.000000,0.000000,0.000000,in_band
2026-07-15T11:00:59Z,91.1696,0.000000,0.000000,0.000000,in_band
2026-07-15T11:01:00Z,91.1696,0.000000,0.000000,0.000000,in_band
2026-07-15T11:01:59Z,91.1681,0.000000,0.000000,0.000000,in_band
2026-07-15T11:02:00Z,91.1681,0.000000,0.000000,0.000000,in_band
2026-07-15T11:02:59Z,91.1727,0.000000,0.000000,0.000000,in_band
2026-07-15T11:03:00Z,91.1727,0.000000,0.000000,0.000000,in_band
2026-07-15T11:03:59Z,91.1589,0.000000,0.000000,0.000000,in_band
2026-07-15T11:04:00Z,91.1589,0.000000,0.000000,0.000000,in_band
2026-07-15T11:04:59Z,91.1696,0.000000,0.000000,0.000000,in_band
2026-07-15T11:05:00Z,91.1696,0.000000,0.000000,0.000000,in_band
2026-07-15T11:05:59Z,91.1269,0.000000,0.000000,0.000000,in_band
2026-07-15T11:06:00Z,91.1269,0.000000,0.000000,0.000000,in_band
2026-07-15T11:06:59Z,91.1269,0.000000,0.000000,0.000000,in_band
2026-07-15T11:07:00Z,91.1269,0.000000,0.000000,0.000000,in_band
2026-07-15T11:07:59Z,91.0964,0.000000,0.000000,0.000000,in_band
2026-07-15T11:08:00Z,91.0964,0.000000,0.000000,0.000000,in_band
2026-07-15T11:08:59Z,91.1467,0.000000,0.000000,0.000000,in_band
2026-07-15T11:09:00Z,91.1467,0.000000,0.000000,0.000000,in_band
2026-07-15T11:09:59Z,91.1238,0.000000,0.000000,0.000000,in_band
2026-07-15T11:10:00Z,91.1238,0.000000,0.000000,0.000000,in_band
2026-07-15T11:10:59Z,91.1009,0.000000,0.000000,0.000000,in_band
2026-07-15T11:11:00Z,91.1009,0.000000,0.000000,0.000000,in_band
2026-07-15T11:11:59Z,91.0994,0.000000,0.000000,0.000000,in_band
2026-07-15T11:12:00Z,91.0994,0.000000,0.000000,0.000000,in_band
2026-07-15T11:12:59Z,91.0811,0.000000,0.000000,0.000000,in_band
2026-07-15T11:13:00Z,91.0811,0.000000,0.000000,0.000000,in_band
2026-07-15T11:13:59Z,91.0689,0.000000,0.000000,0.000000,in_band
2026-07-15T11:14:00Z,91.0689,0.000000,0.000000,0.000000,in_band
2026-07-15T11:14:59Z,91.0445,0.000000,0.000000,0.000000,in_band
2026-07-15T11:15:00Z,91.0445,0.000000,0.000000,0.000000,in_band
2026-07-15T11:15:59Z,91.0185,0.000000,0.000000,0.000000,in_band
2026-07-15T11:16:00Z,91.0185,0.000000,0.000000,0.000000,in_band
2026-07-15T11:16:59Z,90.9987,0.000000,0.000000,0.000000,in_band
2026-07-15T11:17:00Z,90.9987,0.000000,0.000000,0.000000,in_band
2026-07-15T11:17:59Z,91.0002,0.000000,0.000000,0.000000,in_band
2026-07-15T11:18:00Z,91.0002,0.000000,0.000000,0.000000,in_band
2026-07-15T11:18:59Z,90.9911,0.000000,0.000000,0.000000,in_band
2026-07-15T11:19:00Z,90.9911,0.000000,0.000000,0.000000,in_band
2026-07-15T11:19:59Z,91.0124,0.000000,0.000000,0.000000,in_band
2026-07-15T11:20:00Z,91.0124,0.000000,0.000000,0.000000,in_band
2026-07-15T11:20:59Z,90.9957,0.000000,0.000000,0.000000,in_band
2026-07-15T11:21:00Z,90.9957,0.000000,0.000000,0.000000,in_band
2026-07-15T11:21:59Z,90.9758,0.000000,0.000000,0.000000,in_band
2026-07-15T11:22:00Z,90.9758,0.000000,0.000000,0.000000,in_band
2026-07-15T11:22:59Z,90.9804,0.000000,0.000000,0.000000,in_band
2026-07-15T11:23:00Z,90.9804,0.000000,0.000000,0.000000,in_band
2026-07-15T11:23:59Z,90.9300,0.000000,0.000000,0.000000,in_band
2026-07-15T11:24:00Z,90.9300,0.000000,0.000000,0.000000,in_band
2026-07-15T11:24:59Z,90.9545,0.000000,0.000000,0.000000,in_band
2026-07-15T11:25:00Z,90.9545,0.000000,0.000000,0.000000,in_band
2026-07-15T11:25:59Z,90.9178,0.000000,0.000000,0.000000,in_band
2026-07-15T11:26:00Z,90.9178,0.000000,0.000000,0.000000,in_band
2026-07-15T11:26:59Z,90.9041,0.000000,0.000000,0.000000,in_band
2026-07-15T11:27:00Z,90.9041,0.000000,0.000000,0.000000,in_band
2026-07-15T11:27:59Z,90.8843,0.000000,0.000000,0.000000,in_band
2026-07-15T11:28:00Z,90.8843,0.000000,0.000000,0.000000,in_band
2026-07-15T11:28:59Z,90.8721,0.000000,0.000000,0.000000,in_band
2026-07-15T11:29:00Z,90.8721,0.000000,0.000000,0.000000,in_band
2026-07-15T11:29:59Z,90.8522,0.000000,0.000000,0.000000,in_band
2026-07-15T11:30:00Z,90.8522,0.000000,0.000000,0.000000,in_band
2026-07-15T11:30:59Z,90.8431,0.000000,0.000000,0.000000,in_band
2026-07-15T11:31:00Z,90.8431,0.000000,0.000000,0.000000,in_band
2026-07-15T11:31:59Z,90.8156,0.000000,0.000000,0.000000,in_band
2026-07-15T11:32:00Z,90.8156,0.000000,0.000000,0.000000,in_band
2026-07-15T11:32:59Z,90.7652,0.000000,0.000000,0.000000,in_band
2026-07-15T11:33:00Z,90.7652,0.000000,0.000000,0.000000,in_band
2026-07-15T11:33:59Z,90.7469,0.000000,0.000000,0.000000,in_band
2026-07-15T11:34:00Z,90.7469,0.000000,0.000000,0.000000,in_band
2026-07-15T11:34:59Z,90.6615,0.000000,0.000000,0.000000,in_band
2026-07-15T11:35:00Z,90.6615,0.000000,0.000000,0.000000,in_band
2026-07-15T11:35:59Z,90.6416,0.000000,0.000000,0.000000,in_band
2026-07-15T11:36:00Z,90.6416,0.000000,0.000000,0.000000,in_band
2026-07-15T11:36:59Z,90.6004,0.000000,0.000000,0.000000,in_band
2026-07-15T11:37:00Z,90.6004,0.000000,0.000000,0.000000,in_band
2026-07-15T11:37:59Z,90.5882,0.000000,0.000000,0.000000,in_band
2026-07-15T11:38:00Z,90.5882,0.000000,0.000000,0.000000,in_band
2026-07-15T11:38:59Z,90.5364,0.000000,0.000000,0.000000,in_band
2026-07-15T11:39:00Z,90.5364,0.000000,0.000000,0.000000,in_band
2026-07-15T11:39:59Z,90.4875,0.000000,0.000000,0.000000,in_band
2026-07-15T11:40:00Z,90.4875,0.000000,0.000000,0.000000,in_band
2026-07-15T11:40:59Z,90.3960,0.000000,0.000000,0.000000,in_band
2026-07-15T11:41:00Z,90.3960,0.000000,0.000000,0.000000,in_band
2026-07-15T11:41:59Z,90.3777,0.000000,0.000000,0.000000,in_band
2026-07-15T11:42:00Z,90.3777,0.000000,0.000000,0.000000,in_band
2026-07-15T11:42:59Z,90.2495,0.000000,0.000000,0.000000,in_band
2026-07-15T11:43:00Z,90.2495,0.000000,0.000000,0.000000,in_band
2026-07-15T11:43:59Z,90.2159,0.000000,0.000000,0.000000,in_band
2026-07-15T11:44:00Z,90.2159,0.000000,0.000000,0.000000,in_band
2026-07-15T11:44:59Z,90.1701,0.000000,0.000000,0.000000,in_band
2026-07-15T11:45:00Z,90.1701,0.000000,0.000000,0.000000,in_band
2026-07-15T11:45:59Z,90.1305,0.000000,0.000000,0.000000,in_band
2026-07-15T11:46:00Z,90.1305,0.000000,0.000000,0.000000,in_band
2026-07-15T11:46:59Z,90.0481,0.000000,0.000000,0.000000,in_band
2026-07-15T11:47:43Z,90.0298,0.000000,0.000000,0.000000,in_band
2026-07-15T11:47:59Z,89.9825,0.000000,0.000044,0.000044,below_midpoint_feather
2026-07-15T11:48:45Z,89.9596,0.000037,0.000233,0.000196,below_midpoint_feather
2026-07-15T11:48:48Z,90.0069,0.000044,0.000001,-0.000043,in_band
2026-07-15T11:49:49Z,89.9840,0.000238,0.000044,-0.000194,below_midpoint_feather
2026-07-15T11:49:51Z,89.9199,0.000239,0.000920,0.000682,below_midpoint_feather
2026-07-15T11:50:19Z,89.9519,0.000928,0.000347,-0.000580,below_midpoint_feather
2026-07-15T11:50:56Z,89.8955,0.000889,0.001604,0.000715,below_midpoint_feather
2026-07-15T11:51:41Z,89.8878,0.001158,0.001900,0.000742,below_midpoint_feather
2026-07-15T11:51:49Z,89.9199,0.001622,0.001037,-0.000585,below_midpoint_feather
2026-07-15T11:52:01Z,89.8375,0.001643,0.003902,0.002259,below_midpoint_feather
2026-07-15T11:52:17Z,89.9046,0.002155,0.001476,-0.000679,below_midpoint_feather
2026-07-15T11:53:07Z,89.7826,0.004518,0.007083,0.002565,below_midpoint_feather
2026-07-15T11:53:10Z,89.8512,0.005071,0.003523,-0.001548,below_midpoint_feather
2026-07-15T11:54:40Z,89.7185,0.015247,0.012623,-0.002624,below_midpoint_feather
2026-07-15T11:54:52Z,89.6208,0.016444,0.022031,0.005588,below_midpoint_feather
2026-07-15T11:55:21Z,89.5857,0.022154,0.026724,0.004570,below_midpoint_feather
2026-07-15T11:55:28Z,89.6315,0.025923,0.021843,-0.004080,below_midpoint_feather
2026-07-15T11:56:14Z,89.5628,0.035530,0.031561,-0.003969,below_midpoint_feather
2026-07-15T11:56:56Z,89.4347,0.047301,0.052274,0.004973,below_midpoint_feather
2026-07-15T11:57:27Z,89.3614,0.058368,0.067145,0.008777,below_midpoint_feather
2026-07-15T11:57:47Z,89.3919,0.068647,0.063526,-0.005121,below_midpoint_feather
2026-07-15T11:58:27Z,89.3507,0.078853,0.075191,-0.003662,below_midpoint_feather
2026-07-15T11:58:29Z,89.2729,0.079092,0.090664,0.011572,below_midpoint_feather
2026-07-15T11:59:49Z,89.2195,0.120506,0.113805,-0.006701,below_midpoint_feather
2026-07-15T11:59:56Z,89.1600,0.114802,0.128755,0.013953,below_midpoint_feather
2026-07-15T12:00:21Z,89.1173,0.133866,0.143874,0.010008,below_midpoint_feather
2026-07-15T12:00:56Z,89.1356,0.153477,0.146557,-0.006920,below_midpoint_feather
2026-07-15T12:01:11Z,89.0669,0.156816,0.167473,0.010657,below_midpoint_feather
2026-07-15T12:01:19Z,89.1051,0.165753,0.159410,-0.006343,below_midpoint_feather
2026-07-15T12:02:03Z,89.0715,0.189474,0.179201,-0.010273,below_midpoint_feather
2026-07-15T12:02:35Z,88.9479,0.209995,0.222995,0.013000,below_midpoint_feather
2026-07-15T12:03:01Z,88.8716,0.233619,0.254598,0.020979,below_midpoint_feather
2026-07-15T12:03:39Z,88.9433,0.255072,0.245005,-0.010067,below_midpoint_feather
2026-07-15T12:04:01Z,88.9036,0.275448,0.265036,-0.010412,below_midpoint_feather
2026-07-15T12:04:09Z,88.8426,0.276936,0.287578,0.010643,below_midpoint_feather
2026-07-15T12:05:19Z,88.8029,0.339147,0.329501,-0.009646,below_midpoint_feather
2026-07-15T12:05:52Z,88.6503,0.375538,0.399938,0.024400,below_midpoint_feather
2026-07-15T12:06:31Z,88.6412,0.411015,0.423180,0.012165,below_midpoint_feather
2026-07-15T12:06:39Z,88.6870,0.421649,0.410054,-0.011595,below_midpoint_feather
2026-07-15T12:07:21Z,88.6320,0.464681,0.454479,-0.010202,below_midpoint_feather
2026-07-15T12:07:42Z,88.5725,0.473408,0.490536,0.017129,below_midpoint_feather
2026-07-15T12:08:05Z,88.5283,0.505776,0.522820,0.017044,below_midpoint_feather
2026-07-15T12:08:49Z,88.5130,0.562805,0.557758,-0.005047,below_midpoint_feather
2026-07-15T12:09:05Z,88.4581,0.570449,0.592123,0.021674,below_midpoint_feather
2026-07-15T12:09:50Z,88.4672,0.627289,0.620506,-0.006783,below_midpoint_feather
2026-07-15T12:10:01Z,88.4718,0.638060,0.626758,-0.011302,below_midpoint_feather
2026-07-15T12:10:35Z,88.3452,0.687502,0.706911,0.019409,below_midpoint_feather
2026-07-15T12:11:29Z,88.3360,0.739327,0.754992,0.015665,below_midpoint_feather
2026-07-15T12:11:51Z,88.3986,0.759913,0.746989,-0.012923,below_midpoint_feather
2026-07-15T12:12:23Z,88.3436,0.779602,0.797977,0.018375,below_midpoint_feather
2026-07-15T12:12:49Z,88.3818,0.811838,0.804216,-0.007622,below_midpoint_feather
2026-07-15T12:13:27Z,88.4184,0.839038,0.821728,-0.017310,below_midpoint_feather
2026-07-15T12:13:59Z,88.3528,0.859152,0.877674,0.018522,below_midpoint_feather
2026-07-15T12:14:41Z,88.3574,0.889891,0.912327,0.022436,below_midpoint_feather
2026-07-15T12:14:47Z,88.4352,0.902912,0.884337,-0.018575,below_midpoint_feather
2026-07-15T12:15:19Z,88.4352,0.926754,0.912037,-0.014717,below_midpoint_feather
2026-07-15T12:15:29Z,88.3711,0.926933,0.947991,0.021059,below_midpoint_feather
2026-07-15T12:16:24Z,88.4352,0.954402,0.967542,0.013140,below_midpoint_feather
2026-07-15T12:16:31Z,88.5008,0.960281,0.945420,-0.014860,below_midpoint_feather
2026-07-15T12:17:02Z,88.4550,0.962449,0.990438,0.027990,below_midpoint_feather
2026-07-15T12:17:22Z,88.5512,0.975252,0.965780,-0.009472,below_midpoint_feather
2026-07-15T12:18:08Z,88.5451,0.986027,1.000000,0.013973,below_midpoint_feather
2026-07-15T12:18:51Z,88.6595,1.000000,0.988956,-0.011044,below_midpoint_feather
2026-07-15T12:19:15Z,88.7297,0.993727,0.979263,-0.014464,below_midpoint_feather
2026-07-15T12:19:21Z,88.6870,0.994308,0.998928,0.004620,below_midpoint_feather
2026-07-15T12:20:12Z,88.8121,0.998850,0.986279,-0.012571,below_midpoint_feather
2026-07-15T12:20:43Z,88.8212,0.994829,1.000000,0.005171,below_midpoint_feather
2026-07-15T12:21:33Z,88.9769,0.993853,0.977828,-0.016024,below_midpoint_feather
2026-07-15T12:21:57Z,88.9723,0.979726,0.990195,0.010469,below_midpoint_feather
2026-07-15T12:22:10Z,89.0089,0.974733,0.985237,0.010504,below_midpoint_feather
2026-07-15T12:22:27Z,89.0898,0.981669,0.970235,-0.011435,below_midpoint_feather
2026-07-15T12:23:11Z,89.1966,0.967691,0.960096,-0.007595,below_midpoint_feather
2026-07-15T12:23:18Z,89.1600,0.961076,0.970925,0.009850,below_midpoint_feather
2026-07-15T12:24:05Z,89.2683,0.955267,0.960114,0.004847,below_midpoint_feather
2026-07-15T12:24:37Z,89.4072,0.945452,0.941410,-0.004042,below_midpoint_feather
2026-07-15T12:25:05Z,89.4697,0.942207,0.936861,-0.005346,below_midpoint_feather
2026-07-15T12:25:13Z,89.4209,0.937873,0.945945,0.008073,below_midpoint_feather
2026-07-15T12:26:07Z,89.5155,0.934910,0.939281,0.004372,below_midpoint_feather
2026-07-15T12:26:23Z,89.5979,0.934218,0.930693,-0.003524,below_midpoint_feather
2026-07-15T12:27:14Z,89.6315,0.927107,0.931609,0.004502,below_midpoint_feather
2026-07-15T12:27:24Z,89.7230,0.929600,0.923921,-0.005679,below_midpoint_feather
2026-07-15T12:28:01Z,89.7002,0.923917,0.928004,0.004088,below_midpoint_feather
2026-07-15T12:28:52Z,89.8726,0.921825,0.919594,-0.002231,below_midpoint_feather
2026-07-15T12:29:13Z,89.8039,0.920610,0.923340,0.002731,below_midpoint_feather
2026-07-15T12:29:21Z,89.8924,0.921629,0.919711,-0.001918,below_midpoint_feather
2026-07-15T12:30:00Z,89.8955,0.919582,0.920348,0.000766,below_midpoint_feather
2026-07-15T12:30:52Z,90.0023,0.918964,0.916271,-0.002694,in_band
2026-07-15T12:31:00Z,90.0389,0.915447,0.913270,-0.002177,in_band
2026-07-15T12:31:18Z,89.9977,0.906429,0.906284,-0.000145,below_midpoint_feather
2026-07-15T12:32:12Z,90.0511,0.879794,0.879647,-0.000147,in_band
2026-07-15T12:32:43Z,90.1030,0.864814,0.864669,-0.000145,in_band
2026-07-15T12:33:02Z,90.1350,0.855752,0.855607,-0.000145,in_band
2026-07-15T12:33:59Z,90.2022,0.829105,0.828964,-0.000141,in_band
2026-07-15T12:34:00Z,90.2022,0.828645,0.828504,-0.000141,in_band
2026-07-15T12:34:59Z,90.2129,0.801935,0.801799,-0.000137,in_band
2026-07-15T12:35:05Z,90.2800,0.799268,0.799131,-0.000137,in_band
2026-07-15T12:35:59Z,90.2953,0.775649,0.775517,-0.000132,in_band
2026-07-15T12:36:00Z,90.2953,0.775218,0.775086,-0.000132,in_band
2026-07-15T12:36:59Z,90.3716,0.750222,0.750094,-0.000128,in_band
2026-07-15T12:37:00Z,90.3716,0.749805,0.749677,-0.000128,in_band
2026-07-15T12:37:59Z,90.4372,0.725627,0.725503,-0.000124,in_band
2026-07-15T12:38:05Z,90.4311,0.723213,0.723089,-0.000124,in_band
2026-07-15T12:38:59Z,90.4601,0.701839,0.701719,-0.000120,in_band
2026-07-15T12:39:02Z,90.4967,0.700670,0.700550,-0.000120,in_band
2026-07-15T12:39:59Z,90.5608,0.678830,0.678714,-0.000116,in_band
2026-07-15T12:40:05Z,90.5547,0.676571,0.676455,-0.000116,in_band
2026-07-15T12:40:51Z,90.5684,0.659499,0.659387,-0.000112,in_band
2026-07-15T12:41:00Z,90.6233,0.656210,0.656098,-0.000112,in_band
2026-07-15T12:41:52Z,90.6142,0.637524,0.637415,-0.000108,in_band
2026-07-15T12:42:07Z,90.6065,0.632234,0.632126,-0.000108,in_band
2026-07-15T12:42:53Z,90.6142,0.616281,0.616176,-0.000105,in_band
2026-07-15T12:43:00Z,90.6477,0.613889,0.613785,-0.000105,in_band
2026-07-15T12:43:54Z,90.6065,0.595746,0.595644,-0.000101,in_band
2026-07-15T12:44:01Z,90.6203,0.593434,0.593333,-0.000102,in_band
2026-07-15T12:44:55Z,90.6065,0.575895,0.575797,-0.000098,in_band
2026-07-15T12:45:01Z,90.5913,0.573979,0.573881,-0.000098,in_band
2026-07-15T12:45:56Z,90.5638,0.556705,0.556611,-0.000095,in_band
2026-07-15T12:46:01Z,90.5699,0.555162,0.555067,-0.000095,in_band
2026-07-15T12:46:57Z,90.5516,0.538155,0.538064,-0.000092,in_band
2026-07-15T12:47:00Z,90.5592,0.537260,0.537168,-0.000092,in_band
2026-07-15T12:47:58Z,90.6096,0.520223,0.520135,-0.000088,in_band
2026-07-15T12:48:05Z,90.5913,0.518205,0.518116,-0.000089,in_band
2026-07-15T12:48:59Z,90.6111,0.502889,0.502804,-0.000086,in_band
2026-07-15T12:49:00Z,90.6111,0.502610,0.502524,-0.000086,in_band
2026-07-15T12:49:59Z,90.6294,0.486403,0.486320,-0.000083,in_band
2026-07-15T12:50:04Z,90.6416,0.485054,0.484971,-0.000083,in_band
2026-07-15T12:50:59Z,90.6371,0.470457,0.470376,-0.000080,in_band
2026-07-15T12:51:04Z,90.6371,0.469152,0.469071,-0.000080,in_band
2026-07-15T12:51:59Z,90.6371,0.455033,0.454955,-0.000078,in_band
2026-07-15T12:52:01Z,90.6050,0.454528,0.454450,-0.000078,in_band
2026-07-15T12:52:59Z,90.6294,0.440115,0.440040,-0.000075,in_band
2026-07-15T12:53:00Z,90.6294,0.439871,0.439796,-0.000075,in_band
2026-07-15T12:53:59Z,90.6325,0.425687,0.425614,-0.000073,in_band
2026-07-15T12:54:00Z,90.6325,0.425450,0.425378,-0.000073,in_band
2026-07-15T12:54:59Z,90.5638,0.411731,0.411661,-0.000070,in_band
2026-07-15T12:55:00Z,90.5638,0.411502,0.411432,-0.000070,in_band
2026-07-15T12:55:59Z,90.5287,0.398233,0.398165,-0.000068,in_band
2026-07-15T12:56:00Z,90.5287,0.398012,0.397944,-0.000068,in_band
2026-07-15T12:56:59Z,90.4189,0.385177,0.385111,-0.000066,in_band
2026-07-15T12:57:00Z,90.4189,0.384963,0.384898,-0.000066,in_band
2026-07-15T12:57:59Z,90.3395,0.372550,0.372486,-0.000064,in_band
2026-07-15T12:58:00Z,90.3395,0.372343,0.372279,-0.000064,in_band
2026-07-15T12:58:59Z,90.3090,0.360336,0.360274,-0.000062,in_band
2026-07-15T12:59:00Z,90.3090,0.360136,0.360074,-0.000062,in_band
2026-07-15T12:59:59Z,90.2724,0.348523,0.348463,-0.000060,in_band
2026-07-15T13:00:01Z,90.2495,0.348136,0.348076,-0.000060,in_band
2026-07-15T13:00:59Z,90.1305,0.337097,0.337039,-0.000058,in_band
2026-07-15T13:01:05Z,90.1534,0.335975,0.335918,-0.000058,in_band
2026-07-15T13:01:59Z,90.0526,0.326046,0.325990,-0.000056,in_band
2026-07-15T13:02:01Z,90.0740,0.325684,0.325628,-0.000056,in_band
2026-07-15T13:02:54Z,89.9962,0.316937,0.317943,0.001006,below_midpoint_feather
2026-07-15T13:03:01Z,89.9611,0.316763,0.317451,0.000687,below_midpoint_feather
2026-07-15T13:03:54Z,89.9611,0.317333,0.316399,-0.000934,below_midpoint_feather
2026-07-15T13:04:46Z,89.9474,0.318083,0.316609,-0.001474,below_midpoint_feather
2026-07-15T13:04:50Z,89.8924,0.317638,0.317864,0.000227,below_midpoint_feather
2026-07-15T13:05:12Z,89.9199,0.318964,0.317159,-0.001805,below_midpoint_feather
2026-07-15T13:05:57Z,89.8512,0.318433,0.319506,0.001073,below_midpoint_feather
2026-07-15T13:06:04Z,89.9275,0.319599,0.317129,-0.002470,below_midpoint_feather
2026-07-15T13:06:11Z,89.8558,0.319116,0.319364,0.000248,below_midpoint_feather
2026-07-15T13:07:23Z,89.9062,0.317600,0.317893,0.000293,below_midpoint_feather
2026-07-15T13:07:28Z,89.9550,0.318165,0.316940,-0.001225,below_midpoint_feather
2026-07-15T13:08:27Z,89.9596,0.317340,0.316986,-0.000354,below_midpoint_feather
2026-07-15T13:08:52Z,90.0053,0.317431,0.315724,-0.001706,in_band
2026-07-15T13:09:11Z,90.0191,0.317356,0.314863,-0.002494,in_band
2026-07-15T13:09:31Z,89.9748,0.313858,0.312698,-0.001160,below_midpoint_feather
2026-07-15T13:10:09Z,90.0023,0.313523,0.310717,-0.002806,in_band
2026-07-15T13:10:39Z,89.9870,0.308345,0.306802,-0.001543,below_midpoint_feather
2026-07-15T13:11:08Z,89.9794,0.306470,0.304805,-0.001665,below_midpoint_feather
2026-07-15T13:11:52Z,89.9733,0.306771,0.303839,-0.002931,below_midpoint_feather
2026-07-15T13:12:06Z,89.9336,0.306378,0.304369,-0.002009,below_midpoint_feather
2026-07-15T13:12:57Z,89.9733,0.307050,0.303872,-0.003178,below_midpoint_feather
2026-07-15T13:13:11Z,89.9733,0.306836,0.303885,-0.002952,below_midpoint_feather
2026-07-15T13:13:16Z,89.9107,0.306744,0.304921,-0.001823,below_midpoint_feather
2026-07-15T13:14:16Z,89.9596,0.306414,0.304077,-0.002337,below_midpoint_feather
2026-07-15T13:14:37Z,90.0557,0.306442,0.303017,-0.003425,in_band
2026-07-15T13:15:02Z,90.0099,0.302381,0.299848,-0.002533,in_band
2026-07-15T13:15:56Z,89.9794,0.293611,0.293007,-0.000604,below_midpoint_feather
2026-07-15T13:16:15Z,89.9733,0.290856,0.290782,-0.000074,below_midpoint_feather
2026-07-15T13:16:57Z,90.0237,0.289890,0.288273,-0.001618,in_band
2026-07-15T13:17:00Z,90.0023,0.289407,0.287793,-0.001614,in_band
2026-07-15T13:17:59Z,90.0526,0.280077,0.279135,-0.000942,in_band
2026-07-15T13:18:00Z,90.0526,0.279922,0.278980,-0.000941,in_band
2026-07-15T13:18:59Z,90.0420,0.270896,0.269985,-0.000911,in_band
2026-07-15T13:19:00Z,90.0420,0.270746,0.269835,-0.000910,in_band
2026-07-15T13:19:59Z,90.1076,0.262015,0.261135,-0.000881,in_band
2026-07-15T13:20:00Z,90.1076,0.261870,0.260990,-0.000880,in_band
2026-07-15T13:20:59Z,90.1793,0.253426,0.252574,-0.000852,in_band
2026-07-15T13:21:00Z,90.1793,0.253285,0.252433,-0.000851,in_band
2026-07-15T13:21:59Z,90.2113,0.245117,0.244293,-0.000824,in_band
2026-07-15T13:22:00Z,90.2113,0.244981,0.244158,-0.000824,in_band
2026-07-15T13:22:59Z,90.2296,0.237082,0.236285,-0.000797,in_band
2026-07-15T13:23:00Z,90.2296,0.236950,0.236153,-0.000797,in_band
2026-07-15T13:23:59Z,90.2296,0.229309,0.228538,-0.000771,in_band
2026-07-15T13:24:00Z,90.2296,0.229182,0.228411,-0.000770,in_band
2026-07-15T13:24:59Z,90.2083,0.221791,0.221046,-0.000746,in_band
2026-07-15T13:25:00Z,90.2083,0.221668,0.220923,-0.000745,in_band
2026-07-15T13:25:59Z,90.1259,0.214520,0.213799,-0.000721,in_band
2026-07-15T13:26:00Z,90.1259,0.214401,0.213680,-0.000721,in_band
2026-07-15T13:26:59Z,90.0984,0.207487,0.206790,-0.000697,in_band
2026-07-15T13:27:00Z,90.0984,0.207372,0.206675,-0.000697,in_band
2026-07-15T13:27:59Z,89.9931,0.200685,0.200574,-0.000112,below_midpoint_feather
2026-07-15T13:28:22Z,89.9565,0.198578,0.199503,0.000925,below_midpoint_feather
2026-07-15T13:28:59Z,89.9519,0.199125,0.199123,-0.000001,below_midpoint_feather
2026-07-15T13:29:41Z,89.8970,0.201095,0.200342,-0.000753,below_midpoint_feather
2026-07-15T13:29:52Z,89.8222,0.201176,0.203352,0.002176,below_midpoint_feather
2026-07-15T13:30:01Z,89.7902,0.201382,0.205145,0.003763,below_midpoint_feather
2026-07-15T13:30:59Z,89.8100,0.205888,0.204378,-0.001509,below_midpoint_feather
2026-07-15T13:31:00Z,89.8100,0.207523,0.204389,-0.003134,below_midpoint_feather
2026-07-15T13:31:59Z,89.6620,0.211667,0.216299,0.004632,below_midpoint_feather
2026-07-15T13:32:00Z,89.6620,0.211063,0.216317,0.005254,below_midpoint_feather
2026-07-15T13:32:44Z,89.7047,0.216879,0.213465,-0.003414,below_midpoint_feather
2026-07-15T13:33:16Z,89.5979,0.220380,0.224994,0.004615,below_midpoint_feather
2026-07-15T13:33:56Z,89.6437,0.225823,0.221544,-0.004279,below_midpoint_feather
2026-07-15T13:34:14Z,89.6590,0.224538,0.220787,-0.003751,below_midpoint_feather
2026-07-15T13:34:21Z,89.5888,0.224841,0.228598,0.003757,below_midpoint_feather
2026-07-15T13:35:09Z,89.5308,0.231404,0.238059,0.006655,below_midpoint_feather
2026-07-15T13:35:49Z,89.5811,0.238068,0.233818,-0.004249,below_midpoint_feather
2026-07-15T13:36:28Z,89.5796,0.240972,0.236339,-0.004633,below_midpoint_feather
2026-07-15T13:36:39Z,89.5033,0.240865,0.246980,0.006115,below_midpoint_feather
2026-07-15T13:37:06Z,89.5613,0.247559,0.241042,-0.006517,below_midpoint_feather
2026-07-15T13:37:56Z,89.4835,0.249410,0.255171,0.005760,below_midpoint_feather
2026-07-15T13:38:30Z,89.5521,0.252994,0.248311,-0.004684,below_midpoint_feather
2026-07-15T13:38:36Z,89.4896,0.252393,0.257287,0.004893,below_midpoint_feather
2026-07-15T13:39:19Z,89.5628,0.255009,0.250679,-0.004330,below_midpoint_feather
2026-07-15T13:39:23Z,89.4881,0.252881,0.261071,0.008190,below_midpoint_feather
2026-07-15T13:40:31Z,89.5796,0.256626,0.253881,-0.002745,below_midpoint_feather
2026-07-15T13:40:52Z,89.5201,0.255624,0.262969,0.007345,below_midpoint_feather
2026-07-15T13:41:33Z,89.6071,0.257822,0.254933,-0.002889,below_midpoint_feather
2026-07-15T13:41:55Z,89.5201,0.259238,0.267144,0.007906,below_midpoint_feather
2026-07-15T13:42:18Z,89.5338,0.261990,0.266755,0.004764,below_midpoint_feather
2026-07-15T13:42:43Z,89.5857,0.266903,0.261888,-0.005016,below_midpoint_feather
2026-07-15T13:43:31Z,89.4972,0.269760,0.276664,0.006904,below_midpoint_feather
2026-07-15T13:43:59Z,89.5125,0.280426,0.276491,-0.003934,below_midpoint_feather
2026-07-15T13:44:17Z,89.4285,0.281776,0.290485,0.008710,below_midpoint_feather
2026-07-15T13:44:24Z,89.4743,0.287924,0.283892,-0.004032,below_midpoint_feather
2026-07-15T13:45:11Z,89.4347,0.296661,0.294132,-0.002529,below_midpoint_feather
2026-07-15T13:45:59Z,89.3690,0.302723,0.310140,0.007417,below_midpoint_feather
2026-07-15T13:46:35Z,89.3339,0.313311,0.320598,0.007287,below_midpoint_feather
2026-07-15T13:46:50Z,89.3645,0.322399,0.316712,-0.005687,below_midpoint_feather
2026-07-15T13:47:02Z,89.3660,0.325032,0.317913,-0.007119,below_midpoint_feather
2026-07-15T13:47:25Z,89.2775,0.327121,0.337960,0.010840,below_midpoint_feather
2026-07-15T13:48:20Z,89.2378,0.357741,0.354302,-0.003438,below_midpoint_feather
2026-07-15T13:48:30Z,89.1676,0.362429,0.371846,0.009417,below_midpoint_feather
2026-07-15T13:49:07Z,89.1814,0.382568,0.375273,-0.007295,below_midpoint_feather
2026-07-15T13:49:47Z,89.0822,0.392193,0.408003,0.015810,below_midpoint_feather
2026-07-15T13:50:55Z,89.0318,0.444851,0.438100,-0.006751,below_midpoint_feather
2026-07-15T13:50:59Z,88.9815,0.442934,0.453436,0.010502,below_midpoint_feather
2026-07-15T13:51:06Z,89.0318,0.452695,0.441180,-0.011514,below_midpoint_feather
2026-07-15T13:51:55Z,88.8746,0.480987,0.502900,0.021913,below_midpoint_feather
2026-07-15T13:52:08Z,88.9296,0.499855,0.490087,-0.009769,below_midpoint_feather
2026-07-15T13:52:55Z,88.7480,0.545348,0.567220,0.021872,below_midpoint_feather
2026-07-15T13:53:03Z,88.8258,0.560596,0.543564,-0.017033,below_midpoint_feather
2026-07-15T13:53:38Z,88.6732,0.590757,0.612935,0.022178,below_midpoint_feather
2026-07-15T13:54:15Z,88.6687,0.644620,0.632593,-0.012027,below_midpoint_feather
2026-07-15T13:54:57Z,88.5374,0.689191,0.707665,0.018475,below_midpoint_feather
2026-07-15T13:55:05Z,88.5878,0.706330,0.691770,-0.014560,below_midpoint_feather
2026-07-15T13:55:25Z,88.4581,0.730547,0.758193,0.027646,below_midpoint_feather
2026-07-15T13:56:33Z,88.3711,0.821832,0.842082,0.020250,below_midpoint_feather
2026-07-15T13:56:40Z,88.4138,0.838107,0.829104,-0.009002,below_midpoint_feather
2026-07-15T13:57:09Z,88.3131,0.872885,0.894624,0.021739,below_midpoint_feather
2026-07-15T13:57:33Z,88.3482,0.911305,0.899339,-0.011966,below_midpoint_feather
2026-07-15T13:58:01Z,88.3085,0.951560,0.940396,-0.011164,below_midpoint_feather
2026-07-15T13:58:05Z,88.2582,0.952483,0.965424,0.012941,below_midpoint_feather
2026-07-15T13:59:00Z,88.2521,1.000000,1.000000,0.000000,below_midpoint_feather
2026-07-15T14:00:00Z,88.2567,1.000000,1.000000,0.000000,below_midpoint_feather
2026-07-15T14:01:00Z,88.3085,1.000000,1.000000,0.000000,below_midpoint_feather
2026-07-15T14:02:00Z,88.3207,1.000000,1.000000,0.000000,below_midpoint_feather
2026-07-15T14:03:00Z,88.3268,1.000000,1.000000,0.000000,below_midpoint_feather
2026-07-15T14:04:00Z,88.4672,1.000000,1.000000,0.000000,below_midpoint_feather
2026-07-15T14:05:00Z,88.6091,1.000000,1.000000,0.000000,below_midpoint_feather
2026-07-15T14:06:00Z,88.6915,1.000000,1.000000,0.000000,below_midpoint_feather
2026-07-15T14:07:00Z,88.7785,1.000000,1.000000,0.000000,below_midpoint_feather
2026-07-15T14:08:00Z,88.9021,1.000000,1.000000,0.000000,below_midpoint_feather
2026-07-15T14:09:00Z,88.9158,1.000000,1.000000,0.000000,below_midpoint_feather
2026-07-15T14:10:00Z,88.9479,1.000000,1.000000,0.000000,below_midpoint_feather
2026-07-15T14:11:00Z,89.0455,1.000000,1.000000,0.000000,below_midpoint_feather
2026-07-15T14:12:00Z,89.1676,1.000000,1.000000,0.000000,below_midpoint_feather
2026-07-15T14:13:00Z,89.2409,1.000000,1.000000,0.000000,below_midpoint_feather
2026-07-15T14:14:00Z,89.3751,1.000000,1.000000,0.000000,below_midpoint_feather
2026-07-15T14:15:00Z,89.5201,1.000000,1.000000,0.000000,below_midpoint_feather
2026-07-15T14:16:00Z,89.6315,1.000000,1.000000,0.000000,below_midpoint_feather
2026-07-15T14:17:00Z,89.6986,1.000000,1.000000,0.000000,below_midpoint_feather
2026-07-15T14:18:00Z,89.7185,1.000000,1.000000,0.000000,below_midpoint_feather
2026-07-15T14:19:00Z,89.8192,1.000000,1.000000,0.000000,below_midpoint_feather
2026-07-15T14:20:00Z,89.8177,1.000000,1.000000,0.000000,below_midpoint_feather
2026-07-15T14:21:00Z,89.8680,1.000000,1.000000,0.000000,below_midpoint_feather
2026-07-15T14:22:00Z,89.8787,1.000000,1.000000,0.000000,below_midpoint_feather
2026-07-15T14:23:41Z,89.9886,0.999984,0.999777,-0.000207,below_midpoint_feather
2026-07-15T14:23:47Z,89.9519,0.999875,1.000000,0.000125,below_midpoint_feather
2026-07-15T14:24:04Z,89.9931,0.999829,0.999834,0.000005,below_midpoint_feather
2026-07-15T14:24:22Z,90.0160,0.999870,0.995437,-0.004433,in_band
2026-07-15T14:25:00Z,90.0298,0.979584,0.977955,-0.001629,in_band
2026-07-15T14:25:59Z,90.0694,0.948037,0.946460,-0.001577,in_band
2026-07-15T14:26:00Z,90.0694,0.947511,0.945935,-0.001577,in_band
2026-07-15T14:26:59Z,90.1427,0.916973,0.915447,-0.001526,in_band
2026-07-15T14:27:00Z,90.1427,0.916464,0.914939,-0.001525,in_band
2026-07-15T14:27:59Z,90.2068,0.886917,0.885441,-0.001476,in_band
2026-07-15T14:28:00Z,90.2068,0.886425,0.884949,-0.001476,in_band
2026-07-15T14:28:59Z,90.2083,0.857843,0.856415,-0.001428,in_band
2026-07-15T14:29:00Z,90.2083,0.857366,0.855939,-0.001427,in_band
2026-07-15T14:29:59Z,90.3395,0.829720,0.828339,-0.001381,in_band
2026-07-15T14:30:00Z,90.3395,0.829259,0.827879,-0.001380,in_band
2026-07-15T14:30:59Z,90.3670,0.802519,0.801183,-0.001336,in_band
2026-07-15T14:31:00Z,90.3670,0.802073,0.800738,-0.001335,in_band
2026-07-15T14:31:59Z,90.3899,0.776209,0.774917,-0.001292,in_band
2026-07-15T14:32:00Z,90.3899,0.775778,0.774487,-0.001291,in_band
2026-07-15T14:32:59Z,90.4326,0.750762,0.749512,-0.001249,in_band
2026-07-15T14:33:00Z,90.4326,0.750345,0.749096,-0.001249,in_band
2026-07-15T14:33:59Z,90.4875,0.726149,0.724941,-0.001209,in_band
2026-07-15T14:34:00Z,90.4875,0.725746,0.724538,-0.001208,in_band
2026-07-15T14:34:59Z,90.4463,0.702343,0.701174,-0.001169,in_band
2026-07-15T14:35:00Z,90.4463,0.701953,0.700785,-0.001168,in_band
2026-07-15T14:35:59Z,90.4631,0.679318,0.678187,-0.001131,in_band
2026-07-15T14:36:00Z,90.4631,0.678940,0.677810,-0.001130,in_band
2026-07-15T14:36:59Z,90.4601,0.657047,0.655953,-0.001094,in_band
2026-07-15T14:37:00Z,90.4601,0.656682,0.655589,-0.001093,in_band
2026-07-15T14:37:59Z,90.4921,0.635507,0.634449,-0.001058,in_band
2026-07-15T14:38:00Z,90.4921,0.635153,0.634096,-0.001057,in_band
2026-07-15T14:38:59Z,90.4677,0.614672,0.613649,-0.001023,in_band
2026-07-15T14:39:00Z,90.4677,0.614331,0.613308,-0.001022,in_band
2026-07-15T14:39:59Z,90.5226,0.594521,0.593531,-0.000989,in_band
2026-07-15T14:40:00Z,90.5226,0.594190,0.593201,-0.000989,in_band
2026-07-15T14:40:59Z,90.4997,0.575030,0.574073,-0.000957,in_band
2026-07-15T14:41:00Z,90.4997,0.574710,0.573754,-0.000957,in_band
2026-07-15T14:41:59Z,90.5180,0.556179,0.555252,-0.000926,in_band
2026-07-15T14:42:00Z,90.5180,0.555869,0.554944,-0.000925,in_band
2026-07-15T14:42:59Z,90.5135,0.537944,0.537049,-0.000895,in_band
2026-07-15T14:43:00Z,90.5135,0.537646,0.536751,-0.000895,in_band
2026-07-15T14:43:59Z,90.5699,0.520309,0.519443,-0.000866,in_band
2026-07-15T14:44:00Z,90.5699,0.520020,0.519154,-0.000865,in_band
2026-07-15T14:44:59Z,90.5699,0.503251,0.502413,-0.000838,in_band
2026-07-15T14:45:00Z,90.5699,0.502971,0.502134,-0.000837,in_band
2026-07-15T14:45:59Z,90.5684,0.486752,0.485942,-0.000810,in_band
2026-07-15T14:46:00Z,90.5684,0.486482,0.485672,-0.000810,in_band
2026-07-15T14:46:59Z,90.5547,0.470795,0.470011,-0.000784,in_band
2026-07-15T14:47:00Z,90.5547,0.470533,0.469750,-0.000783,in_band
2026-07-15T14:47:59Z,90.5684,0.455360,0.454602,-0.000758,in_band
2026-07-15T14:48:00Z,90.5684,0.455107,0.454350,-0.000757,in_band
2026-07-15T14:48:59Z,90.5547,0.440432,0.439699,-0.000733,in_band
2026-07-15T14:49:00Z,90.5547,0.440187,0.439454,-0.000733,in_band
2026-07-15T14:49:59Z,90.4829,0.425993,0.425284,-0.000709,in_band
2026-07-15T14:50:00Z,90.4829,0.425756,0.425047,-0.000709,in_band
2026-07-15T14:50:59Z,90.4906,0.412027,0.411341,-0.000686,in_band
2026-07-15T14:51:00Z,90.4906,0.411798,0.411113,-0.000685,in_band
2026-07-15T14:51:59Z,90.4646,0.398519,0.397856,-0.000663,in_band
2026-07-15T14:52:00Z,90.4646,0.398298,0.397635,-0.000663,in_band
2026-07-15T14:52:59Z,90.4372,0.385454,0.384813,-0.000642,in_band
2026-07-15T14:53:00Z,90.4372,0.385240,0.384599,-0.000641,in_band
2026-07-15T14:53:59Z,90.4448,0.372817,0.372197,-0.000620,in_band
2026-07-15T14:54:00Z,90.4448,0.372610,0.371990,-0.000620,in_band
2026-07-15T14:54:59Z,90.3944,0.360595,0.359995,-0.000600,in_band
2026-07-15T14:55:00Z,90.3944,0.360395,0.359795,-0.000600,in_band
2026-07-15T14:55:59Z,90.3502,0.348773,0.348193,-0.000580,in_band
2026-07-15T14:56:00Z,90.3502,0.348580,0.347999,-0.000580,in_band
2026-07-15T14:56:59Z,90.3777,0.337339,0.336778,-0.000561,in_band
2026-07-15T14:57:00Z,90.3777,0.337152,0.336591,-0.000561,in_band
2026-07-15T14:57:59Z,90.3716,0.326280,0.325737,-0.000543,in_band
2026-07-15T14:58:00Z,90.3716,0.326098,0.325556,-0.000542,in_band
2026-07-15T14:58:59Z,90.2953,0.315583,0.315058,-0.000525,in_band
2026-07-15T14:59:00Z,90.2953,0.315408,0.314883,-0.000525,in_band
2026-07-15T14:59:59Z,90.2800,0.305237,0.304729,-0.000508,in_band
2026-07-15T15:00:00Z,90.2800,0.305068,0.304560,-0.000508,in_band
2026-07-15T15:00:59Z,90.2068,0.295230,0.294739,-0.000491,in_band
2026-07-15T15:01:00Z,90.2068,0.295066,0.294575,-0.000491,in_band
2026-07-15T15:01:59Z,90.1976,0.285551,0.285076,-0.000475,in_band
2026-07-15T15:02:00Z,90.1976,0.285393,0.284918,-0.000475,in_band
2026-07-15T15:02:59Z,90.1717,0.276190,0.275730,-0.000460,in_band
2026-07-15T15:03:00Z,90.1717,0.276037,0.275577,-0.000459,in_band
2026-07-15T15:03:59Z,90.1396,0.267135,0.266691,-0.000445,in_band
2026-07-15T15:04:00Z,90.1396,0.266987,0.266543,-0.000444,in_band
2026-07-15T15:04:59Z,90.1167,0.258378,0.257948,-0.000430,in_band
2026-07-15T15:05:00Z,90.1167,0.258234,0.257804,-0.000430,in_band
2026-07-15T15:05:59Z,90.0603,0.249907,0.249491,-0.000416,in_band
2026-07-15T15:06:00Z,90.0603,0.249768,0.249352,-0.000416,in_band
2026-07-15T15:06:59Z,90.0374,0.241714,0.241312,-0.000402,in_band
2026-07-15T15:07:00Z,90.0374,0.241580,0.241178,-0.000402,in_band
2026-07-15T15:07:59Z,90.0511,0.233790,0.233401,-0.000389,in_band
2026-07-15T15:08:22Z,89.9748,0.231078,0.231554,0.000476,below_midpoint_feather
2026-07-15T15:08:50Z,89.9825,0.231118,0.230482,-0.000636,below_midpoint_feather
2026-07-15T15:09:45Z,89.9611,0.231807,0.230669,-0.001138,below_midpoint_feather
2026-07-15T15:09:55Z,89.8924,0.231625,0.232107,0.000482,below_midpoint_feather
2026-07-15T15:10:37Z,89.8497,0.232527,0.233727,0.001200,below_midpoint_feather
2026-07-15T15:10:51Z,89.9046,0.233522,0.231837,-0.001684,below_midpoint_feather
2026-07-15T15:11:08Z,89.9001,0.234705,0.232012,-0.002693,below_midpoint_feather
2026-07-15T15:11:51Z,89.7581,0.236248,0.239109,0.002861,below_midpoint_feather
2026-07-15T15:12:26Z,89.7398,0.238960,0.240709,0.001749,below_midpoint_feather
2026-07-15T15:12:28Z,89.7826,0.240215,0.237828,-0.002388,below_midpoint_feather
2026-07-15T15:13:28Z,89.6910,0.243296,0.245526,0.002231,below_midpoint_feather
2026-07-15T15:13:30Z,89.7353,0.244189,0.241953,-0.002236,below_midpoint_feather
2026-07-15T15:14:45Z,89.5705,0.253551,0.260090,0.006539,below_midpoint_feather
2026-07-15T15:14:49Z,89.6269,0.256836,0.253778,-0.003058,below_midpoint_feather
2026-07-15T15:15:08Z,89.5537,0.258023,0.263001,0.004978,below_midpoint_feather
2026-07-15T15:15:55Z,89.5537,0.270894,0.265122,-0.005772,below_midpoint_feather
2026-07-15T15:16:31Z,89.4377,0.276235,0.283887,0.007652,below_midpoint_feather
2026-07-15T15:16:35Z,89.4972,0.281295,0.275141,-0.006153,below_midpoint_feather
2026-07-15T15:17:10Z,89.3965,0.285550,0.293622,0.008072,below_midpoint_feather
2026-07-15T15:17:12Z,89.4469,0.291664,0.285506,-0.006158,below_midpoint_feather
2026-07-15T15:18:18Z,89.3751,0.314363,0.304085,-0.010278,below_midpoint_feather
2026-07-15T15:18:53Z,89.2226,0.328859,0.338953,0.010094,below_midpoint_feather
2026-07-15T15:19:35Z,89.2226,0.352562,0.345373,-0.007189,below_midpoint_feather
2026-07-15T15:19:57Z,89.1325,0.362830,0.370305,0.007475,below_midpoint_feather
2026-07-15T15:20:05Z,89.1875,0.366133,0.358678,-0.007455,below_midpoint_feather
2026-07-15T15:20:47Z,89.0822,0.384045,0.393169,0.009124,below_midpoint_feather
2026-07-15T15:21:04Z,89.0944,0.398017,0.393807,-0.004209,below_midpoint_feather
2026-07-15T15:21:18Z,89.0486,0.395754,0.409185,0.013431,below_midpoint_feather
2026-07-15T15:22:29Z,88.9891,0.435925,0.444491,0.008565,below_midpoint_feather
2026-07-15T15:22:58Z,89.0074,0.457986,0.447870,-0.010116,below_midpoint_feather
2026-07-15T15:23:21Z,88.9906,0.470108,0.459872,-0.010236,below_midpoint_feather
2026-07-15T15:23:40Z,88.9036,0.476288,0.492123,0.015835,below_midpoint_feather
2026-07-15T15:24:31Z,88.8579,0.512112,0.524423,0.012310,below_midpoint_feather
2026-07-15T15:24:50Z,88.8945,0.528356,0.519778,-0.008578,below_midpoint_feather
2026-07-15T15:25:05Z,88.8762,0.540031,0.531345,-0.008687,below_midpoint_feather
2026-07-15T15:25:43Z,88.7846,0.564489,0.577240,0.012751,below_midpoint_feather
2026-07-15T15:26:19Z,88.7465,0.590463,0.606308,0.015845,below_midpoint_feather
2026-07-15T15:26:29Z,88.7892,0.605065,0.595868,-0.009197,below_midpoint_feather
2026-07-15T15:27:16Z,88.7526,0.642120,0.631057,-0.011063,below_midpoint_feather
2026-07-15T15:27:27Z,88.6931,0.647584,0.658154,0.010570,below_midpoint_feather
2026-07-15T15:28:41Z,88.6748,0.720829,0.704485,-0.016344,below_midpoint_feather
2026-07-15T15:28:51Z,88.6107,0.719992,0.734914,0.014922,below_midpoint_feather
2026-07-15T15:29:31Z,88.5588,0.759544,0.779317,0.019773,below_midpoint_feather
2026-07-15T15:29:55Z,88.6137,0.782734,0.771934,-0.010800,below_midpoint_feather
2026-07-15T15:30:23Z,88.5374,0.802167,0.820477,0.018309,below_midpoint_feather
2026-07-15T15:30:39Z,88.6046,0.814287,0.803497,-0.010790,below_midpoint_feather
2026-07-15T15:31:23Z,88.5313,0.845602,0.862230,0.016628,below_midpoint_feather
2026-07-15T15:31:57Z,88.5740,0.875234,0.867447,-0.007787,below_midpoint_feather
2026-07-15T15:32:40Z,88.5969,0.901279,0.887461,-0.013818,below_midpoint_feather
2026-07-15T15:32:57Z,88.5176,0.905449,0.931643,0.026194,below_midpoint_feather
2026-07-15T15:33:16Z,88.5832,0.932854,0.917639,-0.015216,below_midpoint_feather
2026-07-15T15:33:50Z,88.5176,0.948842,0.968229,0.019387,below_midpoint_feather
2026-07-15T15:34:12Z,88.5237,0.962894,0.980958,0.018064,below_midpoint_feather
2026-07-15T15:34:27Z,88.5969,0.971438,0.961390,-0.010048,below_midpoint_feather
2026-07-15T15:35:03Z,88.6107,0.986996,0.980747,-0.006249,below_midpoint_feather
2026-07-15T15:35:05Z,88.5634,0.988360,1.000000,0.011640,below_midpoint_feather
2026-07-15T15:36:00Z,88.5557,1.000000,1.000000,0.000000,below_midpoint_feather
2026-07-15T15:37:00Z,88.4550,1.000000,1.000000,0.000000,below_midpoint_feather
2026-07-15T15:38:00Z,88.3299,1.000000,1.000000,0.000000,below_midpoint_feather
2026-07-15T15:39:00Z,88.2353,1.000000,1.000000,0.000000,below_midpoint_feather
2026-07-15T15:40:00Z,88.2109,1.000000,1.000000,0.000000,below_midpoint_feather
2026-07-15T15:41:00Z,88.1285,1.000000,1.000000,0.000000,below_midpoint_feather
2026-07-15T15:42:00Z,88.1529,1.000000,1.000000,0.000000,below_midpoint_feather
2026-07-15T15:43:00Z,88.1666,1.000000,1.000000,0.000000,below_midpoint_feather
2026-07-15T15:44:00Z,88.1758,1.000000,1.000000,0.000000,below_midpoint_feather
2026-07-15T15:45:00Z,88.2246,1.000000,1.000000,0.000000,below_midpoint_feather
2026-07-15T15:46:00Z,88.2704,1.000000,1.000000,0.000000,below_midpoint_feather
2026-07-15T15:47:00Z,88.2948,1.000000,1.000000,0.000000,below_midpoint_feather
2026-07-15T15:48:00Z,88.3131,1.000000,1.000000,0.000000,below_midpoint_feather
2026-07-15T15:49:00Z,88.2612,1.000000,1.000000,0.000000,below_midpoint_feather
2026-07-15T15:50:00Z,88.2811,1.000000,1.000000,0.000000,below_midpoint_feather
2026-07-15T15:51:00Z,88.2933,1.000000,1.000000,0.000000,below_midpoint_feather
2026-07-15T15:52:00Z,88.2521,1.000000,1.000000,0.000000,below_midpoint_feather
2026-07-15T15:53:00Z,88.2948,1.000000,1.000000,0.000000,below_midpoint_feather
2026-07-15T15:54:00Z,88.2902,1.000000,1.000000,0.000000,below_midpoint_feather
2026-07-15T15:55:00Z,88.2887,1.000000,1.000000,0.000000,below_midpoint_feather
2026-07-15T15:56:00Z,88.3436,1.000000,1.000000,0.000000,below_midpoint_feather
2026-07-15T15:57:00Z,88.4825,1.000000,1.000000,0.000000,below_midpoint_feather
2026-07-15T15:58:00Z,88.7053,1.000000,1.000000,0.000000,below_midpoint_feather
2026-07-15T15:59:00Z,88.9296,1.000000,1.000000,0.000000,below_midpoint_feather
2026-07-15T16:00:00Z,89.0593,1.000000,1.000000,0.000000,below_midpoint_feather
2026-07-15T16:01:00Z,89.2744,1.000000,1.000000,0.000000,below_midpoint_feather
2026-07-15T16:02:00Z,89.4347,1.000000,1.000000,0.000000,below_midpoint_feather
2026-07-15T16:03:00Z,89.5888,1.000000,1.000000,0.000000,below_midpoint_feather
2026-07-15T16:04:00Z,89.7185,1.000000,1.000000,0.000000,below_midpoint_feather
2026-07-15T16:05:00Z,89.7902,1.000000,1.000000,0.000000,below_midpoint_feather
2026-07-15T16:06:00Z,89.7353,1.000000,1.000000,0.000000,below_midpoint_feather
2026-07-15T16:07:00Z,89.7917,1.000000,1.000000,0.000000,below_midpoint_feather
2026-07-15T16:08:00Z,89.7902,1.000000,1.000000,0.000000,below_midpoint_feather
2026-07-15T16:09:00Z,89.8466,1.000000,1.000000,0.000000,below_midpoint_feather
2026-07-15T16:10:00Z,89.8421,1.000000,1.000000,0.000000,below_midpoint_feather
2026-07-15T16:11:00Z,89.8680,1.000000,1.000000,0.000000,below_midpoint_feather
2026-07-15T16:12:00Z,89.8558,1.000000,1.000000,0.000000,below_midpoint_feather
2026-07-15T16:13:00Z,89.8466,1.000000,1.000000,0.000000,below_midpoint_feather
2026-07-15T16:14:00Z,89.7993,1.000000,1.000000,0.000000,below_midpoint_feather
2026-07-15T16:15:00Z,89.6986,1.000000,1.000000,0.000000,below_midpoint_feather
2026-07-15T16:16:00Z,89.7002,1.000000,1.000000,0.000000,below_midpoint_feather
2026-07-15T16:17:00Z,89.7307,1.000000,1.000000,0.000000,below_midpoint_feather
2026-07-15T16:18:00Z,89.8314,1.000000,1.000000,0.000000,below_midpoint_feather
2026-07-15T16:19:22Z,89.9275,0.999859,1.000000,0.000141,below_midpoint_feather
2026-07-15T16:19:57Z,90.0191,0.999685,0.996916,-0.002769,in_band
2026-07-15T16:20:00Z,90.0099,0.998033,0.995270,-0.002762,in_band
2026-07-15T16:20:59Z,90.0694,0.966028,0.963351,-0.002677,in_band
2026-07-15T16:21:00Z,90.0694,0.965493,0.962818,-0.002675,in_band
2026-07-15T16:21:59Z,90.0740,0.934426,0.931835,-0.002591,in_band
2026-07-15T16:22:00Z,90.0740,0.933908,0.931318,-0.002589,in_band
2026-07-15T16:22:59Z,90.1213,0.903817,0.901311,-0.002507,in_band
2026-07-15T16:23:00Z,90.1213,0.903315,0.900811,-0.002505,in_band
2026-07-15T16:23:59Z,90.2312,0.874196,0.871772,-0.002424,in_band
2026-07-15T16:24:00Z,90.2312,0.873710,0.871287,-0.002423,in_band
2026-07-15T16:24:59Z,90.3029,0.845540,0.843195,-0.002345,in_band
2026-07-15T16:25:00Z,90.3029,0.845070,0.842727,-0.002343,in_band
2026-07-15T16:25:59Z,90.4036,0.817821,0.815553,-0.002268,in_band
2026-07-15T16:26:00Z,90.4036,0.817367,0.815100,-0.002267,in_band
2026-07-15T16:26:59Z,90.5272,0.791010,0.788816,-0.002193,in_band
2026-07-15T16:27:00Z,90.5272,0.790571,0.788378,-0.002192,in_band
2026-07-15T16:27:59Z,90.5241,0.765078,0.762956,-0.002122,in_band
2026-07-15T16:28:00Z,90.5241,0.764653,0.762532,-0.002121,in_band
2026-07-15T16:28:59Z,90.5516,0.739996,0.737943,-0.002053,in_band
2026-07-15T16:29:00Z,90.5516,0.739585,0.737534,-0.002051,in_band
2026-07-15T16:29:59Z,90.6096,0.715736,0.713751,-0.001985,in_band
2026-07-15T16:30:00Z,90.6096,0.715338,0.713354,-0.001984,in_band
2026-07-15T16:30:59Z,90.6935,0.692271,0.690351,-0.001920,in_band
2026-07-15T16:31:00Z,90.6935,0.691886,0.689968,-0.001919,in_band
2026-07-15T16:31:59Z,90.6340,0.669576,0.667719,-0.001857,in_band
2026-07-15T16:32:00Z,90.6340,0.669204,0.667348,-0.001856,in_band
2026-07-15T16:32:59Z,90.5516,0.647625,0.645828,-0.001796,in_band
2026-07-15T16:33:00Z,90.5516,0.647265,0.645470,-0.001795,in_band
2026-07-15T16:33:59Z,90.3822,0.626393,0.624656,-0.001737,in_band
2026-07-15T16:34:00Z,90.3822,0.626045,0.624309,-0.001736,in_band
2026-07-15T16:34:59Z,90.1015,0.605857,0.604177,-0.001680,in_band
2026-07-15T16:35:00Z,90.1015,0.605521,0.603841,-0.001679,in_band
2026-07-15T16:35:59Z,89.7459,0.605992,0.607694,0.001702,below_midpoint_feather
2026-07-15T16:36:51Z,89.4163,0.636346,0.647600,0.011254,below_midpoint_feather
2026-07-15T16:36:56Z,89.4392,0.647561,0.644030,-0.003532,below_midpoint_feather
2026-07-15T16:37:51Z,89.1051,0.704899,0.717019,0.012120,below_midpoint_feather
2026-07-15T16:37:56Z,89.1218,0.717908,0.713369,-0.004539,below_midpoint_feather
2026-07-15T16:38:44Z,88.7800,0.805379,0.824077,0.018699,below_midpoint_feather
2026-07-15T16:38:46Z,88.8396,0.807387,0.804443,-0.002944,below_midpoint_feather
2026-07-15T16:39:36Z,88.5817,0.891458,0.916147,0.024689,below_midpoint_feather
2026-07-15T16:39:50Z,88.5817,0.929139,0.922450,-0.006689,below_midpoint_feather
2026-07-15T16:40:03Z,88.4962,0.948689,0.964397,0.015708,below_midpoint_feather
2026-07-15T16:40:25Z,88.4550,1.000000,0.994160,-0.005840,below_midpoint_feather
2026-07-15T16:41:00Z,88.3665,1.000000,1.000000,0.000000,below_midpoint_feather
2026-07-15T16:42:00Z,88.1880,1.000000,1.000000,0.000000,below_midpoint_feather
2026-07-15T16:43:00Z,88.0293,1.000000,1.000000,0.000000,below_midpoint_feather
2026-07-15T16:44:00Z,87.8996,1.000000,1.000000,0.000000,below_midpoint_feather
2026-07-15T16:45:00Z,87.8996,1.000000,1.000000,0.000000,below_midpoint_feather
2026-07-15T16:46:00Z,87.7867,1.000000,1.000000,0.000000,below_midpoint_feather
2026-07-15T16:47:00Z,87.6860,1.000000,1.000000,0.000000,below_midpoint_feather
2026-07-15T16:48:00Z,87.5105,1.000000,1.000000,0.000000,below_midpoint_feather
2026-07-15T16:49:00Z,87.3320,1.000000,1.000000,0.000000,below_midpoint_feather
2026-07-15T16:50:00Z,87.1855,1.000000,1.000000,0.000000,below_midpoint_feather
2026-07-15T16:51:00Z,87.2648,1.000000,1.000000,0.000000,below_midpoint_feather
2026-07-15T16:52:00Z,87.5013,1.000000,1.000000,0.000000,below_midpoint_feather
2026-07-15T16:53:00Z,87.7134,1.000000,1.000000,0.000000,below_midpoint_feather
2026-07-15T16:54:00Z,87.8813,1.000000,1.000000,0.000000,below_midpoint_feather
2026-07-15T16:55:00Z,88.0598,1.000000,1.000000,0.000000,below_midpoint_feather
2026-07-15T16:56:00Z,88.0827,1.000000,1.000000,0.000000,below_midpoint_feather
2026-07-15T16:57:00Z,88.1254,1.000000,1.000000,0.000000,below_midpoint_feather
2026-07-15T16:58:00Z,88.1941,1.000000,1.000000,0.000000,below_midpoint_feather
2026-07-15T16:59:00Z,88.2994,1.000000,1.000000,0.000000,below_midpoint_feather
2026-07-15T17:00:00Z,88.3162,1.000000,1.000000,0.000000,below_midpoint_feather
2026-07-15T17:01:00Z,88.2765,1.000000,1.000000,0.000000,below_midpoint_feather
2026-07-15T17:02:00Z,88.1056,1.000000,1.000000,0.000000,below_midpoint_feather
2026-07-15T17:03:00Z,87.9515,1.000000,1.000000,0.000000,below_midpoint_feather
2026-07-15T17:04:00Z,87.8187,1.000000,1.000000,0.000000,below_midpoint_feather
2026-07-15T17:05:00Z,87.6112,1.000000,1.000000,0.000000,below_midpoint_feather
2026-07-15T17:06:00Z,87.3655,1.000000,1.000000,0.000000,below_midpoint_feather
2026-07-15T17:07:00Z,87.2633,1.000000,1.000000,0.000000,below_midpoint_feather
2026-07-15T17:08:00Z,87.0680,1.000000,1.000000,0.000000,below_midpoint_feather
2026-07-15T17:09:00Z,86.9154,1.000000,1.000000,0.000000,below_midpoint_feather
2026-07-15T17:10:00Z,86.8345,1.000000,1.000000,0.000000,below_midpoint_feather
2026-07-15T17:11:00Z,86.8116,1.000000,1.000000,0.000000,below_midpoint_feather
2026-07-15T17:12:00Z,86.8238,1.000000,1.000000,0.000000,below_midpoint_feather
2026-07-15T17:13:00Z,86.8437,1.000000,1.000000,0.000000,below_midpoint_feather
2026-07-15T17:14:00Z,86.8894,1.000000,1.000000,0.000000,below_midpoint_feather
2026-07-15T17:15:00Z,87.0802,1.000000,1.000000,0.000000,below_midpoint_feather
2026-07-15T17:16:00Z,87.1138,1.000000,1.000000,0.000000,below_midpoint_feather
2026-07-15T17:17:00Z,87.1946,1.000000,1.000000,0.000000,below_midpoint_feather
2026-07-15T17:18:00Z,87.2267,1.000000,1.000000,0.000000,below_midpoint_feather
2026-07-15T17:19:00Z,87.2404,1.000000,1.000000,0.000000,below_midpoint_feather
2026-07-15T17:20:00Z,87.3136,1.000000,1.000000,0.000000,below_midpoint_feather
2026-07-15T17:21:00Z,87.4098,1.000000,1.000000,0.000000,below_midpoint_feather
2026-07-15T17:22:00Z,87.4372,1.000000,1.000000,0.000000,below_midpoint_feather
2026-07-15T17:23:00Z,87.5929,1.000000,1.000000,0.000000,below_midpoint_feather
2026-07-15T17:24:00Z,87.6204,1.000000,1.000000,0.000000,below_midpoint_feather
2026-07-15T17:25:00Z,87.7897,1.000000,1.000000,0.000000,below_midpoint_feather
2026-07-15T17:26:00Z,87.8553,1.000000,1.000000,0.000000,below_midpoint_feather
2026-07-15T17:27:00Z,88.0140,1.000000,1.000000,0.000000,below_midpoint_feather
2026-07-15T17:28:00Z,88.2399,1.000000,1.000000,0.000000,below_midpoint_feather
2026-07-15T17:29:00Z,88.5054,1.000000,1.000000,0.000000,below_midpoint_feather
2026-07-15T17:30:00Z,88.7251,1.000000,1.000000,0.000000,below_midpoint_feather
2026-07-15T17:31:00Z,88.9067,1.000000,1.000000,0.000000,below_midpoint_feather
2026-07-15T17:32:00Z,89.0593,1.000000,1.000000,0.000000,below_midpoint_feather
2026-07-15T17:33:00Z,89.2729,1.000000,1.000000,0.000000,below_midpoint_feather
2026-07-15T17:34:00Z,89.3797,1.000000,1.000000,0.000000,below_midpoint_feather
2026-07-15T17:35:00Z,89.5567,1.000000,1.000000,0.000000,below_midpoint_feather
2026-07-15T17:36:00Z,89.7169,1.000000,1.000000,0.000000,below_midpoint_feather
2026-07-15T17:36:51Z,89.8634,1.000000,0.999891,-0.000109,below_midpoint_feather
2026-07-15T17:37:25Z,89.9413,0.999498,0.998765,-0.000733,below_midpoint_feather
2026-07-15T17:37:28Z,89.8924,0.999455,0.999994,0.000540,below_midpoint_feather
2026-07-15T17:38:05Z,89.9779,0.999049,0.999150,0.000101,below_midpoint_feather
2026-07-15T17:38:10Z,90.0343,0.999125,0.996934,-0.002191,in_band
2026-07-15T17:39:03Z,90.0618,0.973318,0.972793,-0.000525,in_band
2026-07-15T17:39:58Z,90.1061,0.944236,0.943718,-0.000518,in_band
2026-07-15T17:40:00Z,90.1488,0.943192,0.942675,-0.000517,in_band
2026-07-15T17:40:59Z,90.2480,0.912862,0.912358,-0.000504,in_band
2026-07-15T17:41:00Z,90.2480,0.912356,0.911852,-0.000504,in_band
2026-07-15T17:41:59Z,90.3593,0.882968,0.882478,-0.000489,in_band
2026-07-15T17:42:00Z,90.3593,0.882477,0.881989,-0.000489,in_band
2026-07-15T17:42:59Z,90.3960,0.854032,0.853559,-0.000473,in_band
2026-07-15T17:43:00Z,90.3960,0.853558,0.853085,-0.000473,in_band
2026-07-15T17:43:59Z,90.4540,0.826038,0.825580,-0.000458,in_band
2026-07-15T17:44:00Z,90.4540,0.825579,0.825122,-0.000458,in_band
2026-07-15T17:44:59Z,90.4463,0.798959,0.798516,-0.000443,in_band
2026-07-15T17:45:00Z,90.4463,0.798515,0.798072,-0.000443,in_band
2026-07-15T17:45:58Z,90.4768,0.773196,0.772767,-0.000429,in_band
2026-07-15T17:46:00Z,90.4631,0.772337,0.771909,-0.000428,in_band
2026-07-15T17:46:59Z,90.5089,0.747433,0.747018,-0.000415,in_band
2026-07-15T17:47:00Z,90.5089,0.747017,0.746603,-0.000414,in_band
2026-07-15T17:47:58Z,90.4952,0.723331,0.722929,-0.000401,in_band
2026-07-15T17:48:01Z,90.5058,0.722126,0.721726,-0.000401,in_band
2026-07-15T17:48:59Z,90.5241,0.699228,0.698841,-0.000388,in_band
2026-07-15T17:49:00Z,90.5241,0.698840,0.698452,-0.000388,in_band
2026-07-15T17:49:59Z,90.5104,0.676305,0.675930,-0.000375,in_band
2026-07-15T17:50:00Z,90.5104,0.675929,0.675555,-0.000375,in_band
2026-07-15T17:50:59Z,90.5272,0.654133,0.653770,-0.000363,in_band
2026-07-15T17:51:00Z,90.5272,0.653770,0.653407,-0.000363,in_band
2026-07-15T17:51:59Z,90.5837,0.632688,0.632337,-0.000351,in_band
2026-07-15T17:52:00Z,90.5837,0.632337,0.631986,-0.000351,in_band
2026-07-15T17:52:59Z,90.6615,0.611946,0.611607,-0.000339,in_band
2026-07-15T17:53:00Z,90.6615,0.611606,0.611267,-0.000339,in_band
2026-07-15T17:53:59Z,90.6844,0.591884,0.591556,-0.000328,in_band
2026-07-15T17:54:00Z,90.6844,0.591555,0.591227,-0.000328,in_band
2026-07-15T17:54:59Z,90.6752,0.572480,0.572162,-0.000318,in_band
2026-07-15T17:55:00Z,90.6752,0.572162,0.571845,-0.000317,in_band
2026-07-15T17:55:59Z,90.7103,0.553712,0.553405,-0.000307,in_band
2026-07-15T17:56:00Z,90.7103,0.553405,0.553097,-0.000307,in_band
2026-07-15T17:56:59Z,90.8019,0.535559,0.535262,-0.000297,in_band
2026-07-15T17:57:00Z,90.8019,0.535261,0.534965,-0.000297,in_band
2026-07-15T17:57:59Z,90.8659,0.518001,0.517714,-0.000287,in_band
2026-07-15T17:58:00Z,90.8659,0.517714,0.517426,-0.000287,in_band
2026-07-15T17:58:59Z,90.9529,0.501019,0.500741,-0.000278,in_band
2026-07-15T17:59:00Z,90.9529,0.500741,0.500463,-0.000278,in_band
2026-07-15T17:59:58Z,91.0002,0.484863,0.484594,-0.000269,in_band
2026-07-15T18:00:00Z,90.9667,0.484325,0.484056,-0.000269,in_band
2026-07-15T18:00:59Z,91.0872,0.468707,0.468447,-0.000260,in_band
2026-07-15T18:01:00Z,91.0872,0.468447,0.468187,-0.000260,in_band
2026-07-15T18:01:59Z,91.1086,0.453341,0.453089,-0.000251,in_band
2026-07-15T18:02:02Z,91.0872,0.452586,0.452335,-0.000251,in_band
2026-07-15T18:02:59Z,91.1971,0.438479,0.438235,-0.000243,in_band
2026-07-15T18:03:00Z,91.1971,0.438235,0.437992,-0.000243,in_band
2026-07-15T18:03:59Z,91.2139,0.424103,0.423868,-0.000235,in_band
2026-07-15T18:04:02Z,91.2047,0.423398,0.423162,-0.000235,in_band
2026-07-15T18:04:59Z,91.2840,0.410200,0.409972,-0.000228,in_band
2026-07-15T18:05:00Z,91.2840,0.409972,0.409745,-0.000227,in_band
2026-07-15T18:05:59Z,91.3069,0.396752,0.396532,-0.000220,in_band
2026-07-15T18:06:02Z,91.3252,0.396091,0.395871,-0.000220,in_band
2026-07-15T18:06:59Z,91.3985,0.383745,0.383532,-0.000213,in_band
2026-07-15T18:07:00Z,91.3985,0.383532,0.383319,-0.000213,in_band
2026-07-15T18:07:59Z,91.4397,0.371164,0.370958,-0.000206,in_band
2026-07-15T18:08:47Z,91.5160,0.361397,0.354980,-0.006417,above_band_high
2026-07-15T18:08:50Z,91.5038,0.359385,0.360189,0.000804,above_band_high
2026-07-15T18:10:39Z,91.5160,0.337028,0.349394,0.012366,above_band_high
2026-07-15T18:10:51Z,91.5846,0.336149,0.319855,-0.016294,above_band_high
2026-07-15T18:11:18Z,91.6075,0.331523,0.309307,-0.022216,above_band_high
2026-07-15T18:11:25Z,91.5251,0.324114,0.344195,0.020081,above_band_high
2026-07-15T18:12:08Z,91.5450,0.322082,0.333652,0.011570,above_band_high
2026-07-15T18:12:53Z,91.6533,0.303707,0.284597,-0.019111,above_band_high
2026-07-15T18:13:22Z,91.6625,0.290908,0.278211,-0.012696,above_band_high
2026-07-15T18:13:34Z,91.5892,0.289765,0.308261,0.018496,above_band_high
2026-07-15T18:14:10Z,91.6136,0.274845,0.293915,0.019070,above_band_high
2026-07-15T18:14:13Z,91.7098,0.274502,0.252555,-0.021948,above_band_high
2026-07-15T18:15:22Z,91.7052,0.229416,0.244387,0.014971,above_band_high
2026-07-15T18:15:24Z,91.7815,0.229063,0.211483,-0.017581,above_band_high
2026-07-15T18:16:25Z,91.8135,0.210137,0.185263,-0.024874,above_band_high
2026-07-15T18:16:46Z,91.7693,0.176671,0.199268,0.022596,above_band_high
2026-07-15T18:17:22Z,91.8105,0.158993,0.172371,0.013378,above_band_high
2026-07-15T18:17:37Z,91.8608,0.167187,0.146671,-0.020516,above_band_high
2026-07-15T18:18:05Z,91.9020,0.144675,0.120799,-0.023876,above_band_high
2026-07-15T18:18:46Z,91.8837,0.102915,0.115358,0.012443,above_band_high
2026-07-15T18:19:33Z,91.9478,0.091898,0.070995,-0.020903,above_band_high
2026-07-15T18:19:38Z,91.8914,0.081530,0.093164,0.011634,above_band_high
2026-07-15T18:20:16Z,91.9203,0.049643,0.065704,0.016060,above_band_high
2026-07-15T18:20:33Z,91.9844,0.048460,0.031275,-0.017185,above_band_high
2026-07-15T18:21:01Z,91.9661,0.014320,0.027012,0.012691,above_band_high
2026-07-15T18:21:15Z,92.0073,0.013936,0.003160,-0.010776,above_band_high
2026-07-15T18:22:00Z,91.9966,0.000000,0.000000,0.000000,above_band_high
2026-07-15T18:23:00Z,92.0577,0.000000,0.000000,0.000000,above_band_high
2026-07-15T18:24:00Z,92.0989,0.000000,0.000000,0.000000,above_band_high
2026-07-15T18:25:00Z,92.0989,0.000000,0.000000,0.000000,above_band_high
2026-07-15T18:26:00Z,92.1035,0.000000,0.000000,0.000000,above_band_high
2026-07-15T18:27:00Z,92.0989,0.000000,0.000000,0.000000,above_band_high
2026-07-15T18:28:00Z,92.1798,0.000000,0.000000,0.000000,above_band_high
2026-07-15T18:29:00Z,92.2774,0.000000,0.000000,0.000000,above_band_high
2026-07-15T18:30:00Z,92.3003,0.000000,0.000000,0.000000,above_band_high
2026-07-15T18:31:00Z,92.3079,0.000000,0.000000,0.000000,above_band_high
2026-07-15T18:32:00Z,92.3323,0.000000,0.000000,0.000000,above_band_high
2026-07-15T18:33:00Z,92.3537,0.000000,0.000000,0.000000,above_band_high
2026-07-15T18:34:00Z,92.3629,0.000000,0.000000,0.000000,above_band_high
2026-07-15T18:35:00Z,92.3461,0.000000,0.000000,0.000000,above_band_high
2026-07-15T18:36:00Z,92.3583,0.000000,0.000000,0.000000,above_band_high
2026-07-15T18:37:00Z,92.3827,0.000000,0.000000,0.000000,above_band_high
2026-07-15T18:38:00Z,92.3903,0.000000,0.000000,0.000000,above_band_high
2026-07-15T18:39:00Z,92.3903,0.000000,0.000000,0.000000,above_band_high
2026-07-15T18:40:00Z,92.3964,0.000000,0.000000,0.000000,above_band_high
2026-07-15T18:41:00Z,92.3720,0.000000,0.000000,0.000000,above_band_high
2026-07-15T18:42:00Z,92.3537,0.000000,0.000000,0.000000,above_band_high
2026-07-15T18:43:00Z,92.3095,0.000000,0.000000,0.000000,above_band_high
2026-07-15T18:44:00Z,92.3461,0.000000,0.000000,0.000000,above_band_high
2026-07-15T18:45:00Z,92.2988,0.000000,0.000000,0.000000,above_band_high
2026-07-15T18:46:00Z,92.3217,0.000000,0.000000,0.000000,above_band_high
2026-07-15T18:47:00Z,92.2896,0.000000,0.000000,0.000000,above_band_high
2026-07-15T18:48:00Z,92.2545,0.000000,0.000000,0.000000,above_band_high
2026-07-15T18:49:00Z,92.2301,0.000000,0.000000,0.000000,above_band_high
2026-07-15T18:50:00Z,92.2210,0.000000,0.000000,0.000000,above_band_high
2026-07-15T18:51:00Z,92.1569,0.000000,0.000000,0.000000,above_band_high
2026-07-15T18:52:00Z,92.0836,0.000000,0.000000,0.000000,above_band_high
2026-07-15T18:53:00Z,92.0714,0.000000,0.000000,0.000000,above_band_high
2026-07-15T18:54:00Z,92.0394,0.000000,0.000000,0.000000,above_band_high
2026-07-15T18:55:00Z,92.0104,0.000000,0.000000,0.000000,above_band_high
2026-07-15T18:56:00Z,91.9417,0.000000,0.000000,0.000000,above_band_high
2026-07-15T18:57:00Z,91.9371,0.000000,0.000000,0.000000,above_band_high
2026-07-15T18:58:00Z,91.8547,0.000000,0.000000,0.000000,above_band_high
2026-07-15T18:59:00Z,91.8410,0.000000,0.000000,0.000000,above_band_high
2026-07-15T19:00:00Z,91.7494,0.000000,0.000000,0.000000,above_band_high
2026-07-15T19:01:00Z,91.7830,0.000000,0.000000,0.000000,above_band_high
2026-07-15T19:02:00Z,91.7266,0.000000,0.000000,0.000000,above_band_high
2026-07-15T19:03:00Z,91.7357,0.000000,0.000000,0.000000,above_band_high
2026-07-15T19:04:00Z,91.7540,0.000000,0.000000,0.000000,above_band_high
2026-07-15T19:05:00Z,91.7235,0.000000,0.000000,0.000000,above_band_high
2026-07-15T19:06:00Z,91.7037,0.000000,0.000000,0.000000,above_band_high
2026-07-15T19:07:00Z,91.7128,0.000000,0.000000,0.000000,above_band_high
2026-07-15T19:08:00Z,91.6899,0.000000,0.000000,0.000000,above_band_high
2026-07-15T19:09:00Z,91.6854,0.000000,0.000000,0.000000,above_band_high
2026-07-15T19:10:00Z,91.6686,0.000000,0.000000,0.000000,above_band_high
2026-07-15T19:11:00Z,91.5816,0.000000,0.000000,0.000000,above_band_high
2026-07-15T19:12:42Z,91.5480,0.000974,0.000000,-0.000974,above_band_high
2026-07-15T19:12:53Z,91.4900,0.000000,0.003832,0.003832,in_band
2026-07-15T19:13:06Z,91.4946,0.000000,0.003217,0.003217,in_band
2026-07-15T19:13:12Z,91.5312,0.003081,0.000000,-0.003081,above_band_high
2026-07-15T19:15:05Z,91.4351,0.000506,0.000591,0.000085,in_band
2026-07-15T19:15:59Z,91.4534,0.000207,0.000242,0.000035,in_band
2026-07-15T19:16:00Z,91.4534,0.000204,0.000238,0.000034,in_band
2026-07-15T19:16:59Z,91.4611,0.000077,0.000090,0.000013,in_band
2026-07-15T19:17:00Z,91.4611,0.000076,0.000088,0.000013,in_band
2026-07-15T19:17:59Z,91.3832,0.000029,0.000033,0.000005,in_band
2026-07-15T19:18:00Z,91.3832,0.000028,0.000033,0.000005,in_band
2026-07-15T19:18:59Z,91.4076,0.000011,0.000012,0.000002,in_band
2026-07-15T19:19:00Z,91.4076,0.000010,0.000012,0.000002,in_band
2026-07-15T19:19:59Z,91.4031,0.000004,0.000005,0.000001,in_band
2026-07-15T19:20:00Z,91.4031,0.000004,0.000005,0.000001,in_band
2026-07-15T19:20:59Z,91.3573,0.000001,0.000002,0.000000,in_band
2026-07-15T19:21:00Z,91.3573,0.000001,0.000002,0.000000,in_band
2026-07-15T19:21:59Z,91.3115,0.000001,0.000001,0.000000,in_band
2026-07-15T19:22:00Z,91.3115,0.000001,0.000001,0.000000,in_band
2026-07-15T19:22:59Z,91.2978,0.000000,0.000000,0.000000,in_band
2026-07-15T19:23:00Z,91.2978,0.000000,0.000000,0.000000,in_band
2026-07-15T19:23:59Z,91.1971,0.000000,0.000000,0.000000,in_band
2026-07-15T19:24:00Z,91.1971,0.000000,0.000000,0.000000,in_band
2026-07-15T19:24:59Z,91.1269,0.000000,0.000000,0.000000,in_band
2026-07-15T19:25:00Z,91.1269,0.000000,0.000000,0.000000,in_band
2026-07-15T19:25:59Z,91.1177,0.000000,0.000000,0.000000,in_band
2026-07-15T19:26:00Z,91.1177,0.000000,0.000000,0.000000,in_band
2026-07-15T19:26:59Z,91.0918,0.000000,0.000000,0.000000,in_band
2026-07-15T19:27:00Z,91.0918,0.000000,0.000000,0.000000,in_band
2026-07-15T19:27:59Z,91.0460,0.000000,0.000000,0.000000,in_band
2026-07-15T19:28:00Z,91.0460,0.000000,0.000000,0.000000,in_band
2026-07-15T19:28:59Z,91.0491,0.000000,0.000000,0.000000,in_band
2026-07-15T19:29:00Z,91.0491,0.000000,0.000000,0.000000,in_band
2026-07-15T19:29:59Z,91.0307,0.000000,0.000000,0.000000,in_band
2026-07-15T19:30:00Z,91.0307,0.000000,0.000000,0.000000,in_band
2026-07-15T19:30:59Z,91.0826,0.000000,0.000000,0.000000,in_band
2026-07-15T19:31:00Z,91.0826,0.000000,0.000000,0.000000,in_band
2026-07-15T19:31:59Z,91.1040,0.000000,0.000000,0.000000,in_band
2026-07-15T19:32:00Z,91.1040,0.000000,0.000000,0.000000,in_band
2026-07-15T19:32:59Z,91.1772,0.000000,0.000000,0.000000,in_band
2026-07-15T19:33:00Z,91.1772,0.000000,0.000000,0.000000,in_band
2026-07-15T19:33:59Z,91.2062,0.000000,0.000000,0.000000,in_band
2026-07-15T19:34:00Z,91.2062,0.000000,0.000000,0.000000,in_band
2026-07-15T19:34:59Z,91.2367,0.000000,0.000000,0.000000,in_band
2026-07-15T19:35:00Z,91.2367,0.000000,0.000000,0.000000,in_band
2026-07-15T19:35:59Z,91.3237,0.000000,0.000000,0.000000,in_band
2026-07-15T19:36:00Z,91.3237,0.000000,0.000000,0.000000,in_band
2026-07-15T19:36:59Z,91.3649,0.000000,0.000000,0.000000,in_band
2026-07-15T19:37:00Z,91.3649,0.000000,0.000000,0.000000,in_band
2026-07-15T19:37:59Z,91.4473,0.000000,0.000000,0.000000,in_band
2026-07-15T19:38:29Z,91.5068,0.000000,0.000000,-0.000000,above_band_high
2026-07-15T19:38:57Z,91.4397,0.000000,0.000059,0.000059,in_band
2026-07-15T19:39:21Z,91.5068,0.000000,0.000000,-0.000000,above_band_high
2026-07-15T19:39:25Z,91.4809,0.000000,0.000079,0.000079,in_band
2026-07-15T19:40:54Z,91.5770,0.000000,0.000000,0.000000,above_band_high
2026-07-15T19:40:59Z,91.5038,0.000000,0.000399,0.000399,above_band_high
2026-07-15T19:41:00Z,91.5038,0.000000,0.000370,0.000370,above_band_high
2026-07-15T19:41:01Z,91.5404,0.000000,0.000000,0.000000,above_band_high
2026-07-15T19:42:00Z,91.5404,0.000000,0.000000,0.000000,above_band_high
2026-07-15T19:42:23Z,91.4992,0.000000,0.003126,0.003126,in_band
2026-07-15T19:43:09Z,91.4839,0.000000,0.002392,0.002392,in_band
2026-07-15T19:43:30Z,91.5084,0.001948,0.000000,-0.001948,above_band_high
2026-07-15T19:44:58Z,91.3741,0.000455,0.000479,0.000024,in_band
2026-07-15T19:44:59Z,91.3878,0.000448,0.000472,0.000024,in_band
2026-07-15T19:45:00Z,91.3878,0.000440,0.000464,0.000024,in_band
2026-07-15T19:45:59Z,91.2825,0.000166,0.000175,0.000009,in_band
2026-07-15T19:46:00Z,91.2825,0.000163,0.000172,0.000009,in_band
2026-07-15T19:46:59Z,91.1742,0.000062,0.000065,0.000003,in_band
2026-07-15T19:47:00Z,91.1742,0.000061,0.000064,0.000003,in_band
2026-07-15T19:47:59Z,91.0872,0.000023,0.000024,0.000001,in_band
2026-07-15T19:48:00Z,91.0872,0.000022,0.000024,0.000001,in_band
2026-07-15T19:48:59Z,90.9163,0.000008,0.000009,0.000000,in_band
2026-07-15T19:49:00Z,90.9163,0.000008,0.000009,0.000000,in_band
2026-07-15T19:49:59Z,90.7530,0.000003,0.000003,0.000000,in_band
2026-07-15T19:50:00Z,90.7530,0.000003,0.000003,0.000000,in_band
2026-07-15T19:50:59Z,90.4997,0.000001,0.000001,0.000000,in_band
2026-07-15T19:51:00Z,90.4997,0.000001,0.000001,0.000000,in_band
2026-07-15T19:51:59Z,90.2983,0.000000,0.000000,0.000000,in_band
2026-07-15T19:52:00Z,90.2983,0.000000,0.000000,0.000000,in_band
2026-07-15T19:52:59Z,90.1991,0.000000,0.000000,0.000000,in_band
2026-07-15T19:53:00Z,90.1991,0.000000,0.000000,0.000000,in_band
2026-07-15T19:53:59Z,90.2800,0.000000,0.000000,0.000000,in_band
2026-07-15T19:54:00Z,90.2800,0.000000,0.000000,0.000000,in_band
2026-07-15T19:54:59Z,90.3807,0.000000,0.000000,0.000000,in_band
2026-07-15T19:55:00Z,90.3807,0.000000,0.000000,0.000000,in_band
2026-07-15T19:55:59Z,90.5638,0.000000,0.000000,0.000000,in_band
2026-07-15T19:56:00Z,90.5638,0.000000,0.000000,0.000000,in_band
2026-07-15T19:56:59Z,90.6706,0.000000,0.000000,0.000000,in_band
2026-07-15T19:57:00Z,90.6706,0.000000,0.000000,0.000000,in_band
2026-07-15T19:57:59Z,90.6966,0.000000,0.000000,0.000000,in_band
2026-07-15T19:58:00Z,90.6966,0.000000,0.000000,0.000000,in_band
2026-07-15T19:58:59Z,90.5180,0.000000,0.000000,0.000000,in_band
2026-07-15T19:59:00Z,90.5180,0.000000,0.000000,0.000000,in_band
2026-07-15T19:59:59Z,90.4082,0.000000,0.000000,0.000000,in_band
2026-07-15T20:00:00Z,90.4082,0.000000,0.000000,0.000000,in_band
2026-07-15T20:00:59Z,90.3807,0.000000,0.000000,0.000000,in_band
2026-07-15T20:01:00Z,90.3807,0.000000,0.000000,0.000000,in_band
2026-07-15T20:01:59Z,90.4952,0.000000,0.000000,0.000000,in_band
2026-07-15T20:02:00Z,90.4952,0.000000,0.000000,0.000000,in_band
2026-07-15T20:02:59Z,90.4814,0.000000,0.000000,0.000000,in_band
2026-07-15T20:03:00Z,90.4814,0.000000,0.000000,0.000000,in_band
2026-07-15T20:03:59Z,90.5180,0.000000,0.000000,0.000000,in_band
2026-07-15T20:04:00Z,90.5180,0.000000,0.000000,0.000000,in_band
2026-07-15T20:04:59Z,90.5653,0.000000,0.000000,0.000000,in_band
2026-07-15T20:05:00Z,90.5653,0.000000,0.000000,0.000000,in_band
2026-07-15T20:05:59Z,90.6416,0.000000,0.000000,0.000000,in_band
2026-07-15T20:06:00Z,90.6416,0.000000,0.000000,0.000000,in_band
2026-07-15T20:06:59Z,90.6477,0.000000,0.000000,0.000000,in_band
2026-07-15T20:07:00Z,90.6477,0.000000,0.000000,0.000000,in_band
2026-07-15T20:07:59Z,90.7073,0.000000,0.000000,0.000000,in_band
2026-07-15T20:08:00Z,90.7073,0.000000,0.000000,0.000000,in_band
2026-07-15T20:08:59Z,90.6294,0.000000,0.000000,0.000000,in_band
2026-07-15T20:09:00Z,90.6294,0.000000,0.000000,0.000000,in_band
2026-07-15T20:09:59Z,90.6203,0.000000,0.000000,0.000000,in_band
2026-07-15T20:10:00Z,90.6203,0.000000,0.000000,0.000000,in_band
2026-07-15T20:10:59Z,90.7103,0.000000,0.000000,0.000000,in_band
2026-07-15T20:11:00Z,90.7103,0.000000,0.000000,0.000000,in_band
2026-07-15T20:11:59Z,90.7347,0.000000,0.000000,0.000000,in_band
2026-07-15T20:12:00Z,90.7347,0.000000,0.000000,0.000000,in_band
2026-07-15T20:12:59Z,90.7836,0.000000,0.000000,0.000000,in_band
2026-07-15T20:13:00Z,90.7836,0.000000,0.000000,0.000000,in_band
2026-07-15T20:13:59Z,90.7942,0.000000,0.000000,0.000000,in_band
2026-07-15T20:14:00Z,90.7942,0.000000,0.000000,0.000000,in_band
2026-07-15T20:14:59Z,90.8766,0.000000,0.000000,0.000000,in_band
2026-07-15T20:15:00Z,90.8766,0.000000,0.000000,0.000000,in_band
2026-07-15T20:15:59Z,90.9270,0.000000,0.000000,0.000000,in_band
2026-07-15T20:16:00Z,90.9270,0.000000,0.000000,0.000000,in_band
2026-07-15T20:16:59Z,91.0079,0.000000,0.000000,0.000000,in_band
2026-07-15T20:17:00Z,91.0079,0.000000,0.000000,0.000000,in_band
2026-07-15T20:17:59Z,91.0216,0.000000,0.000000,0.000000,in_band
2026-07-15T20:18:00Z,91.0216,0.000000,0.000000,0.000000,in_band
2026-07-15T20:18:59Z,91.0857,0.000000,0.000000,0.000000,in_band
2026-07-15T20:19:00Z,91.0857,0.000000,0.000000,0.000000,in_band
2026-07-15T20:19:59Z,91.1650,0.000000,0.000000,0.000000,in_band
2026-07-15T20:20:00Z,91.1650,0.000000,0.000000,0.000000,in_band
2026-07-15T20:20:59Z,91.2413,0.000000,0.000000,0.000000,in_band
2026-07-15T20:21:00Z,91.2413,0.000000,0.000000,0.000000,in_band
2026-07-15T20:21:59Z,91.2383,0.000000,0.000000,0.000000,in_band
2026-07-15T20:22:00Z,91.2383,0.000000,0.000000,0.000000,in_band
2026-07-15T20:22:59Z,91.3558,0.000000,0.000000,0.000000,in_band
2026-07-15T20:23:00Z,91.3558,0.000000,0.000000,0.000000,in_band
2026-07-15T20:23:59Z,91.3603,0.000000,0.000000,0.000000,in_band
2026-07-15T20:24:00Z,91.3603,0.000000,0.000000,0.000000,in_band
2026-07-15T20:24:59Z,91.4382,0.000000,0.000000,0.000000,in_band
2026-07-15T20:25:00Z,91.4382,0.000000,0.000000,0.000000,in_band
2026-07-15T20:25:59Z,91.5084,0.000000,0.000000,-0.000000,above_band_high
2026-07-15T20:26:00Z,91.5084,0.000000,0.000000,-0.000000,above_band_high
2026-07-15T20:26:15Z,91.4885,0.000000,0.000040,0.000040,in_band
2026-07-15T20:27:52Z,91.6121,0.000000,0.000000,0.000000,above_band_high
2026-07-15T20:28:00Z,91.5724,0.000000,0.000000,0.000000,above_band_high
2026-07-15T20:29:00Z,91.6030,0.000000,0.000000,0.000000,above_band_high
2026-07-15T20:30:00Z,91.6579,0.000000,0.000000,0.000000,above_band_high
2026-07-15T20:31:00Z,91.6869,0.000000,0.000000,0.000000,above_band_high
2026-07-15T20:32:00Z,91.6854,0.000000,0.000000,0.000000,above_band_high
2026-07-15T20:33:00Z,91.7449,0.000000,0.000000,0.000000,above_band_high
2026-07-15T20:34:00Z,91.7403,0.000000,0.000000,0.000000,above_band_high
2026-07-15T20:35:00Z,91.7830,0.000000,0.000000,0.000000,above_band_high
2026-07-15T20:36:00Z,91.7876,0.000000,0.000000,0.000000,above_band_high
2026-07-15T20:37:00Z,91.7693,0.000000,0.000000,0.000000,above_band_high
2026-07-15T20:38:00Z,91.7311,0.000000,0.000000,0.000000,above_band_high
2026-07-15T20:39:00Z,91.7052,0.000000,0.000000,0.000000,above_band_high
2026-07-15T20:40:00Z,91.6640,0.000000,0.000000,0.000000,above_band_high
2026-07-15T20:41:00Z,91.6228,0.000000,0.000000,0.000000,above_band_high
2026-07-15T20:42:00Z,91.6274,0.000000,0.000000,0.000000,above_band_high
2026-07-15T20:43:00Z,91.6625,0.000000,0.000000,0.000000,above_band_high
2026-07-15T20:44:00Z,91.7494,0.000000,0.000000,0.000000,above_band_high
2026-07-15T20:45:00Z,91.7678,0.000000,0.000000,0.000000,above_band_high
2026-07-15T20:46:00Z,91.8105,0.000000,0.000000,0.000000,above_band_high
2026-07-15T20:47:00Z,91.8318,0.000000,0.000000,0.000000,above_band_high
2026-07-15T20:48:00Z,91.8471,0.000000,0.000000,0.000000,above_band_high
2026-07-15T20:49:00Z,91.8776,0.000000,0.000000,0.000000,above_band_high
2026-07-15T20:50:00Z,91.8471,0.000000,0.000000,0.000000,above_band_high
2026-07-15T20:51:00Z,91.8883,0.000000,0.000000,0.000000,above_band_high
2026-07-15T20:52:00Z,91.8685,0.000000,0.000000,0.000000,above_band_high
2026-07-15T20:53:00Z,91.8685,0.000000,0.000000,0.000000,above_band_high
2026-07-15T20:54:00Z,91.8151,0.000000,0.000000,0.000000,above_band_high
2026-07-15T20:55:00Z,91.8273,0.000000,0.000000,0.000000,above_band_high
2026-07-15T20:56:00Z,91.8181,0.000000,0.000000,0.000000,above_band_high
2026-07-15T20:57:00Z,91.8456,0.000000,0.000000,0.000000,above_band_high
2026-07-15T20:58:00Z,91.8105,0.000000,0.000000,0.000000,above_band_high
2026-07-15T20:59:00Z,91.8151,0.000000,0.000000,0.000000,above_band_high
2026-07-15T21:00:00Z,91.7586,0.000000,0.000000,0.000000,above_band_high
2026-07-15T21:01:00Z,91.6960,0.000000,0.000000,0.000000,above_band_high
2026-07-15T21:02:00Z,91.6579,0.000000,0.000000,0.000000,above_band_high
2026-07-15T21:03:00Z,91.6045,0.000000,0.000000,0.000000,above_band_high
2026-07-15T21:03:55Z,91.5068,0.000000,0.003737,0.003737,above_band_high
2026-07-15T21:04:13Z,91.4946,0.000000,0.005355,0.005355,in_band
2026-07-15T21:04:20Z,91.5114,0.003465,0.000000,-0.003465,above_band_high
2026-07-15T21:06:07Z,91.4519,0.000889,0.000872,-0.000017,in_band
2026-07-15T21:06:59Z,91.3695,0.000376,0.000369,-0.000007,in_band
2026-07-15T21:07:00Z,91.3695,0.000370,0.000363,-0.000007,in_band
2026-07-15T21:07:59Z,91.3466,0.000140,0.000137,-0.000003,in_band
2026-07-15T21:08:00Z,91.3466,0.000137,0.000135,-0.000003,in_band
2026-07-15T21:08:59Z,91.3344,0.000052,0.000051,-0.000001,in_band
2026-07-15T21:09:00Z,91.3344,0.000051,0.000050,-0.000001,in_band
2026-07-15T21:09:59Z,91.2917,0.000019,0.000019,-0.000000,in_band
2026-07-15T21:10:00Z,91.2917,0.000019,0.000019,-0.000000,in_band
2026-07-15T21:10:59Z,91.2703,0.000007,0.000007,-0.000000,in_band
2026-07-15T21:11:00Z,91.2703,0.000007,0.000007,-0.000000,in_band
2026-07-15T21:11:59Z,91.2459,0.000003,0.000003,-0.000000,in_band
2026-07-15T21:12:00Z,91.2459,0.000003,0.000003,-0.000000,in_band
2026-07-15T21:12:59Z,91.2093,0.000001,0.000001,-0.000000,in_band
2026-07-15T21:13:00Z,91.2093,0.000001,0.000001,-0.000000,in_band
2026-07-15T21:13:59Z,91.2047,0.000000,0.000000,-0.000000,in_band
2026-07-15T21:14:00Z,91.2047,0.000000,0.000000,-0.000000,in_band
2026-07-15T21:14:59Z,91.1604,0.000000,0.000000,-0.000000,in_band
2026-07-15T21:15:00Z,91.1604,0.000000,0.000000,-0.000000,in_band
2026-07-15T21:15:59Z,91.1452,0.000000,0.000000,-0.000000,in_band
2026-07-15T21:16:00Z,91.1452,0.000000,0.000000,-0.000000,in_band
2026-07-15T21:16:59Z,91.0719,0.000000,0.000000,-0.000000,in_band
2026-07-15T21:17:00Z,91.0719,0.000000,0.000000,-0.000000,in_band
2026-07-15T21:17:59Z,91.1177,0.000000,0.000000,-0.000000,in_band
2026-07-15T21:18:00Z,91.1177,0.000000,0.000000,-0.000000,in_band
2026-07-15T21:18:59Z,91.1009,0.000000,0.000000,-0.000000,in_band
2026-07-15T21:19:00Z,91.1009,0.000000,0.000000,-0.000000,in_band
2026-07-15T21:19:59Z,91.1040,0.000000,0.000000,-0.000000,in_band
2026-07-15T21:20:00Z,91.1040,0.000000,0.000000,-0.000000,in_band
2026-07-15T21:20:59Z,91.0735,0.000000,0.000000,-0.000000,in_band
2026-07-15T21:21:00Z,91.0735,0.000000,0.000000,-0.000000,in_band
2026-07-15T21:21:59Z,91.0536,0.000000,0.000000,-0.000000,in_band
2026-07-15T21:22:00Z,91.0536,0.000000,0.000000,-0.000000,in_band
2026-07-15T21:22:59Z,91.0643,0.000000,0.000000,-0.000000,in_band
2026-07-15T21:23:00Z,91.0643,0.000000,0.000000,-0.000000,in_band
2026-07-15T21:23:59Z,91.0033,0.000000,0.000000,-0.000000,in_band
2026-07-15T21:24:00Z,91.0033,0.000000,0.000000,-0.000000,in_band
2026-07-15T21:24:59Z,91.0002,0.000000,0.000000,-0.000000,in_band
2026-07-15T21:25:00Z,91.0002,0.000000,0.000000,-0.000000,in_band
2026-07-15T21:25:59Z,90.9636,0.000000,0.000000,-0.000000,in_band
2026-07-15T21:26:00Z,90.9636,0.000000,0.000000,-0.000000,in_band
2026-07-15T21:26:59Z,90.9545,0.000000,0.000000,-0.000000,in_band
2026-07-15T21:27:00Z,90.9545,0.000000,0.000000,-0.000000,in_band
2026-07-15T21:27:59Z,90.9346,0.000000,0.000000,-0.000000,in_band
2026-07-15T21:28:00Z,90.9346,0.000000,0.000000,-0.000000,in_band
2026-07-15T21:28:59Z,90.9483,0.000000,0.000000,-0.000000,in_band
2026-07-15T21:29:00Z,90.9483,0.000000,0.000000,-0.000000,in_band
2026-07-15T21:29:59Z,90.9041,0.000000,0.000000,-0.000000,in_band
2026-07-15T21:30:00Z,90.9041,0.000000,0.000000,-0.000000,in_band
2026-07-15T21:30:59Z,90.8721,0.000000,0.000000,-0.000000,in_band
2026-07-15T21:31:00Z,90.8721,0.000000,0.000000,-0.000000,in_band
2026-07-15T21:31:59Z,90.8385,0.000000,0.000000,-0.000000,in_band
2026-07-15T21:32:00Z,90.8385,0.000000,0.000000,-0.000000,in_band
2026-07-15T21:32:59Z,90.8110,0.000000,0.000000,-0.000000,in_band
2026-07-15T21:33:00Z,90.8110,0.000000,0.000000,-0.000000,in_band
2026-07-15T21:33:59Z,90.7713,0.000000,0.000000,-0.000000,in_band
2026-07-15T21:34:00Z,90.7713,0.000000,0.000000,-0.000000,in_band
2026-07-15T21:34:59Z,90.7576,0.000000,0.000000,-0.000000,in_band
2026-07-15T21:35:00Z,90.7576,0.000000,0.000000,-0.000000,in_band
2026-07-15T21:35:59Z,90.6844,0.000000,0.000000,-0.000000,in_band
2026-07-15T21:36:00Z,90.6844,0.000000,0.000000,-0.000000,in_band
2026-07-15T21:36:59Z,90.5882,0.000000,0.000000,-0.000000,in_band
2026-07-15T21:37:00Z,90.5882,0.000000,0.000000,-0.000000,in_band
2026-07-15T21:37:59Z,90.5684,0.000000,0.000000,-0.000000,in_band
2026-07-15T21:38:00Z,90.5684,0.000000,0.000000,-0.000000,in_band
2026-07-15T21:38:59Z,90.5745,0.000000,0.000000,-0.000000,in_band
2026-07-15T21:39:00Z,90.5745,0.000000,0.000000,-0.000000,in_band
2026-07-15T21:39:59Z,90.5684,0.000000,0.000000,-0.000000,in_band
2026-07-15T21:40:00Z,90.5684,0.000000,0.000000,-0.000000,in_band
2026-07-15T21:40:59Z,90.6050,0.000000,0.000000,-0.000000,in_band
2026-07-15T21:41:00Z,90.6050,0.000000,0.000000,-0.000000,in_band
2026-07-15T21:41:59Z,90.6432,0.000000,0.000000,-0.000000,in_band
2026-07-15T21:42:00Z,90.6432,0.000000,0.000000,-0.000000,in_band
2026-07-15T21:42:59Z,90.6508,0.000000,0.000000,-0.000000,in_band
2026-07-15T21:43:00Z,90.6508,0.000000,0.000000,-0.000000,in_band
2026-07-15T21:43:59Z,90.6508,0.000000,0.000000,-0.000000,in_band
2026-07-15T21:44:00Z,90.6508,0.000000,0.000000,-0.000000,in_band
2026-07-15T21:44:59Z,90.6600,0.000000,0.000000,-0.000000,in_band
2026-07-15T21:45:00Z,90.6600,0.000000,0.000000,-0.000000,in_band
2026-07-15T21:45:59Z,90.6569,0.000000,0.000000,-0.000000,in_band
2026-07-15T21:46:00Z,90.6569,0.000000,0.000000,-0.000000,in_band
2026-07-15T21:46:59Z,90.6569,0.000000,0.000000,-0.000000,in_band
2026-07-15T21:47:00Z,90.6569,0.000000,0.000000,-0.000000,in_band
2026-07-15T21:47:59Z,90.6569,0.000000,0.000000,-0.000000,in_band
2026-07-15T21:48:00Z,90.6569,0.000000,0.000000,-0.000000,in_band
2026-07-15T21:48:59Z,90.6661,0.000000,0.000000,-0.000000,in_band
2026-07-15T21:49:00Z,90.6661,0.000000,0.000000,-0.000000,in_band
2026-07-15T21:49:59Z,90.6661,0.000000,0.000000,-0.000000,in_band
2026-07-15T21:50:00Z,90.6661,0.000000,0.000000,-0.000000,in_band
2026-07-15T21:50:59Z,90.6600,0.000000,0.000000,-0.000000,in_band
2026-07-15T21:51:00Z,90.6600,0.000000,0.000000,-0.000000,in_band
2026-07-15T21:51:59Z,90.6706,0.000000,0.000000,-0.000000,in_band
2026-07-15T21:52:00Z,90.6706,0.000000,0.000000,-0.000000,in_band
2026-07-15T21:52:59Z,90.6279,0.000000,0.000000,-0.000000,in_band
2026-07-15T21:53:00Z,90.6279,0.000000,0.000000,-0.000000,in_band
2026-07-15T21:53:59Z,90.6371,0.000000,0.000000,-0.000000,in_band
2026-07-15T21:54:00Z,90.6371,0.000000,0.000000,-0.000000,in_band
2026-07-15T21:54:59Z,90.6706,0.000000,0.000000,-0.000000,in_band
2026-07-15T21:55:00Z,90.6706,0.000000,0.000000,-0.000000,in_band
2026-07-15T21:55:59Z,90.6523,0.000000,0.000000,-0.000000,in_band
2026-07-15T21:56:00Z,90.6523,0.000000,0.000000,-0.000000,in_band
2026-07-15T21:56:59Z,90.7073,0.000000,0.000000,-0.000000,in_band
2026-07-15T21:57:00Z,90.7073,0.000000,0.000000,-0.000000,in_band
2026-07-15T21:57:59Z,90.7164,0.000000,0.000000,-0.000000,in_band
2026-07-15T21:58:00Z,90.7164,0.000000,0.000000,-0.000000,in_band
2026-07-15T21:58:59Z,90.7195,0.000000,0.000000,-0.000000,in_band
2026-07-15T21:59:00Z,90.7195,0.000000,0.000000,-0.000000,in_band
2026-07-15T21:59:59Z,90.7210,0.000000,0.000000,-0.000000,in_band
2026-07-15T22:00:00Z,90.7210,0.000000,0.000000,-0.000000,in_band
2026-07-15T22:00:59Z,90.7332,0.000000,0.000000,-0.000000,in_band
2026-07-15T22:01:00Z,90.7332,0.000000,0.000000,-0.000000,in_band
2026-07-15T22:01:59Z,90.7301,0.000000,0.000000,-0.000000,in_band
2026-07-15T22:02:00Z,90.7301,0.000000,0.000000,-0.000000,in_band
2026-07-15T22:02:59Z,90.7881,0.000000,0.000000,-0.000000,in_band
2026-07-15T22:03:00Z,90.7881,0.000000,0.000000,-0.000000,in_band
2026-07-15T22:03:59Z,90.7332,0.000000,0.000000,-0.000000,in_band
2026-07-15T22:04:00Z,90.7332,0.000000,0.000000,-0.000000,in_band
2026-07-15T22:04:59Z,90.7485,0.000000,0.000000,-0.000000,in_band
2026-07-15T22:05:00Z,90.7485,0.000000,0.000000,-0.000000,in_band
2026-07-15T22:05:59Z,90.7622,0.000000,0.000000,-0.000000,in_band
2026-07-15T22:06:00Z,90.7622,0.000000,0.000000,-0.000000,in_band
2026-07-15T22:06:59Z,90.7759,0.000000,0.000000,-0.000000,in_band
2026-07-15T22:07:00Z,90.7759,0.000000,0.000000,-0.000000,in_band
2026-07-15T22:07:59Z,90.7668,0.000000,0.000000,-0.000000,in_band
2026-07-15T22:08:00Z,90.7668,0.000000,0.000000,-0.000000,in_band
2026-07-15T22:08:59Z,90.7698,0.000000,0.000000,-0.000000,in_band
2026-07-15T22:09:00Z,90.7698,0.000000,0.000000,-0.000000,in_band
2026-07-15T22:09:59Z,90.6966,0.000000,0.000000,-0.000000,in_band
2026-07-15T22:10:00Z,90.6966,0.000000,0.000000,-0.000000,in_band
2026-07-15T22:10:59Z,90.6752,0.000000,0.000000,-0.000000,in_band
2026-07-15T22:11:00Z,90.6752,0.000000,0.000000,-0.000000,in_band
2026-07-15T22:11:59Z,90.6065,0.000000,0.000000,-0.000000,in_band
2026-07-15T22:12:00Z,90.6065,0.000000,0.000000,-0.000000,in_band
2026-07-15T22:12:59Z,90.5776,0.000000,0.000000,-0.000000,in_band
2026-07-15T22:13:00Z,90.5776,0.000000,0.000000,-0.000000,in_band
2026-07-15T22:13:59Z,90.5470,0.000000,0.000000,-0.000000,in_band
2026-07-15T22:14:00Z,90.5470,0.000000,0.000000,-0.000000,in_band
2026-07-15T22:14:59Z,90.6065,0.000000,0.000000,-0.000000,in_band
2026-07-15T22:15:00Z,90.6065,0.000000,0.000000,-0.000000,in_band
2026-07-15T22:15:59Z,90.5241,0.000000,0.000000,-0.000000,in_band
2026-07-15T22:16:00Z,90.5241,0.000000,0.000000,-0.000000,in_band
2026-07-15T22:16:59Z,90.5272,0.000000,0.000000,-0.000000,in_band
2026-07-15T22:17:00Z,90.5272,0.000000,0.000000,-0.000000,in_band
2026-07-15T22:17:59Z,90.4906,0.000000,0.000000,-0.000000,in_band
2026-07-15T22:18:00Z,90.4906,0.000000,0.000000,-0.000000,in_band
2026-07-15T22:18:59Z,90.4829,0.000000,0.000000,-0.000000,in_band
2026-07-15T22:19:00Z,90.4829,0.000000,0.000000,-0.000000,in_band
2026-07-15T22:19:59Z,90.4997,0.000000,0.000000,-0.000000,in_band
2026-07-15T22:20:00Z,90.4997,0.000000,0.000000,-0.000000,in_band
2026-07-15T22:20:59Z,90.4829,0.000000,0.000000,-0.000000,in_band
2026-07-15T22:21:00Z,90.4829,0.000000,0.000000,-0.000000,in_band
2026-07-15T22:21:59Z,90.4356,0.000000,0.000000,-0.000000,in_band
2026-07-15T22:22:00Z,90.4356,0.000000,0.000000,-0.000000,in_band
2026-07-15T22:22:59Z,90.4768,0.000000,0.000000,-0.000000,in_band
2026-07-15T22:23:00Z,90.4768,0.000000,0.000000,-0.000000,in_band
2026-07-15T22:23:59Z,90.4631,0.000000,0.000000,-0.000000,in_band
2026-07-15T22:24:00Z,90.4631,0.000000,0.000000,-0.000000,in_band
2026-07-15T22:24:59Z,90.3731,0.000000,0.000000,-0.000000,in_band
2026-07-15T22:25:00Z,90.3731,0.000000,0.000000,-0.000000,in_band
2026-07-15T22:25:59Z,90.2983,0.000000,0.000000,-0.000000,in_band
2026-07-15T22:26:00Z,90.2983,0.000000,0.000000,-0.000000,in_band
2026-07-15T22:26:59Z,90.2571,0.000000,0.000000,-0.000000,in_band
2026-07-15T22:27:00Z,90.2571,0.000000,0.000000,-0.000000,in_band
2026-07-15T22:27:59Z,90.2068,0.000000,0.000000,-0.000000,in_band
2026-07-15T22:28:00Z,90.2068,0.000000,0.000000,-0.000000,in_band
2026-07-15T22:28:59Z,90.1381,0.000000,0.000000,-0.000000,in_band
2026-07-15T22:29:00Z,90.1381,0.000000,0.000000,-0.000000,in_band
2026-07-15T22:29:59Z,90.0801,0.000000,0.000000,-0.000000,in_band
2026-07-15T22:30:47Z,89.9748,0.000000,0.000090,0.000090,below_midpoint_feather
2026-07-15T22:30:49Z,90.0420,0.000000,0.000000,-0.000000,in_band
2026-07-15T22:31:47Z,89.8955,0.000629,0.001558,0.000929,below_midpoint_feather
2026-07-15T22:31:52Z,89.9458,0.000917,0.000423,-0.000493,below_midpoint_feather
2026-07-15T22:32:42Z,89.8970,0.002476,0.001576,-0.000900,below_midpoint_feather
2026-07-15T22:32:45Z,89.8283,0.002655,0.004264,0.001610,below_midpoint_feather
2026-07-15T22:33:31Z,89.7856,0.004724,0.006792,0.002068,below_midpoint_feather
2026-07-15T22:33:44Z,89.8054,0.006841,0.005719,-0.001122,below_midpoint_feather
2026-07-15T22:34:43Z,89.7414,0.014631,0.010501,-0.004131,below_midpoint_feather
2026-07-15T22:34:57Z,89.6529,0.014872,0.018374,0.003502,below_midpoint_feather
2026-07-15T22:35:25Z,89.6025,0.019832,0.024344,0.004513,below_midpoint_feather
2026-07-15T22:35:46Z,89.6132,0.026433,0.023780,-0.002653,below_midpoint_feather
2026-07-15T22:36:08Z,89.5888,0.032665,0.027354,-0.005310,below_midpoint_feather
2026-07-15T22:36:22Z,89.5018,0.031698,0.039211,0.007513,below_midpoint_feather
2026-07-15T22:37:39Z,89.3843,0.051940,0.062596,0.010656,below_midpoint_feather
2026-07-15T22:37:59Z,89.4347,0.060798,0.055791,-0.005006,below_midpoint_feather
2026-07-15T22:38:26Z,89.3370,0.068329,0.075388,0.007059,below_midpoint_feather
2026-07-15T22:38:42Z,89.3874,0.073002,0.067927,-0.005076,below_midpoint_feather
2026-07-15T22:39:24Z,89.3416,0.090220,0.081183,-0.009038,below_midpoint_feather
2026-07-15T22:39:37Z,89.2683,0.091033,0.097405,0.006372,below_midpoint_feather
2026-07-15T22:40:15Z,89.2180,0.106338,0.113820,0.007482,below_midpoint_feather
2026-07-15T22:40:19Z,89.2561,0.112591,0.106173,-0.006419,below_midpoint_feather
2026-07-15T22:41:00Z,89.2012,0.130275,0.125192,-0.005082,below_midpoint_feather
2026-07-15T22:41:15Z,89.1508,0.133048,0.139776,0.006728,below_midpoint_feather
2026-07-15T22:42:42Z,89.1325,0.173176,0.163030,-0.010145,below_midpoint_feather
2026-07-15T22:42:52Z,89.0593,0.175162,0.184258,0.009097,below_midpoint_feather
2026-07-15T22:43:55Z,89.0318,0.215608,0.208289,-0.007319,below_midpoint_feather
2026-07-15T22:43:59Z,88.9754,0.212881,0.225438,0.012557,below_midpoint_feather
2026-07-15T22:44:27Z,88.9860,0.236930,0.230670,-0.006259,below_midpoint_feather
2026-07-15T22:44:55Z,88.8792,0.255390,0.272024,0.016634,below_midpoint_feather
2026-07-15T22:45:34Z,88.8212,0.290012,0.304661,0.014649,below_midpoint_feather
2026-07-15T22:45:51Z,88.8518,0.308458,0.301044,-0.007414,below_midpoint_feather
2026-07-15T22:46:21Z,88.7755,0.323551,0.338914,0.015363,below_midpoint_feather
2026-07-15T22:46:28Z,88.8258,0.337919,0.324677,-0.013242,below_midpoint_feather
2026-07-15T22:47:06Z,88.7373,0.378495,0.372186,-0.006310,below_midpoint_feather
2026-07-15T22:47:20Z,88.6564,0.394091,0.408804,0.014713,below_midpoint_feather
2026-07-15T22:48:16Z,88.6870,0.438336,0.426142,-0.012194,below_midpoint_feather
2026-07-15T22:48:57Z,88.6137,0.459428,0.477220,0.017792,below_midpoint_feather
2026-07-15T22:49:13Z,88.6595,0.485845,0.468731,-0.017115,below_midpoint_feather
2026-07-15T22:49:39Z,88.5451,0.503672,0.529704,0.026032,below_midpoint_feather
2026-07-15T22:50:19Z,88.5191,0.548184,0.565455,0.017271,below_midpoint_feather
2026-07-15T22:50:33Z,88.6046,0.554094,0.539563,-0.014530,below_midpoint_feather
2026-07-15T22:51:37Z,88.6000,0.562519,0.583014,0.020495,below_midpoint_feather
2026-07-15T22:51:42Z,88.6641,0.580000,0.561270,-0.018730,below_midpoint_feather
2026-07-15T22:52:23Z,88.5466,0.617708,0.633981,0.016273,below_midpoint_feather
2026-07-15T22:52:31Z,88.6137,0.628380,0.611990,-0.016390,below_midpoint_feather
2026-07-15T22:53:10Z,88.6336,0.644523,0.629644,-0.014879,below_midpoint_feather
2026-07-15T22:53:49Z,88.6198,0.646617,0.660396,0.013780,below_midpoint_feather
2026-07-15T22:54:19Z,88.6961,0.665652,0.650283,-0.015370,below_midpoint_feather
2026-07-15T22:54:26Z,88.6458,0.660743,0.673687,0.012945,below_midpoint_feather
2026-07-15T22:55:01Z,88.6137,0.698132,0.707778,0.009646,below_midpoint_feather
2026-07-15T22:55:44Z,88.7297,0.707122,0.690421,-0.016701,below_midpoint_feather
2026-07-15T22:56:39Z,88.7984,0.713674,0.698829,-0.014845,below_midpoint_feather
2026-07-15T22:56:59Z,88.7373,0.711623,0.731422,0.019799,below_midpoint_feather
2026-07-15T22:57:00Z,88.7373,0.712177,0.731968,0.019791,below_midpoint_feather
2026-07-15T22:57:31Z,88.8060,0.732121,0.724699,-0.007422,below_midpoint_feather
2026-07-15T22:58:36Z,88.8121,0.742413,0.755977,0.013564,below_midpoint_feather
2026-07-15T22:58:39Z,88.8899,0.743898,0.732031,-0.011867,below_midpoint_feather
2026-07-15T22:59:00Z,88.9174,0.727118,0.733586,0.006468,below_midpoint_feather
2026-07-15T22:59:55Z,88.9769,0.748541,0.739811,-0.008729,below_midpoint_feather
2026-07-15T23:00:35Z,89.0227,0.756123,0.742882,-0.013241,below_midpoint_feather
2026-07-15T23:00:59Z,89.0272,0.742225,0.750768,0.008542,below_midpoint_feather
2026-07-15T23:01:00Z,89.0272,0.743009,0.751135,0.008126,below_midpoint_feather
2026-07-15T23:01:34Z,89.1051,0.750213,0.742463,-0.007750,below_midpoint_feather
2026-07-15T23:02:11Z,89.1264,0.760802,0.749234,-0.011568,below_midpoint_feather
2026-07-15T23:02:46Z,89.0776,0.762332,0.772579,0.010248,below_midpoint_feather
2026-07-15T23:03:37Z,89.1279,0.785546,0.774663,-0.010884,below_midpoint_feather
2026-07-15T23:03:49Z,89.0776,0.779579,0.790902,0.011323,below_midpoint_feather
2026-07-15T23:04:00Z,89.1035,0.799298,0.787264,-0.012034,below_midpoint_feather
2026-07-15T23:04:50Z,89.0776,0.796561,0.807898,0.011337,below_midpoint_feather
2026-07-15T23:05:03Z,89.0684,0.805145,0.813865,0.008721,below_midpoint_feather
2026-07-15T23:05:16Z,89.1417,0.811044,0.798770,-0.012273,below_midpoint_feather
2026-07-15T23:06:28Z,89.0547,0.828323,0.840689,0.012367,below_midpoint_feather
2026-07-15T23:06:34Z,89.1264,0.829976,0.823796,-0.006180,below_midpoint_feather
2026-07-15T23:07:27Z,89.0181,0.852284,0.866749,0.014465,below_midpoint_feather
2026-07-15T23:07:52Z,89.0715,0.866958,0.859180,-0.007778,below_midpoint_feather
2026-07-15T23:08:03Z,89.0761,0.871320,0.861108,-0.010212,below_midpoint_feather
2026-07-15T23:08:05Z,89.0043,0.871890,0.881262,0.009371,below_midpoint_feather
2026-07-15T23:09:13Z,89.0181,0.884511,0.897525,0.013014,below_midpoint_feather
2026-07-15T23:09:31Z,89.0898,0.895627,0.883587,-0.012040,below_midpoint_feather
2026-07-15T23:10:26Z,89.1356,0.900145,0.888387,-0.011758,below_midpoint_feather
2026-07-15T23:10:55Z,89.0486,0.905042,0.919278,0.014236,below_midpoint_feather
2026-07-15T23:11:03Z,89.1096,0.912874,0.905588,-0.007286,below_midpoint_feather
2026-07-15T23:11:21Z,89.0547,0.914435,0.925068,0.010633,below_midpoint_feather
2026-07-15T23:12:09Z,89.1554,0.930363,0.913015,-0.017349,below_midpoint_feather
2026-07-15T23:12:42Z,89.0455,0.938835,0.950315,0.011480,below_midpoint_feather
2026-07-15T23:13:32Z,89.1096,0.953995,0.947433,-0.006562,below_midpoint_feather
2026-07-15T23:13:51Z,89.0455,0.955341,0.969545,0.014204,below_midpoint_feather
2026-07-15T23:14:02Z,89.1264,0.961967,0.951598,-0.010369,below_midpoint_feather
2026-07-15T23:14:23Z,89.0318,0.970220,0.982243,0.012023,below_midpoint_feather
2026-07-15T23:15:14Z,89.0806,0.973252,0.983576,0.010323,below_midpoint_feather
2026-07-15T23:15:46Z,89.1493,0.982158,0.975192,-0.006966,below_midpoint_feather
2026-07-15T23:16:17Z,89.1554,0.987872,0.982097,-0.005775,below_midpoint_feather
2026-07-15T23:16:58Z,89.1356,0.989601,0.997503,0.007903,below_midpoint_feather
2026-07-15T23:17:03Z,89.1264,0.993407,1.000000,0.006593,below_midpoint_feather
2026-07-15T23:17:19Z,89.1783,1.000000,0.992491,-0.007509,below_midpoint_feather
2026-07-15T23:18:00Z,89.0761,1.000000,1.000000,0.000000,below_midpoint_feather
2026-07-15T23:19:00Z,89.1356,1.000000,1.000000,0.000000,below_midpoint_feather
2026-07-15T23:20:00Z,89.1646,1.000000,1.000000,0.000000,below_midpoint_feather
2026-07-15T23:21:00Z,89.2088,1.000000,1.000000,0.000000,below_midpoint_feather
2026-07-15T23:22:00Z,89.2912,1.000000,1.000000,0.000000,below_midpoint_feather
2026-07-15T23:23:00Z,89.4285,1.000000,1.000000,0.000000,below_midpoint_feather
2026-07-15T23:24:00Z,89.5720,1.000000,1.000000,0.000000,below_midpoint_feather
2026-07-15T23:25:00Z,89.5628,1.000000,1.000000,0.000000,below_midpoint_feather
2026-07-15T23:26:00Z,89.5308,1.000000,1.000000,0.000000,below_midpoint_feather
2026-07-15T23:27:17Z,89.8909,1.000000,0.998910,-0.001090,below_midpoint_feather
2026-07-15T23:27:35Z,89.8680,0.999431,1.000000,0.000569,below_midpoint_feather
2026-07-15T23:28:00Z,89.8741,1.000000,1.000000,0.000000,below_midpoint_feather
2026-07-15T23:29:00Z,89.7230,1.000000,1.000000,0.000000,below_midpoint_feather
2026-07-15T23:30:00Z,89.7276,1.000000,1.000000,0.000000,below_midpoint_feather
2026-07-15T23:31:00Z,89.6773,1.000000,1.000000,0.000000,below_midpoint_feather
2026-07-15T23:32:00Z,89.5613,1.000000,1.000000,0.000000,below_midpoint_feather
2026-07-15T23:33:00Z,89.5125,1.000000,1.000000,0.000000,below_midpoint_feather
2026-07-15T23:34:00Z,89.5811,1.000000,1.000000,0.000000,below_midpoint_feather
2026-07-15T23:35:00Z,89.6086,1.000000,1.000000,0.000000,below_midpoint_feather
2026-07-15T23:36:00Z,89.6529,1.000000,1.000000,0.000000,below_midpoint_feather
2026-07-15T23:37:00Z,89.7581,1.000000,1.000000,0.000000,below_midpoint_feather
2026-07-15T23:38:00Z,89.6452,1.000000,1.000000,0.000000,below_midpoint_feather
2026-07-15T23:39:00Z,89.6223,1.000000,1.000000,0.000000,below_midpoint_feather
2026-07-15T23:40:00Z,89.6712,1.000000,1.000000,0.000000,below_midpoint_feather
2026-07-15T23:41:40Z,89.9565,0.998759,0.998991,0.000232,below_midpoint_feather
2026-07-15T23:41:51Z,90.0160,0.998923,0.997268,-0.001655,in_band
2026-07-15T23:42:00Z,90.0298,0.994047,0.992436,-0.001611,in_band
2026-07-15T23:42:55Z,89.9611,0.967902,0.971369,0.003467,below_midpoint_feather
2026-07-15T23:43:29Z,89.9138,0.968562,0.972372,0.003810,below_midpoint_feather
2026-07-15T23:43:43Z,89.9916,0.968470,0.971373,0.002903,below_midpoint_feather
2026-07-15T23:44:21Z,89.9367,0.969467,0.972027,0.002559,below_midpoint_feather
2026-07-15T23:44:33Z,89.8680,0.969661,0.973960,0.004298,below_midpoint_feather
2026-07-15T23:45:31Z,89.8924,0.969421,0.973254,0.003834,below_midpoint_feather
2026-07-15T23:45:39Z,89.9275,0.970025,0.972372,0.002347,below_midpoint_feather
2026-07-15T23:46:44Z,90.0664,0.956211,0.957816,0.001605,in_band
2026-07-15T23:46:54Z,89.9977,0.950925,0.954641,0.003716,below_midpoint_feather
2026-07-15T23:47:20Z,90.0435,0.937311,0.940972,0.003661,in_band
2026-07-15T23:47:34Z,89.9931,0.930058,0.935774,0.005716,below_midpoint_feather
2026-07-15T23:48:02Z,90.0160,0.915715,0.921335,0.005621,in_band
2026-07-15T23:48:25Z,89.9474,0.910244,0.918670,0.008426,below_midpoint_feather
2026-07-15T23:49:00Z,89.9733,0.910213,0.917368,0.007155,below_midpoint_feather
2026-07-15T23:49:09Z,90.0206,0.910179,0.915742,0.005563,in_band
2026-07-15T23:50:00Z,90.0755,0.884738,0.891159,0.006420,in_band
2026-07-15T23:50:59Z,90.1762,0.856214,0.862427,0.006213,in_band
2026-07-15T23:51:00Z,90.1762,0.855738,0.861948,0.006210,in_band
2026-07-15T23:51:59Z,90.2449,0.828145,0.834154,0.006010,in_band
2026-07-15T23:52:00Z,90.2449,0.827685,0.833691,0.006006,in_band
2026-07-15T23:52:59Z,90.3593,0.800995,0.806808,0.005813,in_band
2026-07-15T23:53:00Z,90.3593,0.800551,0.806360,0.005809,in_band
2026-07-15T23:53:59Z,90.6050,0.774736,0.780358,0.005622,in_band
2026-07-15T23:54:00Z,90.6050,0.774306,0.779925,0.005619,in_band
2026-07-15T23:54:59Z,90.7073,0.749338,0.754775,0.005438,in_band
2026-07-15T23:55:00Z,90.7073,0.748921,0.754356,0.005435,in_band
2026-07-15T23:55:59Z,90.7973,0.724771,0.730031,0.005259,in_band
2026-07-15T23:56:00Z,90.7973,0.724369,0.729625,0.005256,in_band
2026-07-15T23:56:59Z,90.8843,0.701011,0.706097,0.005087,in_band
2026-07-15T23:57:00Z,90.8843,0.700621,0.705705,0.005084,in_band
2026-07-15T23:57:59Z,90.9438,0.678028,0.682949,0.004920,in_band
2026-07-15T23:58:00Z,90.9438,0.677652,0.682569,0.004918,in_band
2026-07-15T23:58:59Z,90.8934,0.655800,0.660559,0.004759,in_band
2026-07-15T23:59:00Z,90.8934,0.655436,0.660192,0.004756,in_band
2026-07-15T23:59:59Z,90.9590,0.634300,0.638903,0.004603,in_band
2026-07-16T00:00:00Z,90.9590,0.633948,0.638548,0.004601,in_band
2026-07-16T00:00:59Z,91.0170,0.613506,0.617958,0.004452,in_band
2026-07-16T00:01:00Z,91.0170,0.613165,0.617614,0.004450,in_band
2026-07-16T00:01:59Z,91.0323,0.593393,0.597699,0.004306,in_band
2026-07-16T00:02:00Z,91.0323,0.593063,0.597367,0.004304,in_band
2026-07-16T00:02:59Z,91.1284,0.573939,0.578104,0.004165,in_band
2026-07-16T00:03:00Z,91.1284,0.573620,0.577783,0.004163,in_band
2026-07-16T00:03:59Z,91.2001,0.555123,0.559151,0.004028,in_band
2026-07-16T00:04:00Z,91.2001,0.554815,0.558841,0.004026,in_band
2026-07-16T00:04:59Z,91.1330,0.536924,0.540820,0.003896,in_band
2026-07-16T00:05:00Z,91.1330,0.536625,0.540520,0.003894,in_band
2026-07-16T00:05:59Z,91.1742,0.519321,0.523090,0.003768,in_band
2026-07-16T00:06:00Z,91.1742,0.519033,0.522799,0.003766,in_band
2026-07-16T00:06:59Z,91.2184,0.502296,0.505941,0.003645,in_band
2026-07-16T00:07:00Z,91.2184,0.502017,0.505660,0.003643,in_band
2026-07-16T00:07:59Z,91.1742,0.485829,0.489354,0.003526,in_band
2026-07-16T00:08:00Z,91.1742,0.485559,0.489082,0.003524,in_band
2026-07-16T00:08:59Z,91.0964,0.469901,0.473311,0.003410,in_band
2026-07-16T00:09:00Z,91.0964,0.469640,0.473048,0.003408,in_band
2026-07-16T00:09:59Z,91.0872,0.454496,0.457794,0.003298,in_band
2026-07-16T00:10:00Z,91.0872,0.454244,0.457540,0.003296,in_band
2026-07-16T00:10:59Z,91.1238,0.439596,0.442786,0.003190,in_band
2026-07-16T00:11:00Z,91.1238,0.439352,0.442540,0.003188,in_band
2026-07-16T00:11:59Z,91.1421,0.425184,0.428270,0.003086,in_band
2026-07-16T00:12:00Z,91.1421,0.424948,0.428032,0.003084,in_band
2026-07-16T00:12:59Z,90.9636,0.411245,0.414229,0.002984,in_band
2026-07-16T00:13:00Z,90.9636,0.411017,0.413999,0.002983,in_band
2026-07-16T00:13:59Z,91.0628,0.397763,0.400649,0.002887,in_band
2026-07-16T00:14:00Z,91.0628,0.397542,0.400427,0.002885,in_band
2026-07-16T00:14:59Z,90.9453,0.384723,0.387514,0.002792,in_band
2026-07-16T00:15:00Z,90.9453,0.384509,0.387299,0.002790,in_band
2026-07-16T00:15:59Z,91.0369,0.372110,0.374810,0.002700,in_band
2026-07-16T00:16:00Z,91.0369,0.371903,0.374602,0.002699,in_band
2026-07-16T00:16:59Z,90.9728,0.359910,0.362522,0.002612,in_band
2026-07-16T00:17:00Z,90.9728,0.359711,0.362321,0.002610,in_band
2026-07-16T00:17:59Z,91.0918,0.348111,0.350638,0.002526,in_band
2026-07-16T00:18:00Z,91.0918,0.347918,0.350443,0.002525,in_band
2026-07-16T00:18:59Z,90.9728,0.336699,0.339142,0.002443,in_band
2026-07-16T00:19:00Z,90.9728,0.336512,0.338954,0.002442,in_band
2026-07-16T00:19:59Z,91.0674,0.325661,0.328024,0.002363,in_band
2026-07-16T00:20:00Z,91.0674,0.325480,0.327842,0.002362,in_band
2026-07-16T00:20:59Z,91.1498,0.314984,0.317270,0.002286,in_band
2026-07-16T00:21:00Z,91.1498,0.314809,0.317094,0.002285,in_band
2026-07-16T00:21:59Z,91.2383,0.304658,0.306869,0.002211,in_band
2026-07-16T00:22:00Z,91.2383,0.304489,0.306698,0.002210,in_band
2026-07-16T00:22:59Z,91.2917,0.294670,0.296808,0.002138,in_band
2026-07-16T00:23:00Z,91.2917,0.294506,0.296643,0.002137,in_band
2026-07-16T00:23:59Z,91.3985,0.285009,0.287078,0.002068,in_band
2026-07-16T00:24:00Z,91.3985,0.284851,0.286918,0.002067,in_band
2026-07-16T00:24:59Z,91.3573,0.275666,0.277666,0.002000,in_band
2026-07-16T00:25:00Z,91.3573,0.275513,0.277512,0.001999,in_band
2026-07-16T00:25:59Z,91.4122,0.266628,0.268563,0.001935,in_band
2026-07-16T00:26:00Z,91.4122,0.266480,0.268414,0.001934,in_band
2026-07-16T00:26:59Z,91.5023,0.257887,0.258943,0.001056,above_band_high
2026-07-16T00:27:03Z,91.5038,0.257315,0.258004,0.000689,above_band_high
2026-07-16T00:27:20Z,91.5038,0.253427,0.256563,0.003136,above_band_high
2026-07-16T00:29:02Z,91.5129,0.243443,0.242518,-0.000925,above_band_high
2026-07-16T00:29:05Z,91.4809,0.243036,0.247887,0.004851,in_band
2026-07-16T00:32:27Z,91.6350,0.189580,0.178587,-0.010993,above_band_high
2026-07-16T00:32:45Z,91.5862,0.172766,0.198163,0.025397,above_band_high
2026-07-16T00:33:03Z,91.6396,0.182340,0.173869,-0.008471,above_band_high
2026-07-16T00:33:42Z,91.6304,0.160964,0.173906,0.012942,above_band_high
2026-07-16T00:34:17Z,91.5938,0.159379,0.185286,0.025907,above_band_high
2026-07-16T00:34:36Z,91.6304,0.174503,0.167220,-0.007282,above_band_high
2026-07-16T00:35:41Z,91.6640,0.155935,0.144753,-0.011182,above_band_high
2026-07-16T00:35:45Z,91.5892,0.155415,0.176136,0.020721,above_band_high
2026-07-16T00:36:11Z,91.5999,0.144894,0.168184,0.023290,above_band_high
2026-07-16T00:36:28Z,91.6594,0.147869,0.140550,-0.007319,above_band_high
2026-07-16T00:37:07Z,91.6945,0.128853,0.120199,-0.008654,above_band_high
2026-07-16T00:37:52Z,91.6228,0.118874,0.143966,0.025092,above_band_high
2026-07-16T00:38:05Z,91.6365,0.116857,0.136077,0.019220,above_band_high
2026-07-16T00:38:49Z,91.6762,0.127054,0.112441,-0.014613,above_band_high
2026-07-16T00:39:12Z,91.5938,0.126356,0.144287,0.017931,above_band_high
2026-07-16T00:39:51Z,91.6823,0.109221,0.101082,-0.008139,above_band_high
2026-07-16T00:40:09Z,91.7449,0.091016,0.071782,-0.019235,above_band_high
2026-07-16T00:40:41Z,91.6579,0.081403,0.103761,0.022358,above_band_high
2026-07-16T00:41:29Z,91.7128,0.090568,0.071919,-0.018648,above_band_high
2026-07-16T00:41:37Z,91.6320,0.080059,0.105012,0.024953,above_band_high
2026-07-16T00:42:02Z,91.6640,0.093270,0.086966,-0.006304,above_band_high
2026-07-16T00:42:41Z,91.5953,0.082251,0.109809,0.027558,above_band_high
2026-07-16T00:43:52Z,91.6258,0.062883,0.086601,0.023719,above_band_high
2026-07-16T00:43:54Z,91.6945,0.069772,0.057036,-0.012736,above_band_high
2026-07-16T00:44:29Z,91.6457,0.041975,0.072795,0.030820,above_band_high
2026-07-16T00:44:51Z,91.7784,0.022802,0.012598,-0.010204,above_band_high
2026-07-16T00:45:01Z,91.7357,0.019072,0.029040,0.009969,above_band_high
2026-07-16T00:45:09Z,91.7861,0.014967,0.006052,-0.008915,above_band_high
2026-07-16T00:46:00Z,91.8547,0.000000,0.000000,0.000000,above_band_high
2026-07-16T00:47:00Z,91.9203,0.000000,0.000000,0.000000,above_band_high
2026-07-16T00:48:00Z,91.9921,0.000000,0.000000,0.000000,above_band_high
2026-07-16T00:49:00Z,92.0302,0.000000,0.000000,0.000000,above_band_high
2026-07-16T00:50:00Z,92.1126,0.000000,0.000000,0.000000,above_band_high
2026-07-16T00:51:00Z,92.1569,0.000000,0.000000,0.000000,above_band_high
2026-07-16T00:52:00Z,92.1584,0.000000,0.000000,0.000000,above_band_high
2026-07-16T00:53:00Z,92.1935,0.000000,0.000000,0.000000,above_band_high
2026-07-16T00:54:00Z,92.2133,0.000000,0.000000,0.000000,above_band_high
2026-07-16T00:55:00Z,92.1950,0.000000,0.000000,0.000000,above_band_high
2026-07-16T00:56:00Z,92.2042,0.000000,0.000000,0.000000,above_band_high
2026-07-16T00:57:00Z,92.1996,0.000000,0.000000,0.000000,above_band_high
2026-07-16T00:58:00Z,92.1752,0.000000,0.000000,0.000000,above_band_high
2026-07-16T00:59:00Z,92.1935,0.000000,0.000000,0.000000,above_band_high
2026-07-16T01:00:00Z,92.2179,0.000000,0.000000,0.000000,above_band_high
2026-07-16T01:01:00Z,92.2484,0.000000,0.000000,0.000000,above_band_high
2026-07-16T01:02:00Z,92.2087,0.000000,0.000000,0.000000,above_band_high
2026-07-16T01:03:00Z,92.1859,0.000000,0.000000,0.000000,above_band_high
2026-07-16T01:04:00Z,92.1630,0.000000,0.000000,0.000000,above_band_high
2026-07-16T01:05:00Z,92.1431,0.000000,0.000000,0.000000,above_band_high
2026-07-16T01:06:00Z,92.0623,0.000000,0.000000,0.000000,above_band_high
2026-07-16T01:07:00Z,92.0165,0.000000,0.000000,0.000000,above_band_high
2026-07-16T01:08:00Z,91.9524,0.000000,0.000000,0.000000,above_band_high
2026-07-16T01:09:00Z,91.9829,0.000000,0.000000,0.000000,above_band_high
2026-07-16T01:10:00Z,91.9966,0.000000,0.000000,0.000000,above_band_high
2026-07-16T01:11:00Z,91.9570,0.000000,0.000000,0.000000,above_band_high
2026-07-16T01:12:00Z,91.9936,0.000000,0.000000,0.000000,above_band_high
2026-07-16T01:13:00Z,91.9371,0.000000,0.000000,0.000000,above_band_high
2026-07-16T01:14:00Z,91.9463,0.000000,0.000000,0.000000,above_band_high
2026-07-16T01:15:00Z,91.9341,0.000000,0.000000,0.000000,above_band_high
2026-07-16T01:16:00Z,91.9020,0.000000,0.000000,0.000000,above_band_high
2026-07-16T01:17:00Z,91.8517,0.000000,0.000000,0.000000,above_band_high
2026-07-16T01:18:00Z,91.7861,0.000000,0.000000,0.000000,above_band_high
2026-07-16T01:19:00Z,91.7144,0.000000,0.000000,0.000000,above_band_high
2026-07-16T01:20:00Z,91.7082,0.000000,0.000000,0.000000,above_band_high
2026-07-16T01:21:00Z,91.6823,0.000000,0.000000,0.000000,above_band_high
2026-07-16T01:22:00Z,91.6365,0.000000,0.000000,0.000000,above_band_high
2026-07-16T01:22:53Z,91.4931,0.000000,0.007303,0.007303,in_band
2026-07-16T01:23:07Z,91.4977,0.000000,0.006322,0.006322,in_band
2026-07-16T01:23:24Z,91.5129,0.005163,0.000000,-0.005163,above_band_high
2026-07-16T01:24:58Z,91.3756,0.001096,0.001070,-0.000026,in_band
2026-07-16T01:24:59Z,91.3878,0.001078,0.001053,-0.000026,in_band
2026-07-16T01:25:00Z,91.3878,0.001061,0.001035,-0.000025,in_band
2026-07-16T01:25:59Z,91.3146,0.000400,0.000390,-0.000009,in_band
2026-07-16T01:26:00Z,91.3146,0.000393,0.000384,-0.000009,in_band
2026-07-16T01:26:59Z,91.2016,0.000148,0.000145,-0.000004,in_band
2026-07-16T01:27:00Z,91.2016,0.000146,0.000142,-0.000003,in_band
2026-07-16T01:27:59Z,91.0689,0.000055,0.000054,-0.000001,in_band
2026-07-16T01:28:00Z,91.0689,0.000054,0.000053,-0.000001,in_band
2026-07-16T01:28:59Z,90.9621,0.000020,0.000020,-0.000000,in_band
2026-07-16T01:29:00Z,90.9621,0.000020,0.000020,-0.000000,in_band
2026-07-16T01:29:59Z,90.8858,0.000008,0.000007,-0.000000,in_band
2026-07-16T01:30:00Z,90.8858,0.000007,0.000007,-0.000000,in_band
2026-07-16T01:30:59Z,90.8202,0.000003,0.000003,-0.000000,in_band
2026-07-16T01:31:00Z,90.8202,0.000003,0.000003,-0.000000,in_band
2026-07-16T01:31:59Z,90.7332,0.000001,0.000001,-0.000000,in_band
2026-07-16T01:32:00Z,90.7332,0.000001,0.000001,-0.000000,in_band
2026-07-16T01:32:59Z,90.6340,0.000000,0.000000,-0.000000,in_band
2026-07-16T01:33:00Z,90.6340,0.000000,0.000000,-0.000000,in_band
2026-07-16T01:33:59Z,90.5409,0.000000,0.000000,-0.000000,in_band
2026-07-16T01:34:00Z,90.5409,0.000000,0.000000,-0.000000,in_band
2026-07-16T01:34:59Z,90.4814,0.000000,0.000000,-0.000000,in_band
2026-07-16T01:35:00Z,90.4814,0.000000,0.000000,-0.000000,in_band
2026-07-16T01:35:59Z,90.3624,0.000000,0.000000,-0.000000,in_band
2026-07-16T01:36:00Z,90.3624,0.000000,0.000000,-0.000000,in_band
2026-07-16T01:36:59Z,90.2846,0.000000,0.000000,-0.000000,in_band
2026-07-16T01:37:00Z,90.2846,0.000000,0.000000,-0.000000,in_band
2026-07-16T01:37:59Z,90.1900,0.000000,0.000000,-0.000000,in_band
2026-07-16T01:38:00Z,90.1900,0.000000,0.000000,-0.000000,in_band
2026-07-16T01:38:59Z,90.0893,0.000000,0.000000,-0.000000,in_band
2026-07-16T01:39:00Z,90.0893,0.000000,0.000000,-0.000000,in_band
2026-07-16T01:39:59Z,90.0893,0.000000,0.000000,-0.000000,in_band
2026-07-16T01:40:00Z,90.0893,0.000000,0.000000,-0.000000,in_band
2026-07-16T01:40:59Z,89.9977,0.000000,0.000001,0.000001,below_midpoint_feather
2026-07-16T01:41:47Z,89.9367,0.000288,0.000571,0.000283,below_midpoint_feather
2026-07-16T01:41:49Z,89.9886,0.000288,0.000019,-0.000269,below_midpoint_feather
2026-07-16T01:42:46Z,89.9748,0.000432,0.000108,-0.000323,below_midpoint_feather
2026-07-16T01:42:50Z,89.9245,0.000155,0.000831,0.000676,below_midpoint_feather
2026-07-16T01:43:03Z,89.9458,0.000040,0.000443,0.000403,below_midpoint_feather
2026-07-16T01:43:27Z,90.0053,0.000120,0.000036,-0.000084,in_band
2026-07-16T01:44:10Z,90.0893,0.000049,0.000049,-0.000000,in_band
2026-07-16T01:44:50Z,89.9550,0.000043,0.000343,0.000300,below_midpoint_feather
2026-07-16T01:45:00Z,90.0343,0.000044,0.000056,0.000012,in_band
2026-07-16T01:45:42Z,89.9825,0.000045,0.000103,0.000058,below_midpoint_feather
2026-07-16T01:46:40Z,89.9657,0.000045,0.000228,0.000183,below_midpoint_feather
2026-07-16T01:46:59Z,90.0053,0.000081,0.000060,-0.000021,in_band
2026-07-16T01:47:41Z,89.9962,0.000147,0.000064,-0.000083,below_midpoint_feather
2026-07-16T01:47:46Z,89.9474,0.000107,0.000457,0.000350,below_midpoint_feather
2026-07-16T01:48:27Z,89.9413,0.000050,0.000558,0.000508,below_midpoint_feather
2026-07-16T01:48:59Z,89.9657,0.000542,0.000241,-0.000302,below_midpoint_feather
2026-07-16T01:49:21Z,89.9046,0.000452,0.001375,0.000923,below_midpoint_feather
2026-07-16T01:49:55Z,89.9687,0.001026,0.000245,-0.000781,below_midpoint_feather
2026-07-16T01:50:01Z,89.8924,0.000798,0.001757,0.000959,below_midpoint_feather
2026-07-16T01:50:53Z,89.9428,0.001312,0.000640,-0.000671,below_midpoint_feather
2026-07-16T01:51:05Z,89.9428,0.001450,0.000660,-0.000791,below_midpoint_feather
2026-07-16T01:51:58Z,89.8192,0.002577,0.004962,0.002384,below_midpoint_feather
2026-07-16T01:52:33Z,89.8680,0.004807,0.002922,-0.001885,below_midpoint_feather
2026-07-16T01:52:49Z,89.8100,0.003126,0.005664,0.002537,below_midpoint_feather
2026-07-16T01:53:03Z,89.8558,0.004969,0.003569,-0.001400,below_midpoint_feather
2026-07-16T01:53:41Z,89.8131,0.004027,0.005847,0.001820,below_midpoint_feather
2026-07-16T01:54:03Z,89.8558,0.005400,0.004008,-0.001392,below_midpoint_feather
2026-07-16T01:54:39Z,89.7673,0.007286,0.009071,0.001785,below_midpoint_feather
2026-07-16T01:55:44Z,89.6727,0.013162,0.017475,0.004313,below_midpoint_feather
2026-07-16T01:55:56Z,89.7307,0.016339,0.012786,-0.003553,below_midpoint_feather
2026-07-16T01:56:43Z,89.6895,0.019981,0.017288,-0.002693,below_midpoint_feather
2026-07-16T01:56:51Z,89.6437,0.019043,0.021857,0.002814,below_midpoint_feather
2026-07-16T01:57:25Z,89.6345,0.027557,0.023892,-0.003666,below_midpoint_feather
2026-07-16T01:57:57Z,89.5766,0.027282,0.031672,0.004390,below_midpoint_feather
2026-07-16T01:58:21Z,89.6162,0.032747,0.028194,-0.004553,below_midpoint_feather
2026-07-16T01:58:25Z,89.5491,0.030244,0.036353,0.006109,below_midpoint_feather
2026-07-16T01:59:09Z,89.5430,0.034627,0.039394,0.004768,below_midpoint_feather
2026-07-16T01:59:40Z,89.5750,0.042545,0.037137,-0.005408,below_midpoint_feather
2026-07-16T02:00:04Z,89.5033,0.042411,0.048016,0.005605,below_midpoint_feather
2026-07-16T02:00:39Z,89.5811,0.044094,0.040169,-0.003925,below_midpoint_feather
2026-07-16T02:01:35Z,89.5903,0.046678,0.042833,-0.003846,below_midpoint_feather
2026-07-16T02:01:42Z,89.5171,0.045822,0.052602,0.006780,below_midpoint_feather
2026-07-16T02:02:33Z,89.5537,0.055391,0.051200,-0.004191,below_midpoint_feather
2026-07-16T02:02:45Z,89.5109,0.053766,0.057710,0.003945,below_midpoint_feather
2026-07-16T02:03:03Z,89.4743,0.058731,0.064250,0.005519,below_midpoint_feather
2026-07-16T02:03:51Z,89.5537,0.061449,0.056869,-0.004580,below_midpoint_feather
2026-07-16T02:04:01Z,89.6071,0.057957,0.051259,-0.006698,below_midpoint_feather
2026-07-16T02:04:38Z,89.5247,0.057452,0.064126,0.006674,below_midpoint_feather
2026-07-16T02:05:07Z,89.5201,0.062691,0.066754,0.004063,below_midpoint_feather
2026-07-16T02:05:42Z,89.5521,0.070012,0.064977,-0.005035,below_midpoint_feather
2026-07-16T02:06:05Z,89.4835,0.071680,0.076059,0.004379,below_midpoint_feather
2026-07-16T02:06:53Z,89.5125,0.080828,0.075565,-0.005263,below_midpoint_feather
2026-07-16T02:07:41Z,89.4438,0.084521,0.089664,0.005143,below_midpoint_feather
2026-07-16T02:07:48Z,89.4942,0.087187,0.082650,-0.004537,below_midpoint_feather
2026-07-16T02:08:13Z,89.4743,0.093667,0.087730,-0.005937,below_midpoint_feather
2026-07-16T02:08:57Z,89.3736,0.099988,0.108320,0.008332,below_midpoint_feather
2026-07-16T02:09:41Z,89.3919,0.116525,0.109727,-0.006798,below_midpoint_feather
2026-07-16T02:09:45Z,89.3019,0.116416,0.126907,0.010490,below_midpoint_feather
2026-07-16T02:10:08Z,89.3523,0.128737,0.120030,-0.008707,below_midpoint_feather
2026-07-16T02:10:43Z,89.2241,0.140851,0.150712,0.009861,below_midpoint_feather
2026-07-16T02:11:37Z,89.1127,0.176521,0.186072,0.009551,below_midpoint_feather
2026-07-16T02:11:53Z,89.1585,0.183749,0.177998,-0.005751,below_midpoint_feather
2026-07-16T02:12:32Z,89.0944,0.215189,0.202527,-0.012662,below_midpoint_feather
2026-07-16T02:12:53Z,88.9769,0.225377,0.239955,0.014578,below_midpoint_feather
2026-07-16T02:13:01Z,89.0135,0.240431,0.231586,-0.008845,below_midpoint_feather
2026-07-16T02:13:49Z,88.8975,0.267950,0.280070,0.012120,below_midpoint_feather
2026-07-16T02:14:27Z,88.8121,0.307582,0.320672,0.013090,below_midpoint_feather
2026-07-16T02:14:45Z,88.8472,0.329518,0.315699,-0.013819,below_midpoint_feather
2026-07-16T02:15:27Z,88.7098,0.363156,0.380719,0.017563,below_midpoint_feather
2026-07-16T02:15:55Z,88.7465,0.389092,0.380355,-0.008736,below_midpoint_feather
2026-07-16T02:16:33Z,88.5786,0.445595,0.463300,0.017705,below_midpoint_feather
2026-07-16T02:16:49Z,88.5954,0.471235,0.465254,-0.005981,below_midpoint_feather
2026-07-16T02:17:35Z,88.5222,0.504049,0.522691,0.018642,below_midpoint_feather
2026-07-16T02:17:59Z,88.5588,0.533828,0.522831,-0.010997,below_midpoint_feather
2026-07-16T02:18:00Z,88.5588,0.534475,0.523486,-0.010989,below_midpoint_feather
2026-07-16T02:18:16Z,88.4733,0.550764,0.570018,0.019255,below_midpoint_feather
2026-07-16T02:19:01Z,88.3665,0.631622,0.647260,0.015638,below_midpoint_feather
2026-07-16T02:19:46Z,88.3619,0.692110,0.684601,-0.007509,below_midpoint_feather
2026-07-16T02:20:39Z,88.3314,0.756173,0.742990,-0.013183,below_midpoint_feather
2026-07-16T02:20:56Z,88.2887,0.764180,0.776410,0.012229,below_midpoint_feather
2026-07-16T02:21:03Z,88.3436,0.767895,0.759302,-0.008592,below_midpoint_feather
2026-07-16T02:21:09Z,88.2887,0.765525,0.788176,0.022651,below_midpoint_feather
2026-07-16T02:22:11Z,88.2383,0.840003,0.866620,0.026617,below_midpoint_feather
2026-07-16T02:22:17Z,88.3070,0.854060,0.842928,-0.011132,below_midpoint_feather
2026-07-16T02:23:43Z,88.2673,0.949178,0.942176,-0.007002,below_midpoint_feather
2026-07-16T02:23:57Z,88.2017,0.965402,0.983812,0.018410,below_midpoint_feather
2026-07-16T02:24:09Z,88.2490,0.982365,0.975411,-0.006955,below_midpoint_feather
2026-07-16T02:24:17Z,88.2063,0.990912,1.000000,0.009088,below_midpoint_feather
2026-07-16T02:25:00Z,88.1880,1.000000,1.000000,0.000000,below_midpoint_feather
2026-07-16T02:26:00Z,88.2155,1.000000,1.000000,0.000000,below_midpoint_feather
2026-07-16T02:27:00Z,88.1941,1.000000,1.000000,0.000000,below_midpoint_feather
2026-07-16T02:28:00Z,88.1926,1.000000,1.000000,0.000000,below_midpoint_feather
2026-07-16T02:29:00Z,88.1346,1.000000,1.000000,0.000000,below_midpoint_feather
2026-07-16T02:30:00Z,88.2429,1.000000,1.000000,0.000000,below_midpoint_feather
2026-07-16T02:31:00Z,88.2246,1.000000,1.000000,0.000000,below_midpoint_feather
2026-07-16T02:32:00Z,88.1941,1.000000,1.000000,0.000000,below_midpoint_feather
2026-07-16T02:33:00Z,88.3360,1.000000,1.000000,0.000000,below_midpoint_feather
2026-07-16T02:34:00Z,88.4230,1.000000,1.000000,0.000000,below_midpoint_feather
2026-07-16T02:35:00Z,88.4352,1.000000,1.000000,0.000000,below_midpoint_feather
2026-07-16T02:36:00Z,88.5771,1.000000,1.000000,0.000000,below_midpoint_feather
2026-07-16T02:37:00Z,88.5374,1.000000,1.000000,0.000000,below_midpoint_feather
2026-07-16T02:38:00Z,88.5512,1.000000,1.000000,0.000000,below_midpoint_feather
2026-07-16T02:39:00Z,88.5878,1.000000,1.000000,0.000000,below_midpoint_feather
2026-07-16T02:40:00Z,88.6244,1.000000,1.000000,0.000000,below_midpoint_feather
2026-07-16T02:41:00Z,88.6503,1.000000,1.000000,0.000000,below_midpoint_feather
2026-07-16T02:42:00Z,88.6885,1.000000,1.000000,0.000000,below_midpoint_feather
2026-07-16T02:43:00Z,88.6503,1.000000,1.000000,0.000000,below_midpoint_feather
2026-07-16T02:44:00Z,88.6702,1.000000,1.000000,0.000000,below_midpoint_feather
2026-07-16T02:45:00Z,88.6656,1.000000,1.000000,0.000000,below_midpoint_feather
2026-07-16T02:46:00Z,88.6595,1.000000,1.000000,0.000000,below_midpoint_feather
2026-07-16T02:47:00Z,88.7144,1.000000,1.000000,0.000000,below_midpoint_feather
2026-07-16T02:48:00Z,88.7282,1.000000,1.000000,0.000000,below_midpoint_feather
2026-07-16T02:49:00Z,88.7526,1.000000,1.000000,0.000000,below_midpoint_feather
2026-07-16T02:50:00Z,88.7846,1.000000,1.000000,0.000000,below_midpoint_feather
2026-07-16T02:51:00Z,88.8518,1.000000,1.000000,0.000000,below_midpoint_feather
2026-07-16T02:52:00Z,88.8197,1.000000,1.000000,0.000000,below_midpoint_feather
2026-07-16T02:53:00Z,88.8579,1.000000,1.000000,0.000000,below_midpoint_feather
2026-07-16T02:54:00Z,88.9433,1.000000,1.000000,0.000000,below_midpoint_feather
2026-07-16T02:55:00Z,88.9891,1.000000,1.000000,0.000000,below_midpoint_feather
2026-07-16T02:56:00Z,89.0547,1.000000,1.000000,0.000000,below_midpoint_feather
2026-07-16T02:57:00Z,89.1127,1.000000,1.000000,0.000000,below_midpoint_feather
2026-07-16T02:58:00Z,89.2042,1.000000,1.000000,0.000000,below_midpoint_feather
2026-07-16T02:59:00Z,89.3751,1.000000,1.000000,0.000000,below_midpoint_feather
2026-07-16T03:00:00Z,89.5354,1.000000,1.000000,0.000000,below_midpoint_feather
2026-07-16T03:01:00Z,89.5933,1.000000,1.000000,0.000000,below_midpoint_feather
2026-07-16T03:02:00Z,89.7002,1.000000,1.000000,0.000000,below_midpoint_feather
2026-07-16T03:02:57Z,89.9321,1.000000,0.998798,-0.001202,below_midpoint_feather
2026-07-16T03:03:01Z,89.9107,1.000000,0.999375,-0.000625,below_midpoint_feather
2026-07-16T03:03:15Z,89.8817,0.999788,1.000000,0.000212,below_midpoint_feather
2026-07-16T03:04:00Z,89.8039,1.000000,1.000000,0.000000,below_midpoint_feather
2026-07-16T03:04:57Z,89.9657,0.999943,0.999565,-0.000378,below_midpoint_feather
2026-07-16T03:05:12Z,89.9870,0.999505,0.999550,0.000045,below_midpoint_feather
2026-07-16T03:05:15Z,90.0282,0.999529,0.997884,-0.001645,in_band
2026-07-16T03:06:00Z,90.1656,0.975086,0.973472,-0.001614,in_band
2026-07-16T03:06:59Z,90.1717,0.943775,0.942207,-0.001568,in_band
2026-07-16T03:07:00Z,90.1717,0.943252,0.941685,-0.001567,in_band
2026-07-16T03:07:59Z,90.0160,0.912885,0.911366,-0.001519,in_band
2026-07-16T03:08:00Z,90.0160,0.912378,0.910860,-0.001518,in_band
2026-07-16T03:08:56Z,89.9336,0.899082,0.900440,0.001358,below_midpoint_feather
2026-07-16T03:09:29Z,89.8741,0.901855,0.902094,0.000239,below_midpoint_feather
2026-07-16T03:09:44Z,89.7871,0.903596,0.906319,0.002723,below_midpoint_feather
2026-07-16T03:10:37Z,89.7444,0.911379,0.909560,-0.001818,below_midpoint_feather
2026-07-16T03:10:54Z,89.6544,0.911115,0.917502,0.006388,below_midpoint_feather
2026-07-16T03:11:40Z,89.6849,0.916504,0.915596,-0.000909,below_midpoint_feather
2026-07-16T03:11:45Z,89.6178,0.917070,0.922381,0.005311,below_midpoint_feather
2026-07-16T03:12:25Z,89.5903,0.922495,0.926695,0.004200,below_midpoint_feather
2026-07-16T03:12:59Z,89.6178,0.927092,0.924953,-0.002139,below_midpoint_feather
2026-07-16T03:13:43Z,89.5796,0.935450,0.931439,-0.004011,below_midpoint_feather
2026-07-16T03:13:50Z,89.4987,0.935823,0.942417,0.006594,below_midpoint_feather
2026-07-16T03:14:02Z,89.5109,0.944809,0.941380,-0.003429,below_midpoint_feather
2026-07-16T03:14:53Z,89.4423,0.948251,0.955083,0.006833,below_midpoint_feather
2026-07-16T03:15:07Z,89.4621,0.947308,0.953071,0.005763,below_midpoint_feather
2026-07-16T03:15:15Z,89.5079,0.950620,0.946996,-0.003624,below_midpoint_feather
2026-07-16T03:16:27Z,89.4285,0.956993,0.964936,0.007943,below_midpoint_feather
2026-07-16T03:16:41Z,89.4621,0.962681,0.960861,-0.001820,below_midpoint_feather
2026-07-16T03:17:14Z,89.4743,0.968425,0.962085,-0.006340,below_midpoint_feather
2026-07-16T03:17:55Z,89.3324,0.982238,0.990316,0.008078,below_midpoint_feather
2026-07-16T03:18:15Z,89.3202,0.984164,0.994881,0.010717,below_midpoint_feather
2026-07-16T03:18:27Z,89.3751,0.992297,0.986101,-0.006196,below_midpoint_feather
2026-07-16T03:19:00Z,89.3050,1.000000,1.000000,0.000000,below_midpoint_feather
2026-07-16T03:20:00Z,89.2973,1.000000,1.000000,0.000000,below_midpoint_feather
2026-07-16T03:21:00Z,89.3202,1.000000,1.000000,0.000000,below_midpoint_feather
2026-07-16T03:22:00Z,89.3477,1.000000,1.000000,0.000000,below_midpoint_feather
2026-07-16T03:23:51Z,89.6223,1.000000,0.999460,-0.000540,below_midpoint_feather
2026-07-16T03:23:58Z,89.5888,0.998770,1.000000,0.001230,below_midpoint_feather
2026-07-16T03:24:02Z,89.6529,0.999163,0.997402,-0.001760,below_midpoint_feather
2026-07-16T03:24:06Z,89.6086,0.998731,1.000000,0.001269,below_midpoint_feather
2026-07-16T03:25:46Z,89.7673,0.998045,0.995408,-0.002636,below_midpoint_feather
2026-07-16T03:25:59Z,89.7032,0.997622,1.000000,0.002378,below_midpoint_feather
2026-07-16T03:26:37Z,89.7902,0.998655,0.996214,-0.002441,below_midpoint_feather
2026-07-16T03:26:44Z,89.7230,0.997584,1.000000,0.002416,below_midpoint_feather
2026-07-16T03:27:03Z,89.7505,0.996415,0.999697,0.003283,below_midpoint_feather
2026-07-16T03:27:21Z,89.8314,0.996852,0.995411,-0.001440,below_midpoint_feather
2026-07-16T03:28:04Z,89.8878,0.994739,0.994129,-0.000609,below_midpoint_feather
2026-07-16T03:28:18Z,89.8329,0.994137,0.996545,0.002408,below_midpoint_feather
2026-07-16T03:29:02Z,89.8970,0.992757,0.994644,0.001887,below_midpoint_feather
2026-07-16T03:29:23Z,90.0114,0.992141,0.991663,-0.000478,in_band
2026-07-16T03:30:22Z,89.9779,0.960415,0.963223,0.002808,below_midpoint_feather
2026-07-16T03:30:48Z,90.0374,0.959967,0.958940,-0.001027,in_band
2026-07-16T03:31:02Z,89.9825,0.957860,0.956879,-0.000981,below_midpoint_feather
2026-07-16T03:31:06Z,90.0237,0.957842,0.954716,-0.003126,in_band
2026-07-16T03:32:00Z,90.1213,0.930098,0.928610,-0.001489,in_band
2026-07-16T03:32:59Z,90.2220,0.900127,0.898686,-0.001441,in_band
2026-07-16T03:33:00Z,90.2220,0.899627,0.898187,-0.001440,in_band
2026-07-16T03:33:59Z,90.3075,0.870625,0.869231,-0.001394,in_band
2026-07-16T03:34:00Z,90.3075,0.870142,0.868749,-0.001393,in_band
2026-07-16T03:34:59Z,90.4005,0.842086,0.840737,-0.001348,in_band
2026-07-16T03:35:00Z,90.4005,0.841619,0.840271,-0.001348,in_band
2026-07-16T03:35:59Z,90.3365,0.814480,0.813176,-0.001304,in_band
2026-07-16T03:36:00Z,90.3365,0.814028,0.812724,-0.001303,in_band
2026-07-16T03:36:59Z,90.4128,0.787779,0.786517,-0.001262,in_band
2026-07-16T03:37:00Z,90.4128,0.787341,0.786080,-0.001261,in_band
2026-07-16T03:37:59Z,90.5013,0.761952,0.760732,-0.001220,in_band
2026-07-16T03:38:00Z,90.5013,0.761529,0.760310,-0.001219,in_band
2026-07-16T03:38:59Z,90.4906,0.736973,0.735793,-0.001180,in_band
2026-07-16T03:39:00Z,90.4906,0.736563,0.735384,-0.001179,in_band
2026-07-16T03:39:59Z,90.6279,0.712812,0.711670,-0.001141,in_band
2026-07-16T03:40:00Z,90.6279,0.712416,0.711275,-0.001141,in_band
2026-07-16T03:40:59Z,90.7347,0.689443,0.688339,-0.001104,in_band
2026-07-16T03:41:00Z,90.7347,0.689060,0.687957,-0.001103,in_band
2026-07-16T03:41:59Z,90.7057,0.666840,0.665773,-0.001068,in_band
2026-07-16T03:42:00Z,90.7057,0.666470,0.665403,-0.001067,in_band
2026-07-16T03:42:59Z,90.6386,0.644979,0.643946,-0.001033,in_band
2026-07-16T03:43:00Z,90.6386,0.644621,0.643588,-0.001032,in_band
2026-07-16T03:43:59Z,90.5135,0.623834,0.622835,-0.000999,in_band
2026-07-16T03:44:00Z,90.5135,0.623487,0.622489,-0.000998,in_band
2026-07-16T03:44:59Z,90.5089,0.603382,0.602416,-0.000966,in_band
2026-07-16T03:45:00Z,90.5089,0.603047,0.602081,-0.000966,in_band
2026-07-16T03:45:59Z,90.5638,0.583601,0.582666,-0.000934,in_band
2026-07-16T03:46:00Z,90.5638,0.583277,0.582343,-0.000934,in_band
2026-07-16T03:46:59Z,90.5959,0.564468,0.563564,-0.000904,in_band
2026-07-16T03:47:00Z,90.5959,0.564154,0.563251,-0.000903,in_band
2026-07-16T03:47:59Z,90.5333,0.545963,0.545089,-0.000874,in_band
2026-07-16T03:48:00Z,90.5333,0.545660,0.544786,-0.000874,in_band
2026-07-16T03:48:59Z,90.5821,0.528064,0.527218,-0.000846,in_band
2026-07-16T03:49:00Z,90.5821,0.527771,0.526926,-0.000845,in_band
2026-07-16T03:49:59Z,90.7301,0.510752,0.509934,-0.000818,in_band
2026-07-16T03:50:00Z,90.7301,0.510468,0.509651,-0.000817,in_band
2026-07-16T03:50:59Z,90.6554,0.494008,0.493217,-0.000791,in_band
2026-07-16T03:51:00Z,90.6554,0.493733,0.492943,-0.000791,in_band
2026-07-16T03:51:59Z,90.5516,0.477812,0.477047,-0.000765,in_band
2026-07-16T03:52:00Z,90.5516,0.477547,0.476782,-0.000765,in_band
2026-07-16T03:52:59Z,90.5776,0.462147,0.461408,-0.000740,in_band
2026-07-16T03:53:00Z,90.5776,0.461891,0.461151,-0.000740,in_band
2026-07-16T03:53:59Z,90.4723,0.446996,0.446281,-0.000716,in_band
2026-07-16T03:54:00Z,90.4723,0.446748,0.446033,-0.000715,in_band
2026-07-16T03:54:59Z,90.4585,0.432342,0.431650,-0.000692,in_band
2026-07-16T03:55:00Z,90.4585,0.432102,0.431410,-0.000692,in_band
2026-07-16T03:55:59Z,90.3960,0.418169,0.417499,-0.000670,in_band
2026-07-16T03:56:00Z,90.3960,0.417936,0.417267,-0.000669,in_band
2026-07-16T03:56:59Z,90.4036,0.404459,0.403812,-0.000648,in_band
2026-07-16T03:57:00Z,90.4036,0.404235,0.403587,-0.000647,in_band
2026-07-16T03:57:59Z,90.4097,0.391200,0.390573,-0.000627,in_band
2026-07-16T03:58:00Z,90.4097,0.390982,0.390356,-0.000626,in_band
2026-07-16T03:58:59Z,90.4372,0.378374,0.377769,-0.000606,in_band
2026-07-16T03:59:00Z,90.4372,0.378164,0.377559,-0.000606,in_band
2026-07-16T03:59:59Z,90.4463,0.365970,0.365384,-0.000586,in_band
2026-07-16T04:00:00Z,90.4463,0.365767,0.365181,-0.000586,in_band
2026-07-16T04:00:59Z,90.6340,0.353972,0.353405,-0.000567,in_band
2026-07-16T04:01:00Z,90.6340,0.353775,0.353209,-0.000566,in_band
2026-07-16T04:01:59Z,90.6783,0.342367,0.341819,-0.000548,in_band
2026-07-16T04:02:00Z,90.6783,0.342177,0.341629,-0.000548,in_band
2026-07-16T04:02:59Z,90.7378,0.331143,0.330613,-0.000530,in_band
2026-07-16T04:03:00Z,90.7378,0.330959,0.330429,-0.000530,in_band
2026-07-16T04:03:59Z,90.7515,0.320287,0.319774,-0.000513,in_band
2026-07-16T04:04:00Z,90.7515,0.320109,0.319597,-0.000513,in_band
2026-07-16T04:04:59Z,90.7988,0.309787,0.309291,-0.000496,in_band
2026-07-16T04:05:00Z,90.7988,0.309615,0.309119,-0.000496,in_band
2026-07-16T04:05:59Z,90.8492,0.299631,0.299151,-0.000480,in_band
2026-07-16T04:06:00Z,90.8492,0.299464,0.298985,-0.000480,in_band
2026-07-16T04:06:59Z,90.9499,0.289808,0.289344,-0.000464,in_band
2026-07-16T04:07:00Z,90.9499,0.289647,0.289183,-0.000464,in_band
2026-07-16T04:07:59Z,90.9300,0.280307,0.279858,-0.000449,in_band
2026-07-16T04:08:00Z,90.9300,0.280151,0.279702,-0.000449,in_band
2026-07-16T04:08:59Z,90.9987,0.271117,0.270683,-0.000434,in_band
2026-07-16T04:09:00Z,90.9987,0.270967,0.270533,-0.000434,in_band
2026-07-16T04:09:59Z,91.0307,0.262229,0.261809,-0.000420,in_band
2026-07-16T04:10:00Z,91.0307,0.262083,0.261664,-0.000420,in_band
2026-07-16T04:10:59Z,91.1009,0.253632,0.253226,-0.000406,in_band
2026-07-16T04:11:00Z,91.1009,0.253491,0.253085,-0.000406,in_band
2026-07-16T04:11:59Z,91.1406,0.245317,0.244924,-0.000393,in_band
2026-07-16T04:12:00Z,91.1406,0.245181,0.244788,-0.000393,in_band
2026-07-16T04:12:59Z,91.1818,0.237274,0.236895,-0.000380,in_band
2026-07-16T04:13:00Z,91.1818,0.237143,0.236763,-0.000380,in_band
2026-07-16T04:13:59Z,91.1543,0.229496,0.229128,-0.000367,in_band
2026-07-16T04:14:00Z,91.1543,0.229368,0.229001,-0.000367,in_band
2026-07-16T04:14:59Z,91.1559,0.221972,0.221616,-0.000355,in_band
2026-07-16T04:15:00Z,91.1559,0.221849,0.221493,-0.000355,in_band
2026-07-16T04:15:59Z,91.1818,0.214695,0.214351,-0.000344,in_band
2026-07-16T04:16:00Z,91.1818,0.214576,0.214232,-0.000344,in_band
2026-07-16T04:16:59Z,91.1879,0.207656,0.207324,-0.000332,in_band
2026-07-16T04:17:00Z,91.1879,0.207541,0.207209,-0.000332,in_band
2026-07-16T04:17:59Z,91.2276,0.200848,0.200527,-0.000322,in_band
2026-07-16T04:18:00Z,91.2276,0.200737,0.200416,-0.000321,in_band
2026-07-16T04:18:59Z,91.2291,0.194264,0.193953,-0.000311,in_band
2026-07-16T04:19:00Z,91.2291,0.194156,0.193845,-0.000311,in_band
2026-07-16T04:19:59Z,91.2932,0.187895,0.187594,-0.000301,in_band
2026-07-16T04:20:00Z,91.2932,0.187791,0.187490,-0.000301,in_band
2026-07-16T04:20:59Z,91.3100,0.181735,0.181444,-0.000291,in_band
2026-07-16T04:21:00Z,91.3100,0.181634,0.181343,-0.000291,in_band
2026-07-16T04:21:59Z,91.3008,0.175777,0.175496,-0.000281,in_band
2026-07-16T04:22:00Z,91.3008,0.175680,0.175398,-0.000281,in_band
2026-07-16T04:22:59Z,91.3756,0.170015,0.169742,-0.000272,in_band
2026-07-16T04:23:00Z,91.3756,0.169920,0.169648,-0.000272,in_band
2026-07-16T04:23:59Z,91.3970,0.164441,0.164178,-0.000263,in_band
2026-07-16T04:24:00Z,91.3970,0.164349,0.164086,-0.000263,in_band
2026-07-16T04:24:59Z,91.4336,0.159050,0.158795,-0.000255,in_band
2026-07-16T04:25:00Z,91.4336,0.158961,0.158707,-0.000255,in_band
2026-07-16T04:25:59Z,91.4351,0.153836,0.153589,-0.000246,in_band
2026-07-16T04:26:00Z,91.4351,0.153750,0.153504,-0.000246,in_band
2026-07-16T04:26:59Z,91.4199,0.148792,0.148554,-0.000238,in_band
2026-07-16T04:27:55Z,91.5023,0.144234,0.143123,-0.001111,above_band_high
2026-07-16T04:27:57Z,91.4626,0.144074,0.144004,-0.000070,in_band
2026-07-16T04:28:15Z,91.5251,0.142641,0.132397,-0.010244,above_band_high
2026-07-16T04:28:18Z,91.4992,0.139569,0.142960,0.003391,in_band
2026-07-16T04:29:46Z,91.5770,0.100622,0.108032,0.007410,above_band_high
2026-07-16T04:29:58Z,91.6167,0.101203,0.090381,-0.010822,above_band_high
2026-07-16T04:30:04Z,91.5755,0.093653,0.107562,0.013908,above_band_high
2026-07-16T04:30:33Z,91.6533,0.092829,0.072210,-0.020619,above_band_high
2026-07-16T04:31:45Z,91.6854,0.065378,0.051825,-0.013553,above_band_high
2026-07-16T04:31:58Z,91.6365,0.056078,0.071124,0.015046,above_band_high
2026-07-16T04:32:08Z,91.6487,0.048335,0.064652,0.016318,above_band_high
2026-07-16T04:32:55Z,91.7510,0.026499,0.014075,-0.012424,above_band_high
2026-07-16T04:33:17Z,91.6732,0.024604,0.043374,0.018770,above_band_high
2026-07-16T04:33:21Z,91.7311,0.029719,0.017887,-0.011833,above_band_high
2026-07-16T04:34:23Z,91.6304,0.025739,0.049083,0.023344,above_band_high
2026-07-16T04:34:31Z,91.6945,0.039208,0.020257,-0.018951,above_band_high
2026-07-16T04:35:35Z,91.6503,0.012438,0.027411,0.014973,above_band_high
2026-07-16T04:35:49Z,91.7098,0.011787,0.000000,-0.011787,above_band_high
2026-07-16T04:36:03Z,91.6503,0.006603,0.022260,0.015656,above_band_high
2026-07-16T04:36:09Z,91.6960,0.009400,0.001625,-0.007775,above_band_high
2026-07-16T04:37:00Z,91.7586,0.000000,0.000000,0.000000,above_band_high
2026-07-16T04:37:29Z,91.6533,0.000000,0.004613,0.004613,above_band_high
2026-07-16T04:38:00Z,91.7144,0.000000,0.000000,0.000000,above_band_high
2026-07-16T04:39:00Z,91.7510,0.000000,0.000000,0.000000,above_band_high
2026-07-16T04:40:00Z,91.7556,0.000000,0.000000,0.000000,above_band_high
2026-07-16T04:41:00Z,91.7189,0.000000,0.000000,0.000000,above_band_high
2026-07-16T04:42:00Z,91.7556,0.000000,0.000000,0.000000,above_band_high
2026-07-16T04:43:00Z,91.8181,0.000000,0.000000,0.000000,above_band_high
2026-07-16T04:44:00Z,91.8517,0.000000,0.000000,0.000000,above_band_high
2026-07-16T04:45:00Z,91.8929,0.000000,0.000000,0.000000,above_band_high
2026-07-16T04:46:00Z,91.9280,0.000000,0.000000,0.000000,above_band_high
2026-07-16T04:47:00Z,91.9738,0.000000,0.000000,0.000000,above_band_high
2026-07-16T04:48:00Z,92.0836,0.000000,0.000000,0.000000,above_band_high
2026-07-16T04:49:00Z,92.0531,0.000000,0.000000,0.000000,above_band_high
2026-07-16T04:50:00Z,92.1080,0.000000,0.000000,0.000000,above_band_high
2026-07-16T04:51:00Z,92.1447,0.000000,0.000000,0.000000,above_band_high
2026-07-16T04:52:00Z,92.1492,0.000000,0.000000,0.000000,above_band_high
2026-07-16T04:53:00Z,92.1431,0.000000,0.000000,0.000000,above_band_high
2026-07-16T04:54:00Z,92.1492,0.000000,0.000000,0.000000,above_band_high
2026-07-16T04:55:00Z,92.1584,0.000000,0.000000,0.000000,above_band_high
2026-07-16T04:56:00Z,92.1355,0.000000,0.000000,0.000000,above_band_high
2026-07-16T04:57:00Z,92.1584,0.000000,0.000000,0.000000,above_band_high
2026-07-16T04:58:00Z,92.1065,0.000000,0.000000,0.000000,above_band_high
2026-07-16T04:59:00Z,92.1019,0.000000,0.000000,0.000000,above_band_high
2026-07-16T05:00:00Z,92.0516,0.000000,0.000000,0.000000,above_band_high
2026-07-16T05:01:00Z,92.0882,0.000000,0.000000,0.000000,above_band_high
2026-07-16T05:02:00Z,92.0256,0.000000,0.000000,0.000000,above_band_high
2026-07-16T05:03:00Z,91.9066,0.000000,0.000000,0.000000,above_band_high
2026-07-16T05:04:00Z,91.8547,0.000000,0.000000,0.000000,above_band_high
2026-07-16T05:05:00Z,91.8013,0.000000,0.000000,0.000000,above_band_high
2026-07-16T05:06:00Z,91.7311,0.000000,0.000000,0.000000,above_band_high
2026-07-16T05:07:00Z,91.6182,0.000000,0.000000,0.000000,above_band_high
2026-07-16T05:08:00Z,91.5389,0.000000,0.000000,0.000000,above_band_high
2026-07-16T05:08:45Z,91.5068,0.000000,0.002510,0.002510,above_band_high
2026-07-16T05:09:19Z,91.4748,0.000000,0.003935,0.003935,in_band
2026-07-16T05:09:22Z,91.5175,0.002258,0.000000,-0.002258,above_band_high
2026-07-16T05:10:58Z,91.4153,0.000799,0.000779,-0.000021,in_band
2026-07-16T05:10:59Z,91.3848,0.000786,0.000766,-0.000020,in_band
2026-07-16T05:11:00Z,91.3848,0.000773,0.000753,-0.000020,in_band
2026-07-16T05:11:59Z,91.3344,0.000292,0.000284,-0.000007,in_band
2026-07-16T05:12:00Z,91.3344,0.000287,0.000279,-0.000007,in_band
2026-07-16T05:12:59Z,91.2749,0.000108,0.000105,-0.000003,in_band
2026-07-16T05:13:00Z,91.2749,0.000106,0.000104,-0.000003,in_band
2026-07-16T05:13:59Z,91.2520,0.000040,0.000039,-0.000001,in_band
2026-07-16T05:14:00Z,91.2520,0.000039,0.000038,-0.000001,in_band
2026-07-16T05:14:59Z,91.2367,0.000015,0.000015,-0.000000,in_band
2026-07-16T05:15:00Z,91.2367,0.000015,0.000014,-0.000000,in_band
2026-07-16T05:15:59Z,91.1192,0.000006,0.000005,-0.000000,in_band
2026-07-16T05:16:00Z,91.1192,0.000005,0.000005,-0.000000,in_band
2026-07-16T05:16:59Z,91.1131,0.000002,0.000002,-0.000000,in_band
2026-07-16T05:17:00Z,91.1131,0.000002,0.000002,-0.000000,in_band
2026-07-16T05:17:59Z,91.0674,0.000001,0.000001,-0.000000,in_band
2026-07-16T05:18:00Z,91.0674,0.000001,0.000001,-0.000000,in_band
2026-07-16T05:18:59Z,90.9804,0.000000,0.000000,-0.000000,in_band
2026-07-16T05:19:00Z,90.9804,0.000000,0.000000,-0.000000,in_band
2026-07-16T05:19:59Z,90.8980,0.000000,0.000000,-0.000000,in_band
2026-07-16T05:20:00Z,90.8980,0.000000,0.000000,-0.000000,in_band
2026-07-16T05:20:59Z,90.8995,0.000000,0.000000,-0.000000,in_band
2026-07-16T05:21:00Z,90.8995,0.000000,0.000000,-0.000000,in_band
2026-07-16T05:21:59Z,90.8171,0.000000,0.000000,-0.000000,in_band
2026-07-16T05:22:00Z,90.8171,0.000000,0.000000,-0.000000,in_band
2026-07-16T05:22:59Z,90.7668,0.000000,0.000000,-0.000000,in_band
2026-07-16T05:23:00Z,90.7668,0.000000,0.000000,-0.000000,in_band
2026-07-16T05:23:59Z,90.7027,0.000000,0.000000,-0.000000,in_band
2026-07-16T05:24:00Z,90.7027,0.000000,0.000000,-0.000000,in_band
2026-07-16T05:24:59Z,90.6416,0.000000,0.000000,-0.000000,in_band
2026-07-16T05:25:00Z,90.6416,0.000000,0.000000,-0.000000,in_band
2026-07-16T05:25:59Z,90.5821,0.000000,0.000000,-0.000000,in_band
2026-07-16T05:26:00Z,90.5821,0.000000,0.000000,-0.000000,in_band
2026-07-16T05:26:59Z,90.5104,0.000000,0.000000,-0.000000,in_band
2026-07-16T05:27:00Z,90.5104,0.000000,0.000000,-0.000000,in_band
2026-07-16T05:27:59Z,90.4234,0.000000,0.000000,-0.000000,in_band
2026-07-16T05:28:00Z,90.4234,0.000000,0.000000,-0.000000,in_band
2026-07-16T05:28:59Z,90.4036,0.000000,0.000000,-0.000000,in_band
2026-07-16T05:29:00Z,90.4036,0.000000,0.000000,-0.000000,in_band
2026-07-16T05:29:59Z,90.4036,0.000000,0.000000,-0.000000,in_band
2026-07-16T05:30:00Z,90.4036,0.000000,0.000000,-0.000000,in_band
2026-07-16T05:30:59Z,90.3685,0.000000,0.000000,-0.000000,in_band
2026-07-16T05:31:00Z,90.3685,0.000000,0.000000,-0.000000,in_band
2026-07-16T05:31:59Z,90.3304,0.000000,0.000000,-0.000000,in_band
2026-07-16T05:32:00Z,90.3304,0.000000,0.000000,-0.000000,in_band
2026-07-16T05:32:59Z,90.3532,0.000000,0.000000,-0.000000,in_band
2026-07-16T05:33:00Z,90.3532,0.000000,0.000000,-0.000000,in_band
2026-07-16T05:33:59Z,90.2724,0.000000,0.000000,-0.000000,in_band
2026-07-16T05:34:00Z,90.2724,0.000000,0.000000,-0.000000,in_band
2026-07-16T05:34:59Z,90.2388,0.000000,0.000000,-0.000000,in_band
2026-07-16T05:35:00Z,90.2388,0.000000,0.000000,-0.000000,in_band
2026-07-16T05:35:59Z,90.2129,0.000000,0.000000,-0.000000,in_band
2026-07-16T05:36:00Z,90.2129,0.000000,0.000000,-0.000000,in_band
2026-07-16T05:36:59Z,90.2296,0.000000,0.000000,-0.000000,in_band
2026-07-16T05:37:00Z,90.2296,0.000000,0.000000,-0.000000,in_band
2026-07-16T05:37:59Z,90.2129,0.000000,0.000000,-0.000000,in_band
2026-07-16T05:38:00Z,90.2129,0.000000,0.000000,-0.000000,in_band
2026-07-16T05:38:59Z,90.2068,0.000000,0.000000,-0.000000,in_band
2026-07-16T05:39:00Z,90.2068,0.000000,0.000000,-0.000000,in_band
2026-07-16T05:39:59Z,90.1991,0.000000,0.000000,-0.000000,in_band
2026-07-16T05:40:00Z,90.1991,0.000000,0.000000,-0.000000,in_band
2026-07-16T05:40:59Z,90.1991,0.000000,0.000000,-0.000000,in_band
2026-07-16T05:41:00Z,90.1991,0.000000,0.000000,-0.000000,in_band
2026-07-16T05:41:59Z,90.2205,0.000000,0.000000,-0.000000,in_band
2026-07-16T05:42:00Z,90.2205,0.000000,0.000000,-0.000000,in_band
2026-07-16T05:42:59Z,90.2449,0.000000,0.000000,-0.000000,in_band
2026-07-16T05:43:00Z,90.2449,0.000000,0.000000,-0.000000,in_band
2026-07-16T05:43:59Z,90.2312,0.000000,0.000000,-0.000000,in_band
2026-07-16T05:44:00Z,90.2312,0.000000,0.000000,-0.000000,in_band
2026-07-16T05:44:59Z,90.2296,0.000000,0.000000,-0.000000,in_band
2026-07-16T05:45:00Z,90.2296,0.000000,0.000000,-0.000000,in_band
2026-07-16T05:45:59Z,90.2953,0.000000,0.000000,-0.000000,in_band
2026-07-16T05:46:00Z,90.2953,0.000000,0.000000,-0.000000,in_band
2026-07-16T05:46:59Z,90.2358,0.000000,0.000000,-0.000000,in_band
2026-07-16T05:47:00Z,90.2358,0.000000,0.000000,-0.000000,in_band
2026-07-16T05:47:59Z,90.3166,0.000000,0.000000,-0.000000,in_band
2026-07-16T05:48:00Z,90.3166,0.000000,0.000000,-0.000000,in_band
2026-07-16T05:48:59Z,90.2892,0.000000,0.000000,-0.000000,in_band
2026-07-16T05:49:00Z,90.2892,0.000000,0.000000,-0.000000,in_band
2026-07-16T05:49:59Z,90.2892,0.000000,0.000000,-0.000000,in_band
2026-07-16T05:50:00Z,90.2892,0.000000,0.000000,-0.000000,in_band
2026-07-16T05:50:59Z,90.2770,0.000000,0.000000,-0.000000,in_band
2026-07-16T05:51:00Z,90.2770,0.000000,0.000000,-0.000000,in_band
2026-07-16T05:51:59Z,90.2083,0.000000,0.000000,-0.000000,in_band
2026-07-16T05:52:00Z,90.2083,0.000000,0.000000,-0.000000,in_band
2026-07-16T05:52:59Z,90.2434,0.000000,0.000000,-0.000000,in_band
2026-07-16T05:53:00Z,90.2434,0.000000,0.000000,-0.000000,in_band
2026-07-16T05:53:59Z,90.2312,0.000000,0.000000,-0.000000,in_band
2026-07-16T05:54:00Z,90.2312,0.000000,0.000000,-0.000000,in_band
2026-07-16T05:54:59Z,90.2083,0.000000,0.000000,-0.000000,in_band
2026-07-16T05:55:00Z,90.2083,0.000000,0.000000,-0.000000,in_band
2026-07-16T05:55:59Z,90.1701,0.000000,0.000000,-0.000000,in_band
2026-07-16T05:56:01Z,94.9462,0.000000,0.000000,-0.000000,above_band_high
2026-07-16T05:56:03Z,90.1656,0.000000,0.007348,0.007348,in_band
2026-07-16T05:57:00Z,90.1061,0.000000,0.002864,0.002864,in_band
2026-07-16T05:57:59Z,90.0832,0.000000,0.001080,0.001080,in_band
2026-07-16T05:58:31Z,94.8486,0.000000,0.000000,-0.000000,above_band_high
2026-07-16T05:58:33Z,90.0893,0.000000,0.007756,0.007756,in_band
2026-07-16T05:59:00Z,90.1259,0.000000,0.004964,0.004964,in_band
2026-07-16T05:59:59Z,90.0923,0.000000,0.001872,0.001872,in_band
2026-07-16T06:00:00Z,90.0923,0.000000,0.001841,0.001841,in_band
2026-07-16T06:00:59Z,90.1884,0.000000,0.000694,0.000694,in_band
2026-07-16T06:01:00Z,90.1884,0.000000,0.000683,0.000683,in_band
2026-07-16T06:01:59Z,90.1717,0.000000,0.000258,0.000258,in_band
2026-07-16T06:02:00Z,90.1717,0.000000,0.000253,0.000253,in_band
2026-07-16T06:02:59Z,90.1656,0.000000,0.000096,0.000096,in_band
2026-07-16T06:03:00Z,90.1656,0.000000,0.000094,0.000094,in_band
2026-07-16T06:03:59Z,90.1198,0.000000,0.000035,0.000035,in_band
2026-07-16T06:04:00Z,90.1198,0.000000,0.000035,0.000035,in_band
2026-07-16T06:04:59Z,90.1625,0.000000,0.000013,0.000013,in_band
2026-07-16T06:05:00Z,90.1625,0.000000,0.000013,0.000013,in_band
2026-07-16T06:05:59Z,90.1488,0.000000,0.000005,0.000005,in_band
2026-07-16T06:06:00Z,90.1488,0.000000,0.000005,0.000005,in_band
2026-07-16T06:06:59Z,90.1518,0.000000,0.000002,0.000002,in_band
2026-07-16T06:07:00Z,90.1518,0.000000,0.000002,0.000002,in_band
2026-07-16T06:07:59Z,90.1518,0.000000,0.000001,0.000001,in_band
2026-07-16T06:08:00Z,90.1518,0.000000,0.000001,0.000001,in_band
2026-07-16T06:08:59Z,90.1305,0.000000,0.000000,0.000000,in_band
2026-07-16T06:09:00Z,90.1305,0.000000,0.000000,0.000000,in_band
2026-07-16T06:09:59Z,90.1442,0.000000,0.000000,0.000000,in_band
2026-07-16T06:10:00Z,90.1442,0.000000,0.000000,0.000000,in_band
2026-07-16T06:10:59Z,90.1289,0.000000,0.000000,0.000000,in_band
2026-07-16T06:11:00Z,90.1289,0.000000,0.000000,0.000000,in_band
2026-07-16T06:11:59Z,90.1213,0.000000,0.000000,0.000000,in_band
2026-07-16T06:12:00Z,90.1213,0.000000,0.000000,0.000000,in_band
2026-07-16T06:12:59Z,90.1122,0.000000,0.000000,0.000000,in_band
2026-07-16T06:13:00Z,90.1122,0.000000,0.000000,0.000000,in_band
2026-07-16T06:13:59Z,90.1061,0.000000,0.000000,0.000000,in_band
2026-07-16T06:14:00Z,90.1061,0.000000,0.000000,0.000000,in_band
2026-07-16T06:14:59Z,90.0923,0.000000,0.000000,0.000000,in_band
2026-07-16T06:15:00Z,90.0923,0.000000,0.000000,0.000000,in_band
2026-07-16T06:15:59Z,90.0740,0.000000,0.000000,0.000000,in_band
2026-07-16T06:16:00Z,90.0740,0.000000,0.000000,0.000000,in_band
2026-07-16T06:16:59Z,90.0694,0.000000,0.000000,0.000000,in_band
2026-07-16T06:17:00Z,90.0694,0.000000,0.000000,0.000000,in_band
2026-07-16T06:17:59Z,90.0557,0.000000,0.000000,0.000000,in_band
2026-07-16T06:18:55Z,89.9886,0.000000,0.000019,0.000019,below_midpoint_feather
2026-07-16T06:18:57Z,90.0191,0.000000,0.000000,-0.000000,in_band
2026-07-16T06:19:28Z,90.0023,0.000007,0.000000,-0.000007,in_band
2026-07-16T06:19:39Z,89.9870,0.000000,0.000024,0.000024,below_midpoint_feather
2026-07-16T06:20:21Z,89.9519,0.000000,0.000329,0.000329,below_midpoint_feather
2026-07-16T06:20:42Z,90.0191,0.000060,0.000001,-0.000060,in_band
2026-07-16T06:21:02Z,89.9931,0.000090,0.000008,-0.000082,below_midpoint_feather
2026-07-16T06:21:35Z,89.9550,0.000045,0.000292,0.000247,below_midpoint_feather
2026-07-16T06:22:31Z,89.9550,0.000023,0.000298,0.000275,below_midpoint_feather
2026-07-16T06:22:58Z,89.9825,0.000145,0.000057,-0.000088,below_midpoint_feather
2026-07-16T06:23:34Z,89.9367,0.000099,0.000589,0.000490,below_midpoint_feather
2026-07-16T06:23:59Z,89.9611,0.000430,0.000240,-0.000190,below_midpoint_feather
2026-07-16T06:24:28Z,89.9321,0.000082,0.000691,0.000609,below_midpoint_feather
2026-07-16T06:24:57Z,89.9870,0.000845,0.000074,-0.000771,below_midpoint_feather
2026-07-16T06:25:21Z,89.8955,0.000706,0.001621,0.000915,below_midpoint_feather
2026-07-16T06:25:59Z,89.9504,0.000807,0.000460,-0.000347,below_midpoint_feather
2026-07-16T06:26:19Z,89.8741,0.000962,0.002391,0.001429,below_midpoint_feather
2026-07-16T06:26:33Z,89.9504,0.001085,0.000508,-0.000577,below_midpoint_feather
2026-07-16T06:27:03Z,89.8512,0.001837,0.003364,0.001527,below_midpoint_feather
2026-07-16T06:27:29Z,89.9229,0.002242,0.001127,-0.001114,below_midpoint_feather
2026-07-16T06:28:03Z,89.9138,0.002506,0.001448,-0.001058,below_midpoint_feather
2026-07-16T06:28:53Z,89.8329,0.003146,0.004550,0.001404,below_midpoint_feather
2026-07-16T06:29:05Z,89.8131,0.003560,0.005599,0.002039,below_midpoint_feather
2026-07-16T06:29:13Z,89.8772,0.004255,0.002813,-0.001442,below_midpoint_feather
2026-07-16T06:30:07Z,89.8146,0.003521,0.005846,0.002325,below_midpoint_feather
2026-07-16T06:30:13Z,89.8604,0.005611,0.003766,-0.001845,below_midpoint_feather
2026-07-16T06:31:04Z,89.8741,0.004440,0.003576,-0.000864,below_midpoint_feather
2026-07-16T06:31:25Z,89.8192,0.004981,0.006114,0.001133,below_midpoint_feather
2026-07-16T06:32:46Z,89.8039,0.005631,0.005120,-0.000510,below_midpoint_feather
2026-07-16T06:32:48Z,89.7948,0.005651,0.005663,0.000012,below_midpoint_feather
2026-07-16T06:34:55Z,89.6254,0.017993,0.021793,0.003800,below_midpoint_feather
2026-07-16T06:34:56Z,89.6895,0.018018,0.015575,-0.002443,below_midpoint_feather
2026-07-16T06:35:30Z,89.6574,0.022054,0.019551,-0.002503,below_midpoint_feather
2026-07-16T06:35:41Z,89.5811,0.024385,0.028184,0.003799,below_midpoint_feather
2026-07-16T06:36:38Z,89.5338,0.038909,0.036630,-0.002279,below_midpoint_feather
2026-07-16T06:36:46Z,89.4713,0.039132,0.045922,0.006790,below_midpoint_feather
2026-07-16T06:37:30Z,89.4743,0.055725,0.048355,-0.007370,below_midpoint_feather
2026-07-16T06:37:38Z,89.4331,0.048697,0.055378,0.006681,below_midpoint_feather
2026-07-16T06:38:34Z,89.4621,0.058354,0.055591,-0.002762,below_midpoint_feather
2026-07-16T06:38:46Z,89.3690,0.062156,0.072166,0.010011,below_midpoint_feather
2026-07-16T06:39:00Z,89.4347,0.065987,0.062328,-0.003659,below_midpoint_feather
2026-07-16T06:39:44Z,89.3370,0.076518,0.083919,0.007401,below_midpoint_feather
2026-07-16T06:40:00Z,89.3690,0.083564,0.079822,-0.003742,below_midpoint_feather
2026-07-16T06:40:09Z,89.2866,0.088940,0.096635,0.007695,below_midpoint_feather
2026-07-16T06:41:04Z,89.2958,0.108711,0.102081,-0.006629,below_midpoint_feather
2026-07-16T06:41:41Z,89.1829,0.123675,0.132303,0.008628,below_midpoint_feather
2026-07-16T06:42:08Z,89.1875,0.138482,0.135992,-0.002490,below_midpoint_feather
2026-07-16T06:42:53Z,89.0501,0.166975,0.179506,0.012532,below_midpoint_feather
2026-07-16T06:43:04Z,89.1096,0.175398,0.166441,-0.008957,below_midpoint_feather
2026-07-16T06:43:50Z,88.9540,0.200458,0.220858,0.020400,below_midpoint_feather
2026-07-16T06:44:47Z,88.8975,0.245223,0.255028,0.009805,below_midpoint_feather
2026-07-16T06:44:52Z,88.9754,0.246841,0.233128,-0.013713,below_midpoint_feather
2026-07-16T06:45:38Z,88.8945,0.276475,0.273582,-0.002893,below_midpoint_feather
2026-07-16T06:45:51Z,88.8289,0.288604,0.299629,0.011025,below_midpoint_feather
2026-07-16T06:46:10Z,88.8609,0.301845,0.296424,-0.005421,below_midpoint_feather
2026-07-16T06:46:39Z,88.8060,0.312501,0.326405,0.013905,below_midpoint_feather
2026-07-16T06:47:16Z,88.9082,0.318648,0.308852,-0.009797,below_midpoint_feather
2026-07-16T06:47:44Z,88.8106,0.336506,0.352493,0.015987,below_midpoint_feather
2026-07-16T06:48:09Z,88.8350,0.345757,0.355089,0.009332,below_midpoint_feather
2026-07-16T06:48:53Z,88.9845,0.343068,0.327662,-0.015405,below_midpoint_feather
2026-07-16T06:49:13Z,89.0272,0.334230,0.323887,-0.010343,below_midpoint_feather
2026-07-16T06:49:38Z,88.9631,0.335918,0.352018,0.016100,below_midpoint_feather
2026-07-16T06:50:24Z,89.0440,0.355898,0.345992,-0.009906,below_midpoint_feather
2026-07-16T06:50:56Z,89.0486,0.344339,0.355909,0.011570,below_midpoint_feather
2026-07-16T06:51:30Z,89.0776,0.351123,0.359206,0.008083,below_midpoint_feather
2026-07-16T06:51:54Z,89.1371,0.367606,0.351418,-0.016188,below_midpoint_feather
2026-07-16T06:52:19Z,89.1096,0.373865,0.365701,-0.008164,below_midpoint_feather
2026-07-16T06:52:56Z,89.0578,0.382304,0.389989,0.007685,below_midpoint_feather
2026-07-16T06:53:04Z,89.0776,0.382628,0.387030,0.004402,below_midpoint_feather
2026-07-16T06:53:21Z,89.1875,0.375560,0.364750,-0.010810,below_midpoint_feather
2026-07-16T06:54:04Z,89.2515,0.354802,0.361531,0.006729,below_midpoint_feather
2026-07-16T06:54:55Z,89.3889,0.355689,0.345691,-0.009998,below_midpoint_feather
2026-07-16T06:55:01Z,89.3919,0.353409,0.346309,-0.007100,below_midpoint_feather
2026-07-16T06:55:36Z,89.4469,0.336334,0.343268,0.006934,below_midpoint_feather
2026-07-16T06:56:45Z,89.6498,0.330006,0.325645,-0.004362,below_midpoint_feather
2026-07-16T06:56:46Z,89.5537,0.332393,0.336628,0.004235,below_midpoint_feather
2026-07-16T06:57:29Z,89.7398,0.326779,0.321437,-0.005342,below_midpoint_feather
2026-07-16T06:57:54Z,89.7765,0.318470,0.320458,0.001989,below_midpoint_feather
2026-07-16T06:58:25Z,89.8634,0.319338,0.317390,-0.001948,below_midpoint_feather
2026-07-16T06:58:32Z,89.8238,0.318257,0.319403,0.001146,below_midpoint_feather
2026-07-16T06:59:08Z,89.8924,0.316914,0.317613,0.000698,below_midpoint_feather
2026-07-16T06:59:19Z,89.9504,0.317221,0.316531,-0.000690,below_midpoint_feather
2026-07-16T07:00:05Z,90.0191,0.315902,0.315374,-0.000528,in_band
2026-07-16T07:00:07Z,89.9870,0.315569,0.315416,-0.000154,below_midpoint_feather
2026-07-16T07:01:00Z,90.1427,0.306721,0.306529,-0.000192,in_band
2026-07-16T07:01:58Z,90.2342,0.297131,0.296937,-0.000194,in_band
2026-07-16T07:02:00Z,90.2159,0.296804,0.296610,-0.000194,in_band
2026-07-16T07:02:59Z,90.3716,0.287283,0.287092,-0.000191,in_band
2026-07-16T07:03:00Z,90.3670,0.287124,0.286933,-0.000191,in_band
2026-07-16T07:03:59Z,90.4005,0.277885,0.277699,-0.000186,in_band
2026-07-16T07:04:00Z,90.4463,0.277730,0.277544,-0.000186,in_band
2026-07-16T07:04:59Z,90.5150,0.268782,0.268601,-0.000180,in_band
2026-07-16T07:05:00Z,90.5058,0.268632,0.268452,-0.000180,in_band
2026-07-16T07:05:59Z,90.5821,0.259972,0.259798,-0.000175,in_band
2026-07-16T07:06:00Z,90.6004,0.259828,0.259654,-0.000174,in_band
2026-07-16T07:06:59Z,90.7240,0.251451,0.251282,-0.000169,in_band
2026-07-16T07:07:00Z,90.7240,0.251311,0.251142,-0.000169,in_band
2026-07-16T07:07:57Z,90.8797,0.243478,0.243314,-0.000163,in_band
2026-07-16T07:08:00Z,90.8843,0.243072,0.242909,-0.000163,in_band
2026-07-16T07:08:59Z,90.9941,0.235234,0.235076,-0.000158,in_band
2026-07-16T07:09:00Z,90.9712,0.235104,0.234946,-0.000158,in_band
2026-07-16T07:09:59Z,91.0689,0.227522,0.227370,-0.000153,in_band
2026-07-16T07:10:00Z,91.0552,0.227396,0.227243,-0.000153,in_band
2026-07-16T07:10:59Z,91.1284,0.220063,0.219915,-0.000148,in_band
2026-07-16T07:11:01Z,91.1559,0.219819,0.219671,-0.000148,in_band
2026-07-16T07:11:59Z,91.1971,0.212849,0.212706,-0.000143,in_band
2026-07-16T07:12:00Z,91.1955,0.212731,0.212588,-0.000143,in_band
2026-07-16T07:12:59Z,91.2505,0.205871,0.205732,-0.000138,in_band
2026-07-16T07:13:00Z,91.2779,0.205756,0.205618,-0.000138,in_band
2026-07-16T07:13:59Z,91.3375,0.199122,0.198988,-0.000134,in_band
2026-07-16T07:14:00Z,91.3603,0.199011,0.198877,-0.000134,in_band
2026-07-16T07:14:59Z,91.4031,0.192594,0.192464,-0.000129,in_band
2026-07-16T07:15:57Z,91.4611,0.186487,0.186361,-0.000125,in_band
2026-07-16T07:15:58Z,91.5160,0.186383,0.179543,-0.006840,above_band_high
2026-07-16T07:16:22Z,91.4839,0.183914,0.184398,0.000483,in_band
2026-07-16T07:16:28Z,91.5221,0.179841,0.174665,-0.005175,above_band_high
2026-07-16T07:17:56Z,91.5679,0.151824,0.153388,0.001564,above_band_high
2026-07-16T07:17:59Z,91.6075,0.145845,0.136339,-0.009507,above_band_high
2026-07-16T07:18:04Z,91.5770,0.139779,0.149138,0.009359,above_band_high
2026-07-16T07:18:49Z,91.6640,0.122769,0.109211,-0.013558,above_band_high
2026-07-16T07:19:26Z,91.7006,0.113388,0.089926,-0.023462,above_band_high
2026-07-16T07:19:56Z,91.6503,0.088272,0.107679,0.019407,above_band_high
2026-07-16T07:20:22Z,91.7189,0.094347,0.074618,-0.019729,above_band_high
2026-07-16T07:20:58Z,91.6579,0.073557,0.094736,0.021179,above_band_high
2026-07-16T07:21:14Z,91.6945,0.062910,0.076253,0.013343,above_band_high
2026-07-16T07:21:37Z,91.7556,0.059885,0.045856,-0.014029,above_band_high
2026-07-16T07:22:09Z,91.7632,0.046290,0.036066,-0.010224,above_band_high
2026-07-16T07:22:50Z,91.7403,0.018933,0.036583,0.017650,above_band_high
2026-07-16T07:23:08Z,91.8135,0.020407,0.000936,-0.019471,above_band_high
2026-07-16T07:23:14Z,91.7739,0.013066,0.016370,0.003304,above_band_high
2026-07-16T07:24:00Z,91.8044,0.000000,0.000000,0.000000,above_band_high
2026-07-16T07:25:00Z,91.8471,0.000000,0.000000,0.000000,above_band_high
2026-07-16T07:26:00Z,91.8425,0.000000,0.000000,0.000000,above_band_high
2026-07-16T07:27:00Z,91.8868,0.000000,0.000000,0.000000,above_band_high
2026-07-16T07:28:00Z,91.8959,0.000000,0.000000,0.000000,above_band_high
2026-07-16T07:29:00Z,91.9066,0.000000,0.000000,0.000000,above_band_high
2026-07-16T07:30:00Z,91.9234,0.000000,0.000000,0.000000,above_band_high
2026-07-16T07:31:00Z,91.9341,0.000000,0.000000,0.000000,above_band_high
2026-07-16T07:32:00Z,91.9417,0.000000,0.000000,0.000000,above_band_high
2026-07-16T07:33:00Z,91.9600,0.000000,0.000000,0.000000,above_band_high
2026-07-16T07:34:00Z,91.9600,0.000000,0.000000,0.000000,above_band_high
2026-07-16T07:35:00Z,91.9463,0.000000,0.000000,0.000000,above_band_high
2026-07-16T07:36:00Z,91.9829,0.000000,0.000000,0.000000,above_band_high
2026-07-16T07:37:00Z,91.9783,0.000000,0.000000,0.000000,above_band_high
2026-07-16T07:38:00Z,91.9524,0.000000,0.000000,0.000000,above_band_high
2026-07-16T07:39:00Z,91.9432,0.000000,0.000000,0.000000,above_band_high
2026-07-16T07:40:00Z,91.9097,0.000000,0.000000,0.000000,above_band_high
2026-07-16T07:41:00Z,91.9020,0.000000,0.000000,0.000000,above_band_high
2026-07-16T07:42:00Z,91.8318,0.000000,0.000000,0.000000,above_band_high
2026-07-16T07:43:00Z,91.7540,0.000000,0.000000,0.000000,above_band_high
2026-07-16T07:44:00Z,91.7769,0.000000,0.000000,0.000000,above_band_high
2026-07-16T07:45:00Z,91.7220,0.000000,0.000000,0.000000,above_band_high
2026-07-16T07:46:00Z,91.6716,0.000000,0.000000,0.000000,above_band_high
2026-07-16T07:47:00Z,91.6594,0.000000,0.000000,0.000000,above_band_high
2026-07-16T07:48:00Z,91.6396,0.000000,0.000000,0.000000,above_band_high
2026-07-16T07:49:00Z,91.5801,0.000000,0.000000,0.000000,above_band_high
2026-07-16T07:50:00Z,91.5526,0.000000,0.000000,0.000000,above_band_high
2026-07-16T07:50:56Z,91.5038,0.000000,0.002445,0.002445,above_band_high
2026-07-16T07:51:04Z,91.5084,0.002336,0.000096,-0.002239,above_band_high
2026-07-16T07:51:12Z,91.4839,0.000000,0.003383,0.003383,in_band
2026-07-16T07:53:00Z,91.4305,0.000635,0.000638,0.000002,in_band
2026-07-16T07:53:59Z,91.4168,0.000240,0.000240,0.000001,in_band
2026-07-16T07:54:00Z,91.4214,0.000236,0.000237,0.000001,in_band
2026-07-16T07:54:59Z,91.3970,0.000089,0.000089,0.000000,in_band
2026-07-16T07:55:00Z,91.4107,0.000087,0.000088,0.000000,in_band
2026-07-16T07:55:59Z,91.3664,0.000033,0.000033,0.000000,in_band
2026-07-16T07:56:00Z,91.3710,0.000032,0.000033,0.000000,in_band
2026-07-16T07:56:59Z,91.3573,0.000012,0.000012,0.000000,in_band
2026-07-16T07:57:00Z,91.3664,0.000012,0.000012,0.000000,in_band
2026-07-16T07:57:59Z,91.3649,0.000005,0.000005,0.000000,in_band
2026-07-16T07:58:00Z,91.3664,0.000004,0.000004,0.000000,in_band
2026-07-16T07:58:59Z,91.3664,0.000002,0.000002,0.000000,in_band
2026-07-16T07:59:00Z,91.3573,0.000002,0.000002,0.000000,in_band
2026-07-16T07:59:59Z,91.3878,0.000001,0.000001,0.000000,in_band
2026-07-16T08:00:00Z,91.3527,0.000001,0.000001,0.000000,in_band
2026-07-16T08:00:59Z,91.3436,0.000000,0.000000,0.000000,in_band
2026-07-16T08:01:00Z,91.3649,0.000000,0.000000,0.000000,in_band
2026-07-16T08:01:59Z,91.3573,0.000000,0.000000,0.000000,in_band
2026-07-16T08:02:00Z,91.3420,0.000000,0.000000,0.000000,in_band
2026-07-16T08:02:59Z,91.3573,0.000000,0.000000,0.000000,in_band
2026-07-16T08:03:00Z,91.3390,0.000000,0.000000,0.000000,in_band
2026-07-16T08:03:59Z,91.3191,0.000000,0.000000,0.000000,in_band
2026-07-16T08:04:00Z,91.3329,0.000000,0.000000,0.000000,in_band
2026-07-16T08:04:59Z,91.3069,0.000000,0.000000,0.000000,in_band
2026-07-16T08:05:00Z,91.3252,0.000000,0.000000,0.000000,in_band
2026-07-16T08:05:59Z,91.2657,0.000000,0.000000,0.000000,in_band
2026-07-16T08:06:00Z,91.2825,0.000000,0.000000,0.000000,in_band
2026-07-16T08:06:59Z,91.2459,0.000000,0.000000,0.000000,in_band
2026-07-16T08:07:00Z,91.2520,0.000000,0.000000,0.000000,in_band
2026-07-16T08:07:59Z,91.2062,0.000000,0.000000,0.000000,in_band
2026-07-16T08:08:00Z,91.2108,0.000000,0.000000,0.000000,in_band
2026-07-16T08:08:59Z,91.1833,0.000000,0.000000,0.000000,in_band
2026-07-16T08:09:00Z,91.1833,0.000000,0.000000,0.000000,in_band
2026-07-16T08:09:59Z,91.1101,0.000000,0.000000,0.000000,in_band
2026-07-16T08:10:00Z,91.1086,0.000000,0.000000,0.000000,in_band
2026-07-16T08:10:59Z,91.0216,0.000000,0.000000,0.000000,in_band
2026-07-16T08:11:00Z,91.0674,0.000000,0.000000,0.000000,in_band
2026-07-16T08:11:59Z,90.9865,0.000000,0.000000,0.000000,in_band
2026-07-16T08:12:00Z,91.0002,0.000000,0.000000,0.000000,in_band
2026-07-16T08:12:59Z,90.9758,0.000000,0.000000,0.000000,in_band
2026-07-16T08:13:00Z,90.9804,0.000000,0.000000,0.000000,in_band
2026-07-16T08:13:59Z,90.9361,0.000000,0.000000,0.000000,in_band
2026-07-16T08:14:00Z,90.9300,0.000000,0.000000,0.000000,in_band
2026-07-16T08:14:59Z,90.8888,0.000000,0.000000,0.000000,in_band
2026-07-16T08:15:00Z,90.8934,0.000000,0.000000,0.000000,in_band
2026-07-16T08:15:59Z,90.8354,0.000000,0.000000,0.000000,in_band
2026-07-16T08:16:00Z,90.8675,0.000000,0.000000,0.000000,in_band
2026-07-16T08:16:59Z,90.8583,0.000000,0.000000,0.000000,in_band
2026-07-16T08:17:00Z,90.8125,0.000000,0.000000,0.000000,in_band
2026-07-16T08:17:59Z,90.7622,0.000000,0.000000,0.000000,in_band
2026-07-16T08:18:00Z,90.7897,0.000000,0.000000,0.000000,in_band
2026-07-16T08:18:59Z,90.7469,0.000000,0.000000,0.000000,in_band
2026-07-16T08:19:00Z,90.7576,0.000000,0.000000,0.000000,in_band
2026-07-16T08:19:59Z,90.7103,0.000000,0.000000,0.000000,in_band
2026-07-16T08:20:00Z,90.7393,0.000000,0.000000,0.000000,in_band
2026-07-16T08:20:59Z,90.6874,0.000000,0.000000,0.000000,in_band
2026-07-16T08:21:00Z,90.6691,0.000000,0.000000,0.000000,in_band
2026-07-16T08:21:59Z,90.6645,0.000000,0.000000,0.000000,in_band
2026-07-16T08:22:00Z,90.7012,0.000000,0.000000,0.000000,in_band
2026-07-16T08:22:59Z,90.6371,0.000000,0.000000,0.000000,in_band
2026-07-16T08:23:00Z,90.6508,0.000000,0.000000,0.000000,in_band
2026-07-16T08:23:59Z,90.6325,0.000000,0.000000,0.000000,in_band
2026-07-16T08:24:00Z,90.6340,0.000000,0.000000,0.000000,in_band
2026-07-16T08:24:59Z,90.5913,0.000000,0.000000,0.000000,in_band
2026-07-16T08:25:00Z,90.6371,0.000000,0.000000,0.000000,in_band
2026-07-16T08:25:59Z,90.5821,0.000000,0.000000,0.000000,in_band
2026-07-16T08:26:00Z,90.6325,0.000000,0.000000,0.000000,in_band
2026-07-16T08:26:59Z,90.5699,0.000000,0.000000,0.000000,in_band
2026-07-16T08:27:00Z,90.5608,0.000000,0.000000,0.000000,in_band
2026-07-16T08:27:59Z,90.5058,0.000000,0.000000,0.000000,in_band
2026-07-16T08:28:00Z,90.5745,0.000000,0.000000,0.000000,in_band
2026-07-16T08:28:59Z,90.5455,0.000000,0.000000,0.000000,in_band
2026-07-16T08:29:00Z,90.5638,0.000000,0.000000,0.000000,in_band
2026-07-16T08:29:59Z,90.5272,0.000000,0.000000,0.000000,in_band
2026-07-16T08:30:00Z,90.5409,0.000000,0.000000,0.000000,in_band
2026-07-16T08:30:59Z,90.4829,0.000000,0.000000,0.000000,in_band
2026-07-16T08:31:00Z,90.5058,0.000000,0.000000,0.000000,in_band
2026-07-16T08:31:59Z,90.4601,0.000000,0.000000,0.000000,in_band
2026-07-16T08:32:00Z,90.5104,0.000000,0.000000,0.000000,in_band
2026-07-16T08:32:59Z,90.4906,0.000000,0.000000,0.000000,in_band
2026-07-16T08:33:00Z,90.4967,0.000000,0.000000,0.000000,in_band
2026-07-16T08:33:59Z,90.4723,0.000000,0.000000,0.000000,in_band
2026-07-16T08:34:00Z,90.4509,0.000000,0.000000,0.000000,in_band
2026-07-16T08:34:59Z,90.4768,0.000000,0.000000,0.000000,in_band
2026-07-16T08:35:00Z,90.4723,0.000000,0.000000,0.000000,in_band
2026-07-16T08:35:59Z,90.4219,0.000000,0.000000,0.000000,in_band
2026-07-16T08:36:00Z,90.4326,0.000000,0.000000,0.000000,in_band
2026-07-16T08:36:59Z,90.4051,0.000000,0.000000,0.000000,in_band
2026-07-16T08:37:00Z,90.3960,0.000000,0.000000,0.000000,in_band
2026-07-16T08:37:59Z,90.3136,0.000000,0.000000,0.000000,in_band
2026-07-16T08:38:00Z,90.3349,0.000000,0.000000,0.000000,in_band
2026-07-16T08:38:59Z,90.2586,0.000000,0.000000,0.000000,in_band
2026-07-16T08:39:00Z,90.2083,0.000000,0.000000,0.000000,in_band
2026-07-16T08:39:59Z,90.2113,0.000000,0.000000,0.000000,in_band
2026-07-16T08:40:00Z,90.1671,0.000000,0.000000,0.000000,in_band
2026-07-16T08:40:59Z,90.1610,0.000000,0.000000,0.000000,in_band
2026-07-16T08:41:00Z,90.1518,0.000000,0.000000,0.000000,in_band
2026-07-16T08:41:59Z,90.0801,0.000000,0.000000,0.000000,in_band
2026-07-16T08:42:56Z,89.9748,0.000007,0.000090,0.000083,below_midpoint_feather
2026-07-16T08:42:58Z,89.9931,0.000007,0.000007,-0.000000,below_midpoint_feather
2026-07-16T08:43:36Z,89.9565,0.000019,0.000269,0.000251,below_midpoint_feather
2026-07-16T08:43:44Z,89.9962,0.000139,0.000003,-0.000136,below_midpoint_feather
2026-07-16T08:44:16Z,89.9794,0.000468,0.000065,-0.000403,below_midpoint_feather
2026-07-16T08:44:38Z,89.8558,0.001564,0.002971,0.001407,below_midpoint_feather
2026-07-16T08:45:10Z,89.8695,0.003816,0.002495,-0.001321,below_midpoint_feather
2026-07-16T08:45:56Z,89.7322,0.007301,0.010521,0.003220,below_midpoint_feather
2026-07-16T08:46:05Z,89.7139,0.009215,0.012041,0.002826,below_midpoint_feather
2026-07-16T08:46:12Z,89.7765,0.010056,0.007580,-0.002476,below_midpoint_feather
2026-07-16T08:47:04Z,89.7459,0.013164,0.010412,-0.002752,below_midpoint_feather
2026-07-16T08:47:54Z,89.6208,0.017899,0.022796,0.004897,below_midpoint_feather
2026-07-16T08:48:28Z,89.6590,0.023170,0.019898,-0.003272,below_midpoint_feather
2026-07-16T08:48:58Z,89.5796,0.024715,0.029556,0.004842,below_midpoint_feather
2026-07-16T08:49:04Z,89.6269,0.027485,0.024450,-0.003035,below_midpoint_feather
2026-07-16T08:49:24Z,89.5262,0.030806,0.037407,0.006601,below_midpoint_feather
2026-07-16T08:50:35Z,89.4484,0.047008,0.052611,0.005603,below_midpoint_feather
2026-07-16T08:50:56Z,89.4987,0.053067,0.046547,-0.006520,below_midpoint_feather
2026-07-16T08:51:26Z,89.4743,0.056371,0.052504,-0.003867,below_midpoint_feather
2026-07-16T08:51:52Z,89.4026,0.060104,0.066272,0.006168,below_midpoint_feather
2026-07-16T08:52:22Z,89.3751,0.065228,0.073977,0.008748,below_midpoint_feather
2026-07-16T08:52:32Z,89.4255,0.070064,0.066412,-0.003652,below_midpoint_feather
2026-07-16T08:53:36Z,89.3339,0.081921,0.089694,0.007773,below_midpoint_feather
2026-07-16T08:53:48Z,89.4102,0.084714,0.077502,-0.007213,below_midpoint_feather
2026-07-16T08:54:24Z,89.3065,0.094511,0.100887,0.006376,below_midpoint_feather
2026-07-16T08:54:30Z,89.3797,0.095276,0.087972,-0.007303,below_midpoint_feather
2026-07-16T08:55:28Z,89.3706,0.093051,0.097288,0.004238,below_midpoint_feather
2026-07-16T08:55:36Z,89.4560,0.092544,0.084088,-0.008456,below_midpoint_feather
2026-07-16T08:56:36Z,89.4118,0.094742,0.098614,0.003871,below_midpoint_feather
2026-07-16T08:56:49Z,89.4530,0.097735,0.093451,-0.004283,below_midpoint_feather
2026-07-16T08:57:12Z,89.3935,0.097158,0.105802,0.008644,below_midpoint_feather
2026-07-16T08:57:36Z,89.4667,0.099329,0.096577,-0.002752,below_midpoint_feather
2026-07-16T08:58:10Z,89.5171,0.101565,0.092977,-0.008588,below_midpoint_feather
2026-07-16T08:58:54Z,89.4392,0.101352,0.109127,0.007775,below_midpoint_feather
2026-07-16T08:59:20Z,89.5033,0.105979,0.102091,-0.003888,below_midpoint_feather
2026-07-16T08:59:44Z,89.4392,0.108098,0.114069,0.005970,below_midpoint_feather
2026-07-16T09:00:22Z,89.4881,0.117414,0.110300,-0.007114,below_midpoint_feather
2026-07-16T09:00:30Z,89.4072,0.116274,0.123794,0.007520,below_midpoint_feather
2026-07-16T09:01:36Z,89.3477,0.133347,0.141148,0.007801,below_midpoint_feather
2026-07-16T09:01:44Z,89.3965,0.137731,0.133318,-0.004413,below_midpoint_feather
2026-07-16T09:02:36Z,89.3278,0.142195,0.151914,0.009719,below_midpoint_feather
2026-07-16T09:02:48Z,89.4072,0.142847,0.139114,-0.003733,below_midpoint_feather
2026-07-16T09:03:30Z,89.3385,0.147766,0.156580,0.008814,below_midpoint_feather
2026-07-16T09:03:56Z,89.3736,0.156771,0.153429,-0.003342,below_midpoint_feather
2026-07-16T09:04:20Z,89.3690,0.160692,0.157354,-0.003338,below_midpoint_feather
2026-07-16T09:04:28Z,89.3233,0.158393,0.166922,0.008529,below_midpoint_feather
2026-07-16T09:05:06Z,89.3065,0.165384,0.175266,0.009882,below_midpoint_feather
2026-07-16T09:05:22Z,89.3736,0.168106,0.164837,-0.003269,below_midpoint_feather
2026-07-16T09:06:34Z,89.2592,0.186107,0.197353,0.011246,below_midpoint_feather
2026-07-16T09:06:38Z,89.3294,0.188814,0.183867,-0.004947,below_midpoint_feather
2026-07-16T09:07:14Z,89.3385,0.193093,0.187668,-0.005424,below_midpoint_feather
2026-07-16T09:07:40Z,89.2515,0.199260,0.209165,0.009905,below_midpoint_feather
2026-07-16T09:08:12Z,89.3065,0.208714,0.203033,-0.005682,below_midpoint_feather
2026-07-16T09:08:46Z,89.2363,0.214367,0.223231,0.008864,below_midpoint_feather
2026-07-16T09:09:06Z,89.2454,0.215262,0.224652,0.009391,below_midpoint_feather
2026-07-16T09:09:32Z,89.2912,0.227311,0.219579,-0.007732,below_midpoint_feather
2026-07-16T09:10:24Z,89.2912,0.234528,0.228789,-0.005738,below_midpoint_feather
2026-07-16T09:10:32Z,89.2500,0.230921,0.238790,0.007869,below_midpoint_feather
2026-07-16T09:11:04Z,89.3156,0.234187,0.231139,-0.003048,below_midpoint_feather
2026-07-16T09:11:50Z,89.2363,0.246863,0.255505,0.008643,below_midpoint_feather
2026-07-16T09:12:32Z,89.2424,0.252112,0.261646,0.009534,below_midpoint_feather
2026-07-16T09:12:38Z,89.3019,0.258245,0.250398,-0.007846,below_midpoint_feather
2026-07-16T09:13:20Z,89.3187,0.260665,0.254593,-0.006071,below_midpoint_feather
2026-07-16T09:13:34Z,89.2332,0.267234,0.274655,0.007421,below_midpoint_feather
2026-07-16T09:14:28Z,89.2973,0.276848,0.270892,-0.005956,below_midpoint_feather
2026-07-16T09:14:38Z,89.2546,0.275816,0.281505,0.005689,below_midpoint_feather
2026-07-16T09:15:18Z,89.2638,0.278930,0.286684,0.007754,below_midpoint_feather
2026-07-16T09:15:32Z,89.3156,0.281368,0.278641,-0.002726,below_midpoint_feather
2026-07-16T09:16:04Z,89.2561,0.288707,0.296234,0.007527,below_midpoint_feather
2026-07-16T09:16:34Z,89.3553,0.287750,0.281761,-0.005989,below_midpoint_feather
2026-07-16T09:17:18Z,89.3248,0.289347,0.294550,0.005203,below_midpoint_feather
2026-07-16T09:17:58Z,89.3935,0.297377,0.288056,-0.009321,below_midpoint_feather
2026-07-16T09:18:10Z,89.3248,0.298027,0.302360,0.004333,below_midpoint_feather
2026-07-16T09:18:16Z,89.4102,0.297501,0.287877,-0.009624,below_midpoint_feather
2026-07-16T09:19:10Z,89.3690,0.294651,0.302586,0.007935,below_midpoint_feather
2026-07-16T09:19:16Z,89.4240,0.299089,0.293940,-0.005149,below_midpoint_feather
2026-07-16T09:20:00Z,89.3645,0.303428,0.309836,0.006409,below_midpoint_feather
2026-07-16T09:20:42Z,89.4484,0.305632,0.300974,-0.004658,below_midpoint_feather
2026-07-16T09:21:10Z,89.4560,0.307532,0.303180,-0.004351,below_midpoint_feather
2026-07-16T09:21:34Z,89.3828,0.311869,0.318085,0.006216,below_midpoint_feather
2026-07-16T09:22:06Z,89.4560,0.316321,0.309681,-0.006640,below_midpoint_feather
2026-07-16T09:22:32Z,89.4148,0.311930,0.319280,0.007350,below_midpoint_feather
2026-07-16T09:23:44Z,89.4835,0.317475,0.316112,-0.001363,below_midpoint_feather
2026-07-16T09:23:54Z,89.4285,0.318457,0.325594,0.007138,below_midpoint_feather
2026-07-16T09:24:16Z,89.5155,0.319228,0.314694,-0.004534,below_midpoint_feather
2026-07-16T09:24:18Z,89.4621,0.319422,0.322654,0.003232,below_midpoint_feather
2026-07-16T09:25:38Z,89.4942,0.319515,0.325072,0.005558,below_midpoint_feather
2026-07-16T09:25:52Z,89.5491,0.323802,0.318746,-0.005057,below_midpoint_feather
2026-07-16T09:26:04Z,89.4713,0.321642,0.330567,0.008926,below_midpoint_feather
2026-07-16T09:26:16Z,89.5705,0.323637,0.318021,-0.005616,below_midpoint_feather
2026-07-16T09:27:56Z,89.5216,0.325756,0.331593,0.005837,below_midpoint_feather
2026-07-16T09:27:58Z,89.6086,0.325886,0.320966,-0.004921,below_midpoint_feather
2026-07-16T09:28:04Z,89.6025,0.325710,0.322044,-0.003665,below_midpoint_feather
2026-07-16T09:28:38Z,89.5445,0.326224,0.331264,0.005040,below_midpoint_feather
2026-07-16T09:29:06Z,89.6574,0.323760,0.320173,-0.003588,below_midpoint_feather
2026-07-16T09:29:58Z,89.5949,0.326513,0.329719,0.003205,below_midpoint_feather
2026-07-16T09:30:20Z,89.6452,0.328850,0.325431,-0.003419,below_midpoint_feather
2026-07-16T09:30:58Z,89.6223,0.325510,0.329722,0.004212,below_midpoint_feather
2026-07-16T09:31:24Z,89.6391,0.325691,0.329155,0.003464,below_midpoint_feather
2026-07-16T09:31:30Z,89.6956,0.326828,0.324074,-0.002755,below_midpoint_feather
2026-07-16T09:32:10Z,89.7398,0.325121,0.322164,-0.002956,below_midpoint_feather
2026-07-16T09:32:18Z,89.6757,0.323284,0.327799,0.004515,below_midpoint_feather
2026-07-16T09:33:00Z,89.7276,0.322019,0.324816,0.002797,below_midpoint_feather
2026-07-16T09:33:36Z,89.7871,0.323230,0.321689,-0.001541,below_midpoint_feather
2026-07-16T09:34:13Z,89.8543,0.320296,0.319116,-0.001180,below_midpoint_feather
2026-07-16T09:34:34Z,89.8100,0.319726,0.321617,0.001891,below_midpoint_feather
2026-07-16T09:35:10Z,89.8100,0.319925,0.322146,0.002220,below_midpoint_feather
2026-07-16T09:35:40Z,89.8695,0.320922,0.319798,-0.001124,below_midpoint_feather
2026-07-16T09:36:19Z,89.9336,0.318821,0.318430,-0.000391,below_midpoint_feather
2026-07-16T09:36:30Z,89.8833,0.318362,0.319839,0.001477,below_midpoint_feather
2026-07-16T09:37:18Z,89.8924,0.318292,0.319839,0.001547,below_midpoint_feather
2026-07-16T09:37:38Z,89.9367,0.318712,0.318839,0.000127,below_midpoint_feather
2026-07-16T09:38:06Z,89.9290,0.318068,0.319071,0.001003,below_midpoint_feather
2026-07-16T09:38:37Z,90.0099,0.318013,0.317011,-0.001002,in_band
2026-07-16T09:39:01Z,89.9962,0.315558,0.315291,-0.000268,below_midpoint_feather
2026-07-16T09:39:59Z,90.0053,0.315569,0.313940,-0.001629,in_band
2026-07-16T09:40:00Z,89.9657,0.315570,0.314109,-0.001461,below_midpoint_feather
2026-07-16T09:40:11Z,90.0053,0.315576,0.313250,-0.002325,in_band
2026-07-16T09:41:00Z,90.0328,0.307117,0.304856,-0.002261,in_band
2026-07-16T09:41:59Z,90.0526,0.297221,0.295034,-0.002187,in_band
2026-07-16T09:42:00Z,90.0252,0.297056,0.294870,-0.002186,in_band
2026-07-16T09:42:59Z,90.1579,0.287480,0.285365,-0.002115,in_band
2026-07-16T09:43:00Z,90.1656,0.287321,0.285206,-0.002114,in_band
2026-07-16T09:43:59Z,90.1793,0.278057,0.276011,-0.002046,in_band
2026-07-16T09:44:00Z,90.1839,0.277902,0.275857,-0.002045,in_band
2026-07-16T09:44:59Z,90.2937,0.268941,0.266962,-0.001979,in_band
2026-07-16T09:45:00Z,90.2983,0.268792,0.266814,-0.001978,in_band
2026-07-16T09:45:59Z,90.3487,0.260125,0.258210,-0.001914,in_band
2026-07-16T09:46:00Z,90.3410,0.259980,0.258067,-0.001913,in_band
2026-07-16T09:46:59Z,90.4082,0.251597,0.249745,-0.001851,in_band
2026-07-16T09:47:00Z,90.4448,0.251457,0.249607,-0.001850,in_band
2026-07-16T09:47:59Z,90.4967,0.243348,0.241558,-0.001791,in_band
2026-07-16T09:48:00Z,90.4692,0.243213,0.241424,-0.001790,in_band
2026-07-16T09:48:59Z,90.5592,0.235370,0.233639,-0.001732,in_band
2026-07-16T09:49:00Z,90.5287,0.235240,0.233509,-0.001731,in_band
2026-07-16T09:49:59Z,90.5653,0.227654,0.225979,-0.001675,in_band
2026-07-16T09:50:00Z,90.5776,0.227528,0.225854,-0.001674,in_band
2026-07-16T09:50:59Z,90.5730,0.220191,0.218571,-0.001620,in_band
2026-07-16T09:51:00Z,90.5867,0.220068,0.218449,-0.001619,in_band
2026-07-16T09:51:59Z,90.5653,0.212972,0.211405,-0.001567,in_band
2026-07-16T09:52:00Z,90.5928,0.212854,0.211288,-0.001566,in_band
2026-07-16T09:52:59Z,90.6233,0.205990,0.204474,-0.001516,in_band
2026-07-16T09:53:00Z,90.6020,0.205876,0.204361,-0.001515,in_band
2026-07-16T09:53:59Z,90.6203,0.199237,0.197771,-0.001466,in_band
2026-07-16T09:54:00Z,90.6142,0.199126,0.197661,-0.001465,in_band
2026-07-16T09:54:59Z,90.6203,0.192705,0.191287,-0.001418,in_band
2026-07-16T09:55:00Z,90.5913,0.192598,0.191181,-0.001417,in_band
2026-07-16T09:55:59Z,90.6004,0.186387,0.185016,-0.001371,in_band
2026-07-16T09:56:00Z,90.6523,0.186284,0.184913,-0.001371,in_band
2026-07-16T09:56:59Z,90.5913,0.180277,0.178950,-0.001326,in_band
2026-07-16T09:57:00Z,90.6020,0.180177,0.178851,-0.001326,in_band
2026-07-16T09:57:59Z,90.6477,0.174367,0.173084,-0.001283,in_band
2026-07-16T09:58:00Z,90.6279,0.174270,0.172988,-0.001282,in_band
2026-07-16T09:58:59Z,90.5837,0.168650,0.167409,-0.001241,in_band
2026-07-16T09:59:00Z,90.6111,0.168557,0.167316,-0.001240,in_band
2026-07-16T09:59:59Z,90.6233,0.163121,0.161921,-0.001200,in_band
2026-07-16T10:00:00Z,90.5928,0.163031,0.161831,-0.001200,in_band
2026-07-16T10:00:59Z,90.6233,0.157774,0.156613,-0.001161,in_band
2026-07-16T10:01:00Z,90.5776,0.157686,0.156526,-0.001160,in_band
2026-07-16T10:01:59Z,90.5974,0.152601,0.151478,-0.001123,in_band
2026-07-16T10:02:00Z,90.6157,0.152516,0.151394,-0.001122,in_band
2026-07-16T10:02:59Z,90.6157,0.147598,0.146512,-0.001086,in_band
2026-07-16T10:03:00Z,90.5913,0.147516,0.146431,-0.001085,in_band
2026-07-16T10:03:59Z,90.6050,0.142759,0.141709,-0.001050,in_band
2026-07-16T10:04:00Z,90.6065,0.142680,0.141630,-0.001050,in_band
2026-07-16T10:04:59Z,90.5425,0.138079,0.137063,-0.001016,in_band
2026-07-16T10:05:00Z,90.5608,0.138003,0.136987,-0.001015,in_band
2026-07-16T10:05:59Z,90.5501,0.133552,0.132570,-0.000983,in_band
2026-07-16T10:06:00Z,90.5196,0.133478,0.132496,-0.000982,in_band
2026-07-16T10:06:59Z,90.4784,0.129174,0.128224,-0.000950,in_band
2026-07-16T10:07:00Z,90.4738,0.129102,0.128152,-0.000950,in_band
2026-07-16T10:07:59Z,90.4677,0.124939,0.124020,-0.000919,in_band
2026-07-16T10:08:00Z,90.4189,0.124870,0.123951,-0.000919,in_band
2026-07-16T10:08:59Z,90.4265,0.120843,0.119954,-0.000889,in_band
2026-07-16T10:09:00Z,90.4265,0.120776,0.119887,-0.000889,in_band
2026-07-16T10:09:59Z,90.4219,0.116882,0.116021,-0.000860,in_band
2026-07-16T10:10:00Z,90.3868,0.116817,0.115957,-0.000860,in_band
2026-07-16T10:10:59Z,90.4234,0.113050,0.112218,-0.000832,in_band
2026-07-16T10:11:00Z,90.4128,0.112987,0.112156,-0.000831,in_band
2026-07-16T10:11:59Z,90.3639,0.109343,0.108539,-0.000805,in_band
2026-07-16T10:12:00Z,90.3716,0.109283,0.108479,-0.000804,in_band
2026-07-16T10:12:59Z,90.3578,0.105759,0.104981,-0.000778,in_band
2026-07-16T10:13:00Z,90.3395,0.105700,0.104922,-0.000778,in_band
2026-07-16T10:13:59Z,90.3456,0.102292,0.101539,-0.000753,in_band
2026-07-16T10:14:00Z,90.3319,0.102235,0.101483,-0.000752,in_band
2026-07-16T10:14:59Z,90.3044,0.098938,0.098210,-0.000728,in_band
2026-07-16T10:15:00Z,90.3273,0.098883,0.098156,-0.000728,in_band
2026-07-16T10:15:59Z,90.2983,0.095694,0.094990,-0.000704,in_band
2026-07-16T10:16:00Z,90.2678,0.095641,0.094938,-0.000704,in_band
2026-07-16T10:16:59Z,90.2770,0.092557,0.091876,-0.000681,in_band
2026-07-16T10:17:00Z,90.2892,0.092506,0.091825,-0.000681,in_band
2026-07-16T10:17:59Z,90.2632,0.089523,0.088864,-0.000659,in_band
2026-07-16T10:18:00Z,90.2953,0.089473,0.088815,-0.000658,in_band
2026-07-16T10:18:59Z,90.2266,0.086588,0.085951,-0.000637,in_band
2026-07-16T10:19:00Z,90.2220,0.086540,0.085903,-0.000637,in_band
2026-07-16T10:19:59Z,90.2296,0.083749,0.083133,-0.000616,in_band
2026-07-16T10:20:00Z,90.2129,0.083703,0.083087,-0.000616,in_band
2026-07-16T10:20:59Z,90.1717,0.081004,0.080408,-0.000596,in_band
2026-07-16T10:21:00Z,90.2129,0.080959,0.080363,-0.000596,in_band
2026-07-16T10:21:59Z,90.2068,0.078348,0.077772,-0.000576,in_band
2026-07-16T10:22:00Z,90.2068,0.078305,0.077728,-0.000576,in_band
2026-07-16T10:22:59Z,90.1854,0.075779,0.075222,-0.000558,in_band
2026-07-16T10:23:00Z,90.1717,0.075737,0.075180,-0.000557,in_band
2026-07-16T10:23:59Z,90.1900,0.073295,0.072756,-0.000539,in_band
2026-07-16T10:24:00Z,90.1396,0.073254,0.072715,-0.000539,in_band
2026-07-16T10:24:59Z,90.1396,0.070892,0.070371,-0.000522,in_band
2026-07-16T10:25:00Z,90.1717,0.070853,0.070332,-0.000521,in_band
2026-07-16T10:25:59Z,90.1167,0.068568,0.068064,-0.000505,in_band
2026-07-16T10:26:00Z,90.1061,0.068530,0.068026,-0.000504,in_band
2026-07-16T10:26:59Z,90.0832,0.066320,0.065832,-0.000488,in_band
2026-07-16T10:27:00Z,90.0557,0.066283,0.065796,-0.000488,in_band
2026-07-16T10:27:59Z,90.0557,0.064146,0.063674,-0.000472,in_band
2026-07-16T10:28:00Z,90.0481,0.064110,0.063639,-0.000472,in_band
2026-07-16T10:28:59Z,90.0023,0.062043,0.061586,-0.000457,in_band
2026-07-16T10:29:00Z,90.0389,0.062009,0.061552,-0.000456,in_band
2026-07-16T10:29:55Z,89.9687,0.060343,0.060305,-0.000038,below_midpoint_feather
2026-07-16T10:30:40Z,89.9367,0.060070,0.060338,0.000268,below_midpoint_feather
2026-07-16T10:30:52Z,89.9870,0.060359,0.059793,-0.000566,below_midpoint_feather
2026-07-16T10:31:44Z,89.8833,0.061086,0.061730,0.000644,below_midpoint_feather
2026-07-16T10:31:56Z,89.9062,0.062029,0.061057,-0.000972,below_midpoint_feather
2026-07-16T10:32:40Z,89.7948,0.063894,0.065902,0.002008,below_midpoint_feather
2026-07-16T10:32:52Z,89.8512,0.064604,0.063113,-0.001491,below_midpoint_feather
2026-07-16T10:33:22Z,89.8314,0.065742,0.064194,-0.001549,below_midpoint_feather
2026-07-16T10:33:38Z,89.7642,0.065452,0.068184,0.002732,below_midpoint_feather
2026-07-16T10:34:26Z,89.7856,0.069921,0.067318,-0.002603,below_midpoint_feather
2026-07-16T10:34:45Z,89.7139,0.070497,0.072677,0.002180,below_midpoint_feather
2026-07-16T10:35:25Z,89.6712,0.074268,0.077101,0.002833,below_midpoint_feather
2026-07-16T10:35:48Z,89.7002,0.077316,0.075023,-0.002294,below_midpoint_feather
2026-07-16T10:36:41Z,89.5811,0.084823,0.088751,0.003929,below_midpoint_feather
2026-07-16T10:36:46Z,89.6208,0.089000,0.084426,-0.004574,below_midpoint_feather
2026-07-16T10:37:36Z,89.5720,0.096265,0.092212,-0.004053,below_midpoint_feather
2026-07-16T10:37:52Z,89.4713,0.097304,0.106770,0.009466,below_midpoint_feather
2026-07-16T10:38:05Z,89.4423,0.103683,0.111996,0.008313,below_midpoint_feather
2026-07-16T10:38:06Z,89.5338,0.103741,0.098726,-0.005015,below_midpoint_feather
2026-07-16T10:39:37Z,89.3095,0.135715,0.143266,0.007551,below_midpoint_feather
2026-07-16T10:39:44Z,89.3431,0.143768,0.137623,-0.006145,below_midpoint_feather
2026-07-16T10:40:05Z,89.2561,0.148085,0.157497,0.009412,below_midpoint_feather
2026-07-16T10:40:34Z,89.3004,0.161397,0.152392,-0.009005,below_midpoint_feather
2026-07-16T10:41:46Z,89.1737,0.196065,0.191919,-0.004146,below_midpoint_feather
2026-07-16T10:41:55Z,89.1310,0.193091,0.203988,0.010897,below_midpoint_feather
2026-07-16T10:42:09Z,89.1051,0.201710,0.213339,0.011629,below_midpoint_feather
2026-07-16T10:42:32Z,89.1402,0.214442,0.209496,-0.004947,below_midpoint_feather
2026-07-16T10:43:39Z,89.0211,0.246469,0.256590,0.010122,below_midpoint_feather
2026-07-16T10:43:42Z,89.0867,0.247231,0.239711,-0.007520,below_midpoint_feather
2026-07-16T10:44:21Z,89.0120,0.260480,0.270408,0.009928,below_midpoint_feather
2026-07-16T10:44:22Z,89.0578,0.260755,0.258121,-0.002634,below_midpoint_feather
2026-07-16T10:45:03Z,88.9906,0.282548,0.288529,0.005982,below_midpoint_feather
2026-07-16T10:45:16Z,89.0349,0.287268,0.280005,-0.007263,below_midpoint_feather
2026-07-16T10:46:16Z,88.9860,0.301246,0.312480,0.011234,below_midpoint_feather
2026-07-16T10:46:30Z,89.0440,0.310371,0.300662,-0.009708,below_midpoint_feather
2026-07-16T10:47:06Z,88.9815,0.319268,0.329711,0.010443,below_midpoint_feather
2026-07-16T10:47:26Z,89.0501,0.324414,0.316918,-0.007496,below_midpoint_feather
2026-07-16T10:48:20Z,89.0806,0.330778,0.325962,-0.004816,below_midpoint_feather
2026-07-16T10:48:24Z,89.0364,0.328370,0.339056,0.010686,below_midpoint_feather
2026-07-16T10:49:18Z,89.0669,0.352994,0.347287,-0.005707,below_midpoint_feather
2026-07-16T10:49:56Z,89.0272,0.355803,0.369477,0.013674,below_midpoint_feather
2026-07-16T10:50:05Z,89.0227,0.364585,0.373426,0.008841,below_midpoint_feather
2026-07-16T10:50:34Z,89.1447,0.360314,0.350233,-0.010081,below_midpoint_feather
2026-07-16T10:51:07Z,89.1905,0.355760,0.348801,-0.006959,below_midpoint_feather
2026-07-16T10:51:14Z,89.1463,0.354408,0.361167,0.006760,below_midpoint_feather
2026-07-16T10:52:01Z,89.2409,0.358091,0.351502,-0.006589,below_midpoint_feather
2026-07-16T10:52:22Z,89.1783,0.363129,0.370558,0.007429,below_midpoint_feather
2026-07-16T10:53:21Z,89.2638,0.371764,0.364958,-0.006806,below_midpoint_feather
2026-07-16T10:53:26Z,89.2226,0.366609,0.374916,0.008307,below_midpoint_feather
2026-07-16T10:54:27Z,89.3828,0.363636,0.355343,-0.008293,below_midpoint_feather
2026-07-16T10:54:50Z,89.3568,0.360150,0.364019,0.003869,below_midpoint_feather
2026-07-16T10:55:10Z,89.3797,0.357094,0.363135,0.006041,below_midpoint_feather
2026-07-16T10:55:13Z,89.4438,0.357562,0.352875,-0.004687,below_midpoint_feather
2026-07-16T10:56:03Z,89.5613,0.347189,0.343109,-0.004080,below_midpoint_feather
2026-07-16T10:56:50Z,89.5628,0.343545,0.347778,0.004233,below_midpoint_feather
2026-07-16T10:57:18Z,89.5979,0.342656,0.345885,0.003229,below_midpoint_feather
2026-07-16T10:57:25Z,89.6712,0.342214,0.338793,-0.003422,below_midpoint_feather
2026-07-16T10:58:04Z,89.6498,0.339049,0.343369,0.004320,below_midpoint_feather
2026-07-16T10:58:47Z,89.7734,0.339032,0.335361,-0.003671,below_midpoint_feather
2026-07-16T10:59:04Z,89.7459,0.336040,0.337919,0.001879,below_midpoint_feather
2026-07-16T10:59:41Z,89.8329,0.335990,0.333880,-0.002110,below_midpoint_feather
2026-07-16T11:00:06Z,89.8131,0.334371,0.335492,0.001121,below_midpoint_feather
2026-07-16T11:00:11Z,89.8909,0.334047,0.332324,-0.001723,below_midpoint_feather
2026-07-16T11:01:00Z,89.9657,0.331188,0.331197,0.000010,below_midpoint_feather
2026-07-16T11:01:51Z,90.0114,0.330386,0.327734,-0.002652,in_band
2026-07-16T11:02:00Z,90.0374,0.328776,0.326500,-0.002276,in_band
2026-07-16T11:02:59Z,90.0923,0.318325,0.316466,-0.001859,in_band
2026-07-16T11:03:00Z,90.0893,0.318150,0.316292,-0.001858,in_band
2026-07-16T11:03:59Z,90.1701,0.307946,0.306145,-0.001801,in_band
2026-07-16T11:04:00Z,90.2159,0.307776,0.305976,-0.001800,in_band
2026-07-16T11:04:59Z,90.2571,0.297872,0.296129,-0.001743,in_band
2026-07-16T11:05:00Z,90.2800,0.297707,0.295965,-0.001742,in_band
2026-07-16T11:05:59Z,90.3120,0.288114,0.286428,-0.001686,in_band
2026-07-16T11:06:00Z,90.2983,0.287954,0.286269,-0.001685,in_band
2026-07-16T11:06:59Z,90.4143,0.278672,0.277041,-0.001631,in_band
2026-07-16T11:07:00Z,90.4097,0.278517,0.276887,-0.001630,in_band
2026-07-16T11:07:59Z,90.4097,0.269537,0.267959,-0.001578,in_band
2026-07-16T11:08:00Z,90.4097,0.269387,0.267810,-0.001577,in_band
2026-07-16T11:08:59Z,90.4784,0.260701,0.259175,-0.001526,in_band
2026-07-16T11:09:00Z,90.4768,0.260556,0.259031,-0.001525,in_band
2026-07-16T11:09:59Z,90.4463,0.252154,0.250678,-0.001476,in_band
2026-07-16T11:10:00Z,90.4173,0.252014,0.250539,-0.001475,in_band
2026-07-16T11:10:59Z,90.5287,0.243888,0.242460,-0.001428,in_band
2026-07-16T11:11:00Z,90.5501,0.243752,0.242325,-0.001427,in_band
2026-07-16T11:11:59Z,90.4692,0.235892,0.234511,-0.001381,in_band
2026-07-16T11:12:00Z,90.4860,0.235761,0.234381,-0.001380,in_band
2026-07-16T11:12:59Z,90.6188,0.228159,0.226823,-0.001336,in_band
2026-07-16T11:13:00Z,90.6279,0.228032,0.226697,-0.001335,in_band
2026-07-16T11:13:59Z,90.5959,0.220679,0.219387,-0.001292,in_band
2026-07-16T11:14:00Z,90.5821,0.220556,0.219265,-0.001291,in_band
2026-07-16T11:14:59Z,90.6844,0.213444,0.212195,-0.001249,in_band
2026-07-16T11:15:00Z,90.7256,0.213325,0.212077,-0.001249,in_band
2026-07-16T11:15:59Z,90.7073,0.206446,0.205238,-0.001208,in_band
2026-07-16T11:16:00Z,90.7149,0.206332,0.205124,-0.001208,in_band
2026-07-16T11:16:59Z,90.7149,0.199678,0.198510,-0.001169,in_band
2026-07-16T11:17:00Z,90.7439,0.199567,0.198399,-0.001168,in_band
2026-07-16T11:17:59Z,90.7118,0.193132,0.192002,-0.001131,in_band
2026-07-16T11:18:00Z,90.7118,0.193025,0.191895,-0.001130,in_band
2026-07-16T11:18:59Z,90.7301,0.186800,0.185707,-0.001093,in_band
2026-07-16T11:19:00Z,90.7195,0.186697,0.185604,-0.001093,in_band
2026-07-16T11:19:59Z,90.7424,0.180676,0.179619,-0.001058,in_band
2026-07-16T11:20:00Z,90.7485,0.180576,0.179519,-0.001057,in_band
2026-07-16T11:20:59Z,90.7713,0.174753,0.173730,-0.001023,in_band
2026-07-16T11:21:00Z,90.7698,0.174656,0.173634,-0.001022,in_band
2026-07-16T11:21:59Z,90.7988,0.169024,0.168035,-0.000989,in_band
2026-07-16T11:22:00Z,90.7698,0.168930,0.167941,-0.000989,in_band
2026-07-16T11:22:59Z,90.7881,0.163483,0.162526,-0.000957,in_band
2026-07-16T11:23:00Z,90.7759,0.163392,0.162436,-0.000956,in_band
2026-07-16T11:23:59Z,90.7332,0.158123,0.157198,-0.000926,in_band
2026-07-16T11:24:00Z,90.7347,0.158035,0.157110,-0.000925,in_band
2026-07-16T11:24:59Z,90.7195,0.152939,0.152044,-0.000895,in_band
2026-07-16T11:25:00Z,90.7210,0.152854,0.151960,-0.000895,in_band
2026-07-16T11:25:59Z,90.6935,0.147925,0.147059,-0.000866,in_band
2026-07-16T11:26:00Z,90.6645,0.147843,0.146978,-0.000865,in_band
2026-07-16T11:26:59Z,90.6523,0.143076,0.142238,-0.000838,in_band
2026-07-16T11:27:00Z,90.6523,0.142996,0.142159,-0.000837,in_band
2026-07-16T11:27:59Z,90.5791,0.138385,0.137575,-0.000810,in_band
2026-07-16T11:28:00Z,90.5959,0.138308,0.137499,-0.000810,in_band
2026-07-16T11:28:59Z,90.5562,0.133848,0.133065,-0.000784,in_band
2026-07-16T11:29:00Z,90.5425,0.133774,0.132991,-0.000783,in_band
2026-07-16T11:29:59Z,90.5226,0.129460,0.128703,-0.000758,in_band
2026-07-16T11:30:00Z,90.5272,0.129388,0.128631,-0.000757,in_band
2026-07-16T11:30:59Z,90.4860,0.125216,0.124483,-0.000733,in_band
2026-07-16T11:31:00Z,90.4997,0.125147,0.124414,-0.000733,in_band
2026-07-16T11:31:59Z,90.4326,0.121111,0.120402,-0.000709,in_band
2026-07-16T11:32:00Z,90.4097,0.121044,0.120335,-0.000709,in_band
2026-07-16T11:32:59Z,90.3853,0.117141,0.116455,-0.000686,in_band
2026-07-16T11:33:00Z,90.4082,0.117076,0.116390,-0.000685,in_band
2026-07-16T11:33:59Z,90.3044,0.113300,0.112637,-0.000663,in_band
2026-07-16T11:34:00Z,90.2983,0.113237,0.112574,-0.000663,in_band
2026-07-16T11:34:59Z,90.2541,0.109586,0.108944,-0.000641,in_band
2026-07-16T11:35:00Z,90.2205,0.109525,0.108884,-0.000641,in_band
2026-07-16T11:35:59Z,90.1656,0.105993,0.105373,-0.000620,in_band
2026-07-16T11:36:00Z,90.1884,0.105934,0.105314,-0.000620,in_band
2026-07-16T11:36:59Z,90.1152,0.102518,0.101918,-0.000600,in_band
2026-07-16T11:37:00Z,90.0984,0.102461,0.101862,-0.000600,in_band
2026-07-16T11:37:59Z,90.0328,0.099157,0.098577,-0.000580,in_band
2026-07-16T11:38:00Z,90.0237,0.099102,0.098522,-0.000580,in_band
2026-07-16T11:38:58Z,89.9062,0.098523,0.099179,0.000656,below_midpoint_feather
2026-07-16T11:39:20Z,89.9290,0.099874,0.098655,-0.001219,below_midpoint_feather
2026-07-16T11:39:35Z,89.8421,0.099840,0.101503,0.001664,below_midpoint_feather
2026-07-16T11:40:44Z,89.7993,0.104956,0.103939,-0.001016,below_midpoint_feather
2026-07-16T11:40:51Z,89.7261,0.105005,0.108936,0.003931,below_midpoint_feather
2026-07-16T11:41:16Z,89.7856,0.107221,0.105055,-0.002166,below_midpoint_feather
2026-07-16T11:41:25Z,89.7185,0.106698,0.109902,0.003204,below_midpoint_feather
2026-07-16T11:42:55Z,89.5979,0.118118,0.123447,0.005329,below_midpoint_feather
2026-07-16T11:42:56Z,89.6620,0.118146,0.116731,-0.001415,below_midpoint_feather
2026-07-16T11:43:34Z,89.5583,0.123549,0.129491,0.005942,below_midpoint_feather
2026-07-16T11:43:58Z,89.6025,0.128375,0.125166,-0.003208,below_midpoint_feather
2026-07-16T11:44:08Z,89.6162,0.129920,0.124083,-0.005837,below_midpoint_feather
2026-07-16T11:44:17Z,89.5216,0.130329,0.136105,0.005776,below_midpoint_feather
2026-07-16T11:45:03Z,89.4759,0.136654,0.145127,0.008473,below_midpoint_feather
2026-07-16T11:45:34Z,89.4896,0.149972,0.145108,-0.004864,below_midpoint_feather
2026-07-16T11:46:31Z,89.3568,0.165648,0.171645,0.005997,below_midpoint_feather
2026-07-16T11:46:36Z,89.4072,0.167196,0.163286,-0.003910,below_midpoint_feather
2026-07-16T11:47:27Z,89.2638,0.187923,0.196112,0.008188,below_midpoint_feather
2026-07-16T11:47:40Z,89.3019,0.195149,0.190031,-0.005117,below_midpoint_feather
2026-07-16T11:48:33Z,89.1539,0.217188,0.230552,0.013363,below_midpoint_feather
2026-07-16T11:48:36Z,89.2454,0.216317,0.210221,-0.006096,below_midpoint_feather
2026-07-16T11:49:03Z,89.1508,0.227259,0.236576,0.009318,below_midpoint_feather
2026-07-16T11:49:04Z,89.2149,0.227441,0.221869,-0.005573,below_midpoint_feather
2026-07-16T11:50:04Z,89.1081,0.264634,0.259582,-0.005052,below_midpoint_feather
2026-07-16T11:50:33Z,89.0181,0.276163,0.290375,0.014212,below_midpoint_feather
2026-07-16T11:51:03Z,88.9662,0.300070,0.312969,0.012899,below_midpoint_feather
2026-07-16T11:51:48Z,89.0257,0.320334,0.308987,-0.011347,below_midpoint_feather
2026-07-16T11:52:10Z,88.8991,0.338407,0.353229,0.014822,below_midpoint_feather
2026-07-16T11:52:52Z,88.9586,0.359428,0.349278,-0.010149,below_midpoint_feather
2026-07-16T11:53:51Z,88.8258,0.399391,0.412922,0.013531,below_midpoint_feather
2026-07-16T11:53:54Z,88.8899,0.399558,0.393271,-0.006288,below_midpoint_feather
2026-07-16T11:54:38Z,88.7755,0.425567,0.448938,0.023371,below_midpoint_feather
2026-07-16T11:54:46Z,88.8472,0.435471,0.428026,-0.007445,below_midpoint_feather
2026-07-16T11:55:24Z,88.7526,0.458945,0.476665,0.017720,below_midpoint_feather
2026-07-16T11:55:54Z,88.7938,0.485100,0.475839,-0.009261,below_midpoint_feather
2026-07-16T11:56:30Z,88.7892,0.502573,0.494469,-0.008103,below_midpoint_feather
2026-07-16T11:56:58Z,88.7434,0.506089,0.524197,0.018108,below_midpoint_feather
2026-07-16T11:57:04Z,88.8106,0.512175,0.503768,-0.008406,below_midpoint_feather
2026-07-16T11:57:58Z,88.7327,0.545045,0.557483,0.012438,below_midpoint_feather
2026-07-16T11:58:55Z,88.6931,0.588500,0.600795,0.012295,below_midpoint_feather
2026-07-16T11:58:58Z,88.7602,0.586721,0.578029,-0.008692,below_midpoint_feather
2026-07-16T11:59:10Z,88.7526,0.597903,0.586943,-0.010960,below_midpoint_feather
2026-07-16T11:59:36Z,88.7098,0.601557,0.615971,0.014414,below_midpoint_feather
2026-07-16T12:00:06Z,88.7602,0.625600,0.613680,-0.011920,below_midpoint_feather
2026-07-16T12:00:44Z,88.7144,0.631643,0.650359,0.018715,below_midpoint_feather
2026-07-16T12:01:18Z,88.7144,0.657844,0.668410,0.010566,below_midpoint_feather
2026-07-16T12:01:20Z,88.7831,0.654002,0.645035,-0.008967,below_midpoint_feather
2026-07-16T12:02:20Z,88.7709,0.667709,0.680401,0.012693,below_midpoint_feather
2026-07-16T12:02:30Z,88.8334,0.678478,0.664082,-0.014396,below_midpoint_feather
2026-07-16T12:03:47Z,88.9128,0.690136,0.676237,-0.013898,below_midpoint_feather
2026-07-16T12:03:58Z,88.8563,0.685088,0.699285,0.014197,below_midpoint_feather
2026-07-16T12:04:15Z,88.9586,0.686233,0.675270,-0.010963,below_midpoint_feather
2026-07-16T12:04:26Z,88.8624,0.699247,0.709930,0.010683,below_midpoint_feather
2026-07-16T12:05:14Z,88.9021,0.707646,0.717932,0.010286,below_midpoint_feather
2026-07-16T12:05:26Z,88.9723,0.715457,0.701709,-0.013748,below_midpoint_feather
2026-07-16T12:06:06Z,88.9433,0.713878,0.726392,0.012513,below_midpoint_feather
2026-07-16T12:06:25Z,89.0257,0.719940,0.709931,-0.010010,below_midpoint_feather
2026-07-16T12:07:12Z,89.0959,0.700721,0.707965,0.007243,below_midpoint_feather
2026-07-16T12:07:57Z,89.2226,0.699464,0.691389,-0.008075,below_midpoint_feather
2026-07-16T12:08:46Z,89.2378,0.692088,0.700649,0.008561,below_midpoint_feather
2026-07-16T12:08:55Z,89.2882,0.698665,0.692165,-0.006500,below_midpoint_feather
2026-07-16T12:09:06Z,89.2699,0.692917,0.698368,0.005451,below_midpoint_feather
2026-07-16T12:09:53Z,89.4057,0.690145,0.682273,-0.007872,below_midpoint_feather
2026-07-16T12:10:09Z,89.4423,0.687328,0.679141,-0.008187,below_midpoint_feather
2026-07-16T12:10:14Z,89.3889,0.684797,0.688871,0.004074,below_midpoint_feather
2026-07-16T12:11:02Z,89.4438,0.679465,0.686987,0.007522,below_midpoint_feather
2026-07-16T12:11:45Z,89.5811,0.678332,0.673101,-0.005231,below_midpoint_feather
2026-07-16T12:12:20Z,89.5384,0.678096,0.681884,0.003788,below_midpoint_feather
2026-07-16T12:12:35Z,89.6208,0.677927,0.673344,-0.004584,below_midpoint_feather
2026-07-16T12:13:29Z,89.6941,0.672501,0.670142,-0.002359,below_midpoint_feather
2026-07-16T12:13:36Z,89.6345,0.672351,0.676246,0.003894,below_midpoint_feather
2026-07-16T12:14:05Z,89.7124,0.673964,0.670595,-0.003369,below_midpoint_feather
2026-07-16T12:14:32Z,89.6681,0.672401,0.675776,0.003375,below_midpoint_feather
2026-07-16T12:15:06Z,89.7261,0.669254,0.672161,0.002907,below_midpoint_feather
2026-07-16T12:15:55Z,89.8375,0.668554,0.666722,-0.001832,below_midpoint_feather
2026-07-16T12:16:15Z,89.8817,0.667074,0.665408,-0.001666,below_midpoint_feather
2026-07-16T12:16:52Z,89.8680,0.665211,0.666540,0.001330,below_midpoint_feather
2026-07-16T12:17:02Z,89.8695,0.665097,0.666618,0.001521,below_midpoint_feather
2026-07-16T12:17:13Z,89.9184,0.666235,0.665276,-0.000959,below_midpoint_feather
2026-07-16T12:18:00Z,89.8817,0.665479,0.666738,0.001259,below_midpoint_feather
2026-07-16T12:18:59Z,90.0053,0.664758,0.662095,-0.002663,in_band
2026-07-16T12:19:06Z,89.9702,0.664763,0.662242,-0.002521,below_midpoint_feather
2026-07-16T12:19:37Z,90.0053,0.664836,0.659249,-0.005587,in_band
2026-07-16T12:20:15Z,89.9702,0.652439,0.649247,-0.003192,below_midpoint_feather
2026-07-16T12:20:58Z,89.9779,0.652887,0.647061,-0.005826,below_midpoint_feather
2026-07-16T12:21:24Z,89.9367,0.652756,0.647580,-0.005177,below_midpoint_feather
2026-07-16T12:21:41Z,90.0023,0.652502,0.644869,-0.007633,in_band
2026-07-16T12:22:21Z,89.9702,0.640310,0.635060,-0.005250,below_midpoint_feather
2026-07-16T12:22:43Z,90.0099,0.639606,0.631423,-0.008183,in_band
2026-07-16T12:23:00Z,90.0389,0.633597,0.626187,-0.007410,in_band
2026-07-16T12:23:59Z,90.0877,0.613173,0.606675,-0.006497,in_band
2026-07-16T12:24:00Z,90.0603,0.612832,0.606338,-0.006494,in_band
2026-07-16T12:24:55Z,89.9779,0.594392,0.588818,-0.005575,below_midpoint_feather
2026-07-16T12:25:00Z,90.0420,0.592744,0.587115,-0.005629,in_band
2026-07-16T12:25:59Z,90.0343,0.573631,0.570081,-0.003550,in_band
2026-07-16T12:26:00Z,90.0191,0.573312,0.569764,-0.003548,in_band
2026-07-16T12:26:59Z,90.0511,0.554825,0.551392,-0.003433,in_band
2026-07-16T12:27:00Z,90.0511,0.554517,0.551086,-0.003432,in_band
2026-07-16T12:27:59Z,90.0572,0.536636,0.533315,-0.003321,in_band
2026-07-16T12:28:00Z,90.0618,0.536338,0.533019,-0.003319,in_band
2026-07-16T12:28:59Z,90.1427,0.519043,0.515831,-0.003212,in_band
2026-07-16T12:29:00Z,90.0938,0.518755,0.515545,-0.003210,in_band
2026-07-16T12:29:59Z,90.1488,0.502027,0.498920,-0.003107,in_band
2026-07-16T12:30:00Z,90.1427,0.501748,0.498643,-0.003105,in_band
2026-07-16T12:30:59Z,90.1793,0.485569,0.482564,-0.003005,in_band
2026-07-16T12:31:00Z,90.2113,0.485299,0.482296,-0.003003,in_band
2026-07-16T12:31:59Z,90.2892,0.469650,0.466744,-0.002906,in_band
2026-07-16T12:32:00Z,90.2800,0.469389,0.466484,-0.002905,in_band
2026-07-16T12:32:59Z,90.2998,0.454253,0.451442,-0.002811,in_band
2026-07-16T12:33:00Z,90.3258,0.454001,0.451191,-0.002809,in_band
2026-07-16T12:33:59Z,90.3807,0.439361,0.436642,-0.002719,in_band
2026-07-16T12:34:00Z,90.4173,0.439117,0.436399,-0.002717,in_band
2026-07-16T12:34:59Z,90.4631,0.424957,0.422327,-0.002630,in_band
2026-07-16T12:35:00Z,90.4509,0.424721,0.422092,-0.002628,in_band
2026-07-16T12:35:59Z,90.4952,0.411025,0.408481,-0.002543,in_band
2026-07-16T12:36:00Z,90.5379,0.410797,0.408255,-0.002542,in_band
2026-07-16T12:36:59Z,90.4814,0.397550,0.395090,-0.002460,in_band
2026-07-16T12:37:00Z,90.5516,0.397329,0.394870,-0.002459,in_band
2026-07-16T12:37:59Z,90.5287,0.384517,0.382137,-0.002379,in_band
2026-07-16T12:38:00Z,90.5425,0.384303,0.381925,-0.002378,in_band
2026-07-16T12:38:59Z,90.5318,0.371911,0.369609,-0.002301,in_band
2026-07-16T12:39:00Z,90.5135,0.371704,0.369404,-0.002300,in_band
2026-07-16T12:39:59Z,90.5272,0.359718,0.357492,-0.002226,in_band
2026-07-16T12:40:00Z,90.5379,0.359518,0.357294,-0.002225,in_band
2026-07-16T12:40:59Z,90.4906,0.347925,0.345772,-0.002153,in_band
2026-07-16T12:41:00Z,90.4768,0.347732,0.345580,-0.002152,in_band
2026-07-16T12:41:59Z,90.4829,0.336519,0.334436,-0.002082,in_band
2026-07-16T12:42:00Z,90.4723,0.336332,0.334251,-0.002081,in_band
2026-07-16T12:42:59Z,90.4402,0.325486,0.323472,-0.002014,in_band
2026-07-16T12:43:00Z,90.4189,0.325306,0.323293,-0.002013,in_band
2026-07-16T12:43:59Z,90.4540,0.314816,0.312868,-0.001948,in_band
2026-07-16T12:44:00Z,90.4234,0.314641,0.312694,-0.001947,in_band
2026-07-16T12:44:59Z,90.3899,0.304495,0.302611,-0.001884,in_band
2026-07-16T12:45:00Z,90.4005,0.304326,0.302442,-0.001883,in_band
2026-07-16T12:45:59Z,90.3319,0.294512,0.292690,-0.001822,in_band
2026-07-16T12:46:00Z,90.3166,0.294349,0.292527,-0.001821,in_band
2026-07-16T12:46:59Z,90.2663,0.284857,0.283094,-0.001763,in_band
2026-07-16T12:47:00Z,90.2632,0.284699,0.282937,-0.001762,in_band
2026-07-16T12:47:59Z,90.2174,0.275518,0.273813,-0.001705,in_band
2026-07-16T12:48:00Z,90.2296,0.275365,0.273661,-0.001704,in_band
2026-07-16T12:48:59Z,90.1808,0.266486,0.264837,-0.001649,in_band
2026-07-16T12:49:00Z,90.1381,0.266338,0.264690,-0.001648,in_band
2026-07-16T12:49:59Z,90.1427,0.257749,0.256154,-0.001595,in_band
2026-07-16T12:50:00Z,90.1396,0.257606,0.256012,-0.001594,in_band
2026-07-16T12:50:59Z,90.0618,0.249299,0.247757,-0.001543,in_band
2026-07-16T12:51:00Z,90.0481,0.249161,0.247619,-0.001542,in_band
2026-07-16T12:51:57Z,89.9916,0.241394,0.240979,-0.000415,below_midpoint_feather
2026-07-16T12:52:44Z,89.9336,0.238817,0.239198,0.000381,below_midpoint_feather
2026-07-16T12:52:49Z,90.0114,0.238910,0.238307,-0.000603,in_band
2026-07-16T12:53:43Z,89.8726,0.240119,0.240636,0.000518,below_midpoint_feather
2026-07-16T12:53:50Z,89.9229,0.240892,0.239179,-0.001713,below_midpoint_feather
2026-07-16T12:54:28Z,89.7734,0.243242,0.245727,0.002485,below_midpoint_feather
2026-07-16T12:54:58Z,89.8054,0.245151,0.243981,-0.001170,below_midpoint_feather
2026-07-16T12:55:26Z,89.7169,0.246047,0.250255,0.004208,below_midpoint_feather
2026-07-16T12:55:34Z,89.7826,0.248494,0.245675,-0.002819,below_midpoint_feather
2026-07-16T12:56:07Z,89.6529,0.252291,0.256560,0.004269,below_midpoint_feather
2026-07-16T12:56:46Z,89.6574,0.260026,0.256951,-0.003075,below_midpoint_feather
2026-07-16T12:57:13Z,89.5613,0.264344,0.268466,0.004123,below_midpoint_feather
2026-07-16T12:57:56Z,89.5705,0.274434,0.269160,-0.005274,below_midpoint_feather
2026-07-16T12:58:48Z,89.4530,0.281489,0.288625,0.007136,below_midpoint_feather
2026-07-16T12:58:56Z,89.5079,0.287195,0.281079,-0.006116,below_midpoint_feather
2026-07-16T12:59:14Z,89.5064,0.286687,0.282639,-0.004048,below_midpoint_feather
2026-07-16T12:59:31Z,89.4255,0.289841,0.296266,0.006425,below_midpoint_feather
2026-07-16T13:00:36Z,89.4392,0.304614,0.299891,-0.004723,below_midpoint_feather
2026-07-16T13:00:46Z,89.4011,0.302335,0.307179,0.004844,below_midpoint_feather
2026-07-16T13:01:06Z,89.3599,0.307631,0.316480,0.008849,below_midpoint_feather
2026-07-16T13:01:36Z,89.3660,0.320197,0.318637,-0.001560,below_midpoint_feather
2026-07-16T13:02:31Z,89.2332,0.344484,0.352205,0.007721,below_midpoint_feather
2026-07-16T13:02:38Z,89.2744,0.351981,0.344491,-0.007490,below_midpoint_feather
2026-07-16T13:03:08Z,89.2699,0.357992,0.350175,-0.007817,below_midpoint_feather
2026-07-16T13:03:55Z,89.0822,0.390962,0.402654,0.011691,below_midpoint_feather
2026-07-16T13:04:40Z,89.0303,0.432023,0.426705,-0.005319,below_midpoint_feather
2026-07-16T13:04:53Z,88.9662,0.436654,0.448364,0.011710,below_midpoint_feather
2026-07-16T13:05:13Z,88.9387,0.447368,0.462115,0.014747,below_midpoint_feather
2026-07-16T13:05:16Z,89.0303,0.444724,0.436544,-0.008180,below_midpoint_feather
2026-07-16T13:06:02Z,89.1127,0.439064,0.428522,-0.010543,below_midpoint_feather
2026-07-16T13:06:53Z,88.9433,0.478932,0.490707,0.011775,below_midpoint_feather
2026-07-16T13:07:25Z,88.8396,0.515525,0.533806,0.018282,below_midpoint_feather
2026-07-16T13:07:54Z,88.8075,0.556860,0.554959,-0.001901,below_midpoint_feather
2026-07-16T13:08:09Z,88.7419,0.570561,0.583722,0.013161,below_midpoint_feather
2026-07-16T13:08:20Z,88.7617,0.590188,0.581238,-0.008949,below_midpoint_feather
2026-07-16T13:09:12Z,88.6320,0.655655,0.653776,-0.001880,below_midpoint_feather
2026-07-16T13:09:47Z,88.5176,0.702227,0.719399,0.017172,below_midpoint_feather
2026-07-16T13:10:35Z,88.3528,0.794577,0.820394,0.025817,below_midpoint_feather
2026-07-16T13:10:46Z,88.3757,0.823138,0.818483,-0.004655,below_midpoint_feather
2026-07-16T13:11:22Z,88.3619,0.860238,0.851999,-0.008239,below_midpoint_feather
2026-07-16T13:11:29Z,88.2673,0.873667,0.898024,0.024357,below_midpoint_feather
2026-07-16T13:12:36Z,88.2765,0.958742,0.952322,-0.006420,below_midpoint_feather
2026-07-16T13:12:47Z,88.2033,0.966904,0.993727,0.026823,below_midpoint_feather
2026-07-16T13:13:00Z,88.2719,0.980981,0.976636,-0.004345,below_midpoint_feather
2026-07-16T13:13:12Z,88.2429,0.984531,1.000000,0.015469,below_midpoint_feather
2026-07-16T13:14:00Z,88.2536,1.000000,1.000000,0.000000,below_midpoint_feather
2026-07-16T13:15:00Z,88.2979,1.000000,1.000000,0.000000,below_midpoint_feather
2026-07-16T13:16:00Z,88.3848,1.000000,1.000000,0.000000,below_midpoint_feather
2026-07-16T13:17:00Z,88.5145,1.000000,1.000000,0.000000,below_midpoint_feather
2026-07-16T13:18:00Z,88.5954,1.000000,1.000000,0.000000,below_midpoint_feather
2026-07-16T13:19:00Z,88.6473,1.000000,1.000000,0.000000,below_midpoint_feather
2026-07-16T13:20:00Z,88.7098,1.000000,1.000000,0.000000,below_midpoint_feather
2026-07-16T13:21:00Z,88.6976,1.000000,1.000000,0.000000,below_midpoint_feather
2026-07-16T13:22:00Z,88.7480,1.000000,1.000000,0.000000,below_midpoint_feather
2026-07-16T13:23:00Z,88.7282,1.000000,1.000000,0.000000,below_midpoint_feather
2026-07-16T13:24:00Z,88.6839,1.000000,1.000000,0.000000,below_midpoint_feather
2026-07-16T13:25:00Z,88.6275,1.000000,1.000000,0.000000,below_midpoint_feather
2026-07-16T13:26:00Z,88.5740,1.000000,1.000000,0.000000,below_midpoint_feather
2026-07-16T13:27:00Z,88.5145,1.000000,1.000000,0.000000,below_midpoint_feather
2026-07-16T13:28:00Z,88.4535,1.000000,1.000000,0.000000,below_midpoint_feather
2026-07-16T13:29:00Z,88.4306,1.000000,1.000000,0.000000,below_midpoint_feather
2026-07-16T13:30:00Z,88.3940,1.000000,1.000000,0.000000,below_midpoint_feather
2026-07-16T13:31:00Z,88.3894,1.000000,1.000000,0.000000,below_midpoint_feather
2026-07-16T13:32:00Z,88.4184,1.000000,1.000000,0.000000,below_midpoint_feather
2026-07-16T13:33:00Z,88.4916,1.000000,1.000000,0.000000,below_midpoint_feather
2026-07-16T13:34:00Z,88.5451,1.000000,1.000000,0.000000,below_midpoint_feather
2026-07-16T13:35:00Z,88.5588,1.000000,1.000000,0.000000,below_midpoint_feather
2026-07-16T13:36:00Z,88.5908,1.000000,1.000000,0.000000,below_midpoint_feather
2026-07-16T13:37:00Z,88.6412,1.000000,1.000000,0.000000,below_midpoint_feather
2026-07-16T13:38:00Z,88.6687,1.000000,1.000000,0.000000,below_midpoint_feather
2026-07-16T13:39:00Z,88.6931,1.000000,1.000000,0.000000,below_midpoint_feather
2026-07-16T13:40:00Z,88.7144,1.000000,1.000000,0.000000,below_midpoint_feather
2026-07-16T13:41:00Z,88.8106,1.000000,1.000000,0.000000,below_midpoint_feather
2026-07-16T13:42:00Z,88.8533,1.000000,1.000000,0.000000,below_midpoint_feather
2026-07-16T13:43:00Z,88.8609,1.000000,1.000000,0.000000,below_midpoint_feather
2026-07-16T13:44:00Z,88.8396,1.000000,1.000000,0.000000,below_midpoint_feather
2026-07-16T13:45:00Z,88.8441,1.000000,1.000000,0.000000,below_midpoint_feather
2026-07-16T13:46:00Z,88.8472,1.000000,1.000000,0.000000,below_midpoint_feather
2026-07-16T13:47:00Z,88.9265,1.000000,1.000000,0.000000,below_midpoint_feather
2026-07-16T13:48:00Z,88.9525,1.000000,1.000000,0.000000,below_midpoint_feather
2026-07-16T13:49:00Z,89.0761,1.000000,1.000000,0.000000,below_midpoint_feather
2026-07-16T13:50:00Z,89.1768,1.000000,1.000000,0.000000,below_midpoint_feather
2026-07-16T13:51:00Z,89.1905,1.000000,1.000000,0.000000,below_midpoint_feather
2026-07-16T13:52:00Z,89.3004,1.000000,1.000000,0.000000,below_midpoint_feather
2026-07-16T13:53:00Z,89.3523,1.000000,1.000000,0.000000,below_midpoint_feather
2026-07-16T13:54:00Z,89.4011,1.000000,1.000000,0.000000,below_midpoint_feather
2026-07-16T13:55:00Z,89.4713,1.000000,1.000000,0.000000,below_midpoint_feather
2026-07-16T13:56:00Z,89.5247,1.000000,1.000000,0.000000,below_midpoint_feather
2026-07-16T13:57:00Z,89.5750,1.000000,1.000000,0.000000,below_midpoint_feather
2026-07-16T13:58:00Z,89.6269,1.000000,1.000000,0.000000,below_midpoint_feather
2026-07-16T13:59:00Z,89.6529,1.000000,1.000000,0.000000,below_midpoint_feather
2026-07-16T14:00:00Z,89.6773,1.000000,1.000000,0.000000,below_midpoint_feather
2026-07-16T14:01:00Z,89.6483,1.000000,1.000000,0.000000,below_midpoint_feather
2026-07-16T14:02:00Z,89.6117,1.000000,1.000000,0.000000,below_midpoint_feather
2026-07-16T14:03:00Z,89.5979,1.000000,1.000000,0.000000,below_midpoint_feather
2026-07-16T14:04:00Z,89.5796,1.000000,1.000000,0.000000,below_midpoint_feather
2026-07-16T14:05:00Z,89.5796,1.000000,1.000000,0.000000,below_midpoint_feather
2026-07-16T14:06:00Z,89.5491,1.000000,1.000000,0.000000,below_midpoint_feather
2026-07-16T14:07:00Z,89.5384,1.000000,1.000000,0.000000,below_midpoint_feather
2026-07-16T14:08:00Z,89.4972,1.000000,1.000000,0.000000,below_midpoint_feather
2026-07-16T14:09:00Z,89.5079,1.000000,1.000000,0.000000,below_midpoint_feather
2026-07-16T14:10:00Z,89.5079,1.000000,1.000000,0.000000,below_midpoint_feather
2026-07-16T14:11:00Z,89.6086,1.000000,1.000000,0.000000,below_midpoint_feather
2026-07-16T14:12:00Z,89.5521,1.000000,1.000000,0.000000,below_midpoint_feather
2026-07-16T14:13:00Z,89.6620,1.000000,1.000000,0.000000,below_midpoint_feather
2026-07-16T14:14:00Z,89.6818,1.000000,1.000000,0.000000,below_midpoint_feather
2026-07-16T14:15:00Z,89.6407,1.000000,1.000000,0.000000,below_midpoint_feather
2026-07-16T14:16:00Z,89.5903,1.000000,1.000000,0.000000,below_midpoint_feather
2026-07-16T14:17:00Z,89.5811,1.000000,1.000000,0.000000,below_midpoint_feather
2026-07-16T14:18:00Z,89.5109,1.000000,1.000000,0.000000,below_midpoint_feather
2026-07-16T14:19:00Z,89.5384,1.000000,1.000000,0.000000,below_midpoint_feather
2026-07-16T14:20:00Z,89.6345,1.000000,1.000000,0.000000,below_midpoint_feather
2026-07-16T14:21:00Z,89.7551,1.000000,1.000000,0.000000,below_midpoint_feather
2026-07-16T14:22:42Z,89.9229,0.999612,0.999859,0.000247,below_midpoint_feather
2026-07-16T14:22:55Z,90.0282,0.999155,0.998087,-0.001068,in_band
2026-07-16T14:23:00Z,89.9825,0.999222,0.998195,-0.001028,below_midpoint_feather
2026-07-16T14:23:09Z,90.0237,0.999331,0.996036,-0.003295,in_band
2026-07-16T14:24:00Z,90.1152,0.971773,0.968556,-0.003218,in_band
2026-07-16T14:24:59Z,90.1488,0.940609,0.937485,-0.003124,in_band
2026-07-16T14:25:00Z,90.1518,0.940088,0.936966,-0.003122,in_band
2026-07-16T14:25:59Z,90.1900,0.909838,0.906812,-0.003025,in_band
2026-07-16T14:26:00Z,90.1900,0.909333,0.906309,-0.003024,in_band
2026-07-16T14:26:59Z,90.2525,0.880034,0.877106,-0.002928,in_band
2026-07-16T14:27:00Z,90.2815,0.879545,0.876619,-0.002926,in_band
2026-07-16T14:27:59Z,90.2754,0.851192,0.848360,-0.002832,in_band
2026-07-16T14:28:00Z,90.3075,0.850719,0.847889,-0.002830,in_band
2026-07-16T14:28:59Z,90.3182,0.823290,0.820550,-0.002739,in_band
2026-07-16T14:29:00Z,90.3319,0.822833,0.820095,-0.002738,in_band
2026-07-16T14:29:59Z,90.4463,0.796300,0.793651,-0.002650,in_band
2026-07-16T14:30:00Z,90.4311,0.795858,0.793210,-0.002648,in_band
2026-07-16T14:30:59Z,90.4906,0.770195,0.767632,-0.002563,in_band
2026-07-16T14:31:00Z,90.4829,0.769767,0.767206,-0.002561,in_band
2026-07-16T14:31:59Z,90.5150,0.744945,0.742466,-0.002479,in_band
2026-07-16T14:32:00Z,90.5135,0.744532,0.742054,-0.002477,in_band
2026-07-16T14:32:59Z,90.6020,0.720523,0.718126,-0.002398,in_band
2026-07-16T14:33:00Z,90.5928,0.720123,0.717727,-0.002396,in_band
2026-07-16T14:33:59Z,90.5791,0.696902,0.694583,-0.002319,in_band
2026-07-16T14:34:00Z,90.5821,0.696515,0.694197,-0.002318,in_band
2026-07-16T14:34:59Z,90.5791,0.674054,0.671812,-0.002243,in_band
2026-07-16T14:35:00Z,90.5516,0.673680,0.671438,-0.002242,in_band
2026-07-16T14:35:59Z,90.6874,0.651956,0.649787,-0.002169,in_band
2026-07-16T14:36:00Z,90.6569,0.651594,0.649426,-0.002168,in_band
2026-07-16T14:36:59Z,90.7439,0.630583,0.628484,-0.002098,in_band
2026-07-16T14:37:00Z,90.7698,0.630232,0.628135,-0.002097,in_band
2026-07-16T14:37:59Z,90.7012,0.609910,0.607880,-0.002029,in_band
2026-07-16T14:38:00Z,90.7301,0.609571,0.607543,-0.002028,in_band
2026-07-16T14:38:59Z,90.7530,0.589914,0.587952,-0.001963,in_band
2026-07-16T14:39:00Z,90.7286,0.589587,0.587625,-0.001962,in_band
2026-07-16T14:39:59Z,90.6798,0.570575,0.568676,-0.001899,in_band
2026-07-16T14:40:00Z,90.6371,0.570258,0.568360,-0.001898,in_band
2026-07-16T14:40:59Z,90.6935,0.551869,0.550033,-0.001836,in_band
2026-07-16T14:41:00Z,90.7439,0.551563,0.549727,-0.001835,in_band
2026-07-16T14:41:59Z,90.5638,0.533777,0.532001,-0.001776,in_band
2026-07-16T14:42:00Z,90.5562,0.533480,0.531705,-0.001775,in_band
2026-07-16T14:42:59Z,90.4646,0.516277,0.514559,-0.001718,in_band
2026-07-16T14:43:00Z,90.4921,0.515991,0.514274,-0.001717,in_band
2026-07-16T14:43:59Z,90.4189,0.499352,0.497690,-0.001662,in_band
2026-07-16T14:44:00Z,90.4128,0.499074,0.497414,-0.001661,in_band
2026-07-16T14:44:59Z,90.3960,0.482981,0.481374,-0.001607,in_band
2026-07-16T14:45:00Z,90.3990,0.482713,0.481107,-0.001606,in_band
2026-07-16T14:45:59Z,90.4540,0.467147,0.465593,-0.001555,in_band
2026-07-16T14:46:00Z,90.4311,0.466888,0.465334,-0.001554,in_band
2026-07-16T14:46:59Z,90.4768,0.451832,0.450329,-0.001503,in_band
2026-07-16T14:47:00Z,90.4860,0.451581,0.450079,-0.001503,in_band
2026-07-16T14:47:59Z,90.5974,0.437019,0.435565,-0.001454,in_band
2026-07-16T14:48:00Z,90.5882,0.436777,0.435323,-0.001453,in_band
2026-07-16T14:48:59Z,90.6477,0.422692,0.421286,-0.001407,in_band
2026-07-16T14:49:00Z,90.6706,0.422457,0.421052,-0.001406,in_band
2026-07-16T14:49:59Z,90.6645,0.408835,0.407474,-0.001361,in_band
2026-07-16T14:50:00Z,90.6600,0.408608,0.407248,-0.001360,in_band
2026-07-16T14:50:59Z,90.7805,0.395431,0.394116,-0.001316,in_band
2026-07-16T14:51:00Z,90.7759,0.395212,0.393897,-0.001315,in_band
2026-07-16T14:51:59Z,90.7973,0.382468,0.381195,-0.001273,in_band
2026-07-16T14:52:00Z,90.8476,0.382255,0.380983,-0.001272,in_band
2026-07-16T14:52:59Z,90.9133,0.369929,0.368698,-0.001231,in_band
2026-07-16T14:53:00Z,90.9087,0.369723,0.368493,-0.001230,in_band
2026-07-16T14:53:59Z,90.9209,0.357801,0.356611,-0.001191,in_band
2026-07-16T14:54:00Z,90.8980,0.357602,0.356413,-0.001190,in_band
2026-07-16T14:54:59Z,90.9941,0.346071,0.344920,-0.001152,in_band
2026-07-16T14:55:00Z,91.0140,0.345879,0.344728,-0.001151,in_band
2026-07-16T14:55:59Z,91.0353,0.334726,0.333612,-0.001114,in_band
2026-07-16T14:56:00Z,91.0369,0.334540,0.333426,-0.001113,in_band
2026-07-16T14:56:59Z,91.1055,0.323752,0.322675,-0.001077,in_band
2026-07-16T14:57:00Z,91.0780,0.323572,0.322495,-0.001077,in_band
2026-07-16T14:57:59Z,91.1055,0.313138,0.312096,-0.001042,in_band
2026-07-16T14:58:00Z,91.1223,0.312964,0.311923,-0.001041,in_band
2026-07-16T14:58:59Z,91.2200,0.302872,0.301864,-0.001008,in_band
2026-07-16T14:59:00Z,91.1742,0.302704,0.301697,-0.001007,in_band
2026-07-16T14:59:59Z,91.2886,0.292943,0.291968,-0.000975,in_band
2026-07-16T15:00:00Z,91.2703,0.292780,0.291806,-0.000974,in_band
2026-07-16T15:00:59Z,91.2932,0.283339,0.282396,-0.000943,in_band
2026-07-16T15:01:00Z,91.2840,0.283182,0.282239,-0.000942,in_band
2026-07-16T15:01:59Z,91.4397,0.274050,0.273138,-0.000912,in_band
2026-07-16T15:02:00Z,91.4061,0.273898,0.272986,-0.000911,in_band
2026-07-16T15:02:59Z,91.4427,0.265066,0.264184,-0.000882,in_band
2026-07-16T15:03:20Z,91.4809,0.261991,0.261411,-0.000580,in_band
2026-07-16T15:03:26Z,91.5389,0.258352,0.244393,-0.013959,above_band_high
2026-07-16T15:05:30Z,91.6350,0.229230,0.199392,-0.029839,above_band_high
2026-07-16T15:05:40Z,91.5389,0.225059,0.240091,0.015032,above_band_high
2026-07-16T15:06:06Z,91.5404,0.225315,0.238295,0.012981,above_band_high
2026-07-16T15:06:50Z,91.5938,0.222907,0.213084,-0.009823,above_band_high
2026-07-16T15:07:06Z,91.6121,0.221958,0.204313,-0.017645,above_band_high
2026-07-16T15:07:48Z,91.6167,0.186419,0.199357,0.012938,above_band_high
2026-07-16T15:08:00Z,91.6503,0.198343,0.183943,-0.014400,above_band_high
2026-07-16T15:08:34Z,91.5938,0.188951,0.204486,0.015535,above_band_high
2026-07-16T15:09:22Z,91.6594,0.191718,0.170851,-0.020867,above_band_high
2026-07-16T15:09:34Z,91.5938,0.181800,0.197386,0.015586,above_band_high
2026-07-16T15:10:12Z,91.7082,0.165139,0.143598,-0.021541,above_band_high
2026-07-16T15:10:44Z,91.6136,0.165083,0.179293,0.014209,above_band_high
2026-07-16T15:11:00Z,91.6365,0.158139,0.167158,0.009019,above_band_high
2026-07-16T15:11:54Z,91.7311,0.142814,0.118612,-0.024202,above_band_high
2026-07-16T15:12:12Z,91.6716,0.128207,0.141064,0.012856,above_band_high
2026-07-16T15:12:38Z,91.7540,0.123064,0.101370,-0.021694,above_band_high
2026-07-16T15:13:02Z,91.7144,0.099805,0.113836,0.014031,above_band_high
2026-07-16T15:13:56Z,91.7998,0.092501,0.065968,-0.026533,above_band_high
2026-07-16T15:14:39Z,91.8242,0.066687,0.045177,-0.021510,above_band_high
2026-07-16T15:14:46Z,91.7784,0.052560,0.062910,0.010350,above_band_high
2026-07-16T15:15:11Z,91.8547,0.044685,0.023690,-0.020995,above_band_high
2026-07-16T15:15:36Z,91.7998,0.023343,0.040017,0.016674,above_band_high
2026-07-16T15:16:03Z,91.8730,0.010030,0.000615,-0.009414,above_band_high
2026-07-16T15:16:06Z,91.8364,0.008446,0.015297,0.006851,above_band_high
2026-07-16T15:17:00Z,91.8593,0.000000,0.000000,0.000000,above_band_high
2026-07-16T15:18:00Z,91.8700,0.000000,0.000000,0.000000,above_band_high
2026-07-16T15:19:00Z,91.8364,0.000000,0.000000,0.000000,above_band_high
2026-07-16T15:20:00Z,91.8181,0.000000,0.000000,0.000000,above_band_high
2026-07-16T15:21:00Z,91.7449,0.000000,0.000000,0.000000,above_band_high
2026-07-16T15:22:00Z,91.7632,0.000000,0.000000,0.000000,above_band_high
2026-07-16T15:23:00Z,91.8044,0.000000,0.000000,0.000000,above_band_high
2026-07-16T15:24:00Z,91.8135,0.000000,0.000000,0.000000,above_band_high
2026-07-16T15:25:00Z,91.8517,0.000000,0.000000,0.000000,above_band_high
2026-07-16T15:26:00Z,91.8547,0.000000,0.000000,0.000000,above_band_high
2026-07-16T15:27:00Z,91.8547,0.000000,0.000000,0.000000,above_band_high
2026-07-16T15:28:00Z,91.8425,0.000000,0.000000,0.000000,above_band_high
2026-07-16T15:29:00Z,91.8105,0.000000,0.000000,0.000000,above_band_high
2026-07-16T15:30:00Z,91.7494,0.000000,0.000000,0.000000,above_band_high
2026-07-16T15:31:00Z,91.7510,0.000000,0.000000,0.000000,above_band_high
2026-07-16T15:32:00Z,91.6457,0.000000,0.000000,0.000000,above_band_high
2026-07-16T15:33:00Z,91.6274,0.000000,0.000000,0.000000,above_band_high
2026-07-16T15:34:00Z,91.5938,0.000000,0.000000,0.000000,above_band_high
2026-07-16T15:35:30Z,91.4931,0.000000,0.004854,0.004854,in_band
2026-07-16T15:35:42Z,91.5068,0.001514,0.001274,-0.000240,above_band_high
2026-07-16T15:36:00Z,91.4794,0.000000,0.003548,0.003548,in_band
2026-07-16T15:36:02Z,91.5114,0.000000,0.000000,0.000000,above_band_high
2026-07-16T15:38:27Z,91.4488,0.000416,0.000457,0.000041,in_band
2026-07-16T15:38:59Z,91.3924,0.000245,0.000269,0.000024,in_band
2026-07-16T15:39:00Z,91.4122,0.000241,0.000265,0.000024,in_band
2026-07-16T15:39:59Z,91.3481,0.000091,0.000100,0.000009,in_band
2026-07-16T15:40:00Z,91.4076,0.000089,0.000098,0.000009,in_band
2026-07-16T15:40:59Z,91.3512,0.000034,0.000037,0.000003,in_band
2026-07-16T15:41:00Z,91.3344,0.000033,0.000036,0.000003,in_band
2026-07-16T15:41:59Z,91.3558,0.000013,0.000014,0.000001,in_band
2026-07-16T15:42:00Z,91.3756,0.000012,0.000014,0.000001,in_band
2026-07-16T15:42:59Z,91.3191,0.000005,0.000005,0.000000,in_band
2026-07-16T15:43:00Z,91.3512,0.000005,0.000005,0.000000,in_band
2026-07-16T15:43:59Z,91.2978,0.000002,0.000002,0.000000,in_band
2026-07-16T15:44:00Z,91.3252,0.000002,0.000002,0.000000,in_band
2026-07-16T15:44:59Z,91.3054,0.000001,0.000001,0.000000,in_band
2026-07-16T15:45:00Z,91.3283,0.000001,0.000001,0.000000,in_band
2026-07-16T15:45:59Z,91.2642,0.000000,0.000000,0.000000,in_band
2026-07-16T15:46:00Z,91.2520,0.000000,0.000000,0.000000,in_band
2026-07-16T15:46:59Z,91.2474,0.000000,0.000000,0.000000,in_band
2026-07-16T15:47:00Z,91.2276,0.000000,0.000000,0.000000,in_band
2026-07-16T15:47:59Z,91.2383,0.000000,0.000000,0.000000,in_band
2026-07-16T15:48:00Z,91.2154,0.000000,0.000000,0.000000,in_band
2026-07-16T15:48:59Z,91.2093,0.000000,0.000000,0.000000,in_band
2026-07-16T15:49:00Z,91.2291,0.000000,0.000000,0.000000,in_band
2026-07-16T15:49:59Z,91.1788,0.000000,0.000000,0.000000,in_band
2026-07-16T15:50:00Z,91.1833,0.000000,0.000000,0.000000,in_band
2026-07-16T15:50:59Z,91.1955,0.000000,0.000000,0.000000,in_band
2026-07-16T15:51:00Z,91.2016,0.000000,0.000000,0.000000,in_band
2026-07-16T15:51:59Z,91.1955,0.000000,0.000000,0.000000,in_band
2026-07-16T15:52:00Z,91.1727,0.000000,0.000000,0.000000,in_band
2026-07-16T15:52:59Z,91.1772,0.000000,0.000000,0.000000,in_band
2026-07-16T15:53:00Z,91.1467,0.000000,0.000000,0.000000,in_band
2026-07-16T15:53:59Z,91.1284,0.000000,0.000000,0.000000,in_band
2026-07-16T15:54:00Z,91.1635,0.000000,0.000000,0.000000,in_band
2026-07-16T15:54:59Z,91.1635,0.000000,0.000000,0.000000,in_band
2026-07-16T15:55:00Z,91.1269,0.000000,0.000000,0.000000,in_band
2026-07-16T15:55:59Z,91.1589,0.000000,0.000000,0.000000,in_band
2026-07-16T15:56:00Z,91.1543,0.000000,0.000000,0.000000,in_band
2026-07-16T15:56:59Z,91.1543,0.000000,0.000000,0.000000,in_band
2026-07-16T15:57:00Z,91.1543,0.000000,0.000000,0.000000,in_band
2026-07-16T15:57:59Z,91.1910,0.000000,0.000000,0.000000,in_band
2026-07-16T15:58:00Z,91.2016,0.000000,0.000000,0.000000,in_band
2026-07-16T15:58:59Z,91.1513,0.000000,0.000000,0.000000,in_band
2026-07-16T15:59:00Z,91.2001,0.000000,0.000000,0.000000,in_band
2026-07-16T15:59:59Z,91.2200,0.000000,0.000000,0.000000,in_band
2026-07-16T16:00:00Z,91.2322,0.000000,0.000000,0.000000,in_band
2026-07-16T16:00:59Z,91.2367,0.000000,0.000000,0.000000,in_band
2026-07-16T16:01:00Z,91.2566,0.000000,0.000000,0.000000,in_band
2026-07-16T16:01:59Z,91.2474,0.000000,0.000000,0.000000,in_band
2026-07-16T16:02:00Z,91.2428,0.000000,0.000000,0.000000,in_band
2026-07-16T16:02:59Z,91.2551,0.000000,0.000000,0.000000,in_band
2026-07-16T16:03:00Z,91.2734,0.000000,0.000000,0.000000,in_band
2026-07-16T16:03:59Z,91.2932,0.000000,0.000000,0.000000,in_band
2026-07-16T16:04:00Z,91.2917,0.000000,0.000000,0.000000,in_band
2026-07-16T16:04:59Z,91.3283,0.000000,0.000000,0.000000,in_band
2026-07-16T16:05:00Z,91.3298,0.000000,0.000000,0.000000,in_band
2026-07-16T16:05:59Z,91.3512,0.000000,0.000000,0.000000,in_band
2026-07-16T16:06:00Z,91.3207,0.000000,0.000000,0.000000,in_band
2026-07-16T16:06:59Z,91.2703,0.000000,0.000000,0.000000,in_band
2026-07-16T16:07:00Z,91.3375,0.000000,0.000000,0.000000,in_band
2026-07-16T16:07:59Z,91.3161,0.000000,0.000000,0.000000,in_band
2026-07-16T16:08:00Z,91.3207,0.000000,0.000000,0.000000,in_band
2026-07-16T16:08:59Z,91.3161,0.000000,0.000000,0.000000,in_band
2026-07-16T16:09:00Z,91.2840,0.000000,0.000000,0.000000,in_band
2026-07-16T16:09:59Z,91.2551,0.000000,0.000000,0.000000,in_band
2026-07-16T16:10:00Z,91.2566,0.000000,0.000000,0.000000,in_band
2026-07-16T16:10:59Z,91.1971,0.000000,0.000000,0.000000,in_band
2026-07-16T16:11:00Z,91.1681,0.000000,0.000000,0.000000,in_band
2026-07-16T16:11:59Z,91.0552,0.000000,0.000000,0.000000,in_band
2026-07-16T16:12:00Z,91.0903,0.000000,0.000000,0.000000,in_band
2026-07-16T16:12:59Z,90.9529,0.000000,0.000000,0.000000,in_band
2026-07-16T16:13:00Z,90.9392,0.000000,0.000000,0.000000,in_band
2026-07-16T16:13:59Z,90.8354,0.000000,0.000000,0.000000,in_band
2026-07-16T16:14:00Z,90.8522,0.000000,0.000000,0.000000,in_band
2026-07-16T16:14:59Z,90.7759,0.000000,0.000000,0.000000,in_band
2026-07-16T16:15:00Z,90.7881,0.000000,0.000000,0.000000,in_band
2026-07-16T16:15:59Z,90.6981,0.000000,0.000000,0.000000,in_band
2026-07-16T16:16:00Z,90.6981,0.000000,0.000000,0.000000,in_band
2026-07-16T16:16:59Z,90.6294,0.000000,0.000000,0.000000,in_band
2026-07-16T16:17:00Z,90.6798,0.000000,0.000000,0.000000,in_band
2026-07-16T16:17:59Z,90.5699,0.000000,0.000000,0.000000,in_band
2026-07-16T16:18:00Z,90.5913,0.000000,0.000000,0.000000,in_band
2026-07-16T16:18:59Z,90.5241,0.000000,0.000000,0.000000,in_band
2026-07-16T16:19:00Z,90.4585,0.000000,0.000000,0.000000,in_band
2026-07-16T16:19:59Z,90.4311,0.000000,0.000000,0.000000,in_band
2026-07-16T16:20:00Z,90.4723,0.000000,0.000000,0.000000,in_band
2026-07-16T16:20:59Z,90.3670,0.000000,0.000000,0.000000,in_band
2026-07-16T16:21:00Z,90.3868,0.000000,0.000000,0.000000,in_band
2026-07-16T16:21:59Z,90.2724,0.000000,0.000000,0.000000,in_band
2026-07-16T16:22:00Z,90.2586,0.000000,0.000000,0.000000,in_band
2026-07-16T16:22:59Z,90.1350,0.000000,0.000000,0.000000,in_band
2026-07-16T16:23:00Z,90.0755,0.000000,0.000000,0.000000,in_band
2026-07-16T16:23:59Z,90.0160,0.000000,0.000000,0.000000,in_band
2026-07-16T16:24:56Z,89.9702,0.000269,0.000126,-0.000143,below_midpoint_feather
2026-07-16T16:24:58Z,89.9107,0.000417,0.001134,0.000716,below_midpoint_feather
2026-07-16T16:25:37Z,89.8314,0.002611,0.004069,0.001458,below_midpoint_feather
2026-07-16T16:25:48Z,89.8589,0.004531,0.002884,-0.001646,below_midpoint_feather
2026-07-16T16:26:21Z,89.7078,0.008721,0.012369,0.003648,below_midpoint_feather
2026-07-16T16:26:44Z,89.6895,0.016091,0.014199,-0.001892,below_midpoint_feather
2026-07-16T16:27:15Z,89.5521,0.022790,0.029627,0.006837,below_midpoint_feather
2026-07-16T16:27:58Z,89.5155,0.039086,0.036048,-0.003038,below_midpoint_feather
2026-07-16T16:28:16Z,89.4423,0.048841,0.047863,-0.000978,below_midpoint_feather
2026-07-16T16:28:57Z,89.1966,0.088025,0.098599,0.010574,below_midpoint_feather
2026-07-16T16:29:36Z,89.0349,0.147657,0.144569,-0.003088,below_midpoint_feather
2026-07-16T16:29:53Z,88.9113,0.166540,0.183978,0.017438,below_midpoint_feather
2026-07-16T16:30:14Z,88.9082,0.196075,0.189956,-0.006119,below_midpoint_feather
2026-07-16T16:30:57Z,88.7617,0.236838,0.252040,0.015202,below_midpoint_feather
2026-07-16T16:31:45Z,88.6564,0.291882,0.310355,0.018473,below_midpoint_feather
2026-07-16T16:31:58Z,88.6885,0.309245,0.304321,-0.004924,below_midpoint_feather
2026-07-16T16:32:13Z,88.6427,0.318809,0.329058,0.010248,below_midpoint_feather
2026-07-16T16:32:30Z,88.7053,0.327444,0.314219,-0.013225,below_midpoint_feather
2026-07-16T16:33:02Z,88.7617,0.329109,0.311067,-0.018042,below_midpoint_feather
2026-07-16T16:33:42Z,88.7526,0.327233,0.335935,0.008701,below_midpoint_feather
2026-07-16T16:34:23Z,88.8579,0.331534,0.321588,-0.009946,below_midpoint_feather
2026-07-16T16:34:52Z,88.8655,0.322715,0.333477,0.010762,below_midpoint_feather
2026-07-16T16:35:01Z,88.9174,0.329427,0.321389,-0.008039,below_midpoint_feather
2026-07-16T16:35:30Z,88.9067,0.327163,0.337911,0.010748,below_midpoint_feather
2026-07-16T16:36:00Z,88.9220,0.334589,0.346019,0.011430,below_midpoint_feather
2026-07-16T16:36:19Z,88.9662,0.344206,0.340492,-0.003714,below_midpoint_feather
2026-07-16T16:37:24Z,88.9586,0.373199,0.368032,-0.005167,below_midpoint_feather
2026-07-16T16:37:46Z,88.8975,0.377426,0.395015,0.017589,below_midpoint_feather
2026-07-16T16:38:40Z,88.9357,0.412188,0.403625,-0.008564,below_midpoint_feather
2026-07-16T16:38:42Z,88.8472,0.416773,0.432287,0.015514,below_midpoint_feather
2026-07-16T16:39:38Z,88.9845,0.417066,0.411326,-0.005740,below_midpoint_feather
2026-07-16T16:39:42Z,88.9433,0.415870,0.424972,0.009103,below_midpoint_feather
2026-07-16T16:40:22Z,88.9403,0.447312,0.440813,-0.006499,below_midpoint_feather
2026-07-16T16:40:28Z,88.8930,0.445816,0.457654,0.011838,below_midpoint_feather
2026-07-16T16:41:02Z,88.9265,0.451323,0.460188,0.008866,below_midpoint_feather
2026-07-16T16:41:10Z,88.9845,0.455728,0.446007,-0.009721,below_midpoint_feather
2026-07-16T16:42:01Z,89.1279,0.435203,0.426227,-0.008976,below_midpoint_feather
2026-07-16T16:42:48Z,89.2683,0.404456,0.408892,0.004437,below_midpoint_feather
2026-07-16T16:43:21Z,89.4026,0.397823,0.391727,-0.006095,below_midpoint_feather
2026-07-16T16:43:54Z,89.4331,0.384764,0.393317,0.008552,below_midpoint_feather
2026-07-16T16:44:28Z,89.5476,0.379580,0.382043,0.002463,below_midpoint_feather
2026-07-16T16:44:41Z,89.6132,0.381876,0.375887,-0.005989,below_midpoint_feather
2026-07-16T16:45:19Z,89.7505,0.370140,0.367392,-0.002748,below_midpoint_feather
2026-07-16T16:45:36Z,89.7505,0.366379,0.368699,0.002320,below_midpoint_feather
2026-07-16T16:46:01Z,89.8680,0.365191,0.363818,-0.001373,below_midpoint_feather
2026-07-16T16:46:14Z,89.8238,0.364200,0.366364,0.002164,below_midpoint_feather
2026-07-16T16:47:00Z,90.0282,0.361671,0.361551,-0.000121,in_band
2026-07-16T16:47:59Z,90.1244,0.350803,0.350642,-0.000161,in_band
2026-07-16T16:48:00Z,90.1427,0.350616,0.350455,-0.000161,in_band
2026-07-16T16:48:59Z,90.2708,0.339604,0.339432,-0.000172,in_band
2026-07-16T16:49:00Z,90.2770,0.339419,0.339246,-0.000173,in_band
2026-07-16T16:49:38Z,90.3639,0.332411,0.332237,-0.000174,in_band
2026-07-16T16:50:00Z,90.4234,0.328401,0.328228,-0.000173,in_band
2026-07-16T16:50:59Z,90.5364,0.317852,0.317682,-0.000170,in_band
2026-07-16T16:51:00Z,90.5501,0.317676,0.317506,-0.000170,in_band
2026-07-16T16:51:59Z,90.7164,0.307447,0.307282,-0.000165,in_band
2026-07-16T16:52:00Z,90.7256,0.307276,0.307112,-0.000165,in_band
2026-07-16T16:52:59Z,90.8659,0.297373,0.297214,-0.000160,in_band
2026-07-16T16:53:00Z,90.8629,0.297208,0.297049,-0.000160,in_band
2026-07-16T16:53:59Z,91.0079,0.287627,0.287472,-0.000155,in_band
2026-07-16T16:54:00Z,91.0033,0.287467,0.287312,-0.000155,in_band
2026-07-16T16:54:59Z,91.1330,0.278198,0.278048,-0.000150,in_band
2026-07-16T16:55:00Z,91.1513,0.278043,0.277894,-0.000150,in_band
2026-07-16T16:55:59Z,91.2978,0.269078,0.268933,-0.000145,in_band
2026-07-16T16:56:00Z,91.2779,0.268928,0.268783,-0.000145,in_band
2026-07-16T16:56:59Z,91.3466,0.260256,0.260116,-0.000140,in_band
2026-07-16T16:57:44Z,91.5221,0.253831,0.244413,-0.009418,above_band_high
2026-07-16T16:57:46Z,91.4977,0.253549,0.253697,0.000148,in_band
2026-07-16T16:59:52Z,91.6945,0.154646,0.164074,0.009428,above_band_high
2026-07-16T16:59:56Z,91.7678,0.154153,0.132317,-0.021836,above_band_high
2026-07-16T17:00:26Z,91.7357,0.128249,0.141403,0.013154,above_band_high
2026-07-16T17:00:55Z,91.8471,0.107098,0.088191,-0.018906,above_band_high
2026-07-16T17:01:11Z,91.8547,0.097653,0.081254,-0.016399,above_band_high
2026-07-16T17:01:44Z,91.9020,0.045480,0.052258,0.006778,above_band_high
2026-07-16T17:02:05Z,91.9982,0.027253,0.004588,-0.022665,above_band_high
2026-07-16T17:02:14Z,91.9432,0.020308,0.024910,0.004601,above_band_high
2026-07-16T17:03:00Z,92.0607,0.000000,0.000000,0.000000,above_band_high
2026-07-16T17:04:00Z,92.1538,0.000000,0.000000,0.000000,above_band_high
2026-07-16T17:05:00Z,92.2087,0.000000,0.000000,0.000000,above_band_high
2026-07-16T17:06:00Z,92.3507,0.000000,0.000000,0.000000,above_band_high
2026-07-16T17:07:00Z,92.4407,0.000000,0.000000,0.000000,above_band_high
2026-07-16T17:08:00Z,92.5200,0.000000,0.000000,0.000000,above_band_high
2026-07-16T17:09:00Z,92.5750,0.000000,0.000000,0.000000,above_band_high
2026-07-16T17:10:00Z,92.6375,0.000000,0.000000,0.000000,above_band_high
2026-07-16T17:11:00Z,92.6940,0.000000,0.000000,0.000000,above_band_high
2026-07-16T17:12:00Z,92.7245,0.000000,0.000000,0.000000,above_band_high
2026-07-16T17:13:00Z,92.8267,0.000000,0.000000,0.000000,above_band_high
2026-07-16T17:14:00Z,92.8634,0.000000,0.000000,0.000000,above_band_high
2026-07-16T17:15:00Z,92.9442,0.000000,0.000000,0.000000,above_band_high
2026-07-16T17:16:00Z,92.9305,0.000000,0.000000,0.000000,above_band_high
2026-07-16T17:17:00Z,92.9625,0.000000,0.000000,0.000000,above_band_high
2026-07-16T17:18:00Z,93.0007,0.000000,0.000000,0.000000,above_band_high
2026-07-16T17:19:00Z,93.0144,0.000000,0.000000,0.000000,above_band_high
2026-07-16T17:20:00Z,93.0220,0.000000,0.000000,0.000000,above_band_high
2026-07-16T17:21:00Z,93.0648,0.000000,0.000000,0.000000,above_band_high
2026-07-16T17:22:00Z,93.0587,0.000000,0.000000,0.000000,above_band_high
2026-07-16T17:23:00Z,93.1014,0.000000,0.000000,0.000000,above_band_high
2026-07-16T17:24:00Z,93.1228,0.000000,0.000000,0.000000,above_band_high
2026-07-16T17:25:00Z,93.1151,0.000000,0.000000,0.000000,above_band_high
2026-07-16T17:26:00Z,93.2097,0.000000,0.000000,0.000000,above_band_high
2026-07-16T17:27:00Z,93.2021,0.000000,0.000000,0.000000,above_band_high
2026-07-16T17:28:00Z,93.2387,0.000000,0.000000,0.000000,above_band_high
2026-07-16T17:29:00Z,93.2021,0.000000,0.000000,0.000000,above_band_high
2026-07-16T17:30:00Z,93.1930,0.000000,0.000000,0.000000,above_band_high
2026-07-16T17:31:00Z,93.2662,0.000000,0.000000,0.000000,above_band_high
2026-07-16T17:32:00Z,93.2876,0.000000,0.000000,0.000000,above_band_high
2026-07-16T17:33:00Z,93.2982,0.000000,0.000000,0.000000,above_band_high
2026-07-16T17:34:00Z,93.3211,0.000000,0.000000,0.000000,above_band_high
2026-07-16T17:35:00Z,93.3242,0.000000,0.000000,0.000000,above_band_high
2026-07-16T17:36:00Z,93.3654,0.000000,0.000000,0.000000,above_band_high
2026-07-16T17:37:00Z,93.4035,0.000000,0.000000,0.000000,above_band_high
2026-07-16T17:38:00Z,93.4356,0.000000,0.000000,0.000000,above_band_high
2026-07-16T17:39:00Z,93.3623,0.000000,0.000000,0.000000,above_band_high
2026-07-16T17:40:00Z,93.3852,0.000000,0.000000,0.000000,above_band_high
2026-07-16T17:41:00Z,93.3745,0.000000,0.000000,0.000000,above_band_high
2026-07-16T17:42:00Z,93.3165,0.000000,0.000000,0.000000,above_band_high
2026-07-16T17:43:00Z,93.2601,0.000000,0.000000,0.000000,above_band_high
2026-07-16T17:44:00Z,93.2280,0.000000,0.000000,0.000000,above_band_high
2026-07-16T17:45:00Z,93.1685,0.000000,0.000000,0.000000,above_band_high
2026-07-16T17:46:00Z,93.1228,0.000000,0.000000,0.000000,above_band_high
2026-07-16T17:47:00Z,93.0373,0.000000,0.000000,0.000000,above_band_high
2026-07-16T17:48:00Z,93.0282,0.000000,0.000000,0.000000,above_band_high
2026-07-16T17:49:00Z,92.9763,0.000000,0.000000,0.000000,above_band_high
2026-07-16T17:50:00Z,92.9046,0.000000,0.000000,0.000000,above_band_high
2026-07-16T17:51:00Z,92.8954,0.000000,0.000000,0.000000,above_band_high
2026-07-16T17:52:00Z,92.8527,0.000000,0.000000,0.000000,above_band_high
2026-07-16T17:53:00Z,92.8206,0.000000,0.000000,0.000000,above_band_high
2026-07-16T17:54:00Z,92.7489,0.000000,0.000000,0.000000,above_band_high
2026-07-16T17:55:00Z,92.7245,0.000000,0.000000,0.000000,above_band_high
2026-07-16T17:56:00Z,92.6757,0.000000,0.000000,0.000000,above_band_high
2026-07-16T17:57:00Z,92.6604,0.000000,0.000000,0.000000,above_band_high
2026-07-16T17:58:00Z,92.6467,0.000000,0.000000,0.000000,above_band_high
2026-07-16T17:59:00Z,92.5887,0.000000,0.000000,0.000000,above_band_high
2026-07-16T18:00:00Z,92.5963,0.000000,0.000000,0.000000,above_band_high
2026-07-16T18:01:00Z,92.6009,0.000000,0.000000,0.000000,above_band_high
2026-07-16T18:02:00Z,92.6146,0.000000,0.000000,0.000000,above_band_high
2026-07-16T18:03:00Z,92.5368,0.000000,0.000000,0.000000,above_band_high
2026-07-16T18:04:00Z,92.5231,0.000000,0.000000,0.000000,above_band_high
2026-07-16T18:05:00Z,92.5093,0.000000,0.000000,0.000000,above_band_high
2026-07-16T18:06:00Z,92.4178,0.000000,0.000000,0.000000,above_band_high
2026-07-16T18:07:00Z,92.4544,0.000000,0.000000,0.000000,above_band_high
2026-07-16T18:08:00Z,92.4559,0.000000,0.000000,0.000000,above_band_high
2026-07-16T18:09:00Z,92.4407,0.000000,0.000000,0.000000,above_band_high
2026-07-16T18:10:00Z,92.3995,0.000000,0.000000,0.000000,above_band_high
2026-07-16T18:11:00Z,92.3598,0.000000,0.000000,0.000000,above_band_high
2026-07-16T18:12:00Z,92.3140,0.000000,0.000000,0.000000,above_band_high
2026-07-16T18:13:00Z,92.3125,0.000000,0.000000,0.000000,above_band_high
2026-07-16T18:14:00Z,92.2499,0.000000,0.000000,0.000000,above_band_high
2026-07-16T18:15:00Z,92.2072,0.000000,0.000000,0.000000,above_band_high
2026-07-16T18:16:00Z,92.1752,0.000000,0.000000,0.000000,above_band_high
2026-07-16T18:17:00Z,92.1767,0.000000,0.000000,0.000000,above_band_high
2026-07-16T18:18:00Z,92.2179,0.000000,0.000000,0.000000,above_band_high
2026-07-16T18:19:00Z,92.1813,0.000000,0.000000,0.000000,above_band_high
2026-07-16T18:20:00Z,92.1889,0.000000,0.000000,0.000000,above_band_high
2026-07-16T18:21:00Z,92.1660,0.000000,0.000000,0.000000,above_band_high
2026-07-16T18:22:00Z,92.1767,0.000000,0.000000,0.000000,above_band_high
2026-07-16T18:23:00Z,92.2316,0.000000,0.000000,0.000000,above_band_high
2026-07-16T18:24:00Z,92.1996,0.000000,0.000000,0.000000,above_band_high
2026-07-16T18:25:00Z,92.2454,0.000000,0.000000,0.000000,above_band_high
2026-07-16T18:26:00Z,92.2499,0.000000,0.000000,0.000000,above_band_high
2026-07-16T18:27:00Z,92.2255,0.000000,0.000000,0.000000,above_band_high
2026-07-16T18:28:00Z,92.2896,0.000000,0.000000,0.000000,above_band_high
2026-07-16T18:29:00Z,92.2683,0.000000,0.000000,0.000000,above_band_high
2026-07-16T18:30:00Z,92.2621,0.000000,0.000000,0.000000,above_band_high
2026-07-16T18:31:00Z,92.2957,0.000000,0.000000,0.000000,above_band_high
2026-07-16T18:32:00Z,92.3415,0.000000,0.000000,0.000000,above_band_high
2026-07-16T18:33:00Z,92.3323,0.000000,0.000000,0.000000,above_band_high
2026-07-16T18:34:00Z,92.3781,0.000000,0.000000,0.000000,above_band_high
2026-07-16T18:35:00Z,92.4147,0.000000,0.000000,0.000000,above_band_high
2026-07-16T18:36:00Z,92.4132,0.000000,0.000000,0.000000,above_band_high
2026-07-16T18:37:00Z,92.4590,0.000000,0.000000,0.000000,above_band_high
2026-07-16T18:38:00Z,92.5017,0.000000,0.000000,0.000000,above_band_high
2026-07-16T18:39:00Z,92.5292,0.000000,0.000000,0.000000,above_band_high
2026-07-16T18:40:00Z,92.5002,0.000000,0.000000,0.000000,above_band_high
2026-07-16T18:41:00Z,92.5002,0.000000,0.000000,0.000000,above_band_high
2026-07-16T18:42:00Z,92.5017,0.000000,0.000000,0.000000,above_band_high
2026-07-16T18:43:00Z,92.5505,0.000000,0.000000,0.000000,above_band_high
2026-07-16T18:44:00Z,92.5154,0.000000,0.000000,0.000000,above_band_high
2026-07-16T18:45:00Z,92.5231,0.000000,0.000000,0.000000,above_band_high
2026-07-16T18:46:00Z,92.5200,0.000000,0.000000,0.000000,above_band_high
2026-07-16T18:47:00Z,92.5521,0.000000,0.000000,0.000000,above_band_high
2026-07-16T18:48:00Z,92.6070,0.000000,0.000000,0.000000,above_band_high
2026-07-16T18:49:00Z,92.6390,0.000000,0.000000,0.000000,above_band_high
2026-07-16T18:50:00Z,92.6894,0.000000,0.000000,0.000000,above_band_high
2026-07-16T18:51:00Z,92.7123,0.000000,0.000000,0.000000,above_band_high
2026-07-16T18:52:00Z,92.7199,0.000000,0.000000,0.000000,above_band_high
2026-07-16T18:53:00Z,92.7199,0.000000,0.000000,0.000000,above_band_high
2026-07-16T18:54:00Z,92.6787,0.000000,0.000000,0.000000,above_band_high
2026-07-16T18:55:00Z,92.6558,0.000000,0.000000,0.000000,above_band_high
2026-07-16T18:56:00Z,92.6696,0.000000,0.000000,0.000000,above_band_high
2026-07-16T18:57:00Z,92.6894,0.000000,0.000000,0.000000,above_band_high
2026-07-16T18:58:00Z,92.7337,0.000000,0.000000,0.000000,above_band_high
2026-07-16T18:59:00Z,92.7520,0.000000,0.000000,0.000000,above_band_high
2026-07-16T19:00:00Z,92.7657,0.000000,0.000000,0.000000,above_band_high
2026-07-16T19:01:00Z,92.7443,0.000000,0.000000,0.000000,above_band_high
2026-07-16T19:02:00Z,92.7581,0.000000,0.000000,0.000000,above_band_high
2026-07-16T19:03:00Z,92.7520,0.000000,0.000000,0.000000,above_band_high
2026-07-16T19:04:00Z,92.7214,0.000000,0.000000,0.000000,above_band_high
2026-07-16T19:05:00Z,92.6986,0.000000,0.000000,0.000000,above_band_high
2026-07-16T19:06:00Z,92.7108,0.000000,0.000000,0.000000,above_band_high
2026-07-16T19:07:00Z,92.6833,0.000000,0.000000,0.000000,above_band_high
2026-07-16T19:08:00Z,92.6665,0.000000,0.000000,0.000000,above_band_high
2026-07-16T19:09:00Z,92.6162,0.000000,0.000000,0.000000,above_band_high
2026-07-16T19:10:00Z,92.6299,0.000000,0.000000,0.000000,above_band_high
2026-07-16T19:11:00Z,92.6421,0.000000,0.000000,0.000000,above_band_high
2026-07-16T19:12:00Z,92.6238,0.000000,0.000000,0.000000,above_band_high
2026-07-16T19:13:00Z,92.6421,0.000000,0.000000,0.000000,above_band_high
2026-07-16T19:14:00Z,92.6467,0.000000,0.000000,0.000000,above_band_high
2026-07-16T19:15:00Z,92.6162,0.000000,0.000000,0.000000,above_band_high
2026-07-16T19:16:00Z,92.5795,0.000000,0.000000,0.000000,above_band_high
2026-07-16T19:17:00Z,92.5277,0.000000,0.000000,0.000000,above_band_high
2026-07-16T19:18:00Z,92.4743,0.000000,0.000000,0.000000,above_band_high
2026-07-16T19:19:00Z,92.4498,0.000000,0.000000,0.000000,above_band_high
2026-07-16T19:20:00Z,92.3903,0.000000,0.000000,0.000000,above_band_high
2026-07-16T19:21:00Z,92.3537,0.000000,0.000000,0.000000,above_band_high
2026-07-16T19:22:00Z,92.2820,0.000000,0.000000,0.000000,above_band_high
2026-07-16T19:23:00Z,92.2621,0.000000,0.000000,0.000000,above_band_high
2026-07-16T19:24:00Z,92.2271,0.000000,0.000000,0.000000,above_band_high
2026-07-16T19:25:00Z,92.2026,0.000000,0.000000,0.000000,above_band_high
2026-07-16T19:26:00Z,92.1309,0.000000,0.000000,0.000000,above_band_high
2026-07-16T19:27:00Z,92.0928,0.000000,0.000000,0.000000,above_band_high
2026-07-16T19:28:00Z,92.0287,0.000000,0.000000,0.000000,above_band_high
2026-07-16T19:29:00Z,91.9203,0.000000,0.000000,0.000000,above_band_high
2026-07-16T19:30:00Z,91.9203,0.000000,0.000000,0.000000,above_band_high
2026-07-16T19:31:00Z,91.8746,0.000000,0.000000,0.000000,above_band_high
2026-07-16T19:32:00Z,91.8013,0.000000,0.000000,0.000000,above_band_high
2026-07-16T19:33:00Z,91.7403,0.000000,0.000000,0.000000,above_band_high
2026-07-16T19:34:00Z,91.6411,0.000000,0.000000,0.000000,above_band_high
2026-07-16T19:35:00Z,91.6121,0.000000,0.000000,0.000000,above_band_high
2026-07-16T19:36:00Z,91.5908,0.000000,0.000000,0.000000,above_band_high
2026-07-16T19:36:24Z,91.5160,0.000000,0.000548,0.000548,above_band_high
2026-07-16T19:37:00Z,91.4900,0.000000,0.005418,0.005418,in_band
2026-07-16T19:37:02Z,91.5480,0.000000,0.000000,0.000000,above_band_high
2026-07-16T19:38:04Z,91.4992,0.000000,0.002990,0.002990,in_band
2026-07-16T19:38:12Z,91.4900,0.002827,0.002807,-0.000020,in_band
2026-07-16T19:40:37Z,91.5770,0.000000,0.000000,0.000000,above_band_high
2026-07-16T19:41:00Z,91.5816,0.000000,0.000000,0.000000,above_band_high
2026-07-16T19:42:00Z,91.6716,0.000000,0.000000,0.000000,above_band_high
2026-07-16T19:43:00Z,91.7174,0.000000,0.000000,0.000000,above_band_high
2026-07-16T19:44:00Z,91.7647,0.000000,0.000000,0.000000,above_band_high
2026-07-16T19:45:00Z,91.7861,0.000000,0.000000,0.000000,above_band_high
2026-07-16T19:46:00Z,91.8196,0.000000,0.000000,0.000000,above_band_high
2026-07-16T19:47:00Z,91.8593,0.000000,0.000000,0.000000,above_band_high
2026-07-16T19:48:00Z,91.8868,0.000000,0.000000,0.000000,above_band_high
2026-07-16T19:49:00Z,91.9554,0.000000,0.000000,0.000000,above_band_high
2026-07-16T19:50:00Z,91.9646,0.000000,0.000000,0.000000,above_band_high
2026-07-16T19:51:00Z,91.9783,0.000000,0.000000,0.000000,above_band_high
2026-07-16T19:52:00Z,92.0058,0.000000,0.000000,0.000000,above_band_high
2026-07-16T19:53:00Z,92.0577,0.000000,0.000000,0.000000,above_band_high
2026-07-16T19:54:00Z,92.0806,0.000000,0.000000,0.000000,above_band_high
2026-07-16T19:55:00Z,92.1065,0.000000,0.000000,0.000000,above_band_high
2026-07-16T19:56:00Z,92.1340,0.000000,0.000000,0.000000,above_band_high
2026-07-16T19:57:00Z,92.1767,0.000000,0.000000,0.000000,above_band_high
2026-07-16T19:58:00Z,92.2499,0.000000,0.000000,0.000000,above_band_high
2026-07-16T19:59:00Z,92.2545,0.000000,0.000000,0.000000,above_band_high
2026-07-16T20:00:00Z,92.3003,0.000000,0.000000,0.000000,above_band_high
2026-07-16T20:01:00Z,92.3262,0.000000,0.000000,0.000000,above_band_high
2026-07-16T20:02:00Z,92.3537,0.000000,0.000000,0.000000,above_band_high
2026-07-16T20:03:00Z,92.3827,0.000000,0.000000,0.000000,above_band_high
2026-07-16T20:04:00Z,92.3766,0.000000,0.000000,0.000000,above_band_high
2026-07-16T20:05:00Z,92.4315,0.000000,0.000000,0.000000,above_band_high
2026-07-16T20:06:00Z,92.4697,0.000000,0.000000,0.000000,above_band_high
2026-07-16T20:07:00Z,92.4834,0.000000,0.000000,0.000000,above_band_high
2026-07-16T20:08:00Z,92.5109,0.000000,0.000000,0.000000,above_band_high
2026-07-16T20:09:00Z,92.5338,0.000000,0.000000,0.000000,above_band_high
2026-07-16T20:10:00Z,92.5734,0.000000,0.000000,0.000000,above_band_high
2026-07-16T20:11:00Z,92.5933,0.000000,0.000000,0.000000,above_band_high
2026-07-16T20:12:00Z,92.5933,0.000000,0.000000,0.000000,above_band_high
2026-07-16T20:13:00Z,92.6436,0.000000,0.000000,0.000000,above_band_high
2026-07-16T20:14:00Z,92.6787,0.000000,0.000000,0.000000,above_band_high
2026-07-16T20:15:00Z,92.6802,0.000000,0.000000,0.000000,above_band_high
2026-07-16T20:16:00Z,92.6925,0.000000,0.000000,0.000000,above_band_high
2026-07-16T20:17:00Z,92.7108,0.000000,0.000000,0.000000,above_band_high
2026-07-16T20:18:00Z,92.7611,0.000000,0.000000,0.000000,above_band_high
2026-07-16T20:19:00Z,92.7657,0.000000,0.000000,0.000000,above_band_high
2026-07-16T20:20:00Z,92.7749,0.000000,0.000000,0.000000,above_band_high
2026-07-16T20:21:00Z,92.7611,0.000000,0.000000,0.000000,above_band_high
2026-07-16T20:22:00Z,92.8267,0.000000,0.000000,0.000000,above_band_high
2026-07-16T20:23:00Z,92.8267,0.000000,0.000000,0.000000,above_band_high
2026-07-16T20:24:00Z,92.8481,0.000000,0.000000,0.000000,above_band_high
2026-07-16T20:25:00Z,92.8618,0.000000,0.000000,0.000000,above_band_high
2026-07-16T20:26:00Z,92.8481,0.000000,0.000000,0.000000,above_band_high
2026-07-16T20:27:00Z,92.9274,0.000000,0.000000,0.000000,above_band_high
2026-07-16T20:28:00Z,92.9213,0.000000,0.000000,0.000000,above_band_high
2026-07-16T20:29:00Z,92.9274,0.000000,0.000000,0.000000,above_band_high
2026-07-16T20:30:00Z,92.9732,0.000000,0.000000,0.000000,above_band_high
2026-07-16T20:31:00Z,92.9671,0.000000,0.000000,0.000000,above_band_high
2026-07-16T20:32:00Z,92.9870,0.000000,0.000000,0.000000,above_band_high
2026-07-16T20:33:00Z,93.0175,0.000000,0.000000,0.000000,above_band_high
2026-07-16T20:34:00Z,93.0266,0.000000,0.000000,0.000000,above_band_high
2026-07-16T20:35:00Z,93.0541,0.000000,0.000000,0.000000,above_band_high
2026-07-16T20:36:00Z,93.0602,0.000000,0.000000,0.000000,above_band_high
2026-07-16T20:37:00Z,93.1136,0.000000,0.000000,0.000000,above_band_high
2026-07-16T20:38:00Z,93.1060,0.000000,0.000000,0.000000,above_band_high
2026-07-16T20:39:00Z,93.1594,0.000000,0.000000,0.000000,above_band_high
2026-07-16T20:40:00Z,93.1518,0.000000,0.000000,0.000000,above_band_high
2026-07-16T20:41:00Z,93.1792,0.000000,0.000000,0.000000,above_band_high
2026-07-16T20:42:00Z,93.1868,0.000000,0.000000,0.000000,above_band_high
2026-07-16T20:43:00Z,93.2280,0.000000,0.000000,0.000000,above_band_high
2026-07-16T20:44:00Z,93.2280,0.000000,0.000000,0.000000,above_band_high
2026-07-16T20:45:00Z,93.2250,0.000000,0.000000,0.000000,above_band_high
2026-07-16T20:46:00Z,93.1960,0.000000,0.000000,0.000000,above_band_high
2026-07-16T20:47:00Z,93.2250,0.000000,0.000000,0.000000,above_band_high
2026-07-16T20:48:00Z,93.1838,0.000000,0.000000,0.000000,above_band_high
2026-07-16T20:49:00Z,93.2555,0.000000,0.000000,0.000000,above_band_high
2026-07-16T20:50:00Z,93.2326,0.000000,0.000000,0.000000,above_band_high
2026-07-16T20:51:00Z,93.2418,0.000000,0.000000,0.000000,above_band_high
2026-07-16T20:52:00Z,93.2692,0.000000,0.000000,0.000000,above_band_high
2026-07-16T20:53:00Z,93.2326,0.000000,0.000000,0.000000,above_band_high
2026-07-16T20:54:00Z,93.2525,0.000000,0.000000,0.000000,above_band_high
2026-07-16T20:55:00Z,93.2647,0.000000,0.000000,0.000000,above_band_high
2026-07-16T20:56:00Z,93.2692,0.000000,0.000000,0.000000,above_band_high
2026-07-16T20:57:00Z,93.2753,0.000000,0.000000,0.000000,above_band_high
2026-07-16T20:58:00Z,93.2708,0.000000,0.000000,0.000000,above_band_high
2026-07-16T20:59:00Z,93.2784,0.000000,0.000000,0.000000,above_band_high
2026-07-16T21:00:00Z,93.3196,0.000000,0.000000,0.000000,above_band_high
2026-07-16T21:01:00Z,93.3074,0.000000,0.000000,0.000000,above_band_high
2026-07-16T21:02:00Z,93.2830,0.000000,0.000000,0.000000,above_band_high
2026-07-16T21:03:00Z,93.2647,0.000000,0.000000,0.000000,above_band_high
2026-07-16T21:04:00Z,93.2326,0.000000,0.000000,0.000000,above_band_high
2026-07-16T21:05:00Z,93.2280,0.000000,0.000000,0.000000,above_band_high
2026-07-16T21:06:00Z,93.2418,0.000000,0.000000,0.000000,above_band_high
2026-07-16T21:07:00Z,93.2326,0.000000,0.000000,0.000000,above_band_high
2026-07-16T21:08:00Z,93.1838,0.000000,0.000000,0.000000,above_band_high
2026-07-16T21:09:00Z,93.1655,0.000000,0.000000,0.000000,above_band_high
2026-07-16T21:10:00Z,93.1380,0.000000,0.000000,0.000000,above_band_high
2026-07-16T21:11:00Z,93.1289,0.000000,0.000000,0.000000,above_band_high
2026-07-16T21:12:00Z,93.1106,0.000000,0.000000,0.000000,above_band_high
2026-07-16T21:13:00Z,93.0831,0.000000,0.000000,0.000000,above_band_high
2026-07-16T21:14:00Z,93.0999,0.000000,0.000000,0.000000,above_band_high
2026-07-16T21:15:00Z,93.0404,0.000000,0.000000,0.000000,above_band_high
2026-07-16T21:16:00Z,93.0327,0.000000,0.000000,0.000000,above_band_high
2026-07-16T21:17:00Z,93.0282,0.000000,0.000000,0.000000,above_band_high
2026-07-16T21:18:00Z,93.0373,0.000000,0.000000,0.000000,above_band_high
2026-07-16T21:19:00Z,93.0556,0.000000,0.000000,0.000000,above_band_high
2026-07-16T21:20:00Z,93.0694,0.000000,0.000000,0.000000,above_band_high
2026-07-16T21:21:00Z,93.0770,0.000000,0.000000,0.000000,above_band_high
2026-07-16T21:22:00Z,93.0968,0.000000,0.000000,0.000000,above_band_high
2026-07-16T21:23:00Z,93.0770,0.000000,0.000000,0.000000,above_band_high
2026-07-16T21:24:00Z,93.1060,0.000000,0.000000,0.000000,above_band_high
2026-07-16T21:25:00Z,93.1411,0.000000,0.000000,0.000000,above_band_high
2026-07-16T21:26:00Z,93.1563,0.000000,0.000000,0.000000,above_band_high
2026-07-16T21:27:00Z,93.1777,0.000000,0.000000,0.000000,above_band_high
2026-07-16T21:28:00Z,93.1777,0.000000,0.000000,0.000000,above_band_high
2026-07-16T21:29:00Z,93.1960,0.000000,0.000000,0.000000,above_band_high
2026-07-16T21:30:00Z,93.2006,0.000000,0.000000,0.000000,above_band_high
2026-07-16T21:31:00Z,93.2158,0.000000,0.000000,0.000000,above_band_high
2026-07-16T21:32:00Z,93.2326,0.000000,0.000000,0.000000,above_band_high
2026-07-16T21:33:00Z,93.2799,0.000000,0.000000,0.000000,above_band_high
2026-07-16T21:34:00Z,93.2616,0.000000,0.000000,0.000000,above_band_high
2026-07-16T21:35:00Z,93.2418,0.000000,0.000000,0.000000,above_band_high
2026-07-16T21:36:00Z,93.2845,0.000000,0.000000,0.000000,above_band_high
2026-07-16T21:37:00Z,93.2921,0.000000,0.000000,0.000000,above_band_high
2026-07-16T21:38:00Z,93.2601,0.000000,0.000000,0.000000,above_band_high
2026-07-16T21:39:00Z,93.2662,0.000000,0.000000,0.000000,above_band_high
2026-07-16T21:40:00Z,93.2799,0.000000,0.000000,0.000000,above_band_high
2026-07-16T21:41:00Z,93.2662,0.000000,0.000000,0.000000,above_band_high
2026-07-16T21:42:00Z,93.2555,0.000000,0.000000,0.000000,above_band_high
2026-07-16T21:43:00Z,93.2830,0.000000,0.000000,0.000000,above_band_high
2026-07-16T21:44:00Z,93.3257,0.000000,0.000000,0.000000,above_band_high
2026-07-16T21:45:00Z,93.3104,0.000000,0.000000,0.000000,above_band_high
2026-07-16T21:46:00Z,93.3333,0.000000,0.000000,0.000000,above_band_high
2026-07-16T21:47:00Z,93.3532,0.000000,0.000000,0.000000,above_band_high
2026-07-16T21:48:00Z,93.3165,0.000000,0.000000,0.000000,above_band_high
2026-07-16T21:49:00Z,93.3288,0.000000,0.000000,0.000000,above_band_high
2026-07-16T21:50:00Z,93.3059,0.000000,0.000000,0.000000,above_band_high
2026-07-16T21:51:00Z,93.3257,0.000000,0.000000,0.000000,above_band_high
2026-07-16T21:52:00Z,93.2921,0.000000,0.000000,0.000000,above_band_high
2026-07-16T21:53:00Z,93.2891,0.000000,0.000000,0.000000,above_band_high
2026-07-16T21:54:00Z,93.2662,0.000000,0.000000,0.000000,above_band_high
2026-07-16T21:55:00Z,93.2616,0.000000,0.000000,0.000000,above_band_high
2026-07-16T21:56:00Z,93.1838,0.000000,0.000000,0.000000,above_band_high
2026-07-16T21:57:00Z,93.2006,0.000000,0.000000,0.000000,above_band_high
2026-07-16T21:58:00Z,93.1411,0.000000,0.000000,0.000000,above_band_high
2026-07-16T21:59:00Z,93.0968,0.000000,0.000000,0.000000,above_band_high
2026-07-16T22:00:00Z,93.0541,0.000000,0.000000,0.000000,above_band_high
2026-07-16T22:01:00Z,93.0373,0.000000,0.000000,0.000000,above_band_high
2026-07-16T22:02:00Z,92.9946,0.000000,0.000000,0.000000,above_band_high
2026-07-16T22:03:00Z,92.9580,0.000000,0.000000,0.000000,above_band_high
2026-07-16T22:04:00Z,92.9351,0.000000,0.000000,0.000000,above_band_high
2026-07-16T22:05:00Z,92.9030,0.000000,0.000000,0.000000,above_band_high
2026-07-16T22:06:00Z,92.8359,0.000000,0.000000,0.000000,above_band_high
2026-07-16T22:07:00Z,92.8176,0.000000,0.000000,0.000000,above_band_high
2026-07-16T22:08:00Z,92.8176,0.000000,0.000000,0.000000,above_band_high
2026-07-16T22:09:00Z,92.7520,0.000000,0.000000,0.000000,above_band_high
2026-07-16T22:10:00Z,92.6925,0.000000,0.000000,0.000000,above_band_high
2026-07-16T22:11:00Z,92.6482,0.000000,0.000000,0.000000,above_band_high
2026-07-16T22:12:00Z,92.6192,0.000000,0.000000,0.000000,above_band_high
2026-07-16T22:13:00Z,92.5460,0.000000,0.000000,0.000000,above_band_high
2026-07-16T22:14:00Z,92.4910,0.000000,0.000000,0.000000,above_band_high
2026-07-16T22:15:00Z,92.4514,0.000000,0.000000,0.000000,above_band_high
2026-07-16T22:16:00Z,92.4102,0.000000,0.000000,0.000000,above_band_high
2026-07-16T22:17:00Z,92.3690,0.000000,0.000000,0.000000,above_band_high
2026-07-16T22:18:00Z,92.3049,0.000000,0.000000,0.000000,above_band_high
2026-07-16T22:19:00Z,92.2759,0.000000,0.000000,0.000000,above_band_high
2026-07-16T22:20:00Z,92.2042,0.000000,0.000000,0.000000,above_band_high
2026-07-16T22:21:00Z,92.1538,0.000000,0.000000,0.000000,above_band_high
2026-07-16T22:22:00Z,92.1309,0.000000,0.000000,0.000000,above_band_high
2026-07-16T22:23:00Z,92.0943,0.000000,0.000000,0.000000,above_band_high
2026-07-16T22:24:00Z,92.0531,0.000000,0.000000,0.000000,above_band_high
2026-07-16T22:25:00Z,91.9921,0.000000,0.000000,0.000000,above_band_high
2026-07-16T22:26:00Z,91.9783,0.000000,0.000000,0.000000,above_band_high
2026-07-16T22:27:00Z,91.9112,0.000000,0.000000,0.000000,above_band_high
2026-07-16T22:28:00Z,91.8822,0.000000,0.000000,0.000000,above_band_high
2026-07-16T22:29:00Z,91.8776,0.000000,0.000000,0.000000,above_band_high
2026-07-16T22:30:00Z,91.8334,0.000000,0.000000,0.000000,above_band_high
2026-07-16T22:31:00Z,91.7830,0.000000,0.000000,0.000000,above_band_high
2026-07-16T22:32:00Z,91.7311,0.000000,0.000000,0.000000,above_band_high
2026-07-16T22:33:00Z,91.7128,0.000000,0.000000,0.000000,above_band_high
2026-07-16T22:34:00Z,91.7128,0.000000,0.000000,0.000000,above_band_high
2026-07-16T22:35:00Z,91.6442,0.000000,0.000000,0.000000,above_band_high
2026-07-16T22:36:00Z,91.6228,0.000000,0.000000,0.000000,above_band_high
2026-07-16T22:37:00Z,91.5801,0.000000,0.000000,0.000000,above_band_high
2026-07-16T22:38:10Z,91.4885,0.000000,0.004979,0.004979,in_band
2026-07-16T22:38:22Z,91.4992,0.004445,0.004284,-0.000162,in_band
2026-07-16T22:40:14Z,91.3970,0.000728,0.000741,0.000013,in_band
2026-07-16T22:40:59Z,91.3329,0.000346,0.000352,0.000006,in_band
2026-07-16T22:41:00Z,91.3664,0.000341,0.000347,0.000006,in_band
2026-07-16T22:41:59Z,91.3146,0.000128,0.000131,0.000002,in_band
2026-07-16T22:42:00Z,91.2734,0.000126,0.000129,0.000002,in_band
2026-07-16T22:42:59Z,91.2291,0.000048,0.000048,0.000001,in_band
2026-07-16T22:43:00Z,91.2291,0.000047,0.000048,0.000001,in_band
2026-07-16T22:43:59Z,91.1589,0.000018,0.000018,0.000000,in_band
2026-07-16T22:44:00Z,91.1421,0.000017,0.000018,0.000000,in_band
2026-07-16T22:44:59Z,91.0826,0.000007,0.000007,0.000000,in_band
2026-07-16T22:45:00Z,91.0719,0.000006,0.000007,0.000000,in_band
2026-07-16T22:45:59Z,90.9865,0.000002,0.000002,0.000000,in_band
2026-07-16T22:46:00Z,90.9636,0.000002,0.000002,0.000000,in_band
2026-07-16T22:46:59Z,90.9178,0.000001,0.000001,0.000000,in_band
2026-07-16T22:47:00Z,90.8843,0.000001,0.000001,0.000000,in_band
2026-07-16T22:47:59Z,90.8476,0.000000,0.000000,0.000000,in_band
2026-07-16T22:48:00Z,90.8171,0.000000,0.000000,0.000000,in_band
2026-07-16T22:48:59Z,90.8110,0.000000,0.000000,0.000000,in_band
2026-07-16T22:49:00Z,90.8064,0.000000,0.000000,0.000000,in_band
2026-07-16T22:49:59Z,90.7668,0.000000,0.000000,0.000000,in_band
2026-07-16T22:50:00Z,90.7698,0.000000,0.000000,0.000000,in_band
2026-07-16T22:50:59Z,90.7195,0.000000,0.000000,0.000000,in_band
2026-07-16T22:51:00Z,90.7164,0.000000,0.000000,0.000000,in_band
2026-07-16T22:51:59Z,90.7073,0.000000,0.000000,0.000000,in_band
2026-07-16T22:52:00Z,90.6966,0.000000,0.000000,0.000000,in_band
2026-07-16T22:52:59Z,90.6432,0.000000,0.000000,0.000000,in_band
2026-07-16T22:53:00Z,90.6798,0.000000,0.000000,0.000000,in_band
2026-07-16T22:53:59Z,90.6203,0.000000,0.000000,0.000000,in_band
2026-07-16T22:54:00Z,90.6340,0.000000,0.000000,0.000000,in_band
2026-07-16T22:54:59Z,90.5928,0.000000,0.000000,0.000000,in_band
2026-07-16T22:55:00Z,90.5882,0.000000,0.000000,0.000000,in_band
2026-07-16T22:55:59Z,90.5196,0.000000,0.000000,0.000000,in_band
2026-07-16T22:56:00Z,90.4860,0.000000,0.000000,0.000000,in_band
2026-07-16T22:56:59Z,90.4768,0.000000,0.000000,0.000000,in_band
2026-07-16T22:57:00Z,90.4906,0.000000,0.000000,0.000000,in_band
2026-07-16T22:57:59Z,90.4036,0.000000,0.000000,0.000000,in_band
2026-07-16T22:58:00Z,90.4143,0.000000,0.000000,0.000000,in_band
2026-07-16T22:58:59Z,90.3853,0.000000,0.000000,0.000000,in_band
2026-07-16T22:59:00Z,90.3670,0.000000,0.000000,0.000000,in_band
2026-07-16T22:59:59Z,90.3182,0.000000,0.000000,0.000000,in_band
2026-07-16T23:00:00Z,90.3044,0.000000,0.000000,0.000000,in_band
2026-07-16T23:00:59Z,90.2525,0.000000,0.000000,0.000000,in_band
2026-07-16T23:01:00Z,90.2480,0.000000,0.000000,0.000000,in_band
2026-07-16T23:01:59Z,90.2174,0.000000,0.000000,0.000000,in_band
2026-07-16T23:02:00Z,90.2174,0.000000,0.000000,0.000000,in_band
2026-07-16T23:02:59Z,90.1793,0.000000,0.000000,0.000000,in_band
2026-07-16T23:03:00Z,90.1656,0.000000,0.000000,0.000000,in_band
2026-07-16T23:03:59Z,90.0969,0.000000,0.000000,0.000000,in_band
2026-07-16T23:04:00Z,90.0969,0.000000,0.000000,0.000000,in_band
2026-07-16T23:04:59Z,90.0664,0.000000,0.000000,0.000000,in_band
2026-07-16T23:05:42Z,89.9641,0.000001,0.000183,0.000182,below_midpoint_feather
2026-07-16T23:05:58Z,90.0023,0.000024,0.000000,-0.000024,in_band
2026-07-16T23:06:24Z,90.0145,0.000288,0.000001,-0.000287,in_band
2026-07-16T23:06:30Z,89.9062,0.000289,0.001255,0.000966,below_midpoint_feather
2026-07-16T23:07:24Z,89.9290,0.001198,0.000750,-0.000448,below_midpoint_feather
2026-07-16T23:07:58Z,89.8772,0.001360,0.002224,0.000864,below_midpoint_feather
2026-07-16T23:08:39Z,89.8497,0.002241,0.003381,0.001139,below_midpoint_feather
2026-07-16T23:08:56Z,89.8878,0.003414,0.002015,-0.001399,below_midpoint_feather
2026-07-16T23:09:14Z,89.8650,0.004246,0.002898,-0.001349,below_midpoint_feather
2026-07-16T23:09:40Z,89.7902,0.005067,0.006707,0.001640,below_midpoint_feather
2026-07-16T23:10:20Z,89.7353,0.007732,0.010733,0.003000,below_midpoint_feather
2026-07-16T23:10:56Z,89.7826,0.009332,0.007900,-0.001432,below_midpoint_feather
2026-07-16T23:11:30Z,89.7627,0.011455,0.009685,-0.001770,below_midpoint_feather
2026-07-16T23:11:34Z,89.7185,0.010629,0.013019,0.002390,below_midpoint_feather
2026-07-16T23:12:14Z,89.6620,0.013685,0.018760,0.005075,below_midpoint_feather
2026-07-16T23:12:52Z,89.6757,0.020884,0.018377,-0.002507,below_midpoint_feather
2026-07-16T23:13:10Z,89.6818,0.023101,0.018335,-0.004767,below_midpoint_feather
2026-07-16T23:13:50Z,89.5766,0.025072,0.030795,0.005724,below_midpoint_feather
2026-07-16T23:14:18Z,89.6452,0.028508,0.024318,-0.004189,below_midpoint_feather
2026-07-16T23:14:58Z,89.5216,0.032588,0.040786,0.008197,below_midpoint_feather
2026-07-16T23:15:32Z,89.5750,0.040465,0.035727,-0.004738,below_midpoint_feather
2026-07-16T23:15:48Z,89.5033,0.041390,0.046065,0.004675,below_midpoint_feather
2026-07-16T23:16:36Z,89.5064,0.052842,0.048764,-0.004078,below_midpoint_feather
2026-07-16T23:16:54Z,89.4392,0.052341,0.060148,0.007807,below_midpoint_feather
2026-07-16T23:17:00Z,89.5033,0.052791,0.050965,-0.001826,below_midpoint_feather
2026-07-16T23:17:09Z,89.4575,0.054147,0.058426,0.004279,below_midpoint_feather
2026-07-16T23:18:53Z,89.3553,0.077765,0.085090,0.007324,below_midpoint_feather
2026-07-16T23:18:58Z,89.4072,0.079870,0.076483,-0.003388,below_midpoint_feather
2026-07-16T23:19:35Z,89.3187,0.090537,0.096653,0.006116,below_midpoint_feather
2026-07-16T23:19:52Z,89.3553,0.096015,0.091821,-0.004194,below_midpoint_feather
2026-07-16T23:20:20Z,89.3370,0.106798,0.098878,-0.007920,below_midpoint_feather
2026-07-16T23:20:37Z,89.2866,0.104616,0.111101,0.006485,below_midpoint_feather
2026-07-16T23:21:33Z,89.2332,0.125107,0.130821,0.005714,below_midpoint_feather
2026-07-16T23:21:44Z,89.2821,0.129167,0.122311,-0.006855,below_midpoint_feather
2026-07-16T23:22:26Z,89.2134,0.147257,0.144317,-0.002940,below_midpoint_feather
2026-07-16T23:22:36Z,89.1417,0.149111,0.162957,0.013846,below_midpoint_feather
2026-07-16T23:23:47Z,89.0623,0.185047,0.197994,0.012948,below_midpoint_feather
2026-07-16T23:23:52Z,89.1356,0.188127,0.180385,-0.007742,below_midpoint_feather
2026-07-16T23:24:41Z,89.0272,0.211205,0.220727,0.009522,below_midpoint_feather
2026-07-16T23:24:46Z,89.0639,0.220803,0.212089,-0.008714,below_midpoint_feather
2026-07-16T23:25:24Z,89.0349,0.234978,0.230371,-0.004607,below_midpoint_feather
2026-07-16T23:25:47Z,88.9540,0.249496,0.260249,0.010753,below_midpoint_feather
2026-07-16T23:26:17Z,88.9433,0.260039,0.272732,0.012693,below_midpoint_feather
2026-07-16T23:26:44Z,88.9952,0.275843,0.266247,-0.009596,below_midpoint_feather
2026-07-16T23:27:26Z,88.8884,0.294943,0.312558,0.017614,below_midpoint_feather
2026-07-16T23:27:50Z,88.9433,0.317956,0.304129,-0.013827,below_midpoint_feather
2026-07-16T23:28:06Z,88.8472,0.323337,0.340218,0.016880,below_midpoint_feather
2026-07-16T23:28:12Z,88.8884,0.338773,0.329200,-0.009573,below_midpoint_feather
2026-07-16T23:29:30Z,88.7251,0.393914,0.416306,0.022392,below_midpoint_feather
2026-07-16T23:29:56Z,88.8029,0.406466,0.400550,-0.005916,below_midpoint_feather
2026-07-16T23:30:24Z,88.7297,0.421509,0.439242,0.017733,below_midpoint_feather
2026-07-16T23:30:52Z,88.7846,0.442318,0.433213,-0.009104,below_midpoint_feather
2026-07-16T23:31:00Z,88.7892,0.446215,0.435549,-0.010666,below_midpoint_feather
2026-07-16T23:31:16Z,88.7114,0.459000,0.471119,0.012119,below_midpoint_feather
2026-07-16T23:32:38Z,88.6656,0.511981,0.530777,0.018796,below_midpoint_feather
2026-07-16T23:32:42Z,88.7602,0.517496,0.498293,-0.019203,below_midpoint_feather
2026-07-16T23:33:00Z,88.7236,0.532318,0.521137,-0.011181,below_midpoint_feather
2026-07-16T23:33:24Z,88.6824,0.538738,0.549536,0.010798,below_midpoint_feather
2026-07-16T23:34:32Z,88.7602,0.572739,0.559110,-0.013630,below_midpoint_feather
2026-07-16T23:34:34Z,88.6824,0.573856,0.588528,0.014671,below_midpoint_feather
2026-07-16T23:35:02Z,88.7739,0.591698,0.570995,-0.020704,below_midpoint_feather
2026-07-16T23:35:14Z,88.7205,0.583521,0.596698,0.013177,below_midpoint_feather
2026-07-16T23:36:32Z,88.7388,0.610583,0.631902,0.021318,below_midpoint_feather
2026-07-16T23:36:58Z,88.8075,0.631901,0.621321,-0.010580,below_midpoint_feather
2026-07-16T23:37:06Z,88.7602,0.630170,0.641781,0.011611,below_midpoint_feather
2026-07-16T23:37:20Z,88.8334,0.636772,0.623840,-0.012932,below_midpoint_feather
2026-07-16T23:38:02Z,88.8808,0.640642,0.629258,-0.011384,below_midpoint_feather
2026-07-16T23:38:22Z,88.8258,0.644688,0.656673,0.011986,below_midpoint_feather
2026-07-16T23:39:00Z,88.8334,0.662275,0.671668,0.009393,below_midpoint_feather
2026-07-16T23:39:08Z,88.9174,0.660006,0.648449,-0.011556,below_midpoint_feather
2026-07-16T23:40:13Z,89.0578,0.644797,0.635537,-0.009259,below_midpoint_feather
2026-07-16T23:40:42Z,89.0867,0.634043,0.638626,0.004583,below_midpoint_feather
2026-07-16T23:41:00Z,89.1173,0.628454,0.636953,0.008499,below_midpoint_feather
2026-07-16T23:41:39Z,89.2500,0.625907,0.618035,-0.007872,below_midpoint_feather
2026-07-16T23:42:28Z,89.2821,0.616016,0.623612,0.007596,below_midpoint_feather
2026-07-16T23:42:39Z,89.3980,0.610917,0.604200,-0.006717,below_midpoint_feather
2026-07-16T23:43:16Z,89.3736,0.608929,0.615447,0.006518,below_midpoint_feather
2026-07-16T23:43:25Z,89.4163,0.614405,0.609602,-0.004803,below_midpoint_feather
2026-07-16T23:44:03Z,89.4621,0.615094,0.608089,-0.007005,below_midpoint_feather
2026-07-16T23:44:38Z,89.4377,0.610420,0.616554,0.006134,below_midpoint_feather
2026-07-16T23:45:01Z,89.4804,0.617913,0.612736,-0.005176,below_midpoint_feather
2026-07-16T23:45:08Z,89.4392,0.616121,0.619880,0.003759,below_midpoint_feather
2026-07-16T23:46:19Z,89.6712,0.601805,0.597645,-0.004160,below_midpoint_feather
2026-07-16T23:46:32Z,89.6345,0.598700,0.602251,0.003551,below_midpoint_feather
2026-07-16T23:47:11Z,89.7490,0.598350,0.594669,-0.003681,below_midpoint_feather
2026-07-16T23:47:16Z,89.7078,0.596156,0.598119,0.001963,below_midpoint_feather
2026-07-16T23:48:06Z,89.8222,0.590627,0.592518,0.001890,below_midpoint_feather
2026-07-16T23:48:13Z,89.8878,0.591019,0.590014,-0.001005,below_midpoint_feather
2026-07-16T23:49:00Z,89.9138,0.590253,0.590247,-0.000006,below_midpoint_feather
2026-07-16T23:49:53Z,90.0282,0.589777,0.587781,-0.001995,in_band
2026-07-16T23:50:00Z,90.0282,0.587531,0.585542,-0.001989,in_band
2026-07-16T23:50:59Z,90.0969,0.568809,0.568135,-0.000674,in_band
2026-07-16T23:51:00Z,90.1381,0.568495,0.567821,-0.000674,in_band
2026-07-16T23:51:59Z,90.2205,0.550246,0.549590,-0.000656,in_band
2026-07-16T23:52:00Z,90.2174,0.549941,0.549286,-0.000655,in_band
2026-07-16T23:52:59Z,90.2525,0.532238,0.531603,-0.000636,in_band
2026-07-16T23:53:00Z,90.2998,0.531943,0.531308,-0.000635,in_band
2026-07-16T23:53:59Z,90.4036,0.514801,0.514186,-0.000615,in_band
2026-07-16T23:54:00Z,90.4036,0.514515,0.513900,-0.000615,in_band
2026-07-16T23:54:59Z,90.4326,0.497928,0.497333,-0.000595,in_band
2026-07-16T23:55:00Z,90.4921,0.497652,0.497057,-0.000595,in_band
2026-07-16T23:55:59Z,90.6004,0.481606,0.481030,-0.000576,in_band
2026-07-16T23:56:00Z,90.6004,0.481338,0.480763,-0.000576,in_band
2026-07-16T23:56:59Z,90.6935,0.465817,0.465260,-0.000557,in_band
2026-07-16T23:57:00Z,90.6798,0.465559,0.465002,-0.000557,in_band
2026-07-16T23:57:59Z,90.7881,0.450546,0.450007,-0.000539,in_band
2026-07-16T23:58:00Z,90.7469,0.450296,0.449758,-0.000539,in_band
2026-07-16T23:58:59Z,90.8309,0.435776,0.435255,-0.000521,in_band
2026-07-16T23:59:00Z,90.8293,0.435534,0.435013,-0.000521,in_band
2026-07-16T23:59:59Z,90.8812,0.421489,0.420985,-0.000504,in_band
2026-07-17T00:00:00Z,90.8949,0.421255,0.420751,-0.000504,in_band
2026-07-17T00:00:59Z,90.8614,0.407671,0.407184,-0.000488,in_band
2026-07-17T00:01:00Z,90.8385,0.407445,0.406958,-0.000487,in_band
2026-07-17T00:01:59Z,90.9545,0.394306,0.393835,-0.000472,in_band
2026-07-17T00:02:00Z,90.9438,0.394087,0.393616,-0.000471,in_band
2026-07-17T00:02:59Z,90.9911,0.381379,0.380923,-0.000456,in_band
2026-07-17T00:03:00Z,90.9804,0.381168,0.380712,-0.000456,in_band
2026-07-17T00:03:59Z,91.0369,0.368876,0.368435,-0.000441,in_band
2026-07-17T00:04:00Z,91.0216,0.368671,0.368230,-0.000441,in_band
2026-07-17T00:04:59Z,91.0643,0.356783,0.356356,-0.000427,in_band
2026-07-17T00:05:00Z,91.0948,0.356585,0.356158,-0.000426,in_band
2026-07-17T00:05:59Z,91.1009,0.345086,0.344674,-0.000413,in_band
2026-07-17T00:06:00Z,91.1360,0.344895,0.344482,-0.000413,in_band
2026-07-17T00:06:59Z,91.1788,0.333773,0.333374,-0.000399,in_band
2026-07-17T00:07:00Z,91.1421,0.333588,0.333189,-0.000399,in_band
2026-07-17T00:07:59Z,91.1452,0.322831,0.322445,-0.000386,in_band
2026-07-17T00:08:00Z,91.1650,0.322651,0.322265,-0.000386,in_band
2026-07-17T00:08:59Z,91.1955,0.312247,0.311874,-0.000373,in_band
2026-07-17T00:09:00Z,91.1955,0.312074,0.311700,-0.000373,in_band
2026-07-17T00:09:59Z,91.2337,0.302010,0.301649,-0.000361,in_band
2026-07-17T00:10:00Z,91.1818,0.301843,0.301482,-0.000361,in_band
2026-07-17T00:10:59Z,91.2459,0.292109,0.291760,-0.000349,in_band
2026-07-17T00:11:00Z,91.1955,0.291947,0.291598,-0.000349,in_band
2026-07-17T00:11:59Z,91.2322,0.282533,0.282195,-0.000338,in_band
2026-07-17T00:12:00Z,91.2016,0.282376,0.282038,-0.000338,in_band
2026-07-17T00:12:59Z,91.2383,0.273270,0.272943,-0.000327,in_band
2026-07-17T00:13:00Z,91.2322,0.273118,0.272792,-0.000327,in_band
2026-07-17T00:13:59Z,91.2886,0.264311,0.263995,-0.000316,in_band
2026-07-17T00:14:00Z,91.2795,0.264165,0.263849,-0.000316,in_band
2026-07-17T00:14:59Z,91.3008,0.255646,0.255340,-0.000306,in_band
2026-07-17T00:15:00Z,91.3161,0.255504,0.255199,-0.000306,in_band
2026-07-17T00:15:59Z,91.3115,0.247265,0.246969,-0.000296,in_band
2026-07-17T00:16:00Z,91.3390,0.247128,0.246832,-0.000296,in_band
2026-07-17T00:16:59Z,91.3298,0.239159,0.238873,-0.000286,in_band
2026-07-17T00:17:00Z,91.3558,0.239026,0.238740,-0.000286,in_band
2026-07-17T00:17:59Z,91.3100,0.231318,0.231042,-0.000277,in_band
2026-07-17T00:18:00Z,91.2657,0.231190,0.230913,-0.000277,in_band
2026-07-17T00:18:59Z,91.3054,0.223735,0.223467,-0.000268,in_band
2026-07-17T00:19:00Z,91.3008,0.223611,0.223343,-0.000267,in_band
2026-07-17T00:19:59Z,91.3283,0.216400,0.216141,-0.000259,in_band
2026-07-17T00:20:00Z,91.3527,0.216280,0.216021,-0.000259,in_band
2026-07-17T00:20:59Z,91.4244,0.209305,0.209055,-0.000250,in_band
2026-07-17T00:21:00Z,91.4015,0.209189,0.208939,-0.000250,in_band
2026-07-17T00:21:59Z,91.4809,0.202444,0.202201,-0.000242,in_band
2026-07-17T00:22:00Z,91.5160,0.202331,0.195383,-0.006948,above_band_high
2026-07-17T00:22:54Z,91.4977,0.196351,0.197390,0.001039,in_band
2026-07-17T00:23:00Z,91.5068,0.195698,0.193920,-0.001778,above_band_high
2026-07-17T00:23:04Z,91.5038,0.193761,0.195217,0.001456,above_band_high
2026-07-17T00:24:50Z,91.6258,0.159469,0.140968,-0.018501,above_band_high
2026-07-17T00:24:56Z,91.5587,0.159234,0.169360,0.010126,above_band_high
2026-07-17T00:25:00Z,91.6320,0.157110,0.137933,-0.019177,above_band_high
2026-07-17T00:25:24Z,91.5892,0.135694,0.154845,0.019151,above_band_high
2026-07-17T00:26:00Z,91.5938,0.130914,0.149945,0.019031,above_band_high
2026-07-17T00:26:11Z,91.6915,0.120066,0.107170,-0.012896,above_band_high
2026-07-17T00:27:25Z,91.7556,0.082769,0.069687,-0.013082,above_band_high
2026-07-17T00:27:34Z,91.7128,0.077361,0.086378,0.009017,above_band_high
2026-07-17T00:28:00Z,91.7098,0.069290,0.082771,0.013481,above_band_high
2026-07-17T00:28:48Z,91.8135,0.042658,0.028044,-0.014614,above_band_high
2026-07-17T00:29:04Z,91.8318,0.034926,0.016361,-0.018565,above_band_high
2026-07-17T00:29:26Z,91.7586,0.028083,0.041980,0.013897,above_band_high
2026-07-17T00:30:04Z,91.8090,0.003494,0.010114,0.006620,above_band_high
2026-07-17T00:30:10Z,91.8608,0.003736,0.000000,-0.003736,above_band_high
2026-07-17T00:31:00Z,91.8196,0.000000,0.000000,0.000000,above_band_high
2026-07-17T00:32:00Z,91.8242,0.000000,0.000000,0.000000,above_band_high
2026-07-17T00:33:00Z,91.8776,0.000000,0.000000,0.000000,above_band_high
2026-07-17T00:34:00Z,91.8730,0.000000,0.000000,0.000000,above_band_high
2026-07-17T00:35:00Z,91.9203,0.000000,0.000000,0.000000,above_band_high
2026-07-17T00:36:00Z,91.9524,0.000000,0.000000,0.000000,above_band_high
2026-07-17T00:37:00Z,91.9829,0.000000,0.000000,0.000000,above_band_high
2026-07-17T00:38:00Z,92.0562,0.000000,0.000000,0.000000,above_band_high
2026-07-17T00:39:00Z,92.0668,0.000000,0.000000,0.000000,above_band_high
2026-07-17T00:40:00Z,92.0745,0.000000,0.000000,0.000000,above_band_high
2026-07-17T00:41:00Z,92.1447,0.000000,0.000000,0.000000,above_band_high
2026-07-17T00:42:00Z,92.1477,0.000000,0.000000,0.000000,above_band_high
2026-07-17T00:43:00Z,92.1401,0.000000,0.000000,0.000000,above_band_high
2026-07-17T00:44:00Z,92.1523,0.000000,0.000000,0.000000,above_band_high
2026-07-17T00:45:00Z,92.1401,0.000000,0.000000,0.000000,above_band_high
2026-07-17T00:46:00Z,92.1340,0.000000,0.000000,0.000000,above_band_high
2026-07-17T00:47:00Z,92.1340,0.000000,0.000000,0.000000,above_band_high
2026-07-17T00:48:00Z,92.0714,0.000000,0.000000,0.000000,above_band_high
2026-07-17T00:49:00Z,92.0790,0.000000,0.000000,0.000000,above_band_high
2026-07-17T00:50:00Z,92.0653,0.000000,0.000000,0.000000,above_band_high
2026-07-17T00:51:00Z,92.0699,0.000000,0.000000,0.000000,above_band_high
2026-07-17T00:52:00Z,91.9982,0.000000,0.000000,0.000000,above_band_high
2026-07-17T00:53:00Z,92.0027,0.000000,0.000000,0.000000,above_band_high
2026-07-17T00:54:00Z,92.0287,0.000000,0.000000,0.000000,above_band_high
2026-07-17T00:55:00Z,91.9661,0.000000,0.000000,0.000000,above_band_high
2026-07-17T00:56:00Z,91.9387,0.000000,0.000000,0.000000,above_band_high
2026-07-17T00:57:00Z,91.9432,0.000000,0.000000,0.000000,above_band_high
2026-07-17T00:58:00Z,91.9005,0.000000,0.000000,0.000000,above_band_high
2026-07-17T00:59:00Z,91.8456,0.000000,0.000000,0.000000,above_band_high
2026-07-17T01:00:00Z,91.8746,0.000000,0.000000,0.000000,above_band_high
2026-07-17T01:01:00Z,91.8318,0.000000,0.000000,0.000000,above_band_high
2026-07-17T01:02:00Z,91.8181,0.000000,0.000000,0.000000,above_band_high
2026-07-17T01:03:00Z,91.8105,0.000000,0.000000,0.000000,above_band_high
2026-07-17T01:04:00Z,91.7601,0.000000,0.000000,0.000000,above_band_high
2026-07-17T01:05:00Z,91.7418,0.000000,0.000000,0.000000,above_band_high
2026-07-17T01:06:00Z,91.7235,0.000000,0.000000,0.000000,above_band_high
2026-07-17T01:07:00Z,91.7082,0.000000,0.000000,0.000000,above_band_high
2026-07-17T01:08:00Z,91.7174,0.000000,0.000000,0.000000,above_band_high
2026-07-17T01:09:00Z,91.6686,0.000000,0.000000,0.000000,above_band_high
2026-07-17T01:10:00Z,91.6854,0.000000,0.000000,0.000000,above_band_high
2026-07-17T01:11:00Z,91.6548,0.000000,0.000000,0.000000,above_band_high
2026-07-17T01:12:00Z,91.6350,0.000000,0.000000,0.000000,above_band_high
2026-07-17T01:13:00Z,91.5999,0.000000,0.000000,0.000000,above_band_high
2026-07-17T01:14:00Z,91.6304,0.000000,0.000000,0.000000,above_band_high
2026-07-17T01:15:00Z,91.6121,0.000000,0.000000,0.000000,above_band_high
2026-07-17T01:16:00Z,91.5572,0.000000,0.000000,0.000000,above_band_high
2026-07-17T01:16:32Z,91.4977,0.000000,0.004607,0.004607,in_band
2026-07-17T01:17:00Z,91.5709,0.000000,0.000000,0.000000,above_band_high
2026-07-17T01:18:00Z,91.4946,0.000000,0.003019,0.003019,in_band
2026-07-17T01:18:02Z,91.5343,0.000000,0.000000,0.000000,above_band_high
2026-07-17T01:19:00Z,91.5572,0.000000,0.000000,0.000000,above_band_high
2026-07-17T01:20:00Z,91.5846,0.000000,0.000000,0.000000,above_band_high
2026-07-17T01:21:00Z,91.6258,0.000000,0.000000,0.000000,above_band_high
2026-07-17T01:22:00Z,91.6091,0.000000,0.000000,0.000000,above_band_high
2026-07-17T01:23:00Z,91.5908,0.000000,0.000000,0.000000,above_band_high
2026-07-17T01:24:00Z,91.5541,0.000000,0.000000,0.000000,above_band_high
2026-07-17T01:25:00Z,91.5587,0.000000,0.000000,0.000000,above_band_high
2026-07-17T01:25:38Z,91.4885,0.000000,0.003430,0.003430,in_band
2026-07-17T01:26:12Z,91.4977,0.000000,0.002649,0.002649,in_band
2026-07-17T01:26:20Z,91.4946,0.002558,0.002371,-0.000187,in_band
2026-07-17T01:27:54Z,91.3832,0.000545,0.000526,-0.000020,in_band
2026-07-17T01:27:59Z,91.3603,0.000502,0.000484,-0.000018,in_band
2026-07-17T01:28:00Z,91.3573,0.000494,0.000476,-0.000018,in_band
2026-07-17T01:28:59Z,91.3146,0.000186,0.000180,-0.000007,in_band
2026-07-17T01:29:00Z,91.3283,0.000183,0.000177,-0.000007,in_band
2026-07-17T01:29:59Z,91.2871,0.000069,0.000067,-0.000002,in_band
2026-07-17T01:30:00Z,91.2871,0.000068,0.000066,-0.000002,in_band
2026-07-17T01:30:59Z,91.2062,0.000026,0.000025,-0.000001,in_band
2026-07-17T01:31:00Z,91.1727,0.000025,0.000024,-0.000001,in_band
2026-07-17T01:31:59Z,91.1330,0.000010,0.000009,-0.000000,in_band
2026-07-17T01:32:00Z,91.1086,0.000009,0.000009,-0.000000,in_band
2026-07-17T01:32:59Z,91.0674,0.000004,0.000003,-0.000000,in_band
2026-07-17T01:33:00Z,91.0857,0.000003,0.000003,-0.000000,in_band
2026-07-17T01:33:59Z,91.0826,0.000001,0.000001,-0.000000,in_band
2026-07-17T01:34:00Z,91.1040,0.000001,0.000001,-0.000000,in_band
2026-07-17T01:34:59Z,91.0460,0.000000,0.000000,-0.000000,in_band
2026-07-17T01:35:00Z,91.0780,0.000000,0.000000,-0.000000,in_band
2026-07-17T01:35:59Z,91.0262,0.000000,0.000000,-0.000000,in_band
2026-07-17T01:36:00Z,91.0597,0.000000,0.000000,-0.000000,in_band
2026-07-17T01:36:59Z,90.9865,0.000000,0.000000,-0.000000,in_band
2026-07-17T01:37:00Z,90.9575,0.000000,0.000000,-0.000000,in_band
2026-07-17T01:37:59Z,90.8751,0.000000,0.000000,-0.000000,in_band
2026-07-17T01:38:00Z,90.8705,0.000000,0.000000,-0.000000,in_band
2026-07-17T01:38:59Z,90.8446,0.000000,0.000000,-0.000000,in_band
2026-07-17T01:39:00Z,90.8019,0.000000,0.000000,-0.000000,in_band
2026-07-17T01:39:59Z,90.7439,0.000000,0.000000,-0.000000,in_band
2026-07-17T01:40:00Z,90.7301,0.000000,0.000000,-0.000000,in_band
2026-07-17T01:40:59Z,90.6920,0.000000,0.000000,-0.000000,in_band
2026-07-17T01:41:00Z,90.6844,0.000000,0.000000,-0.000000,in_band
2026-07-17T01:41:59Z,90.6340,0.000000,0.000000,-0.000000,in_band
2026-07-17T01:42:00Z,90.6249,0.000000,0.000000,-0.000000,in_band
2026-07-17T01:42:59Z,90.5928,0.000000,0.000000,-0.000000,in_band
2026-07-17T01:43:00Z,90.5592,0.000000,0.000000,-0.000000,in_band
2026-07-17T01:43:59Z,90.5196,0.000000,0.000000,-0.000000,in_band
2026-07-17T01:44:00Z,90.5180,0.000000,0.000000,-0.000000,in_band
2026-07-17T01:44:59Z,90.4448,0.000000,0.000000,-0.000000,in_band
2026-07-17T01:45:00Z,90.4280,0.000000,0.000000,-0.000000,in_band
2026-07-17T01:45:59Z,90.3273,0.000000,0.000000,-0.000000,in_band
2026-07-17T01:46:00Z,90.3487,0.000000,0.000000,-0.000000,in_band
2026-07-17T01:46:59Z,90.3670,0.000000,0.000000,-0.000000,in_band
2026-07-17T01:47:00Z,90.3166,0.000000,0.000000,-0.000000,in_band
2026-07-17T01:47:59Z,90.2998,0.000000,0.000000,-0.000000,in_band
2026-07-17T01:48:00Z,90.2815,0.000000,0.000000,-0.000000,in_band
2026-07-17T01:48:59Z,90.2312,0.000000,0.000000,-0.000000,in_band
2026-07-17T01:49:00Z,90.2342,0.000000,0.000000,-0.000000,in_band
2026-07-17T01:49:59Z,90.2403,0.000000,0.000000,-0.000000,in_band
2026-07-17T01:50:00Z,90.2037,0.000000,0.000000,-0.000000,in_band
2026-07-17T01:50:59Z,90.2068,0.000000,0.000000,-0.000000,in_band
2026-07-17T01:51:00Z,90.2022,0.000000,0.000000,-0.000000,in_band
2026-07-17T01:51:59Z,90.1350,0.000000,0.000000,-0.000000,in_band
2026-07-17T01:52:00Z,90.1564,0.000000,0.000000,-0.000000,in_band
2026-07-17T01:52:59Z,90.1564,0.000000,0.000000,-0.000000,in_band
2026-07-17T01:53:00Z,90.1106,0.000000,0.000000,-0.000000,in_band
2026-07-17T01:53:59Z,90.1061,0.000000,0.000000,-0.000000,in_band
2026-07-17T01:54:00Z,90.0832,0.000000,0.000000,-0.000000,in_band
2026-07-17T01:54:59Z,90.0572,0.000000,0.000000,-0.000000,in_band
2026-07-17T01:55:00Z,90.0877,0.000000,0.000000,-0.000000,in_band
2026-07-17T01:55:59Z,90.0252,0.000000,0.000000,-0.000000,in_band
2026-07-17T01:56:04Z,89.9794,0.000002,0.000060,0.000058,below_midpoint_feather
2026-07-17T01:56:06Z,90.0160,0.000002,0.000000,-0.000002,in_band
2026-07-17T01:57:00Z,90.0328,0.000000,0.000000,0.000000,in_band
2026-07-17T01:57:59Z,90.0298,0.000000,0.000000,0.000000,in_band
2026-07-17T01:58:50Z,89.9550,0.000102,0.000289,0.000187,below_midpoint_feather
2026-07-17T01:58:52Z,89.9962,0.000102,0.000003,-0.000099,below_midpoint_feather
2026-07-17T01:59:36Z,89.9428,0.000020,0.000469,0.000449,below_midpoint_feather
2026-07-17T01:59:54Z,89.9931,0.000291,0.000012,-0.000278,below_midpoint_feather
2026-07-17T02:00:18Z,89.9016,0.000472,0.001388,0.000917,below_midpoint_feather
2026-07-17T02:00:58Z,89.9733,0.000564,0.000132,-0.000432,below_midpoint_feather
2026-07-17T02:01:06Z,89.9321,0.000126,0.000691,0.000565,below_midpoint_feather
2026-07-17T02:01:38Z,89.9550,0.000886,0.000343,-0.000543,below_midpoint_feather
2026-07-17T02:02:26Z,89.9367,0.001346,0.000683,-0.000663,below_midpoint_feather
2026-07-17T02:02:46Z,89.8726,0.001304,0.002463,0.001159,below_midpoint_feather
2026-07-17T02:03:34Z,89.8604,0.001622,0.003045,0.001424,below_midpoint_feather
2026-07-17T02:03:58Z,89.9092,0.002731,0.001516,-0.001215,below_midpoint_feather
2026-07-17T02:04:51Z,89.7871,0.005681,0.007039,0.001358,below_midpoint_feather
2026-07-17T02:04:58Z,89.7993,0.007411,0.006369,-0.001042,below_midpoint_feather
2026-07-17T02:05:40Z,89.7627,0.010841,0.009066,-0.001774,below_midpoint_feather
2026-07-17T02:05:49Z,89.7215,0.009959,0.012212,0.002253,below_midpoint_feather
2026-07-17T02:06:20Z,89.7276,0.015179,0.012246,-0.002933,below_midpoint_feather
2026-07-17T02:06:32Z,89.6544,0.014231,0.018923,0.004693,below_midpoint_feather
2026-07-17T02:07:20Z,89.6681,0.022472,0.018804,-0.003668,below_midpoint_feather
2026-07-17T02:07:40Z,89.5659,0.024416,0.030597,0.006181,below_midpoint_feather
2026-07-17T02:08:16Z,89.5796,0.031640,0.030353,-0.001288,below_midpoint_feather
2026-07-17T02:08:31Z,89.5262,0.032312,0.037833,0.005521,below_midpoint_feather
2026-07-17T02:09:27Z,89.4881,0.041473,0.046288,0.004815,below_midpoint_feather
2026-07-17T02:09:56Z,89.5445,0.043989,0.040454,-0.003535,below_midpoint_feather
2026-07-17T02:10:20Z,89.4667,0.045673,0.053103,0.007430,below_midpoint_feather
2026-07-17T02:10:54Z,89.4835,0.059152,0.053255,-0.005896,below_midpoint_feather
2026-07-17T02:11:06Z,89.4835,0.058723,0.054279,-0.004444,below_midpoint_feather
2026-07-17T02:11:36Z,89.4423,0.057879,0.063231,0.005352,below_midpoint_feather
2026-07-17T02:12:10Z,89.4743,0.066370,0.061383,-0.004987,below_midpoint_feather
2026-07-17T02:12:55Z,89.3507,0.075169,0.086405,0.011236,below_midpoint_feather
2026-07-17T02:13:06Z,89.4347,0.081261,0.073063,-0.008198,below_midpoint_feather
2026-07-17T02:13:45Z,89.3370,0.088014,0.094505,0.006491,below_midpoint_feather
2026-07-17T02:14:02Z,89.3233,0.090038,0.099173,0.009135,below_midpoint_feather
2026-07-17T02:14:50Z,89.2958,0.115476,0.110911,-0.004566,below_midpoint_feather
2026-07-17T02:15:08Z,89.2195,0.116208,0.129676,0.013468,below_midpoint_feather
2026-07-17T02:15:46Z,89.2912,0.128242,0.120514,-0.007729,below_midpoint_feather
2026-07-17T02:16:02Z,89.2729,0.129603,0.126917,-0.002686,below_midpoint_feather
2026-07-17T02:16:40Z,89.2134,0.136407,0.146230,0.009823,below_midpoint_feather
2026-07-17T02:17:32Z,89.1737,0.169746,0.164867,-0.004879,below_midpoint_feather
2026-07-17T02:17:36Z,89.1188,0.164701,0.178995,0.014293,below_midpoint_feather
2026-07-17T02:18:06Z,89.1951,0.173341,0.166895,-0.006446,below_midpoint_feather
2026-07-17T02:18:44Z,89.0913,0.189382,0.200509,0.011127,below_midpoint_feather
2026-07-17T02:19:08Z,89.1447,0.200229,0.192657,-0.007572,below_midpoint_feather
2026-07-17T02:19:34Z,89.0959,0.199957,0.211130,0.011173,below_midpoint_feather
2026-07-17T02:20:10Z,89.1142,0.219974,0.215412,-0.004563,below_midpoint_feather
2026-07-17T02:20:27Z,89.0410,0.226681,0.238986,0.012306,below_midpoint_feather
2026-07-17T02:21:10Z,89.0593,0.250862,0.245691,-0.005171,below_midpoint_feather
2026-07-17T02:21:52Z,88.9631,0.271591,0.285055,0.013465,below_midpoint_feather
2026-07-17T02:22:41Z,88.9174,0.298949,0.314423,0.015474,below_midpoint_feather
2026-07-17T02:22:56Z,88.9937,0.304386,0.296798,-0.007587,below_midpoint_feather
2026-07-17T02:23:32Z,88.9998,0.316183,0.307397,-0.008786,below_midpoint_feather
2026-07-17T02:23:51Z,88.9265,0.325909,0.335579,0.009670,below_midpoint_feather
2026-07-17T02:24:10Z,88.9708,0.334821,0.329017,-0.005804,below_midpoint_feather
2026-07-17T02:24:37Z,88.8792,0.351828,0.366646,0.014818,below_midpoint_feather
2026-07-17T02:25:08Z,88.8533,0.366071,0.386498,0.020428,below_midpoint_feather
2026-07-17T02:25:54Z,88.8945,0.400777,0.391187,-0.009590,below_midpoint_feather
2026-07-17T02:26:04Z,88.8533,0.394539,0.408424,0.013884,below_midpoint_feather
2026-07-17T02:26:20Z,88.8853,0.410291,0.404624,-0.005667,below_midpoint_feather
2026-07-17T02:27:50Z,88.8930,0.452030,0.440058,-0.011972,below_midpoint_feather
2026-07-17T02:27:56Z,88.8167,0.453643,0.467516,0.013873,below_midpoint_feather
2026-07-17T02:28:12Z,88.8380,0.453222,0.467355,0.014133,below_midpoint_feather
2026-07-17T02:28:50Z,88.8930,0.472657,0.466094,-0.006563,below_midpoint_feather
2026-07-17T02:29:02Z,88.8350,0.474932,0.490025,0.015093,below_midpoint_feather
2026-07-17T02:29:32Z,88.9021,0.492343,0.481379,-0.010963,below_midpoint_feather
2026-07-17T02:30:28Z,88.8624,0.522459,0.518048,-0.004411,below_midpoint_feather
2026-07-17T02:30:44Z,88.8197,0.528836,0.539002,0.010166,below_midpoint_feather
2026-07-17T02:31:22Z,88.8151,0.548824,0.557022,0.008197,below_midpoint_feather
2026-07-17T02:31:28Z,88.8624,0.556029,0.544023,-0.012006,below_midpoint_feather
2026-07-17T02:32:14Z,88.8258,0.564295,0.576393,0.012098,below_midpoint_feather
2026-07-17T02:32:38Z,88.8945,0.588057,0.564753,-0.023303,below_midpoint_feather
2026-07-17T02:33:14Z,88.8762,0.595540,0.586648,-0.008892,below_midpoint_feather
2026-07-17T02:33:22Z,88.8151,0.600653,0.610278,0.009625,below_midpoint_feather
2026-07-17T02:34:32Z,88.8258,0.624694,0.638120,0.013426,below_midpoint_feather
2026-07-17T02:34:58Z,88.8899,0.635736,0.628825,-0.006911,below_midpoint_feather
2026-07-17T02:35:22Z,88.9204,0.637489,0.629823,-0.007666,below_midpoint_feather
2026-07-17T02:35:52Z,88.9113,0.632430,0.645366,0.012935,below_midpoint_feather
2026-07-17T02:36:08Z,88.9891,0.642681,0.628685,-0.013995,below_midpoint_feather
2026-07-17T02:36:30Z,88.9677,0.633985,0.643667,0.009682,below_midpoint_feather
2026-07-17T02:37:37Z,89.0623,0.648349,0.641634,-0.006714,below_midpoint_feather
2026-07-17T02:37:52Z,89.0028,0.649694,0.663073,0.013379,below_midpoint_feather
2026-07-17T02:38:00Z,89.0898,0.650294,0.642134,-0.008160,below_midpoint_feather
2026-07-17T02:38:24Z,89.0043,0.651609,0.673062,0.021452,below_midpoint_feather
2026-07-17T02:39:16Z,89.0211,0.670102,0.684429,0.014327,below_midpoint_feather
2026-07-17T02:39:18Z,89.1081,0.667096,0.661894,-0.005202,below_midpoint_feather
2026-07-17T02:40:18Z,89.0913,0.674764,0.684031,0.009267,below_midpoint_feather
2026-07-17T02:40:52Z,89.1554,0.685132,0.677648,-0.007484,below_midpoint_feather
2026-07-17T02:41:06Z,89.1142,0.684436,0.691620,0.007184,below_midpoint_feather
2026-07-17T02:41:28Z,89.1600,0.692616,0.686285,-0.006331,below_midpoint_feather
2026-07-17T02:42:09Z,89.2332,0.684144,0.680126,-0.004019,below_midpoint_feather
2026-07-17T02:42:10Z,89.1814,0.684392,0.692067,0.007675,below_midpoint_feather
2026-07-17T02:43:09Z,89.2836,0.688923,0.683183,-0.005740,below_midpoint_feather
2026-07-17T02:43:20Z,89.2500,0.687075,0.692491,0.005416,below_midpoint_feather
2026-07-17T02:44:32Z,89.2500,0.697773,0.706558,0.008784,below_midpoint_feather
2026-07-17T02:44:42Z,89.2958,0.703080,0.698953,-0.004128,below_midpoint_feather
2026-07-17T02:45:16Z,89.2653,0.704934,0.711418,0.006484,below_midpoint_feather
2026-07-17T02:45:30Z,89.3568,0.705296,0.695969,-0.009328,below_midpoint_feather
2026-07-17T02:46:05Z,89.3706,0.705385,0.699436,-0.005948,below_midpoint_feather
2026-07-17T02:46:40Z,89.3385,0.702327,0.710853,0.008526,below_midpoint_feather
2026-07-17T02:47:10Z,89.3568,0.703580,0.711845,0.008265,below_midpoint_feather
2026-07-17T02:47:40Z,89.4652,0.703875,0.697810,-0.006065,below_midpoint_feather
2026-07-17T02:48:25Z,89.4942,0.702190,0.699009,-0.003181,below_midpoint_feather
2026-07-17T02:48:54Z,89.4896,0.698281,0.702791,0.004510,below_midpoint_feather
2026-07-17T02:49:04Z,89.5155,0.696820,0.700125,0.003305,below_midpoint_feather
2026-07-17T02:49:39Z,89.6300,0.694635,0.689399,-0.005236,below_midpoint_feather
2026-07-17T02:50:39Z,89.7536,0.687508,0.682739,-0.004769,below_midpoint_feather
2026-07-17T02:50:44Z,89.7093,0.683297,0.686392,0.003095,below_midpoint_feather
2026-07-17T02:51:04Z,89.6986,0.685709,0.688276,0.002567,below_midpoint_feather
2026-07-17T02:51:31Z,89.7963,0.684781,0.682376,-0.002405,below_midpoint_feather
2026-07-17T02:52:00Z,89.7826,0.681304,0.684157,0.002853,below_midpoint_feather
2026-07-17T02:52:09Z,89.8497,0.682705,0.680895,-0.001810,below_midpoint_feather
2026-07-17T02:53:28Z,89.8314,0.681157,0.683169,0.002012,below_midpoint_feather
2026-07-17T02:53:42Z,89.9153,0.681385,0.680311,-0.001073,below_midpoint_feather
2026-07-17T02:54:00Z,89.9245,0.679551,0.680289,0.000739,below_midpoint_feather
2026-07-17T02:54:45Z,90.0206,0.679252,0.677527,-0.001725,in_band
2026-07-17T02:55:00Z,89.9931,0.677810,0.676092,-0.001718,below_midpoint_feather
2026-07-17T02:55:19Z,90.0099,0.677882,0.673147,-0.004735,in_band
2026-07-17T02:56:00Z,90.0237,0.668605,0.663942,-0.004663,in_band
2026-07-17T02:56:59Z,90.0786,0.647097,0.644012,-0.003085,in_band
2026-07-17T02:57:00Z,90.1106,0.646738,0.643655,-0.003083,in_band
2026-07-17T02:57:59Z,90.0969,0.625902,0.622918,-0.002985,in_band
2026-07-17T02:58:00Z,90.1015,0.625555,0.622572,-0.002983,in_band
2026-07-17T02:58:59Z,90.1244,0.605390,0.602503,-0.002887,in_band
2026-07-17T02:59:00Z,90.1152,0.605054,0.602169,-0.002885,in_band
2026-07-17T02:59:59Z,90.1076,0.585546,0.582753,-0.002792,in_band
2026-07-17T03:00:00Z,90.1381,0.585221,0.582430,-0.002791,in_band
2026-07-17T03:00:59Z,90.0847,0.566350,0.563649,-0.002701,in_band
2026-07-17T03:01:00Z,90.0664,0.566036,0.563336,-0.002699,in_band
2026-07-17T03:01:59Z,90.0328,0.547784,0.545171,-0.002612,in_band
2026-07-17T03:02:00Z,90.0328,0.547479,0.544868,-0.002611,in_band
2026-07-17T03:02:59Z,90.0847,0.529825,0.527299,-0.002527,in_band
2026-07-17T03:03:00Z,90.0710,0.529531,0.527006,-0.002525,in_band
2026-07-17T03:03:59Z,90.1518,0.512456,0.510012,-0.002444,in_band
2026-07-17T03:04:00Z,90.1427,0.512171,0.509728,-0.002443,in_band
2026-07-17T03:04:59Z,90.1747,0.495655,0.493292,-0.002364,in_band
2026-07-17T03:05:00Z,90.1442,0.495380,0.493018,-0.002362,in_band
2026-07-17T03:05:59Z,90.2205,0.479406,0.477120,-0.002286,in_band
2026-07-17T03:06:00Z,90.2312,0.479140,0.476855,-0.002285,in_band
2026-07-17T03:06:59Z,90.2678,0.463689,0.461478,-0.002211,in_band
2026-07-17T03:07:00Z,90.2892,0.463431,0.461221,-0.002210,in_band
2026-07-17T03:07:59Z,90.2892,0.448487,0.446349,-0.002139,in_band
2026-07-17T03:08:00Z,90.3212,0.448238,0.446101,-0.002138,in_band
2026-07-17T03:08:59Z,90.3731,0.433784,0.431716,-0.002069,in_band
2026-07-17T03:09:00Z,90.3502,0.433543,0.431476,-0.002068,in_band
2026-07-17T03:09:59Z,90.3502,0.419563,0.417562,-0.002001,in_band
2026-07-17T03:10:00Z,90.3960,0.419330,0.417330,-0.002000,in_band
2026-07-17T03:10:59Z,90.4402,0.405808,0.403873,-0.001935,in_band
2026-07-17T03:11:00Z,90.4463,0.405583,0.403649,-0.001934,in_band
2026-07-17T03:11:59Z,90.5287,0.392504,0.390632,-0.001872,in_band
2026-07-17T03:12:00Z,90.4860,0.392286,0.390415,-0.001871,in_band
2026-07-17T03:12:59Z,90.5776,0.379636,0.377826,-0.001811,in_band
2026-07-17T03:13:00Z,90.5776,0.379426,0.377616,-0.001809,in_band
2026-07-17T03:13:59Z,90.6371,0.367190,0.365439,-0.001751,in_band
2026-07-17T03:14:00Z,90.5745,0.366987,0.365236,-0.001750,in_band
2026-07-17T03:14:59Z,90.6188,0.355153,0.353459,-0.001694,in_band
2026-07-17T03:15:00Z,90.5959,0.354955,0.353263,-0.001693,in_band
2026-07-17T03:15:59Z,90.6706,0.343509,0.341871,-0.001638,in_band
2026-07-17T03:16:00Z,90.6508,0.343318,0.341681,-0.001637,in_band
2026-07-17T03:16:59Z,90.6874,0.332248,0.330663,-0.001585,in_band
2026-07-17T03:17:00Z,90.6371,0.332063,0.330480,-0.001584,in_band
2026-07-17T03:17:59Z,90.5959,0.321355,0.319823,-0.001533,in_band
2026-07-17T03:18:00Z,90.6020,0.321177,0.319645,-0.001532,in_band
2026-07-17T03:18:59Z,90.6142,0.310820,0.309338,-0.001482,in_band
2026-07-17T03:19:00Z,90.5913,0.310647,0.309166,-0.001482,in_band
2026-07-17T03:19:59Z,90.5547,0.300630,0.299196,-0.001434,in_band
2026-07-17T03:20:00Z,90.5364,0.300463,0.299030,-0.001433,in_band
2026-07-17T03:20:59Z,90.5730,0.290774,0.289388,-0.001387,in_band
2026-07-17T03:21:00Z,90.5516,0.290613,0.289227,-0.001386,in_band
2026-07-17T03:21:59Z,90.4906,0.281242,0.279900,-0.001341,in_band
2026-07-17T03:22:00Z,90.5196,0.281085,0.279745,-0.001341,in_band
2026-07-17T03:22:59Z,90.5058,0.272021,0.270724,-0.001297,in_band
2026-07-17T03:23:00Z,90.5364,0.271870,0.270574,-0.001297,in_band
2026-07-17T03:23:59Z,90.4402,0.263103,0.261849,-0.001255,in_band
2026-07-17T03:24:00Z,90.4463,0.262957,0.261703,-0.001254,in_band
2026-07-17T03:24:59Z,90.4234,0.254478,0.253264,-0.001214,in_band
2026-07-17T03:25:00Z,90.4356,0.254337,0.253124,-0.001213,in_band
2026-07-17T03:25:59Z,90.3548,0.246135,0.244961,-0.001174,in_band
2026-07-17T03:26:00Z,90.3502,0.245998,0.244825,-0.001173,in_band
2026-07-17T03:26:59Z,90.4402,0.238066,0.236931,-0.001135,in_band
2026-07-17T03:27:00Z,90.4494,0.237934,0.236799,-0.001135,in_band
2026-07-17T03:27:59Z,90.4494,0.230261,0.229163,-0.001098,in_band
2026-07-17T03:28:00Z,90.4326,0.230133,0.229036,-0.001097,in_band
2026-07-17T03:28:59Z,90.4051,0.222712,0.221650,-0.001062,in_band
2026-07-17T03:29:00Z,90.4601,0.222589,0.221527,-0.001062,in_band
2026-07-17T03:29:59Z,90.4601,0.215411,0.214384,-0.001027,in_band
2026-07-17T03:30:00Z,90.4494,0.215291,0.214265,-0.001027,in_band
2026-07-17T03:30:59Z,90.4601,0.208349,0.207355,-0.000994,in_band
2026-07-17T03:31:00Z,90.4768,0.208233,0.207240,-0.000993,in_band
2026-07-17T03:31:59Z,90.4128,0.201518,0.200557,-0.000961,in_band
2026-07-17T03:32:00Z,90.3807,0.201406,0.200446,-0.000961,in_band
2026-07-17T03:32:59Z,90.3532,0.194912,0.193982,-0.000930,in_band
2026-07-17T03:33:00Z,90.3395,0.194804,0.193875,-0.000929,in_band
2026-07-17T03:33:59Z,90.3029,0.188522,0.187623,-0.000899,in_band
2026-07-17T03:34:00Z,90.3395,0.188417,0.187519,-0.000899,in_band
2026-07-17T03:34:59Z,90.3456,0.182341,0.181472,-0.000870,in_band
2026-07-17T03:35:00Z,90.3182,0.182240,0.181371,-0.000869,in_band
2026-07-17T03:35:59Z,90.2037,0.176363,0.175522,-0.000841,in_band
2026-07-17T03:36:00Z,90.2159,0.176266,0.175425,-0.000841,in_band
2026-07-17T03:36:59Z,90.2617,0.170582,0.169768,-0.000814,in_band
2026-07-17T03:37:00Z,90.2541,0.170487,0.169674,-0.000813,in_band
2026-07-17T03:37:59Z,90.1747,0.164989,0.164202,-0.000787,in_band
2026-07-17T03:38:00Z,90.1747,0.164898,0.164111,-0.000786,in_band
2026-07-17T03:38:59Z,90.1198,0.159580,0.158819,-0.000761,in_band
2026-07-17T03:39:00Z,90.1152,0.159492,0.158731,-0.000761,in_band
2026-07-17T03:39:59Z,89.9916,0.154349,0.153964,-0.000384,below_midpoint_feather
2026-07-17T03:40:40Z,89.9870,0.154446,0.153637,-0.000809,below_midpoint_feather
2026-07-17T03:40:56Z,89.9153,0.154645,0.154636,-0.000009,below_midpoint_feather
2026-07-17T03:41:34Z,89.8558,0.155622,0.156600,0.000978,below_midpoint_feather
2026-07-17T03:41:44Z,89.9153,0.156360,0.154679,-0.001681,below_midpoint_feather
2026-07-17T03:42:50Z,89.8650,0.159321,0.156496,-0.002825,below_midpoint_feather
2026-07-17T03:42:56Z,89.7734,0.158735,0.161243,0.002508,below_midpoint_feather
2026-07-17T03:43:12Z,89.7963,0.158769,0.159960,0.001191,below_midpoint_feather
2026-07-17T03:43:16Z,89.8772,0.158579,0.156236,-0.002344,below_midpoint_feather
2026-07-17T03:44:36Z,89.7627,0.160415,0.162782,0.002367,below_midpoint_feather
2026-07-17T03:44:58Z,89.8177,0.161228,0.159732,-0.001496,below_midpoint_feather
2026-07-17T03:45:10Z,89.8329,0.161276,0.159114,-0.002162,below_midpoint_feather
2026-07-17T03:45:36Z,89.7856,0.160834,0.161993,0.001159,below_midpoint_feather
2026-07-17T03:46:10Z,89.7780,0.160839,0.162868,0.002030,below_midpoint_feather
2026-07-17T03:46:56Z,89.7993,0.165737,0.162146,-0.003591,below_midpoint_feather
2026-07-17T03:47:34Z,89.7307,0.166313,0.167324,0.001011,below_midpoint_feather
2026-07-17T03:47:42Z,89.7810,0.166557,0.163964,-0.002593,below_midpoint_feather
2026-07-17T03:48:32Z,89.7139,0.167811,0.169706,0.001895,below_midpoint_feather
2026-07-17T03:48:58Z,89.7627,0.170326,0.166603,-0.003722,below_midpoint_feather
2026-07-17T03:49:16Z,89.7688,0.168971,0.166595,-0.002376,below_midpoint_feather
2026-07-17T03:49:24Z,89.7215,0.169151,0.170201,0.001049,below_midpoint_feather
2026-07-17T03:50:24Z,89.7490,0.171653,0.169459,-0.002194,below_midpoint_feather
2026-07-17T03:50:34Z,89.7078,0.170061,0.172866,0.002805,below_midpoint_feather
2026-07-17T03:51:02Z,89.7322,0.174761,0.171560,-0.003201,below_midpoint_feather
2026-07-17T03:51:34Z,89.6910,0.174784,0.175734,0.000950,below_midpoint_feather
2026-07-17T03:52:12Z,89.7322,0.176160,0.173346,-0.002815,below_midpoint_feather
2026-07-17T03:52:34Z,89.6681,0.176759,0.179412,0.002652,below_midpoint_feather
2026-07-17T03:53:26Z,89.6300,0.180172,0.184788,0.004616,below_midpoint_feather
2026-07-17T03:53:38Z,89.7032,0.182404,0.178233,-0.004171,below_midpoint_feather
2026-07-17T03:54:02Z,89.6910,0.183496,0.180094,-0.003403,below_midpoint_feather
2026-07-17T03:54:54Z,89.6086,0.186359,0.190117,0.003758,below_midpoint_feather
2026-07-17T03:55:24Z,89.6117,0.194305,0.190940,-0.003365,below_midpoint_feather
2026-07-17T03:55:38Z,89.5567,0.193323,0.198059,0.004736,below_midpoint_feather
2026-07-17T03:56:24Z,89.5384,0.197867,0.202676,0.004809,below_midpoint_feather
2026-07-17T03:56:54Z,89.5796,0.203870,0.199165,-0.004705,below_midpoint_feather
2026-07-17T03:57:00Z,89.5796,0.202654,0.199515,-0.003139,below_midpoint_feather
2026-07-17T03:57:32Z,89.4759,0.209402,0.215406,0.006004,below_midpoint_feather
2026-07-17T03:58:28Z,89.4759,0.221940,0.219379,-0.002560,below_midpoint_feather
2026-07-17T03:58:53Z,89.3919,0.225371,0.234938,0.009566,below_midpoint_feather
2026-07-17T03:59:23Z,89.3782,0.234678,0.240046,0.005368,below_midpoint_feather
2026-07-17T03:59:50Z,89.4163,0.241764,0.236210,-0.005554,below_midpoint_feather
2026-07-17T04:00:50Z,89.3599,0.246714,0.252661,0.005947,below_midpoint_feather
2026-07-17T04:00:52Z,89.4285,0.246153,0.241058,-0.005095,below_midpoint_feather
2026-07-17T04:01:38Z,89.4469,0.249998,0.243563,-0.006435,below_midpoint_feather
2026-07-17T04:01:50Z,89.4163,0.243317,0.249934,0.006617,below_midpoint_feather
2026-07-17T04:02:02Z,89.4163,0.246872,0.251333,0.004461,below_midpoint_feather
2026-07-17T04:02:18Z,89.4713,0.248695,0.244461,-0.004234,below_midpoint_feather
2026-07-17T04:03:20Z,89.4331,0.262270,0.257245,-0.005025,below_midpoint_feather
2026-07-17T04:03:32Z,89.3370,0.266236,0.275403,0.009167,below_midpoint_feather
2026-07-17T04:04:21Z,89.2912,0.283869,0.290299,0.006430,below_midpoint_feather
2026-07-17T04:04:30Z,89.3339,0.288327,0.283155,-0.005172,below_midpoint_feather
2026-07-17T04:05:18Z,89.3385,0.297352,0.289268,-0.008084,below_midpoint_feather
2026-07-17T04:05:34Z,89.2958,0.293262,0.300038,0.006775,below_midpoint_feather
2026-07-17T04:06:02Z,89.3324,0.305989,0.297211,-0.008778,below_midpoint_feather
2026-07-17T04:06:32Z,89.2317,0.308896,0.322535,0.013639,below_midpoint_feather
2026-07-17T04:07:03Z,89.2149,0.322120,0.331354,0.009235,below_midpoint_feather
2026-07-17T04:07:34Z,89.2821,0.328395,0.322376,-0.006019,below_midpoint_feather
2026-07-17T04:08:09Z,89.1737,0.339593,0.352486,0.012893,below_midpoint_feather
2026-07-17T04:08:32Z,89.1966,0.357823,0.351565,-0.006258,below_midpoint_feather
2026-07-17T04:09:18Z,89.1630,0.376122,0.368955,-0.007167,below_midpoint_feather
2026-07-17T04:09:55Z,89.0578,0.392553,0.404021,0.011468,below_midpoint_feather
2026-07-17T04:10:06Z,89.1218,0.399504,0.390072,-0.009432,below_midpoint_feather
2026-07-17T04:10:24Z,89.0272,0.406736,0.419434,0.012698,below_midpoint_feather
2026-07-17T04:11:26Z,89.0501,0.431290,0.429644,-0.001646,below_midpoint_feather
2026-07-17T04:11:47Z,88.9906,0.442637,0.452150,0.009513,below_midpoint_feather
2026-07-17T04:12:06Z,89.0455,0.449404,0.442357,-0.007047,below_midpoint_feather
2026-07-17T04:12:56Z,88.9723,0.468056,0.478307,0.010250,below_midpoint_feather
2026-07-17T04:13:14Z,89.0043,0.480733,0.474792,-0.005941,below_midpoint_feather
2026-07-17T04:13:26Z,88.9540,0.481515,0.493286,0.011771,below_midpoint_feather
2026-07-17T04:14:04Z,88.9937,0.486618,0.494179,0.007561,below_midpoint_feather
2026-07-17T04:14:30Z,89.0715,0.493466,0.481326,-0.012139,below_midpoint_feather
2026-07-17T04:15:24Z,88.9860,0.511338,0.522341,0.011003,below_midpoint_feather
2026-07-17T04:15:40Z,89.0761,0.510196,0.502673,-0.007522,below_midpoint_feather
2026-07-17T04:16:18Z,89.0211,0.516877,0.529504,0.012627,below_midpoint_feather
2026-07-17T04:16:42Z,89.1005,0.524255,0.515678,-0.008577,below_midpoint_feather
2026-07-17T04:17:08Z,89.0455,0.528858,0.538007,0.009149,below_midpoint_feather
2026-07-17T04:17:20Z,89.1081,0.534449,0.525171,-0.009278,below_midpoint_feather
2026-07-17T04:18:18Z,89.1493,0.539571,0.531881,-0.007689,below_midpoint_feather
2026-07-17T04:18:42Z,89.0776,0.550149,0.556638,0.006490,below_midpoint_feather
2026-07-17T04:19:02Z,89.0761,0.550614,0.562530,0.011916,below_midpoint_feather
2026-07-17T04:19:08Z,89.1218,0.560432,0.552437,-0.007995,below_midpoint_feather
2026-07-17T04:20:04Z,89.1356,0.557818,0.564302,0.006484,below_midpoint_feather
2026-07-17T04:20:16Z,89.1920,0.563210,0.554048,-0.009162,below_midpoint_feather
2026-07-17T04:21:19Z,89.2042,0.573642,0.567024,-0.006619,below_midpoint_feather
2026-07-17T04:21:20Z,89.1447,0.573884,0.581235,0.007351,below_midpoint_feather
2026-07-17T04:22:09Z,89.2638,0.574875,0.565688,-0.009187,below_midpoint_feather
2026-07-17T04:22:56Z,89.2424,0.572315,0.580300,0.007984,below_midpoint_feather
2026-07-17T04:23:12Z,89.2592,0.574622,0.579938,0.005316,below_midpoint_feather
2026-07-17T04:23:37Z,89.3507,0.572201,0.566682,-0.005519,below_midpoint_feather
2026-07-17T04:24:06Z,89.3248,0.569772,0.576818,0.007046,below_midpoint_feather
2026-07-17T04:24:27Z,89.3690,0.576425,0.572119,-0.004307,below_midpoint_feather
2026-07-17T04:25:17Z,89.4240,0.576724,0.570372,-0.006352,below_midpoint_feather
2026-07-17T04:25:22Z,89.3507,0.579064,0.583850,0.004786,below_midpoint_feather
2026-07-17T04:26:05Z,89.4652,0.575976,0.570524,-0.005453,below_midpoint_feather
2026-07-17T04:26:34Z,89.4667,0.568300,0.573917,0.005617,below_midpoint_feather
2026-07-17T04:27:20Z,89.4713,0.572860,0.578143,0.005283,below_midpoint_feather
2026-07-17T04:27:39Z,89.5949,0.568372,0.563545,-0.004827,below_midpoint_feather
2026-07-17T04:28:11Z,89.6712,0.563608,0.558320,-0.005288,below_midpoint_feather
2026-07-17T04:28:54Z,89.6773,0.557580,0.560668,0.003089,below_midpoint_feather
2026-07-17T04:29:23Z,89.7627,0.557184,0.555345,-0.001838,below_midpoint_feather
2026-07-17T04:29:44Z,89.7368,0.555637,0.558075,0.002438,below_midpoint_feather
2026-07-17T04:30:09Z,89.8329,0.554756,0.553052,-0.001704,below_midpoint_feather
2026-07-17T04:30:50Z,89.8131,0.553804,0.555096,0.001292,below_midpoint_feather
2026-07-17T04:31:02Z,89.8329,0.553451,0.554335,0.000884,below_midpoint_feather
2026-07-17T04:31:45Z,89.9275,0.552930,0.551759,-0.001171,below_midpoint_feather
2026-07-17T04:32:22Z,89.9245,0.551727,0.552178,0.000451,below_midpoint_feather
2026-07-17T04:32:51Z,90.0069,0.551709,0.550317,-0.001392,in_band
2026-07-17T04:33:00Z,89.9794,0.549277,0.549195,-0.000082,below_midpoint_feather
2026-07-17T04:33:05Z,90.0282,0.549298,0.547936,-0.001362,in_band
2026-07-17T04:34:00Z,90.0969,0.533454,0.532169,-0.001285,in_band
2026-07-17T04:34:59Z,90.1625,0.516309,0.515064,-0.001245,in_band
2026-07-17T04:35:00Z,90.1793,0.516022,0.514778,-0.001244,in_band
2026-07-17T04:35:59Z,90.2312,0.499404,0.498199,-0.001205,in_band
2026-07-17T04:36:00Z,90.2525,0.499126,0.497922,-0.001204,in_band
2026-07-17T04:36:59Z,90.3456,0.483039,0.481874,-0.001165,in_band
2026-07-17T04:37:00Z,90.3395,0.482771,0.481606,-0.001165,in_band
2026-07-17T04:37:59Z,90.5058,0.467206,0.466079,-0.001127,in_band
2026-07-17T04:38:00Z,90.4555,0.466947,0.465820,-0.001126,in_band
2026-07-17T04:38:59Z,90.5409,0.451891,0.450800,-0.001090,in_band
2026-07-17T04:39:00Z,90.5135,0.451640,0.450550,-0.001090,in_band
2026-07-17T04:39:59Z,90.6279,0.437076,0.436022,-0.001055,in_band
2026-07-17T04:40:00Z,90.5974,0.436834,0.435779,-0.001054,in_band
2026-07-17T04:40:59Z,90.7103,0.422747,0.421727,-0.001020,in_band
2026-07-17T04:41:00Z,90.6798,0.422513,0.421493,-0.001020,in_band
2026-07-17T04:41:59Z,90.7744,0.408888,0.407901,-0.000987,in_band
2026-07-17T04:42:00Z,90.8080,0.408661,0.407675,-0.000986,in_band
2026-07-17T04:42:59Z,90.8446,0.395483,0.394529,-0.000954,in_band
2026-07-17T04:43:00Z,90.8797,0.395264,0.394310,-0.000954,in_band
2026-07-17T04:43:59Z,90.9163,0.382518,0.381595,-0.000923,in_band
2026-07-17T04:44:00Z,90.9346,0.382305,0.381383,-0.000923,in_band
2026-07-17T04:44:59Z,90.9529,0.369977,0.369085,-0.000893,in_band
2026-07-17T04:45:00Z,90.9300,0.369772,0.368880,-0.000892,in_band
2026-07-17T04:45:59Z,91.0124,0.357848,0.356985,-0.000864,in_band
2026-07-17T04:46:00Z,91.0002,0.357649,0.356786,-0.000863,in_band
2026-07-17T04:46:59Z,91.0628,0.346116,0.345281,-0.000835,in_band
2026-07-17T04:47:00Z,91.0689,0.345924,0.345089,-0.000835,in_band
2026-07-17T04:47:59Z,91.1696,0.334769,0.333962,-0.000808,in_band
2026-07-17T04:48:00Z,91.1742,0.334583,0.333776,-0.000807,in_band
2026-07-17T04:48:59Z,91.2917,0.323794,0.323013,-0.000781,in_band
2026-07-17T04:49:00Z,91.3161,0.323614,0.322834,-0.000781,in_band
2026-07-17T04:49:59Z,91.4260,0.313179,0.312423,-0.000756,in_band
2026-07-17T04:50:26Z,91.4855,0.308516,0.308458,-0.000058,in_band
2026-07-17T04:50:30Z,91.5251,0.305090,0.297218,-0.007871,above_band_high
2026-07-17T04:51:58Z,91.6670,0.235527,0.233773,-0.001754,above_band_high
2026-07-17T04:51:59Z,91.6670,0.235451,0.233693,-0.001759,above_band_high
2026-07-17T04:52:00Z,91.6304,0.235374,0.249232,0.013858,above_band_high
2026-07-17T04:52:09Z,91.7006,0.240476,0.218497,-0.021979,above_band_high
2026-07-17T04:53:04Z,91.7235,0.188822,0.201667,0.012845,above_band_high
2026-07-17T04:53:11Z,91.8013,0.182441,0.167263,-0.015178,above_band_high
2026-07-17T04:54:10Z,91.8273,0.131884,0.143106,0.011221,above_band_high
2026-07-17T04:54:25Z,91.9020,0.128502,0.107116,-0.021386,above_band_high
2026-07-17T04:55:12Z,91.9066,0.078247,0.090495,0.012248,above_band_high
2026-07-17T04:55:37Z,91.9936,0.064222,0.044446,-0.019775,above_band_high
2026-07-17T04:56:00Z,91.9600,0.035224,0.049784,0.014560,above_band_high
2026-07-17T04:56:31Z,92.0424,0.016937,0.001374,-0.015562,above_band_high
2026-07-17T04:57:00Z,92.0470,0.000000,0.000000,0.000000,above_band_high
2026-07-17T04:58:00Z,92.1675,0.000000,0.000000,0.000000,above_band_high
2026-07-17T04:59:00Z,92.1843,0.000000,0.000000,0.000000,above_band_high
2026-07-17T05:00:00Z,92.2225,0.000000,0.000000,0.000000,above_band_high
2026-07-17T05:01:00Z,92.2667,0.000000,0.000000,0.000000,above_band_high
2026-07-17T05:02:00Z,92.2820,0.000000,0.000000,0.000000,above_band_high
2026-07-17T05:03:00Z,92.2530,0.000000,0.000000,0.000000,above_band_high
2026-07-17T05:04:00Z,92.2576,0.000000,0.000000,0.000000,above_band_high
2026-07-17T05:05:00Z,92.2942,0.000000,0.000000,0.000000,above_band_high
2026-07-17T05:06:00Z,92.3095,0.000000,0.000000,0.000000,above_band_high
2026-07-17T05:07:00Z,92.3552,0.000000,0.000000,0.000000,above_band_high
2026-07-17T05:08:00Z,92.3552,0.000000,0.000000,0.000000,above_band_high
2026-07-17T05:09:00Z,92.3232,0.000000,0.000000,0.000000,above_band_high
2026-07-17T05:10:00Z,92.3644,0.000000,0.000000,0.000000,above_band_high
2026-07-17T05:11:00Z,92.4331,0.000000,0.000000,0.000000,above_band_high
2026-07-17T05:12:00Z,92.4605,0.000000,0.000000,0.000000,above_band_high
2026-07-17T05:13:00Z,92.4376,0.000000,0.000000,0.000000,above_band_high
2026-07-17T05:14:00Z,92.4834,0.000000,0.000000,0.000000,above_band_high
2026-07-17T05:15:00Z,92.4865,0.000000,0.000000,0.000000,above_band_high
2026-07-17T05:16:00Z,92.4681,0.000000,0.000000,0.000000,above_band_high
2026-07-17T05:17:00Z,92.4605,0.000000,0.000000,0.000000,above_band_high
2026-07-17T05:18:00Z,92.4910,0.000000,0.000000,0.000000,above_band_high
2026-07-17T05:19:00Z,92.5414,0.000000,0.000000,0.000000,above_band_high
2026-07-17T05:20:00Z,92.5292,0.000000,0.000000,0.000000,above_band_high
2026-07-17T05:21:00Z,92.5383,0.000000,0.000000,0.000000,above_band_high
2026-07-17T05:22:00Z,92.5597,0.000000,0.000000,0.000000,above_band_high
2026-07-17T05:23:00Z,92.5826,0.000000,0.000000,0.000000,above_band_high
2026-07-17T05:24:00Z,92.5643,0.000000,0.000000,0.000000,above_band_high
2026-07-17T05:25:00Z,92.5460,0.000000,0.000000,0.000000,above_band_high
2026-07-17T05:26:00Z,92.5597,0.000000,0.000000,0.000000,above_band_high
2026-07-17T05:27:00Z,92.5643,0.000000,0.000000,0.000000,above_band_high
2026-07-17T05:28:00Z,92.5597,0.000000,0.000000,0.000000,above_band_high
2026-07-17T05:29:00Z,92.5521,0.000000,0.000000,0.000000,above_band_high
2026-07-17T05:30:00Z,92.5872,0.000000,0.000000,0.000000,above_band_high
2026-07-17T05:31:00Z,92.5597,0.000000,0.000000,0.000000,above_band_high
2026-07-17T05:32:00Z,92.5612,0.000000,0.000000,0.000000,above_band_high
2026-07-17T05:33:00Z,92.5689,0.000000,0.000000,0.000000,above_band_high
2026-07-17T05:34:00Z,92.5277,0.000000,0.000000,0.000000,above_band_high
2026-07-17T05:35:00Z,92.5429,0.000000,0.000000,0.000000,above_band_high
2026-07-17T05:36:00Z,92.5414,0.000000,0.000000,0.000000,above_band_high
2026-07-17T05:37:00Z,92.5521,0.000000,0.000000,0.000000,above_band_high
2026-07-17T05:38:00Z,92.5246,0.000000,0.000000,0.000000,above_band_high
2026-07-17T05:39:00Z,92.5231,0.000000,0.000000,0.000000,above_band_high
2026-07-17T05:40:00Z,92.4773,0.000000,0.000000,0.000000,above_band_high
2026-07-17T05:41:00Z,92.4315,0.000000,0.000000,0.000000,above_band_high
2026-07-17T05:42:00Z,92.3964,0.000000,0.000000,0.000000,above_band_high
2026-07-17T05:43:00Z,92.3354,0.000000,0.000000,0.000000,above_band_high
2026-07-17T05:44:00Z,92.2683,0.000000,0.000000,0.000000,above_band_high
2026-07-17T05:45:00Z,92.2301,0.000000,0.000000,0.000000,above_band_high
2026-07-17T05:46:00Z,92.1706,0.000000,0.000000,0.000000,above_band_high
2026-07-17T05:47:00Z,92.0790,0.000000,0.000000,0.000000,above_band_high
2026-07-17T05:48:00Z,92.0607,0.000000,0.000000,0.000000,above_band_high
2026-07-17T05:49:00Z,92.0012,0.000000,0.000000,0.000000,above_band_high
2026-07-17T05:50:00Z,91.9432,0.000000,0.000000,0.000000,above_band_high
2026-07-17T05:51:00Z,91.8471,0.000000,0.000000,0.000000,above_band_high
2026-07-17T05:52:00Z,91.8181,0.000000,0.000000,0.000000,above_band_high
2026-07-17T05:53:00Z,91.7601,0.000000,0.000000,0.000000,above_band_high
2026-07-17T05:54:00Z,91.7006,0.000000,0.000000,0.000000,above_band_high
2026-07-17T05:55:00Z,91.6365,0.000000,0.000000,0.000000,above_band_high
2026-07-17T05:56:00Z,91.6030,0.000000,0.000000,0.000000,above_band_high
2026-07-17T05:57:00Z,91.5541,0.000000,0.000000,0.000000,above_band_high
2026-07-17T05:57:38Z,91.5038,0.000000,0.003185,0.003185,above_band_high
2026-07-17T05:58:32Z,91.4656,0.000000,0.003291,0.003291,in_band
2026-07-17T05:58:36Z,91.5221,0.001681,0.000000,-0.001681,above_band_high
2026-07-17T06:00:24Z,91.4672,0.000594,0.000618,0.000024,in_band
2026-07-17T06:00:59Z,91.4855,0.000333,0.000347,0.000013,in_band
2026-07-17T06:01:00Z,91.4519,0.000328,0.000341,0.000013,in_band
2026-07-17T06:01:59Z,91.4305,0.000124,0.000129,0.000005,in_band
2026-07-17T06:02:00Z,91.4443,0.000122,0.000126,0.000005,in_band
2026-07-17T06:02:59Z,91.3878,0.000046,0.000048,0.000002,in_band
2026-07-17T06:03:00Z,91.3832,0.000045,0.000047,0.000002,in_band
2026-07-17T06:03:59Z,91.4076,0.000017,0.000018,0.000001,in_band
2026-07-17T06:04:00Z,91.3939,0.000017,0.000017,0.000001,in_band
2026-07-17T06:04:59Z,91.3512,0.000006,0.000007,0.000000,in_band
2026-07-17T06:05:00Z,91.3558,0.000006,0.000006,0.000000,in_band
2026-07-17T06:05:59Z,91.3161,0.000002,0.000002,0.000000,in_band
2026-07-17T06:06:00Z,91.3207,0.000002,0.000002,0.000000,in_band
2026-07-17T06:06:59Z,91.2245,0.000001,0.000001,0.000000,in_band
2026-07-17T06:07:00Z,91.2520,0.000001,0.000001,0.000000,in_band
2026-07-17T06:07:59Z,91.2322,0.000000,0.000000,0.000000,in_band
2026-07-17T06:08:00Z,91.2383,0.000000,0.000000,0.000000,in_band
2026-07-17T06:08:59Z,91.1788,0.000000,0.000000,0.000000,in_band
2026-07-17T06:09:00Z,91.1742,0.000000,0.000000,0.000000,in_band
2026-07-17T06:09:59Z,91.1513,0.000000,0.000000,0.000000,in_band
2026-07-17T06:10:00Z,91.1543,0.000000,0.000000,0.000000,in_band
2026-07-17T06:10:59Z,91.0903,0.000000,0.000000,0.000000,in_band
2026-07-17T06:11:00Z,91.1147,0.000000,0.000000,0.000000,in_band
2026-07-17T06:11:59Z,91.0506,0.000000,0.000000,0.000000,in_band
2026-07-17T06:12:00Z,91.0582,0.000000,0.000000,0.000000,in_band
2026-07-17T06:12:59Z,91.0140,0.000000,0.000000,0.000000,in_band
2026-07-17T06:13:00Z,90.9987,0.000000,0.000000,0.000000,in_band
2026-07-17T06:13:59Z,90.9636,0.000000,0.000000,0.000000,in_band
2026-07-17T06:14:00Z,90.9773,0.000000,0.000000,0.000000,in_band
2026-07-17T06:14:59Z,90.9483,0.000000,0.000000,0.000000,in_band
2026-07-17T06:15:00Z,90.9499,0.000000,0.000000,0.000000,in_band
2026-07-17T06:15:59Z,90.9499,0.000000,0.000000,0.000000,in_band
2026-07-17T06:16:00Z,90.9300,0.000000,0.000000,0.000000,in_band
2026-07-17T06:16:59Z,90.9133,0.000000,0.000000,0.000000,in_band
2026-07-17T06:17:00Z,90.9209,0.000000,0.000000,0.000000,in_band
2026-07-17T06:17:59Z,90.8476,0.000000,0.000000,0.000000,in_band
2026-07-17T06:18:00Z,90.8858,0.000000,0.000000,0.000000,in_band
2026-07-17T06:18:59Z,90.8522,0.000000,0.000000,0.000000,in_band
2026-07-17T06:19:00Z,90.8721,0.000000,0.000000,0.000000,in_band
2026-07-17T06:19:59Z,90.8217,0.000000,0.000000,0.000000,in_band
2026-07-17T06:20:00Z,90.7927,0.000000,0.000000,0.000000,in_band
2026-07-17T06:20:59Z,90.8217,0.000000,0.000000,0.000000,in_band
2026-07-17T06:21:00Z,90.7973,0.000000,0.000000,0.000000,in_band
2026-07-17T06:21:59Z,90.7836,0.000000,0.000000,0.000000,in_band
2026-07-17T06:22:00Z,90.7622,0.000000,0.000000,0.000000,in_band
2026-07-17T06:22:59Z,90.7164,0.000000,0.000000,0.000000,in_band
2026-07-17T06:23:00Z,90.7424,0.000000,0.000000,0.000000,in_band
2026-07-17T06:23:59Z,90.7195,0.000000,0.000000,0.000000,in_band
2026-07-17T06:24:00Z,90.7057,0.000000,0.000000,0.000000,in_band
2026-07-17T06:24:59Z,90.6889,0.000000,0.000000,0.000000,in_band
2026-07-17T06:25:00Z,90.7057,0.000000,0.000000,0.000000,in_band
2026-07-17T06:25:59Z,90.6600,0.000000,0.000000,0.000000,in_band
2026-07-17T06:26:00Z,90.6661,0.000000,0.000000,0.000000,in_band
2026-07-17T06:26:59Z,90.6249,0.000000,0.000000,0.000000,in_band
2026-07-17T06:27:00Z,90.6661,0.000000,0.000000,0.000000,in_band
2026-07-17T06:27:59Z,90.6020,0.000000,0.000000,0.000000,in_band
2026-07-17T06:28:00Z,90.6661,0.000000,0.000000,0.000000,in_band
2026-07-17T06:28:59Z,90.6065,0.000000,0.000000,0.000000,in_band
2026-07-17T06:29:00Z,90.6600,0.000000,0.000000,0.000000,in_band
2026-07-17T06:29:59Z,90.5684,0.000000,0.000000,0.000000,in_band
2026-07-17T06:30:00Z,90.5837,0.000000,0.000000,0.000000,in_band
2026-07-17T06:30:59Z,90.5379,0.000000,0.000000,0.000000,in_band
2026-07-17T06:31:00Z,90.5318,0.000000,0.000000,0.000000,in_band
2026-07-17T06:31:59Z,90.5226,0.000000,0.000000,0.000000,in_band
2026-07-17T06:32:00Z,90.5226,0.000000,0.000000,0.000000,in_band
2026-07-17T06:32:59Z,90.4921,0.000000,0.000000,0.000000,in_band
2026-07-17T06:33:00Z,90.4921,0.000000,0.000000,0.000000,in_band
2026-07-17T06:33:59Z,90.4952,0.000000,0.000000,0.000000,in_band
2026-07-17T06:34:00Z,90.4738,0.000000,0.000000,0.000000,in_band
2026-07-17T06:34:59Z,90.4738,0.000000,0.000000,0.000000,in_band
2026-07-17T06:35:00Z,90.4723,0.000000,0.000000,0.000000,in_band
2026-07-17T06:35:59Z,90.4494,0.000000,0.000000,0.000000,in_band
2026-07-17T06:36:00Z,90.4677,0.000000,0.000000,0.000000,in_band
2026-07-17T06:36:59Z,90.4128,0.000000,0.000000,0.000000,in_band
2026-07-17T06:37:00Z,90.3868,0.000000,0.000000,0.000000,in_band
2026-07-17T06:37:59Z,90.4128,0.000000,0.000000,0.000000,in_band
2026-07-17T06:38:00Z,90.4005,0.000000,0.000000,0.000000,in_band
2026-07-17T06:38:59Z,90.3548,0.000000,0.000000,0.000000,in_band
2026-07-17T06:39:00Z,90.3593,0.000000,0.000000,0.000000,in_band
2026-07-17T06:39:59Z,90.2617,0.000000,0.000000,0.000000,in_band
2026-07-17T06:40:00Z,90.3136,0.000000,0.000000,0.000000,in_band
2026-07-17T06:40:59Z,90.2068,0.000000,0.000000,0.000000,in_band
2026-07-17T06:41:00Z,90.2113,0.000000,0.000000,0.000000,in_band
2026-07-17T06:41:59Z,90.1259,0.000000,0.000000,0.000000,in_band
2026-07-17T06:42:00Z,90.1076,0.000000,0.000000,0.000000,in_band
2026-07-17T06:42:59Z,90.0603,0.000000,0.000000,0.000000,in_band
2026-07-17T06:43:34Z,90.0237,0.000000,0.000000,-0.000000,in_band
2026-07-17T06:43:56Z,89.9886,0.000000,0.000019,0.000019,below_midpoint_feather
2026-07-17T06:44:48Z,89.9733,0.000657,0.000104,-0.000553,below_midpoint_feather
2026-07-17T06:44:56Z,89.9092,0.000659,0.001177,0.000518,below_midpoint_feather
2026-07-17T06:45:16Z,89.9290,0.001033,0.000732,-0.000301,below_midpoint_feather
2026-07-17T06:45:54Z,89.8497,0.001701,0.003274,0.001573,below_midpoint_feather
2026-07-17T06:46:00Z,89.9062,0.002485,0.001325,-0.001160,below_midpoint_feather
2026-07-17T06:46:30Z,89.8283,0.003100,0.004347,0.001247,below_midpoint_feather
2026-07-17T06:47:12Z,89.7993,0.004084,0.006076,0.001992,below_midpoint_feather
2026-07-17T06:47:48Z,89.7993,0.007578,0.006333,-0.001245,below_midpoint_feather
2026-07-17T06:48:00Z,89.7917,0.008374,0.006888,-0.001486,below_midpoint_feather
2026-07-17T06:48:56Z,89.7185,0.009267,0.012698,0.003430,below_midpoint_feather
2026-07-17T06:49:18Z,89.7490,0.012604,0.010731,-0.001872,below_midpoint_feather
2026-07-17T06:49:45Z,89.6941,0.012723,0.015574,0.002851,below_midpoint_feather
2026-07-17T06:50:31Z,89.6635,0.015549,0.019367,0.003818,below_midpoint_feather
2026-07-17T06:50:38Z,89.6986,0.018129,0.016356,-0.001773,below_midpoint_feather
2026-07-17T06:51:06Z,89.7169,0.018170,0.015589,-0.002581,below_midpoint_feather
2026-07-17T06:51:34Z,89.6437,0.020097,0.023073,0.002976,below_midpoint_feather
2026-07-17T06:52:06Z,89.6498,0.020415,0.023494,0.003079,below_midpoint_feather
2026-07-17T06:52:56Z,89.6727,0.025205,0.023044,-0.002161,below_midpoint_feather
2026-07-17T06:53:02Z,89.6117,0.025276,0.029480,0.004204,below_midpoint_feather
2026-07-17T06:53:30Z,89.6590,0.028865,0.025655,-0.003210,below_midpoint_feather
2026-07-17T06:54:20Z,89.6498,0.031814,0.028688,-0.003126,below_midpoint_feather
2026-07-17T06:54:28Z,89.5933,0.030871,0.035126,0.004256,below_midpoint_feather
2026-07-17T06:55:08Z,89.6544,0.034516,0.030436,-0.004079,below_midpoint_feather
2026-07-17T06:55:58Z,89.6132,0.031372,0.037040,0.005667,below_midpoint_feather
2026-07-17T06:56:30Z,89.7124,0.034126,0.028944,-0.005182,below_midpoint_feather
2026-07-17T06:56:38Z,89.6407,0.033584,0.035887,0.002304,below_midpoint_feather
2026-07-17T06:57:23Z,89.7185,0.034031,0.030649,-0.003382,below_midpoint_feather
2026-07-17T06:57:50Z,89.6620,0.034665,0.036653,0.001988,below_midpoint_feather
2026-07-17T06:58:02Z,89.6544,0.033636,0.037834,0.004198,below_midpoint_feather
2026-07-17T06:58:08Z,89.7078,0.035891,0.033206,-0.002685,below_midpoint_feather
2026-07-17T06:59:26Z,89.6956,0.040671,0.036972,-0.003699,below_midpoint_feather
2026-07-17T06:59:50Z,89.6391,0.039918,0.043165,0.003247,below_midpoint_feather
2026-07-17T07:00:24Z,89.6345,0.041870,0.044869,0.002999,below_midpoint_feather
2026-07-17T07:00:44Z,89.6757,0.044872,0.041565,-0.003308,below_midpoint_feather
2026-07-17T07:01:46Z,89.6849,0.047216,0.043083,-0.004133,below_midpoint_feather
2026-07-17T07:01:54Z,89.6529,0.043283,0.046410,0.003127,below_midpoint_feather
2026-07-17T07:02:44Z,89.7124,0.046767,0.042969,-0.003798,below_midpoint_feather
2026-07-17T07:02:46Z,89.6162,0.046844,0.052225,0.005381,below_midpoint_feather
2026-07-17T07:03:20Z,89.6986,0.049630,0.045507,-0.004122,below_midpoint_feather
2026-07-17T07:03:38Z,89.6315,0.048142,0.052596,0.004454,below_midpoint_feather
2026-07-17T07:04:10Z,89.6849,0.052940,0.048640,-0.004300,below_midpoint_feather
2026-07-17T07:04:44Z,89.6269,0.052306,0.055665,0.003360,below_midpoint_feather
2026-07-17T07:05:34Z,89.5949,0.057596,0.061249,0.003653,below_midpoint_feather
2026-07-17T07:05:42Z,89.6483,0.059586,0.055841,-0.003745,below_midpoint_feather
2026-07-17T07:06:46Z,89.6452,0.063368,0.059096,-0.004272,below_midpoint_feather
2026-07-17T07:06:48Z,89.5583,0.063466,0.069047,0.005581,below_midpoint_feather
2026-07-17T07:07:26Z,89.5842,0.063020,0.067788,0.004768,below_midpoint_feather
2026-07-17T07:07:34Z,89.6132,0.068052,0.064881,-0.003171,below_midpoint_feather
2026-07-17T07:08:46Z,89.5583,0.071123,0.075165,0.004042,below_midpoint_feather
2026-07-17T07:08:58Z,89.6132,0.073406,0.069350,-0.004056,below_midpoint_feather
2026-07-17T07:09:20Z,89.6208,0.073002,0.069744,-0.003259,below_midpoint_feather
2026-07-17T07:09:28Z,89.5613,0.073451,0.077111,0.003660,below_midpoint_feather
2026-07-17T07:10:36Z,89.5338,0.079773,0.084605,0.004832,below_midpoint_feather
2026-07-17T07:10:44Z,89.6025,0.080256,0.076656,-0.003600,below_midpoint_feather
2026-07-17T07:11:04Z,89.4972,0.083750,0.091349,0.007599,below_midpoint_feather
2026-07-17T07:11:06Z,89.5979,0.083871,0.078511,-0.005360,below_midpoint_feather
2026-07-17T07:12:12Z,89.5399,0.086045,0.089730,0.003685,below_midpoint_feather
2026-07-17T07:12:36Z,89.6025,0.088294,0.083602,-0.004692,below_midpoint_feather
2026-07-17T07:13:06Z,89.5903,0.091136,0.086887,-0.004249,below_midpoint_feather
2026-07-17T07:13:08Z,89.5079,0.091456,0.097581,0.006125,below_midpoint_feather
2026-07-17T07:14:06Z,89.5293,0.094050,0.098411,0.004361,below_midpoint_feather
2026-07-17T07:14:38Z,89.5583,0.101961,0.096765,-0.005196,below_midpoint_feather
2026-07-17T07:15:08Z,89.5888,0.100339,0.095113,-0.005225,below_midpoint_feather
2026-07-17T07:15:12Z,89.4942,0.100220,0.107728,0.007508,below_midpoint_feather
2026-07-17T07:16:36Z,89.4972,0.107900,0.113220,0.005320,below_midpoint_feather
2026-07-17T07:16:58Z,89.5445,0.111741,0.108368,-0.003374,below_midpoint_feather
2026-07-17T07:17:22Z,89.5613,0.112447,0.107993,-0.004454,below_midpoint_feather
2026-07-17T07:17:44Z,89.5018,0.109672,0.117534,0.007862,below_midpoint_feather
2026-07-17T07:18:28Z,89.5338,0.120186,0.116356,-0.003830,below_midpoint_feather
2026-07-17T07:18:54Z,89.4850,0.119163,0.125117,0.005954,below_midpoint_feather
2026-07-17T07:19:16Z,89.5476,0.122057,0.118174,-0.003883,below_midpoint_feather
2026-07-17T07:19:34Z,89.4804,0.122801,0.128833,0.006032,below_midpoint_feather
2026-07-17T07:20:06Z,89.5628,0.124625,0.120084,-0.004541,below_midpoint_feather
2026-07-17T07:20:50Z,89.5109,0.125922,0.130246,0.004324,below_midpoint_feather
2026-07-17T07:21:36Z,89.5842,0.127497,0.124160,-0.003337,below_midpoint_feather
2026-07-17T07:21:50Z,89.5308,0.126777,0.131871,0.005094,below_midpoint_feather
2026-07-17T07:22:04Z,89.5888,0.129078,0.125576,-0.003502,below_midpoint_feather
2026-07-17T07:22:32Z,89.5338,0.128533,0.134328,0.005795,below_midpoint_feather
2026-07-17T07:23:00Z,89.5384,0.131123,0.135569,0.004446,below_midpoint_feather
2026-07-17T07:23:08Z,89.6071,0.132771,0.127743,-0.005029,below_midpoint_feather
2026-07-17T07:24:12Z,89.6361,0.132196,0.128569,-0.003627,below_midpoint_feather
2026-07-17T07:24:48Z,89.5903,0.131912,0.135662,0.003749,below_midpoint_feather
2026-07-17T07:25:06Z,89.6498,0.132904,0.130206,-0.002697,below_midpoint_feather
2026-07-17T07:25:30Z,89.5995,0.133028,0.136828,0.003800,below_midpoint_feather
2026-07-17T07:26:16Z,89.6986,0.133570,0.129167,-0.004404,below_midpoint_feather
2026-07-17T07:26:50Z,89.6208,0.133779,0.138229,0.004450,below_midpoint_feather
2026-07-17T07:27:28Z,89.6483,0.134835,0.136999,0.002165,below_midpoint_feather
2026-07-17T07:27:54Z,89.7032,0.135910,0.132998,-0.002912,below_midpoint_feather
2026-07-17T07:28:18Z,89.7185,0.136852,0.132671,-0.004181,below_midpoint_feather
2026-07-17T07:28:58Z,89.6727,0.134420,0.138075,0.003655,below_midpoint_feather
2026-07-17T07:29:17Z,89.7398,0.134944,0.133108,-0.001836,below_midpoint_feather
2026-07-17T07:29:36Z,89.6849,0.135198,0.138217,0.003018,below_midpoint_feather
2026-07-17T07:30:12Z,89.7139,0.134663,0.136836,0.002173,below_midpoint_feather
2026-07-17T07:30:54Z,89.7536,0.137258,0.135018,-0.002240,below_midpoint_feather
2026-07-17T07:31:12Z,89.6910,0.137273,0.140450,0.003177,below_midpoint_feather
2026-07-17T07:31:24Z,89.7642,0.137953,0.135098,-0.002854,below_midpoint_feather
2026-07-17T07:32:04Z,89.7322,0.135185,0.138415,0.003230,below_midpoint_feather
2026-07-17T07:32:16Z,89.7810,0.138328,0.135315,-0.003014,below_midpoint_feather
2026-07-17T07:33:28Z,89.8054,0.138580,0.135452,-0.003128,below_midpoint_feather
2026-07-17T07:33:54Z,89.7322,0.137582,0.140794,0.003213,below_midpoint_feather
2026-07-17T07:34:12Z,89.7505,0.137643,0.139795,0.002152,below_midpoint_feather
2026-07-17T07:34:30Z,89.8146,0.139065,0.136167,-0.002899,below_midpoint_feather
2026-07-17T07:35:26Z,89.8238,0.138580,0.136654,-0.001927,below_midpoint_feather
2026-07-17T07:35:34Z,89.7505,0.137906,0.141216,0.003310,below_midpoint_feather
2026-07-17T07:36:18Z,89.7719,0.138601,0.140457,0.001857,below_midpoint_feather
2026-07-17T07:36:28Z,89.8375,0.138840,0.136965,-0.001875,below_midpoint_feather
2026-07-17T07:37:48Z,89.8589,0.138973,0.137164,-0.001810,below_midpoint_feather
2026-07-17T07:37:54Z,89.7917,0.138366,0.140577,0.002211,below_midpoint_feather
2026-07-17T07:38:00Z,89.8512,0.139287,0.137631,-0.001656,below_midpoint_feather
2026-07-17T07:38:24Z,89.8146,0.138520,0.139664,0.001144,below_midpoint_feather
2026-07-17T07:39:32Z,89.9092,0.138443,0.136671,-0.001772,below_midpoint_feather
2026-07-17T07:39:36Z,89.8238,0.138482,0.139955,0.001473,below_midpoint_feather
2026-07-17T07:40:42Z,89.8314,0.138821,0.140159,0.001339,below_midpoint_feather
2026-07-17T07:40:50Z,89.8787,0.139659,0.138272,-0.001387,below_midpoint_feather
2026-07-17T07:41:18Z,89.8909,0.139351,0.138088,-0.001263,below_midpoint_feather
2026-07-17T07:41:50Z,89.8283,0.139402,0.140820,0.001418,below_midpoint_feather
2026-07-17T07:42:02Z,89.8146,0.139804,0.141603,0.001799,below_midpoint_feather
2026-07-17T07:42:42Z,89.8878,0.140496,0.138798,-0.001698,below_midpoint_feather
2026-07-17T07:43:48Z,89.7963,0.141004,0.143416,0.002412,below_midpoint_feather
2026-07-17T07:43:56Z,89.8589,0.141712,0.140413,-0.001299,below_midpoint_feather
2026-07-17T07:44:30Z,89.8085,0.141565,0.143087,0.001522,below_midpoint_feather
2026-07-17T07:44:50Z,89.8634,0.142174,0.140702,-0.001471,below_midpoint_feather
2026-07-17T07:45:16Z,89.8039,0.142187,0.143752,0.001565,below_midpoint_feather
2026-07-17T07:45:24Z,89.8512,0.143754,0.141503,-0.002251,below_midpoint_feather
2026-07-17T07:46:08Z,89.8039,0.142672,0.144245,0.001572,below_midpoint_feather
2026-07-17T07:46:40Z,89.8589,0.142840,0.141922,-0.000918,below_midpoint_feather
2026-07-17T07:47:16Z,89.7917,0.143609,0.145590,0.001981,below_midpoint_feather
2026-07-17T07:47:34Z,89.8512,0.144239,0.142737,-0.001502,below_midpoint_feather
2026-07-17T07:48:06Z,89.8695,0.144078,0.142314,-0.001764,below_midpoint_feather
2026-07-17T07:48:24Z,89.8085,0.143135,0.145282,0.002147,below_midpoint_feather
2026-07-17T07:49:34Z,89.8695,0.144153,0.143114,-0.001039,below_midpoint_feather
2026-07-17T07:49:38Z,89.8329,0.143597,0.144698,0.001101,below_midpoint_feather
2026-07-17T07:50:36Z,89.8283,0.143914,0.145364,0.001449,below_midpoint_feather
2026-07-17T07:50:50Z,89.8924,0.144726,0.142919,-0.001808,below_midpoint_feather
2026-07-17T07:51:22Z,89.8222,0.143994,0.145990,0.001996,below_midpoint_feather
2026-07-17T07:51:46Z,89.9001,0.144157,0.143085,-0.001072,below_midpoint_feather
2026-07-17T07:52:20Z,89.8772,0.144746,0.144041,-0.000705,below_midpoint_feather
2026-07-17T07:52:34Z,89.8451,0.144301,0.145401,0.001100,below_midpoint_feather
2026-07-17T07:53:16Z,89.9290,0.143924,0.142967,-0.000957,below_midpoint_feather
2026-07-17T07:53:32Z,89.8772,0.144012,0.144484,0.000472,below_midpoint_feather
2026-07-17T07:54:07Z,89.9504,0.143243,0.142860,-0.000383,below_midpoint_feather
2026-07-17T07:54:12Z,89.8955,0.142964,0.144085,0.001121,below_midpoint_feather
2026-07-17T07:55:00Z,89.9550,0.142682,0.142974,0.000292,below_midpoint_feather
2026-07-17T07:55:23Z,90.0282,0.142645,0.142097,-0.000548,in_band
2026-07-17T07:56:00Z,89.9977,0.139769,0.140104,0.000336,below_midpoint_feather
2026-07-17T07:56:13Z,89.9977,0.138773,0.139338,0.000565,below_midpoint_feather
2026-07-17T07:57:00Z,90.0618,0.135219,0.135769,0.000550,in_band
2026-07-17T07:57:59Z,90.0481,0.130871,0.131403,0.000532,in_band
2026-07-17T07:58:00Z,90.0786,0.130798,0.131330,0.000532,in_band
2026-07-17T07:58:59Z,90.1122,0.126585,0.127099,0.000514,in_band
2026-07-17T07:59:00Z,90.1213,0.126515,0.127029,0.000514,in_band
2026-07-17T07:59:59Z,90.1122,0.122437,0.122934,0.000498,in_band
2026-07-17T08:00:00Z,90.1076,0.122369,0.122866,0.000497,in_band
2026-07-17T08:00:59Z,90.1335,0.118423,0.118905,0.000481,in_band
2026-07-17T08:01:00Z,90.1472,0.118358,0.118838,0.000481,in_band
2026-07-17T08:01:59Z,90.1701,0.114541,0.115007,0.000465,in_band
2026-07-17T08:02:00Z,90.1122,0.114478,0.114943,0.000465,in_band
2026-07-17T08:02:59Z,90.1259,0.110786,0.111236,0.000450,in_band
2026-07-17T08:03:00Z,90.1061,0.110725,0.111175,0.000450,in_band
2026-07-17T08:03:59Z,90.0786,0.107154,0.107590,0.000435,in_band
2026-07-17T08:04:00Z,90.1122,0.107095,0.107530,0.000435,in_band
2026-07-17T08:04:59Z,90.0786,0.103641,0.104062,0.000421,in_band
2026-07-17T08:05:00Z,90.0755,0.103584,0.104005,0.000421,in_band
2026-07-17T08:05:59Z,90.0786,0.100244,0.100651,0.000407,in_band
2026-07-17T08:06:00Z,90.1122,0.100188,0.100595,0.000407,in_band
2026-07-17T08:06:59Z,90.0603,0.096957,0.097351,0.000394,in_band
2026-07-17T08:07:47Z,90.0160,0.094406,0.094789,0.000384,in_band
2026-07-17T08:07:49Z,89.9931,0.094301,0.094796,0.000495,below_midpoint_feather
2026-07-17T08:08:07Z,90.0298,0.093363,0.093846,0.000484,in_band
2026-07-17T08:08:59Z,89.9977,0.091311,0.092194,0.000883,below_midpoint_feather
2026-07-17T08:09:16Z,89.9519,0.090711,0.092113,0.001402,below_midpoint_feather
2026-07-17T08:09:58Z,89.9931,0.089925,0.090778,0.000853,below_midpoint_feather
2026-07-17T08:10:01Z,89.9825,0.089925,0.090815,0.000890,below_midpoint_feather
2026-07-17T08:10:51Z,90.0053,0.089528,0.089972,0.000444,in_band
2026-07-17T08:11:07Z,89.9611,0.089512,0.090189,0.000677,below_midpoint_feather
2026-07-17T08:11:43Z,90.0160,0.089566,0.089479,-0.000088,in_band
2026-07-17T08:12:13Z,89.9611,0.089532,0.089500,-0.000032,below_midpoint_feather
2026-07-17T08:12:19Z,90.0099,0.089533,0.089088,-0.000445,in_band
2026-07-17T08:13:01Z,89.9565,0.088525,0.088475,-0.000050,below_midpoint_feather
2026-07-17T08:13:37Z,90.0099,0.088450,0.087625,-0.000825,in_band
2026-07-17T08:14:00Z,90.0008,0.087693,0.086997,-0.000696,in_band
2026-07-17T08:14:57Z,89.9962,0.085056,0.085138,0.000082,below_midpoint_feather
2026-07-17T08:15:25Z,90.0328,0.084212,0.084290,0.000078,in_band
2026-07-17T08:15:49Z,89.9687,0.083280,0.083777,0.000497,below_midpoint_feather
2026-07-17T08:16:11Z,90.0023,0.083190,0.083175,-0.000014,in_band
2026-07-17T08:16:21Z,89.9794,0.082821,0.083051,0.000231,below_midpoint_feather
2026-07-17T08:17:00Z,90.0328,0.081224,0.081394,0.000170,in_band
2026-07-17T08:17:59Z,90.0328,0.078605,0.078771,0.000166,in_band
2026-07-17T08:18:27Z,89.9825,0.077479,0.077858,0.000379,below_midpoint_feather
2026-07-17T08:18:33Z,90.0389,0.077479,0.077642,0.000163,in_band
2026-07-17T08:19:00Z,89.9962,0.076324,0.076616,0.000291,below_midpoint_feather
2026-07-17T08:19:43Z,89.9931,0.074523,0.075103,0.000581,below_midpoint_feather
2026-07-17T08:20:00Z,89.9931,0.074151,0.074604,0.000453,below_midpoint_feather
2026-07-17T08:20:59Z,89.9825,0.071920,0.073003,0.001083,below_midpoint_feather
2026-07-17T08:21:13Z,90.0114,0.071362,0.072394,0.001031,in_band
2026-07-17T08:21:32Z,89.9229,0.070853,0.072997,0.002144,below_midpoint_feather
2026-07-17T08:22:05Z,89.9596,0.070854,0.072068,0.001214,below_midpoint_feather
2026-07-17T08:22:49Z,90.0023,0.070914,0.071522,0.000608,in_band
2026-07-17T08:23:18Z,89.9229,0.071050,0.072372,0.001323,below_midpoint_feather
2026-07-17T08:23:40Z,89.9611,0.071367,0.071752,0.000385,below_midpoint_feather
2026-07-17T08:24:22Z,89.9153,0.071271,0.072590,0.001319,below_midpoint_feather
2026-07-17T08:24:54Z,89.9596,0.071834,0.071838,0.000004,below_midpoint_feather
2026-07-17T08:25:22Z,89.8695,0.071979,0.074063,0.002083,below_midpoint_feather
2026-07-17T08:25:24Z,89.9687,0.071769,0.071784,0.000014,below_midpoint_feather
2026-07-17T08:26:20Z,89.9153,0.071483,0.072761,0.001278,below_midpoint_feather
2026-07-17T08:26:38Z,89.9428,0.071995,0.072238,0.000242,below_midpoint_feather
2026-07-17T08:27:34Z,89.8878,0.071792,0.073652,0.001860,below_midpoint_feather
2026-07-17T08:27:52Z,89.9565,0.072222,0.072163,-0.000059,below_midpoint_feather
2026-07-17T08:28:23Z,89.8878,0.072393,0.073743,0.001350,below_midpoint_feather
2026-07-17T08:28:58Z,89.8955,0.073716,0.073588,-0.000128,below_midpoint_feather
2026-07-17T08:29:30Z,89.9016,0.073647,0.073514,-0.000133,below_midpoint_feather
2026-07-17T08:29:54Z,89.8329,0.073794,0.076202,0.002408,below_midpoint_feather
2026-07-17T08:30:06Z,89.8741,0.074370,0.074540,0.000170,below_midpoint_feather
2026-07-17T08:30:46Z,89.7963,0.075290,0.078405,0.003115,below_midpoint_feather
2026-07-17T08:31:34Z,89.8329,0.077716,0.076828,-0.000888,below_midpoint_feather
2026-07-17T08:31:44Z,89.7780,0.077131,0.079958,0.002827,below_midpoint_feather
2026-07-17T08:32:25Z,89.7642,0.079009,0.081269,0.002260,below_midpoint_feather
2026-07-17T08:32:34Z,89.8131,0.079201,0.078437,-0.000764,below_midpoint_feather
2026-07-17T08:33:14Z,89.7505,0.079061,0.082825,0.003764,below_midpoint_feather
2026-07-17T08:33:54Z,89.7948,0.081623,0.080538,-0.001086,below_midpoint_feather
2026-07-17T08:34:18Z,89.7856,0.082732,0.081468,-0.001264,below_midpoint_feather
2026-07-17T08:34:50Z,89.7185,0.083599,0.086752,0.003153,below_midpoint_feather
2026-07-17T08:35:28Z,89.7536,0.086389,0.084848,-0.001541,below_midpoint_feather
2026-07-17T08:35:58Z,89.6803,0.087393,0.091392,0.003999,below_midpoint_feather
2026-07-17T08:36:18Z,89.6132,0.091839,0.098613,0.006774,below_midpoint_feather
2026-07-17T08:36:44Z,89.6773,0.094753,0.092877,-0.001876,below_midpoint_feather
2026-07-17T08:37:42Z,89.6849,0.098132,0.094210,-0.003921,below_midpoint_feather
2026-07-17T08:37:48Z,89.5979,0.097737,0.103317,0.005580,below_midpoint_feather
2026-07-17T08:38:23Z,89.5888,0.098830,0.105795,0.006965,below_midpoint_feather
2026-07-17T08:38:42Z,89.6437,0.103520,0.100608,-0.002912,below_midpoint_feather
2026-07-17T08:39:16Z,89.5628,0.106421,0.111281,0.004860,below_midpoint_feather
2026-07-17T08:39:24Z,89.6178,0.107329,0.105263,-0.002066,below_midpoint_feather
2026-07-17T08:40:24Z,89.5155,0.112766,0.120970,0.008204,below_midpoint_feather
2026-07-17T08:40:30Z,89.5750,0.115187,0.113608,-0.001578,below_midpoint_feather
2026-07-17T08:41:03Z,89.4972,0.119064,0.125826,0.006762,below_midpoint_feather
2026-07-17T08:41:40Z,89.5445,0.124462,0.121749,-0.002713,below_midpoint_feather
2026-07-17T08:42:24Z,89.4881,0.128134,0.132592,0.004458,below_midpoint_feather
2026-07-17T08:42:38Z,89.5445,0.132184,0.125845,-0.006339,below_midpoint_feather
2026-07-17T08:43:40Z,89.4881,0.141442,0.138544,-0.002898,below_midpoint_feather
2026-07-17T08:43:44Z,89.4377,0.141083,0.146579,0.005496,below_midpoint_feather
2026-07-17T08:44:14Z,89.5171,0.143475,0.137415,-0.006060,below_midpoint_feather
2026-07-17T08:44:22Z,89.4301,0.141460,0.151155,0.009696,below_midpoint_feather
2026-07-17T08:45:34Z,89.3919,0.153194,0.164285,0.011092,below_midpoint_feather
2026-07-17T08:45:52Z,89.4713,0.158584,0.153229,-0.005355,below_midpoint_feather
2026-07-17T08:46:18Z,89.4606,0.160935,0.157471,-0.003464,below_midpoint_feather
2026-07-17T08:46:42Z,89.4163,0.159993,0.167010,0.007016,below_midpoint_feather
2026-07-17T08:47:32Z,89.3797,0.170791,0.178468,0.007677,below_midpoint_feather
2026-07-17T08:47:42Z,89.4514,0.170579,0.167606,-0.002973,below_midpoint_feather
2026-07-17T08:48:02Z,89.4652,0.173201,0.167626,-0.005576,below_midpoint_feather
2026-07-17T08:48:34Z,89.3935,0.176145,0.182718,0.006573,below_midpoint_feather
2026-07-17T08:49:22Z,89.4667,0.180355,0.176030,-0.004325,below_midpoint_feather
2026-07-17T08:49:38Z,89.4163,0.180124,0.185746,0.005622,below_midpoint_feather
2026-07-17T08:50:06Z,89.4743,0.182396,0.179572,-0.002824,below_midpoint_feather
2026-07-17T08:50:20Z,89.4469,0.178754,0.185258,0.006503,below_midpoint_feather
2026-07-17T08:51:28Z,89.4942,0.181040,0.184757,0.003716,below_midpoint_feather
2026-07-17T08:51:54Z,89.5521,0.183818,0.179228,-0.004589,below_midpoint_feather
2026-07-17T08:52:26Z,89.4972,0.184911,0.189410,0.004499,below_midpoint_feather
2026-07-17T08:52:34Z,89.5308,0.188785,0.185436,-0.003348,below_midpoint_feather
2026-07-17T08:53:02Z,89.5674,0.187923,0.183051,-0.004872,below_midpoint_feather
2026-07-17T08:53:36Z,89.5308,0.185293,0.190459,0.005166,below_midpoint_feather
2026-07-17T08:54:43Z,89.6590,0.183100,0.180347,-0.002753,below_midpoint_feather
2026-07-17T08:54:52Z,89.6071,0.180795,0.186301,0.005507,below_midpoint_feather
2026-07-17T08:55:04Z,89.6895,0.182734,0.178749,-0.003985,below_midpoint_feather
2026-07-17T08:55:36Z,89.6483,0.180429,0.184318,0.003889,below_midpoint_feather
2026-07-17T08:56:28Z,89.7093,0.177539,0.180997,0.003458,below_midpoint_feather
2026-07-17T08:56:34Z,89.7902,0.178104,0.175459,-0.002645,below_midpoint_feather
2026-07-17T08:57:21Z,89.8039,0.177023,0.176112,-0.000911,below_midpoint_feather
2026-07-17T08:57:24Z,89.7581,0.176147,0.179041,0.002894,below_midpoint_feather
2026-07-17T08:58:40Z,89.7871,0.175523,0.178682,0.003159,below_midpoint_feather
2026-07-17T08:58:42Z,89.8451,0.175554,0.175680,0.000126,below_midpoint_feather
2026-07-17T08:59:22Z,89.8817,0.175669,0.174811,-0.000859,below_midpoint_feather
2026-07-17T08:59:28Z,89.8009,0.175330,0.178535,0.003206,below_midpoint_feather
2026-07-17T09:00:40Z,89.7826,0.177275,0.180493,0.003218,below_midpoint_feather
2026-07-17T09:00:44Z,89.8497,0.177019,0.177029,0.000010,below_midpoint_feather
2026-07-17T09:01:32Z,89.8924,0.176003,0.175988,-0.000015,below_midpoint_feather
2026-07-17T09:01:46Z,89.8314,0.176697,0.178518,0.001821,below_midpoint_feather
2026-07-17T09:02:20Z,89.9062,0.176088,0.176020,-0.000068,below_midpoint_feather
2026-07-17T09:02:36Z,89.8375,0.175891,0.178644,0.002753,below_midpoint_feather
2026-07-17T09:03:16Z,89.8360,0.176650,0.178982,0.002332,below_midpoint_feather
2026-07-17T09:03:52Z,89.9229,0.176988,0.176223,-0.000765,below_midpoint_feather
2026-07-17T09:04:46Z,89.8604,0.175883,0.178466,0.002583,below_midpoint_feather
2026-07-17T09:04:54Z,89.9367,0.177005,0.176305,-0.000700,below_midpoint_feather
2026-07-17T09:05:26Z,89.8741,0.175621,0.178140,0.002519,below_midpoint_feather
2026-07-17T09:05:54Z,89.9229,0.176391,0.176838,0.000447,below_midpoint_feather
2026-07-17T09:06:00Z,89.9596,0.176168,0.176248,0.000080,below_midpoint_feather
2026-07-17T09:06:42Z,89.8955,0.175885,0.177703,0.001818,below_midpoint_feather
2026-07-17T09:07:08Z,89.9367,0.176411,0.176790,0.000379,below_midpoint_feather
2026-07-17T09:07:30Z,89.9046,0.175693,0.177572,0.001879,below_midpoint_feather
2026-07-17T09:08:20Z,89.9474,0.175573,0.176778,0.001205,below_midpoint_feather
2026-07-17T09:08:57Z,90.0191,0.175296,0.175455,0.000159,in_band
2026-07-17T09:09:03Z,90.0343,0.175266,0.175266,0.000000,in_band
2026-07-17T09:09:13Z,89.9825,0.174303,0.174735,0.000432,below_midpoint_feather
2026-07-17T09:10:00Z,90.0252,0.170591,0.170972,0.000381,in_band
2026-07-17T09:10:59Z,90.0938,0.165103,0.165471,0.000369,in_band
2026-07-17T09:11:00Z,90.0893,0.165011,0.165379,0.000368,in_band
2026-07-17T09:11:59Z,90.0938,0.159695,0.160051,0.000357,in_band
2026-07-17T09:12:00Z,90.1198,0.159606,0.159963,0.000356,in_band
2026-07-17T09:12:59Z,90.0893,0.154461,0.154806,0.000345,in_band
2026-07-17T09:13:00Z,90.1259,0.154375,0.154720,0.000345,in_band
2026-07-17T09:13:59Z,90.1198,0.149398,0.149732,0.000334,in_band
2026-07-17T09:14:00Z,90.1488,0.149315,0.149648,0.000334,in_band
2026-07-17T09:14:59Z,90.1427,0.144500,0.144823,0.000323,in_band
2026-07-17T09:15:00Z,90.1793,0.144420,0.144743,0.000323,in_band
2026-07-17T09:15:59Z,90.1564,0.139763,0.140075,0.000312,in_band
2026-07-17T09:16:00Z,90.1518,0.139685,0.139998,0.000312,in_band
2026-07-17T09:16:59Z,90.1350,0.135181,0.135483,0.000302,in_band
2026-07-17T09:17:00Z,90.1106,0.135106,0.135408,0.000302,in_band
2026-07-17T09:17:59Z,90.1335,0.130749,0.131042,0.000292,in_band
2026-07-17T09:18:00Z,90.1259,0.130677,0.130969,0.000292,in_band
2026-07-17T09:18:59Z,90.1198,0.126463,0.126745,0.000283,in_band
2026-07-17T09:19:00Z,90.0893,0.126393,0.126675,0.000282,in_band
2026-07-17T09:19:59Z,90.0801,0.122317,0.122590,0.000273,in_band
2026-07-17T09:20:00Z,90.0801,0.122249,0.122522,0.000273,in_band
2026-07-17T09:20:59Z,90.0649,0.118307,0.118571,0.000264,in_band
2026-07-17T09:21:00Z,90.0557,0.118241,0.118505,0.000264,in_band
2026-07-17T09:21:59Z,90.0557,0.114428,0.114684,0.000256,in_band
2026-07-17T09:22:00Z,90.0938,0.114365,0.114620,0.000255,in_band
2026-07-17T09:22:59Z,90.0755,0.110677,0.110924,0.000247,in_band
2026-07-17T09:23:00Z,90.0572,0.110616,0.110863,0.000247,in_band
2026-07-17T09:23:59Z,90.0649,0.107049,0.107288,0.000239,in_band
2026-07-17T09:24:00Z,90.0755,0.106989,0.107228,0.000239,in_band
2026-07-17T09:24:59Z,90.0557,0.103539,0.103770,0.000231,in_band
2026-07-17T09:25:00Z,90.0755,0.103482,0.103713,0.000231,in_band
2026-07-17T09:25:59Z,90.1106,0.100145,0.100368,0.000224,in_band
2026-07-17T09:26:00Z,90.0847,0.100089,0.100313,0.000224,in_band
2026-07-17T09:26:59Z,90.0893,0.096862,0.097078,0.000216,in_band
2026-07-17T09:27:00Z,90.0893,0.096808,0.097024,0.000216,in_band
2026-07-17T09:27:59Z,90.0572,0.093686,0.093895,0.000209,in_band
2026-07-17T09:28:00Z,90.0572,0.093634,0.093843,0.000209,in_band
2026-07-17T09:28:59Z,90.0343,0.090615,0.090817,0.000202,in_band
2026-07-17T09:29:05Z,90.0420,0.090313,0.090515,0.000202,in_band
2026-07-17T09:29:33Z,89.9977,0.088919,0.089317,0.000398,below_midpoint_feather
2026-07-17T09:30:00Z,90.0618,0.087595,0.087986,0.000391,in_band
2026-07-17T09:30:59Z,90.0389,0.084771,0.085149,0.000378,in_band
2026-07-17T09:31:00Z,90.0694,0.084724,0.085102,0.000378,in_band
2026-07-17T09:31:59Z,90.0618,0.081992,0.082358,0.000366,in_band
2026-07-17T09:32:55Z,90.0328,0.079480,0.079835,0.000355,in_band
2026-07-17T09:32:57Z,89.9962,0.079392,0.079837,0.000445,below_midpoint_feather
2026-07-17T09:33:41Z,89.9916,0.077561,0.078264,0.000703,below_midpoint_feather
2026-07-17T09:33:57Z,90.0343,0.077571,0.077907,0.000336,in_band
2026-07-17T09:34:20Z,89.9519,0.077305,0.077976,0.000672,below_midpoint_feather
2026-07-17T09:34:47Z,90.0099,0.077277,0.077219,-0.000058,in_band
2026-07-17T09:35:36Z,89.9825,0.077551,0.077272,-0.000279,below_midpoint_feather
2026-07-17T09:35:57Z,89.9184,0.077694,0.078184,0.000490,below_midpoint_feather
2026-07-17T09:36:48Z,89.9519,0.078686,0.077610,-0.001076,below_midpoint_feather
2026-07-17T09:36:52Z,89.8741,0.078691,0.079540,0.000849,below_midpoint_feather
2026-07-17T09:37:42Z,89.8177,0.080328,0.082122,0.001794,below_midpoint_feather
2026-07-17T09:37:52Z,89.8680,0.080948,0.079905,-0.001044,below_midpoint_feather
2026-07-17T09:38:30Z,89.7780,0.081847,0.084621,0.002773,below_midpoint_feather
2026-07-17T09:38:56Z,89.8329,0.083655,0.081757,-0.001897,below_midpoint_feather
2026-07-17T09:39:30Z,89.7917,0.085360,0.084268,-0.001092,below_midpoint_feather
2026-07-17T09:39:50Z,89.7047,0.086190,0.090729,0.004540,below_midpoint_feather
2026-07-17T09:40:01Z,89.7139,0.087389,0.090118,0.002729,below_midpoint_feather
2026-07-17T09:40:40Z,89.7078,0.093877,0.091282,-0.002595,below_midpoint_feather
2026-07-17T09:41:48Z,89.5903,0.099819,0.104791,0.004972,below_midpoint_feather
2026-07-17T09:41:56Z,89.6407,0.101864,0.099551,-0.002313,below_midpoint_feather
2026-07-17T09:42:07Z,89.5659,0.103254,0.108379,0.005124,below_midpoint_feather
2026-07-17T09:42:48Z,89.5979,0.110495,0.106274,-0.004222,below_midpoint_feather
2026-07-17T09:43:48Z,89.5949,0.117571,0.109811,-0.007760,below_midpoint_feather
2026-07-17T09:43:56Z,89.5018,0.118258,0.122257,0.003999,below_midpoint_feather
2026-07-17T09:44:07Z,89.4896,0.120180,0.124699,0.004519,below_midpoint_feather
2026-07-17T09:44:18Z,89.5201,0.123870,0.121121,-0.002749,below_midpoint_feather
2026-07-17T09:45:32Z,89.4896,0.135503,0.130994,-0.004509,below_midpoint_feather
2026-07-17T09:45:58Z,89.3889,0.139377,0.149293,0.009917,below_midpoint_feather
2026-07-17T09:46:13Z,89.3736,0.144893,0.153336,0.008443,below_midpoint_feather
2026-07-17T09:46:18Z,89.4438,0.147127,0.142002,-0.005124,below_midpoint_feather
2026-07-17T09:47:10Z,89.4331,0.154628,0.148935,-0.005693,below_midpoint_feather
2026-07-17T09:47:34Z,89.3599,0.154102,0.164092,0.009990,below_midpoint_feather
2026-07-17T09:48:06Z,89.3431,0.162104,0.170802,0.008698,below_midpoint_feather
2026-07-17T09:48:38Z,89.4163,0.167768,0.161695,-0.006073,below_midpoint_feather
2026-07-17T09:49:16Z,89.3660,0.169281,0.175122,0.005841,below_midpoint_feather
2026-07-17T09:49:20Z,89.4148,0.175154,0.167158,-0.007996,below_midpoint_feather
2026-07-17T09:50:06Z,89.3782,0.185229,0.179314,-0.005914,below_midpoint_feather
2026-07-17T09:50:12Z,89.3278,0.181815,0.189372,0.007557,below_midpoint_feather
2026-07-17T09:51:02Z,89.3797,0.191881,0.186578,-0.005304,below_midpoint_feather
2026-07-17T09:51:16Z,89.3141,0.190738,0.200703,0.009965,below_midpoint_feather
2026-07-17T09:52:16Z,89.3645,0.207465,0.199754,-0.007711,below_midpoint_feather
2026-07-17T09:52:42Z,89.2927,0.209799,0.217256,0.007457,below_midpoint_feather
2026-07-17T09:53:10Z,89.3156,0.210241,0.216918,0.006677,below_midpoint_feather
2026-07-17T09:53:32Z,89.4072,0.210155,0.203555,-0.006601,below_midpoint_feather
2026-07-17T09:54:22Z,89.4392,0.209967,0.205273,-0.004694,below_midpoint_feather
2026-07-17T09:54:28Z,89.3919,0.209484,0.213926,0.004442,below_midpoint_feather
2026-07-17T09:55:08Z,89.3935,0.212845,0.218772,0.005926,below_midpoint_feather
2026-07-17T09:55:48Z,89.4972,0.212833,0.207227,-0.005606,below_midpoint_feather
2026-07-17T09:56:00Z,89.5109,0.211425,0.206656,-0.004769,below_midpoint_feather
2026-07-17T09:56:12Z,89.4697,0.209845,0.213948,0.004103,below_midpoint_feather
2026-07-17T09:57:02Z,89.4026,0.224329,0.229884,0.005556,below_midpoint_feather
2026-07-17T09:57:36Z,89.4972,0.224941,0.218622,-0.006319,below_midpoint_feather
2026-07-17T09:58:20Z,89.4331,0.226366,0.232821,0.006455,below_midpoint_feather
2026-07-17T09:58:44Z,89.4881,0.231737,0.226737,-0.005000,below_midpoint_feather
2026-07-17T09:59:10Z,89.3874,0.237941,0.245419,0.007478,below_midpoint_feather
2026-07-17T09:59:32Z,89.5018,0.235796,0.229571,-0.006225,below_midpoint_feather
2026-07-17T10:00:38Z,89.5033,0.238351,0.235602,-0.002749,below_midpoint_feather
2026-07-17T10:00:52Z,89.4469,0.238481,0.245285,0.006804,below_midpoint_feather
2026-07-17T10:01:26Z,89.5613,0.237399,0.232171,-0.005228,below_midpoint_feather
2026-07-17T10:01:30Z,89.5109,0.234084,0.239162,0.005078,below_midpoint_feather
2026-07-17T10:02:28Z,89.5171,0.238125,0.242898,0.004773,below_midpoint_feather
2026-07-17T10:02:50Z,89.5567,0.242121,0.239269,-0.002852,below_midpoint_feather
2026-07-17T10:03:12Z,89.4896,0.246414,0.249973,0.003559,below_midpoint_feather
2026-07-17T10:03:20Z,89.5705,0.248938,0.239751,-0.009187,below_midpoint_feather
2026-07-17T10:04:28Z,89.5445,0.250753,0.247985,-0.002767,below_midpoint_feather
2026-07-17T10:04:38Z,89.4804,0.252120,0.257609,0.005490,below_midpoint_feather
2026-07-17T10:05:24Z,89.5079,0.251677,0.257102,0.005425,below_midpoint_feather
2026-07-17T10:05:38Z,89.6117,0.252113,0.245145,-0.006968,below_midpoint_feather
2026-07-17T10:06:20Z,89.5293,0.255309,0.258207,0.002898,below_midpoint_feather
2026-07-17T10:06:56Z,89.5399,0.261504,0.259345,-0.002159,below_midpoint_feather
2026-07-17T10:07:04Z,89.5079,0.260234,0.264261,0.004027,below_midpoint_feather
2026-07-17T10:07:06Z,89.5842,0.260379,0.254555,-0.005824,below_midpoint_feather
2026-07-17T10:08:10Z,89.5125,0.262910,0.268261,0.005351,below_midpoint_feather
2026-07-17T10:08:24Z,89.5567,0.267699,0.263358,-0.004342,below_midpoint_feather
2026-07-17T10:09:06Z,89.5201,0.265204,0.271038,0.005834,below_midpoint_feather
2026-07-17T10:09:12Z,89.5857,0.267348,0.263098,-0.004250,below_midpoint_feather
2026-07-17T10:10:12Z,89.5491,0.266022,0.271485,0.005463,below_midpoint_feather
2026-07-17T10:10:40Z,89.6086,0.268984,0.266052,-0.002932,below_midpoint_feather
2026-07-17T10:11:10Z,89.5613,0.269521,0.273425,0.003903,below_midpoint_feather
2026-07-17T10:11:50Z,89.6666,0.267737,0.264149,-0.003588,below_midpoint_feather
2026-07-17T10:12:20Z,89.6895,0.267138,0.263644,-0.003494,below_midpoint_feather
2026-07-17T10:12:36Z,89.6269,0.267936,0.270516,0.002579,below_midpoint_feather
2026-07-17T10:13:30Z,89.7047,0.269423,0.265650,-0.003773,below_midpoint_feather
2026-07-17T10:13:54Z,89.6773,0.266492,0.269133,0.002641,below_midpoint_feather
2026-07-17T10:14:04Z,89.7215,0.269199,0.265763,-0.003436,below_midpoint_feather
2026-07-17T10:14:48Z,89.6773,0.267385,0.271251,0.003866,below_midpoint_feather
2026-07-17T10:15:12Z,89.7642,0.268721,0.265178,-0.003543,below_midpoint_feather
2026-07-17T10:15:20Z,89.7078,0.268130,0.269681,0.001551,below_midpoint_feather
2026-07-17T10:16:20Z,89.7810,0.264963,0.266071,0.001108,below_midpoint_feather
2026-07-17T10:16:25Z,89.8375,0.264818,0.263125,-0.001693,below_midpoint_feather
2026-07-17T10:17:05Z,89.9016,0.262728,0.261523,-0.001206,below_midpoint_feather
2026-07-17T10:17:16Z,89.8558,0.261622,0.263267,0.001645,below_midpoint_feather
2026-07-17T10:18:16Z,89.9107,0.261203,0.262062,0.000859,below_midpoint_feather
2026-07-17T10:18:51Z,90.0069,0.260960,0.260254,-0.000706,in_band
2026-07-17T10:19:00Z,90.0252,0.259940,0.259567,-0.000373,in_band
2026-07-17T10:19:45Z,89.9962,0.253638,0.254682,0.001045,below_midpoint_feather
2026-07-17T10:20:00Z,90.0786,0.251556,0.252589,0.001033,in_band
2026-07-17T10:20:59Z,90.1656,0.243495,0.244492,0.000997,in_band
2026-07-17T10:21:00Z,90.1350,0.243360,0.244357,0.000996,in_band
2026-07-17T10:21:59Z,90.1579,0.235532,0.236495,0.000963,in_band
2026-07-17T10:22:00Z,90.1930,0.235401,0.236364,0.000963,in_band
2026-07-17T10:22:59Z,90.2800,0.227817,0.228749,0.000931,in_band
2026-07-17T10:23:00Z,90.2388,0.227691,0.228622,0.000931,in_band
2026-07-17T10:23:59Z,90.2800,0.220351,0.221252,0.000901,in_band
2026-07-17T10:24:00Z,90.2663,0.220229,0.221129,0.000900,in_band
2026-07-17T10:24:59Z,90.3410,0.213128,0.213999,0.000871,in_band
2026-07-17T10:25:00Z,90.3182,0.213010,0.213880,0.000871,in_band
2026-07-17T10:25:59Z,90.3532,0.206141,0.206984,0.000843,in_band
2026-07-17T10:26:00Z,90.3593,0.206027,0.206869,0.000842,in_band
2026-07-17T10:26:59Z,90.3899,0.199383,0.200198,0.000815,in_band
2026-07-17T10:27:00Z,90.3960,0.199273,0.200087,0.000815,in_band
2026-07-17T10:27:59Z,90.4540,0.192847,0.193635,0.000788,in_band
2026-07-17T10:28:00Z,90.4906,0.192740,0.193527,0.000788,in_band
2026-07-17T10:28:59Z,90.4829,0.186525,0.187287,0.000762,in_band
2026-07-17T10:29:00Z,90.5196,0.186421,0.187183,0.000762,in_band
2026-07-17T10:29:59Z,90.5409,0.180410,0.181147,0.000737,in_band
2026-07-17T10:30:00Z,90.5333,0.180309,0.181046,0.000737,in_band
2026-07-17T10:30:59Z,90.5959,0.174495,0.175208,0.000713,in_band
2026-07-17T10:31:00Z,90.5699,0.174398,0.175111,0.000713,in_band
2026-07-17T10:31:59Z,90.6004,0.168774,0.169464,0.000690,in_band
2026-07-17T10:32:00Z,90.6203,0.168681,0.169370,0.000690,in_band
2026-07-17T10:32:59Z,90.6645,0.163241,0.163909,0.000667,in_band
2026-07-17T10:33:00Z,90.6661,0.163151,0.163817,0.000667,in_band
2026-07-17T10:33:59Z,90.6691,0.157890,0.158535,0.000645,in_band
2026-07-17T10:34:00Z,90.6508,0.157802,0.158447,0.000645,in_band
2026-07-17T10:34:59Z,90.7256,0.152713,0.153338,0.000624,in_band
2026-07-17T10:35:00Z,90.6981,0.152629,0.153252,0.000624,in_band
2026-07-17T10:35:59Z,90.7301,0.147707,0.148311,0.000604,in_band
2026-07-17T10:36:00Z,90.7210,0.147625,0.148228,0.000603,in_band
2026-07-17T10:36:59Z,90.7210,0.142864,0.143448,0.000584,in_band
2026-07-17T10:37:00Z,90.7927,0.142785,0.143369,0.000584,in_band
2026-07-17T10:37:59Z,90.7439,0.138181,0.138746,0.000565,in_band
2026-07-17T10:38:00Z,90.7698,0.138104,0.138669,0.000565,in_band
2026-07-17T10:38:59Z,90.7561,0.133651,0.134197,0.000546,in_band
2026-07-17T10:39:00Z,90.7652,0.133576,0.134122,0.000546,in_band
2026-07-17T10:39:59Z,90.7942,0.129269,0.129797,0.000528,in_band
2026-07-17T10:40:00Z,90.7652,0.129197,0.129725,0.000528,in_band
2026-07-17T10:40:59Z,90.7942,0.125031,0.125542,0.000511,in_band
2026-07-17T10:41:00Z,90.7652,0.124962,0.125472,0.000511,in_band
2026-07-17T10:41:59Z,90.7744,0.120932,0.121426,0.000494,in_band
2026-07-17T10:42:00Z,90.7439,0.120865,0.121359,0.000494,in_band
2026-07-17T10:42:59Z,90.7118,0.116967,0.117446,0.000478,in_band
2026-07-17T10:43:00Z,90.7698,0.116903,0.117380,0.000478,in_band
2026-07-17T10:43:59Z,90.7149,0.113133,0.113595,0.000462,in_band
2026-07-17T10:44:00Z,90.7149,0.113070,0.113532,0.000462,in_band
2026-07-17T10:44:59Z,90.6966,0.109424,0.109871,0.000447,in_band
2026-07-17T10:45:00Z,90.7332,0.109363,0.109810,0.000447,in_band
2026-07-17T10:45:59Z,90.7027,0.105837,0.106269,0.000433,in_band
2026-07-17T10:46:00Z,90.6920,0.105778,0.106210,0.000432,in_band
2026-07-17T10:46:59Z,90.6294,0.102367,0.102785,0.000418,in_band
2026-07-17T10:47:00Z,90.6371,0.102310,0.102728,0.000418,in_band
2026-07-17T10:47:59Z,90.5547,0.099011,0.099416,0.000405,in_band
2026-07-17T10:48:00Z,90.5928,0.098956,0.099360,0.000404,in_band
2026-07-17T10:48:59Z,90.5318,0.095765,0.096156,0.000391,in_band
2026-07-17T10:49:00Z,90.5684,0.095712,0.096103,0.000391,in_band
2026-07-17T10:49:59Z,90.4967,0.092625,0.093004,0.000379,in_band
2026-07-17T10:50:00Z,90.5043,0.092574,0.092952,0.000378,in_band
2026-07-17T10:50:59Z,90.4555,0.089589,0.089955,0.000366,in_band
2026-07-17T10:51:00Z,90.4677,0.089539,0.089905,0.000366,in_band
2026-07-17T10:51:59Z,90.3731,0.086652,0.087006,0.000354,in_band
2026-07-17T10:52:00Z,90.4173,0.086604,0.086958,0.000354,in_band
2026-07-17T10:52:59Z,90.4082,0.083811,0.084153,0.000343,in_band
2026-07-17T10:53:00Z,90.3807,0.083764,0.084107,0.000342,in_band
2026-07-17T10:53:59Z,90.3578,0.081063,0.081395,0.000331,in_band
2026-07-17T10:54:00Z,90.3349,0.081018,0.081349,0.000331,in_band
2026-07-17T10:54:59Z,90.2983,0.078406,0.078726,0.000320,in_band
2026-07-17T10:55:00Z,90.3349,0.078362,0.078682,0.000320,in_band
2026-07-17T10:55:59Z,90.2480,0.075835,0.076145,0.000310,in_band
2026-07-17T10:56:00Z,90.2617,0.075793,0.076103,0.000310,in_band
2026-07-17T10:56:59Z,90.2113,0.073349,0.073649,0.000300,in_band
2026-07-17T10:57:00Z,90.2312,0.073308,0.073608,0.000300,in_band
2026-07-17T10:57:59Z,90.1472,0.070944,0.071234,0.000290,in_band
2026-07-17T10:58:00Z,90.1717,0.070905,0.071195,0.000290,in_band
2026-07-17T10:58:59Z,90.1259,0.068619,0.068899,0.000280,in_band
2026-07-17T10:59:00Z,90.1198,0.068580,0.068861,0.000280,in_band
2026-07-17T10:59:59Z,90.0526,0.066369,0.066640,0.000271,in_band
2026-07-17T11:00:37Z,90.0145,0.064983,0.065248,0.000266,in_band
2026-07-17T11:00:59Z,89.9886,0.064193,0.064618,0.000424,below_midpoint_feather
2026-07-17T11:01:21Z,90.0237,0.063413,0.063814,0.000401,in_band
2026-07-17T11:01:52Z,89.9504,0.062912,0.063811,0.000898,below_midpoint_feather
2026-07-17T11:02:32Z,89.9657,0.063346,0.063634,0.000288,below_midpoint_feather
2026-07-17T11:02:48Z,89.9153,0.063277,0.064492,0.001215,below_midpoint_feather
2026-07-17T11:03:16Z,89.9702,0.063687,0.063616,-0.000071,below_midpoint_feather
2026-07-17T11:03:42Z,89.8604,0.064070,0.066287,0.002217,below_midpoint_feather
2026-07-17T11:04:16Z,89.9092,0.064942,0.064751,-0.000191,below_midpoint_feather
2026-07-17T11:04:26Z,89.8375,0.064671,0.067361,0.002690,below_midpoint_feather
2026-07-17T11:05:06Z,89.8924,0.066515,0.065390,-0.001125,below_midpoint_feather
2026-07-17T11:05:57Z,89.7993,0.067875,0.069761,0.001886,below_midpoint_feather
2026-07-17T11:06:31Z,89.7551,0.069821,0.072846,0.003024,below_midpoint_feather
2026-07-17T11:06:34Z,89.8054,0.070403,0.069728,-0.000675,below_midpoint_feather
2026-07-17T11:07:06Z,89.7368,0.070750,0.074560,0.003809,below_midpoint_feather
2026-07-17T11:07:14Z,89.7902,0.072337,0.071068,-0.001269,below_midpoint_feather
2026-07-17T11:08:14Z,89.7780,0.074176,0.072727,-0.001449,below_midpoint_feather
2026-07-17T11:08:27Z,89.6910,0.075418,0.079522,0.004105,below_midpoint_feather
2026-07-17T11:09:22Z,89.6712,0.078837,0.082445,0.003608,below_midpoint_feather
2026-07-17T11:09:34Z,89.7261,0.078987,0.078022,-0.000965,below_midpoint_feather
2026-07-17T11:10:28Z,89.6681,0.085592,0.084459,-0.001133,below_midpoint_feather
2026-07-17T11:10:46Z,89.5949,0.088032,0.092707,0.004675,below_midpoint_feather
2026-07-17T11:11:49Z,89.5354,0.097112,0.102625,0.005513,below_midpoint_feather
2026-07-17T11:11:54Z,89.5888,0.099624,0.096216,-0.003409,below_midpoint_feather
2026-07-17T11:12:42Z,89.5521,0.104154,0.103299,-0.000855,below_midpoint_feather
2026-07-17T11:12:46Z,89.4835,0.104792,0.112954,0.008163,below_midpoint_feather
2026-07-17T11:13:53Z,89.4072,0.120039,0.129659,0.009620,below_midpoint_feather
2026-07-17T11:13:58Z,89.4743,0.124016,0.119384,-0.004633,below_midpoint_feather
2026-07-17T11:14:08Z,89.4530,0.126307,0.123477,-0.002830,below_midpoint_feather
2026-07-17T11:14:34Z,89.3828,0.128591,0.137418,0.008827,below_midpoint_feather
2026-07-17T11:15:22Z,89.4301,0.139453,0.134222,-0.005231,below_midpoint_feather
2026-07-17T11:15:32Z,89.3614,0.140515,0.147096,0.006581,below_midpoint_feather
2026-07-17T11:16:12Z,89.3507,0.145770,0.153558,0.007788,below_midpoint_feather
2026-07-17T11:16:58Z,89.3507,0.162271,0.159244,-0.003027,below_midpoint_feather
2026-07-17T11:17:12Z,89.3507,0.168266,0.161112,-0.007153,below_midpoint_feather
2026-07-17T11:17:22Z,89.2836,0.166950,0.175527,0.008577,below_midpoint_feather
2026-07-17T11:18:12Z,89.3156,0.181467,0.176446,-0.005021,below_midpoint_feather
2026-07-17T11:18:20Z,89.2241,0.181152,0.196693,0.015541,below_midpoint_feather
2026-07-17T11:19:30Z,89.2287,0.214204,0.207483,-0.006722,below_midpoint_feather
2026-07-17T11:19:56Z,89.1859,0.213888,0.222024,0.008136,below_midpoint_feather
2026-07-17T11:20:20Z,89.1493,0.222007,0.235391,0.013384,below_midpoint_feather
2026-07-17T11:20:56Z,89.1783,0.238893,0.235821,-0.003072,below_midpoint_feather
2026-07-17T11:21:03Z,89.1325,0.237808,0.248288,0.010480,below_midpoint_feather
2026-07-17T11:21:36Z,89.1859,0.250354,0.242644,-0.007710,below_midpoint_feather
2026-07-17T11:22:24Z,89.1554,0.268042,0.260813,-0.007228,below_midpoint_feather
2026-07-17T11:22:49Z,89.0639,0.279854,0.290038,0.010184,below_midpoint_feather
2026-07-17T11:23:19Z,89.0486,0.294599,0.301774,0.007174,below_midpoint_feather
2026-07-17T11:23:44Z,89.0852,0.302858,0.298731,-0.004127,below_midpoint_feather
2026-07-17T11:24:08Z,89.0257,0.309410,0.321295,0.011886,below_midpoint_feather
2026-07-17T11:24:46Z,89.0486,0.332194,0.325760,-0.006435,below_midpoint_feather
2026-07-17T11:25:21Z,88.9754,0.348213,0.356799,0.008586,below_midpoint_feather
2026-07-17T11:25:38Z,89.0349,0.355665,0.345251,-0.010413,below_midpoint_feather
2026-07-17T11:26:14Z,89.0257,0.369842,0.359311,-0.010530,below_midpoint_feather
2026-07-17T11:26:22Z,88.9494,0.367638,0.383895,0.016258,below_midpoint_feather
2026-07-17T11:27:00Z,88.9769,0.395918,0.388466,-0.007452,below_midpoint_feather
2026-07-17T11:27:34Z,88.9631,0.390309,0.404229,0.013920,below_midpoint_feather
2026-07-17T11:28:30Z,88.9708,0.412144,0.421231,0.009087,below_midpoint_feather
2026-07-17T11:28:42Z,89.0440,0.412756,0.404636,-0.008120,below_midpoint_feather
2026-07-17T11:29:32Z,88.9952,0.421914,0.435016,0.013102,below_midpoint_feather
2026-07-17T11:29:56Z,89.0867,0.423557,0.417889,-0.005668,below_midpoint_feather
2026-07-17T11:30:16Z,89.0547,0.422298,0.432730,0.010432,below_midpoint_feather
2026-07-17T11:30:41Z,89.1264,0.428868,0.421903,-0.006965,below_midpoint_feather
2026-07-17T11:31:11Z,89.1234,0.437876,0.431605,-0.006271,below_midpoint_feather
2026-07-17T11:31:22Z,89.0944,0.434111,0.442151,0.008040,below_midpoint_feather
2026-07-17T11:32:40Z,89.1127,0.449766,0.458642,0.008876,below_midpoint_feather
2026-07-17T11:32:48Z,89.1447,0.459014,0.452749,-0.006265,below_midpoint_feather
2026-07-17T11:33:30Z,89.1447,0.451611,0.463390,0.011779,below_midpoint_feather
2026-07-17T11:33:46Z,89.2317,0.455548,0.447235,-0.008313,below_midpoint_feather
2026-07-17T11:34:26Z,89.2287,0.460807,0.457300,-0.003507,below_midpoint_feather
2026-07-17T11:34:48Z,89.1539,0.466813,0.479451,0.012639,below_midpoint_feather
2026-07-17T11:35:08Z,89.2317,0.459187,0.466013,0.006826,below_midpoint_feather
2026-07-17T11:35:58Z,89.3004,0.467624,0.462020,-0.005605,below_midpoint_feather
2026-07-17T11:36:00Z,89.3065,0.465488,0.461206,-0.004282,below_midpoint_feather
2026-07-17T11:36:44Z,89.2958,0.466149,0.471584,0.005435,below_midpoint_feather
2026-07-17T11:37:10Z,89.3095,0.466617,0.473396,0.006778,below_midpoint_feather
2026-07-17T11:37:18Z,89.3431,0.472358,0.468309,-0.004049,below_midpoint_feather
2026-07-17T11:38:12Z,89.3599,0.466348,0.473721,0.007373,below_midpoint_feather
2026-07-17T11:38:56Z,89.4514,0.469638,0.464365,-0.005273,below_midpoint_feather
2026-07-17T11:39:00Z,89.4072,0.464694,0.472071,0.007377,below_midpoint_feather
2026-07-17T11:39:43Z,89.4713,0.469552,0.467154,-0.002398,below_midpoint_feather
2026-07-17T11:40:38Z,89.4850,0.466521,0.471096,0.004575,below_midpoint_feather
2026-07-17T11:40:45Z,89.5262,0.469175,0.466000,-0.003175,below_midpoint_feather
2026-07-17T11:41:37Z,89.6071,0.464795,0.460784,-0.004011,below_midpoint_feather
2026-07-17T11:41:54Z,89.5674,0.461296,0.466796,0.005499,below_midpoint_feather
2026-07-17T11:42:09Z,89.6345,0.461584,0.460291,-0.001294,below_midpoint_feather
2026-07-17T11:42:58Z,89.6040,0.461670,0.466708,0.005038,below_midpoint_feather
2026-07-17T11:43:08Z,89.6635,0.465315,0.461068,-0.004247,below_midpoint_feather
2026-07-17T11:43:26Z,89.6025,0.463841,0.468411,0.004570,below_midpoint_feather
2026-07-17T11:44:16Z,89.6620,0.466202,0.464698,-0.001505,below_midpoint_feather
2026-07-17T11:44:52Z,89.5674,0.468086,0.476786,0.008700,below_midpoint_feather
2026-07-17T11:45:28Z,89.5476,0.476342,0.481053,0.004711,below_midpoint_feather
2026-07-17T11:45:48Z,89.5933,0.478485,0.476501,-0.001984,below_midpoint_feather
2026-07-17T11:46:36Z,89.6025,0.480579,0.478132,-0.002446,below_midpoint_feather
2026-07-17T11:46:40Z,89.5399,0.478627,0.485993,0.007365,below_midpoint_feather
2026-07-17T11:47:22Z,89.5842,0.485532,0.482940,-0.002592,below_midpoint_feather
2026-07-17T11:47:56Z,89.5247,0.487033,0.492568,0.005535,below_midpoint_feather
2026-07-17T11:48:10Z,89.6345,0.484030,0.480314,-0.003716,below_midpoint_feather
2026-07-17T11:48:36Z,89.5979,0.483202,0.485898,0.002696,below_midpoint_feather
2026-07-17T11:49:32Z,89.6040,0.483701,0.488286,0.004585,below_midpoint_feather
2026-07-17T11:49:59Z,89.7002,0.481591,0.480113,-0.001478,below_midpoint_feather
2026-07-17T11:50:20Z,89.6681,0.480099,0.483947,0.003848,below_midpoint_feather
2026-07-17T11:50:38Z,89.7627,0.480342,0.477040,-0.003302,below_midpoint_feather
2026-07-17T11:51:17Z,89.8268,0.475895,0.474676,-0.001218,below_midpoint_feather
2026-07-17T11:51:54Z,89.7871,0.474872,0.477841,0.002969,below_midpoint_feather
2026-07-17T11:52:22Z,89.8131,0.474508,0.476932,0.002425,below_midpoint_feather
2026-07-17T11:52:45Z,89.8833,0.474884,0.474271,-0.000614,below_midpoint_feather
2026-07-17T11:53:11Z,89.8863,0.474646,0.474513,-0.000134,below_midpoint_feather
2026-07-17T11:53:48Z,89.8421,0.474335,0.476603,0.002268,below_midpoint_feather
2026-07-17T11:54:34Z,89.8360,0.475283,0.477250,0.001967,below_midpoint_feather
2026-07-17T11:54:36Z,89.8863,0.475298,0.475276,-0.000022,below_midpoint_feather
2026-07-17T11:55:04Z,89.9153,0.475078,0.474653,-0.000425,below_midpoint_feather
2026-07-17T11:55:46Z,89.8787,0.474335,0.475979,0.001644,below_midpoint_feather
2026-07-17T11:56:13Z,89.9565,0.473890,0.474283,0.000394,below_midpoint_feather
2026-07-17T11:56:22Z,89.9138,0.473799,0.475108,0.001309,below_midpoint_feather
2026-07-17T11:57:44Z,89.9519,0.473363,0.474581,0.001218,below_midpoint_feather
2026-07-17T11:57:59Z,90.0008,0.473439,0.473219,-0.000220,in_band
2026-07-17T11:58:00Z,89.9702,0.473440,0.473346,-0.000094,below_midpoint_feather
2026-07-17T11:58:58Z,89.9794,0.473651,0.471756,-0.001895,below_midpoint_feather
2026-07-17T11:59:36Z,89.9657,0.473852,0.471890,-0.001962,below_midpoint_feather
2026-07-17T11:59:57Z,89.8772,0.474575,0.473888,-0.000687,below_midpoint_feather
2026-07-17T12:00:54Z,89.8054,0.476721,0.477244,0.000523,below_midpoint_feather
2026-07-17T12:00:58Z,89.8772,0.477067,0.474020,-0.003047,below_midpoint_feather
2026-07-17T12:01:26Z,89.8512,0.477461,0.475148,-0.002313,below_midpoint_feather
2026-07-17T12:01:53Z,89.7642,0.479787,0.480078,0.000291,below_midpoint_feather
2026-07-17T12:02:11Z,89.7551,0.480483,0.480864,0.000381,below_midpoint_feather
2026-07-17T12:02:12Z,89.8360,0.479946,0.476170,-0.003775,below_midpoint_feather
2026-07-17T12:03:00Z,89.7505,0.486548,0.481791,-0.004758,below_midpoint_feather
2026-07-17T12:03:14Z,89.6803,0.487163,0.487708,0.000545,below_midpoint_feather
2026-07-17T12:04:08Z,89.7078,0.491634,0.486542,-0.005091,below_midpoint_feather
2026-07-17T12:04:14Z,89.6269,0.493121,0.494357,0.001236,below_midpoint_feather
2026-07-17T12:05:26Z,89.6910,0.493709,0.490482,-0.003227,below_midpoint_feather
2026-07-17T12:05:30Z,89.6498,0.492734,0.494484,0.001750,below_midpoint_feather
2026-07-17T12:06:08Z,89.6773,0.492708,0.493164,0.000456,below_midpoint_feather
2026-07-17T12:06:28Z,89.7581,0.491972,0.487332,-0.004640,below_midpoint_feather
2026-07-17T12:07:08Z,89.8054,0.490956,0.485589,-0.005366,below_midpoint_feather
2026-07-17T12:07:44Z,89.7459,0.490087,0.490285,0.000198,below_midpoint_feather
2026-07-17T12:08:10Z,89.7398,0.489528,0.491306,0.001778,below_midpoint_feather
2026-07-17T12:08:46Z,89.8314,0.490431,0.486437,-0.003994,below_midpoint_feather
2026-07-17T12:09:40Z,89.7719,0.490539,0.490689,0.000150,below_midpoint_feather
2026-07-17T12:09:58Z,89.8405,0.491608,0.487164,-0.004444,below_midpoint_feather
2026-07-17T12:10:00Z,89.8512,0.491637,0.486726,-0.004911,below_midpoint_feather
2026-07-17T12:10:54Z,89.8146,0.489370,0.489212,-0.000158,below_midpoint_feather
2026-07-17T12:11:40Z,89.8726,0.490933,0.487173,-0.003761,below_midpoint_feather
2026-07-17T12:11:48Z,89.7917,0.490017,0.491120,0.001104,below_midpoint_feather
2026-07-17T12:12:18Z,89.7948,0.491351,0.491269,-0.000082,below_midpoint_feather
2026-07-17T12:12:24Z,89.8543,0.491043,0.488365,-0.002678,below_midpoint_feather
2026-07-17T12:13:34Z,89.9519,0.490506,0.486338,-0.004167,below_midpoint_feather
2026-07-17T12:13:48Z,89.8375,0.489570,0.489870,0.000300,below_midpoint_feather
2026-07-17T12:14:04Z,89.8589,0.489684,0.489058,-0.000626,below_midpoint_feather
2026-07-17T12:14:20Z,89.9245,0.489835,0.487137,-0.002699,below_midpoint_feather
2026-07-17T12:15:08Z,89.9245,0.488578,0.487381,-0.001198,below_midpoint_feather
2026-07-17T12:15:33Z,90.0008,0.488355,0.485571,-0.002784,in_band
2026-07-17T12:16:01Z,90.0237,0.485174,0.482406,-0.002768,in_band
2026-07-17T12:16:47Z,89.9825,0.473497,0.472953,-0.000544,below_midpoint_feather
2026-07-17T12:17:00Z,90.0206,0.470100,0.469516,-0.000584,in_band
2026-07-17T12:17:59Z,90.1015,0.454966,0.454400,-0.000566,in_band
2026-07-17T12:18:00Z,90.0938,0.454714,0.454148,-0.000566,in_band
2026-07-17T12:18:59Z,90.1015,0.440060,0.439512,-0.000548,in_band
2026-07-17T12:19:00Z,90.0923,0.439816,0.439268,-0.000548,in_band
2026-07-17T12:19:59Z,90.0389,0.425637,0.425107,-0.000530,in_band
2026-07-17T12:20:00Z,90.0877,0.425400,0.424870,-0.000530,in_band
2026-07-17T12:20:55Z,89.9977,0.412600,0.413003,0.000404,below_midpoint_feather
2026-07-17T12:21:43Z,89.8650,0.412364,0.414686,0.002322,below_midpoint_feather
2026-07-17T12:21:54Z,89.8909,0.413492,0.413796,0.000304,below_midpoint_feather
2026-07-17T12:22:26Z,89.7322,0.417213,0.422388,0.005175,below_midpoint_feather
2026-07-17T12:22:34Z,89.7765,0.419560,0.419337,-0.000223,below_midpoint_feather
2026-07-17T12:23:42Z,89.5750,0.440273,0.438995,-0.001278,below_midpoint_feather
2026-07-17T12:23:51Z,89.5079,0.439205,0.448035,0.008830,below_midpoint_feather
2026-07-17T12:24:23Z,89.4194,0.453866,0.462916,0.009049,below_midpoint_feather
2026-07-17T12:24:44Z,89.4072,0.465834,0.466225,0.000391,below_midpoint_feather
2026-07-17T12:25:32Z,89.3324,0.487548,0.483869,-0.003679,below_midpoint_feather
2026-07-17T12:25:55Z,89.2454,0.495681,0.504142,0.008460,below_midpoint_feather
2026-07-17T12:26:09Z,89.2180,0.503531,0.511980,0.008449,below_midpoint_feather
2026-07-17T12:26:26Z,89.2775,0.507556,0.501697,-0.005860,below_midpoint_feather
2026-07-17T12:27:38Z,89.1997,0.535690,0.531034,-0.004656,below_midpoint_feather
2026-07-17T12:27:49Z,89.1417,0.536420,0.546898,0.010478,below_midpoint_feather
2026-07-17T12:28:14Z,89.1859,0.545841,0.541524,-0.004317,below_midpoint_feather
2026-07-17T12:28:46Z,89.1051,0.554941,0.568121,0.013180,below_midpoint_feather
2026-07-17T12:29:06Z,89.0822,0.563904,0.578551,0.014647,below_midpoint_feather
2026-07-17T12:29:30Z,89.1234,0.576770,0.573683,-0.003087,below_midpoint_feather
2026-07-17T12:30:08Z,89.1402,0.588053,0.578952,-0.009101,below_midpoint_feather
2026-07-17T12:30:54Z,89.0761,0.600268,0.607057,0.006789,below_midpoint_feather
2026-07-17T12:31:20Z,89.1325,0.605530,0.599505,-0.006025,below_midpoint_feather
2026-07-17T12:31:32Z,89.1127,0.599529,0.607622,0.008093,below_midpoint_feather
2026-07-17T12:32:37Z,89.2058,0.607391,0.601919,-0.005471,below_midpoint_feather
2026-07-17T12:32:56Z,89.1402,0.612028,0.621950,0.009922,below_midpoint_feather
2026-07-17T12:33:03Z,89.2058,0.613003,0.608199,-0.004804,below_midpoint_feather
2026-07-17T12:33:24Z,89.1646,0.613408,0.622708,0.009299,below_midpoint_feather
2026-07-17T12:34:04Z,89.2561,0.617782,0.611297,-0.006485,below_midpoint_feather
2026-07-17T12:34:16Z,89.1829,0.619130,0.630241,0.011111,below_midpoint_feather
2026-07-17T12:35:14Z,89.2424,0.632629,0.629382,-0.003246,below_midpoint_feather
2026-07-17T12:35:58Z,89.2058,0.635763,0.646605,0.010841,below_midpoint_feather
2026-07-17T12:36:02Z,89.1859,0.637565,0.651957,0.014392,below_midpoint_feather
2026-07-17T12:36:46Z,89.2332,0.652785,0.650239,-0.002546,below_midpoint_feather
2026-07-17T12:37:07Z,89.1279,0.666124,0.679054,0.012930,below_midpoint_feather
2026-07-17T12:37:52Z,89.1447,0.689461,0.684676,-0.004784,below_midpoint_feather
2026-07-17T12:38:13Z,89.0547,0.696595,0.712599,0.016004,below_midpoint_feather
2026-07-17T12:38:30Z,89.0822,0.713390,0.709453,-0.003937,below_midpoint_feather
2026-07-17T12:39:19Z,89.0181,0.726156,0.739689,0.013533,below_midpoint_feather
2026-07-17T12:39:50Z,89.0501,0.746059,0.739624,-0.006436,below_midpoint_feather
2026-07-17T12:40:01Z,88.9769,0.751816,0.763387,0.011571,below_midpoint_feather
2026-07-17T12:40:52Z,89.0257,0.772633,0.765237,-0.007396,below_midpoint_feather
2026-07-17T12:41:54Z,88.8716,0.818246,0.831889,0.013643,below_midpoint_feather
2026-07-17T12:41:56Z,88.9433,0.818937,0.810298,-0.008638,below_midpoint_feather
2026-07-17T12:42:48Z,88.9296,0.844628,0.833534,-0.011094,below_midpoint_feather
2026-07-17T12:42:56Z,88.8563,0.840500,0.859654,0.019154,below_midpoint_feather
2026-07-17T12:43:00Z,88.9067,0.849214,0.845169,-0.004044,below_midpoint_feather
2026-07-17T12:43:10Z,88.8472,0.850663,0.868049,0.017386,below_midpoint_feather
2026-07-17T12:44:18Z,88.8579,0.896800,0.892091,-0.004709,below_midpoint_feather
2026-07-17T12:44:50Z,88.8075,0.904888,0.922439,0.017551,below_midpoint_feather
2026-07-17T12:45:28Z,88.8670,0.921397,0.919316,-0.002081,below_midpoint_feather
2026-07-17T12:45:40Z,88.8106,0.926648,0.943223,0.016575,below_midpoint_feather
2026-07-17T12:46:30Z,88.8670,0.956218,0.946705,-0.009513,below_midpoint_feather
2026-07-17T12:46:48Z,88.8151,0.957741,0.971904,0.014163,below_midpoint_feather
2026-07-17T12:47:14Z,88.8212,0.972945,0.981550,0.008604,below_midpoint_feather
2026-07-17T12:47:51Z,88.9128,0.977632,0.968607,-0.009025,below_midpoint_feather
2026-07-17T12:48:06Z,88.8441,0.979881,0.997084,0.017203,below_midpoint_feather
2026-07-17T12:48:34Z,88.9250,0.995940,0.983562,-0.012378,below_midpoint_feather
2026-07-17T12:49:11Z,88.9860,0.990980,0.981215,-0.009764,below_midpoint_feather
2026-07-17T12:49:12Z,88.9311,0.991401,0.997904,0.006503,below_midpoint_feather
2026-07-17T12:50:26Z,89.0593,0.979149,0.989678,0.010530,below_midpoint_feather
2026-07-17T12:50:37Z,89.1539,0.983748,0.969400,-0.014348,below_midpoint_feather
2026-07-17T12:51:19Z,89.1920,0.981065,0.973619,-0.007446,below_midpoint_feather
2026-07-17T12:51:24Z,89.1417,0.978525,0.987002,0.008477,below_midpoint_feather
2026-07-17T12:52:09Z,89.3004,0.968956,0.963848,-0.005107,below_midpoint_feather
2026-07-17T12:52:44Z,89.3324,0.958216,0.965487,0.007271,below_midpoint_feather
2026-07-17T12:53:07Z,89.4469,0.954212,0.950053,-0.004159,below_midpoint_feather
2026-07-17T12:53:22Z,89.4255,0.951627,0.956062,0.004436,below_midpoint_feather
2026-07-17T12:54:01Z,89.5155,0.952365,0.948284,-0.004081,below_midpoint_feather
2026-07-17T12:54:04Z,89.4560,0.952092,0.957385,0.005292,below_midpoint_feather
2026-07-17T12:55:11Z,89.5537,0.954823,0.951229,-0.003594,below_midpoint_feather
2026-07-17T12:55:28Z,89.5293,0.951626,0.956041,0.004415,below_midpoint_feather
2026-07-17T12:56:13Z,89.6986,0.944027,0.941142,-0.002885,below_midpoint_feather
2026-07-17T12:56:50Z,89.7215,0.938507,0.941497,0.002990,below_midpoint_feather
2026-07-17T12:57:34Z,89.8009,0.935543,0.937939,0.002396,below_midpoint_feather
2026-07-17T12:57:47Z,89.8741,0.935363,0.934948,-0.000416,below_midpoint_feather
2026-07-17T12:58:10Z,89.8741,0.933773,0.935510,0.001736,below_midpoint_feather
2026-07-17T12:58:58Z,90.0557,0.924115,0.923135,-0.000980,in_band
2026-07-17T12:59:10Z,90.0710,0.918086,0.917106,-0.000980,in_band
2026-07-17T12:59:59Z,90.1610,0.893708,0.892738,-0.000970,in_band
2026-07-17T13:00:00Z,90.1930,0.893215,0.892246,-0.000970,in_band
2026-07-17T13:00:59Z,90.3548,0.864548,0.863601,-0.000946,in_band
2026-07-17T13:01:00Z,90.3441,0.864069,0.863123,-0.000946,in_band
2026-07-17T13:01:59Z,90.4738,0.836256,0.835338,-0.000918,in_band
2026-07-17T13:02:00Z,90.4784,0.835792,0.834874,-0.000918,in_band
2026-07-17T13:02:59Z,90.5745,0.808860,0.807970,-0.000889,in_band
2026-07-17T13:03:00Z,90.5287,0.808411,0.807522,-0.000889,in_band
2026-07-17T13:03:59Z,90.5592,0.782349,0.781488,-0.000861,in_band
2026-07-17T13:04:00Z,90.5547,0.781915,0.781055,-0.000860,in_band
2026-07-17T13:04:59Z,90.5638,0.756703,0.755871,-0.000833,in_band
2026-07-17T13:05:00Z,90.5684,0.756283,0.755451,-0.000832,in_band
2026-07-17T13:05:59Z,90.4768,0.731897,0.731091,-0.000805,in_band
2026-07-17T13:06:00Z,90.4402,0.731490,0.730685,-0.000805,in_band
2026-07-17T13:06:59Z,90.3685,0.707903,0.707124,-0.000779,in_band
2026-07-17T13:07:00Z,90.3548,0.707509,0.706731,-0.000779,in_band
2026-07-17T13:07:59Z,90.2312,0.684695,0.683941,-0.000753,in_band
2026-07-17T13:08:00Z,90.2358,0.684315,0.683562,-0.000753,in_band
2026-07-17T13:08:59Z,89.9931,0.662248,0.662261,0.000013,below_midpoint_feather
2026-07-17T13:09:00Z,90.0328,0.661880,0.661887,0.000007,in_band
2026-07-17T13:09:36Z,89.8512,0.661218,0.663935,0.002717,below_midpoint_feather
2026-07-17T13:10:30Z,89.7734,0.668490,0.668243,-0.000247,below_midpoint_feather
2026-07-17T13:10:47Z,89.6681,0.671329,0.676750,0.005422,below_midpoint_feather
2026-07-17T13:11:42Z,89.6025,0.686248,0.684647,-0.001601,below_midpoint_feather
2026-07-17T13:11:55Z,89.5247,0.688510,0.694743,0.006233,below_midpoint_feather
2026-07-17T13:12:43Z,89.4377,0.702994,0.709910,0.006916,below_midpoint_feather
2026-07-17T13:12:46Z,89.4972,0.703859,0.701085,-0.002775,below_midpoint_feather
2026-07-17T13:13:52Z,89.4560,0.716071,0.712385,-0.003686,below_midpoint_feather
2026-07-17T13:13:56Z,89.3889,0.716435,0.723782,0.007347,below_midpoint_feather
2026-07-17T13:14:30Z,89.4606,0.718942,0.715338,-0.003605,below_midpoint_feather
2026-07-17T13:14:50Z,89.3980,0.718757,0.727513,0.008756,below_midpoint_feather
2026-07-17T13:15:33Z,89.3736,0.729934,0.736237,0.006303,below_midpoint_feather
2026-07-17T13:15:42Z,89.4438,0.730894,0.725406,-0.005488,below_midpoint_feather
2026-07-17T13:16:26Z,89.3935,0.733003,0.738677,0.005674,below_midpoint_feather
2026-07-17T13:16:48Z,89.4530,0.735513,0.731423,-0.004090,below_midpoint_feather
2026-07-17T13:17:00Z,89.3935,0.733661,0.742547,0.008886,below_midpoint_feather
2026-07-17T13:17:06Z,89.4606,0.735319,0.732280,-0.003039,below_midpoint_feather
2026-07-17T13:18:11Z,89.5766,0.727428,0.723256,-0.004172,below_midpoint_feather
2026-07-17T13:18:20Z,89.5628,0.721970,0.725781,0.003810,below_midpoint_feather
2026-07-17T13:19:11Z,89.7261,0.714329,0.713201,-0.001128,below_midpoint_feather
2026-07-17T13:19:14Z,89.6818,0.714131,0.717111,0.002980,below_midpoint_feather
2026-07-17T13:20:22Z,89.7597,0.711449,0.714140,0.002691,below_midpoint_feather
2026-07-17T13:20:43Z,89.8177,0.712430,0.711331,-0.001099,below_midpoint_feather
2026-07-17T13:21:11Z,89.8421,0.711345,0.710884,-0.000461,below_midpoint_feather
2026-07-17T13:21:24Z,89.7948,0.711090,0.713612,0.002522,below_midpoint_feather
2026-07-17T13:22:18Z,89.7490,0.712138,0.717529,0.005391,below_midpoint_feather
2026-07-17T13:22:30Z,89.8268,0.713464,0.713014,-0.000449,below_midpoint_feather
2026-07-17T13:23:04Z,89.7276,0.715924,0.719801,0.003877,below_midpoint_feather
2026-07-17T13:23:50Z,89.7551,0.720754,0.718593,-0.002162,below_midpoint_feather
2026-07-17T13:24:12Z,89.7276,0.717584,0.721079,0.003495,below_midpoint_feather
2026-07-17T13:24:30Z,89.7673,0.720623,0.718608,-0.002014,below_midpoint_feather
2026-07-17T13:25:08Z,89.6803,0.721341,0.726290,0.004949,below_midpoint_feather
2026-07-17T13:25:26Z,89.7353,0.725742,0.722156,-0.003586,below_midpoint_feather
2026-07-17T13:26:06Z,89.6040,0.729700,0.735553,0.005853,below_midpoint_feather
2026-07-17T13:26:48Z,89.6483,0.734386,0.732232,-0.002154,below_midpoint_feather
2026-07-17T13:27:31Z,89.5033,0.744848,0.751504,0.006657,below_midpoint_feather
2026-07-17T13:27:46Z,89.5338,0.750515,0.748084,-0.002430,below_midpoint_feather
2026-07-17T13:28:34Z,89.4743,0.754084,0.759475,0.005391,below_midpoint_feather
2026-07-17T13:28:50Z,89.5811,0.751036,0.746270,-0.004766,below_midpoint_feather
2026-07-17T13:29:30Z,89.5521,0.748482,0.752686,0.004204,below_midpoint_feather
2026-07-17T13:29:32Z,89.6086,0.748621,0.746086,-0.002536,below_midpoint_feather
2026-07-17T13:30:07Z,89.6071,0.750989,0.748611,-0.002378,below_midpoint_feather
2026-07-17T13:30:20Z,89.5857,0.747792,0.751906,0.004114,below_midpoint_feather
2026-07-17T13:31:29Z,89.7078,0.747305,0.743568,-0.003736,below_midpoint_feather
2026-07-17T13:31:38Z,89.6666,0.744353,0.747678,0.003326,below_midpoint_feather
2026-07-17T13:32:29Z,89.7536,0.743893,0.742652,-0.001241,below_midpoint_feather
2026-07-17T13:32:48Z,89.7047,0.743285,0.747070,0.003785,below_midpoint_feather
2026-07-17T13:33:34Z,89.7032,0.744687,0.748566,0.003879,below_midpoint_feather
2026-07-17T13:33:58Z,89.7307,0.747843,0.746991,-0.000852,below_midpoint_feather
2026-07-17T13:34:49Z,89.6025,0.755150,0.760559,0.005409,below_midpoint_feather
2026-07-17T13:34:56Z,89.6315,0.758086,0.757621,-0.000465,below_midpoint_feather
2026-07-17T13:35:14Z,89.6635,0.758189,0.755029,-0.003160,below_midpoint_feather
2026-07-17T13:35:27Z,89.5705,0.759323,0.765650,0.006326,below_midpoint_feather
2026-07-17T13:36:07Z,89.6574,0.754788,0.757737,0.002949,below_midpoint_feather
2026-07-17T13:36:44Z,89.7871,0.751371,0.748924,-0.002447,below_midpoint_feather
2026-07-17T13:37:00Z,89.7581,0.748118,0.751337,0.003219,below_midpoint_feather
2026-07-17T13:37:41Z,89.8909,0.746496,0.745826,-0.000670,below_midpoint_feather
2026-07-17T13:38:18Z,89.8268,0.746631,0.749091,0.002461,below_midpoint_feather
2026-07-17T13:38:33Z,89.9001,0.746854,0.746466,-0.000388,below_midpoint_feather
2026-07-17T13:39:10Z,89.9245,0.744675,0.746264,0.001589,below_midpoint_feather
2026-07-17T13:39:35Z,90.0252,0.744636,0.743975,-0.000661,in_band
2026-07-17T13:40:00Z,90.0389,0.735291,0.735461,0.000170,in_band
2026-07-17T13:40:58Z,90.1381,0.712117,0.712277,0.000161,in_band
2026-07-17T13:41:00Z,90.1335,0.711329,0.711489,0.000160,in_band
2026-07-17T13:41:59Z,90.1579,0.688443,0.688597,0.000154,in_band
2026-07-17T13:42:00Z,90.1671,0.688062,0.688215,0.000154,in_band
2026-07-17T13:42:58Z,90.1289,0.666264,0.666412,0.000148,in_band
2026-07-17T13:43:00Z,90.1534,0.665524,0.665672,0.000148,in_band
2026-07-17T13:43:59Z,90.1930,0.644071,0.644214,0.000143,in_band
2026-07-17T13:44:00Z,90.1625,0.643713,0.643856,0.000143,in_band
2026-07-17T13:44:58Z,90.1427,0.623305,0.623443,0.000138,in_band
2026-07-17T13:45:00Z,90.1381,0.622612,0.622750,0.000138,in_band
2026-07-17T13:45:59Z,90.1579,0.602536,0.602670,0.000134,in_band
2026-07-17T13:46:00Z,90.1534,0.602202,0.602335,0.000134,in_band
2026-07-17T13:46:58Z,90.1625,0.583107,0.583236,0.000129,in_band
2026-07-17T13:47:00Z,90.1671,0.582459,0.582589,0.000129,in_band
2026-07-17T13:47:59Z,90.1076,0.563677,0.563802,0.000125,in_band
2026-07-17T13:48:53Z,90.0099,0.547018,0.547140,0.000121,in_band
2026-07-17T13:48:55Z,89.9977,0.546411,0.547140,0.000730,below_midpoint_feather
2026-07-17T13:49:00Z,90.0191,0.544895,0.545622,0.000727,in_band
2026-07-17T13:49:38Z,89.9840,0.535598,0.538133,0.002535,below_midpoint_feather
2026-07-17T13:50:04Z,89.9794,0.530281,0.533988,0.003707,below_midpoint_feather
2026-07-17T13:50:58Z,89.9565,0.530681,0.532424,0.001743,below_midpoint_feather
2026-07-17T13:51:09Z,89.9107,0.530684,0.533292,0.002608,below_midpoint_feather
2026-07-17T13:51:12Z,89.9779,0.530838,0.532229,0.001392,below_midpoint_feather
2026-07-17T13:52:08Z,89.9916,0.530530,0.532206,0.001676,below_midpoint_feather
2026-07-17T13:52:50Z,89.9275,0.530588,0.532968,0.002380,below_midpoint_feather
2026-07-17T13:53:47Z,89.8283,0.532621,0.536472,0.003851,below_midpoint_feather
2026-07-17T13:53:54Z,89.8772,0.533996,0.534443,0.000447,below_midpoint_feather
2026-07-17T13:54:44Z,89.8085,0.533994,0.537727,0.003733,below_midpoint_feather
2026-07-17T13:54:50Z,89.8741,0.534881,0.534799,-0.000082,below_midpoint_feather
2026-07-17T13:55:06Z,89.8085,0.534468,0.537857,0.003390,below_midpoint_feather
2026-07-17T13:55:58Z,89.8360,0.535975,0.536844,0.000869,below_midpoint_feather
2026-07-17T13:56:52Z,89.7856,0.539592,0.540066,0.000474,below_midpoint_feather
2026-07-17T13:56:58Z,89.7261,0.538760,0.544269,0.005508,below_midpoint_feather
2026-07-17T13:57:42Z,89.7368,0.544278,0.544094,-0.000184,below_midpoint_feather
2026-07-17T13:57:45Z,89.6849,0.544330,0.548415,0.004085,below_midpoint_feather
2026-07-17T13:58:46Z,89.5659,0.561563,0.562673,0.001110,below_midpoint_feather
2026-07-17T13:58:51Z,89.5262,0.561361,0.567984,0.006624,below_midpoint_feather
2026-07-17T13:59:54Z,89.4514,0.584231,0.582298,-0.001933,below_midpoint_feather
2026-07-17T13:59:57Z,89.3706,0.586712,0.596063,0.009352,below_midpoint_feather
2026-07-17T14:00:17Z,89.3202,0.597890,0.607060,0.009170,below_midpoint_feather
2026-07-17T14:00:44Z,89.3523,0.607702,0.603720,-0.003982,below_midpoint_feather
2026-07-17T14:01:24Z,89.3477,0.616671,0.609407,-0.007264,below_midpoint_feather
2026-07-17T14:01:30Z,89.2683,0.613252,0.625816,0.012563,below_midpoint_feather
2026-07-17T14:02:00Z,89.2927,0.613040,0.624997,0.011957,below_midpoint_feather
2026-07-17T14:02:48Z,89.3889,0.618816,0.613912,-0.004904,below_midpoint_feather
2026-07-17T14:03:22Z,89.3294,0.620597,0.629582,0.008985,below_midpoint_feather
2026-07-17T14:03:53Z,89.4255,0.619207,0.616790,-0.002417,below_midpoint_feather
2026-07-17T14:04:14Z,89.4331,0.612968,0.618279,0.005311,below_midpoint_feather
2026-07-17T14:04:49Z,89.5399,0.612103,0.606838,-0.005265,below_midpoint_feather
2026-07-17T14:05:00Z,89.5171,0.606920,0.611108,0.004188,below_midpoint_feather
2026-07-17T14:05:35Z,89.6818,0.598546,0.595717,-0.002829,below_midpoint_feather
2026-07-17T14:06:05Z,89.8009,0.589015,0.589213,0.000198,below_midpoint_feather
2026-07-17T14:06:30Z,89.8695,0.584621,0.587338,0.002717,below_midpoint_feather
2026-07-17T14:07:00Z,89.9916,0.584022,0.585352,0.001329,below_midpoint_feather
2026-07-17T14:07:59Z,90.0710,0.568421,0.569044,0.000624,in_band
2026-07-17T14:08:00Z,90.0618,0.568116,0.568738,0.000623,in_band
2026-07-17T14:08:59Z,90.2541,0.550191,0.550769,0.000578,in_band
2026-07-17T14:09:00Z,90.2800,0.549889,0.550467,0.000577,in_band
2026-07-17T14:09:59Z,90.5226,0.532304,0.532853,0.000549,in_band
2026-07-17T14:10:00Z,90.4921,0.532010,0.532559,0.000549,in_band
2026-07-17T14:10:59Z,90.7073,0.514909,0.515437,0.000528,in_band
2026-07-17T14:11:00Z,90.6935,0.514623,0.515151,0.000528,in_band
2026-07-17T14:11:59Z,90.7210,0.498049,0.498558,0.000509,in_band
2026-07-17T14:12:00Z,90.7057,0.497772,0.498281,0.000509,in_band
2026-07-17T14:12:59Z,90.7210,0.481728,0.482221,0.000492,in_band
2026-07-17T14:13:00Z,90.7530,0.481461,0.481953,0.000492,in_band
2026-07-17T14:13:59Z,90.7286,0.465938,0.466414,0.000476,in_band
2026-07-17T14:14:00Z,90.7286,0.465680,0.466155,0.000476,in_band
2026-07-17T14:14:59Z,90.7698,0.450664,0.451124,0.000460,in_band
2026-07-17T14:15:00Z,90.7424,0.450414,0.450874,0.000460,in_band
2026-07-17T14:15:59Z,90.7881,0.435890,0.436335,0.000445,in_band
2026-07-17T14:16:00Z,90.7485,0.435648,0.436093,0.000445,in_band
2026-07-17T14:16:59Z,90.7805,0.421600,0.422030,0.000430,in_band
2026-07-17T14:17:00Z,90.7744,0.421366,0.421796,0.000430,in_band
2026-07-17T14:17:59Z,90.8400,0.407778,0.408195,0.000416,in_band
2026-07-17T14:18:00Z,90.8293,0.407552,0.407968,0.000416,in_band
2026-07-17T14:18:59Z,90.8400,0.394410,0.394812,0.000403,in_band
2026-07-17T14:19:00Z,90.8522,0.394191,0.394593,0.000402,in_band
2026-07-17T14:19:59Z,90.8949,0.381479,0.381869,0.000389,in_band
2026-07-17T14:20:00Z,90.8751,0.381268,0.381657,0.000389,in_band
2026-07-17T14:20:59Z,90.9071,0.368973,0.369350,0.000377,in_band
2026-07-17T14:21:00Z,90.9209,0.368768,0.369145,0.000376,in_band
2026-07-17T14:21:59Z,90.9911,0.356877,0.357241,0.000364,in_band
2026-07-17T14:22:00Z,91.0048,0.356679,0.357043,0.000364,in_band
2026-07-17T14:22:59Z,91.0643,0.345177,0.345529,0.000352,in_band
2026-07-17T14:23:00Z,91.0994,0.344985,0.345337,0.000352,in_band
2026-07-17T14:23:59Z,91.0903,0.333861,0.334202,0.000341,in_band
2026-07-17T14:24:00Z,91.0948,0.333675,0.334016,0.000341,in_band
2026-07-17T14:24:59Z,91.1315,0.322915,0.323245,0.000330,in_band
2026-07-17T14:25:00Z,91.1833,0.322736,0.323066,0.000329,in_band
2026-07-17T14:25:59Z,91.1467,0.312329,0.312648,0.000319,in_band
2026-07-17T14:26:00Z,91.1543,0.312156,0.312474,0.000319,in_band
2026-07-17T14:26:59Z,91.1742,0.302090,0.302398,0.000308,in_band
2026-07-17T14:27:00Z,91.1788,0.301922,0.302230,0.000308,in_band
2026-07-17T14:27:59Z,91.2413,0.292186,0.292484,0.000298,in_band
2026-07-17T14:28:00Z,91.2154,0.292024,0.292322,0.000298,in_band
2026-07-17T14:28:59Z,91.2062,0.282607,0.282895,0.000289,in_band
2026-07-17T14:29:00Z,91.1925,0.282450,0.282738,0.000288,in_band
2026-07-17T14:29:59Z,91.2474,0.273342,0.273621,0.000279,in_band
2026-07-17T14:30:00Z,91.2428,0.273190,0.273469,0.000279,in_band
2026-07-17T14:30:59Z,91.2795,0.264381,0.264651,0.000270,in_band
2026-07-17T14:31:00Z,91.2734,0.264234,0.264504,0.000270,in_band
2026-07-17T14:31:59Z,91.3024,0.255713,0.255974,0.000261,in_band
2026-07-17T14:32:00Z,91.2871,0.255571,0.255832,0.000261,in_band
2026-07-17T14:32:59Z,91.2459,0.247330,0.247583,0.000253,in_band
2026-07-17T14:33:00Z,91.2016,0.247193,0.247445,0.000252,in_band
2026-07-17T14:33:59Z,91.1955,0.239222,0.239466,0.000244,in_band
2026-07-17T14:34:00Z,91.1833,0.239089,0.239333,0.000244,in_band
2026-07-17T14:34:59Z,91.1055,0.231379,0.231615,0.000236,in_band
2026-07-17T14:35:00Z,91.0964,0.231250,0.231487,0.000236,in_band
2026-07-17T14:35:59Z,91.0307,0.223794,0.224022,0.000228,in_band
2026-07-17T14:36:00Z,91.0460,0.223669,0.223898,0.000228,in_band
2026-07-17T14:36:59Z,90.9773,0.216457,0.216678,0.000221,in_band
2026-07-17T14:37:00Z,90.9499,0.216336,0.216557,0.000221,in_band
2026-07-17T14:37:59Z,90.9087,0.209360,0.209574,0.000214,in_band
2026-07-17T14:38:00Z,90.8721,0.209244,0.209458,0.000214,in_band
2026-07-17T14:38:59Z,90.8431,0.202497,0.202703,0.000207,in_band
2026-07-17T14:39:00Z,90.8614,0.202384,0.202591,0.000207,in_band
2026-07-17T14:39:59Z,90.7759,0.195858,0.196058,0.000200,in_band
2026-07-17T14:40:00Z,90.7744,0.195749,0.195949,0.000200,in_band
2026-07-17T14:40:59Z,90.7256,0.189437,0.189631,0.000193,in_band
2026-07-17T14:41:00Z,90.7347,0.189332,0.189525,0.000193,in_band
2026-07-17T14:41:59Z,90.6889,0.183227,0.183414,0.000187,in_band
2026-07-17T14:42:00Z,90.6432,0.183125,0.183312,0.000187,in_band
2026-07-17T14:42:59Z,90.5791,0.177220,0.177401,0.000181,in_band
2026-07-17T14:43:00Z,90.6294,0.177121,0.177302,0.000181,in_band
2026-07-17T14:43:59Z,90.5379,0.171410,0.171585,0.000175,in_band
2026-07-17T14:44:00Z,90.5653,0.171315,0.171489,0.000175,in_band
2026-07-17T14:44:59Z,90.5135,0.165790,0.165960,0.000169,in_band
2026-07-17T14:45:00Z,90.5043,0.165698,0.165867,0.000169,in_band
2026-07-17T14:45:59Z,90.4768,0.160355,0.160519,0.000164,in_band
2026-07-17T14:46:00Z,90.4326,0.160266,0.160430,0.000164,in_band
2026-07-17T14:46:59Z,90.4143,0.155098,0.155256,0.000158,in_band
2026-07-17T14:47:00Z,90.4143,0.155012,0.155170,0.000158,in_band
2026-07-17T14:47:58Z,90.4082,0.150097,0.150250,0.000153,in_band
2026-07-17T14:48:00Z,90.4082,0.149930,0.150083,0.000153,in_band
2026-07-17T14:48:59Z,90.3273,0.145095,0.145243,0.000148,in_band
2026-07-17T14:49:00Z,90.3670,0.145015,0.145163,0.000148,in_band
2026-07-17T14:49:59Z,90.2312,0.140338,0.140482,0.000143,in_band
2026-07-17T14:50:01Z,90.2525,0.140183,0.140326,0.000143,in_band
2026-07-17T14:50:59Z,90.1839,0.135738,0.135876,0.000139,in_band
2026-07-17T14:51:00Z,90.2022,0.135662,0.135801,0.000138,in_band
2026-07-17T14:51:59Z,90.1076,0.131288,0.131422,0.000134,in_band
2026-07-17T14:52:00Z,90.0832,0.131215,0.131349,0.000134,in_band
2026-07-17T14:52:59Z,90.0069,0.126983,0.127113,0.000130,in_band
2026-07-17T14:53:01Z,90.0023,0.126842,0.126972,0.000130,in_band
2026-07-17T14:53:49Z,89.8634,0.128212,0.129492,0.001280,below_midpoint_feather
2026-07-17T14:54:30Z,89.8466,0.131369,0.130275,-0.001094,below_midpoint_feather
2026-07-17T14:54:53Z,89.7719,0.132139,0.134459,0.002320,below_midpoint_feather
2026-07-17T14:55:33Z,89.7261,0.135314,0.138098,0.002785,below_midpoint_feather
2026-07-17T14:55:54Z,89.7505,0.137566,0.136567,-0.000999,below_midpoint_feather
2026-07-17T14:56:33Z,89.6483,0.141347,0.146006,0.004659,below_midpoint_feather
2026-07-17T14:56:40Z,89.6910,0.143846,0.142144,-0.001702,below_midpoint_feather
2026-07-17T14:57:02Z,89.6681,0.146148,0.144779,-0.001370,below_midpoint_feather
2026-07-17T14:57:45Z,89.5811,0.151845,0.155458,0.003613,below_midpoint_feather
2026-07-17T14:58:04Z,89.5949,0.157404,0.154604,-0.002801,below_midpoint_feather
2026-07-17T14:58:47Z,89.4530,0.169493,0.175987,0.006495,below_midpoint_feather
2026-07-17T14:59:17Z,89.4057,0.179548,0.185675,0.006128,below_midpoint_feather
2026-07-17T14:59:34Z,89.4530,0.181819,0.179326,-0.002493,below_midpoint_feather
2026-07-17T15:00:13Z,89.3874,0.187953,0.193606,0.005652,below_midpoint_feather
2026-07-17T15:00:46Z,89.4148,0.195360,0.192260,-0.003100,below_midpoint_feather
2026-07-17T15:01:26Z,89.3568,0.198928,0.206793,0.007866,below_midpoint_feather
2026-07-17T15:01:58Z,89.4057,0.207939,0.201889,-0.006050,below_midpoint_feather
2026-07-17T15:02:34Z,89.3751,0.213391,0.211565,-0.001826,below_midpoint_feather
2026-07-17T15:02:56Z,89.3141,0.216997,0.225734,0.008737,below_midpoint_feather
2026-07-17T15:03:08Z,89.3706,0.220799,0.216729,-0.004070,below_midpoint_feather
2026-07-17T15:03:50Z,89.3065,0.228150,0.234450,0.006300,below_midpoint_feather
2026-07-17T15:04:52Z,89.2958,0.251017,0.245833,-0.005184,below_midpoint_feather
2026-07-17T15:04:58Z,89.2241,0.251974,0.261891,0.009917,below_midpoint_feather
2026-07-17T15:05:22Z,89.3019,0.254010,0.249531,-0.004479,below_midpoint_feather
2026-07-17T15:05:38Z,89.2042,0.260843,0.272971,0.012128,below_midpoint_feather
2026-07-17T15:06:00Z,89.2546,0.274638,0.265762,-0.008876,below_midpoint_feather
2026-07-17T15:06:47Z,89.1493,0.290420,0.298521,0.008101,below_midpoint_feather
2026-07-17T15:07:14Z,89.1783,0.300597,0.297166,-0.003431,below_midpoint_feather
2026-07-17T15:07:43Z,89.0593,0.321236,0.333343,0.012107,below_midpoint_feather
2026-07-17T15:08:11Z,89.0120,0.342726,0.353005,0.010279,below_midpoint_feather
2026-07-17T15:08:22Z,89.0349,0.354354,0.349466,-0.004888,below_midpoint_feather
2026-07-17T15:09:00Z,89.0211,0.372238,0.363896,-0.008342,below_midpoint_feather
2026-07-17T15:09:59Z,88.8487,0.422112,0.435207,0.013095,below_midpoint_feather
2026-07-17T15:10:30Z,88.7877,0.449361,0.467258,0.017897,below_midpoint_feather
2026-07-17T15:10:36Z,88.8487,0.456795,0.449105,-0.007690,below_midpoint_feather
2026-07-17T15:11:07Z,88.7465,0.481984,0.496870,0.014886,below_midpoint_feather
2026-07-17T15:11:42Z,88.7922,0.503851,0.496451,-0.007400,below_midpoint_feather
2026-07-17T15:12:24Z,88.6778,0.539619,0.557675,0.018055,below_midpoint_feather
2026-07-17T15:12:34Z,88.7373,0.549614,0.540803,-0.008811,below_midpoint_feather
2026-07-17T15:13:16Z,88.7068,0.579848,0.573751,-0.006098,below_midpoint_feather
2026-07-17T15:13:51Z,88.6427,0.601184,0.617061,0.015877,below_midpoint_feather
2026-07-17T15:14:38Z,88.6641,0.645405,0.635718,-0.009687,below_midpoint_feather
2026-07-17T15:14:46Z,88.6061,0.649519,0.662949,0.013430,below_midpoint_feather
2026-07-17T15:15:42Z,88.6000,0.707127,0.699463,-0.007665,below_midpoint_feather
2026-07-17T15:15:50Z,88.5695,0.701706,0.716763,0.015058,below_midpoint_feather
2026-07-17T15:16:32Z,88.5725,0.726528,0.742234,0.015706,below_midpoint_feather
2026-07-17T15:16:56Z,88.6275,0.744990,0.735827,-0.009163,below_midpoint_feather
2026-07-17T15:17:34Z,88.5725,0.756965,0.782337,0.025372,below_midpoint_feather
2026-07-17T15:17:56Z,88.6732,0.771130,0.757071,-0.014059,below_midpoint_feather
2026-07-17T15:18:10Z,88.5954,0.778910,0.796256,0.017346,below_midpoint_feather
2026-07-17T15:18:50Z,88.7098,0.794822,0.777714,-0.017108,below_midpoint_feather
2026-07-17T15:19:04Z,88.7053,0.805344,0.788131,-0.017213,below_midpoint_feather
2026-07-17T15:19:32Z,88.6839,0.802585,0.813285,0.010700,below_midpoint_feather
2026-07-17T15:20:36Z,88.7205,0.822052,0.837200,0.015148,below_midpoint_feather
2026-07-17T15:20:51Z,88.8029,0.826722,0.816564,-0.010158,below_midpoint_feather
2026-07-17T15:21:04Z,88.7480,0.825936,0.842814,0.016878,below_midpoint_feather
2026-07-17T15:21:48Z,88.8930,0.830563,0.817173,-0.013390,below_midpoint_feather
2026-07-17T15:22:45Z,88.9250,0.841591,0.834269,-0.007322,below_midpoint_feather
2026-07-17T15:22:46Z,88.8472,0.842043,0.859371,0.017328,below_midpoint_feather
2026-07-17T15:23:06Z,88.9433,0.849984,0.838028,-0.011957,below_midpoint_feather
2026-07-17T15:23:28Z,88.9250,0.846375,0.853051,0.006677,below_midpoint_feather
2026-07-17T15:24:46Z,88.9845,0.855087,0.866062,0.010975,below_midpoint_feather
2026-07-17T15:24:54Z,89.0623,0.861456,0.847362,-0.014094,below_midpoint_feather
2026-07-17T15:25:10Z,88.9937,0.857449,0.872056,0.014607,below_midpoint_feather
2026-07-17T15:25:53Z,89.0944,0.866804,0.859314,-0.007490,below_midpoint_feather
2026-07-17T15:26:08Z,89.0669,0.861294,0.871342,0.010048,below_midpoint_feather
2026-07-17T15:26:27Z,89.1279,0.868454,0.861610,-0.006844,below_midpoint_feather
2026-07-17T15:27:35Z,89.2103,0.868907,0.861573,-0.007334,below_midpoint_feather
2026-07-17T15:27:52Z,89.1875,0.865901,0.871119,0.005218,below_midpoint_feather
2026-07-17T15:28:48Z,89.2012,0.872041,0.881055,0.009014,below_midpoint_feather
2026-07-17T15:28:56Z,89.3065,0.872484,0.860458,-0.012027,below_midpoint_feather
2026-07-17T15:29:27Z,89.3294,0.870441,0.862523,-0.007918,below_midpoint_feather
2026-07-17T15:29:56Z,89.2729,0.874357,0.879422,0.005065,below_midpoint_feather
2026-07-17T15:30:44Z,89.3187,0.875446,0.878972,0.003527,below_midpoint_feather
2026-07-17T15:30:51Z,89.3614,0.879002,0.872152,-0.006850,below_midpoint_feather
2026-07-17T15:31:08Z,89.3019,0.877542,0.886306,0.008764,below_midpoint_feather
2026-07-17T15:31:17Z,89.3736,0.880169,0.874257,-0.005913,below_midpoint_feather
2026-07-17T15:32:22Z,89.3782,0.877747,0.883150,0.005403,below_midpoint_feather
2026-07-17T15:32:37Z,89.4606,0.879542,0.871578,-0.007964,below_midpoint_feather
2026-07-17T15:33:37Z,89.5354,0.872758,0.868235,-0.004522,below_midpoint_feather
2026-07-17T15:33:44Z,89.5033,0.869935,0.873376,0.003441,below_midpoint_feather
2026-07-17T15:34:15Z,89.5903,0.868921,0.865265,-0.003656,below_midpoint_feather
2026-07-17T15:34:30Z,89.5705,0.865347,0.868976,0.003629,below_midpoint_feather
2026-07-17T15:35:25Z,89.7536,0.860666,0.855460,-0.005206,below_midpoint_feather
2026-07-17T15:35:32Z,89.6895,0.857299,0.860957,0.003657,below_midpoint_feather
2026-07-17T15:36:00Z,89.7414,0.856080,0.858200,0.002120,below_midpoint_feather
2026-07-17T15:36:25Z,89.8283,0.855502,0.853871,-0.001631,below_midpoint_feather
2026-07-17T15:37:20Z,89.9184,0.851543,0.852019,0.000476,below_midpoint_feather
2026-07-17T15:37:49Z,90.0191,0.851434,0.848628,-0.002806,in_band
2026-07-17T15:38:00Z,90.0328,0.846313,0.843561,-0.002751,in_band
2026-07-17T15:38:59Z,90.1213,0.819360,0.816677,-0.002683,in_band
2026-07-17T15:39:00Z,90.1305,0.818908,0.816227,-0.002681,in_band
2026-07-17T15:39:59Z,90.2037,0.792627,0.790024,-0.002602,in_band
2026-07-17T15:40:00Z,90.1808,0.792188,0.789587,-0.002601,in_band
2026-07-17T15:40:59Z,90.1854,0.766689,0.764169,-0.002520,in_band
2026-07-17T15:41:00Z,90.1976,0.766264,0.763745,-0.002518,in_band
2026-07-17T15:41:59Z,90.2312,0.741572,0.739133,-0.002438,in_band
2026-07-17T15:42:00Z,90.2205,0.741160,0.738723,-0.002437,in_band
2026-07-17T15:42:59Z,90.1717,0.717267,0.714908,-0.002359,in_band
2026-07-17T15:43:00Z,90.1900,0.716868,0.714511,-0.002357,in_band
2026-07-17T15:43:59Z,90.1900,0.693754,0.691473,-0.002281,in_band
2026-07-17T15:44:00Z,90.2251,0.693369,0.691089,-0.002280,in_band
2026-07-17T15:44:59Z,90.2220,0.671011,0.668804,-0.002207,in_band
2026-07-17T15:45:00Z,90.2358,0.670639,0.668433,-0.002206,in_band
2026-07-17T15:45:59Z,90.1946,0.649013,0.646879,-0.002134,in_band
2026-07-17T15:46:00Z,90.2113,0.648653,0.646519,-0.002133,in_band
2026-07-17T15:46:59Z,90.1884,0.627736,0.625672,-0.002064,in_band
2026-07-17T15:47:00Z,90.1991,0.627387,0.625324,-0.002063,in_band
2026-07-17T15:47:59Z,90.1900,0.607157,0.605160,-0.001997,in_band
2026-07-17T15:48:00Z,90.1930,0.606819,0.604824,-0.001996,in_band
2026-07-17T15:48:59Z,90.2586,0.587251,0.585320,-0.001931,in_band
2026-07-17T15:49:00Z,90.2708,0.586925,0.584995,-0.001930,in_band
2026-07-17T15:49:59Z,90.2495,0.567999,0.566131,-0.001868,in_band
2026-07-17T15:50:00Z,90.2449,0.567683,0.565817,-0.001866,in_band
2026-07-17T15:50:59Z,90.1808,0.549378,0.547571,-0.001807,in_band
2026-07-17T15:51:00Z,90.2266,0.549073,0.547267,-0.001806,in_band
2026-07-17T15:51:59Z,90.1335,0.531367,0.529620,-0.001748,in_band
2026-07-17T15:52:00Z,90.1122,0.531072,0.529326,-0.001747,in_band
2026-07-17T15:52:51Z,89.9962,0.516236,0.515685,-0.000551,below_midpoint_feather
2026-07-17T15:53:00Z,90.0206,0.514233,0.513682,-0.000551,in_band
2026-07-17T15:53:52Z,89.8558,0.514318,0.515789,0.001471,below_midpoint_feather
2026-07-17T15:54:02Z,89.9016,0.515124,0.514218,-0.000906,below_midpoint_feather
2026-07-17T15:54:22Z,89.8100,0.515995,0.518010,0.002016,below_midpoint_feather
2026-07-17T15:55:22Z,89.7948,0.521814,0.519234,-0.002580,below_midpoint_feather
2026-07-17T15:55:48Z,89.7261,0.521385,0.524231,0.002847,below_midpoint_feather
2026-07-17T15:56:03Z,89.7078,0.523201,0.525921,0.002720,below_midpoint_feather
2026-07-17T15:56:40Z,89.7551,0.524264,0.522940,-0.001324,below_midpoint_feather
2026-07-17T15:57:14Z,89.7078,0.523475,0.527216,0.003742,below_midpoint_feather
2026-07-17T15:57:36Z,89.7963,0.523918,0.521425,-0.002493,below_midpoint_feather
2026-07-17T15:58:36Z,89.7948,0.525230,0.522717,-0.002514,below_midpoint_feather
2026-07-17T15:58:44Z,89.7459,0.522740,0.526061,0.003321,below_midpoint_feather
2026-07-17T15:59:26Z,89.8131,0.524527,0.522625,-0.001902,below_midpoint_feather
2026-07-17T15:59:46Z,89.7627,0.523858,0.526015,0.002157,below_midpoint_feather
2026-07-17T16:00:52Z,89.7734,0.523588,0.526379,0.002791,below_midpoint_feather
2026-07-17T16:00:58Z,89.8497,0.524494,0.522378,-0.002116,below_midpoint_feather
2026-07-17T16:01:24Z,89.8360,0.525393,0.523367,-0.002026,below_midpoint_feather
2026-07-17T16:01:32Z,89.7551,0.524733,0.528183,0.003451,below_midpoint_feather
2026-07-17T16:02:28Z,89.7871,0.524487,0.526871,0.002384,below_midpoint_feather
2026-07-17T16:02:50Z,89.8329,0.526043,0.524679,-0.001364,below_midpoint_feather
2026-07-17T16:03:02Z,89.8009,0.524916,0.526499,0.001583,below_midpoint_feather
2026-07-17T16:03:42Z,89.8955,0.524012,0.522868,-0.001144,below_midpoint_feather
2026-07-17T16:04:02Z,89.8726,0.523061,0.523813,0.000753,below_midpoint_feather
2026-07-17T16:04:47Z,90.0114,0.521681,0.520075,-0.001606,in_band
2026-07-17T16:05:00Z,90.0160,0.517983,0.516388,-0.001596,in_band
2026-07-17T16:05:59Z,90.1076,0.501425,0.499877,-0.001549,in_band
2026-07-17T16:06:00Z,90.1076,0.501148,0.499600,-0.001548,in_band
2026-07-17T16:06:59Z,90.1396,0.485042,0.483542,-0.001500,in_band
2026-07-17T16:07:00Z,90.1900,0.484773,0.483274,-0.001499,in_band
2026-07-17T16:07:59Z,90.2525,0.469161,0.467710,-0.001451,in_band
2026-07-17T16:08:00Z,90.2312,0.468901,0.467450,-0.001451,in_band
2026-07-17T16:08:59Z,90.2586,0.453788,0.452384,-0.001404,in_band
2026-07-17T16:09:00Z,90.2708,0.453536,0.452132,-0.001403,in_band
2026-07-17T16:09:59Z,90.3532,0.438914,0.437555,-0.001358,in_band
2026-07-17T16:10:00Z,90.3182,0.438670,0.437312,-0.001357,in_band
2026-07-17T16:10:59Z,90.4051,0.424525,0.423212,-0.001314,in_band
2026-07-17T16:11:00Z,90.3639,0.424290,0.422977,-0.001313,in_band
2026-07-17T16:11:59Z,90.4417,0.410608,0.409338,-0.001271,in_band
2026-07-17T16:12:00Z,90.4326,0.410380,0.409110,-0.001270,in_band
2026-07-17T16:12:59Z,90.5730,0.397147,0.395918,-0.001229,in_band
2026-07-17T16:13:00Z,90.5638,0.396926,0.395698,-0.001228,in_band
2026-07-17T16:13:59Z,90.5882,0.384127,0.382938,-0.001189,in_band
2026-07-17T16:14:00Z,90.5974,0.383914,0.382726,-0.001188,in_band
2026-07-17T16:14:59Z,90.6508,0.371534,0.370384,-0.001150,in_band
2026-07-17T16:15:00Z,90.6096,0.371327,0.370178,-0.001149,in_band
2026-07-17T16:15:59Z,90.6615,0.359353,0.358242,-0.001112,in_band
2026-07-17T16:16:00Z,90.6416,0.359154,0.358043,-0.001111,in_band
2026-07-17T16:16:59Z,90.7393,0.347572,0.346497,-0.001075,in_band
2026-07-17T16:17:00Z,90.7256,0.347379,0.346305,-0.001075,in_band
2026-07-17T16:17:59Z,90.7988,0.336178,0.335137,-0.001040,in_band
2026-07-17T16:18:00Z,90.7576,0.335991,0.334951,-0.001040,in_band
2026-07-17T16:18:59Z,90.8171,0.325156,0.324150,-0.001006,in_band
2026-07-17T16:19:00Z,90.8476,0.324976,0.323970,-0.001006,in_band
2026-07-17T16:19:59Z,90.9087,0.314497,0.313523,-0.000973,in_band
2026-07-17T16:20:00Z,90.9133,0.314322,0.313349,-0.000973,in_band
2026-07-17T16:20:59Z,90.9545,0.304186,0.303245,-0.000941,in_band
2026-07-17T16:21:00Z,90.9499,0.304017,0.303076,-0.000941,in_band
2026-07-17T16:21:59Z,91.0094,0.294214,0.293303,-0.000910,in_band
2026-07-17T16:22:00Z,91.0262,0.294050,0.293140,-0.000910,in_band
2026-07-17T16:22:59Z,91.1040,0.284568,0.283688,-0.000881,in_band
2026-07-17T16:23:00Z,91.0689,0.284410,0.283530,-0.000880,in_band
2026-07-17T16:23:59Z,91.1696,0.275239,0.274387,-0.000852,in_band
2026-07-17T16:24:00Z,91.1284,0.275086,0.274235,-0.000851,in_band
2026-07-17T16:24:59Z,91.2154,0.266216,0.265392,-0.000824,in_band
2026-07-17T16:25:00Z,91.1879,0.266068,0.265244,-0.000823,in_band
2026-07-17T16:25:59Z,91.2047,0.257488,0.256691,-0.000797,in_band
2026-07-17T16:26:00Z,91.2001,0.257345,0.256549,-0.000796,in_band
2026-07-17T16:26:59Z,91.2383,0.249047,0.248276,-0.000771,in_band
2026-07-17T16:27:00Z,91.2505,0.248908,0.248138,-0.000770,in_band
2026-07-17T16:27:59Z,91.2795,0.240882,0.240136,-0.000745,in_band
2026-07-17T16:28:00Z,91.2978,0.240748,0.240003,-0.000745,in_band
2026-07-17T16:28:59Z,91.3649,0.232985,0.232264,-0.000721,in_band
2026-07-17T16:29:00Z,91.3191,0.232855,0.232135,-0.000721,in_band
2026-07-17T16:29:59Z,91.3802,0.225347,0.224649,-0.000697,in_band
2026-07-17T16:30:00Z,91.4076,0.225222,0.224525,-0.000697,in_band
2026-07-17T16:30:59Z,91.4168,0.217959,0.217284,-0.000674,in_band
2026-07-17T16:31:00Z,91.4107,0.217838,0.217164,-0.000674,in_band
2026-07-17T16:31:59Z,91.4443,0.210813,0.210161,-0.000652,in_band
2026-07-17T16:32:50Z,91.5267,0.204924,0.193256,-0.011668,above_band_high
2026-07-17T16:32:52Z,91.4702,0.204697,0.204520,-0.000176,in_band
2026-07-17T16:33:18Z,91.5175,0.201761,0.194876,-0.006885,above_band_high
2026-07-17T16:33:32Z,91.4855,0.200198,0.201315,0.001117,in_band
2026-07-17T16:36:32Z,91.5343,0.191439,0.180356,-0.011083,above_band_high
2026-07-17T16:36:48Z,91.5251,0.179466,0.183770,0.004303,above_band_high
2026-07-17T16:37:34Z,91.5908,0.178423,0.154639,-0.023784,above_band_high
2026-07-17T16:37:42Z,91.5450,0.166474,0.173908,0.007435,above_band_high
2026-07-17T16:38:10Z,91.5267,0.171324,0.180636,0.009312,above_band_high
2026-07-17T16:38:16Z,91.5862,0.173030,0.154989,-0.018041,above_band_high
2026-07-17T16:39:44Z,91.5038,0.174743,0.185814,0.011072,above_band_high
2026-07-17T16:39:50Z,91.5663,0.174463,0.158843,-0.015620,above_band_high
2026-07-17T16:40:26Z,91.5679,0.171525,0.156514,-0.015011,above_band_high
2026-07-17T16:40:30Z,91.5023,0.169396,0.184323,0.014927,above_band_high
2026-07-17T16:41:00Z,91.5618,0.172010,0.157632,-0.014378,above_band_high
2026-07-17T16:41:02Z,91.4855,0.173233,0.183802,0.010569,in_band
2026-07-17T16:44:18Z,91.5389,0.171982,0.153519,-0.018463,above_band_high
2026-07-17T16:44:20Z,91.4931,0.171784,0.170000,-0.001785,in_band
2026-07-17T16:45:28Z,91.5129,0.166005,0.159212,-0.006792,above_band_high
2026-07-17T16:45:58Z,91.4717,0.163231,0.162551,-0.000680,in_band
2026-07-17T16:46:48Z,91.5129,0.158734,0.153254,-0.005480,above_band_high
2026-07-17T16:46:50Z,91.4717,0.158557,0.158680,0.000123,in_band
2026-07-17T16:47:04Z,91.4519,0.157499,0.157597,0.000098,in_band
2026-07-17T16:47:59Z,91.4763,0.152748,0.152788,0.000040,in_band
2026-07-17T16:48:22Z,91.5160,0.150806,0.144099,-0.006707,above_band_high
2026-07-17T16:48:24Z,91.4702,0.150638,0.150834,0.000196,in_band
2026-07-17T16:49:00Z,91.4061,0.147653,0.147820,0.000167,in_band
2026-07-17T16:49:59Z,91.3924,0.142890,0.143032,0.000142,in_band
2026-07-17T16:50:00Z,91.4168,0.142811,0.142952,0.000141,in_band
2026-07-17T16:50:59Z,91.3664,0.138205,0.138334,0.000130,in_band
2026-07-17T16:51:00Z,91.3756,0.138128,0.138258,0.000130,in_band
2026-07-17T16:51:59Z,91.2688,0.133674,0.133796,0.000123,in_band
2026-07-17T16:52:01Z,91.2428,0.133525,0.133648,0.000122,in_band
2026-07-17T16:52:59Z,91.2322,0.129291,0.129409,0.000118,in_band
2026-07-17T16:53:00Z,91.2062,0.129219,0.129337,0.000117,in_band
2026-07-17T16:53:59Z,91.1818,0.125053,0.125166,0.000113,in_band
2026-07-17T16:54:00Z,91.1864,0.124983,0.125096,0.000113,in_band
2026-07-17T16:54:59Z,91.1467,0.120953,0.121062,0.000109,in_band
2026-07-17T16:55:00Z,91.1360,0.120886,0.120995,0.000109,in_band
2026-07-17T16:55:59Z,91.2062,0.116988,0.117093,0.000106,in_band
2026-07-17T16:56:00Z,91.1788,0.116923,0.117028,0.000106,in_band
2026-07-17T16:56:59Z,91.0765,0.113152,0.113255,0.000102,in_band
2026-07-17T16:57:00Z,91.1040,0.113089,0.113192,0.000102,in_band
2026-07-17T16:57:59Z,91.0643,0.109443,0.109542,0.000099,in_band
2026-07-17T16:58:00Z,91.0719,0.109382,0.109481,0.000099,in_band
2026-07-17T16:58:59Z,91.0124,0.105855,0.105950,0.000096,in_band
2026-07-17T16:59:00Z,90.9941,0.105796,0.105892,0.000096,in_band
2026-07-17T16:59:59Z,90.9575,0.102384,0.102477,0.000093,in_band
2026-07-17T17:00:00Z,90.9407,0.102328,0.102420,0.000093,in_band
2026-07-17T17:00:59Z,90.9071,0.099028,0.099117,0.000090,in_band
2026-07-17T17:01:00Z,90.9071,0.098973,0.099062,0.000089,in_band
2026-07-17T17:01:59Z,90.8614,0.095781,0.095868,0.000087,in_band
2026-07-17T17:02:00Z,90.8705,0.095728,0.095815,0.000087,in_band
2026-07-17T17:02:59Z,90.8629,0.092641,0.092725,0.000084,in_band
2026-07-17T17:03:00Z,90.8568,0.092590,0.092673,0.000084,in_band
2026-07-17T17:03:59Z,90.8202,0.089604,0.089685,0.000081,in_band
2026-07-17T17:04:00Z,90.8202,0.089554,0.089635,0.000081,in_band
2026-07-17T17:04:59Z,90.8522,0.086667,0.086745,0.000078,in_band
2026-07-17T17:05:00Z,90.8263,0.086618,0.086697,0.000078,in_band
2026-07-17T17:05:59Z,90.8248,0.083825,0.083901,0.000076,in_band
2026-07-17T17:06:00Z,90.8248,0.083779,0.083854,0.000076,in_band
2026-07-17T17:06:59Z,90.8263,0.081077,0.081150,0.000073,in_band
2026-07-17T17:07:00Z,90.8446,0.081032,0.081105,0.000073,in_band
2026-07-17T17:07:59Z,90.8400,0.078419,0.078490,0.000071,in_band
2026-07-17T17:08:00Z,90.8293,0.078376,0.078446,0.000071,in_band
2026-07-17T17:08:59Z,90.8812,0.075848,0.075917,0.000069,in_band
2026-07-17T17:09:00Z,90.8522,0.075806,0.075875,0.000069,in_band
2026-07-17T17:09:59Z,90.8522,0.073362,0.073428,0.000066,in_band
2026-07-17T17:10:00Z,90.8385,0.073321,0.073387,0.000066,in_band
2026-07-17T17:10:59Z,90.8034,0.070957,0.071021,0.000064,in_band
2026-07-17T17:11:00Z,90.8156,0.070917,0.070981,0.000064,in_band
2026-07-17T17:11:59Z,90.8248,0.068630,0.068692,0.000062,in_band
2026-07-17T17:12:00Z,90.7881,0.068592,0.068654,0.000062,in_band
2026-07-17T17:12:59Z,90.7927,0.066380,0.066440,0.000060,in_band
2026-07-17T17:13:00Z,90.7790,0.066343,0.066403,0.000060,in_band
2026-07-17T17:13:59Z,90.7927,0.064204,0.064262,0.000058,in_band
2026-07-17T17:14:00Z,90.7790,0.064168,0.064226,0.000058,in_band
2026-07-17T17:14:59Z,90.7973,0.062099,0.062155,0.000056,in_band
2026-07-17T17:15:00Z,90.8293,0.062065,0.062121,0.000056,in_band
2026-07-17T17:15:59Z,90.8293,0.060063,0.060118,0.000054,in_band
2026-07-17T17:16:00Z,90.8248,0.060030,0.060084,0.000054,in_band
2026-07-17T17:16:59Z,90.8034,0.058094,0.058147,0.000053,in_band
2026-07-17T17:17:00Z,90.8064,0.058062,0.058115,0.000052,in_band
2026-07-17T17:17:59Z,90.7576,0.056190,0.056241,0.000051,in_band
2026-07-17T17:18:00Z,90.7881,0.056159,0.056209,0.000051,in_band
2026-07-17T17:18:59Z,90.8202,0.054348,0.054397,0.000049,in_band
2026-07-17T17:19:00Z,90.8080,0.054317,0.054367,0.000049,in_band
2026-07-17T17:19:59Z,90.8614,0.052566,0.052613,0.000048,in_band
2026-07-17T17:20:00Z,90.8705,0.052537,0.052584,0.000047,in_band
2026-07-17T17:20:59Z,90.9163,0.050843,0.050889,0.000046,in_band
2026-07-17T17:21:00Z,90.8980,0.050814,0.050860,0.000046,in_band
2026-07-17T17:21:59Z,90.8995,0.049176,0.049220,0.000044,in_band
2026-07-17T17:22:00Z,90.9300,0.049148,0.049193,0.000044,in_band
2026-07-17T17:22:59Z,90.8904,0.047564,0.047607,0.000043,in_band
2026-07-17T17:23:00Z,90.8675,0.047537,0.047580,0.000043,in_band
2026-07-17T17:23:59Z,90.8751,0.046004,0.046046,0.000042,in_band
2026-07-17T17:24:00Z,90.8522,0.045979,0.046020,0.000042,in_band
2026-07-17T17:24:59Z,90.8476,0.044496,0.044536,0.000040,in_band
2026-07-17T17:25:00Z,90.7927,0.044471,0.044512,0.000040,in_band
2026-07-17T17:25:59Z,90.7805,0.043037,0.043076,0.000039,in_band
2026-07-17T17:26:00Z,90.8202,0.043013,0.043052,0.000039,in_band
2026-07-17T17:26:59Z,90.7485,0.041626,0.041664,0.000038,in_band
2026-07-17T17:27:00Z,90.7805,0.041603,0.041641,0.000038,in_band
2026-07-17T17:27:59Z,90.7118,0.040262,0.040298,0.000036,in_band
2026-07-17T17:28:00Z,90.6661,0.040239,0.040276,0.000036,in_band
2026-07-17T17:28:59Z,90.6783,0.038942,0.038977,0.000035,in_band
2026-07-17T17:29:00Z,90.6828,0.038920,0.038955,0.000035,in_band
2026-07-17T17:29:59Z,90.6508,0.037665,0.037699,0.000034,in_band
2026-07-17T17:30:00Z,90.6600,0.037644,0.037678,0.000034,in_band
2026-07-17T17:30:59Z,90.6508,0.036430,0.036463,0.000033,in_band
2026-07-17T17:31:00Z,90.6065,0.036410,0.036443,0.000033,in_band
2026-07-17T17:31:59Z,90.6188,0.035236,0.035268,0.000032,in_band
2026-07-17T17:32:00Z,90.6279,0.035216,0.035248,0.000032,in_band
2026-07-17T17:32:59Z,90.6142,0.034081,0.034112,0.000031,in_band
2026-07-17T17:33:00Z,90.6233,0.034062,0.034093,0.000031,in_band
2026-07-17T17:33:59Z,90.6065,0.032963,0.032993,0.000030,in_band
2026-07-17T17:34:00Z,90.5974,0.032945,0.032975,0.000030,in_band
2026-07-17T17:34:59Z,90.5821,0.031883,0.031912,0.000029,in_band
2026-07-17T17:35:00Z,90.5867,0.031865,0.031894,0.000029,in_band
2026-07-17T17:35:59Z,90.5974,0.030838,0.030865,0.000028,in_band
2026-07-17T17:36:00Z,90.6157,0.030820,0.030848,0.000028,in_band
2026-07-17T17:36:59Z,90.5547,0.029827,0.029854,0.000027,in_band
2026-07-17T17:37:00Z,90.5959,0.029810,0.029837,0.000027,in_band
2026-07-17T17:37:59Z,90.5409,0.028849,0.028875,0.000026,in_band
2026-07-17T17:38:00Z,90.5455,0.028833,0.028859,0.000026,in_band
2026-07-17T17:38:59Z,90.4585,0.027903,0.027928,0.000025,in_band
2026-07-17T17:39:00Z,90.4372,0.027887,0.027913,0.000025,in_band
2026-07-17T17:39:59Z,90.3639,0.026988,0.027013,0.000024,in_band
2026-07-17T17:40:00Z,90.3990,0.026973,0.026998,0.000024,in_band
2026-07-17T17:40:59Z,90.3716,0.026103,0.026127,0.000024,in_band
2026-07-17T17:41:00Z,90.3273,0.026089,0.026113,0.000024,in_band
2026-07-17T17:41:59Z,90.3502,0.025248,0.025271,0.000023,in_band
2026-07-17T17:42:00Z,90.3548,0.025234,0.025256,0.000023,in_band
2026-07-17T17:42:59Z,90.3349,0.024420,0.024442,0.000022,in_band
2026-07-17T17:43:00Z,90.3456,0.024406,0.024428,0.000022,in_band
2026-07-17T17:43:59Z,90.3273,0.023619,0.023641,0.000021,in_band
2026-07-17T17:44:00Z,90.2770,0.023606,0.023628,0.000021,in_band
2026-07-17T17:44:59Z,90.2586,0.022845,0.022866,0.000021,in_band
2026-07-17T17:45:00Z,90.2724,0.022832,0.022853,0.000021,in_band
2026-07-17T17:45:59Z,90.2220,0.022096,0.022116,0.000020,in_band
2026-07-17T17:46:00Z,90.1762,0.022084,0.022104,0.000020,in_band
2026-07-17T17:46:59Z,90.1244,0.021372,0.021391,0.000019,in_band
2026-07-17T17:47:00Z,90.1381,0.021360,0.021379,0.000019,in_band
2026-07-17T17:47:59Z,90.0710,0.020671,0.020690,0.000019,in_band
2026-07-17T17:48:00Z,90.0923,0.020660,0.020678,0.000019,in_band
2026-07-17T17:48:59Z,90.0298,0.019993,0.020011,0.000018,in_band
2026-07-17T17:49:52Z,89.9825,0.019978,0.019945,-0.000033,below_midpoint_feather
2026-07-17T17:49:56Z,89.9321,0.020168,0.020557,0.000390,below_midpoint_feather
2026-07-17T17:50:49Z,89.8695,0.021149,0.022342,0.001193,below_midpoint_feather
2026-07-17T17:50:56Z,89.9199,0.021850,0.020842,-0.001008,below_midpoint_feather
2026-07-17T17:51:44Z,89.8329,0.022556,0.024009,0.001453,below_midpoint_feather
2026-07-17T17:51:56Z,89.8909,0.022838,0.021777,-0.001061,below_midpoint_feather
2026-07-17T17:52:06Z,89.8222,0.023258,0.024620,0.001362,below_midpoint_feather
2026-07-17T17:52:18Z,89.8512,0.023855,0.023330,-0.000524,below_midpoint_feather
2026-07-17T17:53:30Z,89.8146,0.026297,0.025566,-0.000731,below_midpoint_feather
2026-07-17T17:53:47Z,89.7627,0.026109,0.028847,0.002739,below_midpoint_feather
2026-07-17T17:54:11Z,89.7322,0.028575,0.031303,0.002728,below_midpoint_feather
2026-07-17T17:54:38Z,89.8238,0.028616,0.025880,-0.002736,below_midpoint_feather
2026-07-17T17:55:10Z,89.7765,0.030632,0.029048,-0.001584,below_midpoint_feather
2026-07-17T17:55:32Z,89.7215,0.031318,0.033332,0.002014,below_midpoint_feather
2026-07-17T17:56:48Z,89.7169,0.032417,0.035142,0.002725,below_midpoint_feather
2026-07-17T17:56:56Z,89.7688,0.033015,0.031511,-0.001504,below_midpoint_feather
2026-07-17T17:57:46Z,89.7032,0.034940,0.037456,0.002516,below_midpoint_feather
2026-07-17T17:57:58Z,89.7490,0.035654,0.034137,-0.001517,below_midpoint_feather
2026-07-17T17:58:26Z,89.7505,0.036973,0.034625,-0.002349,below_midpoint_feather
2026-07-17T17:58:30Z,89.7093,0.035180,0.037877,0.002697,below_midpoint_feather
2026-07-17T17:59:02Z,89.7032,0.035999,0.039094,0.003094,below_midpoint_feather
2026-07-17T17:59:24Z,89.7765,0.037172,0.034162,-0.003010,below_midpoint_feather
2026-07-17T18:00:02Z,89.7307,0.035116,0.038225,0.003109,below_midpoint_feather
2026-07-17T18:00:34Z,89.7780,0.039312,0.035607,-0.003705,below_midpoint_feather
2026-07-17T18:01:18Z,89.7505,0.040750,0.038405,-0.002345,below_midpoint_feather
2026-07-17T18:01:28Z,89.6757,0.041347,0.044731,0.003384,below_midpoint_feather
2026-07-17T18:02:02Z,89.7322,0.043715,0.040809,-0.002906,below_midpoint_feather
2026-07-17T18:02:22Z,89.6757,0.043325,0.046087,0.002762,below_midpoint_feather
2026-07-17T18:03:34Z,89.6162,0.049934,0.054126,0.004192,below_midpoint_feather
2026-07-17T18:03:58Z,89.6452,0.054192,0.051901,-0.002291,below_midpoint_feather
2026-07-17T18:04:16Z,89.6803,0.055685,0.049211,-0.006474,below_midpoint_feather
2026-07-17T18:04:38Z,89.5583,0.057579,0.063310,0.005731,below_midpoint_feather
2026-07-17T18:05:40Z,89.6223,0.063705,0.058793,-0.004912,below_midpoint_feather
2026-07-17T18:05:52Z,89.5308,0.066780,0.070449,0.003668,below_midpoint_feather
2026-07-17T18:06:14Z,89.5308,0.068384,0.071672,0.003288,below_midpoint_feather
2026-07-17T18:06:32Z,89.5628,0.073034,0.068597,-0.004437,below_midpoint_feather
2026-07-17T18:07:44Z,89.4423,0.087352,0.090525,0.003173,below_midpoint_feather
2026-07-17T18:07:56Z,89.4881,0.090181,0.084504,-0.005677,below_midpoint_feather
2026-07-17T18:08:18Z,89.4194,0.091295,0.097007,0.005712,below_midpoint_feather
2026-07-17T18:08:42Z,89.4835,0.095081,0.089124,-0.005957,below_midpoint_feather
2026-07-17T18:09:38Z,89.3889,0.104080,0.109619,0.005539,below_midpoint_feather
2026-07-17T18:09:42Z,89.4469,0.103727,0.100421,-0.003306,below_midpoint_feather
2026-07-17T18:10:36Z,89.4392,0.113195,0.107310,-0.005884,below_midpoint_feather
2026-07-17T18:10:44Z,89.3645,0.113802,0.120901,0.007098,below_midpoint_feather
2026-07-17T18:11:06Z,89.3736,0.114173,0.121692,0.007519,below_midpoint_feather
2026-07-17T18:11:38Z,89.4392,0.121405,0.114249,-0.007156,below_midpoint_feather
2026-07-17T18:12:04Z,89.4285,0.124412,0.118998,-0.005414,below_midpoint_feather
2026-07-17T18:12:30Z,89.3828,0.122347,0.129804,0.007457,below_midpoint_feather
2026-07-17T18:13:00Z,89.4423,0.127386,0.123397,-0.003989,below_midpoint_feather
2026-07-17T18:13:36Z,89.3523,0.132875,0.143042,0.010167,below_midpoint_feather
2026-07-17T18:14:06Z,89.3660,0.137963,0.144090,0.006127,below_midpoint_feather
2026-07-17T18:14:40Z,89.4331,0.141505,0.136699,-0.004806,below_midpoint_feather
2026-07-17T18:15:42Z,89.4347,0.150183,0.143806,-0.006377,below_midpoint_feather
2026-07-17T18:15:54Z,89.3599,0.150299,0.158046,0.007747,below_midpoint_feather
2026-07-17T18:16:18Z,89.3645,0.150853,0.160083,0.009230,below_midpoint_feather
2026-07-17T18:16:28Z,89.4392,0.153587,0.148560,-0.005028,below_midpoint_feather
2026-07-17T18:17:10Z,89.3690,0.159386,0.165490,0.006104,below_midpoint_feather
2026-07-17T18:17:34Z,89.4514,0.163831,0.154556,-0.009275,below_midpoint_feather
2026-07-17T18:18:00Z,89.3690,0.163870,0.171519,0.007649,below_midpoint_feather
2026-07-17T18:18:58Z,89.4606,0.170084,0.163255,-0.006829,below_midpoint_feather
2026-07-17T18:19:32Z,89.4194,0.169626,0.173786,0.004160,below_midpoint_feather
2026-07-17T18:19:52Z,89.4697,0.173870,0.168104,-0.005766,below_midpoint_feather
2026-07-17T18:20:28Z,89.4072,0.175923,0.182074,0.006151,below_midpoint_feather
2026-07-17T18:20:40Z,89.4896,0.175547,0.170444,-0.005103,below_midpoint_feather
2026-07-17T18:21:28Z,89.4285,0.179172,0.184849,0.005676,below_midpoint_feather
2026-07-17T18:21:40Z,89.4987,0.180395,0.175368,-0.005027,below_midpoint_feather
2026-07-17T18:22:02Z,89.4347,0.177197,0.187295,0.010098,below_midpoint_feather
2026-07-17T18:22:14Z,89.5125,0.182619,0.176810,-0.005810,below_midpoint_feather
2026-07-17T18:23:18Z,89.4514,0.186299,0.191728,0.005429,below_midpoint_feather
2026-07-17T18:23:34Z,89.5308,0.187057,0.181667,-0.005389,below_midpoint_feather
2026-07-17T18:24:40Z,89.5308,0.194421,0.187452,-0.006969,below_midpoint_feather
2026-07-17T18:24:48Z,89.4530,0.194222,0.199398,0.005176,below_midpoint_feather
2026-07-17T18:25:26Z,89.4514,0.199617,0.203001,0.003383,below_midpoint_feather
2026-07-17T18:25:56Z,89.4926,0.204670,0.199540,-0.005130,below_midpoint_feather
2026-07-17T18:26:02Z,89.4194,0.201763,0.211428,0.009666,below_midpoint_feather
2026-07-17T18:26:10Z,89.4926,0.207162,0.200838,-0.006324,below_midpoint_feather
2026-07-17T18:27:14Z,89.3935,0.216478,0.222683,0.006205,below_midpoint_feather
2026-07-17T18:27:46Z,89.4347,0.223268,0.219079,-0.004189,below_midpoint_feather
2026-07-17T18:28:18Z,89.3736,0.225902,0.232832,0.006931,below_midpoint_feather
2026-07-17T18:28:24Z,89.4285,0.229927,0.224129,-0.005797,below_midpoint_feather
2026-07-17T18:29:51Z,89.2775,0.254665,0.262426,0.007761,below_midpoint_feather
2026-07-17T18:29:54Z,89.3416,0.255067,0.250250,-0.004817,below_midpoint_feather
2026-07-17T18:30:53Z,89.1829,0.281722,0.292282,0.010560,below_midpoint_feather
2026-07-17T18:30:56Z,89.2546,0.282204,0.276840,-0.005364,below_midpoint_feather
2026-07-17T18:31:43Z,89.1539,0.294158,0.307998,0.013840,below_midpoint_feather
2026-07-17T18:31:54Z,89.2195,0.298654,0.294938,-0.003715,below_midpoint_feather
2026-07-17T18:32:01Z,89.1585,0.301747,0.310383,0.008636,below_midpoint_feather
2026-07-17T18:32:38Z,89.1691,0.322306,0.315471,-0.006835,below_midpoint_feather
2026-07-17T18:33:38Z,89.1417,0.343244,0.335844,-0.007400,below_midpoint_feather
2026-07-17T18:33:44Z,89.0822,0.344689,0.352325,0.007637,below_midpoint_feather
2026-07-17T18:34:04Z,89.1356,0.355075,0.343705,-0.011370,below_midpoint_feather
2026-07-17T18:34:34Z,89.0639,0.360706,0.369678,0.008972,below_midpoint_feather
2026-07-17T18:35:16Z,89.0776,0.369431,0.377143,0.007712,below_midpoint_feather
2026-07-17T18:35:24Z,89.1539,0.369264,0.360109,-0.009156,below_midpoint_feather
2026-07-17T18:36:12Z,89.0959,0.378189,0.387224,0.009035,below_midpoint_feather
2026-07-17T18:36:50Z,89.1585,0.390707,0.381532,-0.009174,below_midpoint_feather
2026-07-17T18:37:12Z,89.1905,0.388531,0.379726,-0.008804,below_midpoint_feather
2026-07-17T18:37:38Z,89.1997,0.380913,0.384196,0.003283,below_midpoint_feather
2026-07-17T18:38:06Z,89.1859,0.385924,0.393985,0.008061,below_midpoint_feather
2026-07-17T18:38:29Z,89.2409,0.393901,0.386898,-0.007003,below_midpoint_feather
2026-07-17T18:39:15Z,89.2775,0.398240,0.389202,-0.009039,below_midpoint_feather
2026-07-17T18:39:42Z,89.2363,0.394198,0.403500,0.009302,below_midpoint_feather
2026-07-17T18:40:07Z,89.3736,0.390027,0.381238,-0.008789,below_midpoint_feather
2026-07-17T18:40:34Z,89.3233,0.389783,0.395439,0.005656,below_midpoint_feather
2026-07-17T18:41:03Z,89.4301,0.387813,0.381309,-0.006504,below_midpoint_feather
2026-07-17T18:41:14Z,89.4163,0.380664,0.385265,0.004601,below_midpoint_feather
2026-07-17T18:42:09Z,89.5171,0.382289,0.377339,-0.004950,below_midpoint_feather
2026-07-17T18:42:16Z,89.4575,0.379818,0.386839,0.007021,below_midpoint_feather
2026-07-17T18:43:03Z,89.5903,0.378096,0.373831,-0.004265,below_midpoint_feather
2026-07-17T18:43:50Z,89.5628,0.376105,0.381099,0.004994,below_midpoint_feather
2026-07-17T18:44:24Z,89.5949,0.376176,0.379636,0.003460,below_midpoint_feather
2026-07-17T18:44:43Z,89.7032,0.374119,0.370017,-0.004102,below_midpoint_feather
2026-07-17T18:45:22Z,89.6986,0.370254,0.372508,0.002254,below_midpoint_feather
2026-07-17T18:45:29Z,89.7856,0.370467,0.366452,-0.004015,below_midpoint_feather
2026-07-17T18:46:11Z,89.7734,0.371218,0.368846,-0.002372,below_midpoint_feather
2026-07-17T18:46:34Z,89.7139,0.372202,0.373921,0.001720,below_midpoint_feather
2026-07-17T18:47:19Z,89.8054,0.370645,0.368922,-0.001722,below_midpoint_feather
2026-07-17T18:47:44Z,89.7307,0.371838,0.374444,0.002606,below_midpoint_feather
2026-07-17T18:48:42Z,89.6910,0.375012,0.378970,0.003958,below_midpoint_feather
2026-07-17T18:48:58Z,89.7826,0.375362,0.372471,-0.002891,below_midpoint_feather
2026-07-17T18:49:50Z,89.7719,0.377297,0.374283,-0.003013,below_midpoint_feather
2026-07-17T18:49:58Z,89.7215,0.375368,0.378085,0.002718,below_midpoint_feather
2026-07-17T18:50:38Z,89.7261,0.376228,0.378593,0.002365,below_midpoint_feather
2026-07-17T18:50:52Z,89.8039,0.376313,0.373687,-0.002626,below_midpoint_feather
2026-07-17T18:51:14Z,89.8451,0.374225,0.372079,-0.002146,below_midpoint_feather
2026-07-17T18:51:20Z,89.7871,0.373524,0.375226,0.001703,below_midpoint_feather
2026-07-17T18:52:20Z,89.7368,0.375848,0.379602,0.003754,below_midpoint_feather
2026-07-17T18:52:28Z,89.8177,0.377375,0.374595,-0.002781,below_midpoint_feather
2026-07-17T18:53:14Z,89.7078,0.378397,0.382739,0.004342,below_midpoint_feather
2026-07-17T18:53:20Z,89.7963,0.378807,0.376602,-0.002205,below_midpoint_feather
2026-07-17T18:54:28Z,89.8177,0.375770,0.376572,0.000802,below_midpoint_feather
2026-07-17T18:54:52Z,89.8589,0.376927,0.375007,-0.001920,below_midpoint_feather
2026-07-17T18:55:04Z,89.8375,0.377403,0.376084,-0.001319,below_midpoint_feather
2026-07-17T18:55:16Z,89.7948,0.376557,0.378468,0.001911,below_midpoint_feather
2026-07-17T18:56:18Z,89.7765,0.378564,0.380352,0.001788,below_midpoint_feather
2026-07-17T18:56:24Z,89.8497,0.379869,0.376536,-0.003334,below_midpoint_feather
2026-07-17T18:57:08Z,89.7719,0.378963,0.381292,0.002329,below_midpoint_feather
2026-07-17T18:57:20Z,89.8421,0.380587,0.377589,-0.002998,below_midpoint_feather
2026-07-17T18:58:00Z,89.7551,0.381206,0.383099,0.001893,below_midpoint_feather
2026-07-17T18:58:06Z,89.8283,0.380654,0.378843,-0.001811,below_midpoint_feather
2026-07-17T18:59:20Z,89.8695,0.376958,0.377973,0.001015,below_midpoint_feather
2026-07-17T18:59:49Z,89.9199,0.377693,0.376699,-0.000994,below_midpoint_feather
2026-07-17T19:00:10Z,89.9046,0.376790,0.377214,0.000424,below_midpoint_feather
2026-07-17T19:00:15Z,89.9504,0.376985,0.376299,-0.000686,below_midpoint_feather
2026-07-17T19:01:16Z,89.9458,0.376407,0.376602,0.000195,below_midpoint_feather
2026-07-17T19:01:45Z,90.0160,0.376383,0.375413,-0.000971,in_band
2026-07-17T19:02:00Z,89.9916,0.373696,0.372951,-0.000745,below_midpoint_feather
2026-07-17T19:02:59Z,90.0282,0.361696,0.361567,-0.000130,in_band
2026-07-17T19:03:00Z,90.0114,0.361496,0.361367,-0.000130,in_band
2026-07-17T19:03:59Z,90.1259,0.349858,0.349732,-0.000126,in_band
2026-07-17T19:04:02Z,90.0923,0.349276,0.349150,-0.000126,in_band
2026-07-17T19:04:59Z,90.0282,0.338395,0.338274,-0.000122,in_band
2026-07-17T19:05:00Z,90.0694,0.338207,0.338086,-0.000122,in_band
2026-07-17T19:05:59Z,90.1930,0.327304,0.327186,-0.000118,in_band
2026-07-17T19:06:02Z,90.1839,0.326759,0.326641,-0.000118,in_band
2026-07-17T19:06:59Z,90.1717,0.316575,0.316461,-0.000114,in_band
2026-07-17T19:07:00Z,90.1762,0.316399,0.316285,-0.000114,in_band
2026-07-17T19:07:59Z,90.3365,0.306197,0.306086,-0.000110,in_band
2026-07-17T19:08:02Z,90.3319,0.305687,0.305577,-0.000110,in_band
2026-07-17T19:08:59Z,90.2754,0.296158,0.296052,-0.000107,in_band
2026-07-17T19:09:00Z,90.2449,0.295994,0.295887,-0.000107,in_band
2026-07-17T19:09:59Z,90.3075,0.286449,0.286346,-0.000103,in_band
2026-07-17T19:10:00Z,90.3273,0.286290,0.286187,-0.000103,in_band
2026-07-17T19:10:59Z,90.2907,0.277058,0.276958,-0.000100,in_band
2026-07-17T19:11:00Z,90.2770,0.276904,0.276805,-0.000100,in_band
2026-07-17T19:11:59Z,90.2800,0.267975,0.267879,-0.000097,in_band
2026-07-17T19:12:00Z,90.2800,0.267826,0.267730,-0.000096,in_band
2026-07-17T19:12:59Z,90.2663,0.259190,0.259097,-0.000093,in_band
2026-07-17T19:13:00Z,90.2541,0.259046,0.258953,-0.000093,in_band
2026-07-17T19:13:59Z,90.3822,0.250693,0.250602,-0.000090,in_band
2026-07-17T19:14:00Z,90.3899,0.250553,0.250463,-0.000090,in_band
2026-07-17T19:14:58Z,90.4036,0.242608,0.242521,-0.000087,in_band
2026-07-17T19:15:00Z,90.4036,0.242339,0.242252,-0.000087,in_band
2026-07-17T19:15:59Z,90.5318,0.234525,0.234440,-0.000084,in_band
2026-07-17T19:16:00Z,90.4768,0.234395,0.234310,-0.000084,in_band
2026-07-17T19:16:58Z,90.5196,0.226962,0.226880,-0.000082,in_band
2026-07-17T19:17:00Z,90.5180,0.226710,0.226628,-0.000082,in_band
2026-07-17T19:17:59Z,90.6065,0.219400,0.219321,-0.000079,in_band
2026-07-17T19:18:00Z,90.5882,0.219278,0.219199,-0.000079,in_band
2026-07-17T19:18:59Z,90.5959,0.212207,0.212130,-0.000076,in_band
2026-07-17T19:19:00Z,90.6065,0.212089,0.212013,-0.000076,in_band
2026-07-17T19:19:59Z,90.6706,0.205250,0.205176,-0.000074,in_band
2026-07-17T19:20:00Z,90.6706,0.205136,0.205062,-0.000074,in_band
2026-07-17T19:20:59Z,90.6661,0.198521,0.198449,-0.000072,in_band
2026-07-17T19:21:00Z,90.6477,0.198411,0.198339,-0.000071,in_band
2026-07-17T19:21:59Z,90.7118,0.192013,0.191943,-0.000069,in_band
2026-07-17T19:22:00Z,90.6981,0.191906,0.191837,-0.000069,in_band
2026-07-17T19:22:59Z,90.7347,0.185718,0.185651,-0.000067,in_band
2026-07-17T19:23:00Z,90.7240,0.185615,0.185548,-0.000067,in_band
2026-07-17T19:23:59Z,90.7195,0.179629,0.179564,-0.000065,in_band
2026-07-17T19:24:00Z,90.7118,0.179529,0.179465,-0.000065,in_band
2026-07-17T19:24:59Z,90.7744,0.173740,0.173678,-0.000063,in_band
2026-07-17T19:25:00Z,90.7393,0.173644,0.173581,-0.000063,in_band
2026-07-17T19:25:59Z,90.7698,0.168044,0.167984,-0.000061,in_band
2026-07-17T19:26:00Z,90.7759,0.167951,0.167891,-0.000061,in_band
2026-07-17T19:26:59Z,90.8110,0.162535,0.162477,-0.000059,in_band
2026-07-17T19:27:00Z,90.7836,0.162445,0.162386,-0.000059,in_band
2026-07-17T19:27:59Z,90.8400,0.157207,0.157150,-0.000057,in_band
2026-07-17T19:28:00Z,90.8431,0.157119,0.157063,-0.000057,in_band
2026-07-17T19:28:59Z,90.8583,0.152053,0.151998,-0.000055,in_band
2026-07-17T19:29:00Z,90.8629,0.151968,0.151914,-0.000055,in_band
2026-07-17T19:29:59Z,90.8843,0.147068,0.147015,-0.000053,in_band
2026-07-17T19:30:00Z,90.9224,0.146986,0.146933,-0.000053,in_band
2026-07-17T19:30:59Z,90.9346,0.142246,0.142195,-0.000051,in_band
2026-07-17T19:31:00Z,90.9071,0.142167,0.142116,-0.000051,in_band
2026-07-17T19:31:59Z,90.9392,0.137583,0.137534,-0.000050,in_band
2026-07-17T19:32:00Z,90.9758,0.137507,0.137457,-0.000050,in_band
2026-07-17T19:32:59Z,90.9499,0.133073,0.133025,-0.000048,in_band
2026-07-17T19:33:00Z,90.9483,0.132999,0.132951,-0.000048,in_band
2026-07-17T19:33:59Z,90.9758,0.128710,0.128664,-0.000046,in_band
2026-07-17T19:34:00Z,90.9483,0.128638,0.128592,-0.000046,in_band
2026-07-17T19:34:59Z,90.9941,0.124490,0.124445,-0.000045,in_band
2026-07-17T19:35:00Z,90.9499,0.124421,0.124376,-0.000045,in_band
2026-07-17T19:35:59Z,91.0124,0.120409,0.120366,-0.000043,in_band
2026-07-17T19:36:00Z,90.9712,0.120342,0.120299,-0.000043,in_band
2026-07-17T19:36:59Z,90.9895,0.116462,0.116420,-0.000042,in_band
2026-07-17T19:37:00Z,91.0124,0.116397,0.116355,-0.000042,in_band
2026-07-17T19:37:59Z,91.0140,0.112643,0.112603,-0.000041,in_band
2026-07-17T19:38:00Z,91.0414,0.112581,0.112540,-0.000041,in_band
2026-07-17T19:38:59Z,91.0552,0.108951,0.108911,-0.000039,in_band
2026-07-17T19:39:00Z,91.0414,0.108890,0.108851,-0.000039,in_band
2026-07-17T19:39:59Z,91.0262,0.105379,0.105341,-0.000038,in_band
2026-07-17T19:40:00Z,91.0094,0.105320,0.105282,-0.000038,in_band
2026-07-17T19:40:59Z,91.0353,0.101924,0.101887,-0.000037,in_band
2026-07-17T19:41:00Z,91.0033,0.101867,0.101831,-0.000037,in_band
2026-07-17T19:41:59Z,91.0216,0.098583,0.098547,-0.000036,in_band
2026-07-17T19:42:00Z,91.0445,0.098528,0.098492,-0.000036,in_band
2026-07-17T19:42:59Z,91.0674,0.095351,0.095316,-0.000034,in_band
2026-07-17T19:43:00Z,91.0735,0.095298,0.095263,-0.000034,in_band
2026-07-17T19:43:59Z,91.0277,0.092225,0.092191,-0.000033,in_band
2026-07-17T19:44:00Z,91.0231,0.092173,0.092140,-0.000033,in_band
2026-07-17T19:44:59Z,91.0506,0.089201,0.089169,-0.000032,in_band
2026-07-17T19:45:00Z,91.0964,0.089152,0.089120,-0.000032,in_band
2026-07-17T19:45:59Z,91.0536,0.086277,0.086246,-0.000031,in_band
2026-07-17T19:46:00Z,91.0506,0.086229,0.086198,-0.000031,in_band
2026-07-17T19:46:59Z,91.0964,0.083448,0.083418,-0.000030,in_band
2026-07-17T19:47:00Z,91.0735,0.083402,0.083372,-0.000030,in_band
2026-07-17T19:47:59Z,91.0857,0.080713,0.080684,-0.000029,in_band
2026-07-17T19:48:00Z,91.1040,0.080668,0.080639,-0.000029,in_band
2026-07-17T19:48:59Z,91.0872,0.078067,0.078038,-0.000028,in_band
2026-07-17T19:49:00Z,91.0964,0.078023,0.077995,-0.000028,in_band
2026-07-17T19:49:59Z,91.0628,0.075507,0.075480,-0.000027,in_band
2026-07-17T19:50:00Z,91.0857,0.075465,0.075438,-0.000027,in_band
2026-07-17T19:50:56Z,91.1192,0.073154,0.073127,-0.000026,in_band
2026-07-17T19:51:00Z,91.0994,0.072991,0.072965,-0.000026,in_band
2026-07-17T19:51:57Z,91.0994,0.070716,0.070691,-0.000025,in_band
2026-07-17T19:52:00Z,91.1009,0.070598,0.070573,-0.000025,in_band
2026-07-17T19:52:58Z,91.1147,0.068360,0.068335,-0.000025,in_band
2026-07-17T19:53:00Z,91.1650,0.068284,0.068259,-0.000025,in_band
2026-07-17T19:53:59Z,91.1543,0.066082,0.066058,-0.000024,in_band
2026-07-17T19:54:00Z,91.1727,0.066045,0.066021,-0.000024,in_band
2026-07-17T19:54:59Z,91.1269,0.063915,0.063892,-0.000023,in_band
2026-07-17T19:55:01Z,91.1910,0.063844,0.063821,-0.000023,in_band
2026-07-17T19:55:59Z,91.1406,0.061820,0.061798,-0.000022,in_band
2026-07-17T19:56:00Z,91.1406,0.061786,0.061763,-0.000022,in_band
2026-07-17T19:56:59Z,91.1406,0.059793,0.059772,-0.000022,in_band
2026-07-17T19:57:00Z,91.1635,0.059760,0.059739,-0.000022,in_band
2026-07-17T19:57:59Z,91.1696,0.057833,0.057812,-0.000021,in_band
2026-07-17T19:58:00Z,91.1864,0.057801,0.057780,-0.000021,in_band
2026-07-17T19:58:59Z,91.1635,0.055937,0.055917,-0.000020,in_band
2026-07-17T19:59:00Z,91.1727,0.055906,0.055886,-0.000020,in_band
2026-07-17T19:59:59Z,91.1879,0.054103,0.054084,-0.000019,in_band
2026-07-17T20:00:00Z,91.2047,0.054073,0.054054,-0.000019,in_band
2026-07-17T20:00:59Z,91.1772,0.052330,0.052311,-0.000019,in_band
2026-07-17T20:01:00Z,91.2139,0.052300,0.052282,-0.000019,in_band
2026-07-17T20:01:59Z,91.2139,0.050614,0.050596,-0.000018,in_band
2026-07-17T20:02:02Z,91.2139,0.050530,0.050511,-0.000018,in_band
2026-07-17T20:02:59Z,91.2505,0.048955,0.048937,-0.000018,in_band
2026-07-17T20:03:00Z,91.2474,0.048927,0.048910,-0.000018,in_band
2026-07-17T20:03:59Z,91.2612,0.047350,0.047333,-0.000017,in_band
2026-07-17T20:04:00Z,91.2840,0.047323,0.047306,-0.000017,in_band
2026-07-17T20:04:59Z,91.2795,0.045797,0.045781,-0.000016,in_band
2026-07-17T20:05:00Z,91.2657,0.045772,0.045756,-0.000016,in_band
2026-07-17T20:05:59Z,91.3344,0.044296,0.044280,-0.000016,in_band
2026-07-17T20:06:00Z,91.3146,0.044271,0.044255,-0.000016,in_band
2026-07-17T20:06:59Z,91.3481,0.042844,0.042828,-0.000015,in_band
2026-07-17T20:07:00Z,91.3054,0.042820,0.042805,-0.000015,in_band
2026-07-17T20:07:59Z,91.3146,0.041439,0.041424,-0.000015,in_band
2026-07-17T20:08:00Z,91.3466,0.041416,0.041401,-0.000015,in_band
2026-07-17T20:08:59Z,91.3161,0.040081,0.040066,-0.000014,in_band
2026-07-17T20:09:00Z,91.3054,0.040058,0.040044,-0.000014,in_band
2026-07-17T20:09:59Z,91.3008,0.038767,0.038753,-0.000014,in_band
2026-07-17T20:10:00Z,91.2917,0.038745,0.038731,-0.000014,in_band
2026-07-17T20:10:59Z,91.2749,0.037496,0.037482,-0.000014,in_band
2026-07-17T20:11:00Z,91.2657,0.037475,0.037461,-0.000014,in_band
2026-07-17T20:11:59Z,91.2734,0.036267,0.036253,-0.000013,in_band
2026-07-17T20:12:00Z,91.3069,0.036246,0.036233,-0.000013,in_band
2026-07-17T20:12:59Z,91.2932,0.035078,0.035065,-0.000013,in_band
2026-07-17T20:13:00Z,91.2978,0.035058,0.035045,-0.000013,in_band
2026-07-17T20:13:59Z,91.3252,0.033928,0.033915,-0.000012,in_band
2026-07-17T20:14:00Z,91.3420,0.033909,0.033897,-0.000012,in_band
2026-07-17T20:14:59Z,91.3466,0.032815,0.032803,-0.000012,in_band
2026-07-17T20:15:00Z,91.3344,0.032797,0.032785,-0.000012,in_band
2026-07-17T20:15:59Z,91.3252,0.031739,0.031728,-0.000011,in_band
2026-07-17T20:16:00Z,91.3252,0.031722,0.031710,-0.000011,in_band
2026-07-17T20:16:59Z,91.3619,0.030699,0.030688,-0.000011,in_band
2026-07-17T20:17:01Z,91.3436,0.030665,0.030654,-0.000011,in_band
2026-07-17T20:17:59Z,91.3573,0.029693,0.029682,-0.000011,in_band
2026-07-17T20:18:00Z,91.3527,0.029676,0.029665,-0.000011,in_band
2026-07-17T20:18:59Z,91.3741,0.028719,0.028709,-0.000010,in_band
2026-07-17T20:19:00Z,91.3619,0.028703,0.028693,-0.000010,in_band
2026-07-17T20:19:59Z,91.3802,0.027778,0.027768,-0.000010,in_band
2026-07-17T20:20:00Z,91.4107,0.027762,0.027752,-0.000010,in_band
2026-07-17T20:20:59Z,91.3756,0.026867,0.026857,-0.000010,in_band
2026-07-17T20:21:00Z,91.4153,0.026852,0.026842,-0.000010,in_band
2026-07-17T20:21:59Z,91.4199,0.025986,0.025977,-0.000009,in_band
2026-07-17T20:22:00Z,91.3710,0.025972,0.025962,-0.000009,in_band
2026-07-17T20:22:59Z,91.4351,0.025134,0.025125,-0.000009,in_band
2026-07-17T20:23:00Z,91.4443,0.025120,0.025111,-0.000009,in_band
2026-07-17T20:23:59Z,91.4809,0.024310,0.024301,-0.000009,in_band
2026-07-17T20:24:40Z,91.5114,0.023763,0.018902,-0.004861,above_band_high
2026-07-17T20:24:46Z,91.4839,0.023684,0.023729,0.000045,in_band
2026-07-17T20:25:43Z,91.5023,0.023034,0.022205,-0.000829,above_band_high
2026-07-17T20:27:34Z,91.5023,0.006860,0.020962,0.014103,above_band_high
2026-07-17T20:27:42Z,91.5389,0.015168,0.005147,-0.010021,above_band_high
2026-07-17T20:28:16Z,91.5129,0.000729,0.015409,0.014680,above_band_high
2026-07-17T20:28:42Z,91.5709,0.007793,0.000000,-0.007793,above_band_high
2026-07-17T20:29:08Z,91.5663,0.005101,0.000000,-0.005101,above_band_high
2026-07-17T20:29:32Z,91.4992,0.004334,0.018619,0.014285,in_band
2026-07-17T20:30:02Z,91.5572,0.003253,0.000000,-0.003253,above_band_high
2026-07-17T20:30:28Z,91.5160,0.000000,0.009603,0.009603,above_band_high
2026-07-17T20:31:00Z,91.5679,0.000000,0.000000,0.000000,above_band_high
2026-07-17T20:31:02Z,91.5312,0.000000,0.001651,0.001651,above_band_high
2026-07-17T20:32:00Z,91.5633,0.000000,0.000000,0.000000,above_band_high
2026-07-17T20:33:00Z,91.5801,0.000000,0.000000,0.000000,above_band_high
2026-07-17T20:34:00Z,91.6121,0.000000,0.000000,0.000000,above_band_high
2026-07-17T20:35:00Z,91.6075,0.000000,0.000000,0.000000,above_band_high
2026-07-17T20:36:00Z,91.6258,0.000000,0.000000,0.000000,above_band_high
2026-07-17T20:37:00Z,91.6411,0.000000,0.000000,0.000000,above_band_high
2026-07-17T20:38:00Z,91.6167,0.000000,0.000000,0.000000,above_band_high
2026-07-17T20:39:00Z,91.6503,0.000000,0.000000,0.000000,above_band_high
2026-07-17T20:40:00Z,91.6762,0.000000,0.000000,0.000000,above_band_high
2026-07-17T20:41:00Z,91.6167,0.000000,0.000000,0.000000,above_band_high
2026-07-17T20:42:00Z,91.5862,0.000000,0.000000,0.000000,above_band_high
2026-07-17T20:43:00Z,91.6121,0.000000,0.000000,0.000000,above_band_high
2026-07-17T20:44:00Z,91.5770,0.000000,0.000000,0.000000,above_band_high
2026-07-17T20:45:06Z,91.4885,0.000000,0.003838,0.003838,in_band
2026-07-17T20:45:44Z,91.5450,0.001731,0.000000,-0.001731,above_band_high
2026-07-17T20:47:26Z,91.4427,0.000505,0.000536,0.000031,in_band
2026-07-17T20:47:59Z,91.4168,0.000293,0.000311,0.000018,in_band
2026-07-17T20:48:00Z,91.4061,0.000288,0.000306,0.000018,in_band
2026-07-17T20:48:59Z,91.3527,0.000109,0.000115,0.000007,in_band
2026-07-17T20:49:00Z,91.3756,0.000107,0.000113,0.000007,in_band
2026-07-17T20:49:59Z,91.3161,0.000040,0.000043,0.000002,in_band
2026-07-17T20:50:00Z,91.3375,0.000040,0.000042,0.000002,in_band
2026-07-17T20:50:59Z,91.2612,0.000015,0.000016,0.000001,in_band
2026-07-17T20:51:00Z,91.2963,0.000015,0.000016,0.000001,in_band
2026-07-17T20:51:59Z,91.1910,0.000006,0.000006,0.000000,in_band
2026-07-17T20:52:00Z,91.2047,0.000005,0.000006,0.000000,in_band
2026-07-17T20:52:59Z,91.1696,0.000002,0.000002,0.000000,in_band
2026-07-17T20:53:00Z,91.1604,0.000002,0.000002,0.000000,in_band
2026-07-17T20:53:59Z,91.1055,0.000001,0.000001,0.000000,in_band
2026-07-17T20:54:00Z,91.1498,0.000001,0.000001,0.000000,in_band
2026-07-17T20:54:59Z,91.1513,0.000000,0.000000,0.000000,in_band
2026-07-17T20:55:00Z,91.1192,0.000000,0.000000,0.000000,in_band
2026-07-17T20:55:59Z,91.1727,0.000000,0.000000,0.000000,in_band
2026-07-17T20:56:00Z,91.1467,0.000000,0.000000,0.000000,in_band
2026-07-17T20:56:59Z,91.1772,0.000000,0.000000,0.000000,in_band
2026-07-17T20:57:00Z,91.2001,0.000000,0.000000,0.000000,in_band
2026-07-17T20:57:59Z,91.2093,0.000000,0.000000,0.000000,in_band
2026-07-17T20:58:00Z,91.1681,0.000000,0.000000,0.000000,in_band
2026-07-17T20:58:59Z,91.1910,0.000000,0.000000,0.000000,in_band
2026-07-17T20:59:00Z,91.2200,0.000000,0.000000,0.000000,in_band
2026-07-17T20:59:59Z,91.2474,0.000000,0.000000,0.000000,in_band
2026-07-17T21:00:00Z,91.2505,0.000000,0.000000,0.000000,in_band
2026-07-17T21:00:59Z,91.2871,0.000000,0.000000,0.000000,in_band
2026-07-17T21:01:00Z,91.2795,0.000000,0.000000,0.000000,in_band
2026-07-17T21:01:59Z,91.2749,0.000000,0.000000,0.000000,in_band
2026-07-17T21:02:00Z,91.2871,0.000000,0.000000,0.000000,in_band
2026-07-17T21:02:59Z,91.3207,0.000000,0.000000,0.000000,in_band
2026-07-17T21:03:00Z,91.3161,0.000000,0.000000,0.000000,in_band
2026-07-17T21:03:59Z,91.3466,0.000000,0.000000,0.000000,in_band
2026-07-17T21:04:00Z,91.3161,0.000000,0.000000,0.000000,in_band
2026-07-17T21:04:59Z,91.3649,0.000000,0.000000,0.000000,in_band
2026-07-17T21:05:00Z,91.3573,0.000000,0.000000,0.000000,in_band
2026-07-17T21:05:59Z,91.3893,0.000000,0.000000,0.000000,in_band
2026-07-17T21:06:00Z,91.3802,0.000000,0.000000,0.000000,in_band
2026-07-17T21:06:59Z,91.4122,0.000000,0.000000,0.000000,in_band
2026-07-17T21:07:00Z,91.4122,0.000000,0.000000,0.000000,in_band
2026-07-17T21:07:59Z,91.4794,0.000000,0.000000,0.000000,in_band
2026-07-17T21:08:29Z,91.5160,0.000007,0.000000,-0.000007,above_band_high
2026-07-17T21:08:32Z,91.4992,0.000007,0.000067,0.000060,in_band
2026-07-17T21:10:24Z,91.5755,0.000000,0.000000,0.000000,above_band_high
2026-07-17T21:11:00Z,91.5679,0.000000,0.000000,0.000000,above_band_high
2026-07-17T21:12:00Z,91.6396,0.000000,0.000000,0.000000,above_band_high
2026-07-17T21:13:00Z,91.6854,0.000000,0.000000,0.000000,above_band_high
2026-07-17T21:14:00Z,91.7632,0.000000,0.000000,0.000000,above_band_high
2026-07-17T21:15:00Z,91.7403,0.000000,0.000000,0.000000,above_band_high
2026-07-17T21:16:00Z,91.7372,0.000000,0.000000,0.000000,above_band_high
2026-07-17T21:17:00Z,91.8135,0.000000,0.000000,0.000000,above_band_high
2026-07-17T21:18:00Z,91.8456,0.000000,0.000000,0.000000,above_band_high
2026-07-17T21:19:00Z,91.8410,0.000000,0.000000,0.000000,above_band_high
2026-07-17T21:20:00Z,91.8471,0.000000,0.000000,0.000000,above_band_high
2026-07-17T21:21:00Z,91.9249,0.000000,0.000000,0.000000,above_band_high
2026-07-17T21:22:00Z,91.9326,0.000000,0.000000,0.000000,above_band_high
2026-07-17T21:23:00Z,91.9799,0.000000,0.000000,0.000000,above_band_high
2026-07-17T21:24:00Z,91.9799,0.000000,0.000000,0.000000,above_band_high
2026-07-17T21:25:00Z,92.0348,0.000000,0.000000,0.000000,above_band_high
2026-07-17T21:26:00Z,92.0424,0.000000,0.000000,0.000000,above_band_high
2026-07-17T21:27:00Z,92.0897,0.000000,0.000000,0.000000,above_band_high
2026-07-17T21:28:00Z,92.0897,0.000000,0.000000,0.000000,above_band_high
2026-07-17T21:29:00Z,92.1157,0.000000,0.000000,0.000000,above_band_high
2026-07-17T21:30:00Z,92.1431,0.000000,0.000000,0.000000,above_band_high
2026-07-17T21:31:00Z,92.1630,0.000000,0.000000,0.000000,above_band_high
2026-07-17T21:32:00Z,92.2087,0.000000,0.000000,0.000000,above_band_high
2026-07-17T21:33:00Z,92.2255,0.000000,0.000000,0.000000,above_band_high
2026-07-17T21:34:00Z,92.2484,0.000000,0.000000,0.000000,above_band_high
2026-07-17T21:35:00Z,92.2591,0.000000,0.000000,0.000000,above_band_high
2026-07-17T21:36:00Z,92.2637,0.000000,0.000000,0.000000,above_band_high
2026-07-17T21:37:00Z,92.2805,0.000000,0.000000,0.000000,above_band_high
2026-07-17T21:38:00Z,92.2866,0.000000,0.000000,0.000000,above_band_high
2026-07-17T21:39:00Z,92.2133,0.000000,0.000000,0.000000,above_band_high
2026-07-17T21:40:00Z,92.1859,0.000000,0.000000,0.000000,above_band_high
2026-07-17T21:41:00Z,92.1859,0.000000,0.000000,0.000000,above_band_high
2026-07-17T21:42:00Z,92.1202,0.000000,0.000000,0.000000,above_band_high
2026-07-17T21:43:00Z,92.1080,0.000000,0.000000,0.000000,above_band_high
2026-07-17T21:44:00Z,92.0607,0.000000,0.000000,0.000000,above_band_high
2026-07-17T21:45:00Z,92.0607,0.000000,0.000000,0.000000,above_band_high
2026-07-17T21:46:00Z,91.9799,0.000000,0.000000,0.000000,above_band_high
2026-07-17T21:47:00Z,91.9570,0.000000,0.000000,0.000000,above_band_high
2026-07-17T21:48:00Z,91.9753,0.000000,0.000000,0.000000,above_band_high
2026-07-17T21:49:00Z,91.9646,0.000000,0.000000,0.000000,above_band_high
2026-07-17T21:50:00Z,91.9280,0.000000,0.000000,0.000000,above_band_high
2026-07-17T21:51:00Z,91.9203,0.000000,0.000000,0.000000,above_band_high
2026-07-17T21:52:00Z,91.8868,0.000000,0.000000,0.000000,above_band_high
2026-07-17T21:53:00Z,91.8547,0.000000,0.000000,0.000000,above_band_high
2026-07-17T21:54:00Z,91.8242,0.000000,0.000000,0.000000,above_band_high
2026-07-17T21:55:00Z,91.8242,0.000000,0.000000,0.000000,above_band_high
2026-07-17T21:56:00Z,91.8364,0.000000,0.000000,0.000000,above_band_high
2026-07-17T21:57:00Z,91.8517,0.000000,0.000000,0.000000,above_band_high
2026-07-17T21:58:00Z,91.8776,0.000000,0.000000,0.000000,above_band_high
2026-07-17T21:59:00Z,91.8975,0.000000,0.000000,0.000000,above_band_high
2026-07-17T22:00:00Z,91.9142,0.000000,0.000000,0.000000,above_band_high
2026-07-17T22:01:00Z,91.9295,0.000000,0.000000,0.000000,above_band_high
2026-07-17T22:02:00Z,91.9799,0.000000,0.000000,0.000000,above_band_high
2026-07-17T22:03:00Z,91.9600,0.000000,0.000000,0.000000,above_band_high
2026-07-17T22:04:00Z,91.9707,0.000000,0.000000,0.000000,above_band_high
2026-07-17T22:05:00Z,91.9753,0.000000,0.000000,0.000000,above_band_high
2026-07-17T22:06:00Z,92.0058,0.000000,0.000000,0.000000,above_band_high
2026-07-17T22:07:00Z,92.0150,0.000000,0.000000,0.000000,above_band_high
2026-07-17T22:08:00Z,92.0211,0.000000,0.000000,0.000000,above_band_high
2026-07-17T22:09:00Z,92.0058,0.000000,0.000000,0.000000,above_band_high
2026-07-17T22:10:00Z,91.9921,0.000000,0.000000,0.000000,above_band_high
2026-07-17T22:11:00Z,92.0333,0.000000,0.000000,0.000000,above_band_high
2026-07-17T22:12:00Z,92.0058,0.000000,0.000000,0.000000,above_band_high
2026-07-17T22:13:00Z,92.0653,0.000000,0.000000,0.000000,above_band_high
2026-07-17T22:14:00Z,92.0378,0.000000,0.000000,0.000000,above_band_high
2026-07-17T22:15:00Z,92.0699,0.000000,0.000000,0.000000,above_band_high
2026-07-17T22:16:00Z,92.0195,0.000000,0.000000,0.000000,above_band_high
2026-07-17T22:17:00Z,92.0607,0.000000,0.000000,0.000000,above_band_high
2026-07-17T22:18:00Z,92.0058,0.000000,0.000000,0.000000,above_band_high
2026-07-17T22:19:00Z,92.0851,0.000000,0.000000,0.000000,above_band_high
2026-07-17T22:20:00Z,92.1126,0.000000,0.000000,0.000000,above_band_high
2026-07-17T22:21:00Z,92.0974,0.000000,0.000000,0.000000,above_band_high
2026-07-17T22:22:00Z,92.0851,0.000000,0.000000,0.000000,above_band_high
2026-07-17T22:23:00Z,92.0745,0.000000,0.000000,0.000000,above_band_high
2026-07-17T22:24:00Z,92.1263,0.000000,0.000000,0.000000,above_band_high
2026-07-17T22:25:00Z,92.1080,0.000000,0.000000,0.000000,above_band_high
2026-07-17T22:26:00Z,92.0699,0.000000,0.000000,0.000000,above_band_high
2026-07-17T22:27:00Z,92.0974,0.000000,0.000000,0.000000,above_band_high
2026-07-17T22:28:00Z,92.1447,0.000000,0.000000,0.000000,above_band_high
2026-07-17T22:29:00Z,92.1401,0.000000,0.000000,0.000000,above_band_high
2026-07-17T22:30:00Z,92.1355,0.000000,0.000000,0.000000,above_band_high
2026-07-17T22:31:00Z,92.1752,0.000000,0.000000,0.000000,above_band_high
2026-07-17T22:32:00Z,92.1523,0.000000,0.000000,0.000000,above_band_high
2026-07-17T22:33:00Z,92.1248,0.000000,0.000000,0.000000,above_band_high
2026-07-17T22:34:00Z,92.1569,0.000000,0.000000,0.000000,above_band_high
2026-07-17T22:35:00Z,92.1477,0.000000,0.000000,0.000000,above_band_high
2026-07-17T22:36:00Z,92.1889,0.000000,0.000000,0.000000,above_band_high
2026-07-17T22:37:00Z,92.1843,0.000000,0.000000,0.000000,above_band_high
2026-07-17T22:38:00Z,92.1767,0.000000,0.000000,0.000000,above_band_high
2026-07-17T22:39:00Z,92.0668,0.000000,0.000000,0.000000,above_band_high
2026-07-17T22:40:00Z,92.0760,0.000000,0.000000,0.000000,above_band_high
2026-07-17T22:41:00Z,92.0516,0.000000,0.000000,0.000000,above_band_high
2026-07-17T22:42:00Z,92.0653,0.000000,0.000000,0.000000,above_band_high
2026-07-17T22:43:00Z,92.0241,0.000000,0.000000,0.000000,above_band_high
2026-07-17T22:44:00Z,91.9738,0.000000,0.000000,0.000000,above_band_high
2026-07-17T22:45:00Z,91.9646,0.000000,0.000000,0.000000,above_band_high
2026-07-17T22:46:00Z,91.9326,0.000000,0.000000,0.000000,above_band_high
2026-07-17T22:47:00Z,91.9020,0.000000,0.000000,0.000000,above_band_high
2026-07-17T22:48:00Z,91.8471,0.000000,0.000000,0.000000,above_band_high
2026-07-17T22:49:00Z,91.7998,0.000000,0.000000,0.000000,above_band_high
2026-07-17T22:50:00Z,91.7403,0.000000,0.000000,0.000000,above_band_high
2026-07-17T22:51:00Z,91.7220,0.000000,0.000000,0.000000,above_band_high
2026-07-17T22:52:00Z,91.6503,0.000000,0.000000,0.000000,above_band_high
2026-07-17T22:53:00Z,91.5938,0.000000,0.000000,0.000000,above_band_high
2026-07-17T22:54:00Z,91.5572,0.000000,0.000000,0.000000,above_band_high
2026-07-17T22:55:08Z,91.4931,0.000000,0.003904,0.003904,in_band
2026-07-17T22:55:26Z,91.5267,0.001707,0.000000,-0.001707,above_band_high
2026-07-17T22:59:07Z,91.4931,0.000131,0.000237,0.000107,in_band
2026-07-17T22:59:10Z,91.5114,0.000124,0.000000,-0.000124,above_band_high
2026-07-17T23:00:06Z,91.5068,0.000082,0.000000,-0.000082,above_band_high
2026-07-17T23:00:24Z,91.4580,0.000061,0.000171,0.000110,in_band
2026-07-17T23:03:16Z,91.5129,0.000000,0.000000,0.000000,above_band_high
2026-07-17T23:03:52Z,91.4809,0.000000,0.001095,0.001095,in_band
2026-07-17T23:04:00Z,91.5526,0.000000,0.000000,0.000000,above_band_high
2026-07-17T23:04:52Z,91.4977,0.000000,0.001296,0.001296,in_band
2026-07-17T23:05:00Z,91.5267,0.000000,0.000000,0.000000,above_band_high
2026-07-17T23:05:48Z,91.5038,0.000000,0.000355,0.000355,above_band_high
2026-07-17T23:06:00Z,91.5450,0.000000,0.000000,0.000000,above_band_high
2026-07-17T23:06:22Z,91.4992,0.000000,0.002158,0.002158,in_band
2026-07-17T23:07:00Z,91.5450,0.000000,0.000000,0.000000,above_band_high
2026-07-17T23:08:00Z,91.5541,0.000000,0.000000,0.000000,above_band_high
2026-07-17T23:09:00Z,91.5450,0.000000,0.000000,0.000000,above_band_high
2026-07-17T23:10:00Z,91.5999,0.000000,0.000000,0.000000,above_band_high
2026-07-17T23:11:00Z,91.5572,0.000000,0.000000,0.000000,above_band_high
2026-07-17T23:12:00Z,91.5724,0.000000,0.000000,0.000000,above_band_high
2026-07-17T23:13:00Z,91.5892,0.000000,0.000000,0.000000,above_band_high
2026-07-17T23:14:00Z,91.5724,0.000000,0.000000,0.000000,above_band_high
2026-07-17T23:15:00Z,91.6350,0.000000,0.000000,0.000000,above_band_high
2026-07-17T23:16:00Z,91.6136,0.000000,0.000000,0.000000,above_band_high
2026-07-17T23:17:00Z,91.6258,0.000000,0.000000,0.000000,above_band_high
2026-07-17T23:18:00Z,91.6304,0.000000,0.000000,0.000000,above_band_high
2026-07-17T23:19:00Z,91.6503,0.000000,0.000000,0.000000,above_band_high
2026-07-17T23:20:00Z,91.6670,0.000000,0.000000,0.000000,above_band_high
2026-07-17T23:21:00Z,91.6182,0.000000,0.000000,0.000000,above_band_high
2026-07-17T23:22:00Z,91.6686,0.000000,0.000000,0.000000,above_band_high
2026-07-17T23:23:00Z,91.6640,0.000000,0.000000,0.000000,above_band_high
2026-07-17T23:24:00Z,91.6808,0.000000,0.000000,0.000000,above_band_high
2026-07-17T23:25:00Z,91.6808,0.000000,0.000000,0.000000,above_band_high
2026-07-17T23:26:00Z,91.6869,0.000000,0.000000,0.000000,above_band_high
2026-07-17T23:27:00Z,91.6991,0.000000,0.000000,0.000000,above_band_high
2026-07-17T23:28:00Z,91.6869,0.000000,0.000000,0.000000,above_band_high
2026-07-17T23:29:00Z,91.7281,0.000000,0.000000,0.000000,above_band_high
2026-07-17T23:30:00Z,91.7235,0.000000,0.000000,0.000000,above_band_high
2026-07-17T23:31:00Z,91.7494,0.000000,0.000000,0.000000,above_band_high
2026-07-17T23:32:00Z,91.7494,0.000000,0.000000,0.000000,above_band_high
2026-07-17T23:33:00Z,91.7449,0.000000,0.000000,0.000000,above_band_high
2026-07-17T23:34:00Z,91.7556,0.000000,0.000000,0.000000,above_band_high
2026-07-17T23:35:00Z,91.7510,0.000000,0.000000,0.000000,above_band_high
2026-07-17T23:36:00Z,91.7922,0.000000,0.000000,0.000000,above_band_high
2026-07-17T23:37:00Z,91.8135,0.000000,0.000000,0.000000,above_band_high
2026-07-17T23:38:00Z,91.7678,0.000000,0.000000,0.000000,above_band_high
2026-07-17T23:39:00Z,91.7830,0.000000,0.000000,0.000000,above_band_high
2026-07-17T23:40:00Z,91.7601,0.000000,0.000000,0.000000,above_band_high
2026-07-17T23:41:00Z,91.7235,0.000000,0.000000,0.000000,above_band_high
2026-07-17T23:42:00Z,91.6762,0.000000,0.000000,0.000000,above_band_high
2026-07-17T23:43:00Z,91.6869,0.000000,0.000000,0.000000,above_band_high
2026-07-17T23:44:00Z,91.6686,0.000000,0.000000,0.000000,above_band_high
2026-07-17T23:45:00Z,91.6442,0.000000,0.000000,0.000000,above_band_high
2026-07-17T23:46:00Z,91.6075,0.000000,0.000000,0.000000,above_band_high
2026-07-17T23:47:00Z,91.5862,0.000000,0.000000,0.000000,above_band_high
2026-07-17T23:48:00Z,91.5526,0.000000,0.000000,0.000000,above_band_high
2026-07-17T23:49:00Z,91.5709,0.000000,0.000000,0.000000,above_band_high
2026-07-17T23:49:14Z,91.5023,0.000000,0.003303,0.003303,above_band_high
2026-07-17T23:50:28Z,91.4839,0.000000,0.003078,0.003078,in_band
2026-07-17T23:50:58Z,91.5267,0.001022,0.000000,-0.001022,above_band_high
2026-07-17T23:51:08Z,91.4885,0.000000,0.002293,0.002293,in_band
2026-07-17T23:51:26Z,91.5206,0.000989,0.000000,-0.000989,above_band_high
2026-07-17T23:53:37Z,91.4748,0.000278,0.000296,0.000018,in_band
2026-07-17T23:53:59Z,91.4168,0.000193,0.000206,0.000012,in_band
2026-07-17T23:54:08Z,91.5084,0.000166,0.000000,-0.000166,above_band_high
2026-07-17T23:54:10Z,91.4488,0.000161,0.000189,0.000028,in_band
2026-07-17T23:55:00Z,91.4290,0.000070,0.000083,0.000012,in_band
2026-07-17T23:55:59Z,91.4290,0.000027,0.000031,0.000005,in_band
2026-07-17T23:56:00Z,91.4244,0.000026,0.000031,0.000005,in_band
2026-07-17T23:56:59Z,91.4397,0.000010,0.000012,0.000002,in_band
2026-07-17T23:57:00Z,91.4488,0.000010,0.000011,0.000002,in_band
2026-07-17T23:57:59Z,91.4794,0.000004,0.000004,0.000001,in_band
2026-07-17T23:58:28Z,91.5068,0.000002,0.000000,-0.000002,above_band_high
2026-07-17T23:58:56Z,91.4931,0.000001,0.000117,0.000115,in_band
2026-07-18T00:00:57Z,91.5435,0.000000,0.000000,0.000000,above_band_high
2026-07-18T00:01:00Z,91.5297,0.000000,0.000000,0.000000,above_band_high
2026-07-18T00:02:00Z,91.5953,0.000000,0.000000,0.000000,above_band_high
2026-07-18T00:03:00Z,91.5801,0.000000,0.000000,0.000000,above_band_high
2026-07-18T00:04:00Z,91.6457,0.000000,0.000000,0.000000,above_band_high
2026-07-18T00:05:00Z,91.6808,0.000000,0.000000,0.000000,above_band_high
2026-07-18T00:06:00Z,91.6167,0.000000,0.000000,0.000000,above_band_high
2026-07-18T00:07:00Z,91.6823,0.000000,0.000000,0.000000,above_band_high
2026-07-18T00:08:00Z,91.6945,0.000000,0.000000,0.000000,above_band_high
2026-07-18T00:09:00Z,91.7311,0.000000,0.000000,0.000000,above_band_high
2026-07-18T00:10:00Z,91.7311,0.000000,0.000000,0.000000,above_band_high
2026-07-18T00:11:00Z,91.7922,0.000000,0.000000,0.000000,above_band_high
2026-07-18T00:12:00Z,91.8090,0.000000,0.000000,0.000000,above_band_high
2026-07-18T00:13:00Z,91.8044,0.000000,0.000000,0.000000,above_band_high
2026-07-18T00:14:00Z,91.7998,0.000000,0.000000,0.000000,above_band_high
2026-07-18T00:15:00Z,91.8410,0.000000,0.000000,0.000000,above_band_high
2026-07-18T00:16:00Z,91.8273,0.000000,0.000000,0.000000,above_band_high
2026-07-18T00:17:00Z,91.8639,0.000000,0.000000,0.000000,above_band_high
2026-07-18T00:18:00Z,91.9417,0.000000,0.000000,0.000000,above_band_high
2026-07-18T00:19:00Z,91.9203,0.000000,0.000000,0.000000,above_band_high
2026-07-18T00:20:00Z,91.9615,0.000000,0.000000,0.000000,above_band_high
2026-07-18T00:21:00Z,91.9692,0.000000,0.000000,0.000000,above_band_high
2026-07-18T00:22:00Z,92.0012,0.000000,0.000000,0.000000,above_band_high
2026-07-18T00:23:00Z,91.9890,0.000000,0.000000,0.000000,above_band_high
2026-07-18T00:24:00Z,92.0119,0.000000,0.000000,0.000000,above_band_high
2026-07-18T00:25:00Z,92.0516,0.000000,0.000000,0.000000,above_band_high
2026-07-18T00:26:00Z,92.0531,0.000000,0.000000,0.000000,above_band_high
2026-07-18T00:27:00Z,92.1263,0.000000,0.000000,0.000000,above_band_high
2026-07-18T00:28:00Z,92.0897,0.000000,0.000000,0.000000,above_band_high
2026-07-18T00:29:00Z,92.1172,0.000000,0.000000,0.000000,above_band_high
2026-07-18T00:30:00Z,92.1431,0.000000,0.000000,0.000000,above_band_high
2026-07-18T00:31:00Z,92.1401,0.000000,0.000000,0.000000,above_band_high
2026-07-18T00:32:00Z,92.1813,0.000000,0.000000,0.000000,above_band_high
2026-07-18T00:33:00Z,92.1569,0.000000,0.000000,0.000000,above_band_high
2026-07-18T00:34:00Z,92.1630,0.000000,0.000000,0.000000,above_band_high
2026-07-18T00:35:00Z,92.2026,0.000000,0.000000,0.000000,above_band_high
2026-07-18T00:36:00Z,92.2026,0.000000,0.000000,0.000000,above_band_high
2026-07-18T00:37:00Z,92.2347,0.000000,0.000000,0.000000,above_band_high
2026-07-18T00:38:00Z,92.2683,0.000000,0.000000,0.000000,above_band_high
2026-07-18T00:39:00Z,92.2805,0.000000,0.000000,0.000000,above_band_high
2026-07-18T00:40:00Z,92.2545,0.000000,0.000000,0.000000,above_band_high
2026-07-18T00:41:00Z,92.1859,0.000000,0.000000,0.000000,above_band_high
2026-07-18T00:42:00Z,92.2179,0.000000,0.000000,0.000000,above_band_high
2026-07-18T00:43:00Z,92.1523,0.000000,0.000000,0.000000,above_band_high
2026-07-18T00:44:00Z,92.1477,0.000000,0.000000,0.000000,above_band_high
2026-07-18T00:45:00Z,92.1431,0.000000,0.000000,0.000000,above_band_high
2026-07-18T00:46:00Z,92.1172,0.000000,0.000000,0.000000,above_band_high
2026-07-18T00:47:00Z,92.0714,0.000000,0.000000,0.000000,above_band_high
2026-07-18T00:48:00Z,92.0439,0.000000,0.000000,0.000000,above_band_high
2026-07-18T00:49:00Z,92.0577,0.000000,0.000000,0.000000,above_band_high
2026-07-18T00:50:00Z,92.0485,0.000000,0.000000,0.000000,above_band_high
2026-07-18T00:51:00Z,92.0287,0.000000,0.000000,0.000000,above_band_high
2026-07-18T00:52:00Z,92.0058,0.000000,0.000000,0.000000,above_band_high
2026-07-18T00:53:00Z,92.0256,0.000000,0.000000,0.000000,above_band_high
2026-07-18T00:54:00Z,92.0897,0.000000,0.000000,0.000000,above_band_high
2026-07-18T00:55:00Z,92.0562,0.000000,0.000000,0.000000,above_band_high
2026-07-18T00:56:00Z,92.0851,0.000000,0.000000,0.000000,above_band_high
2026-07-18T00:57:00Z,92.1035,0.000000,0.000000,0.000000,above_band_high
2026-07-18T00:58:00Z,92.1126,0.000000,0.000000,0.000000,above_band_high
2026-07-18T00:59:00Z,92.1431,0.000000,0.000000,0.000000,above_band_high
2026-07-18T01:00:00Z,92.1248,0.000000,0.000000,0.000000,above_band_high
2026-07-18T01:01:00Z,92.1752,0.000000,0.000000,0.000000,above_band_high
2026-07-18T01:02:00Z,92.1614,0.000000,0.000000,0.000000,above_band_high
2026-07-18T01:03:00Z,92.1706,0.000000,0.000000,0.000000,above_band_high
2026-07-18T01:04:00Z,92.1950,0.000000,0.000000,0.000000,above_band_high
2026-07-18T01:05:00Z,92.1706,0.000000,0.000000,0.000000,above_band_high
2026-07-18T01:06:00Z,92.2347,0.000000,0.000000,0.000000,above_band_high
2026-07-18T01:07:00Z,92.2316,0.000000,0.000000,0.000000,above_band_high
2026-07-18T01:08:00Z,92.2637,0.000000,0.000000,0.000000,above_band_high
2026-07-18T01:09:00Z,92.2637,0.000000,0.000000,0.000000,above_band_high
2026-07-18T01:10:00Z,92.2179,0.000000,0.000000,0.000000,above_band_high
2026-07-18T01:11:00Z,92.2667,0.000000,0.000000,0.000000,above_band_high
2026-07-18T01:12:00Z,92.2179,0.000000,0.000000,0.000000,above_band_high
2026-07-18T01:13:00Z,92.2438,0.000000,0.000000,0.000000,above_band_high
2026-07-18T01:14:00Z,92.2774,0.000000,0.000000,0.000000,above_band_high
2026-07-18T01:15:00Z,92.2545,0.000000,0.000000,0.000000,above_band_high
2026-07-18T01:16:00Z,92.2393,0.000000,0.000000,0.000000,above_band_high
2026-07-18T01:17:00Z,92.2576,0.000000,0.000000,0.000000,above_band_high
2026-07-18T01:18:00Z,92.2545,0.000000,0.000000,0.000000,above_band_high
2026-07-18T01:19:00Z,92.2591,0.000000,0.000000,0.000000,above_band_high
2026-07-18T01:20:00Z,92.2591,0.000000,0.000000,0.000000,above_band_high
2026-07-18T01:21:00Z,92.2942,0.000000,0.000000,0.000000,above_band_high
2026-07-18T01:22:00Z,92.2591,0.000000,0.000000,0.000000,above_band_high
2026-07-18T01:23:00Z,92.2942,0.000000,0.000000,0.000000,above_band_high
2026-07-18T01:24:00Z,92.2805,0.000000,0.000000,0.000000,above_band_high
2026-07-18T01:25:00Z,92.2683,0.000000,0.000000,0.000000,above_band_high
2026-07-18T01:26:00Z,92.2667,0.000000,0.000000,0.000000,above_band_high
2026-07-18T01:27:00Z,92.2805,0.000000,0.000000,0.000000,above_band_high
2026-07-18T01:28:00Z,92.3003,0.000000,0.000000,0.000000,above_band_high
2026-07-18T01:29:00Z,92.2957,0.000000,0.000000,0.000000,above_band_high
2026-07-18T01:30:00Z,92.2805,0.000000,0.000000,0.000000,above_band_high
2026-07-18T01:31:00Z,92.3262,0.000000,0.000000,0.000000,above_band_high
2026-07-18T01:32:00Z,92.2805,0.000000,0.000000,0.000000,above_band_high
2026-07-18T01:33:00Z,92.3049,0.000000,0.000000,0.000000,above_band_high
2026-07-18T01:34:00Z,92.3003,0.000000,0.000000,0.000000,above_band_high
2026-07-18T01:35:00Z,92.3217,0.000000,0.000000,0.000000,above_band_high
2026-07-18T01:36:00Z,92.2957,0.000000,0.000000,0.000000,above_band_high
2026-07-18T01:37:00Z,92.3217,0.000000,0.000000,0.000000,above_band_high
2026-07-18T01:38:00Z,92.2866,0.000000,0.000000,0.000000,above_band_high
2026-07-18T01:39:00Z,92.2621,0.000000,0.000000,0.000000,above_band_high
2026-07-18T01:40:00Z,92.2621,0.000000,0.000000,0.000000,above_band_high
2026-07-18T01:41:00Z,92.2316,0.000000,0.000000,0.000000,above_band_high
2026-07-18T01:42:00Z,92.2316,0.000000,0.000000,0.000000,above_band_high
2026-07-18T01:43:00Z,92.2316,0.000000,0.000000,0.000000,above_band_high
2026-07-18T01:44:00Z,92.1798,0.000000,0.000000,0.000000,above_band_high
2026-07-18T01:45:00Z,92.1904,0.000000,0.000000,0.000000,above_band_high
2026-07-18T01:46:00Z,92.1843,0.000000,0.000000,0.000000,above_band_high
2026-07-18T01:47:00Z,92.1172,0.000000,0.000000,0.000000,above_band_high
2026-07-18T01:48:00Z,92.1431,0.000000,0.000000,0.000000,above_band_high
2026-07-18T01:49:00Z,92.1111,0.000000,0.000000,0.000000,above_band_high
2026-07-18T01:50:00Z,92.1309,0.000000,0.000000,0.000000,above_band_high
2026-07-18T01:51:00Z,92.0851,0.000000,0.000000,0.000000,above_band_high
2026-07-18T01:52:00Z,92.0531,0.000000,0.000000,0.000000,above_band_high
2026-07-18T01:53:00Z,92.0287,0.000000,0.000000,0.000000,above_band_high
2026-07-18T01:54:00Z,92.0027,0.000000,0.000000,0.000000,above_band_high
2026-07-18T01:55:00Z,91.9738,0.000000,0.000000,0.000000,above_band_high
2026-07-18T01:56:00Z,91.9066,0.000000,0.000000,0.000000,above_band_high
2026-07-18T01:57:00Z,91.9387,0.000000,0.000000,0.000000,above_band_high
2026-07-18T01:58:00Z,91.9524,0.000000,0.000000,0.000000,above_band_high
2026-07-18T01:59:00Z,91.9387,0.000000,0.000000,0.000000,above_band_high
2026-07-18T02:00:00Z,91.9203,0.000000,0.000000,0.000000,above_band_high
2026-07-18T02:01:00Z,91.8791,0.000000,0.000000,0.000000,above_band_high
2026-07-18T02:02:00Z,91.9005,0.000000,0.000000,0.000000,above_band_high
2026-07-18T02:03:00Z,91.8654,0.000000,0.000000,0.000000,above_band_high
2026-07-18T02:04:00Z,91.8502,0.000000,0.000000,0.000000,above_band_high
2026-07-18T02:05:00Z,91.8654,0.000000,0.000000,0.000000,above_band_high
2026-07-18T02:06:00Z,91.8547,0.000000,0.000000,0.000000,above_band_high
2026-07-18T02:07:00Z,91.9051,0.000000,0.000000,0.000000,above_band_high
2026-07-18T02:08:00Z,91.8837,0.000000,0.000000,0.000000,above_band_high
2026-07-18T02:09:00Z,91.8471,0.000000,0.000000,0.000000,above_band_high
2026-07-18T02:10:00Z,91.8791,0.000000,0.000000,0.000000,above_band_high
2026-07-18T02:11:00Z,91.8959,0.000000,0.000000,0.000000,above_band_high
2026-07-18T02:12:00Z,91.8837,0.000000,0.000000,0.000000,above_band_high
2026-07-18T02:13:00Z,91.8791,0.000000,0.000000,0.000000,above_band_high
2026-07-18T02:14:00Z,91.9158,0.000000,0.000000,0.000000,above_band_high
2026-07-18T02:15:00Z,91.8425,0.000000,0.000000,0.000000,above_band_high
2026-07-18T02:16:00Z,91.8791,0.000000,0.000000,0.000000,above_band_high
2026-07-18T02:17:00Z,91.8334,0.000000,0.000000,0.000000,above_band_high
2026-07-18T02:18:00Z,91.8914,0.000000,0.000000,0.000000,above_band_high
2026-07-18T02:19:00Z,91.9005,0.000000,0.000000,0.000000,above_band_high
2026-07-18T02:20:00Z,91.8746,0.000000,0.000000,0.000000,above_band_high
2026-07-18T02:21:00Z,91.8822,0.000000,0.000000,0.000000,above_band_high
2026-07-18T02:22:00Z,91.8822,0.000000,0.000000,0.000000,above_band_high
2026-07-18T02:23:00Z,91.9463,0.000000,0.000000,0.000000,above_band_high
2026-07-18T02:24:00Z,91.8959,0.000000,0.000000,0.000000,above_band_high
2026-07-18T02:25:00Z,91.9158,0.000000,0.000000,0.000000,above_band_high
2026-07-18T02:26:00Z,91.9280,0.000000,0.000000,0.000000,above_band_high
2026-07-18T02:27:00Z,91.9112,0.000000,0.000000,0.000000,above_band_high
2026-07-18T02:28:00Z,91.9188,0.000000,0.000000,0.000000,above_band_high
2026-07-18T02:29:00Z,91.9280,0.000000,0.000000,0.000000,above_band_high
2026-07-18T02:30:00Z,91.9188,0.000000,0.000000,0.000000,above_band_high
2026-07-18T02:31:00Z,91.9234,0.000000,0.000000,0.000000,above_band_high
2026-07-18T02:32:00Z,91.9646,0.000000,0.000000,0.000000,above_band_high
2026-07-18T02:33:00Z,91.9890,0.000000,0.000000,0.000000,above_band_high
2026-07-18T02:34:00Z,91.9890,0.000000,0.000000,0.000000,above_band_high
2026-07-18T02:35:00Z,91.9890,0.000000,0.000000,0.000000,above_band_high
2026-07-18T02:36:00Z,91.9966,0.000000,0.000000,0.000000,above_band_high
2026-07-18T02:37:00Z,91.9921,0.000000,0.000000,0.000000,above_band_high
2026-07-18T02:38:00Z,91.9921,0.000000,0.000000,0.000000,above_band_high
2026-07-18T02:39:00Z,92.0012,0.000000,0.000000,0.000000,above_band_high
2026-07-18T02:40:00Z,91.9890,0.000000,0.000000,0.000000,above_band_high
2026-07-18T02:41:00Z,91.9738,0.000000,0.000000,0.000000,above_band_high
2026-07-18T02:42:00Z,91.9921,0.000000,0.000000,0.000000,above_band_high
2026-07-18T02:43:00Z,91.9738,0.000000,0.000000,0.000000,above_band_high
2026-07-18T02:44:00Z,91.9417,0.000000,0.000000,0.000000,above_band_high
2026-07-18T02:45:00Z,91.9280,0.000000,0.000000,0.000000,above_band_high
2026-07-18T02:46:00Z,91.9142,0.000000,0.000000,0.000000,above_band_high
2026-07-18T02:47:00Z,91.8700,0.000000,0.000000,0.000000,above_band_high
2026-07-18T02:48:00Z,91.8547,0.000000,0.000000,0.000000,above_band_high
2026-07-18T02:49:00Z,91.8090,0.000000,0.000000,0.000000,above_band_high
2026-07-18T02:50:00Z,91.7922,0.000000,0.000000,0.000000,above_band_high
2026-07-18T02:51:00Z,91.7311,0.000000,0.000000,0.000000,above_band_high
2026-07-18T02:52:00Z,91.7647,0.000000,0.000000,0.000000,above_band_high
2026-07-18T02:53:00Z,91.7540,0.000000,0.000000,0.000000,above_band_high
2026-07-18T02:54:00Z,91.7556,0.000000,0.000000,0.000000,above_band_high
2026-07-18T02:55:00Z,91.7144,0.000000,0.000000,0.000000,above_band_high
2026-07-18T02:56:00Z,91.7220,0.000000,0.000000,0.000000,above_band_high
2026-07-18T02:57:00Z,91.7052,0.000000,0.000000,0.000000,above_band_high
2026-07-18T02:58:00Z,91.6869,0.000000,0.000000,0.000000,above_band_high
2026-07-18T02:59:00Z,91.7144,0.000000,0.000000,0.000000,above_band_high
2026-07-18T03:00:00Z,91.7037,0.000000,0.000000,0.000000,above_band_high
2026-07-18T03:01:00Z,91.6960,0.000000,0.000000,0.000000,above_band_high
2026-07-18T03:02:00Z,91.6854,0.000000,0.000000,0.000000,above_band_high
2026-07-18T03:03:00Z,91.6732,0.000000,0.000000,0.000000,above_band_high
2026-07-18T03:04:00Z,91.7098,0.000000,0.000000,0.000000,above_band_high
2026-07-18T03:05:00Z,91.6854,0.000000,0.000000,0.000000,above_band_high
2026-07-18T03:06:00Z,91.7006,0.000000,0.000000,0.000000,above_band_high
2026-07-18T03:07:00Z,91.6716,0.000000,0.000000,0.000000,above_band_high
2026-07-18T03:08:00Z,91.6732,0.000000,0.000000,0.000000,above_band_high
2026-07-18T03:09:00Z,91.6945,0.000000,0.000000,0.000000,above_band_high
2026-07-18T03:10:00Z,91.7052,0.000000,0.000000,0.000000,above_band_high
2026-07-18T03:11:00Z,91.6762,0.000000,0.000000,0.000000,above_band_high
2026-07-18T03:12:00Z,91.7144,0.000000,0.000000,0.000000,above_band_high
2026-07-18T03:13:00Z,91.6762,0.000000,0.000000,0.000000,above_band_high
2026-07-18T03:14:00Z,91.6945,0.000000,0.000000,0.000000,above_band_high
2026-07-18T03:15:00Z,91.6533,0.000000,0.000000,0.000000,above_band_high
2026-07-18T03:16:00Z,91.6762,0.000000,0.000000,0.000000,above_band_high
2026-07-18T03:17:00Z,91.6640,0.000000,0.000000,0.000000,above_band_high
2026-07-18T03:18:00Z,91.6320,0.000000,0.000000,0.000000,above_band_high
2026-07-18T03:19:00Z,91.6274,0.000000,0.000000,0.000000,above_band_high
2026-07-18T03:20:00Z,91.6625,0.000000,0.000000,0.000000,above_band_high
2026-07-18T03:21:00Z,91.6274,0.000000,0.000000,0.000000,above_band_high
2026-07-18T03:22:00Z,91.6732,0.000000,0.000000,0.000000,above_band_high
2026-07-18T03:23:00Z,91.6854,0.000000,0.000000,0.000000,above_band_high
2026-07-18T03:24:00Z,91.6442,0.000000,0.000000,0.000000,above_band_high
2026-07-18T03:25:00Z,91.6869,0.000000,0.000000,0.000000,above_band_high
2026-07-18T03:26:00Z,91.6640,0.000000,0.000000,0.000000,above_band_high
2026-07-18T03:27:00Z,91.6579,0.000000,0.000000,0.000000,above_band_high
2026-07-18T03:28:00Z,91.6854,0.000000,0.000000,0.000000,above_band_high
2026-07-18T03:29:00Z,91.6503,0.000000,0.000000,0.000000,above_band_high
2026-07-18T03:30:00Z,91.6640,0.000000,0.000000,0.000000,above_band_high
2026-07-18T03:31:00Z,91.6350,0.000000,0.000000,0.000000,above_band_high
2026-07-18T03:32:00Z,91.6442,0.000000,0.000000,0.000000,above_band_high
2026-07-18T03:33:00Z,91.6594,0.000000,0.000000,0.000000,above_band_high
2026-07-18T03:34:00Z,91.6594,0.000000,0.000000,0.000000,above_band_high
2026-07-18T03:35:00Z,91.6442,0.000000,0.000000,0.000000,above_band_high
2026-07-18T03:36:00Z,91.6548,0.000000,0.000000,0.000000,above_band_high
2026-07-18T03:37:00Z,91.6808,0.000000,0.000000,0.000000,above_band_high
2026-07-18T03:38:00Z,91.7144,0.000000,0.000000,0.000000,above_band_high
2026-07-18T03:39:00Z,91.6548,0.000000,0.000000,0.000000,above_band_high
2026-07-18T03:40:00Z,91.6625,0.000000,0.000000,0.000000,above_band_high
2026-07-18T03:41:00Z,91.5999,0.000000,0.000000,0.000000,above_band_high
2026-07-18T03:42:00Z,91.6091,0.000000,0.000000,0.000000,above_band_high
2026-07-18T03:43:00Z,91.6503,0.000000,0.000000,0.000000,above_band_high
2026-07-18T03:44:00Z,91.6167,0.000000,0.000000,0.000000,above_band_high
2026-07-18T03:45:00Z,91.5999,0.000000,0.000000,0.000000,above_band_high
2026-07-18T03:46:00Z,91.5801,0.000000,0.000000,0.000000,above_band_high
2026-07-18T03:47:00Z,91.5404,0.000000,0.000000,0.000000,above_band_high
2026-07-18T03:48:00Z,91.5404,0.000000,0.000000,0.000000,above_band_high
2026-07-18T03:48:50Z,91.4900,0.000000,0.003656,0.003656,in_band
2026-07-18T03:49:00Z,91.4900,0.000000,0.003452,0.003452,in_band
2026-07-18T03:49:42Z,91.5129,0.000873,0.000000,-0.000873,above_band_high
2026-07-18T03:50:00Z,91.4885,0.000422,0.001939,0.001517,in_band
2026-07-18T03:50:02Z,91.4992,0.001972,0.001876,-0.000096,in_band
2026-07-18T03:51:44Z,91.4427,0.000380,0.000433,0.000053,in_band
2026-07-18T03:51:59Z,91.4260,0.000296,0.000338,0.000042,in_band
2026-07-18T03:52:00Z,91.4672,0.000292,0.000333,0.000041,in_band
2026-07-18T03:52:22Z,91.5038,0.000203,0.000000,-0.000203,above_band_high
2026-07-18T03:53:00Z,91.4427,0.000108,0.000128,0.000020,in_band
2026-07-18T03:53:59Z,91.4168,0.000041,0.000048,0.000007,in_band
2026-07-18T03:54:00Z,91.4214,0.000040,0.000047,0.000007,in_band
2026-07-18T03:54:59Z,91.4427,0.000015,0.000018,0.000003,in_band
2026-07-18T03:55:00Z,91.4168,0.000015,0.000018,0.000003,in_band
2026-07-18T03:55:59Z,91.3710,0.000006,0.000007,0.000001,in_band
2026-07-18T03:56:00Z,91.3832,0.000006,0.000007,0.000001,in_band
2026-07-18T03:56:59Z,91.3741,0.000002,0.000002,0.000000,in_band
2026-07-18T03:57:00Z,91.3802,0.000002,0.000002,0.000000,in_band
2026-07-18T03:57:59Z,91.3466,0.000001,0.000001,0.000000,in_band
2026-07-18T03:58:00Z,91.3649,0.000001,0.000001,0.000000,in_band
2026-07-18T03:58:59Z,91.3237,0.000000,0.000000,0.000000,in_band
2026-07-18T03:59:00Z,91.3375,0.000000,0.000000,0.000000,in_band
2026-07-18T03:59:59Z,91.3100,0.000000,0.000000,0.000000,in_band
2026-07-18T04:00:00Z,91.3283,0.000000,0.000000,0.000000,in_band
2026-07-18T04:00:59Z,91.3191,0.000000,0.000000,0.000000,in_band
2026-07-18T04:01:00Z,91.3298,0.000000,0.000000,0.000000,in_band
2026-07-18T04:01:59Z,91.2642,0.000000,0.000000,0.000000,in_band
2026-07-18T04:02:00Z,91.2688,0.000000,0.000000,0.000000,in_band
2026-07-18T04:02:59Z,91.3146,0.000000,0.000000,0.000000,in_band
2026-07-18T04:03:00Z,91.2825,0.000000,0.000000,0.000000,in_band
2026-07-18T04:03:59Z,91.2612,0.000000,0.000000,0.000000,in_band
2026-07-18T04:04:00Z,91.3024,0.000000,0.000000,0.000000,in_band
2026-07-18T04:04:59Z,91.3237,0.000000,0.000000,0.000000,in_band
2026-07-18T04:05:00Z,91.3100,0.000000,0.000000,0.000000,in_band
2026-07-18T04:05:59Z,91.2825,0.000000,0.000000,0.000000,in_band
2026-07-18T04:06:00Z,91.3024,0.000000,0.000000,0.000000,in_band
2026-07-18T04:06:59Z,91.3344,0.000000,0.000000,0.000000,in_band
2026-07-18T04:07:00Z,91.2825,0.000000,0.000000,0.000000,in_band
2026-07-18T04:07:59Z,91.3008,0.000000,0.000000,0.000000,in_band
2026-07-18T04:08:00Z,91.2886,0.000000,0.000000,0.000000,in_band
2026-07-18T04:08:59Z,91.2779,0.000000,0.000000,0.000000,in_band
2026-07-18T04:09:00Z,91.3329,0.000000,0.000000,0.000000,in_band
2026-07-18T04:09:59Z,91.2825,0.000000,0.000000,0.000000,in_band
2026-07-18T04:10:00Z,91.2886,0.000000,0.000000,0.000000,in_band
2026-07-18T04:10:59Z,91.2642,0.000000,0.000000,0.000000,in_band
2026-07-18T04:11:00Z,91.2779,0.000000,0.000000,0.000000,in_band
2026-07-18T04:11:59Z,91.2840,0.000000,0.000000,0.000000,in_band
2026-07-18T04:12:00Z,91.2886,0.000000,0.000000,0.000000,in_band
2026-07-18T04:12:59Z,91.2932,0.000000,0.000000,0.000000,in_band
2026-07-18T04:13:00Z,91.2932,0.000000,0.000000,0.000000,in_band
2026-07-18T04:13:59Z,91.2840,0.000000,0.000000,0.000000,in_band
2026-07-18T04:14:00Z,91.2734,0.000000,0.000000,0.000000,in_band
2026-07-18T04:14:59Z,91.3207,0.000000,0.000000,0.000000,in_band
2026-07-18T04:15:00Z,91.3024,0.000000,0.000000,0.000000,in_band
2026-07-18T04:15:59Z,91.2932,0.000000,0.000000,0.000000,in_band
2026-07-18T04:16:00Z,91.2932,0.000000,0.000000,0.000000,in_band
2026-07-18T04:16:59Z,91.2520,0.000000,0.000000,0.000000,in_band
2026-07-18T04:17:00Z,91.2886,0.000000,0.000000,0.000000,in_band
2026-07-18T04:17:59Z,91.3191,0.000000,0.000000,0.000000,in_band
2026-07-18T04:18:00Z,91.3054,0.000000,0.000000,0.000000,in_band
2026-07-18T04:18:59Z,91.2734,0.000000,0.000000,0.000000,in_band
2026-07-18T04:19:00Z,91.2734,0.000000,0.000000,0.000000,in_band
2026-07-18T04:19:59Z,91.2734,0.000000,0.000000,0.000000,in_band
2026-07-18T04:20:00Z,91.2596,0.000000,0.000000,0.000000,in_band
2026-07-18T04:20:59Z,91.3283,0.000000,0.000000,0.000000,in_band
2026-07-18T04:21:00Z,91.3100,0.000000,0.000000,0.000000,in_band
2026-07-18T04:21:59Z,91.3161,0.000000,0.000000,0.000000,in_band
2026-07-18T04:22:00Z,91.2795,0.000000,0.000000,0.000000,in_band
2026-07-18T04:22:59Z,91.3024,0.000000,0.000000,0.000000,in_band
2026-07-18T04:23:00Z,91.3054,0.000000,0.000000,0.000000,in_band
2026-07-18T04:23:59Z,91.3161,0.000000,0.000000,0.000000,in_band
2026-07-18T04:24:00Z,91.3283,0.000000,0.000000,0.000000,in_band
2026-07-18T04:24:59Z,91.3619,0.000000,0.000000,0.000000,in_band
2026-07-18T04:25:00Z,91.3161,0.000000,0.000000,0.000000,in_band
2026-07-18T04:25:59Z,91.3787,0.000000,0.000000,0.000000,in_band
2026-07-18T04:26:00Z,91.3375,0.000000,0.000000,0.000000,in_band
2026-07-18T04:26:59Z,91.3695,0.000000,0.000000,0.000000,in_band
2026-07-18T04:27:00Z,91.3924,0.000000,0.000000,0.000000,in_band
2026-07-18T04:27:59Z,91.4076,0.000000,0.000000,0.000000,in_band
2026-07-18T04:28:00Z,91.3527,0.000000,0.000000,0.000000,in_band
2026-07-18T04:28:59Z,91.3695,0.000000,0.000000,0.000000,in_band
2026-07-18T04:29:00Z,91.3741,0.000000,0.000000,0.000000,in_band
2026-07-18T04:29:59Z,91.3695,0.000000,0.000000,0.000000,in_band
2026-07-18T04:30:00Z,91.3832,0.000000,0.000000,0.000000,in_band
2026-07-18T04:30:59Z,91.4244,0.000000,0.000000,0.000000,in_band
2026-07-18T04:31:00Z,91.3695,0.000000,0.000000,0.000000,in_band
2026-07-18T04:31:59Z,91.3848,0.000000,0.000000,0.000000,in_band
2026-07-18T04:32:00Z,91.4351,0.000000,0.000000,0.000000,in_band
2026-07-18T04:32:59Z,91.4488,0.000000,0.000000,0.000000,in_band
2026-07-18T04:33:00Z,91.4305,0.000000,0.000000,0.000000,in_band
2026-07-18T04:33:59Z,91.4031,0.000000,0.000000,0.000000,in_band
2026-07-18T04:34:00Z,91.4260,0.000000,0.000000,0.000000,in_band
2026-07-18T04:34:59Z,91.4015,0.000000,0.000000,0.000000,in_band
2026-07-18T04:35:00Z,91.4305,0.000000,0.000000,0.000000,in_band
2026-07-18T04:35:59Z,91.4351,0.000000,0.000000,0.000000,in_band
2026-07-18T04:36:44Z,91.5023,0.000000,0.000000,-0.000000,above_band_high
2026-07-18T04:36:46Z,91.4443,0.000000,0.000005,0.000005,in_band
2026-07-18T04:37:00Z,91.4443,0.000000,0.000004,0.000004,in_band
2026-07-18T04:37:59Z,91.4855,0.000000,0.000001,0.000001,in_band
2026-07-18T04:38:52Z,91.5038,0.000000,0.000000,-0.000000,above_band_high
2026-07-18T04:38:54Z,91.4885,0.000000,0.000009,0.000009,in_band
2026-07-18T04:39:18Z,91.5038,0.000000,0.000000,-0.000000,above_band_high
2026-07-18T04:39:20Z,91.4977,0.000000,0.000014,0.000014,in_band
2026-07-18T04:40:00Z,91.4488,0.000000,0.000007,0.000007,in_band
2026-07-18T04:40:59Z,91.4580,0.000000,0.000003,0.000003,in_band
2026-07-18T04:41:00Z,91.4794,0.000000,0.000003,0.000003,in_band
2026-07-18T04:41:59Z,91.4717,0.000000,0.000001,0.000001,in_band
2026-07-18T04:42:00Z,91.4534,0.000000,0.000001,0.000001,in_band
2026-07-18T04:42:59Z,91.4534,0.000000,0.000000,0.000000,in_band
2026-07-18T04:43:24Z,91.5038,0.000000,0.000000,-0.000000,above_band_high
2026-07-18T04:43:40Z,91.4473,0.000000,0.000016,0.000016,in_band
2026-07-18T04:44:13Z,91.4534,0.000006,0.000014,0.000008,in_band
2026-07-18T04:44:59Z,91.4427,0.000003,0.000007,0.000004,in_band
2026-07-18T04:45:00Z,91.4488,0.000003,0.000007,0.000004,in_band
2026-07-18T04:45:59Z,91.4153,0.000001,0.000002,0.000001,in_band
2026-07-18T04:46:00Z,91.4290,0.000001,0.000002,0.000001,in_band
2026-07-18T04:46:59Z,91.4076,0.000000,0.000001,0.000001,in_band
2026-07-18T04:47:00Z,91.3985,0.000000,0.000001,0.000001,in_band
2026-07-18T04:47:59Z,91.4305,0.000000,0.000000,0.000000,in_band
2026-07-18T04:48:00Z,91.4763,0.000000,0.000000,0.000000,in_band
2026-07-18T04:48:59Z,91.4107,0.000000,0.000000,0.000000,in_band
2026-07-18T04:49:00Z,91.4443,0.000000,0.000000,0.000000,in_band
2026-07-18T04:49:59Z,91.4351,0.000000,0.000000,0.000000,in_band
2026-07-18T04:50:00Z,91.4061,0.000000,0.000000,0.000000,in_band
2026-07-18T04:50:59Z,91.4260,0.000000,0.000000,0.000000,in_band
2026-07-18T04:51:00Z,91.4214,0.000000,0.000000,0.000000,in_band
2026-07-18T04:51:59Z,91.4290,0.000000,0.000000,0.000000,in_band
2026-07-18T04:52:00Z,91.4107,0.000000,0.000000,0.000000,in_band
2026-07-18T04:52:59Z,91.3878,0.000000,0.000000,0.000000,in_band
2026-07-18T04:53:00Z,91.4107,0.000000,0.000000,0.000000,in_band
2026-07-18T04:53:59Z,91.3756,0.000000,0.000000,0.000000,in_band
2026-07-18T04:54:00Z,91.3695,0.000000,0.000000,0.000000,in_band
2026-07-18T04:54:59Z,91.3878,0.000000,0.000000,0.000000,in_band
2026-07-18T04:55:00Z,91.3619,0.000000,0.000000,0.000000,in_band
2026-07-18T04:55:59Z,91.3985,0.000000,0.000000,0.000000,in_band
2026-07-18T04:56:00Z,91.3573,0.000000,0.000000,0.000000,in_band
2026-07-18T04:56:59Z,91.3619,0.000000,0.000000,0.000000,in_band
2026-07-18T04:57:00Z,91.3878,0.000000,0.000000,0.000000,in_band
2026-07-18T04:57:59Z,91.4107,0.000000,0.000000,0.000000,in_band
2026-07-18T04:58:00Z,91.4031,0.000000,0.000000,0.000000,in_band
2026-07-18T04:58:59Z,91.4122,0.000000,0.000000,0.000000,in_band
2026-07-18T04:59:00Z,91.4168,0.000000,0.000000,0.000000,in_band
2026-07-18T04:59:59Z,91.4031,0.000000,0.000000,0.000000,in_band
2026-07-18T05:00:00Z,91.4244,0.000000,0.000000,0.000000,in_band
2026-07-18T05:00:59Z,91.4885,0.000000,0.000000,0.000000,in_band
2026-07-18T05:01:00Z,91.4534,0.000000,0.000000,0.000000,in_band
2026-07-18T05:01:59Z,91.4031,0.000000,0.000000,0.000000,in_band
2026-07-18T05:02:00Z,91.4611,0.000000,0.000000,0.000000,in_band
2026-07-18T05:02:59Z,91.4534,0.000000,0.000000,0.000000,in_band
2026-07-18T05:03:00Z,91.4305,0.000000,0.000000,0.000000,in_band
2026-07-18T05:03:59Z,91.4443,0.000000,0.000000,0.000000,in_band
2026-07-18T05:04:00Z,91.4351,0.000000,0.000000,0.000000,in_band
2026-07-18T05:04:59Z,91.4580,0.000000,0.000000,0.000000,in_band
2026-07-18T05:05:00Z,91.4580,0.000000,0.000000,0.000000,in_band
2026-07-18T05:05:59Z,91.4656,0.000000,0.000000,0.000000,in_band
2026-07-18T05:06:00Z,91.4656,0.000000,0.000000,0.000000,in_band
2026-07-18T05:06:59Z,91.4290,0.000000,0.000000,0.000000,in_band
2026-07-18T05:07:20Z,91.5206,0.000000,0.000000,-0.000000,above_band_high
2026-07-18T05:07:22Z,91.4305,0.000000,0.000044,0.000044,in_band
2026-07-18T05:08:00Z,91.4656,0.000000,0.000023,0.000023,in_band
2026-07-18T05:08:59Z,91.4702,0.000000,0.000009,0.000009,in_band
2026-07-18T05:09:00Z,91.4611,0.000000,0.000009,0.000009,in_band
2026-07-18T05:09:59Z,91.4672,0.000000,0.000003,0.000003,in_band
2026-07-18T05:10:36Z,91.5068,0.000000,0.000000,-0.000000,above_band_high
2026-07-18T05:10:38Z,91.4488,0.000000,0.000016,0.000016,in_band
2026-07-18T05:11:14Z,91.5114,0.000000,0.000000,-0.000000,above_band_high
2026-07-18T05:11:16Z,91.4946,0.000000,0.000033,0.000033,in_band
2026-07-18T05:15:26Z,91.5526,0.000000,0.000000,0.000000,above_band_high
2026-07-18T05:15:58Z,91.4977,0.000000,0.001304,0.001304,in_band
2026-07-18T05:16:00Z,91.5480,0.000000,0.000000,0.000000,above_band_high
2026-07-18T05:17:00Z,91.5404,0.000000,0.000000,0.000000,above_band_high
2026-07-18T05:18:00Z,91.6045,0.000000,0.000000,0.000000,above_band_high
2026-07-18T05:19:00Z,91.5724,0.000000,0.000000,0.000000,above_band_high
2026-07-18T05:20:00Z,91.6030,0.000000,0.000000,0.000000,above_band_high
2026-07-18T05:21:00Z,91.5938,0.000000,0.000000,0.000000,above_band_high
2026-07-18T05:22:00Z,91.5541,0.000000,0.000000,0.000000,above_band_high
2026-07-18T05:23:00Z,91.5709,0.000000,0.000000,0.000000,above_band_high
2026-07-18T05:24:00Z,91.6167,0.000000,0.000000,0.000000,above_band_high
2026-07-18T05:25:00Z,91.5709,0.000000,0.000000,0.000000,above_band_high
2026-07-18T05:25:48Z,91.5084,0.000000,0.000423,0.000423,above_band_high
2026-07-18T05:26:00Z,91.5404,0.000000,0.000000,0.000000,above_band_high
2026-07-18T05:27:00Z,91.5663,0.000000,0.000000,0.000000,above_band_high
2026-07-18T05:28:00Z,91.5358,0.000000,0.000000,0.000000,above_band_high
2026-07-18T05:29:00Z,91.5953,0.000000,0.000000,0.000000,above_band_high
2026-07-18T05:30:00Z,91.5496,0.000000,0.000000,0.000000,above_band_high
2026-07-18T05:31:00Z,91.5450,0.000000,0.000000,0.000000,above_band_high
2026-07-18T05:31:40Z,91.4946,0.000000,0.004132,0.004132,in_band
2026-07-18T05:32:00Z,91.5450,0.000000,0.000000,0.000000,above_band_high
2026-07-18T05:33:00Z,91.5450,0.000000,0.000000,0.000000,above_band_high
2026-07-18T05:34:00Z,91.5679,0.000000,0.000000,0.000000,above_band_high
2026-07-18T05:35:00Z,91.5770,0.000000,0.000000,0.000000,above_band_high
2026-07-18T05:36:00Z,91.6030,0.000000,0.000000,0.000000,above_band_high
2026-07-18T05:37:00Z,91.6228,0.000000,0.000000,0.000000,above_band_high
2026-07-18T05:38:00Z,91.6396,0.000000,0.000000,0.000000,above_band_high
2026-07-18T05:39:00Z,91.6442,0.000000,0.000000,0.000000,above_band_high
2026-07-18T05:40:00Z,91.6350,0.000000,0.000000,0.000000,above_band_high
2026-07-18T05:41:00Z,91.6304,0.000000,0.000000,0.000000,above_band_high
2026-07-18T05:42:00Z,91.6350,0.000000,0.000000,0.000000,above_band_high
2026-07-18T05:43:00Z,91.5892,0.000000,0.000000,0.000000,above_band_high
2026-07-18T05:44:00Z,91.6045,0.000000,0.000000,0.000000,above_band_high
2026-07-18T05:45:00Z,91.5862,0.000000,0.000000,0.000000,above_band_high
2026-07-18T05:46:00Z,91.5709,0.000000,0.000000,0.000000,above_band_high
2026-07-18T05:47:00Z,91.5496,0.000000,0.000000,0.000000,above_band_high
2026-07-18T05:48:00Z,91.5801,0.000000,0.000000,0.000000,above_band_high
2026-07-18T05:49:00Z,91.5587,0.000000,0.000000,0.000000,above_band_high
2026-07-18T05:50:00Z,91.5312,0.000000,0.000000,0.000000,above_band_high
2026-07-18T05:51:00Z,91.5496,0.000000,0.000000,0.000000,above_band_high
2026-07-18T05:52:00Z,91.5221,0.000000,0.000000,0.000000,above_band_high
2026-07-18T05:52:44Z,91.4900,0.000000,0.003000,0.003000,in_band
2026-07-18T05:53:00Z,91.5267,0.000000,0.000000,0.000000,above_band_high
2026-07-18T05:53:04Z,91.4717,0.000000,0.002535,0.002535,in_band
2026-07-18T05:54:00Z,91.5450,0.000000,0.000000,0.000000,above_band_high
2026-07-18T05:54:22Z,91.4885,0.000000,0.001986,0.001986,in_band
2026-07-18T05:55:00Z,91.5389,0.000000,0.000000,0.000000,above_band_high
2026-07-18T05:55:20Z,91.4900,0.000000,0.001981,0.001981,in_band
2026-07-18T05:56:00Z,91.5389,0.000000,0.000000,0.000000,above_band_high
2026-07-18T05:56:50Z,91.4839,0.000000,0.001767,0.001767,in_band
2026-07-18T05:57:00Z,91.5389,0.000000,0.000000,0.000000,above_band_high
2026-07-18T05:57:04Z,91.4992,0.000589,0.001658,0.001070,in_band
2026-07-18T05:58:02Z,91.5755,0.000000,0.000000,0.000000,above_band_high
2026-07-18T05:58:12Z,91.4839,0.000000,0.001811,0.001811,in_band
2026-07-18T05:59:00Z,91.4946,0.000000,0.001592,0.001592,in_band
2026-07-18T05:59:46Z,91.5435,0.000218,0.000000,-0.000218,above_band_high
2026-07-18T06:00:00Z,91.5068,0.000000,0.000000,0.000000,above_band_high
2026-07-18T06:00:16Z,91.4977,0.000000,0.001138,0.001138,in_band
2026-07-18T06:01:04Z,91.5114,0.000000,0.000000,0.000000,above_band_high
2026-07-18T06:01:30Z,91.4931,0.000000,0.001110,0.001110,in_band
2026-07-18T06:02:00Z,91.5175,0.000000,0.000000,0.000000,above_band_high
2026-07-18T06:02:46Z,91.4946,0.000000,0.001193,0.001193,in_band
2026-07-18T06:03:00Z,91.5251,0.000000,0.000000,0.000000,above_band_high
2026-07-18T06:03:18Z,91.4946,0.000000,0.001496,0.001496,in_band
2026-07-18T06:04:00Z,91.5496,0.000000,0.000000,0.000000,above_band_high
2026-07-18T06:05:00Z,91.5663,0.000000,0.000000,0.000000,above_band_high
2026-07-18T06:06:00Z,91.6167,0.000000,0.000000,0.000000,above_band_high
2026-07-18T06:07:00Z,91.6503,0.000000,0.000000,0.000000,above_band_high
2026-07-18T06:08:00Z,91.6350,0.000000,0.000000,0.000000,above_band_high
2026-07-18T06:09:00Z,91.6686,0.000000,0.000000,0.000000,above_band_high
2026-07-18T06:10:00Z,91.6808,0.000000,0.000000,0.000000,above_band_high
2026-07-18T06:11:00Z,91.7510,0.000000,0.000000,0.000000,above_band_high
2026-07-18T06:12:00Z,91.7876,0.000000,0.000000,0.000000,above_band_high
2026-07-18T06:13:00Z,91.8044,0.000000,0.000000,0.000000,above_band_high
2026-07-18T06:14:00Z,91.8593,0.000000,0.000000,0.000000,above_band_high
2026-07-18T06:15:00Z,91.8425,0.000000,0.000000,0.000000,above_band_high
2026-07-18T06:16:00Z,91.9158,0.000000,0.000000,0.000000,above_band_high
2026-07-18T06:17:00Z,91.9005,0.000000,0.000000,0.000000,above_band_high
2026-07-18T06:18:00Z,91.9738,0.000000,0.000000,0.000000,above_band_high
2026-07-18T06:19:00Z,91.9524,0.000000,0.000000,0.000000,above_band_high
2026-07-18T06:20:00Z,91.9661,0.000000,0.000000,0.000000,above_band_high
2026-07-18T06:21:00Z,92.0104,0.000000,0.000000,0.000000,above_band_high
2026-07-18T06:22:00Z,92.0439,0.000000,0.000000,0.000000,above_band_high
2026-07-18T06:23:00Z,91.9936,0.000000,0.000000,0.000000,above_band_high
2026-07-18T06:24:00Z,92.0241,0.000000,0.000000,0.000000,above_band_high
2026-07-18T06:25:00Z,92.0378,0.000000,0.000000,0.000000,above_band_high
2026-07-18T06:26:00Z,92.0562,0.000000,0.000000,0.000000,above_band_high
2026-07-18T06:27:00Z,92.0562,0.000000,0.000000,0.000000,above_band_high
2026-07-18T06:28:00Z,92.0623,0.000000,0.000000,0.000000,above_band_high
2026-07-18T06:29:00Z,92.1065,0.000000,0.000000,0.000000,above_band_high
2026-07-18T06:30:00Z,92.0989,0.000000,0.000000,0.000000,above_band_high
2026-07-18T06:31:00Z,92.1340,0.000000,0.000000,0.000000,above_band_high
2026-07-18T06:32:00Z,92.0989,0.000000,0.000000,0.000000,above_band_high
2026-07-18T06:33:00Z,92.0806,0.000000,0.000000,0.000000,above_band_high
2026-07-18T06:34:00Z,92.1447,0.000000,0.000000,0.000000,above_band_high
2026-07-18T06:35:00Z,92.1157,0.000000,0.000000,0.000000,above_band_high
2026-07-18T06:36:00Z,92.1263,0.000000,0.000000,0.000000,above_band_high
2026-07-18T06:37:00Z,92.0653,0.000000,0.000000,0.000000,above_band_high
2026-07-18T06:38:00Z,92.0714,0.000000,0.000000,0.000000,above_band_high
2026-07-18T06:39:00Z,92.1065,0.000000,0.000000,0.000000,above_band_high
2026-07-18T06:40:00Z,92.1019,0.000000,0.000000,0.000000,above_band_high
2026-07-18T06:41:00Z,92.1126,0.000000,0.000000,0.000000,above_band_high
2026-07-18T06:42:00Z,92.0928,0.000000,0.000000,0.000000,above_band_high
2026-07-18T06:43:00Z,92.1431,0.000000,0.000000,0.000000,above_band_high
2026-07-18T06:44:00Z,92.1218,0.000000,0.000000,0.000000,above_band_high
2026-07-18T06:45:00Z,92.1569,0.000000,0.000000,0.000000,above_band_high
2026-07-18T06:46:00Z,92.1630,0.000000,0.000000,0.000000,above_band_high
2026-07-18T06:47:00Z,92.0974,0.000000,0.000000,0.000000,above_band_high
2026-07-18T06:48:00Z,92.1157,0.000000,0.000000,0.000000,above_band_high
2026-07-18T06:49:00Z,92.0851,0.000000,0.000000,0.000000,above_band_high
2026-07-18T06:50:00Z,92.0851,0.000000,0.000000,0.000000,above_band_high
2026-07-18T06:51:00Z,92.0439,0.000000,0.000000,0.000000,above_band_high
2026-07-18T06:52:00Z,92.0897,0.000000,0.000000,0.000000,above_band_high
2026-07-18T06:53:00Z,92.0851,0.000000,0.000000,0.000000,above_band_high
2026-07-18T06:54:00Z,92.0760,0.000000,0.000000,0.000000,above_band_high
2026-07-18T06:55:00Z,92.0516,0.000000,0.000000,0.000000,above_band_high
2026-07-18T06:56:00Z,92.0577,0.000000,0.000000,0.000000,above_band_high
2026-07-18T06:57:00Z,92.0577,0.000000,0.000000,0.000000,above_band_high
2026-07-18T06:58:00Z,92.0424,0.000000,0.000000,0.000000,above_band_high
2026-07-18T06:59:00Z,92.0424,0.000000,0.000000,0.000000,above_band_high
2026-07-18T07:00:00Z,92.0790,0.000000,0.000000,0.000000,above_band_high
2026-07-18T07:01:00Z,92.0577,0.000000,0.000000,0.000000,above_band_high
2026-07-18T07:02:00Z,92.0790,0.000000,0.000000,0.000000,above_band_high
2026-07-18T07:03:00Z,92.0348,0.000000,0.000000,0.000000,above_band_high
2026-07-18T07:04:00Z,92.0790,0.000000,0.000000,0.000000,above_band_high
2026-07-18T07:05:00Z,92.0287,0.000000,0.000000,0.000000,above_band_high
2026-07-18T07:06:00Z,92.0378,0.000000,0.000000,0.000000,above_band_high
2026-07-18T07:07:00Z,92.0745,0.000000,0.000000,0.000000,above_band_high
2026-07-18T07:08:00Z,92.0989,0.000000,0.000000,0.000000,above_band_high
2026-07-18T07:09:00Z,92.1218,0.000000,0.000000,0.000000,above_band_high
2026-07-18T07:10:00Z,92.1035,0.000000,0.000000,0.000000,above_band_high
2026-07-18T07:11:00Z,92.1263,0.000000,0.000000,0.000000,above_band_high
2026-07-18T07:12:00Z,92.1019,0.000000,0.000000,0.000000,above_band_high
2026-07-18T07:13:00Z,92.1080,0.000000,0.000000,0.000000,above_band_high
2026-07-18T07:14:00Z,92.1721,0.000000,0.000000,0.000000,above_band_high
2026-07-18T07:15:00Z,92.1721,0.000000,0.000000,0.000000,above_band_high
2026-07-18T07:16:00Z,92.1492,0.000000,0.000000,0.000000,above_band_high
2026-07-18T07:17:00Z,92.2271,0.000000,0.000000,0.000000,above_band_high
2026-07-18T07:18:00Z,92.2087,0.000000,0.000000,0.000000,above_band_high
2026-07-18T07:19:00Z,92.2164,0.000000,0.000000,0.000000,above_band_high
2026-07-18T07:20:00Z,92.2438,0.000000,0.000000,0.000000,above_band_high
2026-07-18T07:21:00Z,92.2255,0.000000,0.000000,0.000000,above_band_high
2026-07-18T07:22:00Z,92.2164,0.000000,0.000000,0.000000,above_band_high
2026-07-18T07:23:00Z,92.2713,0.000000,0.000000,0.000000,above_band_high
2026-07-18T07:24:00Z,92.2621,0.000000,0.000000,0.000000,above_band_high
2026-07-18T07:25:00Z,92.2667,0.000000,0.000000,0.000000,above_band_high
2026-07-18T07:26:00Z,92.2866,0.000000,0.000000,0.000000,above_band_high
2026-07-18T07:27:00Z,92.3003,0.000000,0.000000,0.000000,above_band_high
2026-07-18T07:28:00Z,92.3629,0.000000,0.000000,0.000000,above_band_high
2026-07-18T07:29:00Z,92.3491,0.000000,0.000000,0.000000,above_band_high
2026-07-18T07:30:00Z,92.3125,0.000000,0.000000,0.000000,above_band_high
2026-07-18T07:31:00Z,92.3308,0.000000,0.000000,0.000000,above_band_high
2026-07-18T07:32:00Z,92.3507,0.000000,0.000000,0.000000,above_band_high
2026-07-18T07:33:00Z,92.3674,0.000000,0.000000,0.000000,above_band_high
2026-07-18T07:34:00Z,92.3812,0.000000,0.000000,0.000000,above_band_high
2026-07-18T07:35:00Z,92.3644,0.000000,0.000000,0.000000,above_band_high
2026-07-18T07:36:00Z,92.3949,0.000000,0.000000,0.000000,above_band_high
2026-07-18T07:37:00Z,92.4224,0.000000,0.000000,0.000000,above_band_high
2026-07-18T07:38:00Z,92.4361,0.000000,0.000000,0.000000,above_band_high
2026-07-18T07:39:00Z,92.5048,0.000000,0.000000,0.000000,above_band_high
2026-07-18T07:40:00Z,92.4834,0.000000,0.000000,0.000000,above_band_high
2026-07-18T07:41:00Z,92.4865,0.000000,0.000000,0.000000,above_band_high
2026-07-18T07:42:00Z,92.5139,0.000000,0.000000,0.000000,above_band_high
2026-07-18T07:43:00Z,92.5154,0.000000,0.000000,0.000000,above_band_high
2026-07-18T07:44:00Z,92.5002,0.000000,0.000000,0.000000,above_band_high
2026-07-18T07:45:00Z,92.5277,0.000000,0.000000,0.000000,above_band_high
2026-07-18T07:46:00Z,92.5277,0.000000,0.000000,0.000000,above_band_high
2026-07-18T07:47:00Z,92.5231,0.000000,0.000000,0.000000,above_band_high
2026-07-18T07:48:00Z,92.5383,0.000000,0.000000,0.000000,above_band_high
2026-07-18T07:49:00Z,92.5475,0.000000,0.000000,0.000000,above_band_high
2026-07-18T07:50:00Z,92.5704,0.000000,0.000000,0.000000,above_band_high
2026-07-18T07:51:00Z,92.5841,0.000000,0.000000,0.000000,above_band_high
2026-07-18T07:52:00Z,92.5933,0.000000,0.000000,0.000000,above_band_high
2026-07-18T07:53:00Z,92.6101,0.000000,0.000000,0.000000,above_band_high
2026-07-18T07:54:00Z,92.6253,0.000000,0.000000,0.000000,above_band_high
2026-07-18T07:55:00Z,92.6467,0.000000,0.000000,0.000000,above_band_high
2026-07-18T07:56:00Z,92.5917,0.000000,0.000000,0.000000,above_band_high
2026-07-18T07:57:00Z,92.5551,0.000000,0.000000,0.000000,above_band_high
2026-07-18T07:58:00Z,92.5277,0.000000,0.000000,0.000000,above_band_high
2026-07-18T07:59:00Z,92.4788,0.000000,0.000000,0.000000,above_band_high
2026-07-18T08:00:00Z,92.4224,0.000000,0.000000,0.000000,above_band_high
2026-07-18T08:01:00Z,92.3995,0.000000,0.000000,0.000000,above_band_high
2026-07-18T08:02:00Z,92.3644,0.000000,0.000000,0.000000,above_band_high
2026-07-18T08:03:00Z,92.3095,0.000000,0.000000,0.000000,above_band_high
2026-07-18T08:04:00Z,92.3140,0.000000,0.000000,0.000000,above_band_high
2026-07-18T08:05:00Z,92.3049,0.000000,0.000000,0.000000,above_band_high
2026-07-18T08:06:00Z,92.3140,0.000000,0.000000,0.000000,above_band_high
2026-07-18T08:07:00Z,92.3095,0.000000,0.000000,0.000000,above_band_high
2026-07-18T08:08:00Z,92.2942,0.000000,0.000000,0.000000,above_band_high
2026-07-18T08:09:00Z,92.3308,0.000000,0.000000,0.000000,above_band_high
2026-07-18T08:10:00Z,92.3400,0.000000,0.000000,0.000000,above_band_high
2026-07-18T08:11:00Z,92.3400,0.000000,0.000000,0.000000,above_band_high
2026-07-18T08:12:00Z,92.3186,0.000000,0.000000,0.000000,above_band_high
2026-07-18T08:13:00Z,92.3690,0.000000,0.000000,0.000000,above_band_high
2026-07-18T08:14:00Z,92.3537,0.000000,0.000000,0.000000,above_band_high
2026-07-18T08:15:00Z,92.2850,0.000000,0.000000,0.000000,above_band_high
2026-07-18T08:16:00Z,92.2347,0.000000,0.000000,0.000000,above_band_high
2026-07-18T08:17:00Z,92.2408,0.000000,0.000000,0.000000,above_band_high
2026-07-18T08:18:00Z,92.2118,0.000000,0.000000,0.000000,above_band_high
2026-07-18T08:19:00Z,92.1767,0.000000,0.000000,0.000000,above_band_high
2026-07-18T08:20:00Z,92.1386,0.000000,0.000000,0.000000,above_band_high
2026-07-18T08:21:00Z,92.1248,0.000000,0.000000,0.000000,above_band_high
2026-07-18T08:22:00Z,92.1065,0.000000,0.000000,0.000000,above_band_high
2026-07-18T08:23:00Z,92.0790,0.000000,0.000000,0.000000,above_band_high
2026-07-18T08:24:00Z,92.0348,0.000000,0.000000,0.000000,above_band_high
2026-07-18T08:25:00Z,91.9829,0.000000,0.000000,0.000000,above_band_high
2026-07-18T08:26:00Z,91.9936,0.000000,0.000000,0.000000,above_band_high
2026-07-18T08:27:00Z,91.9600,0.000000,0.000000,0.000000,above_band_high
2026-07-18T08:28:00Z,91.9600,0.000000,0.000000,0.000000,above_band_high
2026-07-18T08:29:00Z,91.9570,0.000000,0.000000,0.000000,above_band_high
2026-07-18T08:30:00Z,91.9203,0.000000,0.000000,0.000000,above_band_high
2026-07-18T08:31:00Z,91.8517,0.000000,0.000000,0.000000,above_band_high
2026-07-18T08:32:00Z,91.8044,0.000000,0.000000,0.000000,above_band_high
2026-07-18T08:33:00Z,91.8196,0.000000,0.000000,0.000000,above_band_high
2026-07-18T08:34:00Z,91.7906,0.000000,0.000000,0.000000,above_band_high
2026-07-18T08:35:00Z,91.8090,0.000000,0.000000,0.000000,above_band_high
2026-07-18T08:36:00Z,91.8044,0.000000,0.000000,0.000000,above_band_high
2026-07-18T08:37:00Z,91.8379,0.000000,0.000000,0.000000,above_band_high
2026-07-18T08:38:00Z,91.7556,0.000000,0.000000,0.000000,above_band_high
2026-07-18T08:39:00Z,91.7556,0.000000,0.000000,0.000000,above_band_high
2026-07-18T08:40:00Z,91.7678,0.000000,0.000000,0.000000,above_band_high
2026-07-18T08:41:00Z,91.7601,0.000000,0.000000,0.000000,above_band_high
2026-07-18T08:42:00Z,91.7128,0.000000,0.000000,0.000000,above_band_high
2026-07-18T08:43:00Z,91.7281,0.000000,0.000000,0.000000,above_band_high
2026-07-18T08:44:00Z,91.6854,0.000000,0.000000,0.000000,above_band_high
2026-07-18T08:45:00Z,91.6991,0.000000,0.000000,0.000000,above_band_high
2026-07-18T08:46:00Z,91.6899,0.000000,0.000000,0.000000,above_band_high
2026-07-18T08:47:00Z,91.7144,0.000000,0.000000,0.000000,above_band_high
2026-07-18T08:48:00Z,91.6899,0.000000,0.000000,0.000000,above_band_high
2026-07-18T08:49:00Z,91.6899,0.000000,0.000000,0.000000,above_band_high
2026-07-18T08:50:00Z,91.7082,0.000000,0.000000,0.000000,above_band_high
2026-07-18T08:51:00Z,91.6915,0.000000,0.000000,0.000000,above_band_high
2026-07-18T08:52:00Z,91.7037,0.000000,0.000000,0.000000,above_band_high
2026-07-18T08:53:00Z,91.7144,0.000000,0.000000,0.000000,above_band_high
2026-07-18T08:54:00Z,91.6823,0.000000,0.000000,0.000000,above_band_high
2026-07-18T08:55:00Z,91.7052,0.000000,0.000000,0.000000,above_band_high
2026-07-18T08:56:00Z,91.6716,0.000000,0.000000,0.000000,above_band_high
2026-07-18T08:57:00Z,91.7098,0.000000,0.000000,0.000000,above_band_high
2026-07-18T08:58:00Z,91.7189,0.000000,0.000000,0.000000,above_band_high
2026-07-18T08:59:00Z,91.7601,0.000000,0.000000,0.000000,above_band_high
2026-07-18T09:00:00Z,91.7418,0.000000,0.000000,0.000000,above_band_high
2026-07-18T09:01:00Z,91.7769,0.000000,0.000000,0.000000,above_band_high
2026-07-18T09:02:00Z,91.7815,0.000000,0.000000,0.000000,above_band_high
2026-07-18T09:03:00Z,91.7876,0.000000,0.000000,0.000000,above_band_high
2026-07-18T09:04:00Z,91.7815,0.000000,0.000000,0.000000,above_band_high
2026-07-18T09:05:00Z,91.8425,0.000000,0.000000,0.000000,above_band_high
2026-07-18T09:06:00Z,91.8181,0.000000,0.000000,0.000000,above_band_high
2026-07-18T09:07:00Z,91.8547,0.000000,0.000000,0.000000,above_band_high
2026-07-18T09:08:00Z,91.8547,0.000000,0.000000,0.000000,above_band_high
2026-07-18T09:09:00Z,91.8471,0.000000,0.000000,0.000000,above_band_high
2026-07-18T09:10:00Z,91.8456,0.000000,0.000000,0.000000,above_band_high
2026-07-18T09:11:00Z,91.8914,0.000000,0.000000,0.000000,above_band_high
2026-07-18T09:12:00Z,91.8837,0.000000,0.000000,0.000000,above_band_high
2026-07-18T09:13:00Z,91.8517,0.000000,0.000000,0.000000,above_band_high
2026-07-18T09:14:00Z,91.9112,0.000000,0.000000,0.000000,above_band_high
2026-07-18T09:15:00Z,91.9051,0.000000,0.000000,0.000000,above_band_high
2026-07-18T09:16:00Z,91.9188,0.000000,0.000000,0.000000,above_band_high
2026-07-18T09:17:00Z,91.8563,0.000000,0.000000,0.000000,above_band_high
2026-07-18T09:18:00Z,91.8975,0.000000,0.000000,0.000000,above_band_high
2026-07-18T09:19:00Z,91.8471,0.000000,0.000000,0.000000,above_band_high
2026-07-18T09:20:00Z,91.9295,0.000000,0.000000,0.000000,above_band_high
2026-07-18T09:21:00Z,91.9097,0.000000,0.000000,0.000000,above_band_high
2026-07-18T09:22:00Z,91.8837,0.000000,0.000000,0.000000,above_band_high
2026-07-18T09:23:00Z,91.9112,0.000000,0.000000,0.000000,above_band_high
2026-07-18T09:24:00Z,91.9203,0.000000,0.000000,0.000000,above_band_high
2026-07-18T09:26:20Z,92.0119,0.000000,0.000000,0.000000,above_band_high
2026-07-18T15:27:29Z,89.7688,0.013657,0.009677,-0.003980,below_midpoint_feather
2026-07-18T15:27:53Z,89.6681,0.014871,0.018210,0.003339,below_midpoint_feather
2026-07-18T15:28:35Z,89.7078,0.018868,0.015727,-0.003141,below_midpoint_feather
2026-07-18T15:28:39Z,89.6407,0.018980,0.022061,0.003081,below_midpoint_feather
2026-07-18T15:29:19Z,89.6910,0.023204,0.018526,-0.004679,below_midpoint_feather
2026-07-18T15:29:43Z,89.5933,0.025000,0.029320,0.004319,below_midpoint_feather
2026-07-18T15:30:31Z,89.5613,0.029610,0.035151,0.005540,below_midpoint_feather
2026-07-18T15:30:39Z,89.6117,0.032422,0.029591,-0.002831,below_midpoint_feather
2026-07-18T15:31:00Z,89.5567,0.031994,0.037083,0.005089,below_midpoint_feather
2026-07-18T15:31:45Z,89.5857,0.039853,0.035899,-0.003954,below_midpoint_feather
2026-07-18T15:32:11Z,89.5628,0.042913,0.040172,-0.002741,below_midpoint_feather
2026-07-18T15:32:51Z,89.4835,0.048718,0.053479,0.004760,below_midpoint_feather
2026-07-18T15:33:19Z,89.5155,0.053668,0.050879,-0.002789,below_midpoint_feather
2026-07-18T15:33:27Z,89.4606,0.053817,0.059468,0.005651,below_midpoint_feather
2026-07-18T15:34:39Z,89.4926,0.068618,0.060542,-0.008077,below_midpoint_feather
2026-07-18T15:34:53Z,89.4026,0.069614,0.075929,0.006315,below_midpoint_feather
2026-07-18T15:35:45Z,89.4377,0.078999,0.075073,-0.003925,below_midpoint_feather
2026-07-18T15:35:57Z,89.3751,0.080967,0.086845,0.005878,below_midpoint_feather
2026-07-18T15:36:11Z,89.4255,0.082406,0.079707,-0.002699,below_midpoint_feather
2026-07-18T15:36:38Z,89.3339,0.088425,0.098776,0.010352,below_midpoint_feather
2026-07-18T15:37:32Z,89.3095,0.100739,0.109925,0.009186,below_midpoint_feather
2026-07-18T15:37:57Z,89.3599,0.108205,0.103653,-0.004552,below_midpoint_feather
2026-07-18T15:38:01Z,89.3614,0.108732,0.103912,-0.004820,below_midpoint_feather
2026-07-18T15:38:56Z,89.2958,0.115420,0.124069,0.008650,below_midpoint_feather
2026-07-18T15:39:03Z,89.3385,0.122594,0.116771,-0.005823,below_midpoint_feather
2026-07-18T15:39:37Z,89.2653,0.127544,0.136303,0.008758,below_midpoint_feather
2026-07-18T15:40:13Z,89.2744,0.132983,0.139859,0.006876,below_midpoint_feather
2026-07-18T15:40:19Z,89.3294,0.133904,0.129875,-0.004029,below_midpoint_feather
2026-07-18T15:41:35Z,89.2424,0.150664,0.159735,0.009071,below_midpoint_feather
2026-07-18T15:41:57Z,89.2836,0.161044,0.154815,-0.006229,below_midpoint_feather
2026-07-18T15:42:13Z,89.2058,0.164461,0.174310,0.009849,below_midpoint_feather
2026-07-18T15:42:59Z,89.2317,0.180770,0.176882,-0.003888,below_midpoint_feather
2026-07-18T15:43:29Z,89.2317,0.187876,0.182656,-0.005221,below_midpoint_feather
2026-07-18T15:43:35Z,89.1737,0.185985,0.196996,0.011011,below_midpoint_feather
2026-07-18T15:44:33Z,89.1691,0.216137,0.210133,-0.006004,below_midpoint_feather
2026-07-18T15:44:40Z,89.1173,0.217666,0.224317,0.006651,below_midpoint_feather
2026-07-18T15:45:01Z,89.0822,0.223496,0.238048,0.014552,below_midpoint_feather
2026-07-18T15:45:13Z,89.1402,0.234277,0.226177,-0.008100,below_midpoint_feather
2026-07-18T15:46:19Z,89.0410,0.251336,0.268269,0.016933,below_midpoint_feather
2026-07-18T15:46:59Z,89.0776,0.275669,0.269238,-0.006432,below_midpoint_feather
2026-07-18T15:47:31Z,89.0684,0.287150,0.280712,-0.006438,below_midpoint_feather
2026-07-18T15:47:39Z,89.0166,0.284105,0.297165,0.013060,below_midpoint_feather
2026-07-18T15:48:50Z,88.9586,0.327159,0.335306,0.008147,below_midpoint_feather
2026-07-18T15:48:59Z,89.0257,0.332657,0.318922,-0.013735,below_midpoint_feather
2026-07-18T15:49:00Z,89.0257,0.332976,0.319246,-0.013730,below_midpoint_feather
2026-07-18T15:49:27Z,88.9311,0.343095,0.355525,0.012431,below_midpoint_feather
2026-07-18T15:50:15Z,88.9357,0.359329,0.370399,0.011071,below_midpoint_feather
2026-07-18T15:50:27Z,88.9754,0.369348,0.362761,-0.006587,below_midpoint_feather
2026-07-18T15:51:11Z,88.8899,0.387250,0.404342,0.017092,below_midpoint_feather
2026-07-18T15:51:47Z,88.9342,0.411763,0.404004,-0.007759,below_midpoint_feather
2026-07-18T15:52:05Z,88.9158,0.423390,0.416456,-0.006935,below_midpoint_feather
2026-07-18T15:52:37Z,88.8289,0.442656,0.456824,0.014168,below_midpoint_feather
2026-07-18T15:53:33Z,88.8716,0.476529,0.465899,-0.010630,below_midpoint_feather
2026-07-18T15:53:52Z,88.7846,0.491823,0.503049,0.011226,below_midpoint_feather
2026-07-18T15:54:04Z,88.7922,0.492930,0.505655,0.012724,below_midpoint_feather
2026-07-18T15:54:37Z,88.7892,0.524270,0.521462,-0.002808,below_midpoint_feather
2026-07-18T15:55:20Z,88.7160,0.554619,0.567706,0.013088,below_midpoint_feather
2026-07-18T15:55:31Z,88.7602,0.568196,0.557210,-0.010986,below_midpoint_feather
2026-07-18T15:56:13Z,88.7480,0.591059,0.582819,-0.008240,below_midpoint_feather
2026-07-18T15:56:43Z,88.6656,0.612943,0.628881,0.015938,below_midpoint_feather
2026-07-18T15:57:07Z,88.7282,0.634333,0.618609,-0.015723,below_midpoint_feather
2026-07-18T15:57:43Z,88.6839,0.642710,0.654604,0.011894,below_midpoint_feather
2026-07-18T15:58:19Z,88.6641,0.665963,0.681954,0.015991,below_midpoint_feather
2026-07-18T15:58:37Z,88.7373,0.675979,0.664900,-0.011079,below_midpoint_feather
2026-07-18T15:59:31Z,88.7190,0.692712,0.701584,0.008872,below_midpoint_feather
2026-07-18T15:59:51Z,88.8029,0.696635,0.682983,-0.013652,below_midpoint_feather
2026-07-18T16:00:13Z,88.7388,0.708545,0.717250,0.008705,below_midpoint_feather
2026-07-18T16:00:48Z,88.8167,0.719066,0.708641,-0.010426,below_midpoint_feather
2026-07-18T16:01:26Z,88.8792,0.718912,0.707504,-0.011409,below_midpoint_feather
2026-07-18T16:01:41Z,88.8151,0.719842,0.735876,0.016034,below_midpoint_feather
2026-07-18T16:02:11Z,88.8243,0.727271,0.747003,0.019732,below_midpoint_feather
2026-07-18T16:02:31Z,88.8792,0.743820,0.738223,-0.005598,below_midpoint_feather
2026-07-18T16:03:03Z,88.9357,0.744967,0.734956,-0.010011,below_midpoint_feather
2026-07-18T16:03:25Z,88.8670,0.755480,0.765941,0.010460,below_midpoint_feather
2026-07-18T16:04:39Z,88.8579,0.777656,0.799482,0.021826,below_midpoint_feather
2026-07-18T16:04:51Z,88.9479,0.790027,0.776190,-0.013836,below_midpoint_feather
2026-07-18T16:05:19Z,88.9296,0.804128,0.792925,-0.011203,below_midpoint_feather
2026-07-18T16:05:41Z,88.8808,0.805828,0.816971,0.011143,below_midpoint_feather
2026-07-18T16:06:03Z,88.8472,0.823291,0.836659,0.013368,below_midpoint_feather
2026-07-18T16:06:57Z,88.8975,0.849226,0.842589,-0.006638,below_midpoint_feather
2026-07-18T16:07:29Z,88.8670,0.875002,0.865657,-0.009345,below_midpoint_feather
2026-07-18T16:07:59Z,88.7968,0.884857,0.901885,0.017029,below_midpoint_feather
2026-07-18T16:08:00Z,88.7968,0.885292,0.902318,0.017026,below_midpoint_feather
2026-07-18T16:08:15Z,88.8563,0.895874,0.889029,-0.006845,below_midpoint_feather
2026-07-18T16:09:37Z,88.8258,0.924665,0.935498,0.010833,below_midpoint_feather
2026-07-18T16:09:49Z,88.9113,0.922596,0.913325,-0.009271,below_midpoint_feather
2026-07-18T16:10:15Z,88.8808,0.938400,0.934291,-0.004109,below_midpoint_feather
2026-07-18T16:10:37Z,88.7785,0.958994,0.977916,0.018922,below_midpoint_feather
2026-07-18T16:11:29Z,88.7877,0.986223,0.998013,0.011790,below_midpoint_feather
2026-07-18T16:11:35Z,88.8472,0.988946,0.980732,-0.008215,below_midpoint_feather
2026-07-18T16:12:00Z,88.7755,1.000000,1.000000,0.000000,below_midpoint_feather
2026-07-18T16:13:00Z,88.7556,1.000000,1.000000,0.000000,below_midpoint_feather
2026-07-18T16:14:00Z,88.7098,1.000000,1.000000,0.000000,below_midpoint_feather
2026-07-18T16:15:00Z,88.7465,1.000000,1.000000,0.000000,below_midpoint_feather
2026-07-18T16:16:00Z,88.7388,1.000000,1.000000,0.000000,below_midpoint_feather
2026-07-18T16:17:00Z,88.8304,1.000000,1.000000,0.000000,below_midpoint_feather
2026-07-18T16:18:00Z,88.9036,1.000000,1.000000,0.000000,below_midpoint_feather
2026-07-18T16:18:37Z,89.9275,1.000000,0.976356,-0.023644,below_midpoint_feather
2026-07-18T16:19:50Z,90.0099,0.955128,0.953491,-0.001637,in_band
2026-07-18T16:19:55Z,89.9229,0.953611,0.954914,0.001303,below_midpoint_feather
2026-07-18T16:20:25Z,89.4575,0.983594,0.998552,0.014958,below_midpoint_feather
2026-07-18T16:20:33Z,89.3660,1.000000,1.000000,0.000000,below_midpoint_feather
2026-07-18T16:21:00Z,89.1279,1.000000,1.000000,0.000000,below_midpoint_feather
2026-07-18T16:22:00Z,89.1997,1.000000,1.000000,0.000000,below_midpoint_feather
2026-07-18T16:23:00Z,89.5399,1.000000,1.000000,0.000000,below_midpoint_feather
2026-07-18T16:23:11Z,89.7993,1.000000,0.992448,-0.007552,below_midpoint_feather
2026-07-18T16:24:34Z,90.0328,0.956130,0.954219,-0.001910,in_band
2026-07-18T16:24:57Z,89.8421,0.956781,0.958834,0.002052,below_midpoint_feather
2026-07-18T16:25:09Z,89.7734,0.959198,0.963012,0.003814,below_midpoint_feather
2026-07-18T16:25:28Z,90.1198,0.960894,0.955211,-0.005682,in_band
2026-07-18T16:26:21Z,89.8192,0.939519,0.942927,0.003409,below_midpoint_feather
2026-07-18T16:26:49Z,89.7642,0.949567,0.946503,-0.003064,below_midpoint_feather
2026-07-18T16:27:06Z,89.6803,0.952089,0.953382,0.001293,below_midpoint_feather
2026-07-18T16:27:11Z,89.7734,0.951002,0.946238,-0.004764,below_midpoint_feather
2026-07-18T16:28:28Z,91.4260,0.912078,0.910088,-0.001990,in_band
2026-07-18T16:28:33Z,91.6411,0.908474,0.849933,-0.058541,above_band_high
2026-07-18T16:32:37Z,89.8222,0.834753,0.835597,0.000844,below_midpoint_feather
2026-07-18T16:32:50Z,89.6254,0.841818,0.850483,0.008665,below_midpoint_feather
2026-07-18T16:33:29Z,89.2287,0.915173,0.914851,-0.000322,below_midpoint_feather
2026-07-18T16:33:48Z,89.0211,0.947800,0.967647,0.019847,below_midpoint_feather
2026-07-18T16:34:00Z,88.9403,0.980269,0.992375,0.012106,below_midpoint_feather
2026-07-18T16:34:09Z,88.9036,1.000000,1.000000,0.000000,below_midpoint_feather
2026-07-18T16:35:00Z,88.6366,1.000000,1.000000,0.000000,below_midpoint_feather
2026-07-18T16:36:00Z,88.7526,1.000000,1.000000,0.000000,below_midpoint_feather
2026-07-18T16:37:52Z,89.4392,0.978481,0.968632,-0.009849,below_midpoint_feather
2026-07-18T16:37:53Z,89.4163,0.971450,0.972666,0.001216,below_midpoint_feather
2026-07-18T16:38:08Z,89.5659,0.963403,0.955289,-0.008114,below_midpoint_feather
2026-07-18T16:38:45Z,89.7871,0.941236,0.942670,0.001434,below_midpoint_feather
2026-07-18T16:39:05Z,89.9886,0.938801,0.939006,0.000205,below_midpoint_feather
2026-07-18T16:39:59Z,90.2983,0.917591,0.915722,-0.001868,in_band
2026-07-18T16:40:00Z,90.2983,0.917130,0.915260,-0.001870,in_band
2026-07-18T16:40:59Z,90.6615,0.889356,0.887433,-0.001923,in_band
2026-07-18T16:41:02Z,90.6706,0.887929,0.886006,-0.001923,in_band
2026-07-18T16:41:59Z,90.9255,0.860885,0.858982,-0.001903,in_band
2026-07-18T16:42:00Z,90.9255,0.860414,0.858511,-0.001903,in_band
2026-07-18T16:42:59Z,91.2596,0.832916,0.831059,-0.001857,in_band
2026-07-18T16:43:00Z,91.2596,0.832456,0.830600,-0.001856,in_band
2026-07-18T16:43:59Z,91.4672,0.805704,0.803902,-0.001802,in_band
2026-07-18T16:44:03Z,91.5160,0.803919,0.796641,-0.007278,above_band_high
2026-07-18T16:44:05Z,91.5023,0.802514,0.802503,-0.000011,above_band_high
2026-07-18T16:45:35Z,91.8227,0.656742,0.660761,0.004019,above_band_high
2026-07-18T16:45:54Z,91.9600,0.629999,0.598668,-0.031331,above_band_high
2026-07-18T16:46:26Z,92.0653,0.571899,0.545391,-0.026508,above_band_high
2026-07-18T16:46:47Z,92.0882,0.525884,0.528363,0.002479,above_band_high
2026-07-18T16:47:20Z,92.2438,0.476792,0.447584,-0.029208,above_band_high
2026-07-18T16:47:43Z,92.2774,0.422058,0.421153,-0.000906,above_band_high
2026-07-18T16:48:49Z,92.4590,0.297868,0.299253,0.001385,above_band_high
2026-07-18T16:48:56Z,92.5368,0.291135,0.260526,-0.030609,above_band_high
2026-07-18T16:49:28Z,92.6024,0.226695,0.205410,-0.021285,above_band_high
2026-07-18T16:49:35Z,92.5780,0.202888,0.209507,0.006619,above_band_high
2026-07-18T16:50:29Z,92.7123,0.097404,0.098833,0.001429,above_band_high
2026-07-18T16:50:40Z,92.7703,0.087615,0.062245,-0.025370,above_band_high
2026-07-18T16:51:07Z,92.7764,0.028283,0.029319,0.001036,above_band_high
2026-07-18T16:51:11Z,92.8588,0.023674,0.000000,-0.023674,above_band_high
2026-07-18T16:52:00Z,92.9122,0.000000,0.000000,0.000000,above_band_high
2026-07-18T16:53:00Z,92.9946,0.000000,0.000000,0.000000,above_band_high
2026-07-18T16:54:00Z,93.0770,0.000000,0.000000,0.000000,above_band_high
2026-07-18T16:55:00Z,93.1975,0.000000,0.000000,0.000000,above_band_high
2026-07-18T16:56:00Z,93.2967,0.000000,0.000000,0.000000,above_band_high
2026-07-18T16:57:00Z,93.4218,0.000000,0.000000,0.000000,above_band_high
2026-07-18T16:58:00Z,93.5363,0.000000,0.000000,0.000000,above_band_high
2026-07-18T16:59:00Z,93.6950,0.000000,0.000000,0.000000,above_band_high
2026-07-18T17:00:00Z,93.7926,0.000000,0.000000,0.000000,above_band_high
2026-07-18T17:01:00Z,93.8888,0.000000,0.000000,0.000000,above_band_high
2026-07-18T17:02:00Z,93.8567,0.000000,0.000000,0.000000,above_band_high
2026-07-18T17:03:00Z,93.8369,0.000000,0.000000,0.000000,above_band_high
2026-07-18T17:04:00Z,93.6370,0.000000,0.000000,0.000000,above_band_high
2026-07-18T17:04:32Z,90.4417,0.000000,0.145502,0.145502,in_band
2026-07-18T17:25:51Z,90.4280,0.000000,0.000000,0.000000,in_band
2026-07-18T17:27:21Z,90.4997,0.000000,0.000000,0.000000,in_band
2026-07-18T17:28:00Z,90.5730,0.000000,0.000000,0.000000,in_band
2026-07-18T17:29:00Z,90.6889,0.000000,0.000000,0.000000,in_band
2026-07-18T17:30:00Z,90.7698,0.000000,0.000000,0.000000,in_band
2026-07-18T17:31:00Z,90.8568,0.000000,0.000000,0.000000,in_band
2026-07-18T17:32:00Z,90.9499,0.000000,0.000000,0.000000,in_band
2026-07-18T17:33:00Z,91.0460,0.000000,0.000000,0.000000,in_band
2026-07-18T17:34:00Z,91.2001,0.000000,0.000000,0.000000,in_band
2026-07-18T17:35:00Z,91.3832,0.000000,0.000000,0.000000,in_band
2026-07-18T17:37:19Z,91.7723,0.000000,0.000000,0.000000,above_band_high
2026-07-18T17:38:00Z,91.8700,0.000000,0.000000,0.000000,above_band_high
2026-07-18T17:39:00Z,91.9921,0.000000,0.000000,0.000000,above_band_high
2026-07-18T17:40:00Z,92.1263,0.000000,0.000000,0.000000,above_band_high
2026-07-18T17:41:00Z,92.2637,0.000000,0.000000,0.000000,above_band_high
2026-07-18T17:42:00Z,92.3629,0.000000,0.000000,0.000000,above_band_high
2026-07-18T17:43:00Z,92.4269,0.000000,0.000000,0.000000,above_band_high
2026-07-18T17:44:00Z,92.5246,0.000000,0.000000,0.000000,above_band_high
2026-07-18T17:45:00Z,92.6116,0.000000,0.000000,0.000000,above_band_high
2026-07-18T17:46:00Z,92.7108,0.000000,0.000000,0.000000,above_band_high
2026-07-18T17:47:00Z,92.7947,0.000000,0.000000,0.000000,above_band_high
2026-07-18T17:48:00Z,92.8252,0.000000,0.000000,0.000000,above_band_high
2026-07-18T17:49:00Z,92.8893,0.000000,0.000000,0.000000,above_band_high
2026-07-18T17:50:00Z,92.9274,0.000000,0.000000,0.000000,above_band_high
2026-07-18T17:51:00Z,93.0083,0.000000,0.000000,0.000000,above_band_high
2026-07-18T17:52:00Z,93.0785,0.000000,0.000000,0.000000,above_band_high
2026-07-18T17:53:00Z,93.1151,0.000000,0.000000,0.000000,above_band_high
2026-07-18T17:54:00Z,93.2067,0.000000,0.000000,0.000000,above_band_high
2026-07-18T17:55:00Z,93.2464,0.000000,0.000000,0.000000,above_band_high
2026-07-18T17:56:00Z,93.2937,0.000000,0.000000,0.000000,above_band_high
2026-07-18T17:57:00Z,93.3577,0.000000,0.000000,0.000000,above_band_high
2026-07-18T17:58:00Z,93.4127,0.000000,0.000000,0.000000,above_band_high
2026-07-18T17:59:00Z,93.4127,0.000000,0.000000,0.000000,above_band_high
2026-07-18T18:00:00Z,93.4722,0.000000,0.000000,0.000000,above_band_high
2026-07-18T18:01:00Z,93.5210,0.000000,0.000000,0.000000,above_band_high
2026-07-18T18:02:00Z,93.5454,0.000000,0.000000,0.000000,above_band_high
2026-07-18T18:03:00Z,93.5622,0.000000,0.000000,0.000000,above_band_high
2026-07-18T18:04:00Z,93.6217,0.000000,0.000000,0.000000,above_band_high
2026-07-18T18:05:00Z,93.6034,0.000000,0.000000,0.000000,above_band_high
2026-07-18T18:06:00Z,93.6584,0.000000,0.000000,0.000000,above_band_high
2026-07-18T18:07:00Z,93.6904,0.000000,0.000000,0.000000,above_band_high
2026-07-18T18:08:00Z,93.7423,0.000000,0.000000,0.000000,above_band_high
2026-07-18T18:09:00Z,93.7240,0.000000,0.000000,0.000000,above_band_high
2026-07-18T18:10:00Z,93.7774,0.000000,0.000000,0.000000,above_band_high
2026-07-18T18:11:00Z,93.7819,0.000000,0.000000,0.000000,above_band_high
2026-07-18T18:12:00Z,93.7362,0.000000,0.000000,0.000000,above_band_high
2026-07-18T18:13:00Z,93.7728,0.000000,0.000000,0.000000,above_band_high
2026-07-18T18:14:00Z,93.8140,0.000000,0.000000,0.000000,above_band_high
2026-07-18T18:15:00Z,93.7774,0.000000,0.000000,0.000000,above_band_high
2026-07-18T18:16:00Z,93.8338,0.000000,0.000000,0.000000,above_band_high
2026-07-18T18:17:00Z,93.8186,0.000000,0.000000,0.000000,above_band_high
2026-07-18T18:18:00Z,93.8476,0.000000,0.000000,0.000000,above_band_high
2026-07-18T18:19:00Z,93.8293,0.000000,0.000000,0.000000,above_band_high
2026-07-18T18:20:00Z,93.8247,0.000000,0.000000,0.000000,above_band_high
2026-07-18T18:21:00Z,93.8186,0.000000,0.000000,0.000000,above_band_high
2026-07-18T18:22:00Z,93.8201,0.000000,0.000000,0.000000,above_band_high
2026-07-18T18:23:00Z,93.8506,0.000000,0.000000,0.000000,above_band_high
2026-07-18T18:24:00Z,93.8430,0.000000,0.000000,0.000000,above_band_high
2026-07-18T18:25:00Z,93.8643,0.000000,0.000000,0.000000,above_band_high
2026-07-18T18:26:00Z,93.8643,0.000000,0.000000,0.000000,above_band_high
2026-07-18T18:27:00Z,93.8613,0.000000,0.000000,0.000000,above_band_high
2026-07-18T18:28:00Z,93.8567,0.000000,0.000000,0.000000,above_band_high
2026-07-18T18:29:00Z,93.8689,0.000000,0.000000,0.000000,above_band_high
2026-07-18T18:30:00Z,93.8689,0.000000,0.000000,0.000000,above_band_high
2026-07-18T18:31:00Z,93.8476,0.000000,0.000000,0.000000,above_band_high
2026-07-18T18:32:00Z,93.8979,0.000000,0.000000,0.000000,above_band_high
2026-07-18T18:33:00Z,93.9193,0.000000,0.000000,0.000000,above_band_high
2026-07-18T18:34:00Z,93.8888,0.000000,0.000000,0.000000,above_band_high
2026-07-18T18:35:00Z,93.9055,0.000000,0.000000,0.000000,above_band_high
2026-07-18T18:36:00Z,93.9239,0.000000,0.000000,0.000000,above_band_high
2026-07-18T18:37:00Z,93.9025,0.000000,0.000000,0.000000,above_band_high
2026-07-18T18:38:00Z,93.8613,0.000000,0.000000,0.000000,above_band_high
2026-07-18T18:39:00Z,93.8872,0.000000,0.000000,0.000000,above_band_high
2026-07-18T18:40:00Z,93.8521,0.000000,0.000000,0.000000,above_band_high
2026-07-18T18:41:00Z,93.8521,0.000000,0.000000,0.000000,above_band_high
2026-07-18T18:42:00Z,93.8323,0.000000,0.000000,0.000000,above_band_high
2026-07-18T18:43:00Z,93.7972,0.000000,0.000000,0.000000,above_band_high
2026-07-18T18:44:00Z,93.7606,0.000000,0.000000,0.000000,above_band_high
2026-07-18T18:45:00Z,93.7316,0.000000,0.000000,0.000000,above_band_high
2026-07-18T18:46:00Z,93.7148,0.000000,0.000000,0.000000,above_band_high
2026-07-18T18:47:00Z,93.6370,0.000000,0.000000,0.000000,above_band_high
2026-07-18T18:48:00Z,93.6507,0.000000,0.000000,0.000000,above_band_high
2026-07-18T18:49:00Z,93.5912,0.000000,0.000000,0.000000,above_band_high
2026-07-18T18:50:00Z,93.5271,0.000000,0.000000,0.000000,above_band_high
2026-07-18T18:51:00Z,93.4859,0.000000,0.000000,0.000000,above_band_high
2026-07-18T18:52:00Z,93.4752,0.000000,0.000000,0.000000,above_band_high
2026-07-18T18:53:00Z,93.4997,0.000000,0.000000,0.000000,above_band_high
2026-07-18T18:54:00Z,93.4844,0.000000,0.000000,0.000000,above_band_high
2026-07-18T18:55:00Z,93.4676,0.000000,0.000000,0.000000,above_band_high
2026-07-18T18:56:00Z,93.4844,0.000000,0.000000,0.000000,above_band_high
2026-07-18T18:57:00Z,93.4524,0.000000,0.000000,0.000000,above_band_high
2026-07-18T18:58:00Z,93.4249,0.000000,0.000000,0.000000,above_band_high
2026-07-18T18:59:00Z,93.4203,0.000000,0.000000,0.000000,above_band_high
2026-07-18T19:00:00Z,93.3761,0.000000,0.000000,0.000000,above_band_high
2026-07-18T19:01:00Z,93.3944,0.000000,0.000000,0.000000,above_band_high
2026-07-18T19:02:00Z,93.4157,0.000000,0.000000,0.000000,above_band_high
2026-07-18T19:03:00Z,93.3852,0.000000,0.000000,0.000000,above_band_high
2026-07-18T19:04:00Z,93.2921,0.000000,0.000000,0.000000,above_band_high
2026-07-18T19:05:00Z,93.3150,0.000000,0.000000,0.000000,above_band_high
2026-07-18T19:06:00Z,93.2647,0.000000,0.000000,0.000000,above_band_high
2026-07-18T19:07:00Z,93.2616,0.000000,0.000000,0.000000,above_band_high
2026-07-18T19:08:00Z,93.2280,0.000000,0.000000,0.000000,above_band_high
2026-07-18T19:09:00Z,93.2296,0.000000,0.000000,0.000000,above_band_high
2026-07-18T19:10:00Z,93.1930,0.000000,0.000000,0.000000,above_band_high
2026-07-18T19:11:00Z,93.1151,0.000000,0.000000,0.000000,above_band_high
2026-07-18T19:12:00Z,93.0953,0.000000,0.000000,0.000000,above_band_high
2026-07-18T19:13:00Z,93.0968,0.000000,0.000000,0.000000,above_band_high
2026-07-18T19:14:00Z,93.0449,0.000000,0.000000,0.000000,above_band_high
2026-07-18T19:15:00Z,93.0373,0.000000,0.000000,0.000000,above_band_high
2026-07-18T19:16:00Z,92.9946,0.000000,0.000000,0.000000,above_band_high
2026-07-18T19:17:00Z,92.9854,0.000000,0.000000,0.000000,above_band_high
2026-07-18T19:18:00Z,92.9458,0.000000,0.000000,0.000000,above_band_high
2026-07-18T19:19:00Z,92.9305,0.000000,0.000000,0.000000,above_band_high
2026-07-18T19:20:00Z,92.9305,0.000000,0.000000,0.000000,above_band_high
2026-07-18T19:21:00Z,92.8573,0.000000,0.000000,0.000000,above_band_high
2026-07-18T19:22:00Z,92.8588,0.000000,0.000000,0.000000,above_band_high
2026-07-18T19:23:00Z,92.8634,0.000000,0.000000,0.000000,above_band_high
2026-07-18T19:24:00Z,92.7977,0.000000,0.000000,0.000000,above_band_high
2026-07-18T19:25:00Z,92.7489,0.000000,0.000000,0.000000,above_band_high
2026-07-18T19:26:00Z,92.7291,0.000000,0.000000,0.000000,above_band_high
2026-07-18T19:27:00Z,92.7199,0.000000,0.000000,0.000000,above_band_high
2026-07-18T19:28:00Z,92.7199,0.000000,0.000000,0.000000,above_band_high
2026-07-18T19:29:00Z,92.6604,0.000000,0.000000,0.000000,above_band_high
2026-07-18T19:30:00Z,92.6604,0.000000,0.000000,0.000000,above_band_high
2026-07-18T19:31:00Z,92.6207,0.000000,0.000000,0.000000,above_band_high
2026-07-18T19:32:00Z,92.5750,0.000000,0.000000,0.000000,above_band_high
2026-07-18T19:33:00Z,92.6009,0.000000,0.000000,0.000000,above_band_high
2026-07-18T19:34:00Z,92.5505,0.000000,0.000000,0.000000,above_band_high
2026-07-18T19:35:00Z,92.5704,0.000000,0.000000,0.000000,above_band_high
2026-07-18T19:36:00Z,92.5521,0.000000,0.000000,0.000000,above_band_high
2026-07-18T19:37:00Z,92.5566,0.000000,0.000000,0.000000,above_band_high
2026-07-18T19:38:00Z,92.5429,0.000000,0.000000,0.000000,above_band_high
2026-07-18T19:39:00Z,92.5414,0.000000,0.000000,0.000000,above_band_high
2026-07-18T19:40:00Z,92.5231,0.000000,0.000000,0.000000,above_band_high
2026-07-18T19:41:00Z,92.4727,0.000000,0.000000,0.000000,above_band_high
2026-07-18T19:42:00Z,92.4498,0.000000,0.000000,0.000000,above_band_high
2026-07-18T19:43:00Z,92.4498,0.000000,0.000000,0.000000,above_band_high
2026-07-18T19:44:00Z,92.3949,0.000000,0.000000,0.000000,above_band_high
2026-07-18T19:45:00Z,92.4285,0.000000,0.000000,0.000000,above_band_high
2026-07-18T19:46:00Z,92.3949,0.000000,0.000000,0.000000,above_band_high
2026-07-18T19:47:00Z,92.3964,0.000000,0.000000,0.000000,above_band_high
2026-07-18T19:48:00Z,92.3964,0.000000,0.000000,0.000000,above_band_high
2026-07-18T19:49:00Z,92.3781,0.000000,0.000000,0.000000,above_band_high
2026-07-18T19:50:00Z,92.4010,0.000000,0.000000,0.000000,above_band_high
2026-07-18T19:51:00Z,92.3644,0.000000,0.000000,0.000000,above_band_high
2026-07-18T19:52:00Z,92.3720,0.000000,0.000000,0.000000,above_band_high
2026-07-18T19:53:00Z,92.3720,0.000000,0.000000,0.000000,above_band_high
2026-07-18T19:54:00Z,92.3598,0.000000,0.000000,0.000000,above_band_high
2026-07-18T19:55:00Z,92.3781,0.000000,0.000000,0.000000,above_band_high
2026-07-18T19:56:00Z,92.3919,0.000000,0.000000,0.000000,above_band_high
2026-07-18T19:57:00Z,92.3949,0.000000,0.000000,0.000000,above_band_high
2026-07-18T19:58:00Z,92.3919,0.000000,0.000000,0.000000,above_band_high
2026-07-18T19:59:00Z,92.4132,0.000000,0.000000,0.000000,above_band_high
2026-07-18T20:00:00Z,92.3720,0.000000,0.000000,0.000000,above_band_high
2026-07-18T20:01:00Z,92.3598,0.000000,0.000000,0.000000,above_band_high
2026-07-18T20:02:00Z,92.4178,0.000000,0.000000,0.000000,above_band_high
2026-07-18T20:03:00Z,92.3598,0.000000,0.000000,0.000000,above_band_high
2026-07-18T20:04:00Z,92.3323,0.000000,0.000000,0.000000,above_band_high
2026-07-18T20:05:00Z,92.3003,0.000000,0.000000,0.000000,above_band_high
2026-07-18T20:06:00Z,92.2820,0.000000,0.000000,0.000000,above_band_high
2026-07-18T20:07:00Z,92.2820,0.000000,0.000000,0.000000,above_band_high
2026-07-18T20:08:00Z,92.1767,0.000000,0.000000,0.000000,above_band_high
2026-07-18T20:09:00Z,92.1630,0.000000,0.000000,0.000000,above_band_high
2026-07-18T20:10:00Z,92.0897,0.000000,0.000000,0.000000,above_band_high
2026-07-18T20:11:00Z,92.0806,0.000000,0.000000,0.000000,above_band_high
2026-07-18T20:12:00Z,91.9753,0.000000,0.000000,0.000000,above_band_high
2026-07-18T20:13:00Z,91.8914,0.000000,0.000000,0.000000,above_band_high
2026-07-18T20:14:00Z,91.9188,0.000000,0.000000,0.000000,above_band_high
2026-07-18T20:15:00Z,91.8425,0.000000,0.000000,0.000000,above_band_high
2026-07-18T20:16:00Z,91.8105,0.000000,0.000000,0.000000,above_band_high
2026-07-18T20:17:00Z,91.8364,0.000000,0.000000,0.000000,above_band_high
2026-07-18T20:18:00Z,91.8273,0.000000,0.000000,0.000000,above_band_high
2026-07-18T20:19:00Z,91.8547,0.000000,0.000000,0.000000,above_band_high
2026-07-18T20:20:00Z,91.8883,0.000000,0.000000,0.000000,above_band_high
2026-07-18T20:21:00Z,91.9295,0.000000,0.000000,0.000000,above_band_high
2026-07-18T20:22:00Z,91.9844,0.000000,0.000000,0.000000,above_band_high
2026-07-18T20:23:00Z,92.0516,0.000000,0.000000,0.000000,above_band_high
2026-07-18T20:24:00Z,92.0699,0.000000,0.000000,0.000000,above_band_high
2026-07-18T20:25:00Z,92.0928,0.000000,0.000000,0.000000,above_band_high
2026-07-18T20:26:00Z,92.1080,0.000000,0.000000,0.000000,above_band_high
2026-07-18T20:27:00Z,92.0989,0.000000,0.000000,0.000000,above_band_high
2026-07-18T20:28:00Z,92.1126,0.000000,0.000000,0.000000,above_band_high
2026-07-18T20:29:00Z,92.1447,0.000000,0.000000,0.000000,above_band_high
2026-07-18T20:30:00Z,92.1798,0.000000,0.000000,0.000000,above_band_high
2026-07-18T20:31:00Z,92.1889,0.000000,0.000000,0.000000,above_band_high
2026-07-18T20:32:00Z,92.2072,0.000000,0.000000,0.000000,above_band_high
2026-07-18T20:33:00Z,92.2591,0.000000,0.000000,0.000000,above_band_high
2026-07-18T20:34:00Z,92.2530,0.000000,0.000000,0.000000,above_band_high
2026-07-18T20:35:00Z,92.2942,0.000000,0.000000,0.000000,above_band_high
2026-07-18T20:36:00Z,92.2820,0.000000,0.000000,0.000000,above_band_high
2026-07-18T20:37:00Z,92.3812,0.000000,0.000000,0.000000,above_band_high
2026-07-18T20:38:00Z,92.3827,0.000000,0.000000,0.000000,above_band_high
2026-07-18T20:39:00Z,92.4239,0.000000,0.000000,0.000000,above_band_high
2026-07-18T20:40:00Z,92.4819,0.000000,0.000000,0.000000,above_band_high
2026-07-18T20:41:00Z,92.4880,0.000000,0.000000,0.000000,above_band_high
2026-07-18T20:42:00Z,92.5643,0.000000,0.000000,0.000000,above_band_high
2026-07-18T20:43:00Z,92.5292,0.000000,0.000000,0.000000,above_band_high
2026-07-18T20:44:00Z,92.5643,0.000000,0.000000,0.000000,above_band_high
2026-07-18T20:45:00Z,92.5750,0.000000,0.000000,0.000000,above_band_high
2026-07-18T20:46:00Z,92.5872,0.000000,0.000000,0.000000,above_band_high
2026-07-18T20:47:00Z,92.6101,0.000000,0.000000,0.000000,above_band_high
2026-07-18T20:48:00Z,92.6146,0.000000,0.000000,0.000000,above_band_high
2026-07-18T20:49:00Z,92.6192,0.000000,0.000000,0.000000,above_band_high
2026-07-18T20:50:00Z,92.6482,0.000000,0.000000,0.000000,above_band_high
2026-07-18T20:51:00Z,92.6619,0.000000,0.000000,0.000000,above_band_high
2026-07-18T20:52:00Z,92.7123,0.000000,0.000000,0.000000,above_band_high
2026-07-18T20:53:00Z,92.7626,0.000000,0.000000,0.000000,above_band_high
2026-07-18T20:54:00Z,92.7993,0.000000,0.000000,0.000000,above_band_high
2026-07-18T20:55:00Z,92.8115,0.000000,0.000000,0.000000,above_band_high
2026-07-18T20:56:00Z,92.8862,0.000000,0.000000,0.000000,above_band_high
2026-07-18T20:57:00Z,92.9046,0.000000,0.000000,0.000000,above_band_high
2026-07-18T20:58:00Z,92.9625,0.000000,0.000000,0.000000,above_band_high
2026-07-18T20:59:00Z,92.9854,0.000000,0.000000,0.000000,above_band_high
2026-07-18T21:00:00Z,92.9870,0.000000,0.000000,0.000000,above_band_high
2026-07-18T21:01:00Z,93.0373,0.000000,0.000000,0.000000,above_band_high
2026-07-18T21:02:00Z,93.0587,0.000000,0.000000,0.000000,above_band_high
2026-07-18T21:03:00Z,93.0678,0.000000,0.000000,0.000000,above_band_high
2026-07-18T21:04:00Z,93.0739,0.000000,0.000000,0.000000,above_band_high
2026-07-18T21:05:00Z,93.1182,0.000000,0.000000,0.000000,above_band_high
2026-07-18T21:06:00Z,93.1197,0.000000,0.000000,0.000000,above_band_high
2026-07-18T21:07:00Z,93.1838,0.000000,0.000000,0.000000,above_band_high
2026-07-18T21:08:00Z,93.2296,0.000000,0.000000,0.000000,above_band_high
2026-07-18T21:09:00Z,93.2387,0.000000,0.000000,0.000000,above_band_high
2026-07-18T21:10:00Z,93.2555,0.000000,0.000000,0.000000,above_band_high
2026-07-18T21:11:00Z,93.2876,0.000000,0.000000,0.000000,above_band_high
2026-07-18T21:12:00Z,93.3165,0.000000,0.000000,0.000000,above_band_high
2026-07-18T21:13:00Z,93.3196,0.000000,0.000000,0.000000,above_band_high
2026-07-18T21:14:00Z,93.3486,0.000000,0.000000,0.000000,above_band_high
2026-07-18T21:15:00Z,93.3700,0.000000,0.000000,0.000000,above_band_high
2026-07-18T21:16:00Z,93.3562,0.000000,0.000000,0.000000,above_band_high
2026-07-18T21:17:00Z,93.4081,0.000000,0.000000,0.000000,above_band_high
2026-07-18T21:18:00Z,93.4173,0.000000,0.000000,0.000000,above_band_high
2026-07-18T21:19:00Z,93.3806,0.000000,0.000000,0.000000,above_band_high
2026-07-18T21:20:00Z,93.4218,0.000000,0.000000,0.000000,above_band_high
2026-07-18T21:21:00Z,93.4081,0.000000,0.000000,0.000000,above_band_high
2026-07-18T21:22:00Z,93.4585,0.000000,0.000000,0.000000,above_band_high
2026-07-18T21:23:00Z,93.4585,0.000000,0.000000,0.000000,above_band_high
2026-07-18T21:24:00Z,93.4813,0.000000,0.000000,0.000000,above_band_high
2026-07-18T21:25:00Z,93.4951,0.000000,0.000000,0.000000,above_band_high
2026-07-18T21:26:00Z,93.4997,0.000000,0.000000,0.000000,above_band_high
2026-07-18T21:27:00Z,93.5027,0.000000,0.000000,0.000000,above_band_high
2026-07-18T21:28:00Z,93.5317,0.000000,0.000000,0.000000,above_band_high
2026-07-18T21:29:00Z,93.5866,0.000000,0.000000,0.000000,above_band_high
2026-07-18T21:30:00Z,93.5943,0.000000,0.000000,0.000000,above_band_high
2026-07-18T21:31:00Z,93.5668,0.000000,0.000000,0.000000,above_band_high
2026-07-18T21:32:00Z,93.5851,0.000000,0.000000,0.000000,above_band_high
2026-07-18T21:33:00Z,93.6736,0.000000,0.000000,0.000000,above_band_high
2026-07-18T21:34:00Z,93.6950,0.000000,0.000000,0.000000,above_band_high
2026-07-18T21:35:00Z,93.6950,0.000000,0.000000,0.000000,above_band_high
2026-07-18T21:36:00Z,93.7194,0.000000,0.000000,0.000000,above_band_high
2026-07-18T21:37:00Z,93.7728,0.000000,0.000000,0.000000,above_band_high
2026-07-18T21:38:00Z,93.7545,0.000000,0.000000,0.000000,above_band_high
2026-07-18T21:39:00Z,93.7057,0.000000,0.000000,0.000000,above_band_high
2026-07-18T21:40:00Z,93.7926,0.000000,0.000000,0.000000,above_band_high
2026-07-18T21:41:00Z,93.8109,0.000000,0.000000,0.000000,above_band_high
2026-07-18T21:42:00Z,93.8155,0.000000,0.000000,0.000000,above_band_high
2026-07-18T21:43:00Z,93.7865,0.000000,0.000000,0.000000,above_band_high
2026-07-18T21:44:00Z,93.8231,0.000000,0.000000,0.000000,above_band_high
2026-07-18T21:45:00Z,93.8384,0.000000,0.000000,0.000000,above_band_high
2026-07-18T21:46:00Z,93.8796,0.000000,0.000000,0.000000,above_band_high
2026-07-18T21:47:00Z,93.8155,0.000000,0.000000,0.000000,above_band_high
2026-07-18T21:48:00Z,93.8567,0.000000,0.000000,0.000000,above_band_high
2026-07-18T21:49:00Z,93.8659,0.000000,0.000000,0.000000,above_band_high
2026-07-18T21:50:00Z,93.8933,0.000000,0.000000,0.000000,above_band_high
2026-07-18T21:51:00Z,93.9025,0.000000,0.000000,0.000000,above_band_high
2026-07-18T21:52:00Z,93.8888,0.000000,0.000000,0.000000,above_band_high
2026-07-18T21:53:00Z,93.8735,0.000000,0.000000,0.000000,above_band_high
2026-07-18T21:54:00Z,93.8827,0.000000,0.000000,0.000000,above_band_high
2026-07-18T21:55:00Z,93.8460,0.000000,0.000000,0.000000,above_band_high
2026-07-18T21:56:00Z,93.8933,0.000000,0.000000,0.000000,above_band_high
2026-07-18T21:57:00Z,93.9254,0.000000,0.000000,0.000000,above_band_high
2026-07-18T21:58:00Z,93.8735,0.000000,0.000000,0.000000,above_band_high
2026-07-18T21:59:00Z,93.8933,0.000000,0.000000,0.000000,above_band_high
2026-07-18T22:00:00Z,93.8750,0.000000,0.000000,0.000000,above_band_high
2026-07-18T22:01:00Z,93.8842,0.000000,0.000000,0.000000,above_band_high
2026-07-18T22:02:00Z,93.8842,0.000000,0.000000,0.000000,above_band_high
2026-07-18T22:03:00Z,93.8613,0.000000,0.000000,0.000000,above_band_high
2026-07-18T22:04:00Z,93.8750,0.000000,0.000000,0.000000,above_band_high
2026-07-18T22:05:00Z,93.8796,0.000000,0.000000,0.000000,above_band_high
2026-07-18T22:06:00Z,93.8842,0.000000,0.000000,0.000000,above_band_high
2026-07-18T22:07:00Z,93.8796,0.000000,0.000000,0.000000,above_band_high
2026-07-18T22:08:00Z,93.8430,0.000000,0.000000,0.000000,above_band_high
2026-07-18T22:09:00Z,93.8430,0.000000,0.000000,0.000000,above_band_high
2026-07-18T22:10:00Z,93.8415,0.000000,0.000000,0.000000,above_band_high
2026-07-18T22:11:00Z,93.8277,0.000000,0.000000,0.000000,above_band_high
2026-07-18T22:12:00Z,93.8415,0.000000,0.000000,0.000000,above_band_high
2026-07-18T22:13:00Z,93.8552,0.000000,0.000000,0.000000,above_band_high
2026-07-18T22:14:00Z,93.7911,0.000000,0.000000,0.000000,above_band_high
2026-07-18T22:15:00Z,93.7743,0.000000,0.000000,0.000000,above_band_high
2026-07-18T22:16:00Z,93.7911,0.000000,0.000000,0.000000,above_band_high
2026-07-18T22:17:00Z,93.8064,0.000000,0.000000,0.000000,above_band_high
2026-07-18T22:18:00Z,93.8155,0.000000,0.000000,0.000000,above_band_high
2026-07-18T22:19:00Z,93.8003,0.000000,0.000000,0.000000,above_band_high
2026-07-18T22:20:00Z,93.8231,0.000000,0.000000,0.000000,above_band_high
2026-07-18T22:21:00Z,93.8460,0.000000,0.000000,0.000000,above_band_high
2026-07-18T22:22:00Z,93.8415,0.000000,0.000000,0.000000,above_band_high
2026-07-18T22:23:00Z,93.8705,0.000000,0.000000,0.000000,above_band_high
2026-07-18T22:24:00Z,93.8369,0.000000,0.000000,0.000000,above_band_high
2026-07-18T22:25:00Z,93.8552,0.000000,0.000000,0.000000,above_band_high
2026-07-18T22:26:00Z,93.8872,0.000000,0.000000,0.000000,above_band_high
2026-07-18T22:27:00Z,93.8384,0.000000,0.000000,0.000000,above_band_high
2026-07-18T22:28:00Z,93.8476,0.000000,0.000000,0.000000,above_band_high
2026-07-18T22:29:00Z,93.8430,0.000000,0.000000,0.000000,above_band_high
2026-07-18T22:30:00Z,93.8781,0.000000,0.000000,0.000000,above_band_high
2026-07-18T22:31:00Z,93.8781,0.000000,0.000000,0.000000,above_band_high
2026-07-18T22:32:00Z,93.8613,0.000000,0.000000,0.000000,above_band_high
2026-07-18T22:33:00Z,93.8781,0.000000,0.000000,0.000000,above_band_high
2026-07-18T22:34:00Z,93.8613,0.000000,0.000000,0.000000,above_band_high
2026-07-18T22:35:00Z,93.8827,0.000000,0.000000,0.000000,above_band_high
2026-07-18T22:36:00Z,93.8750,0.000000,0.000000,0.000000,above_band_high
2026-07-18T22:37:00Z,93.8659,0.000000,0.000000,0.000000,above_band_high
2026-07-18T22:38:00Z,93.8369,0.000000,0.000000,0.000000,above_band_high
2026-07-18T22:39:00Z,93.8384,0.000000,0.000000,0.000000,above_band_high
2026-07-18T22:40:00Z,93.8476,0.000000,0.000000,0.000000,above_band_high
2026-07-18T22:41:00Z,93.8460,0.000000,0.000000,0.000000,above_band_high
2026-07-18T22:42:00Z,93.8476,0.000000,0.000000,0.000000,above_band_high
2026-07-18T22:43:00Z,93.8552,0.000000,0.000000,0.000000,above_band_high
2026-07-18T22:44:00Z,93.8247,0.000000,0.000000,0.000000,above_band_high
2026-07-18T22:45:00Z,93.8369,0.000000,0.000000,0.000000,above_band_high
2026-07-18T22:46:00Z,93.8415,0.000000,0.000000,0.000000,above_band_high
2026-07-18T22:47:00Z,93.8231,0.000000,0.000000,0.000000,above_band_high
2026-07-18T22:48:00Z,93.8293,0.000000,0.000000,0.000000,above_band_high
2026-07-18T22:49:00Z,93.8186,0.000000,0.000000,0.000000,above_band_high
2026-07-18T22:50:00Z,93.8231,0.000000,0.000000,0.000000,above_band_high
2026-07-18T22:51:00Z,93.8186,0.000000,0.000000,0.000000,above_band_high
2026-07-18T22:52:00Z,93.8460,0.000000,0.000000,0.000000,above_band_high
2026-07-18T22:53:00Z,93.8155,0.000000,0.000000,0.000000,above_band_high
2026-07-18T22:54:00Z,93.8155,0.000000,0.000000,0.000000,above_band_high
2026-07-18T22:55:00Z,93.8231,0.000000,0.000000,0.000000,above_band_high
2026-07-18T22:56:00Z,93.8231,0.000000,0.000000,0.000000,above_band_high
2026-07-18T22:57:00Z,93.8018,0.000000,0.000000,0.000000,above_band_high
2026-07-18T22:58:00Z,93.7743,0.000000,0.000000,0.000000,above_band_high
2026-07-18T22:59:00Z,93.7926,0.000000,0.000000,0.000000,above_band_high
2026-07-18T23:00:00Z,93.8109,0.000000,0.000000,0.000000,above_band_high
2026-07-18T23:01:00Z,93.7774,0.000000,0.000000,0.000000,above_band_high
2026-07-18T23:02:00Z,93.7560,0.000000,0.000000,0.000000,above_band_high
2026-07-18T23:03:00Z,93.7774,0.000000,0.000000,0.000000,above_band_high
2026-07-18T23:04:00Z,93.7316,0.000000,0.000000,0.000000,above_band_high
2026-07-18T23:05:00Z,93.7148,0.000000,0.000000,0.000000,above_band_high
2026-07-18T23:06:00Z,93.7224,0.000000,0.000000,0.000000,above_band_high
2026-07-18T23:07:00Z,93.7377,0.000000,0.000000,0.000000,above_band_high
2026-07-18T23:08:00Z,93.7057,0.000000,0.000000,0.000000,above_band_high
2026-07-18T23:09:00Z,93.6782,0.000000,0.000000,0.000000,above_band_high
2026-07-18T23:10:00Z,93.6782,0.000000,0.000000,0.000000,above_band_high
2026-07-18T23:11:00Z,93.6461,0.000000,0.000000,0.000000,above_band_high
2026-07-18T23:12:00Z,93.6873,0.000000,0.000000,0.000000,above_band_high
2026-07-18T23:13:00Z,93.6461,0.000000,0.000000,0.000000,above_band_high
2026-07-18T23:14:00Z,93.6355,0.000000,0.000000,0.000000,above_band_high
2026-07-18T23:15:00Z,93.6370,0.000000,0.000000,0.000000,above_band_high
2026-07-18T23:16:00Z,93.6141,0.000000,0.000000,0.000000,above_band_high
2026-07-18T23:17:00Z,93.6034,0.000000,0.000000,0.000000,above_band_high
2026-07-18T23:18:00Z,93.5500,0.000000,0.000000,0.000000,above_band_high
2026-07-18T23:19:00Z,93.5637,0.000000,0.000000,0.000000,above_band_high
2026-07-18T23:20:00Z,93.5409,0.000000,0.000000,0.000000,above_band_high
2026-07-18T23:21:00Z,93.5134,0.000000,0.000000,0.000000,above_band_high
2026-07-18T23:22:00Z,93.4951,0.000000,0.000000,0.000000,above_band_high
2026-07-18T23:23:00Z,93.5439,0.000000,0.000000,0.000000,above_band_high
2026-07-18T23:24:00Z,93.4615,0.000000,0.000000,0.000000,above_band_high
2026-07-18T23:25:00Z,93.4707,0.000000,0.000000,0.000000,above_band_high
2026-07-18T23:26:00Z,93.4630,0.000000,0.000000,0.000000,above_band_high
2026-07-18T23:27:00Z,93.4310,0.000000,0.000000,0.000000,above_band_high
2026-07-18T23:28:00Z,93.4340,0.000000,0.000000,0.000000,above_band_high
2026-07-18T23:29:00Z,93.4340,0.000000,0.000000,0.000000,above_band_high
2026-07-18T23:30:00Z,93.4264,0.000000,0.000000,0.000000,above_band_high
2026-07-18T23:31:00Z,93.3974,0.000000,0.000000,0.000000,above_band_high
2026-07-18T23:32:00Z,93.3715,0.000000,0.000000,0.000000,above_band_high
2026-07-18T23:33:00Z,93.3623,0.000000,0.000000,0.000000,above_band_high
2026-07-18T23:34:00Z,93.3349,0.000000,0.000000,0.000000,above_band_high
2026-07-18T23:35:00Z,93.3394,0.000000,0.000000,0.000000,above_band_high
2026-07-18T23:36:00Z,93.3471,0.000000,0.000000,0.000000,above_band_high
2026-07-18T23:37:00Z,93.2982,0.000000,0.000000,0.000000,above_band_high
2026-07-18T23:38:00Z,93.3120,0.000000,0.000000,0.000000,above_band_high
2026-07-18T23:39:00Z,93.2921,0.000000,0.000000,0.000000,above_band_high
2026-07-18T23:40:00Z,93.2967,0.000000,0.000000,0.000000,above_band_high
2026-07-18T23:41:00Z,93.2555,0.000000,0.000000,0.000000,above_band_high
2026-07-18T23:42:00Z,93.2387,0.000000,0.000000,0.000000,above_band_high
2026-07-18T23:43:00Z,93.2097,0.000000,0.000000,0.000000,above_band_high
2026-07-18T23:44:00Z,93.2464,0.000000,0.000000,0.000000,above_band_high
2026-07-18T23:45:00Z,93.2021,0.000000,0.000000,0.000000,above_band_high
2026-07-18T23:46:00Z,93.1792,0.000000,0.000000,0.000000,above_band_high
2026-07-18T23:47:00Z,93.1746,0.000000,0.000000,0.000000,above_band_high
2026-07-18T23:48:00Z,93.1563,0.000000,0.000000,0.000000,above_band_high
2026-07-18T23:49:00Z,93.1594,0.000000,0.000000,0.000000,above_band_high
2026-07-18T23:50:00Z,93.1365,0.000000,0.000000,0.000000,above_band_high
2026-07-18T23:51:00Z,93.1060,0.000000,0.000000,0.000000,above_band_high
2026-07-18T23:52:00Z,93.1456,0.000000,0.000000,0.000000,above_band_high
2026-07-18T23:53:00Z,93.1151,0.000000,0.000000,0.000000,above_band_high
2026-07-18T23:54:00Z,93.1151,0.000000,0.000000,0.000000,above_band_high
2026-07-18T23:55:00Z,93.1014,0.000000,0.000000,0.000000,above_band_high
2026-07-18T23:56:00Z,93.0816,0.000000,0.000000,0.000000,above_band_high
2026-07-18T23:57:00Z,93.0678,0.000000,0.000000,0.000000,above_band_high
2026-07-18T23:58:00Z,93.0419,0.000000,0.000000,0.000000,above_band_high
2026-07-18T23:59:00Z,92.9915,0.000000,0.000000,0.000000,above_band_high
2026-07-19T00:00:00Z,93.0037,0.000000,0.000000,0.000000,above_band_high
2026-07-19T00:01:00Z,92.9763,0.000000,0.000000,0.000000,above_band_high
2026-07-19T00:02:00Z,92.9992,0.000000,0.000000,0.000000,above_band_high
2026-07-19T00:03:00Z,92.9717,0.000000,0.000000,0.000000,above_band_high
2026-07-19T00:04:00Z,92.9503,0.000000,0.000000,0.000000,above_band_high
2026-07-19T00:05:00Z,92.9808,0.000000,0.000000,0.000000,above_band_high
2026-07-19T00:06:00Z,92.9442,0.000000,0.000000,0.000000,above_band_high
2026-07-19T00:07:00Z,92.9183,0.000000,0.000000,0.000000,above_band_high
2026-07-19T00:08:00Z,92.9320,0.000000,0.000000,0.000000,above_band_high
2026-07-19T00:09:00Z,92.8893,0.000000,0.000000,0.000000,above_band_high
2026-07-19T00:10:00Z,92.9000,0.000000,0.000000,0.000000,above_band_high
2026-07-19T00:11:00Z,92.8939,0.000000,0.000000,0.000000,above_band_high
2026-07-19T00:12:00Z,92.8679,0.000000,0.000000,0.000000,above_band_high
2026-07-19T00:13:00Z,92.8618,0.000000,0.000000,0.000000,above_band_high
2026-07-19T00:14:00Z,92.8771,0.000000,0.000000,0.000000,above_band_high
2026-07-19T00:15:00Z,92.8542,0.000000,0.000000,0.000000,above_band_high
2026-07-19T00:16:00Z,92.8679,0.000000,0.000000,0.000000,above_band_high
2026-07-19T00:17:00Z,92.9076,0.000000,0.000000,0.000000,above_band_high
2026-07-19T00:18:00Z,92.8954,0.000000,0.000000,0.000000,above_band_high
2026-07-19T00:19:00Z,92.8862,0.000000,0.000000,0.000000,above_band_high
2026-07-19T00:20:00Z,92.8756,0.000000,0.000000,0.000000,above_band_high
2026-07-19T00:21:00Z,92.8771,0.000000,0.000000,0.000000,above_band_high
2026-07-19T00:22:00Z,92.8573,0.000000,0.000000,0.000000,above_band_high
2026-07-19T00:23:00Z,92.8725,0.000000,0.000000,0.000000,above_band_high
2026-07-19T00:24:00Z,92.9076,0.000000,0.000000,0.000000,above_band_high
2026-07-19T00:25:00Z,92.8985,0.000000,0.000000,0.000000,above_band_high
2026-07-19T00:26:00Z,92.9122,0.000000,0.000000,0.000000,above_band_high
2026-07-19T00:27:00Z,92.9305,0.000000,0.000000,0.000000,above_band_high
2026-07-19T00:28:00Z,92.9442,0.000000,0.000000,0.000000,above_band_high
2026-07-19T00:29:00Z,92.9534,0.000000,0.000000,0.000000,above_band_high
2026-07-19T00:30:00Z,92.9763,0.000000,0.000000,0.000000,above_band_high
2026-07-19T00:31:00Z,92.9732,0.000000,0.000000,0.000000,above_band_high
2026-07-19T00:32:00Z,92.9671,0.000000,0.000000,0.000000,above_band_high
2026-07-19T00:33:00Z,92.9534,0.000000,0.000000,0.000000,above_band_high
2026-07-19T00:34:00Z,92.9412,0.000000,0.000000,0.000000,above_band_high
2026-07-19T00:35:00Z,92.9397,0.000000,0.000000,0.000000,above_band_high
2026-07-19T00:36:00Z,92.9717,0.000000,0.000000,0.000000,above_band_high
2026-07-19T00:37:00Z,92.9351,0.000000,0.000000,0.000000,above_band_high
2026-07-19T00:38:00Z,92.9534,0.000000,0.000000,0.000000,above_band_high
2026-07-19T00:39:00Z,92.9595,0.000000,0.000000,0.000000,above_band_high
2026-07-19T00:40:00Z,92.9778,0.000000,0.000000,0.000000,above_band_high
2026-07-19T00:41:00Z,92.9488,0.000000,0.000000,0.000000,above_band_high
2026-07-19T00:42:00Z,92.9595,0.000000,0.000000,0.000000,above_band_high
2026-07-19T00:43:00Z,92.9641,0.000000,0.000000,0.000000,above_band_high
2026-07-19T00:44:00Z,92.9824,0.000000,0.000000,0.000000,above_band_high
2026-07-19T00:45:00Z,92.9412,0.000000,0.000000,0.000000,above_band_high
2026-07-19T00:46:00Z,92.9641,0.000000,0.000000,0.000000,above_band_high
2026-07-19T00:47:00Z,92.9534,0.000000,0.000000,0.000000,above_band_high
2026-07-19T00:48:00Z,92.9778,0.000000,0.000000,0.000000,above_band_high
2026-07-19T00:49:00Z,92.9412,0.000000,0.000000,0.000000,above_band_high
2026-07-19T00:50:00Z,92.9625,0.000000,0.000000,0.000000,above_band_high
2026-07-19T00:51:00Z,92.9351,0.000000,0.000000,0.000000,above_band_high
2026-07-19T00:52:00Z,92.9580,0.000000,0.000000,0.000000,above_band_high
2026-07-19T00:53:00Z,92.9397,0.000000,0.000000,0.000000,above_band_high
2026-07-19T00:54:00Z,92.9091,0.000000,0.000000,0.000000,above_band_high
2026-07-19T00:55:00Z,92.8481,0.000000,0.000000,0.000000,above_band_high
2026-07-19T00:56:00Z,92.8801,0.000000,0.000000,0.000000,above_band_high
2026-07-19T00:57:00Z,92.8389,0.000000,0.000000,0.000000,above_band_high
2026-07-19T00:58:00Z,92.8084,0.000000,0.000000,0.000000,above_band_high
2026-07-19T00:59:00Z,92.8222,0.000000,0.000000,0.000000,above_band_high
2026-07-19T01:00:00Z,92.7672,0.000000,0.000000,0.000000,above_band_high
2026-07-19T01:01:00Z,92.7611,0.000000,0.000000,0.000000,above_band_high
2026-07-19T01:02:00Z,92.6879,0.000000,0.000000,0.000000,above_band_high
2026-07-19T01:03:00Z,92.6238,0.000000,0.000000,0.000000,above_band_high
2026-07-19T01:04:00Z,92.6238,0.000000,0.000000,0.000000,above_band_high
2026-07-19T01:05:00Z,92.5429,0.000000,0.000000,0.000000,above_band_high
2026-07-19T01:06:00Z,92.5277,0.000000,0.000000,0.000000,above_band_high
2026-07-19T01:07:00Z,92.4605,0.000000,0.000000,0.000000,above_band_high
2026-07-19T01:08:00Z,92.4697,0.000000,0.000000,0.000000,above_band_high
2026-07-19T01:09:00Z,92.4178,0.000000,0.000000,0.000000,above_band_high
2026-07-19T01:10:00Z,92.4041,0.000000,0.000000,0.000000,above_band_high
2026-07-19T01:11:00Z,92.3873,0.000000,0.000000,0.000000,above_band_high
2026-07-19T01:12:00Z,92.3766,0.000000,0.000000,0.000000,above_band_high
2026-07-19T01:13:00Z,92.4086,0.000000,0.000000,0.000000,above_band_high
2026-07-19T01:14:00Z,92.3903,0.000000,0.000000,0.000000,above_band_high
2026-07-19T01:15:00Z,92.3766,0.000000,0.000000,0.000000,above_band_high
2026-07-19T01:16:00Z,92.3949,0.000000,0.000000,0.000000,above_band_high
2026-07-19T01:17:00Z,92.3903,0.000000,0.000000,0.000000,above_band_high
2026-07-19T01:18:00Z,92.3186,0.000000,0.000000,0.000000,above_band_high
2026-07-19T01:19:00Z,92.3598,0.000000,0.000000,0.000000,above_band_high
2026-07-19T01:20:00Z,92.3461,0.000000,0.000000,0.000000,above_band_high
2026-07-19T01:21:00Z,92.3461,0.000000,0.000000,0.000000,above_band_high
2026-07-19T01:22:00Z,92.3217,0.000000,0.000000,0.000000,above_band_high
2026-07-19T01:23:00Z,92.3278,0.000000,0.000000,0.000000,above_band_high
2026-07-19T01:24:00Z,92.3323,0.000000,0.000000,0.000000,above_band_high
2026-07-19T01:25:00Z,92.3629,0.000000,0.000000,0.000000,above_band_high
2026-07-19T01:26:00Z,92.3552,0.000000,0.000000,0.000000,above_band_high
2026-07-19T01:27:00Z,92.3491,0.000000,0.000000,0.000000,above_band_high
2026-07-19T01:28:00Z,92.3278,0.000000,0.000000,0.000000,above_band_high
2026-07-19T01:29:00Z,92.3262,0.000000,0.000000,0.000000,above_band_high
2026-07-19T01:30:00Z,92.3552,0.000000,0.000000,0.000000,above_band_high
2026-07-19T01:31:00Z,92.3552,0.000000,0.000000,0.000000,above_band_high
2026-07-19T01:32:00Z,92.3812,0.000000,0.000000,0.000000,above_band_high
2026-07-19T01:33:00Z,92.3873,0.000000,0.000000,0.000000,above_band_high
2026-07-19T01:34:00Z,92.3857,0.000000,0.000000,0.000000,above_band_high
2026-07-19T01:35:00Z,92.4239,0.000000,0.000000,0.000000,above_band_high
2026-07-19T01:36:00Z,92.4010,0.000000,0.000000,0.000000,above_band_high
2026-07-19T01:37:00Z,92.4010,0.000000,0.000000,0.000000,above_band_high
2026-07-19T01:38:00Z,92.4178,0.000000,0.000000,0.000000,above_band_high
2026-07-19T01:39:00Z,92.4269,0.000000,0.000000,0.000000,above_band_high
2026-07-19T01:40:00Z,92.4102,0.000000,0.000000,0.000000,above_band_high
2026-07-19T01:41:00Z,92.3903,0.000000,0.000000,0.000000,above_band_high
2026-07-19T01:42:00Z,92.3735,0.000000,0.000000,0.000000,above_band_high
2026-07-19T01:43:00Z,92.4010,0.000000,0.000000,0.000000,above_band_high
2026-07-19T01:44:00Z,92.4224,0.000000,0.000000,0.000000,above_band_high
2026-07-19T01:45:00Z,92.3949,0.000000,0.000000,0.000000,above_band_high
2026-07-19T01:46:00Z,92.4193,0.000000,0.000000,0.000000,above_band_high
2026-07-19T01:47:00Z,92.3537,0.000000,0.000000,0.000000,above_band_high
2026-07-19T01:48:00Z,92.3217,0.000000,0.000000,0.000000,above_band_high
2026-07-19T01:49:00Z,92.3354,0.000000,0.000000,0.000000,above_band_high
2026-07-19T01:50:00Z,92.2988,0.000000,0.000000,0.000000,above_band_high
2026-07-19T01:51:00Z,92.2591,0.000000,0.000000,0.000000,above_band_high
2026-07-19T01:52:00Z,92.2225,0.000000,0.000000,0.000000,above_band_high
2026-07-19T01:53:00Z,92.2393,0.000000,0.000000,0.000000,above_band_high
2026-07-19T01:54:00Z,92.2484,0.000000,0.000000,0.000000,above_band_high
2026-07-19T01:55:00Z,92.2591,0.000000,0.000000,0.000000,above_band_high
2026-07-19T01:56:00Z,92.2347,0.000000,0.000000,0.000000,above_band_high
2026-07-19T01:57:00Z,92.2728,0.000000,0.000000,0.000000,above_band_high
2026-07-19T01:58:00Z,92.2896,0.000000,0.000000,0.000000,above_band_high
2026-07-19T01:59:00Z,92.3354,0.000000,0.000000,0.000000,above_band_high
2026-07-19T02:00:00Z,92.3308,0.000000,0.000000,0.000000,above_band_high
2026-07-19T02:01:00Z,92.3354,0.000000,0.000000,0.000000,above_band_high
2026-07-19T02:02:00Z,92.3262,0.000000,0.000000,0.000000,above_band_high
2026-07-19T02:03:00Z,92.3507,0.000000,0.000000,0.000000,above_band_high
2026-07-19T02:04:00Z,92.3690,0.000000,0.000000,0.000000,above_band_high
2026-07-19T02:05:00Z,92.3186,0.000000,0.000000,0.000000,above_band_high
2026-07-19T02:06:00Z,92.3415,0.000000,0.000000,0.000000,above_band_high
2026-07-19T02:07:00Z,92.3354,0.000000,0.000000,0.000000,above_band_high
2026-07-19T02:08:00Z,92.3491,0.000000,0.000000,0.000000,above_band_high
2026-07-19T02:09:00Z,92.3186,0.000000,0.000000,0.000000,above_band_high
2026-07-19T02:10:00Z,92.3079,0.000000,0.000000,0.000000,above_band_high
2026-07-19T02:11:00Z,92.3400,0.000000,0.000000,0.000000,above_band_high
2026-07-19T02:12:00Z,92.3095,0.000000,0.000000,0.000000,above_band_high
2026-07-19T02:13:00Z,92.3278,0.000000,0.000000,0.000000,above_band_high
2026-07-19T02:14:00Z,92.3400,0.000000,0.000000,0.000000,above_band_high
2026-07-19T02:15:00Z,92.3033,0.000000,0.000000,0.000000,above_band_high
2026-07-19T02:16:00Z,92.3400,0.000000,0.000000,0.000000,above_band_high
2026-07-19T02:17:00Z,92.3079,0.000000,0.000000,0.000000,above_band_high
2026-07-19T02:18:00Z,92.3491,0.000000,0.000000,0.000000,above_band_high
2026-07-19T02:19:00Z,92.3262,0.000000,0.000000,0.000000,above_band_high
2026-07-19T02:20:00Z,92.3629,0.000000,0.000000,0.000000,above_band_high
2026-07-19T02:21:00Z,92.4041,0.000000,0.000000,0.000000,above_band_high
2026-07-19T02:22:00Z,92.4041,0.000000,0.000000,0.000000,above_band_high
2026-07-19T02:23:00Z,92.4361,0.000000,0.000000,0.000000,above_band_high
2026-07-19T02:24:00Z,92.4041,0.000000,0.000000,0.000000,above_band_high
2026-07-19T02:25:00Z,92.4727,0.000000,0.000000,0.000000,above_band_high
2026-07-19T02:26:00Z,92.4910,0.000000,0.000000,0.000000,above_band_high
2026-07-19T02:27:00Z,92.4834,0.000000,0.000000,0.000000,above_band_high
2026-07-19T02:28:00Z,92.5017,0.000000,0.000000,0.000000,above_band_high
2026-07-19T02:29:00Z,92.5277,0.000000,0.000000,0.000000,above_band_high
2026-07-19T02:30:00Z,92.5322,0.000000,0.000000,0.000000,above_band_high
2026-07-19T02:31:00Z,92.5689,0.000000,0.000000,0.000000,above_band_high
2026-07-19T02:32:00Z,92.5978,0.000000,0.000000,0.000000,above_band_high
2026-07-19T02:33:00Z,92.5566,0.000000,0.000000,0.000000,above_band_high
2026-07-19T02:34:00Z,92.6055,0.000000,0.000000,0.000000,above_band_high
2026-07-19T02:35:00Z,92.6299,0.000000,0.000000,0.000000,above_band_high
2026-07-19T02:36:00Z,92.6986,0.000000,0.000000,0.000000,above_band_high
2026-07-19T02:37:00Z,92.6848,0.000000,0.000000,0.000000,above_band_high
2026-07-19T02:38:00Z,92.6894,0.000000,0.000000,0.000000,above_band_high
2026-07-19T02:39:00Z,92.6833,0.000000,0.000000,0.000000,above_band_high
2026-07-19T02:40:00Z,92.7169,0.000000,0.000000,0.000000,above_band_high
2026-07-19T02:41:00Z,92.6925,0.000000,0.000000,0.000000,above_band_high
2026-07-19T02:42:00Z,92.7291,0.000000,0.000000,0.000000,above_band_high
2026-07-19T02:43:00Z,92.7260,0.000000,0.000000,0.000000,above_band_high
2026-07-19T02:44:00Z,92.7810,0.000000,0.000000,0.000000,above_band_high
2026-07-19T02:45:00Z,92.7855,0.000000,0.000000,0.000000,above_band_high
2026-07-19T02:46:00Z,92.8084,0.000000,0.000000,0.000000,above_band_high
2026-07-19T02:47:00Z,92.8176,0.000000,0.000000,0.000000,above_band_high
2026-07-19T02:48:00Z,92.8450,0.000000,0.000000,0.000000,above_band_high
2026-07-19T02:49:00Z,92.9046,0.000000,0.000000,0.000000,above_band_high
2026-07-19T02:50:00Z,92.8985,0.000000,0.000000,0.000000,above_band_high
2026-07-19T02:51:00Z,92.9168,0.000000,0.000000,0.000000,above_band_high
2026-07-19T02:52:00Z,92.8756,0.000000,0.000000,0.000000,above_band_high
2026-07-19T02:53:00Z,92.9168,0.000000,0.000000,0.000000,above_band_high
2026-07-19T02:54:00Z,92.9488,0.000000,0.000000,0.000000,above_band_high
2026-07-19T02:55:00Z,92.9091,0.000000,0.000000,0.000000,above_band_high
2026-07-19T02:56:00Z,92.9900,0.000000,0.000000,0.000000,above_band_high
2026-07-19T02:57:00Z,92.9229,0.000000,0.000000,0.000000,above_band_high
2026-07-19T02:58:00Z,92.9671,0.000000,0.000000,0.000000,above_band_high
2026-07-19T02:59:00Z,92.9900,0.000000,0.000000,0.000000,above_band_high
2026-07-19T03:00:00Z,92.9915,0.000000,0.000000,0.000000,above_band_high
2026-07-19T03:01:00Z,93.0282,0.000000,0.000000,0.000000,above_band_high
2026-07-19T03:02:00Z,92.9961,0.000000,0.000000,0.000000,above_band_high
2026-07-19T03:03:00Z,93.0282,0.000000,0.000000,0.000000,above_band_high
2026-07-19T03:04:00Z,93.0373,0.000000,0.000000,0.000000,above_band_high
2026-07-19T03:05:00Z,93.0190,0.000000,0.000000,0.000000,above_band_high
2026-07-19T03:06:00Z,93.0083,0.000000,0.000000,0.000000,above_band_high
2026-07-19T03:07:00Z,93.0266,0.000000,0.000000,0.000000,above_band_high
2026-07-19T03:08:00Z,93.0510,0.000000,0.000000,0.000000,above_band_high
2026-07-19T03:09:00Z,93.0373,0.000000,0.000000,0.000000,above_band_high
2026-07-19T03:10:00Z,93.0266,0.000000,0.000000,0.000000,above_band_high
2026-07-19T03:11:00Z,93.0327,0.000000,0.000000,0.000000,above_band_high
2026-07-19T03:12:00Z,93.0190,0.000000,0.000000,0.000000,above_band_high
2026-07-19T03:13:00Z,93.0144,0.000000,0.000000,0.000000,above_band_high
2026-07-19T03:14:00Z,93.0083,0.000000,0.000000,0.000000,above_band_high
2026-07-19T03:15:00Z,92.9961,0.000000,0.000000,0.000000,above_band_high
2026-07-19T03:16:00Z,92.9824,0.000000,0.000000,0.000000,above_band_high
2026-07-19T03:17:00Z,93.0190,0.000000,0.000000,0.000000,above_band_high
2026-07-19T03:18:00Z,92.9900,0.000000,0.000000,0.000000,above_band_high
2026-07-19T03:19:00Z,93.0373,0.000000,0.000000,0.000000,above_band_high
2026-07-19T03:20:00Z,93.0327,0.000000,0.000000,0.000000,above_band_high
2026-07-19T03:21:00Z,93.0144,0.000000,0.000000,0.000000,above_band_high
2026-07-19T03:22:00Z,93.0220,0.000000,0.000000,0.000000,above_band_high
2026-07-19T03:23:00Z,93.0419,0.000000,0.000000,0.000000,above_band_high
2026-07-19T03:24:00Z,93.0144,0.000000,0.000000,0.000000,above_band_high
2026-07-19T03:25:00Z,93.0327,0.000000,0.000000,0.000000,above_band_high
2026-07-19T03:26:00Z,93.0648,0.000000,0.000000,0.000000,above_band_high
2026-07-19T03:27:00Z,93.0587,0.000000,0.000000,0.000000,above_band_high
2026-07-19T03:28:00Z,93.0587,0.000000,0.000000,0.000000,above_band_high
2026-07-19T03:29:00Z,93.0831,0.000000,0.000000,0.000000,above_band_high
2026-07-19T03:30:00Z,93.0373,0.000000,0.000000,0.000000,above_band_high
2026-07-19T03:31:00Z,93.0739,0.000000,0.000000,0.000000,above_band_high
2026-07-19T03:32:00Z,93.0922,0.000000,0.000000,0.000000,above_band_high
2026-07-19T03:33:00Z,93.1060,0.000000,0.000000,0.000000,above_band_high
2026-07-19T03:34:00Z,93.1228,0.000000,0.000000,0.000000,above_band_high
2026-07-19T03:35:00Z,93.1243,0.000000,0.000000,0.000000,above_band_high
2026-07-19T03:36:00Z,93.1182,0.000000,0.000000,0.000000,above_band_high
2026-07-19T03:37:00Z,93.1365,0.000000,0.000000,0.000000,above_band_high
2026-07-19T03:38:00Z,93.1243,0.000000,0.000000,0.000000,above_band_high
2026-07-19T03:39:00Z,93.1136,0.000000,0.000000,0.000000,above_band_high
2026-07-19T03:40:00Z,93.1518,0.000000,0.000000,0.000000,above_band_high
2026-07-19T03:41:00Z,93.1518,0.000000,0.000000,0.000000,above_band_high
2026-07-19T03:42:00Z,93.1563,0.000000,0.000000,0.000000,above_band_high
2026-07-19T03:43:00Z,93.1136,0.000000,0.000000,0.000000,above_band_high
2026-07-19T03:44:00Z,93.1273,0.000000,0.000000,0.000000,above_band_high
2026-07-19T03:45:00Z,93.1365,0.000000,0.000000,0.000000,above_band_high
2026-07-19T03:46:00Z,93.1365,0.000000,0.000000,0.000000,above_band_high
2026-07-19T03:47:00Z,93.1273,0.000000,0.000000,0.000000,above_band_high
2026-07-19T03:48:00Z,93.1609,0.000000,0.000000,0.000000,above_band_high
2026-07-19T03:49:00Z,93.1640,0.000000,0.000000,0.000000,above_band_high
2026-07-19T03:50:00Z,93.1456,0.000000,0.000000,0.000000,above_band_high
2026-07-19T03:51:00Z,93.1792,0.000000,0.000000,0.000000,above_band_high
2026-07-19T03:52:00Z,93.1548,0.000000,0.000000,0.000000,above_band_high
2026-07-19T03:53:00Z,93.1868,0.000000,0.000000,0.000000,above_band_high
2026-07-19T03:54:00Z,93.2189,0.000000,0.000000,0.000000,above_band_high
2026-07-19T03:55:00Z,93.1930,0.000000,0.000000,0.000000,above_band_high
2026-07-19T03:56:00Z,93.1868,0.000000,0.000000,0.000000,above_band_high
2026-07-19T03:57:00Z,93.2021,0.000000,0.000000,0.000000,above_band_high
2026-07-19T03:58:00Z,93.2067,0.000000,0.000000,0.000000,above_band_high
2026-07-19T03:59:00Z,93.2189,0.000000,0.000000,0.000000,above_band_high
2026-07-19T04:00:00Z,93.2647,0.000000,0.000000,0.000000,above_band_high
2026-07-19T04:01:00Z,93.2433,0.000000,0.000000,0.000000,above_band_high
2026-07-19T04:02:00Z,93.2280,0.000000,0.000000,0.000000,above_band_high
2026-07-19T04:03:00Z,93.2235,0.000000,0.000000,0.000000,above_band_high
2026-07-19T04:04:00Z,93.2189,0.000000,0.000000,0.000000,above_band_high
2026-07-19T04:05:00Z,93.1975,0.000000,0.000000,0.000000,above_band_high
2026-07-19T04:06:00Z,93.1914,0.000000,0.000000,0.000000,above_band_high
2026-07-19T04:07:00Z,93.1472,0.000000,0.000000,0.000000,above_band_high
2026-07-19T04:08:00Z,93.1701,0.000000,0.000000,0.000000,above_band_high
2026-07-19T04:09:00Z,93.1365,0.000000,0.000000,0.000000,above_band_high
2026-07-19T04:10:00Z,93.1106,0.000000,0.000000,0.000000,above_band_high
2026-07-19T04:11:00Z,93.1106,0.000000,0.000000,0.000000,above_band_high
2026-07-19T04:12:00Z,93.1243,0.000000,0.000000,0.000000,above_band_high
2026-07-19T04:13:00Z,93.1243,0.000000,0.000000,0.000000,above_band_high
2026-07-19T04:14:00Z,93.0968,0.000000,0.000000,0.000000,above_band_high
2026-07-19T04:15:00Z,93.0739,0.000000,0.000000,0.000000,above_band_high
2026-07-19T04:16:00Z,93.0602,0.000000,0.000000,0.000000,above_band_high
2026-07-19T04:17:00Z,93.0648,0.000000,0.000000,0.000000,above_band_high
2026-07-19T04:18:00Z,93.0602,0.000000,0.000000,0.000000,above_band_high
2026-07-19T04:19:00Z,93.0999,0.000000,0.000000,0.000000,above_band_high
2026-07-19T04:20:00Z,93.1365,0.000000,0.000000,0.000000,above_band_high
2026-07-19T04:21:00Z,93.1655,0.000000,0.000000,0.000000,above_band_high
2026-07-19T04:22:00Z,93.1563,0.000000,0.000000,0.000000,above_band_high
2026-07-19T04:23:00Z,93.2372,0.000000,0.000000,0.000000,above_band_high
2026-07-19T04:24:00Z,93.2250,0.000000,0.000000,0.000000,above_band_high
2026-07-19T04:25:00Z,93.2647,0.000000,0.000000,0.000000,above_band_high
2026-07-19T04:26:00Z,93.3104,0.000000,0.000000,0.000000,above_band_high
2026-07-19T04:27:00Z,93.3211,0.000000,0.000000,0.000000,above_band_high
2026-07-19T04:28:00Z,93.3425,0.000000,0.000000,0.000000,above_band_high
2026-07-19T04:29:00Z,93.3486,0.000000,0.000000,0.000000,above_band_high
2026-07-19T04:30:00Z,93.3791,0.000000,0.000000,0.000000,above_band_high
2026-07-19T04:31:00Z,93.3944,0.000000,0.000000,0.000000,above_band_high
2026-07-19T04:32:00Z,93.4157,0.000000,0.000000,0.000000,above_band_high
2026-07-19T04:33:00Z,93.4066,0.000000,0.000000,0.000000,above_band_high
2026-07-19T04:34:00Z,93.4661,0.000000,0.000000,0.000000,above_band_high
2026-07-19T04:35:00Z,93.4997,0.000000,0.000000,0.000000,above_band_high
2026-07-19T04:36:00Z,93.4890,0.000000,0.000000,0.000000,above_band_high
2026-07-19T04:37:00Z,93.4997,0.000000,0.000000,0.000000,above_band_high
2026-07-19T04:38:00Z,93.5134,0.000000,0.000000,0.000000,above_band_high
2026-07-19T04:39:00Z,93.5363,0.000000,0.000000,0.000000,above_band_high
2026-07-19T04:40:00Z,93.5637,0.000000,0.000000,0.000000,above_band_high
2026-07-19T04:41:00Z,93.5988,0.000000,0.000000,0.000000,above_band_high
2026-07-19T04:42:00Z,93.5668,0.000000,0.000000,0.000000,above_band_high
2026-07-19T04:43:00Z,93.5805,0.000000,0.000000,0.000000,above_band_high
2026-07-19T04:44:00Z,93.6126,0.000000,0.000000,0.000000,above_band_high
2026-07-19T04:45:00Z,93.6172,0.000000,0.000000,0.000000,above_band_high
2026-07-19T04:46:00Z,93.6049,0.000000,0.000000,0.000000,above_band_high
2026-07-19T04:47:00Z,93.6233,0.000000,0.000000,0.000000,above_band_high
2026-07-19T04:48:00Z,93.6217,0.000000,0.000000,0.000000,above_band_high
2026-07-19T04:49:00Z,93.6400,0.000000,0.000000,0.000000,above_band_high
2026-07-19T04:50:00Z,93.6416,0.000000,0.000000,0.000000,above_band_high
2026-07-19T04:51:00Z,93.6355,0.000000,0.000000,0.000000,above_band_high
2026-07-19T04:52:00Z,93.6599,0.000000,0.000000,0.000000,above_band_high
2026-07-19T04:53:00Z,93.6141,0.000000,0.000000,0.000000,above_band_high
2026-07-19T04:54:00Z,93.6812,0.000000,0.000000,0.000000,above_band_high
2026-07-19T04:55:00Z,93.7148,0.000000,0.000000,0.000000,above_band_high
2026-07-19T04:56:00Z,93.7224,0.000000,0.000000,0.000000,above_band_high
2026-07-19T04:57:00Z,93.7514,0.000000,0.000000,0.000000,above_band_high
2026-07-19T04:58:00Z,93.7774,0.000000,0.000000,0.000000,above_band_high
2026-07-19T04:59:00Z,93.8155,0.000000,0.000000,0.000000,above_band_high
2026-07-19T05:00:00Z,93.8201,0.000000,0.000000,0.000000,above_band_high
2026-07-19T05:01:00Z,93.8155,0.000000,0.000000,0.000000,above_band_high
2026-07-19T05:02:00Z,93.8247,0.000000,0.000000,0.000000,above_band_high
2026-07-19T05:03:00Z,93.8521,0.000000,0.000000,0.000000,above_band_high
2026-07-19T05:04:00Z,93.8521,0.000000,0.000000,0.000000,above_band_high
2026-07-19T05:05:00Z,93.8705,0.000000,0.000000,0.000000,above_band_high
2026-07-19T05:06:00Z,93.8796,0.000000,0.000000,0.000000,above_band_high
2026-07-19T05:07:00Z,93.9117,0.000000,0.000000,0.000000,above_band_high
2026-07-19T05:08:00Z,93.9376,0.000000,0.000000,0.000000,above_band_high
2026-07-19T05:09:00Z,93.9101,0.000000,0.000000,0.000000,above_band_high
2026-07-19T05:10:00Z,93.9376,0.000000,0.000000,0.000000,above_band_high
2026-07-19T05:11:00Z,93.9376,0.000000,0.000000,0.000000,above_band_high
2026-07-19T05:12:00Z,93.9376,0.000000,0.000000,0.000000,above_band_high
2026-07-19T05:13:00Z,93.9696,0.000000,0.000000,0.000000,above_band_high
2026-07-19T05:14:00Z,93.9666,0.000000,0.000000,0.000000,above_band_high
2026-07-19T05:15:00Z,93.9788,0.000000,0.000000,0.000000,above_band_high
2026-07-19T05:16:00Z,93.9513,0.000000,0.000000,0.000000,above_band_high
2026-07-19T05:17:00Z,93.9971,0.000000,0.000000,0.000000,above_band_high
2026-07-19T05:18:00Z,93.9971,0.000000,0.000000,0.000000,above_band_high
2026-07-19T05:19:00Z,93.9574,0.000000,0.000000,0.000000,above_band_high
2026-07-19T05:20:00Z,93.9467,0.000000,0.000000,0.000000,above_band_high
2026-07-19T05:21:00Z,93.9651,0.000000,0.000000,0.000000,above_band_high
2026-07-19T05:22:00Z,93.9071,0.000000,0.000000,0.000000,above_band_high
2026-07-19T05:23:00Z,93.9055,0.000000,0.000000,0.000000,above_band_high
2026-07-19T05:24:00Z,93.9300,0.000000,0.000000,0.000000,above_band_high
2026-07-19T05:25:00Z,93.9117,0.000000,0.000000,0.000000,above_band_high
2026-07-19T05:26:00Z,93.8842,0.000000,0.000000,0.000000,above_band_high
2026-07-19T05:27:00Z,93.9117,0.000000,0.000000,0.000000,above_band_high
2026-07-19T05:28:00Z,93.9193,0.000000,0.000000,0.000000,above_band_high
2026-07-19T05:29:00Z,93.8659,0.000000,0.000000,0.000000,above_band_high
2026-07-19T05:30:00Z,93.9254,0.000000,0.000000,0.000000,above_band_high
2026-07-19T05:31:00Z,93.9055,0.000000,0.000000,0.000000,above_band_high
2026-07-19T05:32:00Z,93.9254,0.000000,0.000000,0.000000,above_band_high
2026-07-19T05:33:00Z,93.8643,0.000000,0.000000,0.000000,above_band_high
2026-07-19T05:34:00Z,93.8735,0.000000,0.000000,0.000000,above_band_high
2026-07-19T05:35:00Z,93.8689,0.000000,0.000000,0.000000,above_band_high
2026-07-19T05:36:00Z,93.8567,0.000000,0.000000,0.000000,above_band_high
2026-07-19T05:37:00Z,93.8598,0.000000,0.000000,0.000000,above_band_high
2026-07-19T05:38:00Z,93.8476,0.000000,0.000000,0.000000,above_band_high
2026-07-19T05:39:00Z,93.8521,0.000000,0.000000,0.000000,above_band_high
2026-07-19T05:40:00Z,93.8476,0.000000,0.000000,0.000000,above_band_high
2026-07-19T05:41:00Z,93.8567,0.000000,0.000000,0.000000,above_band_high
2026-07-19T05:42:00Z,93.8201,0.000000,0.000000,0.000000,above_band_high
2026-07-19T05:43:00Z,93.8231,0.000000,0.000000,0.000000,above_band_high
2026-07-19T05:44:00Z,93.7774,0.000000,0.000000,0.000000,above_band_high
2026-07-19T05:45:00Z,93.8613,0.000000,0.000000,0.000000,above_band_high
2026-07-19T05:46:00Z,93.8476,0.000000,0.000000,0.000000,above_band_high
2026-07-19T05:47:00Z,93.8827,0.000000,0.000000,0.000000,above_band_high
2026-07-19T05:48:00Z,93.8598,0.000000,0.000000,0.000000,above_band_high
2026-07-19T05:49:00Z,93.8705,0.000000,0.000000,0.000000,above_band_high
2026-07-19T05:50:00Z,93.8476,0.000000,0.000000,0.000000,above_band_high
2026-07-19T05:51:00Z,93.8689,0.000000,0.000000,0.000000,above_band_high
2026-07-19T05:52:00Z,93.8918,0.000000,0.000000,0.000000,above_band_high
2026-07-19T05:53:00Z,93.9117,0.000000,0.000000,0.000000,above_band_high
2026-07-19T05:54:00Z,93.9300,0.000000,0.000000,0.000000,above_band_high
2026-07-19T05:55:00Z,93.9193,0.000000,0.000000,0.000000,above_band_high
2026-07-19T05:56:00Z,93.9208,0.000000,0.000000,0.000000,above_band_high
2026-07-19T05:57:00Z,93.9467,0.000000,0.000000,0.000000,above_band_high
2026-07-19T05:58:00Z,93.9239,0.000000,0.000000,0.000000,above_band_high
2026-07-19T05:59:00Z,93.9254,0.000000,0.000000,0.000000,above_band_high
2026-07-19T06:00:00Z,93.9193,0.000000,0.000000,0.000000,above_band_high
2026-07-19T06:01:00Z,93.9849,0.000000,0.000000,0.000000,above_band_high
2026-07-19T06:02:00Z,93.9467,0.000000,0.000000,0.000000,above_band_high
2026-07-19T06:03:00Z,93.9528,0.000000,0.000000,0.000000,above_band_high
2026-07-19T06:04:00Z,93.9666,0.000000,0.000000,0.000000,above_band_high
2026-07-19T06:05:00Z,93.9651,0.000000,0.000000,0.000000,above_band_high
2026-07-19T06:06:00Z,93.9666,0.000000,0.000000,0.000000,above_band_high
2026-07-19T06:07:00Z,93.9834,0.000000,0.000000,0.000000,above_band_high
2026-07-19T06:08:00Z,94.0108,0.000000,0.000000,0.000000,above_band_high
2026-07-19T06:09:00Z,94.0032,0.000000,0.000000,0.000000,above_band_high
2026-07-19T06:10:00Z,94.0200,0.000000,0.000000,0.000000,above_band_high
2026-07-19T06:11:00Z,94.0032,0.000000,0.000000,0.000000,above_band_high
2026-07-19T06:12:00Z,94.0383,0.000000,0.000000,0.000000,above_band_high
2026-07-19T06:13:00Z,94.0490,0.000000,0.000000,0.000000,above_band_high
2026-07-19T06:14:00Z,94.0566,0.000000,0.000000,0.000000,above_band_high
2026-07-19T06:15:00Z,94.0581,0.000000,0.000000,0.000000,above_band_high
2026-07-19T06:16:00Z,94.0841,0.000000,0.000000,0.000000,above_band_high
2026-07-19T06:17:00Z,94.0795,0.000000,0.000000,0.000000,above_band_high
2026-07-19T06:18:00Z,94.0536,0.000000,0.000000,0.000000,above_band_high
2026-07-19T06:19:00Z,94.1176,0.000000,0.000000,0.000000,above_band_high
2026-07-19T06:20:00Z,94.0978,0.000000,0.000000,0.000000,above_band_high
2026-07-19T06:21:00Z,94.1772,0.000000,0.000000,0.000000,above_band_high
2026-07-19T06:22:00Z,94.1802,0.000000,0.000000,0.000000,above_band_high
2026-07-19T06:23:00Z,94.1634,0.000000,0.000000,0.000000,above_band_high
2026-07-19T06:24:00Z,94.2000,0.000000,0.000000,0.000000,above_band_high
2026-07-19T06:25:00Z,94.1955,0.000000,0.000000,0.000000,above_band_high
2026-07-19T06:26:00Z,94.2626,0.000000,0.000000,0.000000,above_band_high
2026-07-19T06:27:00Z,94.2214,0.000000,0.000000,0.000000,above_band_high
2026-07-19T06:28:00Z,94.2412,0.000000,0.000000,0.000000,above_band_high
2026-07-19T06:29:00Z,94.2855,0.000000,0.000000,0.000000,above_band_high
2026-07-19T06:30:00Z,94.2870,0.000000,0.000000,0.000000,above_band_high
2026-07-19T06:31:00Z,94.2718,0.000000,0.000000,0.000000,above_band_high
2026-07-19T06:32:00Z,94.2809,0.000000,0.000000,0.000000,above_band_high
2026-07-19T06:33:00Z,94.2992,0.000000,0.000000,0.000000,above_band_high
2026-07-19T06:34:00Z,94.2824,0.000000,0.000000,0.000000,above_band_high
2026-07-19T06:35:00Z,94.2870,0.000000,0.000000,0.000000,above_band_high
2026-07-19T06:36:00Z,94.2855,0.000000,0.000000,0.000000,above_band_high
2026-07-19T06:37:00Z,94.3053,0.000000,0.000000,0.000000,above_band_high
2026-07-19T06:38:00Z,94.2458,0.000000,0.000000,0.000000,above_band_high
2026-07-19T06:39:00Z,94.2580,0.000000,0.000000,0.000000,above_band_high
2026-07-19T06:40:00Z,94.2214,0.000000,0.000000,0.000000,above_band_high
2026-07-19T06:41:00Z,94.2580,0.000000,0.000000,0.000000,above_band_high
2026-07-19T06:42:00Z,94.2550,0.000000,0.000000,0.000000,above_band_high
2026-07-19T06:43:00Z,94.2351,0.000000,0.000000,0.000000,above_band_high
2026-07-19T06:44:00Z,94.1955,0.000000,0.000000,0.000000,above_band_high
2026-07-19T06:45:00Z,94.2580,0.000000,0.000000,0.000000,above_band_high
2026-07-19T06:46:00Z,94.1802,0.000000,0.000000,0.000000,above_band_high
2026-07-19T06:47:00Z,94.2046,0.000000,0.000000,0.000000,above_band_high
2026-07-19T06:48:00Z,94.2000,0.000000,0.000000,0.000000,above_band_high
2026-07-19T06:49:00Z,94.2000,0.000000,0.000000,0.000000,above_band_high
2026-07-19T06:50:00Z,94.1939,0.000000,0.000000,0.000000,above_band_high
2026-07-19T06:51:00Z,94.2184,0.000000,0.000000,0.000000,above_band_high
2026-07-19T06:52:00Z,94.1711,0.000000,0.000000,0.000000,above_band_high
2026-07-19T06:53:00Z,94.1817,0.000000,0.000000,0.000000,above_band_high
2026-07-19T06:54:00Z,94.2092,0.000000,0.000000,0.000000,above_band_high
2026-07-19T06:55:00Z,94.1817,0.000000,0.000000,0.000000,above_band_high
2026-07-19T06:56:00Z,94.2092,0.000000,0.000000,0.000000,above_band_high
2026-07-19T06:57:00Z,94.2260,0.000000,0.000000,0.000000,above_band_high
2026-07-19T06:58:00Z,94.2367,0.000000,0.000000,0.000000,above_band_high
2026-07-19T06:59:00Z,94.2367,0.000000,0.000000,0.000000,above_band_high
2026-07-19T07:00:00Z,94.2184,0.000000,0.000000,0.000000,above_band_high
2026-07-19T07:01:00Z,94.2535,0.000000,0.000000,0.000000,above_band_high
2026-07-19T07:02:00Z,94.2458,0.000000,0.000000,0.000000,above_band_high
2026-07-19T07:03:00Z,94.2397,0.000000,0.000000,0.000000,above_band_high
2026-07-19T07:04:00Z,94.2184,0.000000,0.000000,0.000000,above_band_high
2026-07-19T07:05:00Z,94.2306,0.000000,0.000000,0.000000,above_band_high
2026-07-19T07:06:00Z,94.2458,0.000000,0.000000,0.000000,above_band_high
2026-07-19T07:07:00Z,94.2138,0.000000,0.000000,0.000000,above_band_high
2026-07-19T07:08:00Z,94.2397,0.000000,0.000000,0.000000,above_band_high
2026-07-19T07:09:00Z,94.2596,0.000000,0.000000,0.000000,above_band_high
2026-07-19T07:10:00Z,94.2458,0.000000,0.000000,0.000000,above_band_high
2026-07-19T07:11:00Z,94.2489,0.000000,0.000000,0.000000,above_band_high
2026-07-19T07:12:00Z,94.2214,0.000000,0.000000,0.000000,above_band_high
2026-07-19T07:13:00Z,94.2367,0.000000,0.000000,0.000000,above_band_high
2026-07-19T07:14:00Z,94.2458,0.000000,0.000000,0.000000,above_band_high
2026-07-19T07:15:00Z,94.2641,0.000000,0.000000,0.000000,above_band_high
2026-07-19T07:16:00Z,94.2672,0.000000,0.000000,0.000000,above_band_high
2026-07-19T07:17:00Z,94.2687,0.000000,0.000000,0.000000,above_band_high
2026-07-19T07:18:00Z,94.2550,0.000000,0.000000,0.000000,above_band_high
2026-07-19T07:19:00Z,94.2809,0.000000,0.000000,0.000000,above_band_high
2026-07-19T07:20:00Z,94.2855,0.000000,0.000000,0.000000,above_band_high
2026-07-19T07:21:00Z,94.2855,0.000000,0.000000,0.000000,above_band_high
2026-07-19T07:22:00Z,94.2687,0.000000,0.000000,0.000000,above_band_high
2026-07-19T07:23:00Z,94.3084,0.000000,0.000000,0.000000,above_band_high
2026-07-19T07:24:00Z,94.2901,0.000000,0.000000,0.000000,above_band_high
2026-07-19T07:25:00Z,94.2947,0.000000,0.000000,0.000000,above_band_high
2026-07-19T07:26:00Z,94.2992,0.000000,0.000000,0.000000,above_band_high
2026-07-19T07:27:00Z,94.2824,0.000000,0.000000,0.000000,above_band_high
2026-07-19T07:28:00Z,94.2916,0.000000,0.000000,0.000000,above_band_high
2026-07-19T07:29:00Z,94.2992,0.000000,0.000000,0.000000,above_band_high
2026-07-19T07:30:00Z,94.3130,0.000000,0.000000,0.000000,above_band_high
2026-07-19T07:31:00Z,94.3221,0.000000,0.000000,0.000000,above_band_high
2026-07-19T07:32:00Z,94.3267,0.000000,0.000000,0.000000,above_band_high
2026-07-19T07:33:00Z,94.2824,0.000000,0.000000,0.000000,above_band_high
2026-07-19T07:34:00Z,94.3313,0.000000,0.000000,0.000000,above_band_high
2026-07-19T07:35:00Z,94.3450,0.000000,0.000000,0.000000,above_band_high
2026-07-19T07:36:00Z,94.3328,0.000000,0.000000,0.000000,above_band_high
2026-07-19T07:37:00Z,94.3450,0.000000,0.000000,0.000000,above_band_high
2026-07-19T07:38:00Z,94.3557,0.000000,0.000000,0.000000,above_band_high
2026-07-19T07:39:00Z,94.3603,0.000000,0.000000,0.000000,above_band_high
2026-07-19T07:40:00Z,94.3313,0.000000,0.000000,0.000000,above_band_high
2026-07-19T07:41:00Z,94.3267,0.000000,0.000000,0.000000,above_band_high
2026-07-19T07:42:00Z,94.3786,0.000000,0.000000,0.000000,above_band_high
2026-07-19T07:43:00Z,94.3267,0.000000,0.000000,0.000000,above_band_high
2026-07-19T07:44:00Z,94.3771,0.000000,0.000000,0.000000,above_band_high
2026-07-19T07:45:00Z,94.3771,0.000000,0.000000,0.000000,above_band_high
2026-07-19T07:46:00Z,94.3404,0.000000,0.000000,0.000000,above_band_high
2026-07-19T07:47:00Z,94.3862,0.000000,0.000000,0.000000,above_band_high
2026-07-19T07:48:00Z,94.3420,0.000000,0.000000,0.000000,above_band_high
2026-07-19T07:49:00Z,94.3999,0.000000,0.000000,0.000000,above_band_high
2026-07-19T07:50:00Z,94.3877,0.000000,0.000000,0.000000,above_band_high
2026-07-19T07:51:00Z,94.3694,0.000000,0.000000,0.000000,above_band_high
2026-07-19T07:52:00Z,94.3923,0.000000,0.000000,0.000000,above_band_high
2026-07-19T07:53:00Z,94.3969,0.000000,0.000000,0.000000,above_band_high
2026-07-19T07:54:00Z,94.4198,0.000000,0.000000,0.000000,above_band_high
2026-07-19T07:55:00Z,94.4274,0.000000,0.000000,0.000000,above_band_high
2026-07-19T07:56:00Z,94.4427,0.000000,0.000000,0.000000,above_band_high
2026-07-19T07:57:00Z,94.4198,0.000000,0.000000,0.000000,above_band_high
2026-07-19T07:58:00Z,94.4549,0.000000,0.000000,0.000000,above_band_high
2026-07-19T07:59:00Z,94.4366,0.000000,0.000000,0.000000,above_band_high
2026-07-19T08:00:00Z,94.4320,0.000000,0.000000,0.000000,above_band_high
2026-07-19T08:01:00Z,94.4656,0.000000,0.000000,0.000000,above_band_high
2026-07-19T08:02:00Z,94.4640,0.000000,0.000000,0.000000,above_band_high
2026-07-19T08:03:00Z,94.4427,0.000000,0.000000,0.000000,above_band_high
2026-07-19T08:04:00Z,94.4518,0.000000,0.000000,0.000000,above_band_high
2026-07-19T08:05:00Z,94.4732,0.000000,0.000000,0.000000,above_band_high
2026-07-19T08:06:00Z,94.4549,0.000000,0.000000,0.000000,above_band_high
2026-07-19T08:07:00Z,94.4701,0.000000,0.000000,0.000000,above_band_high
2026-07-19T08:08:00Z,94.4930,0.000000,0.000000,0.000000,above_band_high
2026-07-19T08:09:00Z,94.4793,0.000000,0.000000,0.000000,above_band_high
2026-07-19T08:10:00Z,94.4366,0.000000,0.000000,0.000000,above_band_high
2026-07-19T08:11:00Z,94.4518,0.000000,0.000000,0.000000,above_band_high
2026-07-19T08:12:00Z,94.4701,0.000000,0.000000,0.000000,above_band_high
2026-07-19T08:13:00Z,94.4732,0.000000,0.000000,0.000000,above_band_high
2026-07-19T08:14:00Z,94.4732,0.000000,0.000000,0.000000,above_band_high
2026-07-19T08:15:00Z,94.4915,0.000000,0.000000,0.000000,above_band_high
2026-07-19T08:16:00Z,94.4793,0.000000,0.000000,0.000000,above_band_high
2026-07-19T08:17:00Z,94.4839,0.000000,0.000000,0.000000,above_band_high
2026-07-19T08:18:00Z,94.4976,0.000000,0.000000,0.000000,above_band_high
2026-07-19T08:19:00Z,94.4732,0.000000,0.000000,0.000000,above_band_high
2026-07-19T08:20:00Z,94.4640,0.000000,0.000000,0.000000,above_band_high
2026-07-19T08:21:00Z,94.4930,0.000000,0.000000,0.000000,above_band_high
2026-07-19T08:22:00Z,94.5052,0.000000,0.000000,0.000000,above_band_high
2026-07-19T08:23:00Z,94.4747,0.000000,0.000000,0.000000,above_band_high
2026-07-19T08:24:00Z,94.5251,0.000000,0.000000,0.000000,above_band_high
2026-07-19T08:25:00Z,94.5022,0.000000,0.000000,0.000000,above_band_high
2026-07-19T08:26:00Z,94.5113,0.000000,0.000000,0.000000,above_band_high
2026-07-19T08:27:00Z,94.5434,0.000000,0.000000,0.000000,above_band_high
2026-07-19T08:28:00Z,94.5251,0.000000,0.000000,0.000000,above_band_high
2026-07-19T08:29:00Z,94.5647,0.000000,0.000000,0.000000,above_band_high
2026-07-19T08:30:00Z,94.5510,0.000000,0.000000,0.000000,above_band_high
2026-07-19T08:31:00Z,94.5525,0.000000,0.000000,0.000000,above_band_high
2026-07-19T08:32:00Z,94.5418,0.000000,0.000000,0.000000,above_band_high
2026-07-19T08:33:00Z,94.5892,0.000000,0.000000,0.000000,above_band_high
2026-07-19T08:34:00Z,94.5922,0.000000,0.000000,0.000000,above_band_high
2026-07-19T08:35:00Z,94.5602,0.000000,0.000000,0.000000,above_band_high
2026-07-19T08:36:00Z,94.5296,0.000000,0.000000,0.000000,above_band_high
2026-07-19T08:37:00Z,94.5983,0.000000,0.000000,0.000000,above_band_high
2026-07-19T08:38:00Z,94.6075,0.000000,0.000000,0.000000,above_band_high
2026-07-19T08:39:00Z,94.5892,0.000000,0.000000,0.000000,above_band_high
2026-07-19T08:40:00Z,94.5937,0.000000,0.000000,0.000000,above_band_high
2026-07-19T08:41:00Z,94.5510,0.000000,0.000000,0.000000,above_band_high
2026-07-19T08:42:00Z,94.6029,0.000000,0.000000,0.000000,above_band_high
2026-07-19T08:43:00Z,94.5693,0.000000,0.000000,0.000000,above_band_high
2026-07-19T08:44:00Z,94.5892,0.000000,0.000000,0.000000,above_band_high
2026-07-19T08:45:00Z,94.5968,0.000000,0.000000,0.000000,above_band_high
2026-07-19T08:46:00Z,94.6029,0.000000,0.000000,0.000000,above_band_high
2026-07-19T08:47:00Z,94.5830,0.000000,0.000000,0.000000,above_band_high
2026-07-19T08:48:00Z,94.6258,0.000000,0.000000,0.000000,above_band_high
2026-07-19T08:49:00Z,94.6151,0.000000,0.000000,0.000000,above_band_high
2026-07-19T08:50:00Z,94.6288,0.000000,0.000000,0.000000,above_band_high
2026-07-19T08:51:00Z,94.6166,0.000000,0.000000,0.000000,above_band_high
2026-07-19T08:52:00Z,94.6166,0.000000,0.000000,0.000000,above_band_high
2026-07-19T08:53:00Z,94.6075,0.000000,0.000000,0.000000,above_band_high
2026-07-19T08:54:00Z,94.6487,0.000000,0.000000,0.000000,above_band_high
2026-07-19T08:55:00Z,94.5968,0.000000,0.000000,0.000000,above_band_high
2026-07-19T08:56:00Z,94.6166,0.000000,0.000000,0.000000,above_band_high
2026-07-19T08:57:00Z,94.6624,0.000000,0.000000,0.000000,above_band_high
2026-07-19T08:58:00Z,94.6166,0.000000,0.000000,0.000000,above_band_high
2026-07-19T08:59:00Z,94.6288,0.000000,0.000000,0.000000,above_band_high
2026-07-19T09:00:00Z,94.6609,0.000000,0.000000,0.000000,above_band_high
2026-07-19T09:01:00Z,94.6166,0.000000,0.000000,0.000000,above_band_high
2026-07-19T09:02:00Z,94.6075,0.000000,0.000000,0.000000,above_band_high
2026-07-19T09:03:00Z,94.6151,0.000000,0.000000,0.000000,above_band_high
2026-07-19T09:04:00Z,94.6441,0.000000,0.000000,0.000000,above_band_high
2026-07-19T09:05:00Z,94.6075,0.000000,0.000000,0.000000,above_band_high
2026-07-19T09:06:00Z,94.6212,0.000000,0.000000,0.000000,above_band_high
2026-07-19T09:07:00Z,94.5892,0.000000,0.000000,0.000000,above_band_high
2026-07-19T09:08:00Z,94.5708,0.000000,0.000000,0.000000,above_band_high
2026-07-19T09:09:00Z,94.6014,0.000000,0.000000,0.000000,above_band_high
2026-07-19T09:10:00Z,94.6212,0.000000,0.000000,0.000000,above_band_high
2026-07-19T09:11:00Z,94.6517,0.000000,0.000000,0.000000,above_band_high
2026-07-19T09:12:00Z,94.6334,0.000000,0.000000,0.000000,above_band_high
2026-07-19T09:13:00Z,94.6288,0.000000,0.000000,0.000000,above_band_high
2026-07-19T09:14:00Z,94.6120,0.000000,0.000000,0.000000,above_band_high
2026-07-19T09:15:00Z,94.6166,0.000000,0.000000,0.000000,above_band_high
2026-07-19T09:16:00Z,94.5892,0.000000,0.000000,0.000000,above_band_high
2026-07-19T09:17:00Z,94.6151,0.000000,0.000000,0.000000,above_band_high
2026-07-19T09:18:00Z,94.5876,0.000000,0.000000,0.000000,above_band_high
2026-07-19T09:19:00Z,94.6120,0.000000,0.000000,0.000000,above_band_high
2026-07-19T09:20:00Z,94.6334,0.000000,0.000000,0.000000,above_band_high
2026-07-19T09:21:00Z,94.6166,0.000000,0.000000,0.000000,above_band_high
2026-07-19T09:22:00Z,94.6166,0.000000,0.000000,0.000000,above_band_high
2026-07-19T09:23:00Z,94.6395,0.000000,0.000000,0.000000,above_band_high
2026-07-19T09:24:00Z,94.6151,0.000000,0.000000,0.000000,above_band_high
2026-07-19T09:25:00Z,94.6288,0.000000,0.000000,0.000000,above_band_high
2026-07-19T09:26:00Z,94.6075,0.000000,0.000000,0.000000,above_band_high
2026-07-19T09:27:00Z,94.6151,0.000000,0.000000,0.000000,above_band_high
2026-07-19T09:28:00Z,94.6334,0.000000,0.000000,0.000000,above_band_high
2026-07-19T09:29:00Z,94.6258,0.000000,0.000000,0.000000,above_band_high
2026-07-19T09:30:00Z,94.6471,0.000000,0.000000,0.000000,above_band_high
2026-07-19T09:31:00Z,94.6197,0.000000,0.000000,0.000000,above_band_high
2026-07-19T09:32:00Z,94.6059,0.000000,0.000000,0.000000,above_band_high
2026-07-19T09:33:00Z,94.6349,0.000000,0.000000,0.000000,above_band_high
2026-07-19T09:34:00Z,94.6532,0.000000,0.000000,0.000000,above_band_high
2026-07-19T09:35:00Z,94.6532,0.000000,0.000000,0.000000,above_band_high
2026-07-19T09:36:00Z,94.6426,0.000000,0.000000,0.000000,above_band_high
2026-07-19T09:37:00Z,94.6654,0.000000,0.000000,0.000000,above_band_high
2026-07-19T09:38:00Z,94.6197,0.000000,0.000000,0.000000,above_band_high
2026-07-19T09:39:00Z,94.6532,0.000000,0.000000,0.000000,above_band_high
2026-07-19T09:40:00Z,94.6532,0.000000,0.000000,0.000000,above_band_high
2026-07-19T09:41:00Z,94.6380,0.000000,0.000000,0.000000,above_band_high
2026-07-19T09:42:00Z,94.6517,0.000000,0.000000,0.000000,above_band_high
2026-07-19T09:43:00Z,94.6426,0.000000,0.000000,0.000000,above_band_high
2026-07-19T09:44:00Z,94.6426,0.000000,0.000000,0.000000,above_band_high
2026-07-19T09:45:00Z,94.6380,0.000000,0.000000,0.000000,above_band_high
2026-07-19T09:46:00Z,94.6029,0.000000,0.000000,0.000000,above_band_high
2026-07-19T09:47:00Z,94.6151,0.000000,0.000000,0.000000,above_band_high
2026-07-19T09:48:00Z,94.6471,0.000000,0.000000,0.000000,above_band_high
2026-07-19T09:49:00Z,94.6075,0.000000,0.000000,0.000000,above_band_high
2026-07-19T09:50:00Z,94.6120,0.000000,0.000000,0.000000,above_band_high
2026-07-19T09:51:00Z,94.6212,0.000000,0.000000,0.000000,above_band_high
2026-07-19T09:52:00Z,94.6197,0.000000,0.000000,0.000000,above_band_high
2026-07-19T09:53:00Z,94.6212,0.000000,0.000000,0.000000,above_band_high
2026-07-19T09:54:00Z,94.6197,0.000000,0.000000,0.000000,above_band_high
2026-07-19T09:55:00Z,94.6151,0.000000,0.000000,0.000000,above_band_high
2026-07-19T09:56:00Z,94.6120,0.000000,0.000000,0.000000,above_band_high
2026-07-19T09:57:00Z,94.6441,0.000000,0.000000,0.000000,above_band_high
2026-07-19T09:58:00Z,94.6059,0.000000,0.000000,0.000000,above_band_high
2026-07-19T09:59:00Z,94.6304,0.000000,0.000000,0.000000,above_band_high
2026-07-19T10:00:00Z,94.6151,0.000000,0.000000,0.000000,above_band_high
2026-07-19T10:01:00Z,94.6212,0.000000,0.000000,0.000000,above_band_high
2026-07-19T10:02:00Z,94.6029,0.000000,0.000000,0.000000,above_band_high
2026-07-19T10:03:00Z,94.6426,0.000000,0.000000,0.000000,above_band_high
2026-07-19T10:04:00Z,94.6105,0.000000,0.000000,0.000000,above_band_high
2026-07-19T10:05:00Z,94.6212,0.000000,0.000000,0.000000,above_band_high
2026-07-19T10:06:00Z,94.6304,0.000000,0.000000,0.000000,above_band_high
2026-07-19T10:07:00Z,94.6334,0.000000,0.000000,0.000000,above_band_high
2026-07-19T10:08:00Z,94.6166,0.000000,0.000000,0.000000,above_band_high
2026-07-19T10:09:00Z,94.6197,0.000000,0.000000,0.000000,above_band_high
2026-07-19T10:10:00Z,94.6029,0.000000,0.000000,0.000000,above_band_high
2026-07-19T10:11:00Z,94.5983,0.000000,0.000000,0.000000,above_band_high
2026-07-19T10:12:00Z,94.6029,0.000000,0.000000,0.000000,above_band_high
2026-07-19T10:13:00Z,94.6258,0.000000,0.000000,0.000000,above_band_high
2026-07-19T10:14:00Z,94.6105,0.000000,0.000000,0.000000,above_band_high
2026-07-19T10:15:00Z,94.6105,0.000000,0.000000,0.000000,above_band_high
2026-07-19T10:16:00Z,94.6059,0.000000,0.000000,0.000000,above_band_high
2026-07-19T10:17:00Z,94.6288,0.000000,0.000000,0.000000,above_band_high
2026-07-19T10:18:00Z,94.5983,0.000000,0.000000,0.000000,above_band_high
2026-07-19T10:19:00Z,94.6197,0.000000,0.000000,0.000000,above_band_high
2026-07-19T10:20:00Z,94.6242,0.000000,0.000000,0.000000,above_band_high
2026-07-19T10:21:00Z,94.6288,0.000000,0.000000,0.000000,above_band_high
2026-07-19T10:22:00Z,94.6334,0.000000,0.000000,0.000000,above_band_high
2026-07-19T10:23:00Z,94.6395,0.000000,0.000000,0.000000,above_band_high
2026-07-19T10:24:00Z,94.5983,0.000000,0.000000,0.000000,above_band_high
2026-07-19T10:25:00Z,94.6242,0.000000,0.000000,0.000000,above_band_high
2026-07-19T10:26:00Z,94.6197,0.000000,0.000000,0.000000,above_band_high
2026-07-19T10:27:00Z,94.6380,0.000000,0.000000,0.000000,above_band_high
2026-07-19T10:28:00Z,94.6487,0.000000,0.000000,0.000000,above_band_high
2026-07-19T10:29:00Z,94.6441,0.000000,0.000000,0.000000,above_band_high
2026-07-19T10:30:00Z,94.6441,0.000000,0.000000,0.000000,above_band_high
2026-07-19T10:31:00Z,94.6288,0.000000,0.000000,0.000000,above_band_high
2026-07-19T10:32:00Z,94.6517,0.000000,0.000000,0.000000,above_band_high
2026-07-19T10:33:00Z,94.6288,0.000000,0.000000,0.000000,above_band_high
2026-07-19T10:34:00Z,94.6349,0.000000,0.000000,0.000000,above_band_high
2026-07-19T10:35:00Z,94.6197,0.000000,0.000000,0.000000,above_band_high
2026-07-19T10:36:00Z,94.6059,0.000000,0.000000,0.000000,above_band_high
2026-07-19T10:37:00Z,94.6349,0.000000,0.000000,0.000000,above_band_high
2026-07-19T10:38:00Z,94.6761,0.000000,0.000000,0.000000,above_band_high
2026-07-19T10:39:00Z,94.6349,0.000000,0.000000,0.000000,above_band_high
2026-07-19T10:40:00Z,94.6349,0.000000,0.000000,0.000000,above_band_high
2026-07-19T10:41:00Z,94.6380,0.000000,0.000000,0.000000,above_band_high
2026-07-19T10:42:00Z,94.6563,0.000000,0.000000,0.000000,above_band_high
2026-07-19T10:43:00Z,94.6166,0.000000,0.000000,0.000000,above_band_high
2026-07-19T10:44:00Z,94.6166,0.000000,0.000000,0.000000,above_band_high
2026-07-19T10:45:00Z,94.6349,0.000000,0.000000,0.000000,above_band_high
2026-07-19T10:46:00Z,94.6166,0.000000,0.000000,0.000000,above_band_high
2026-07-19T10:47:00Z,94.6380,0.000000,0.000000,0.000000,above_band_high
2026-07-19T10:48:00Z,94.6166,0.000000,0.000000,0.000000,above_band_high
2026-07-19T10:49:00Z,94.6304,0.000000,0.000000,0.000000,above_band_high
2026-07-19T10:50:00Z,94.6166,0.000000,0.000000,0.000000,above_band_high
2026-07-19T10:51:00Z,94.6487,0.000000,0.000000,0.000000,above_band_high
2026-07-19T10:52:00Z,94.5983,0.000000,0.000000,0.000000,above_band_high
2026-07-19T10:53:00Z,94.6105,0.000000,0.000000,0.000000,above_band_high
2026-07-19T10:54:00Z,94.6304,0.000000,0.000000,0.000000,above_band_high
2026-07-19T10:55:00Z,94.6105,0.000000,0.000000,0.000000,above_band_high
2026-07-19T10:56:00Z,94.6197,0.000000,0.000000,0.000000,above_band_high
2026-07-19T10:57:00Z,94.6242,0.000000,0.000000,0.000000,above_band_high
2026-07-19T10:58:00Z,94.6426,0.000000,0.000000,0.000000,above_band_high
2026-07-19T10:59:00Z,94.5785,0.000000,0.000000,0.000000,above_band_high
2026-07-19T11:00:00Z,94.6197,0.000000,0.000000,0.000000,above_band_high
2026-07-19T11:01:00Z,94.6151,0.000000,0.000000,0.000000,above_band_high
2026-07-19T11:02:00Z,94.6029,0.000000,0.000000,0.000000,above_band_high
2026-07-19T11:03:00Z,94.6487,0.000000,0.000000,0.000000,above_band_high
2026-07-19T11:04:00Z,94.6532,0.000000,0.000000,0.000000,above_band_high
2026-07-19T11:05:00Z,94.6258,0.000000,0.000000,0.000000,above_band_high
2026-07-19T11:06:00Z,94.6578,0.000000,0.000000,0.000000,above_band_high
2026-07-19T11:07:00Z,94.6654,0.000000,0.000000,0.000000,above_band_high
2026-07-19T11:08:00Z,94.6883,0.000000,0.000000,0.000000,above_band_high
2026-07-19T11:09:00Z,94.6426,0.000000,0.000000,0.000000,above_band_high
2026-07-19T11:10:00Z,94.6700,0.000000,0.000000,0.000000,above_band_high
2026-07-19T11:11:00Z,94.6761,0.000000,0.000000,0.000000,above_band_high
2026-07-19T11:12:00Z,94.6853,0.000000,0.000000,0.000000,above_band_high
2026-07-19T11:13:00Z,94.6471,0.000000,0.000000,0.000000,above_band_high
2026-07-19T11:14:00Z,94.6944,0.000000,0.000000,0.000000,above_band_high
2026-07-19T11:15:00Z,94.7082,0.000000,0.000000,0.000000,above_band_high
2026-07-19T11:16:00Z,94.6944,0.000000,0.000000,0.000000,above_band_high
2026-07-19T11:17:00Z,94.6807,0.000000,0.000000,0.000000,above_band_high
2026-07-19T11:18:00Z,94.7021,0.000000,0.000000,0.000000,above_band_high
2026-07-19T11:19:00Z,94.6990,0.000000,0.000000,0.000000,above_band_high
2026-07-19T11:20:00Z,94.6944,0.000000,0.000000,0.000000,above_band_high
2026-07-19T11:21:00Z,94.7219,0.000000,0.000000,0.000000,above_band_high
2026-07-19T11:22:00Z,94.7494,0.000000,0.000000,0.000000,above_band_high
2026-07-19T11:23:00Z,94.7219,0.000000,0.000000,0.000000,above_band_high
2026-07-19T11:24:00Z,94.7204,0.000000,0.000000,0.000000,above_band_high
2026-07-19T11:25:00Z,94.7387,0.000000,0.000000,0.000000,above_band_high
2026-07-19T11:26:00Z,94.7066,0.000000,0.000000,0.000000,above_band_high
2026-07-19T11:27:00Z,94.6807,0.000000,0.000000,0.000000,above_band_high
2026-07-19T11:28:00Z,94.6944,0.000000,0.000000,0.000000,above_band_high
2026-07-19T11:29:00Z,94.6929,0.000000,0.000000,0.000000,above_band_high
2026-07-19T11:30:00Z,94.7082,0.000000,0.000000,0.000000,above_band_high
2026-07-19T11:31:00Z,94.7265,0.000000,0.000000,0.000000,above_band_high
2026-07-19T11:32:00Z,94.7402,0.000000,0.000000,0.000000,above_band_high
2026-07-19T11:33:00Z,94.7387,0.000000,0.000000,0.000000,above_band_high
2026-07-19T11:34:00Z,94.7387,0.000000,0.000000,0.000000,above_band_high
2026-07-19T11:35:00Z,94.7616,0.000000,0.000000,0.000000,above_band_high
2026-07-19T11:36:00Z,94.7616,0.000000,0.000000,0.000000,above_band_high
2026-07-19T11:37:00Z,94.7265,0.000000,0.000000,0.000000,above_band_high
2026-07-19T11:38:00Z,94.7265,0.000000,0.000000,0.000000,above_band_high
2026-07-19T11:39:00Z,94.7387,0.000000,0.000000,0.000000,above_band_high
2026-07-19T11:40:00Z,94.7662,0.000000,0.000000,0.000000,above_band_high
2026-07-19T11:41:00Z,94.7387,0.000000,0.000000,0.000000,above_band_high
2026-07-19T11:42:00Z,94.7677,0.000000,0.000000,0.000000,above_band_high
2026-07-19T11:43:00Z,94.7341,0.000000,0.000000,0.000000,above_band_high
2026-07-19T11:44:00Z,94.7265,0.000000,0.000000,0.000000,above_band_high
2026-07-19T11:45:00Z,94.7799,0.000000,0.000000,0.000000,above_band_high
2026-07-19T11:46:00Z,94.7448,0.000000,0.000000,0.000000,above_band_high
2026-07-19T11:47:00Z,94.7402,0.000000,0.000000,0.000000,above_band_high
2026-07-19T11:48:00Z,94.7478,0.000000,0.000000,0.000000,above_band_high
2026-07-19T11:49:00Z,94.7219,0.000000,0.000000,0.000000,above_band_high
2026-07-19T11:50:00Z,94.7265,0.000000,0.000000,0.000000,above_band_high
2026-07-19T11:51:00Z,94.7387,0.000000,0.000000,0.000000,above_band_high
2026-07-19T11:52:00Z,94.7387,0.000000,0.000000,0.000000,above_band_high
2026-07-19T11:53:00Z,94.7799,0.000000,0.000000,0.000000,above_band_high
2026-07-19T11:54:00Z,94.7753,0.000000,0.000000,0.000000,above_band_high
2026-07-19T11:55:00Z,94.7494,0.000000,0.000000,0.000000,above_band_high
2026-07-19T11:56:00Z,94.7616,0.000000,0.000000,0.000000,above_band_high
2026-07-19T11:57:00Z,94.7311,0.000000,0.000000,0.000000,above_band_high
2026-07-19T11:58:00Z,94.7616,0.000000,0.000000,0.000000,above_band_high
2026-07-19T11:59:00Z,94.7814,0.000000,0.000000,0.000000,above_band_high
2026-07-19T12:00:00Z,94.7753,0.000000,0.000000,0.000000,above_band_high
2026-07-19T12:01:00Z,94.7860,0.000000,0.000000,0.000000,above_band_high
2026-07-19T12:02:00Z,94.7936,0.000000,0.000000,0.000000,above_band_high
2026-07-19T12:03:00Z,94.7906,0.000000,0.000000,0.000000,above_band_high
2026-07-19T12:04:00Z,94.7860,0.000000,0.000000,0.000000,above_band_high
2026-07-19T12:05:00Z,94.7799,0.000000,0.000000,0.000000,above_band_high
2026-07-19T12:06:00Z,94.8211,0.000000,0.000000,0.000000,above_band_high
2026-07-19T12:07:00Z,94.8257,0.000000,0.000000,0.000000,above_band_high
2026-07-19T12:08:00Z,94.7936,0.000000,0.000000,0.000000,above_band_high
2026-07-19T12:09:00Z,94.8318,0.000000,0.000000,0.000000,above_band_high
2026-07-19T12:10:00Z,94.8318,0.000000,0.000000,0.000000,above_band_high
2026-07-19T12:11:00Z,94.8318,0.000000,0.000000,0.000000,above_band_high
2026-07-19T12:12:00Z,94.8363,0.000000,0.000000,0.000000,above_band_high
2026-07-19T12:13:00Z,94.8348,0.000000,0.000000,0.000000,above_band_high
2026-07-19T12:14:00Z,94.8135,0.000000,0.000000,0.000000,above_band_high
2026-07-19T12:15:00Z,94.8302,0.000000,0.000000,0.000000,above_band_high
2026-07-19T12:16:00Z,94.8531,0.000000,0.000000,0.000000,above_band_high
2026-07-19T12:17:00Z,94.8577,0.000000,0.000000,0.000000,above_band_high
2026-07-19T12:18:00Z,94.8409,0.000000,0.000000,0.000000,above_band_high
2026-07-19T12:19:00Z,94.8852,0.000000,0.000000,0.000000,above_band_high
2026-07-19T12:20:00Z,94.9035,0.000000,0.000000,0.000000,above_band_high
2026-07-19T12:21:00Z,94.8409,0.000000,0.000000,0.000000,above_band_high
2026-07-19T12:22:00Z,94.8730,0.000000,0.000000,0.000000,above_band_high
2026-07-19T12:23:00Z,94.8852,0.000000,0.000000,0.000000,above_band_high
2026-07-19T12:24:00Z,94.8806,0.000000,0.000000,0.000000,above_band_high
2026-07-19T12:25:00Z,94.8989,0.000000,0.000000,0.000000,above_band_high
2026-07-19T12:26:00Z,94.8943,0.000000,0.000000,0.000000,above_band_high
2026-07-19T12:27:00Z,94.9050,0.000000,0.000000,0.000000,above_band_high
2026-07-19T12:28:00Z,94.9187,0.000000,0.000000,0.000000,above_band_high
2026-07-19T12:29:00Z,94.9310,0.000000,0.000000,0.000000,above_band_high
2026-07-19T12:30:00Z,94.9325,0.000000,0.000000,0.000000,above_band_high
2026-07-19T12:31:00Z,94.9264,0.000000,0.000000,0.000000,above_band_high
2026-07-19T12:32:00Z,94.9233,0.000000,0.000000,0.000000,above_band_high
2026-07-19T12:33:00Z,94.9310,0.000000,0.000000,0.000000,above_band_high
2026-07-19T12:34:00Z,94.9416,0.000000,0.000000,0.000000,above_band_high
2026-07-19T12:35:00Z,94.9630,0.000000,0.000000,0.000000,above_band_high
2026-07-19T12:36:00Z,94.9538,0.000000,0.000000,0.000000,above_band_high
2026-07-19T12:37:00Z,94.9371,0.000000,0.000000,0.000000,above_band_high
2026-07-19T12:38:00Z,94.9310,0.000000,0.000000,0.000000,above_band_high
2026-07-19T12:39:00Z,94.9828,0.000000,0.000000,0.000000,above_band_high
2026-07-19T12:40:00Z,94.9767,0.000000,0.000000,0.000000,above_band_high
2026-07-19T12:41:00Z,94.9691,0.000000,0.000000,0.000000,above_band_high
2026-07-19T12:42:00Z,94.9508,0.000000,0.000000,0.000000,above_band_high
2026-07-19T12:43:00Z,94.9508,0.000000,0.000000,0.000000,above_band_high
2026-07-19T12:44:00Z,94.9828,0.000000,0.000000,0.000000,above_band_high
2026-07-19T12:45:00Z,94.9828,0.000000,0.000000,0.000000,above_band_high
2026-07-19T12:46:00Z,94.9676,0.000000,0.000000,0.000000,above_band_high
2026-07-19T12:47:00Z,94.9874,0.000000,0.000000,0.000000,above_band_high
2026-07-19T12:48:00Z,94.9508,0.000000,0.000000,0.000000,above_band_high
2026-07-19T12:49:00Z,94.9554,0.000000,0.000000,0.000000,above_band_high
2026-07-19T12:50:00Z,94.9676,0.000000,0.000000,0.000000,above_band_high
2026-07-19T12:51:00Z,94.9554,0.000000,0.000000,0.000000,above_band_high
2026-07-19T12:52:00Z,94.9233,0.000000,0.000000,0.000000,above_band_high
2026-07-19T12:53:00Z,94.9783,0.000000,0.000000,0.000000,above_band_high
2026-07-19T12:54:00Z,94.9630,0.000000,0.000000,0.000000,above_band_high
2026-07-19T12:55:00Z,94.9447,0.000000,0.000000,0.000000,above_band_high
2026-07-19T12:56:00Z,94.9691,0.000000,0.000000,0.000000,above_band_high
2026-07-19T12:57:00Z,94.9767,0.000000,0.000000,0.000000,above_band_high
2026-07-19T12:58:00Z,94.9447,0.000000,0.000000,0.000000,above_band_high
2026-07-19T12:59:00Z,94.9599,0.000000,0.000000,0.000000,above_band_high
2026-07-19T13:00:00Z,94.9401,0.000000,0.000000,0.000000,above_band_high
2026-07-19T13:01:00Z,94.9783,0.000000,0.000000,0.000000,above_band_high
2026-07-19T13:02:00Z,94.9325,0.000000,0.000000,0.000000,above_band_high
2026-07-19T13:03:00Z,94.9554,0.000000,0.000000,0.000000,above_band_high
2026-07-19T13:04:00Z,94.9676,0.000000,0.000000,0.000000,above_band_high
2026-07-19T13:05:00Z,94.9554,0.000000,0.000000,0.000000,above_band_high
2026-07-19T13:06:00Z,94.9722,0.000000,0.000000,0.000000,above_band_high
2026-07-19T13:07:00Z,94.9264,0.000000,0.000000,0.000000,above_band_high
2026-07-19T13:08:00Z,94.9371,0.000000,0.000000,0.000000,above_band_high
2026-07-19T13:09:00Z,94.9554,0.000000,0.000000,0.000000,above_band_high
2026-07-19T13:10:00Z,94.9905,0.000000,0.000000,0.000000,above_band_high
2026-07-19T13:11:00Z,94.9310,0.000000,0.000000,0.000000,above_band_high
2026-07-19T13:12:00Z,94.9630,0.000000,0.000000,0.000000,above_band_high
2026-07-19T13:13:00Z,94.9676,0.000000,0.000000,0.000000,above_band_high
2026-07-19T13:14:00Z,94.9508,0.000000,0.000000,0.000000,above_band_high
2026-07-19T13:15:00Z,94.9828,0.000000,0.000000,0.000000,above_band_high
2026-07-19T13:16:00Z,94.9447,0.000000,0.000000,0.000000,above_band_high
2026-07-19T13:17:00Z,94.9691,0.000000,0.000000,0.000000,above_band_high
2026-07-19T13:18:00Z,94.9676,0.000000,0.000000,0.000000,above_band_high
2026-07-19T13:19:00Z,94.9493,0.000000,0.000000,0.000000,above_band_high
2026-07-19T13:20:00Z,94.9722,0.000000,0.000000,0.000000,above_band_high
2026-07-19T13:21:00Z,94.9767,0.000000,0.000000,0.000000,above_band_high
2026-07-19T13:22:00Z,94.9722,0.000000,0.000000,0.000000,above_band_high
2026-07-19T13:23:00Z,94.9233,0.000000,0.000000,0.000000,above_band_high
2026-07-19T13:24:00Z,94.9691,0.000000,0.000000,0.000000,above_band_high
2026-07-19T13:25:00Z,94.9630,0.000000,0.000000,0.000000,above_band_high
2026-07-19T13:26:00Z,94.9645,0.000000,0.000000,0.000000,above_band_high
2026-07-19T13:27:00Z,94.9950,0.000000,0.000000,0.000000,above_band_high
2026-07-19T13:28:00Z,94.9828,0.000000,0.000000,0.000000,above_band_high
2026-07-19T13:29:00Z,94.9325,0.000000,0.000000,0.000000,above_band_high
2026-07-19T13:30:00Z,94.9691,0.000000,0.000000,0.000000,above_band_high
2026-07-19T13:31:00Z,94.9783,0.000000,0.000000,0.000000,above_band_high
2026-07-19T13:32:00Z,94.9905,0.000000,0.000000,0.000000,above_band_high
2026-07-19T13:33:00Z,95.0149,0.000000,0.000000,0.000000,above_band_high
2026-07-19T13:34:00Z,95.0195,0.000000,0.000000,0.000000,above_band_high
2026-07-19T13:35:00Z,94.9905,0.000000,0.000000,0.000000,above_band_high
2026-07-19T13:36:00Z,94.9996,0.000000,0.000000,0.000000,above_band_high
2026-07-19T13:37:00Z,94.9874,0.000000,0.000000,0.000000,above_band_high
2026-07-19T13:38:00Z,94.9783,0.000000,0.000000,0.000000,above_band_high
2026-07-19T13:39:00Z,94.9996,0.000000,0.000000,0.000000,above_band_high
2026-07-19T13:40:00Z,95.0088,0.000000,0.000000,0.000000,above_band_high
2026-07-19T13:41:00Z,95.0011,0.000000,0.000000,0.000000,above_band_high
2026-07-19T13:42:00Z,95.0011,0.000000,0.000000,0.000000,above_band_high
2026-07-19T13:43:00Z,95.0011,0.000000,0.000000,0.000000,above_band_high
2026-07-19T13:44:00Z,94.9783,0.000000,0.000000,0.000000,above_band_high
2026-07-19T13:45:00Z,95.0134,0.000000,0.000000,0.000000,above_band_high
2026-07-19T13:46:00Z,95.0149,0.000000,0.000000,0.000000,above_band_high
2026-07-19T13:47:00Z,95.0454,0.000000,0.000000,0.000000,above_band_high
2026-07-19T13:48:00Z,95.0088,0.000000,0.000000,0.000000,above_band_high
2026-07-19T13:49:00Z,95.0195,0.000000,0.000000,0.000000,above_band_high
2026-07-19T13:50:00Z,94.9950,0.000000,0.000000,0.000000,above_band_high
2026-07-19T13:51:00Z,94.9950,0.000000,0.000000,0.000000,above_band_high
2026-07-19T13:52:00Z,95.0088,0.000000,0.000000,0.000000,above_band_high
2026-07-19T13:53:00Z,95.0469,0.000000,0.000000,0.000000,above_band_high
2026-07-19T13:54:00Z,95.0515,0.000000,0.000000,0.000000,above_band_high
2026-07-19T13:55:00Z,95.0652,0.000000,0.000000,0.000000,above_band_high
2026-07-19T13:56:00Z,95.0683,0.000000,0.000000,0.000000,above_band_high
2026-07-19T13:57:00Z,94.9950,0.000000,0.000000,0.000000,above_band_high
2026-07-19T13:58:00Z,95.0317,0.000000,0.000000,0.000000,above_band_high
2026-07-19T13:59:00Z,95.0317,0.000000,0.000000,0.000000,above_band_high
2026-07-19T14:00:00Z,95.0195,0.000000,0.000000,0.000000,above_band_high
2026-07-19T14:01:00Z,95.0240,0.000000,0.000000,0.000000,above_band_high
2026-07-19T14:02:00Z,95.0332,0.000000,0.000000,0.000000,above_band_high
2026-07-19T14:03:00Z,95.0378,0.000000,0.000000,0.000000,above_band_high
2026-07-19T14:04:00Z,95.0317,0.000000,0.000000,0.000000,above_band_high
2026-07-19T14:05:00Z,95.0423,0.000000,0.000000,0.000000,above_band_high
2026-07-19T14:06:00Z,95.0332,0.000000,0.000000,0.000000,above_band_high
2026-07-19T14:07:00Z,95.0546,0.000000,0.000000,0.000000,above_band_high
2026-07-19T14:08:00Z,94.9996,0.000000,0.000000,0.000000,above_band_high
2026-07-19T14:09:00Z,95.0195,0.000000,0.000000,0.000000,above_band_high
2026-07-19T14:10:00Z,95.0042,0.000000,0.000000,0.000000,above_band_high
2026-07-19T14:11:00Z,94.9950,0.000000,0.000000,0.000000,above_band_high
2026-07-19T14:12:00Z,95.0546,0.000000,0.000000,0.000000,above_band_high
2026-07-19T14:13:00Z,95.0500,0.000000,0.000000,0.000000,above_band_high
2026-07-19T14:14:00Z,95.0103,0.000000,0.000000,0.000000,above_band_high
2026-07-19T14:15:00Z,95.0546,0.000000,0.000000,0.000000,above_band_high
2026-07-19T14:16:00Z,95.0561,0.000000,0.000000,0.000000,above_band_high
2026-07-19T14:17:00Z,94.9859,0.000000,0.000000,0.000000,above_band_high
2026-07-19T14:18:00Z,95.0149,0.000000,0.000000,0.000000,above_band_high
2026-07-19T14:19:00Z,94.9950,0.000000,0.000000,0.000000,above_band_high
2026-07-19T14:20:00Z,95.0225,0.000000,0.000000,0.000000,above_band_high
2026-07-19T14:21:00Z,95.0240,0.000000,0.000000,0.000000,above_band_high
2026-07-19T14:22:00Z,95.0240,0.000000,0.000000,0.000000,above_band_high
2026-07-19T14:23:00Z,94.9874,0.000000,0.000000,0.000000,above_band_high
2026-07-19T14:24:00Z,94.9676,0.000000,0.000000,0.000000,above_band_high
2026-07-19T14:25:00Z,95.0149,0.000000,0.000000,0.000000,above_band_high
2026-07-19T14:26:00Z,94.9996,0.000000,0.000000,0.000000,above_band_high
2026-07-19T14:27:00Z,95.0103,0.000000,0.000000,0.000000,above_band_high
2026-07-19T14:28:00Z,94.9950,0.000000,0.000000,0.000000,above_band_high
2026-07-19T14:29:00Z,95.0286,0.000000,0.000000,0.000000,above_band_high
2026-07-19T14:30:00Z,94.9493,0.000000,0.000000,0.000000,above_band_high
2026-07-19T14:31:00Z,94.9920,0.000000,0.000000,0.000000,above_band_high
2026-07-19T14:32:00Z,95.0057,0.000000,0.000000,0.000000,above_band_high
2026-07-19T14:33:00Z,94.9599,0.000000,0.000000,0.000000,above_band_high
2026-07-19T14:34:00Z,94.9859,0.000000,0.000000,0.000000,above_band_high
2026-07-19T14:35:00Z,95.0057,0.000000,0.000000,0.000000,above_band_high
2026-07-19T14:36:00Z,94.9828,0.000000,0.000000,0.000000,above_band_high
2026-07-19T14:37:00Z,94.9859,0.000000,0.000000,0.000000,above_band_high
2026-07-19T14:38:00Z,94.9645,0.000000,0.000000,0.000000,above_band_high
2026-07-19T14:39:00Z,94.9828,0.000000,0.000000,0.000000,above_band_high
2026-07-19T14:40:00Z,94.9554,0.000000,0.000000,0.000000,above_band_high
2026-07-19T14:41:00Z,94.9905,0.000000,0.000000,0.000000,above_band_high
2026-07-19T14:42:00Z,94.9676,0.000000,0.000000,0.000000,above_band_high
2026-07-19T14:43:00Z,94.9920,0.000000,0.000000,0.000000,above_band_high
2026-07-19T14:44:00Z,94.9767,0.000000,0.000000,0.000000,above_band_high
2026-07-19T14:45:00Z,94.9966,0.000000,0.000000,0.000000,above_band_high
2026-07-19T14:46:00Z,94.9783,0.000000,0.000000,0.000000,above_band_high
2026-07-19T14:47:00Z,94.9676,0.000000,0.000000,0.000000,above_band_high
2026-07-19T14:48:00Z,94.9447,0.000000,0.000000,0.000000,above_band_high
2026-07-19T14:49:00Z,94.9783,0.000000,0.000000,0.000000,above_band_high
2026-07-19T14:50:00Z,94.9676,0.000000,0.000000,0.000000,above_band_high
2026-07-19T14:51:00Z,94.9828,0.000000,0.000000,0.000000,above_band_high
2026-07-19T14:52:00Z,94.9645,0.000000,0.000000,0.000000,above_band_high
2026-07-19T14:53:00Z,94.9401,0.000000,0.000000,0.000000,above_band_high
2026-07-19T14:54:00Z,94.9783,0.000000,0.000000,0.000000,above_band_high
2026-07-19T14:55:00Z,94.9554,0.000000,0.000000,0.000000,above_band_high
2026-07-19T14:56:00Z,94.9630,0.000000,0.000000,0.000000,above_band_high
2026-07-19T14:57:00Z,94.9584,0.000000,0.000000,0.000000,above_band_high
2026-07-19T14:58:00Z,94.9401,0.000000,0.000000,0.000000,above_band_high
2026-07-19T14:59:00Z,94.9325,0.000000,0.000000,0.000000,above_band_high
2026-07-19T15:00:00Z,94.9264,0.000000,0.000000,0.000000,above_band_high
2026-07-19T15:01:00Z,94.9447,0.000000,0.000000,0.000000,above_band_high
2026-07-19T15:02:00Z,94.9447,0.000000,0.000000,0.000000,above_band_high
2026-07-19T15:03:00Z,94.9447,0.000000,0.000000,0.000000,above_band_high
2026-07-19T15:04:00Z,94.9447,0.000000,0.000000,0.000000,above_band_high
2026-07-19T15:05:00Z,94.9172,0.000000,0.000000,0.000000,above_band_high
2026-07-19T15:06:00Z,94.9004,0.000000,0.000000,0.000000,above_band_high
2026-07-19T15:07:00Z,94.9554,0.000000,0.000000,0.000000,above_band_high
2026-07-19T15:08:00Z,94.9508,0.000000,0.000000,0.000000,above_band_high
2026-07-19T15:09:00Z,94.9264,0.000000,0.000000,0.000000,above_band_high
2026-07-19T15:10:00Z,94.9279,0.000000,0.000000,0.000000,above_band_high
2026-07-19T15:11:00Z,94.9233,0.000000,0.000000,0.000000,above_band_high
2026-07-19T15:12:00Z,94.9325,0.000000,0.000000,0.000000,above_band_high
2026-07-19T15:13:00Z,94.9172,0.000000,0.000000,0.000000,above_band_high
2026-07-19T15:14:00Z,94.8989,0.000000,0.000000,0.000000,above_band_high
2026-07-19T15:15:00Z,94.9126,0.000000,0.000000,0.000000,above_band_high
2026-07-19T15:16:00Z,94.9325,0.000000,0.000000,0.000000,above_band_high
2026-07-19T15:17:00Z,94.9508,0.000000,0.000000,0.000000,above_band_high
2026-07-19T15:18:00Z,94.9462,0.000000,0.000000,0.000000,above_band_high
2026-07-19T15:19:00Z,94.9218,0.000000,0.000000,0.000000,above_band_high
2026-07-19T15:20:00Z,94.8806,0.000000,0.000000,0.000000,above_band_high
2026-07-19T15:21:00Z,94.9325,0.000000,0.000000,0.000000,above_band_high
2026-07-19T15:22:00Z,94.9584,0.000000,0.000000,0.000000,above_band_high
2026-07-19T15:23:00Z,94.9676,0.000000,0.000000,0.000000,above_band_high
2026-07-19T15:24:00Z,94.9279,0.000000,0.000000,0.000000,above_band_high
2026-07-19T15:25:00Z,94.9447,0.000000,0.000000,0.000000,above_band_high
2026-07-19T15:26:00Z,94.9218,0.000000,0.000000,0.000000,above_band_high
2026-07-19T15:27:00Z,94.8943,0.000000,0.000000,0.000000,above_band_high
2026-07-19T15:28:00Z,94.9050,0.000000,0.000000,0.000000,above_band_high
2026-07-19T15:29:00Z,94.9096,0.000000,0.000000,0.000000,above_band_high
2026-07-19T15:30:00Z,94.8714,0.000000,0.000000,0.000000,above_band_high
2026-07-19T15:31:00Z,94.8943,0.000000,0.000000,0.000000,above_band_high
2026-07-19T15:32:00Z,94.8989,0.000000,0.000000,0.000000,above_band_high
2026-07-19T15:33:00Z,94.9096,0.000000,0.000000,0.000000,above_band_high
2026-07-19T15:34:00Z,94.9187,0.000000,0.000000,0.000000,above_band_high
2026-07-19T15:35:00Z,94.9325,0.000000,0.000000,0.000000,above_band_high
2026-07-19T15:36:00Z,94.9493,0.000000,0.000000,0.000000,above_band_high
2026-07-19T15:37:00Z,94.9599,0.000000,0.000000,0.000000,above_band_high
2026-07-19T15:38:00Z,94.9905,0.000000,0.000000,0.000000,above_band_high
2026-07-19T15:39:00Z,95.0057,0.000000,0.000000,0.000000,above_band_high
2026-07-19T15:40:00Z,95.0057,0.000000,0.000000,0.000000,above_band_high
2026-07-19T15:41:00Z,95.0103,0.000000,0.000000,0.000000,above_band_high
2026-07-19T15:42:00Z,95.0317,0.000000,0.000000,0.000000,above_band_high
2026-07-19T15:43:00Z,95.0225,0.000000,0.000000,0.000000,above_band_high
2026-07-19T15:44:00Z,95.0591,0.000000,0.000000,0.000000,above_band_high
2026-07-19T15:45:00Z,95.0820,0.000000,0.000000,0.000000,above_band_high
2026-07-19T15:46:00Z,95.1049,0.000000,0.000000,0.000000,above_band_high
2026-07-19T15:47:00Z,95.1095,0.000000,0.000000,0.000000,above_band_high
2026-07-19T15:48:00Z,95.0698,0.000000,0.000000,0.000000,above_band_high
2026-07-19T15:49:00Z,95.0790,0.000000,0.000000,0.000000,above_band_high
2026-07-19T15:50:00Z,95.1186,0.000000,0.000000,0.000000,above_band_high
2026-07-19T15:51:00Z,95.1247,0.000000,0.000000,0.000000,above_band_high
2026-07-19T15:52:00Z,95.1431,0.000000,0.000000,0.000000,above_band_high
2026-07-19T15:53:00Z,95.1522,0.000000,0.000000,0.000000,above_band_high
2026-07-19T15:54:00Z,95.1751,0.000000,0.000000,0.000000,above_band_high
2026-07-19T15:55:00Z,95.1339,0.000000,0.000000,0.000000,above_band_high
2026-07-19T15:56:00Z,95.2148,0.000000,0.000000,0.000000,above_band_high
2026-07-19T15:57:00Z,95.1919,0.000000,0.000000,0.000000,above_band_high
2026-07-19T15:58:00Z,95.1980,0.000000,0.000000,0.000000,above_band_high
2026-07-19T15:59:00Z,95.1873,0.000000,0.000000,0.000000,above_band_high
2026-07-19T16:00:00Z,95.1797,0.000000,0.000000,0.000000,above_band_high
2026-07-19T16:01:00Z,95.1614,0.000000,0.000000,0.000000,above_band_high
2026-07-19T16:02:00Z,95.1873,0.000000,0.000000,0.000000,above_band_high
2026-07-19T16:03:00Z,95.1781,0.000000,0.000000,0.000000,above_band_high
2026-07-19T16:04:00Z,95.1781,0.000000,0.000000,0.000000,above_band_high
2026-07-19T16:05:00Z,95.1476,0.000000,0.000000,0.000000,above_band_high
2026-07-19T16:06:00Z,95.1476,0.000000,0.000000,0.000000,above_band_high
2026-07-19T16:07:00Z,95.1110,0.000000,0.000000,0.000000,above_band_high
2026-07-19T16:08:00Z,95.1461,0.000000,0.000000,0.000000,above_band_high
2026-07-19T16:09:00Z,95.1110,0.000000,0.000000,0.000000,above_band_high
2026-07-19T16:10:00Z,95.1156,0.000000,0.000000,0.000000,above_band_high
2026-07-19T16:11:00Z,95.1095,0.000000,0.000000,0.000000,above_band_high
2026-07-19T16:12:00Z,95.0973,0.000000,0.000000,0.000000,above_band_high
2026-07-19T16:13:00Z,95.0912,0.000000,0.000000,0.000000,above_band_high
2026-07-19T16:14:00Z,95.0607,0.000000,0.000000,0.000000,above_band_high
2026-07-19T16:15:00Z,95.0607,0.000000,0.000000,0.000000,above_band_high
2026-07-19T16:16:00Z,95.0378,0.000000,0.000000,0.000000,above_band_high
2026-07-19T16:17:00Z,95.0423,0.000000,0.000000,0.000000,above_band_high
2026-07-19T16:18:00Z,95.0454,0.000000,0.000000,0.000000,above_band_high
2026-07-19T16:19:00Z,95.0240,0.000000,0.000000,0.000000,above_band_high
2026-07-19T16:20:00Z,94.9920,0.000000,0.000000,0.000000,above_band_high
2026-07-19T16:21:00Z,95.0225,0.000000,0.000000,0.000000,above_band_high
2026-07-19T16:22:00Z,95.0011,0.000000,0.000000,0.000000,above_band_high
2026-07-19T16:23:00Z,95.0225,0.000000,0.000000,0.000000,above_band_high
2026-07-19T16:24:00Z,94.9630,0.000000,0.000000,0.000000,above_band_high
2026-07-19T16:25:00Z,95.0286,0.000000,0.000000,0.000000,above_band_high
2026-07-19T16:26:00Z,95.0011,0.000000,0.000000,0.000000,above_band_high
2026-07-19T16:27:00Z,94.9691,0.000000,0.000000,0.000000,above_band_high
2026-07-19T16:28:00Z,94.9737,0.000000,0.000000,0.000000,above_band_high
2026-07-19T16:29:00Z,94.9584,0.000000,0.000000,0.000000,above_band_high
2026-07-19T16:30:00Z,94.9416,0.000000,0.000000,0.000000,above_band_high
2026-07-19T16:31:00Z,94.9325,0.000000,0.000000,0.000000,above_band_high
2026-07-19T16:32:00Z,94.9264,0.000000,0.000000,0.000000,above_band_high
2026-07-19T16:33:00Z,94.8913,0.000000,0.000000,0.000000,above_band_high
2026-07-19T16:34:00Z,94.8730,0.000000,0.000000,0.000000,above_band_high
2026-07-19T16:35:00Z,94.8730,0.000000,0.000000,0.000000,above_band_high
2026-07-19T16:36:00Z,94.8684,0.000000,0.000000,0.000000,above_band_high
2026-07-19T16:37:00Z,94.8531,0.000000,0.000000,0.000000,above_band_high
2026-07-19T16:38:00Z,94.8623,0.000000,0.000000,0.000000,above_band_high
2026-07-19T16:39:00Z,94.8302,0.000000,0.000000,0.000000,above_band_high
2026-07-19T16:40:00Z,94.8089,0.000000,0.000000,0.000000,above_band_high
2026-07-19T16:41:00Z,94.8043,0.000000,0.000000,0.000000,above_band_high
2026-07-19T16:42:00Z,94.8165,0.000000,0.000000,0.000000,above_band_high
2026-07-19T16:43:00Z,94.7890,0.000000,0.000000,0.000000,above_band_high
2026-07-19T16:44:00Z,94.7631,0.000000,0.000000,0.000000,above_band_high
2026-07-19T16:45:00Z,94.7448,0.000000,0.000000,0.000000,above_band_high
2026-07-19T16:46:00Z,94.7707,0.000000,0.000000,0.000000,above_band_high
2026-07-19T16:47:00Z,94.7265,0.000000,0.000000,0.000000,above_band_high
2026-07-19T16:48:00Z,94.7448,0.000000,0.000000,0.000000,above_band_high
2026-07-19T16:49:00Z,94.7402,0.000000,0.000000,0.000000,above_band_high
2026-07-19T16:50:00Z,94.7707,0.000000,0.000000,0.000000,above_band_high
2026-07-19T16:51:00Z,94.7250,0.000000,0.000000,0.000000,above_band_high
2026-07-19T16:52:00Z,94.8028,0.000000,0.000000,0.000000,above_band_high
2026-07-19T16:53:00Z,94.7341,0.000000,0.000000,0.000000,above_band_high
2026-07-19T16:54:00Z,94.7341,0.000000,0.000000,0.000000,above_band_high
2026-07-19T16:55:00Z,94.7585,0.000000,0.000000,0.000000,above_band_high
2026-07-19T16:56:00Z,94.7631,0.000000,0.000000,0.000000,above_band_high
2026-07-19T16:57:00Z,94.7402,0.000000,0.000000,0.000000,above_band_high
2026-07-19T16:58:00Z,94.7845,0.000000,0.000000,0.000000,above_band_high
2026-07-19T16:59:00Z,94.7524,0.000000,0.000000,0.000000,above_band_high
2026-07-19T17:00:00Z,94.7860,0.000000,0.000000,0.000000,above_band_high
2026-07-19T17:01:00Z,94.8028,0.000000,0.000000,0.000000,above_band_high
2026-07-19T17:02:00Z,94.7616,0.000000,0.000000,0.000000,above_band_high
2026-07-19T17:03:00Z,94.8180,0.000000,0.000000,0.000000,above_band_high
2026-07-19T17:04:00Z,94.8119,0.000000,0.000000,0.000000,above_band_high
2026-07-19T17:05:00Z,94.8257,0.000000,0.000000,0.000000,above_band_high
2026-07-19T17:06:00Z,94.8119,0.000000,0.000000,0.000000,above_band_high
2026-07-19T17:07:00Z,94.8119,0.000000,0.000000,0.000000,above_band_high
2026-07-19T17:08:00Z,94.8363,0.000000,0.000000,0.000000,above_band_high
2026-07-19T17:09:00Z,94.8394,0.000000,0.000000,0.000000,above_band_high
2026-07-19T17:10:00Z,94.8440,0.000000,0.000000,0.000000,above_band_high
2026-07-19T17:11:00Z,94.8363,0.000000,0.000000,0.000000,above_band_high
2026-07-19T17:12:00Z,94.8531,0.000000,0.000000,0.000000,above_band_high
2026-07-19T17:13:00Z,94.8455,0.000000,0.000000,0.000000,above_band_high
2026-07-19T17:14:00Z,94.8959,0.000000,0.000000,0.000000,above_band_high
2026-07-19T17:15:00Z,94.8806,0.000000,0.000000,0.000000,above_band_high
2026-07-19T17:16:00Z,94.8623,0.000000,0.000000,0.000000,above_band_high
2026-07-19T17:17:00Z,94.9142,0.000000,0.000000,0.000000,above_band_high
2026-07-19T17:18:00Z,94.9081,0.000000,0.000000,0.000000,above_band_high
2026-07-19T17:19:00Z,94.9218,0.000000,0.000000,0.000000,above_band_high
2026-07-19T17:20:00Z,94.9401,0.000000,0.000000,0.000000,above_band_high
2026-07-19T17:21:00Z,94.9096,0.000000,0.000000,0.000000,above_band_high
2026-07-19T17:22:00Z,94.9279,0.000000,0.000000,0.000000,above_band_high
2026-07-19T17:23:00Z,94.9142,0.000000,0.000000,0.000000,above_band_high
2026-07-19T17:24:00Z,94.9096,0.000000,0.000000,0.000000,above_band_high
2026-07-19T17:25:00Z,94.9416,0.000000,0.000000,0.000000,above_band_high
2026-07-19T17:26:00Z,94.9264,0.000000,0.000000,0.000000,above_band_high
2026-07-19T17:27:00Z,94.9645,0.000000,0.000000,0.000000,above_band_high
2026-07-19T17:28:00Z,94.9554,0.000000,0.000000,0.000000,above_band_high
2026-07-19T17:29:00Z,94.9310,0.000000,0.000000,0.000000,above_band_high
2026-07-19T17:30:00Z,94.9310,0.000000,0.000000,0.000000,above_band_high
2026-07-19T17:31:00Z,94.9264,0.000000,0.000000,0.000000,above_band_high
2026-07-19T17:32:00Z,94.9218,0.000000,0.000000,0.000000,above_band_high
2026-07-19T17:33:00Z,94.9096,0.000000,0.000000,0.000000,above_band_high
2026-07-19T17:34:00Z,94.9035,0.000000,0.000000,0.000000,above_band_high
2026-07-19T17:35:00Z,94.9676,0.000000,0.000000,0.000000,above_band_high
2026-07-19T17:36:00Z,94.9355,0.000000,0.000000,0.000000,above_band_high
2026-07-19T17:37:00Z,94.9355,0.000000,0.000000,0.000000,above_band_high
2026-07-19T17:38:00Z,94.9554,0.000000,0.000000,0.000000,above_band_high
2026-07-19T17:39:00Z,94.9310,0.000000,0.000000,0.000000,above_band_high
2026-07-19T17:40:00Z,94.9554,0.000000,0.000000,0.000000,above_band_high
2026-07-19T17:41:00Z,94.9599,0.000000,0.000000,0.000000,above_band_high
2026-07-19T17:42:00Z,94.9035,0.000000,0.000000,0.000000,above_band_high
2026-07-19T17:43:00Z,94.9645,0.000000,0.000000,0.000000,above_band_high
2026-07-19T17:44:00Z,94.9462,0.000000,0.000000,0.000000,above_band_high
2026-07-19T17:45:00Z,94.9767,0.000000,0.000000,0.000000,above_band_high
2026-07-19T17:46:00Z,94.9599,0.000000,0.000000,0.000000,above_band_high
2026-07-19T17:47:00Z,94.9538,0.000000,0.000000,0.000000,above_band_high
2026-07-19T17:48:00Z,94.9599,0.000000,0.000000,0.000000,above_band_high
2026-07-19T17:49:00Z,94.9676,0.000000,0.000000,0.000000,above_band_high
2026-07-19T17:50:00Z,94.9554,0.000000,0.000000,0.000000,above_band_high
2026-07-19T17:51:00Z,94.9874,0.000000,0.000000,0.000000,above_band_high
2026-07-19T17:52:00Z,95.0042,0.000000,0.000000,0.000000,above_band_high
2026-07-19T17:53:00Z,95.0240,0.000000,0.000000,0.000000,above_band_high
2026-07-19T17:54:00Z,94.9645,0.000000,0.000000,0.000000,above_band_high
2026-07-19T17:55:00Z,94.9920,0.000000,0.000000,0.000000,above_band_high
2026-07-19T17:56:00Z,95.0057,0.000000,0.000000,0.000000,above_band_high
2026-07-19T17:57:00Z,94.9767,0.000000,0.000000,0.000000,above_band_high
2026-07-19T17:58:00Z,95.0103,0.000000,0.000000,0.000000,above_band_high
2026-07-19T17:59:00Z,95.0408,0.000000,0.000000,0.000000,above_band_high
2026-07-19T18:00:00Z,94.9920,0.000000,0.000000,0.000000,above_band_high
2026-07-19T18:01:00Z,95.0042,0.000000,0.000000,0.000000,above_band_high
2026-07-19T18:02:00Z,94.9584,0.000000,0.000000,0.000000,above_band_high
2026-07-19T18:03:00Z,94.9783,0.000000,0.000000,0.000000,above_band_high
2026-07-19T18:04:00Z,94.9676,0.000000,0.000000,0.000000,above_band_high
2026-07-19T18:05:00Z,94.9783,0.000000,0.000000,0.000000,above_band_high
2026-07-19T18:06:00Z,94.9630,0.000000,0.000000,0.000000,above_band_high
2026-07-19T18:07:00Z,94.9538,0.000000,0.000000,0.000000,above_band_high
2026-07-19T18:08:00Z,94.9538,0.000000,0.000000,0.000000,above_band_high
2026-07-19T18:09:00Z,94.9508,0.000000,0.000000,0.000000,above_band_high
2026-07-19T18:10:00Z,94.9172,0.000000,0.000000,0.000000,above_band_high
2026-07-19T18:11:00Z,94.9447,0.000000,0.000000,0.000000,above_band_high
2026-07-19T18:12:00Z,94.9447,0.000000,0.000000,0.000000,above_band_high
2026-07-19T18:13:00Z,94.8775,0.000000,0.000000,0.000000,above_band_high
2026-07-19T18:14:00Z,94.9355,0.000000,0.000000,0.000000,above_band_high
2026-07-19T18:15:00Z,94.9310,0.000000,0.000000,0.000000,above_band_high
2026-07-19T18:16:00Z,94.9447,0.000000,0.000000,0.000000,above_band_high
2026-07-19T18:17:00Z,94.9035,0.000000,0.000000,0.000000,above_band_high
2026-07-19T18:18:00Z,94.9538,0.000000,0.000000,0.000000,above_band_high
2026-07-19T18:19:00Z,94.9310,0.000000,0.000000,0.000000,above_band_high
2026-07-19T18:20:00Z,94.9538,0.000000,0.000000,0.000000,above_band_high
2026-07-19T18:21:00Z,94.9233,0.000000,0.000000,0.000000,above_band_high
2026-07-19T18:22:00Z,94.9050,0.000000,0.000000,0.000000,above_band_high
2026-07-19T18:23:00Z,94.9126,0.000000,0.000000,0.000000,above_band_high
2026-07-19T18:24:00Z,94.9035,0.000000,0.000000,0.000000,above_band_high
2026-07-19T18:25:00Z,94.8989,0.000000,0.000000,0.000000,above_band_high
2026-07-19T18:26:00Z,94.8989,0.000000,0.000000,0.000000,above_band_high
2026-07-19T18:27:00Z,94.8989,0.000000,0.000000,0.000000,above_band_high
2026-07-19T18:28:00Z,94.8760,0.000000,0.000000,0.000000,above_band_high
2026-07-19T18:29:00Z,94.9142,0.000000,0.000000,0.000000,above_band_high
2026-07-19T18:30:00Z,94.9096,0.000000,0.000000,0.000000,above_band_high
2026-07-19T18:31:00Z,94.8867,0.000000,0.000000,0.000000,above_band_high
2026-07-19T18:32:00Z,94.8806,0.000000,0.000000,0.000000,above_band_high
2026-07-19T18:33:00Z,94.8592,0.000000,0.000000,0.000000,above_band_high
2026-07-19T18:34:00Z,94.8989,0.000000,0.000000,0.000000,above_band_high
2026-07-19T18:35:00Z,94.8806,0.000000,0.000000,0.000000,above_band_high
2026-07-19T18:36:00Z,94.8486,0.000000,0.000000,0.000000,above_band_high
2026-07-19T18:37:00Z,94.8211,0.000000,0.000000,0.000000,above_band_high
2026-07-19T18:38:00Z,94.8547,0.000000,0.000000,0.000000,above_band_high
2026-07-19T18:39:00Z,94.8592,0.000000,0.000000,0.000000,above_band_high
2026-07-19T18:40:00Z,94.8409,0.000000,0.000000,0.000000,above_band_high
2026-07-19T18:41:00Z,94.8318,0.000000,0.000000,0.000000,above_band_high
2026-07-19T18:42:00Z,94.8440,0.000000,0.000000,0.000000,above_band_high
2026-07-19T18:43:00Z,94.8089,0.000000,0.000000,0.000000,above_band_high
2026-07-19T18:44:00Z,94.8486,0.000000,0.000000,0.000000,above_band_high
2026-07-19T18:45:00Z,94.8028,0.000000,0.000000,0.000000,above_band_high
2026-07-19T18:46:00Z,94.8409,0.000000,0.000000,0.000000,above_band_high
2026-07-19T18:47:00Z,94.8318,0.000000,0.000000,0.000000,above_band_high
2026-07-19T18:48:00Z,94.7951,0.000000,0.000000,0.000000,above_band_high
2026-07-19T18:49:00Z,94.8074,0.000000,0.000000,0.000000,above_band_high
2026-07-19T18:50:00Z,94.8180,0.000000,0.000000,0.000000,above_band_high
2026-07-19T18:51:00Z,94.7860,0.000000,0.000000,0.000000,above_band_high
2026-07-19T18:52:00Z,94.7951,0.000000,0.000000,0.000000,above_band_high
2026-07-19T18:53:00Z,94.8318,0.000000,0.000000,0.000000,above_band_high
2026-07-19T18:54:00Z,94.7951,0.000000,0.000000,0.000000,above_band_high
2026-07-19T18:55:00Z,94.7631,0.000000,0.000000,0.000000,above_band_high
2026-07-19T18:56:00Z,94.7707,0.000000,0.000000,0.000000,above_band_high
2026-07-19T18:57:00Z,94.7814,0.000000,0.000000,0.000000,above_band_high
2026-07-19T18:58:00Z,94.8028,0.000000,0.000000,0.000000,above_band_high
2026-07-19T18:59:00Z,94.7982,0.000000,0.000000,0.000000,above_band_high
2026-07-19T19:00:00Z,94.7387,0.000000,0.000000,0.000000,above_band_high
2026-07-19T19:01:00Z,94.7799,0.000000,0.000000,0.000000,above_band_high
2026-07-19T19:02:00Z,94.7448,0.000000,0.000000,0.000000,above_band_high
2026-07-19T19:03:00Z,94.8028,0.000000,0.000000,0.000000,above_band_high
2026-07-19T19:04:00Z,94.7799,0.000000,0.000000,0.000000,above_band_high
2026-07-19T19:05:00Z,94.7799,0.000000,0.000000,0.000000,above_band_high
2026-07-19T19:06:00Z,94.8074,0.000000,0.000000,0.000000,above_band_high
2026-07-19T19:07:00Z,94.7906,0.000000,0.000000,0.000000,above_band_high
2026-07-19T19:08:00Z,94.8348,0.000000,0.000000,0.000000,above_band_high
2026-07-19T19:09:00Z,94.8180,0.000000,0.000000,0.000000,above_band_high
2026-07-19T19:10:00Z,94.8074,0.000000,0.000000,0.000000,above_band_high
2026-07-19T19:11:00Z,94.7982,0.000000,0.000000,0.000000,above_band_high
2026-07-19T19:12:00Z,94.7814,0.000000,0.000000,0.000000,above_band_high
2026-07-19T19:13:00Z,94.8028,0.000000,0.000000,0.000000,above_band_high
2026-07-19T19:14:00Z,94.7951,0.000000,0.000000,0.000000,above_band_high
2026-07-19T19:15:00Z,94.8119,0.000000,0.000000,0.000000,above_band_high
2026-07-19T19:16:00Z,94.8165,0.000000,0.000000,0.000000,above_band_high
2026-07-19T19:17:00Z,94.8272,0.000000,0.000000,0.000000,above_band_high
2026-07-19T19:18:00Z,94.8089,0.000000,0.000000,0.000000,above_band_high
2026-07-19T19:19:00Z,94.8180,0.000000,0.000000,0.000000,above_band_high
2026-07-19T19:20:00Z,94.8409,0.000000,0.000000,0.000000,above_band_high
2026-07-19T19:21:00Z,94.8684,0.000000,0.000000,0.000000,above_band_high
2026-07-19T19:22:00Z,94.8455,0.000000,0.000000,0.000000,above_band_high
2026-07-19T19:23:00Z,94.8806,0.000000,0.000000,0.000000,above_band_high
2026-07-19T19:24:00Z,94.8867,0.000000,0.000000,0.000000,above_band_high
2026-07-19T19:25:00Z,94.8852,0.000000,0.000000,0.000000,above_band_high
2026-07-19T19:26:00Z,94.8806,0.000000,0.000000,0.000000,above_band_high
2026-07-19T19:27:00Z,94.8760,0.000000,0.000000,0.000000,above_band_high
2026-07-19T19:28:00Z,94.8943,0.000000,0.000000,0.000000,above_band_high
2026-07-19T19:29:00Z,94.9371,0.000000,0.000000,0.000000,above_band_high
2026-07-19T19:30:00Z,94.9447,0.000000,0.000000,0.000000,above_band_high
2026-07-19T19:31:00Z,94.9279,0.000000,0.000000,0.000000,above_band_high
2026-07-19T19:32:00Z,94.9493,0.000000,0.000000,0.000000,above_band_high
2026-07-19T19:33:00Z,94.9508,0.000000,0.000000,0.000000,above_band_high
2026-07-19T19:34:00Z,94.9676,0.000000,0.000000,0.000000,above_band_high
2026-07-19T19:35:00Z,94.9462,0.000000,0.000000,0.000000,above_band_high
2026-07-19T19:36:00Z,94.9630,0.000000,0.000000,0.000000,above_band_high
2026-07-19T19:37:00Z,94.9218,0.000000,0.000000,0.000000,above_band_high
2026-07-19T19:38:00Z,94.9676,0.000000,0.000000,0.000000,above_band_high
2026-07-19T19:39:00Z,94.9233,0.000000,0.000000,0.000000,above_band_high
2026-07-19T19:40:00Z,94.9508,0.000000,0.000000,0.000000,above_band_high
2026-07-19T19:41:00Z,94.8806,0.000000,0.000000,0.000000,above_band_high
2026-07-19T19:42:00Z,94.8455,0.000000,0.000000,0.000000,above_band_high
2026-07-19T19:43:00Z,94.8959,0.000000,0.000000,0.000000,above_band_high
2026-07-19T19:44:00Z,94.8714,0.000000,0.000000,0.000000,above_band_high
2026-07-19T19:45:00Z,94.8959,0.000000,0.000000,0.000000,above_band_high
2026-07-19T19:46:00Z,94.8409,0.000000,0.000000,0.000000,above_band_high
2026-07-19T19:47:00Z,94.8165,0.000000,0.000000,0.000000,above_band_high
2026-07-19T19:48:00Z,94.8165,0.000000,0.000000,0.000000,above_band_high
2026-07-19T19:49:00Z,94.7936,0.000000,0.000000,0.000000,above_band_high
2026-07-19T19:50:00Z,94.7936,0.000000,0.000000,0.000000,above_band_high
2026-07-19T19:51:00Z,94.7890,0.000000,0.000000,0.000000,above_band_high
2026-07-19T19:52:00Z,94.7677,0.000000,0.000000,0.000000,above_band_high
2026-07-19T19:53:00Z,94.7951,0.000000,0.000000,0.000000,above_band_high
2026-07-19T19:54:00Z,94.7585,0.000000,0.000000,0.000000,above_band_high
2026-07-19T19:55:00Z,94.7585,0.000000,0.000000,0.000000,above_band_high
2026-07-19T19:56:00Z,94.7036,0.000000,0.000000,0.000000,above_band_high
2026-07-19T19:57:00Z,94.6975,0.000000,0.000000,0.000000,above_band_high
2026-07-19T19:58:00Z,94.7021,0.000000,0.000000,0.000000,above_band_high
2026-07-19T19:59:00Z,94.7173,0.000000,0.000000,0.000000,above_band_high
2026-07-19T20:00:00Z,94.6929,0.000000,0.000000,0.000000,above_band_high
2026-07-19T20:01:00Z,94.7082,0.000000,0.000000,0.000000,above_band_high
2026-07-19T20:02:00Z,94.7066,0.000000,0.000000,0.000000,above_band_high
2026-07-19T20:03:00Z,94.7250,0.000000,0.000000,0.000000,above_band_high
2026-07-19T20:04:00Z,94.7448,0.000000,0.000000,0.000000,above_band_high
2026-07-19T20:05:00Z,94.7066,0.000000,0.000000,0.000000,above_band_high
2026-07-19T20:06:00Z,94.7021,0.000000,0.000000,0.000000,above_band_high
2026-07-19T20:07:00Z,94.7173,0.000000,0.000000,0.000000,above_band_high
2026-07-19T20:08:00Z,94.7494,0.000000,0.000000,0.000000,above_band_high
2026-07-19T20:09:00Z,94.7494,0.000000,0.000000,0.000000,above_band_high
2026-07-19T20:10:00Z,94.7494,0.000000,0.000000,0.000000,above_band_high
2026-07-19T20:11:00Z,94.7768,0.000000,0.000000,0.000000,above_band_high
2026-07-19T20:12:00Z,94.7341,0.000000,0.000000,0.000000,above_band_high
2026-07-19T20:13:00Z,94.7723,0.000000,0.000000,0.000000,above_band_high
2026-07-19T20:14:00Z,94.7723,0.000000,0.000000,0.000000,above_band_high
2026-07-19T20:15:00Z,94.7631,0.000000,0.000000,0.000000,above_band_high
2026-07-19T20:16:00Z,94.7662,0.000000,0.000000,0.000000,above_band_high
2026-07-19T20:17:00Z,94.7265,0.000000,0.000000,0.000000,above_band_high
2026-07-19T20:18:00Z,94.7707,0.000000,0.000000,0.000000,above_band_high
2026-07-19T20:19:00Z,94.7341,0.000000,0.000000,0.000000,above_band_high
2026-07-19T20:20:00Z,94.7768,0.000000,0.000000,0.000000,above_band_high
2026-07-19T20:21:00Z,94.7387,0.000000,0.000000,0.000000,above_band_high
2026-07-19T20:22:00Z,94.7616,0.000000,0.000000,0.000000,above_band_high
2026-07-19T20:23:00Z,94.7265,0.000000,0.000000,0.000000,above_band_high
2026-07-19T20:24:00Z,94.7524,0.000000,0.000000,0.000000,above_band_high
2026-07-19T20:25:00Z,94.7982,0.000000,0.000000,0.000000,above_band_high
2026-07-19T20:26:00Z,94.7997,0.000000,0.000000,0.000000,above_band_high
2026-07-19T20:27:00Z,94.7768,0.000000,0.000000,0.000000,above_band_high
2026-07-19T20:28:00Z,94.7845,0.000000,0.000000,0.000000,above_band_high
2026-07-19T20:29:00Z,94.8089,0.000000,0.000000,0.000000,above_band_high
2026-07-19T20:30:00Z,94.7753,0.000000,0.000000,0.000000,above_band_high
2026-07-19T20:31:00Z,94.8211,0.000000,0.000000,0.000000,above_band_high
2026-07-19T20:32:00Z,94.7768,0.000000,0.000000,0.000000,above_band_high
2026-07-19T20:33:00Z,94.8409,0.000000,0.000000,0.000000,above_band_high
2026-07-19T20:34:00Z,94.8592,0.000000,0.000000,0.000000,above_band_high
2026-07-19T20:35:00Z,94.8043,0.000000,0.000000,0.000000,above_band_high
2026-07-19T20:36:00Z,94.8592,0.000000,0.000000,0.000000,above_band_high
2026-07-19T20:37:00Z,94.8348,0.000000,0.000000,0.000000,above_band_high
2026-07-19T20:38:00Z,94.8226,0.000000,0.000000,0.000000,above_band_high
2026-07-19T20:39:00Z,94.8165,0.000000,0.000000,0.000000,above_band_high
2026-07-19T20:40:00Z,94.8226,0.000000,0.000000,0.000000,above_band_high
2026-07-19T20:41:00Z,94.8363,0.000000,0.000000,0.000000,above_band_high
2026-07-19T20:42:00Z,94.8547,0.000000,0.000000,0.000000,above_band_high
2026-07-19T20:43:00Z,94.8592,0.000000,0.000000,0.000000,above_band_high
2026-07-19T20:44:00Z,94.8714,0.000000,0.000000,0.000000,above_band_high
2026-07-19T20:45:00Z,94.8409,0.000000,0.000000,0.000000,above_band_high
2026-07-19T20:46:00Z,94.8211,0.000000,0.000000,0.000000,above_band_high
2026-07-19T20:47:00Z,94.8547,0.000000,0.000000,0.000000,above_band_high
2026-07-19T20:48:00Z,94.8257,0.000000,0.000000,0.000000,above_band_high
2026-07-19T20:49:00Z,94.8409,0.000000,0.000000,0.000000,above_band_high
2026-07-19T20:50:00Z,94.8760,0.000000,0.000000,0.000000,above_band_high
2026-07-19T20:51:00Z,94.8486,0.000000,0.000000,0.000000,above_band_high
2026-07-19T20:52:00Z,94.8440,0.000000,0.000000,0.000000,above_band_high
2026-07-19T20:53:00Z,94.8592,0.000000,0.000000,0.000000,above_band_high
2026-07-19T20:54:00Z,94.8440,0.000000,0.000000,0.000000,above_band_high
2026-07-19T20:55:00Z,94.8714,0.000000,0.000000,0.000000,above_band_high
2026-07-19T20:56:00Z,94.8577,0.000000,0.000000,0.000000,above_band_high
2026-07-19T20:57:00Z,94.8638,0.000000,0.000000,0.000000,above_band_high
2026-07-19T20:58:00Z,94.8440,0.000000,0.000000,0.000000,above_band_high
2026-07-19T20:59:00Z,94.8714,0.000000,0.000000,0.000000,above_band_high
2026-07-19T21:00:00Z,94.8577,0.000000,0.000000,0.000000,above_band_high
2026-07-19T21:01:00Z,94.8531,0.000000,0.000000,0.000000,above_band_high
2026-07-19T21:02:00Z,94.8363,0.000000,0.000000,0.000000,above_band_high
2026-07-19T21:03:00Z,94.8531,0.000000,0.000000,0.000000,above_band_high
2026-07-19T21:04:00Z,94.8318,0.000000,0.000000,0.000000,above_band_high
2026-07-19T21:05:00Z,94.7936,0.000000,0.000000,0.000000,above_band_high
2026-07-19T21:06:00Z,94.7494,0.000000,0.000000,0.000000,above_band_high
2026-07-19T21:07:00Z,94.6975,0.000000,0.000000,0.000000,above_band_high
2026-07-19T21:08:00Z,94.7036,0.000000,0.000000,0.000000,above_band_high
2026-07-19T21:09:00Z,94.6578,0.000000,0.000000,0.000000,above_band_high
2026-07-19T21:10:00Z,94.6349,0.000000,0.000000,0.000000,above_band_high
2026-07-19T21:11:00Z,94.5693,0.000000,0.000000,0.000000,above_band_high
2026-07-19T21:12:00Z,94.5190,0.000000,0.000000,0.000000,above_band_high
2026-07-19T21:13:00Z,94.5022,0.000000,0.000000,0.000000,above_band_high
2026-07-19T21:14:00Z,94.4594,0.000000,0.000000,0.000000,above_band_high
2026-07-19T21:15:00Z,94.4457,0.000000,0.000000,0.000000,above_band_high
2026-07-19T21:16:00Z,94.3877,0.000000,0.000000,0.000000,above_band_high
2026-07-19T21:17:00Z,94.3267,0.000000,0.000000,0.000000,above_band_high
2026-07-19T21:18:00Z,94.3328,0.000000,0.000000,0.000000,above_band_high
2026-07-19T21:19:00Z,94.2809,0.000000,0.000000,0.000000,above_band_high
2026-07-19T21:20:00Z,94.2580,0.000000,0.000000,0.000000,above_band_high
2026-07-19T21:21:00Z,94.2550,0.000000,0.000000,0.000000,above_band_high
2026-07-19T21:22:00Z,94.2123,0.000000,0.000000,0.000000,above_band_high
2026-07-19T21:23:00Z,94.1665,0.000000,0.000000,0.000000,above_band_high
2026-07-19T21:24:00Z,94.1802,0.000000,0.000000,0.000000,above_band_high
2026-07-19T21:25:00Z,94.1665,0.000000,0.000000,0.000000,above_band_high
2026-07-19T21:26:00Z,94.1085,0.000000,0.000000,0.000000,above_band_high
2026-07-19T21:27:00Z,94.0841,0.000000,0.000000,0.000000,above_band_high
2026-07-19T21:28:00Z,94.0383,0.000000,0.000000,0.000000,above_band_high
2026-07-19T21:29:00Z,94.0383,0.000000,0.000000,0.000000,above_band_high
2026-07-19T21:30:00Z,93.9422,0.000000,0.000000,0.000000,above_band_high
2026-07-19T21:31:00Z,93.9345,0.000000,0.000000,0.000000,above_band_high
2026-07-19T21:32:00Z,93.9300,0.000000,0.000000,0.000000,above_band_high
2026-07-19T21:33:00Z,93.9345,0.000000,0.000000,0.000000,above_band_high
2026-07-19T21:34:00Z,93.8705,0.000000,0.000000,0.000000,above_band_high
2026-07-19T21:35:00Z,93.8735,0.000000,0.000000,0.000000,above_band_high
2026-07-19T21:36:00Z,93.8567,0.000000,0.000000,0.000000,above_band_high
2026-07-19T21:37:00Z,93.8140,0.000000,0.000000,0.000000,above_band_high
2026-07-19T21:38:00Z,93.7865,0.000000,0.000000,0.000000,above_band_high
2026-07-19T21:39:00Z,93.7835,0.000000,0.000000,0.000000,above_band_high
2026-07-19T21:40:00Z,93.7560,0.000000,0.000000,0.000000,above_band_high
2026-07-19T21:41:00Z,93.7606,0.000000,0.000000,0.000000,above_band_high
2026-07-19T21:42:00Z,93.7362,0.000000,0.000000,0.000000,above_band_high
2026-07-19T21:43:00Z,93.7728,0.000000,0.000000,0.000000,above_band_high
2026-07-19T21:44:00Z,93.7453,0.000000,0.000000,0.000000,above_band_high
2026-07-19T21:45:00Z,93.7179,0.000000,0.000000,0.000000,above_band_high
2026-07-19T21:46:00Z,93.7087,0.000000,0.000000,0.000000,above_band_high
2026-07-19T21:47:00Z,93.6767,0.000000,0.000000,0.000000,above_band_high
2026-07-19T21:48:00Z,93.7316,0.000000,0.000000,0.000000,above_band_high
2026-07-19T21:49:00Z,93.6950,0.000000,0.000000,0.000000,above_band_high
2026-07-19T21:50:00Z,93.6721,0.000000,0.000000,0.000000,above_band_high
2026-07-19T21:51:00Z,93.6812,0.000000,0.000000,0.000000,above_band_high
2026-07-19T21:52:00Z,93.6416,0.000000,0.000000,0.000000,above_band_high
2026-07-19T21:53:00Z,93.6858,0.000000,0.000000,0.000000,above_band_high
2026-07-19T21:54:00Z,93.7057,0.000000,0.000000,0.000000,above_band_high
2026-07-19T21:55:00Z,93.6736,0.000000,0.000000,0.000000,above_band_high
2026-07-19T21:56:00Z,93.6629,0.000000,0.000000,0.000000,above_band_high
2026-07-19T21:57:00Z,93.6584,0.000000,0.000000,0.000000,above_band_high
2026-07-19T21:58:00Z,93.6629,0.000000,0.000000,0.000000,above_band_high
2026-07-19T21:59:00Z,93.6828,0.000000,0.000000,0.000000,above_band_high
2026-07-19T22:00:00Z,93.7041,0.000000,0.000000,0.000000,above_band_high
2026-07-19T22:01:00Z,93.7514,0.000000,0.000000,0.000000,above_band_high
2026-07-19T22:02:00Z,93.6858,0.000000,0.000000,0.000000,above_band_high
2026-07-19T22:03:00Z,93.7133,0.000000,0.000000,0.000000,above_band_high
2026-07-19T22:04:00Z,93.6919,0.000000,0.000000,0.000000,above_band_high
2026-07-19T22:05:00Z,93.7148,0.000000,0.000000,0.000000,above_band_high
2026-07-19T22:06:00Z,93.7362,0.000000,0.000000,0.000000,above_band_high
2026-07-19T22:07:00Z,93.7087,0.000000,0.000000,0.000000,above_band_high
2026-07-19T22:08:00Z,93.6828,0.000000,0.000000,0.000000,above_band_high
2026-07-19T22:09:00Z,93.7087,0.000000,0.000000,0.000000,above_band_high
2026-07-19T22:10:00Z,93.6919,0.000000,0.000000,0.000000,above_band_high
2026-07-19T22:11:00Z,93.6736,0.000000,0.000000,0.000000,above_band_high
2026-07-19T22:12:00Z,93.6584,0.000000,0.000000,0.000000,above_band_high
2026-07-19T22:13:00Z,93.6782,0.000000,0.000000,0.000000,above_band_high
2026-07-19T22:14:00Z,93.6446,0.000000,0.000000,0.000000,above_band_high
2026-07-19T22:15:00Z,93.6416,0.000000,0.000000,0.000000,above_band_high
2026-07-19T22:16:00Z,93.6080,0.000000,0.000000,0.000000,above_band_high
2026-07-19T22:17:00Z,93.6172,0.000000,0.000000,0.000000,above_band_high
2026-07-19T22:18:00Z,93.6080,0.000000,0.000000,0.000000,above_band_high
2026-07-19T22:19:00Z,93.5866,0.000000,0.000000,0.000000,above_band_high
2026-07-19T22:20:00Z,93.6141,0.000000,0.000000,0.000000,above_band_high
2026-07-19T22:21:00Z,93.5958,0.000000,0.000000,0.000000,above_band_high
2026-07-19T22:22:00Z,93.6080,0.000000,0.000000,0.000000,above_band_high
2026-07-19T22:23:00Z,93.5958,0.000000,0.000000,0.000000,above_band_high
2026-07-19T22:24:00Z,93.5943,0.000000,0.000000,0.000000,above_band_high
2026-07-19T22:25:00Z,93.6126,0.000000,0.000000,0.000000,above_band_high
2026-07-19T22:26:00Z,93.6461,0.000000,0.000000,0.000000,above_band_high
2026-07-19T22:27:00Z,93.6049,0.000000,0.000000,0.000000,above_band_high
2026-07-19T22:28:00Z,93.6599,0.000000,0.000000,0.000000,above_band_high
2026-07-19T22:29:00Z,93.6492,0.000000,0.000000,0.000000,above_band_high
2026-07-19T22:30:00Z,93.6645,0.000000,0.000000,0.000000,above_band_high
2026-07-19T22:31:00Z,93.6767,0.000000,0.000000,0.000000,above_band_high
2026-07-19T22:32:00Z,93.7270,0.000000,0.000000,0.000000,above_band_high
2026-07-19T22:33:00Z,93.7377,0.000000,0.000000,0.000000,above_band_high
2026-07-19T22:34:00Z,93.7179,0.000000,0.000000,0.000000,above_band_high
2026-07-19T22:35:00Z,93.7194,0.000000,0.000000,0.000000,above_band_high
2026-07-19T22:36:00Z,93.7270,0.000000,0.000000,0.000000,above_band_high
2026-07-19T22:37:00Z,93.7270,0.000000,0.000000,0.000000,above_band_high
2026-07-19T22:38:00Z,93.7652,0.000000,0.000000,0.000000,above_band_high
2026-07-19T22:39:00Z,93.7743,0.000000,0.000000,0.000000,above_band_high
2026-07-19T22:40:00Z,93.7819,0.000000,0.000000,0.000000,above_band_high
2026-07-19T22:41:00Z,93.8003,0.000000,0.000000,0.000000,above_band_high
2026-07-19T22:42:00Z,93.8338,0.000000,0.000000,0.000000,above_band_high
2026-07-19T22:43:00Z,93.8476,0.000000,0.000000,0.000000,above_band_high
2026-07-19T22:44:00Z,93.8705,0.000000,0.000000,0.000000,above_band_high
2026-07-19T22:45:00Z,93.8796,0.000000,0.000000,0.000000,above_band_high
2026-07-19T22:46:00Z,93.9162,0.000000,0.000000,0.000000,above_band_high
2026-07-19T22:47:00Z,93.9788,0.000000,0.000000,0.000000,above_band_high
2026-07-19T22:48:00Z,93.9651,0.000000,0.000000,0.000000,above_band_high
2026-07-19T22:49:00Z,93.9437,0.000000,0.000000,0.000000,above_band_high
2026-07-19T22:50:00Z,93.9757,0.000000,0.000000,0.000000,above_band_high
2026-07-19T22:51:00Z,93.9513,0.000000,0.000000,0.000000,above_band_high
2026-07-19T22:52:00Z,93.9849,0.000000,0.000000,0.000000,above_band_high
2026-07-19T22:53:00Z,94.0429,0.000000,0.000000,0.000000,above_band_high
2026-07-19T22:54:00Z,94.0475,0.000000,0.000000,0.000000,above_band_high
2026-07-19T22:55:00Z,94.0398,0.000000,0.000000,0.000000,above_band_high
2026-07-19T22:56:00Z,94.0429,0.000000,0.000000,0.000000,above_band_high
2026-07-19T22:57:00Z,94.0932,0.000000,0.000000,0.000000,above_band_high
2026-07-19T22:58:00Z,94.0703,0.000000,0.000000,0.000000,above_band_high
2026-07-19T22:59:00Z,94.0978,0.000000,0.000000,0.000000,above_band_high
2026-07-19T23:00:00Z,94.1299,0.000000,0.000000,0.000000,above_band_high
2026-07-19T23:01:00Z,94.1772,0.000000,0.000000,0.000000,above_band_high
2026-07-19T23:02:00Z,94.1848,0.000000,0.000000,0.000000,above_band_high
2026-07-19T23:03:00Z,94.2641,0.000000,0.000000,0.000000,above_band_high
2026-07-19T23:04:00Z,94.2397,0.000000,0.000000,0.000000,above_band_high
2026-07-19T23:05:00Z,94.2535,0.000000,0.000000,0.000000,above_band_high
2026-07-19T23:06:00Z,94.3191,0.000000,0.000000,0.000000,above_band_high
2026-07-19T23:07:00Z,94.3587,0.000000,0.000000,0.000000,above_band_high
2026-07-19T23:08:00Z,94.3557,0.000000,0.000000,0.000000,above_band_high
2026-07-19T23:09:00Z,94.3832,0.000000,0.000000,0.000000,above_band_high
2026-07-19T23:10:00Z,94.3374,0.000000,0.000000,0.000000,above_band_high
2026-07-19T23:11:00Z,94.3969,0.000000,0.000000,0.000000,above_band_high
2026-07-19T23:12:00Z,94.3725,0.000000,0.000000,0.000000,above_band_high
2026-07-19T23:13:00Z,94.3496,0.000000,0.000000,0.000000,above_band_high
2026-07-19T23:14:00Z,94.3587,0.000000,0.000000,0.000000,above_band_high
2026-07-19T23:15:00Z,94.3740,0.000000,0.000000,0.000000,above_band_high
2026-07-19T23:16:00Z,94.3786,0.000000,0.000000,0.000000,above_band_high
2026-07-19T23:17:00Z,94.4137,0.000000,0.000000,0.000000,above_band_high
2026-07-19T23:18:00Z,94.3999,0.000000,0.000000,0.000000,above_band_high
2026-07-19T23:19:00Z,94.4289,0.000000,0.000000,0.000000,above_band_high
2026-07-19T23:20:00Z,94.4274,0.000000,0.000000,0.000000,above_band_high
2026-07-19T23:21:00Z,94.3877,0.000000,0.000000,0.000000,above_band_high
2026-07-19T23:22:00Z,94.4564,0.000000,0.000000,0.000000,above_band_high
2026-07-19T23:23:00Z,94.4091,0.000000,0.000000,0.000000,above_band_high
2026-07-19T23:24:00Z,94.4610,0.000000,0.000000,0.000000,above_band_high
2026-07-19T23:25:00Z,94.4594,0.000000,0.000000,0.000000,above_band_high
2026-07-19T23:26:00Z,94.4869,0.000000,0.000000,0.000000,above_band_high
2026-07-19T23:27:00Z,94.4656,0.000000,0.000000,0.000000,above_band_high
2026-07-19T23:28:00Z,94.4961,0.000000,0.000000,0.000000,above_band_high
2026-07-19T23:29:00Z,94.5251,0.000000,0.000000,0.000000,above_band_high
2026-07-19T23:30:00Z,94.5480,0.000000,0.000000,0.000000,above_band_high
2026-07-19T23:31:00Z,94.5571,0.000000,0.000000,0.000000,above_band_high
2026-07-19T23:32:00Z,94.5922,0.000000,0.000000,0.000000,above_band_high
2026-07-19T23:33:00Z,94.5647,0.000000,0.000000,0.000000,above_band_high
2026-07-19T23:34:00Z,94.5937,0.000000,0.000000,0.000000,above_band_high
2026-07-19T23:35:00Z,94.6258,0.000000,0.000000,0.000000,above_band_high
2026-07-19T23:36:00Z,94.6288,0.000000,0.000000,0.000000,above_band_high
2026-07-19T23:37:00Z,94.6395,0.000000,0.000000,0.000000,above_band_high
2026-07-19T23:38:00Z,94.6563,0.000000,0.000000,0.000000,above_band_high
2026-07-19T23:39:00Z,94.6487,0.000000,0.000000,0.000000,above_band_high
2026-07-19T23:40:00Z,94.6944,0.000000,0.000000,0.000000,above_band_high
2026-07-19T23:41:00Z,94.6838,0.000000,0.000000,0.000000,above_band_high
2026-07-19T23:42:00Z,94.7066,0.000000,0.000000,0.000000,above_band_high
2026-07-19T23:43:00Z,94.7677,0.000000,0.000000,0.000000,above_band_high
2026-07-19T23:44:00Z,94.7478,0.000000,0.000000,0.000000,above_band_high
2026-07-19T23:45:00Z,94.7799,0.000000,0.000000,0.000000,above_band_high
2026-07-19T23:46:00Z,94.7631,0.000000,0.000000,0.000000,above_band_high
2026-07-19T23:47:00Z,94.7814,0.000000,0.000000,0.000000,above_band_high
2026-07-19T23:48:00Z,94.7982,0.000000,0.000000,0.000000,above_band_high
2026-07-19T23:49:00Z,94.8272,0.000000,0.000000,0.000000,above_band_high
2026-07-19T23:50:00Z,94.8577,0.000000,0.000000,0.000000,above_band_high
2026-07-19T23:51:00Z,94.8684,0.000000,0.000000,0.000000,above_band_high
2026-07-19T23:52:00Z,94.8806,0.000000,0.000000,0.000000,above_band_high
2026-07-19T23:53:00Z,94.8821,0.000000,0.000000,0.000000,above_band_high
2026-07-19T23:54:00Z,94.8913,0.000000,0.000000,0.000000,above_band_high
2026-07-19T23:55:00Z,94.8959,0.000000,0.000000,0.000000,above_band_high
2026-07-19T23:56:00Z,94.9172,0.000000,0.000000,0.000000,above_band_high
2026-07-19T23:57:00Z,94.9264,0.000000,0.000000,0.000000,above_band_high
2026-07-19T23:58:00Z,94.9645,0.000000,0.000000,0.000000,above_band_high
2026-07-19T23:59:00Z,94.9645,0.000000,0.000000,0.000000,above_band_high
2026-07-20T00:00:00Z,94.9828,0.000000,0.000000,0.000000,above_band_high
2026-07-20T00:01:00Z,94.9905,0.000000,0.000000,0.000000,above_band_high
2026-07-20T00:02:00Z,94.9828,0.000000,0.000000,0.000000,above_band_high
2026-07-20T00:03:00Z,94.9355,0.000000,0.000000,0.000000,above_band_high
2026-07-20T00:04:00Z,94.9722,0.000000,0.000000,0.000000,above_band_high
2026-07-20T00:05:00Z,94.9722,0.000000,0.000000,0.000000,above_band_high
2026-07-20T00:06:00Z,95.0042,0.000000,0.000000,0.000000,above_band_high
2026-07-20T00:07:00Z,95.0042,0.000000,0.000000,0.000000,above_band_high
2026-07-20T00:08:00Z,95.0225,0.000000,0.000000,0.000000,above_band_high
2026-07-20T00:09:00Z,95.0225,0.000000,0.000000,0.000000,above_band_high
2026-07-20T00:10:00Z,95.0179,0.000000,0.000000,0.000000,above_band_high
2026-07-20T00:11:00Z,95.0561,0.000000,0.000000,0.000000,above_band_high
2026-07-20T00:12:00Z,95.0286,0.000000,0.000000,0.000000,above_band_high
2026-07-20T00:13:00Z,95.0149,0.000000,0.000000,0.000000,above_band_high
2026-07-20T00:14:00Z,95.0332,0.000000,0.000000,0.000000,above_band_high
2026-07-20T00:15:00Z,95.0149,0.000000,0.000000,0.000000,above_band_high
2026-07-20T00:16:00Z,95.0088,0.000000,0.000000,0.000000,above_band_high
2026-07-20T00:17:00Z,95.0637,0.000000,0.000000,0.000000,above_band_high
2026-07-20T00:18:00Z,95.0149,0.000000,0.000000,0.000000,above_band_high
2026-07-20T00:19:00Z,95.0240,0.000000,0.000000,0.000000,above_band_high
2026-07-20T00:20:00Z,95.0408,0.000000,0.000000,0.000000,above_band_high
2026-07-20T00:21:00Z,95.0500,0.000000,0.000000,0.000000,above_band_high
2026-07-20T00:22:00Z,95.0408,0.000000,0.000000,0.000000,above_band_high
2026-07-20T00:23:00Z,95.0332,0.000000,0.000000,0.000000,above_band_high
2026-07-20T00:24:00Z,95.0561,0.000000,0.000000,0.000000,above_band_high
2026-07-20T00:25:00Z,95.0240,0.000000,0.000000,0.000000,above_band_high
2026-07-20T00:26:00Z,95.0774,0.000000,0.000000,0.000000,above_band_high
2026-07-20T00:27:00Z,95.0729,0.000000,0.000000,0.000000,above_band_high
2026-07-20T00:28:00Z,95.1110,0.000000,0.000000,0.000000,above_band_high
2026-07-20T00:29:00Z,95.0774,0.000000,0.000000,0.000000,above_band_high
2026-07-20T00:30:00Z,95.0637,0.000000,0.000000,0.000000,above_band_high
2026-07-20T00:31:00Z,95.0591,0.000000,0.000000,0.000000,above_band_high
2026-07-20T00:32:00Z,95.0912,0.000000,0.000000,0.000000,above_band_high
2026-07-20T00:33:00Z,95.1019,0.000000,0.000000,0.000000,above_band_high
2026-07-20T00:34:00Z,95.0835,0.000000,0.000000,0.000000,above_band_high
2026-07-20T00:35:00Z,95.1385,0.000000,0.000000,0.000000,above_band_high
2026-07-20T00:36:00Z,95.1461,0.000000,0.000000,0.000000,above_band_high
2026-07-20T00:37:00Z,95.1202,0.000000,0.000000,0.000000,above_band_high
2026-07-20T00:38:00Z,95.1431,0.000000,0.000000,0.000000,above_band_high
2026-07-20T00:39:00Z,95.1431,0.000000,0.000000,0.000000,above_band_high
2026-07-20T00:40:00Z,95.1553,0.000000,0.000000,0.000000,above_band_high
2026-07-20T00:41:00Z,95.1461,0.000000,0.000000,0.000000,above_band_high
2026-07-20T00:42:00Z,95.1553,0.000000,0.000000,0.000000,above_band_high
2026-07-20T00:43:00Z,95.1553,0.000000,0.000000,0.000000,above_band_high
2026-07-20T00:44:00Z,95.1705,0.000000,0.000000,0.000000,above_band_high
2026-07-20T00:45:00Z,95.1888,0.000000,0.000000,0.000000,above_band_high
2026-07-20T00:46:00Z,95.2010,0.000000,0.000000,0.000000,above_band_high
2026-07-20T00:47:00Z,95.1827,0.000000,0.000000,0.000000,above_band_high
2026-07-20T00:48:00Z,95.2056,0.000000,0.000000,0.000000,above_band_high
2026-07-20T00:49:00Z,95.1827,0.000000,0.000000,0.000000,above_band_high
2026-07-20T00:50:00Z,95.2056,0.000000,0.000000,0.000000,above_band_high
2026-07-20T00:51:00Z,95.2071,0.000000,0.000000,0.000000,above_band_high
2026-07-20T00:52:00Z,95.2117,0.000000,0.000000,0.000000,above_band_high
2026-07-20T00:53:00Z,95.2071,0.000000,0.000000,0.000000,above_band_high
2026-07-20T00:54:00Z,95.2102,0.000000,0.000000,0.000000,above_band_high
2026-07-20T00:55:00Z,95.2239,0.000000,0.000000,0.000000,above_band_high
2026-07-20T00:56:00Z,95.2514,0.000000,0.000000,0.000000,above_band_high
2026-07-20T00:57:00Z,95.2209,0.000000,0.000000,0.000000,above_band_high
2026-07-20T00:58:00Z,95.2346,0.000000,0.000000,0.000000,above_band_high
2026-07-20T00:59:00Z,95.2468,0.000000,0.000000,0.000000,above_band_high
2026-07-20T01:00:00Z,95.2895,0.000000,0.000000,0.000000,above_band_high
2026-07-20T01:01:00Z,95.2667,0.000000,0.000000,0.000000,above_band_high
2026-07-20T01:02:00Z,95.2346,0.000000,0.000000,0.000000,above_band_high
2026-07-20T01:03:00Z,95.3017,0.000000,0.000000,0.000000,above_band_high
2026-07-20T01:04:00Z,95.2972,0.000000,0.000000,0.000000,above_band_high
2026-07-20T01:05:00Z,95.2758,0.000000,0.000000,0.000000,above_band_high
2026-07-20T01:06:00Z,95.3216,0.000000,0.000000,0.000000,above_band_high
2026-07-20T01:07:00Z,95.3384,0.000000,0.000000,0.000000,above_band_high
2026-07-20T01:08:00Z,95.3201,0.000000,0.000000,0.000000,above_band_high
2026-07-20T01:09:00Z,95.3307,0.000000,0.000000,0.000000,above_band_high
2026-07-20T01:10:00Z,95.3445,0.000000,0.000000,0.000000,above_band_high
2026-07-20T01:11:00Z,95.3658,0.000000,0.000000,0.000000,above_band_high
2026-07-20T01:12:00Z,95.3338,0.000000,0.000000,0.000000,above_band_high
2026-07-20T01:13:00Z,95.3445,0.000000,0.000000,0.000000,above_band_high
2026-07-20T01:14:00Z,95.3491,0.000000,0.000000,0.000000,above_band_high
2026-07-20T01:15:00Z,95.3307,0.000000,0.000000,0.000000,above_band_high
2026-07-20T01:16:00Z,95.3307,0.000000,0.000000,0.000000,above_band_high
2026-07-20T01:17:00Z,95.3201,0.000000,0.000000,0.000000,above_band_high
2026-07-20T01:18:00Z,95.3201,0.000000,0.000000,0.000000,above_band_high
2026-07-20T01:19:00Z,95.3613,0.000000,0.000000,0.000000,above_band_high
2026-07-20T01:20:00Z,95.3124,0.000000,0.000000,0.000000,above_band_high
2026-07-20T01:21:00Z,95.3201,0.000000,0.000000,0.000000,above_band_high
2026-07-20T01:22:00Z,95.3429,0.000000,0.000000,0.000000,above_band_high
2026-07-20T01:23:00Z,95.3491,0.000000,0.000000,0.000000,above_band_high
2026-07-20T01:24:00Z,95.3429,0.000000,0.000000,0.000000,above_band_high
2026-07-20T01:25:00Z,95.3719,0.000000,0.000000,0.000000,above_band_high
2026-07-20T01:26:00Z,95.3429,0.000000,0.000000,0.000000,above_band_high
2026-07-20T01:27:00Z,95.3307,0.000000,0.000000,0.000000,above_band_high
2026-07-20T01:28:00Z,95.3384,0.000000,0.000000,0.000000,above_band_high
2026-07-20T01:29:00Z,95.3536,0.000000,0.000000,0.000000,above_band_high
2026-07-20T01:30:00Z,95.3567,0.000000,0.000000,0.000000,above_band_high
2026-07-20T01:31:00Z,95.3353,0.000000,0.000000,0.000000,above_band_high
2026-07-20T01:32:00Z,95.3841,0.000000,0.000000,0.000000,above_band_high
2026-07-20T01:33:00Z,95.3491,0.000000,0.000000,0.000000,above_band_high
2026-07-20T01:34:00Z,95.3658,0.000000,0.000000,0.000000,above_band_high
2026-07-20T01:35:00Z,95.3613,0.000000,0.000000,0.000000,above_band_high
2026-07-20T01:36:00Z,95.3613,0.000000,0.000000,0.000000,above_band_high
2026-07-20T01:37:00Z,95.3841,0.000000,0.000000,0.000000,above_band_high
2026-07-20T01:38:00Z,95.3704,0.000000,0.000000,0.000000,above_band_high
2026-07-20T01:39:00Z,95.3796,0.000000,0.000000,0.000000,above_band_high
2026-07-20T01:40:00Z,95.3902,0.000000,0.000000,0.000000,above_band_high
2026-07-20T01:41:00Z,95.3613,0.000000,0.000000,0.000000,above_band_high
2026-07-20T01:42:00Z,95.3887,0.000000,0.000000,0.000000,above_band_high
2026-07-20T01:43:00Z,95.3582,0.000000,0.000000,0.000000,above_band_high
2026-07-20T01:44:00Z,95.3994,0.000000,0.000000,0.000000,above_band_high
2026-07-20T01:45:00Z,95.3841,0.000000,0.000000,0.000000,above_band_high
2026-07-20T01:46:00Z,95.3841,0.000000,0.000000,0.000000,above_band_high
2026-07-20T01:47:00Z,95.3796,0.000000,0.000000,0.000000,above_band_high
2026-07-20T01:48:00Z,95.4131,0.000000,0.000000,0.000000,above_band_high
2026-07-20T01:49:00Z,95.3948,0.000000,0.000000,0.000000,above_band_high
2026-07-20T01:50:00Z,95.4269,0.000000,0.000000,0.000000,above_band_high
2026-07-20T01:51:00Z,95.3948,0.000000,0.000000,0.000000,above_band_high
2026-07-20T01:52:00Z,95.4162,0.000000,0.000000,0.000000,above_band_high
2026-07-20T01:53:00Z,95.4345,0.000000,0.000000,0.000000,above_band_high
2026-07-20T01:54:00Z,95.4299,0.000000,0.000000,0.000000,above_band_high
2026-07-20T01:55:00Z,95.4040,0.000000,0.000000,0.000000,above_band_high
2026-07-20T01:56:00Z,95.4498,0.000000,0.000000,0.000000,above_band_high
2026-07-20T01:57:00Z,95.4345,0.000000,0.000000,0.000000,above_band_high
2026-07-20T01:58:00Z,95.4086,0.000000,0.000000,0.000000,above_band_high
2026-07-20T01:59:00Z,95.4620,0.000000,0.000000,0.000000,above_band_high
2026-07-20T02:00:00Z,95.4299,0.000000,0.000000,0.000000,above_band_high
2026-07-20T02:01:00Z,95.4864,0.000000,0.000000,0.000000,above_band_high
2026-07-20T02:02:00Z,95.4818,0.000000,0.000000,0.000000,above_band_high
2026-07-20T02:03:00Z,95.4665,0.000000,0.000000,0.000000,above_band_high
2026-07-20T02:04:00Z,95.4910,0.000000,0.000000,0.000000,above_band_high
2026-07-20T02:05:00Z,95.4818,0.000000,0.000000,0.000000,above_band_high
2026-07-20T02:06:00Z,95.5032,0.000000,0.000000,0.000000,above_band_high
2026-07-20T02:07:00Z,95.4986,0.000000,0.000000,0.000000,above_band_high
2026-07-20T02:08:00Z,95.4986,0.000000,0.000000,0.000000,above_band_high
2026-07-20T02:09:00Z,95.5322,0.000000,0.000000,0.000000,above_band_high
2026-07-20T02:10:00Z,95.5215,0.000000,0.000000,0.000000,above_band_high
2026-07-20T02:11:00Z,95.5459,0.000000,0.000000,0.000000,above_band_high
2026-07-20T02:12:00Z,95.5535,0.000000,0.000000,0.000000,above_band_high
2026-07-20T02:13:00Z,95.5505,0.000000,0.000000,0.000000,above_band_high
2026-07-20T02:14:00Z,95.5169,0.000000,0.000000,0.000000,above_band_high
2026-07-20T02:15:00Z,95.5261,0.000000,0.000000,0.000000,above_band_high
2026-07-20T02:16:00Z,95.5169,0.000000,0.000000,0.000000,above_band_high
2026-07-20T02:17:00Z,95.5398,0.000000,0.000000,0.000000,above_band_high
2026-07-20T02:18:00Z,95.5398,0.000000,0.000000,0.000000,above_band_high
2026-07-20T02:19:00Z,95.5138,0.000000,0.000000,0.000000,above_band_high
2026-07-20T02:20:00Z,95.5215,0.000000,0.000000,0.000000,above_band_high
2026-07-20T02:21:00Z,95.5352,0.000000,0.000000,0.000000,above_band_high
2026-07-20T02:22:00Z,95.5138,0.000000,0.000000,0.000000,above_band_high
2026-07-20T02:23:00Z,95.5215,0.000000,0.000000,0.000000,above_band_high
2026-07-20T02:24:00Z,95.5352,0.000000,0.000000,0.000000,above_band_high
2026-07-20T02:25:00Z,95.5673,0.000000,0.000000,0.000000,above_band_high
2026-07-20T02:26:00Z,95.5413,0.000000,0.000000,0.000000,above_band_high
2026-07-20T02:27:00Z,95.5673,0.000000,0.000000,0.000000,above_band_high
2026-07-20T02:28:00Z,95.5550,0.000000,0.000000,0.000000,above_band_high
2026-07-20T02:29:00Z,95.5489,0.000000,0.000000,0.000000,above_band_high
2026-07-20T02:30:00Z,95.5093,0.000000,0.000000,0.000000,above_band_high
2026-07-20T02:31:00Z,95.5535,0.000000,0.000000,0.000000,above_band_high
2026-07-20T02:32:00Z,95.5489,0.000000,0.000000,0.000000,above_band_high
2026-07-20T02:33:00Z,95.5596,0.000000,0.000000,0.000000,above_band_high
2026-07-20T02:34:00Z,95.5734,0.000000,0.000000,0.000000,above_band_high
2026-07-20T02:35:00Z,95.5673,0.000000,0.000000,0.000000,above_band_high
2026-07-20T02:36:00Z,95.5764,0.000000,0.000000,0.000000,above_band_high
2026-07-20T02:37:00Z,95.6054,0.000000,0.000000,0.000000,above_band_high
2026-07-20T02:38:00Z,95.5734,0.000000,0.000000,0.000000,above_band_high
2026-07-20T02:39:00Z,95.5825,0.000000,0.000000,0.000000,above_band_high
2026-07-20T02:40:00Z,95.5810,0.000000,0.000000,0.000000,above_band_high
2026-07-20T02:41:00Z,95.5871,0.000000,0.000000,0.000000,above_band_high
2026-07-20T02:42:00Z,95.6222,0.000000,0.000000,0.000000,above_band_high
2026-07-20T02:43:00Z,95.6329,0.000000,0.000000,0.000000,above_band_high
2026-07-20T02:44:00Z,95.5901,0.000000,0.000000,0.000000,above_band_high
2026-07-20T02:45:00Z,95.6237,0.000000,0.000000,0.000000,above_band_high
2026-07-20T02:46:00Z,95.5901,0.000000,0.000000,0.000000,above_band_high
2026-07-20T02:47:00Z,95.6420,0.000000,0.000000,0.000000,above_band_high
2026-07-20T02:48:00Z,95.6359,0.000000,0.000000,0.000000,above_band_high
2026-07-20T02:49:00Z,95.6329,0.000000,0.000000,0.000000,above_band_high
2026-07-20T02:50:00Z,95.6420,0.000000,0.000000,0.000000,above_band_high
2026-07-20T02:51:00Z,95.6008,0.000000,0.000000,0.000000,above_band_high
2026-07-20T02:52:00Z,95.6405,0.000000,0.000000,0.000000,above_band_high
2026-07-20T02:53:00Z,95.6588,0.000000,0.000000,0.000000,above_band_high
2026-07-20T02:54:00Z,95.6359,0.000000,0.000000,0.000000,above_band_high
2026-07-20T02:55:00Z,95.6588,0.000000,0.000000,0.000000,above_band_high
2026-07-20T02:56:00Z,95.6359,0.000000,0.000000,0.000000,above_band_high
2026-07-20T02:57:00Z,95.6695,0.000000,0.000000,0.000000,above_band_high
2026-07-20T02:58:00Z,95.6512,0.000000,0.000000,0.000000,above_band_high
2026-07-20T02:59:00Z,95.6771,0.000000,0.000000,0.000000,above_band_high
2026-07-20T03:00:00Z,95.6680,0.000000,0.000000,0.000000,above_band_high
2026-07-20T03:01:00Z,95.6924,0.000000,0.000000,0.000000,above_band_high
2026-07-20T03:02:00Z,95.7092,0.000000,0.000000,0.000000,above_band_high
2026-07-20T03:03:00Z,95.6954,0.000000,0.000000,0.000000,above_band_high
2026-07-20T03:04:00Z,95.6924,0.000000,0.000000,0.000000,above_band_high
2026-07-20T03:05:00Z,95.7290,0.000000,0.000000,0.000000,above_band_high
2026-07-20T03:06:00Z,95.6771,0.000000,0.000000,0.000000,above_band_high
2026-07-20T03:07:00Z,95.7107,0.000000,0.000000,0.000000,above_band_high
2026-07-20T03:08:00Z,95.7244,0.000000,0.000000,0.000000,above_band_high
2026-07-20T03:09:00Z,95.7458,0.000000,0.000000,0.000000,above_band_high
2026-07-20T03:10:00Z,95.7275,0.000000,0.000000,0.000000,above_band_high
2026-07-20T03:11:00Z,95.7229,0.000000,0.000000,0.000000,above_band_high
2026-07-20T03:12:00Z,95.7321,0.000000,0.000000,0.000000,above_band_high
2026-07-20T03:13:00Z,95.7412,0.000000,0.000000,0.000000,above_band_high
2026-07-20T03:14:00Z,95.7458,0.000000,0.000000,0.000000,above_band_high
2026-07-20T03:15:00Z,95.7229,0.000000,0.000000,0.000000,above_band_high
2026-07-20T03:16:00Z,95.7458,0.000000,0.000000,0.000000,above_band_high
2026-07-20T03:17:00Z,95.7595,0.000000,0.000000,0.000000,above_band_high
2026-07-20T03:18:00Z,95.7458,0.000000,0.000000,0.000000,above_band_high
2026-07-20T03:19:00Z,95.7641,0.000000,0.000000,0.000000,above_band_high
2026-07-20T03:20:00Z,95.7336,0.000000,0.000000,0.000000,above_band_high
2026-07-20T03:21:00Z,95.7153,0.000000,0.000000,0.000000,above_band_high
2026-07-20T03:22:00Z,95.7412,0.000000,0.000000,0.000000,above_band_high
2026-07-20T03:23:00Z,95.7107,0.000000,0.000000,0.000000,above_band_high
2026-07-20T03:24:00Z,95.7519,0.000000,0.000000,0.000000,above_band_high
2026-07-20T03:25:00Z,95.7458,0.000000,0.000000,0.000000,above_band_high
2026-07-20T03:26:00Z,95.7382,0.000000,0.000000,0.000000,above_band_high
2026-07-20T03:27:00Z,95.7504,0.000000,0.000000,0.000000,above_band_high
2026-07-20T03:28:00Z,95.7229,0.000000,0.000000,0.000000,above_band_high
2026-07-20T03:29:00Z,95.7595,0.000000,0.000000,0.000000,above_band_high
2026-07-20T03:30:00Z,95.7778,0.000000,0.000000,0.000000,above_band_high
2026-07-20T03:31:00Z,95.8053,0.000000,0.000000,0.000000,above_band_high
2026-07-20T03:32:00Z,95.7794,0.000000,0.000000,0.000000,above_band_high
2026-07-20T03:33:00Z,95.7870,0.000000,0.000000,0.000000,above_band_high
2026-07-20T03:34:00Z,95.8190,0.000000,0.000000,0.000000,above_band_high
2026-07-20T03:35:00Z,95.7733,0.000000,0.000000,0.000000,above_band_high
2026-07-20T03:36:00Z,95.8022,0.000000,0.000000,0.000000,above_band_high
2026-07-20T03:37:00Z,95.8236,0.000000,0.000000,0.000000,above_band_high
2026-07-20T03:38:00Z,95.7977,0.000000,0.000000,0.000000,above_band_high
2026-07-20T03:39:00Z,95.8190,0.000000,0.000000,0.000000,above_band_high
2026-07-20T03:40:00Z,95.8328,0.000000,0.000000,0.000000,above_band_high
2026-07-20T03:41:00Z,95.8145,0.000000,0.000000,0.000000,above_band_high
2026-07-20T03:42:00Z,95.8297,0.000000,0.000000,0.000000,above_band_high
2026-07-20T03:43:00Z,95.8053,0.000000,0.000000,0.000000,above_band_high
2026-07-20T03:44:00Z,95.8053,0.000000,0.000000,0.000000,above_band_high
2026-07-20T03:45:00Z,95.8511,0.000000,0.000000,0.000000,above_band_high
2026-07-20T03:46:00Z,95.8236,0.000000,0.000000,0.000000,above_band_high
2026-07-20T03:47:00Z,95.8480,0.000000,0.000000,0.000000,above_band_high
2026-07-20T03:48:00Z,95.8434,0.000000,0.000000,0.000000,above_band_high
2026-07-20T03:49:00Z,95.8434,0.000000,0.000000,0.000000,above_band_high
2026-07-20T03:50:00Z,95.8434,0.000000,0.000000,0.000000,above_band_high
2026-07-20T03:51:00Z,95.8480,0.000000,0.000000,0.000000,above_band_high
2026-07-20T03:52:00Z,95.8831,0.000000,0.000000,0.000000,above_band_high
2026-07-20T03:53:00Z,95.8618,0.000000,0.000000,0.000000,above_band_high
2026-07-20T03:54:00Z,95.8740,0.000000,0.000000,0.000000,above_band_high
2026-07-20T03:55:00Z,95.8511,0.000000,0.000000,0.000000,above_band_high
2026-07-20T03:56:00Z,95.8556,0.000000,0.000000,0.000000,above_band_high
2026-07-20T03:57:00Z,95.8877,0.000000,0.000000,0.000000,above_band_high
2026-07-20T03:58:00Z,95.8801,0.000000,0.000000,0.000000,above_band_high
2026-07-20T03:59:00Z,95.8694,0.000000,0.000000,0.000000,above_band_high
2026-07-20T04:00:00Z,95.8877,0.000000,0.000000,0.000000,above_band_high
2026-07-20T04:01:00Z,95.8785,0.000000,0.000000,0.000000,above_band_high
2026-07-20T04:02:00Z,95.8938,0.000000,0.000000,0.000000,above_band_high
2026-07-20T04:03:00Z,95.8892,0.000000,0.000000,0.000000,above_band_high
2026-07-20T04:04:00Z,95.8968,0.000000,0.000000,0.000000,above_band_high
2026-07-20T04:05:00Z,95.8801,0.000000,0.000000,0.000000,above_band_high
2026-07-20T04:06:00Z,95.9258,0.000000,0.000000,0.000000,above_band_high
2026-07-20T04:07:00Z,95.9304,0.000000,0.000000,0.000000,above_band_high
2026-07-20T04:08:00Z,95.9487,0.000000,0.000000,0.000000,above_band_high
2026-07-20T04:09:00Z,95.9442,0.000000,0.000000,0.000000,above_band_high
2026-07-20T04:10:00Z,95.9075,0.000000,0.000000,0.000000,above_band_high
2026-07-20T04:11:00Z,95.9152,0.000000,0.000000,0.000000,above_band_high
2026-07-20T04:12:00Z,95.9350,0.000000,0.000000,0.000000,above_band_high
2026-07-20T04:13:00Z,95.9197,0.000000,0.000000,0.000000,above_band_high
2026-07-20T04:14:00Z,95.9426,0.000000,0.000000,0.000000,above_band_high
2026-07-20T04:15:00Z,95.9442,0.000000,0.000000,0.000000,above_band_high
2026-07-20T04:16:00Z,95.9304,0.000000,0.000000,0.000000,above_band_high
2026-07-20T04:17:00Z,95.9197,0.000000,0.000000,0.000000,above_band_high
2026-07-20T04:18:00Z,95.9197,0.000000,0.000000,0.000000,above_band_high
2026-07-20T04:19:00Z,95.9426,0.000000,0.000000,0.000000,above_band_high
2026-07-20T04:20:00Z,95.9213,0.000000,0.000000,0.000000,above_band_high
2026-07-20T04:21:00Z,95.9213,0.000000,0.000000,0.000000,above_band_high
2026-07-20T04:22:00Z,95.9289,0.000000,0.000000,0.000000,above_band_high
2026-07-20T04:23:00Z,95.9304,0.000000,0.000000,0.000000,above_band_high
2026-07-20T04:24:00Z,95.9426,0.000000,0.000000,0.000000,above_band_high
2026-07-20T04:25:00Z,95.9609,0.000000,0.000000,0.000000,above_band_high
2026-07-20T04:26:00Z,95.9564,0.000000,0.000000,0.000000,above_band_high
2026-07-20T04:27:00Z,95.9762,0.000000,0.000000,0.000000,above_band_high
2026-07-20T04:28:00Z,95.9380,0.000000,0.000000,0.000000,above_band_high
2026-07-20T04:29:00Z,95.9380,0.000000,0.000000,0.000000,above_band_high
2026-07-20T04:30:00Z,95.9625,0.000000,0.000000,0.000000,above_band_high
2026-07-20T04:31:00Z,95.9609,0.000000,0.000000,0.000000,above_band_high
2026-07-20T04:32:00Z,95.9564,0.000000,0.000000,0.000000,above_band_high
2026-07-20T04:33:00Z,95.9533,0.000000,0.000000,0.000000,above_band_high
2026-07-20T04:34:00Z,95.9487,0.000000,0.000000,0.000000,above_band_high
2026-07-20T04:35:00Z,95.9380,0.000000,0.000000,0.000000,above_band_high
2026-07-20T04:36:00Z,95.9670,0.000000,0.000000,0.000000,above_band_high
2026-07-20T04:37:00Z,95.9533,0.000000,0.000000,0.000000,above_band_high
2026-07-20T04:38:00Z,95.9487,0.000000,0.000000,0.000000,above_band_high
2026-07-20T04:39:00Z,95.9533,0.000000,0.000000,0.000000,above_band_high
2026-07-20T04:40:00Z,95.9625,0.000000,0.000000,0.000000,above_band_high
2026-07-20T04:41:00Z,95.9625,0.000000,0.000000,0.000000,above_band_high
2026-07-20T04:42:00Z,95.9564,0.000000,0.000000,0.000000,above_band_high
2026-07-20T04:43:00Z,95.9991,0.000000,0.000000,0.000000,above_band_high
2026-07-20T04:44:00Z,96.0159,0.000000,0.000000,0.000000,above_band_high
2026-07-20T04:45:00Z,96.0021,0.000000,0.000000,0.000000,above_band_high
2026-07-20T04:46:00Z,95.9884,0.000000,0.000000,0.000000,above_band_high
2026-07-20T04:47:00Z,95.9884,0.000000,0.000000,0.000000,above_band_high
2026-07-20T04:48:00Z,95.9930,0.000000,0.000000,0.000000,above_band_high
2026-07-20T04:49:00Z,95.9625,0.000000,0.000000,0.000000,above_band_high
2026-07-20T04:50:00Z,95.9838,0.000000,0.000000,0.000000,above_band_high
2026-07-20T04:51:00Z,96.0021,0.000000,0.000000,0.000000,above_band_high
2026-07-20T04:52:00Z,96.0021,0.000000,0.000000,0.000000,above_band_high
2026-07-20T04:53:00Z,96.0174,0.000000,0.000000,0.000000,above_band_high
2026-07-20T04:54:00Z,95.9808,0.000000,0.000000,0.000000,above_band_high
2026-07-20T04:55:00Z,96.0128,0.000000,0.000000,0.000000,above_band_high
2026-07-20T04:56:00Z,96.0128,0.000000,0.000000,0.000000,above_band_high
2026-07-20T04:57:00Z,96.0204,0.000000,0.000000,0.000000,above_band_high
2026-07-20T04:58:00Z,96.0204,0.000000,0.000000,0.000000,above_band_high
2026-07-20T04:59:00Z,96.0296,0.000000,0.000000,0.000000,above_band_high
2026-07-20T05:00:00Z,96.0388,0.000000,0.000000,0.000000,above_band_high
2026-07-20T05:01:00Z,96.0174,0.000000,0.000000,0.000000,above_band_high
2026-07-20T05:02:00Z,96.0311,0.000000,0.000000,0.000000,above_band_high
2026-07-20T05:03:00Z,96.0632,0.000000,0.000000,0.000000,above_band_high
2026-07-20T05:04:00Z,96.0525,0.000000,0.000000,0.000000,above_band_high
2026-07-20T05:05:00Z,96.0723,0.000000,0.000000,0.000000,above_band_high
2026-07-20T05:06:00Z,96.0449,0.000000,0.000000,0.000000,above_band_high
2026-07-20T05:07:00Z,96.0433,0.000000,0.000000,0.000000,above_band_high
2026-07-20T05:08:00Z,96.0845,0.000000,0.000000,0.000000,above_band_high
2026-07-20T05:09:00Z,96.0433,0.000000,0.000000,0.000000,above_band_high
2026-07-20T05:10:00Z,96.0525,0.000000,0.000000,0.000000,above_band_high
2026-07-20T05:11:00Z,96.0494,0.000000,0.000000,0.000000,above_band_high
2026-07-20T05:12:00Z,96.0494,0.000000,0.000000,0.000000,above_band_high
2026-07-20T05:13:00Z,96.0250,0.000000,0.000000,0.000000,above_band_high
2026-07-20T05:14:00Z,96.0113,0.000000,0.000000,0.000000,above_band_high
2026-07-20T05:15:00Z,96.0540,0.000000,0.000000,0.000000,above_band_high
2026-07-20T05:16:00Z,96.0388,0.000000,0.000000,0.000000,above_band_high
2026-07-20T05:17:00Z,96.0403,0.000000,0.000000,0.000000,above_band_high
2026-07-20T05:18:00Z,96.0388,0.000000,0.000000,0.000000,above_band_high
2026-07-20T05:19:00Z,96.0067,0.000000,0.000000,0.000000,above_band_high
2026-07-20T05:20:00Z,96.0388,0.000000,0.000000,0.000000,above_band_high
2026-07-20T05:21:00Z,96.0067,0.000000,0.000000,0.000000,above_band_high
2026-07-20T05:22:00Z,95.9976,0.000000,0.000000,0.000000,above_band_high
2026-07-20T05:23:00Z,96.0388,0.000000,0.000000,0.000000,above_band_high
2026-07-20T05:24:00Z,96.0296,0.000000,0.000000,0.000000,above_band_high
2026-07-20T05:25:00Z,96.0403,0.000000,0.000000,0.000000,above_band_high
2026-07-20T05:26:00Z,96.0449,0.000000,0.000000,0.000000,above_band_high
2026-07-20T05:27:00Z,96.0357,0.000000,0.000000,0.000000,above_band_high
2026-07-20T05:28:00Z,96.0357,0.000000,0.000000,0.000000,above_band_high
2026-07-20T05:29:00Z,96.0525,0.000000,0.000000,0.000000,above_band_high
2026-07-20T05:30:00Z,96.0067,0.000000,0.000000,0.000000,above_band_high
2026-07-20T05:31:00Z,96.0250,0.000000,0.000000,0.000000,above_band_high
2026-07-20T05:32:00Z,96.0220,0.000000,0.000000,0.000000,above_band_high
2026-07-20T05:33:00Z,96.0250,0.000000,0.000000,0.000000,above_band_high
2026-07-20T05:34:00Z,96.0113,0.000000,0.000000,0.000000,above_band_high
2026-07-20T05:35:00Z,96.0220,0.000000,0.000000,0.000000,above_band_high
2026-07-20T05:36:00Z,96.0311,0.000000,0.000000,0.000000,above_band_high
2026-07-20T05:37:00Z,96.0479,0.000000,0.000000,0.000000,above_band_high
2026-07-20T05:38:00Z,96.0586,0.000000,0.000000,0.000000,above_band_high
2026-07-20T05:39:00Z,96.0311,0.000000,0.000000,0.000000,above_band_high
2026-07-20T05:40:00Z,96.0357,0.000000,0.000000,0.000000,above_band_high
2026-07-20T05:41:00Z,96.0449,0.000000,0.000000,0.000000,above_band_high
2026-07-20T05:42:00Z,96.0632,0.000000,0.000000,0.000000,above_band_high
2026-07-20T05:43:00Z,96.0571,0.000000,0.000000,0.000000,above_band_high
2026-07-20T05:44:00Z,96.0662,0.000000,0.000000,0.000000,above_band_high
2026-07-20T05:45:00Z,96.0662,0.000000,0.000000,0.000000,above_band_high
2026-07-20T05:46:00Z,96.0632,0.000000,0.000000,0.000000,above_band_high
2026-07-20T05:47:00Z,96.0113,0.000000,0.000000,0.000000,above_band_high
2026-07-20T05:48:00Z,96.0586,0.000000,0.000000,0.000000,above_band_high
2026-07-20T05:49:00Z,96.0403,0.000000,0.000000,0.000000,above_band_high
2026-07-20T05:50:00Z,96.0220,0.000000,0.000000,0.000000,above_band_high
2026-07-20T05:51:00Z,96.0357,0.000000,0.000000,0.000000,above_band_high
2026-07-20T05:52:00Z,96.0449,0.000000,0.000000,0.000000,above_band_high
2026-07-20T05:53:00Z,96.0662,0.000000,0.000000,0.000000,above_band_high
2026-07-20T05:54:00Z,96.0403,0.000000,0.000000,0.000000,above_band_high
2026-07-20T05:55:00Z,96.0449,0.000000,0.000000,0.000000,above_band_high
2026-07-20T05:56:00Z,96.0525,0.000000,0.000000,0.000000,above_band_high
2026-07-20T05:57:00Z,96.0586,0.000000,0.000000,0.000000,above_band_high
2026-07-20T05:58:00Z,96.0571,0.000000,0.000000,0.000000,above_band_high
2026-07-20T05:59:00Z,96.0525,0.000000,0.000000,0.000000,above_band_high
2026-07-20T06:00:00Z,96.0342,0.000000,0.000000,0.000000,above_band_high
2026-07-20T06:01:00Z,96.0388,0.000000,0.000000,0.000000,above_band_high
2026-07-20T06:02:00Z,96.0632,0.000000,0.000000,0.000000,above_band_high
2026-07-20T06:03:00Z,96.0433,0.000000,0.000000,0.000000,above_band_high
2026-07-20T06:04:00Z,96.0632,0.000000,0.000000,0.000000,above_band_high
2026-07-20T06:05:00Z,96.1166,0.000000,0.000000,0.000000,above_band_high
2026-07-20T06:06:00Z,96.0708,0.000000,0.000000,0.000000,above_band_high
2026-07-20T06:07:00Z,96.0708,0.000000,0.000000,0.000000,above_band_high
2026-07-20T06:08:00Z,96.0983,0.000000,0.000000,0.000000,above_band_high
2026-07-20T06:09:00Z,96.0983,0.000000,0.000000,0.000000,above_band_high
2026-07-20T06:10:00Z,96.1135,0.000000,0.000000,0.000000,above_band_high
2026-07-20T06:11:00Z,96.0708,0.000000,0.000000,0.000000,above_band_high
2026-07-20T06:12:00Z,96.0662,0.000000,0.000000,0.000000,above_band_high
2026-07-20T06:13:00Z,96.0891,0.000000,0.000000,0.000000,above_band_high
2026-07-20T06:14:00Z,96.0983,0.000000,0.000000,0.000000,above_band_high
2026-07-20T06:15:00Z,96.0525,0.000000,0.000000,0.000000,above_band_high
2026-07-20T06:16:00Z,96.0586,0.000000,0.000000,0.000000,above_band_high
2026-07-20T06:17:00Z,96.0754,0.000000,0.000000,0.000000,above_band_high
2026-07-20T06:18:00Z,96.0861,0.000000,0.000000,0.000000,above_band_high
2026-07-20T06:19:00Z,96.0586,0.000000,0.000000,0.000000,above_band_high
2026-07-20T06:20:00Z,96.0678,0.000000,0.000000,0.000000,above_band_high
2026-07-20T06:21:00Z,96.0632,0.000000,0.000000,0.000000,above_band_high
2026-07-20T06:22:00Z,96.0632,0.000000,0.000000,0.000000,above_band_high
2026-07-20T06:23:00Z,96.0433,0.000000,0.000000,0.000000,above_band_high
2026-07-20T06:24:00Z,96.0449,0.000000,0.000000,0.000000,above_band_high
2026-07-20T06:25:00Z,96.0296,0.000000,0.000000,0.000000,above_band_high
2026-07-20T06:26:00Z,96.0220,0.000000,0.000000,0.000000,above_band_high
2026-07-20T06:27:00Z,95.9991,0.000000,0.000000,0.000000,above_band_high
2026-07-20T06:28:00Z,96.0525,0.000000,0.000000,0.000000,above_band_high
2026-07-20T06:29:00Z,96.0632,0.000000,0.000000,0.000000,above_band_high
2026-07-20T06:30:00Z,96.0479,0.000000,0.000000,0.000000,above_band_high
2026-07-20T06:31:00Z,96.0250,0.000000,0.000000,0.000000,above_band_high
2026-07-20T06:32:00Z,96.0723,0.000000,0.000000,0.000000,above_band_high
2026-07-20T06:33:00Z,96.0204,0.000000,0.000000,0.000000,above_band_high
2026-07-20T06:34:00Z,96.0296,0.000000,0.000000,0.000000,above_band_high
2026-07-20T06:35:00Z,96.0616,0.000000,0.000000,0.000000,above_band_high
2026-07-20T06:36:00Z,96.0540,0.000000,0.000000,0.000000,above_band_high
2026-07-20T06:37:00Z,96.0403,0.000000,0.000000,0.000000,above_band_high
2026-07-20T06:38:00Z,96.0204,0.000000,0.000000,0.000000,above_band_high
2026-07-20T06:39:00Z,96.0571,0.000000,0.000000,0.000000,above_band_high
2026-07-20T06:40:00Z,96.0616,0.000000,0.000000,0.000000,above_band_high
2026-07-20T06:41:00Z,96.0357,0.000000,0.000000,0.000000,above_band_high
2026-07-20T06:42:00Z,96.0540,0.000000,0.000000,0.000000,above_band_high
2026-07-20T06:43:00Z,96.0342,0.000000,0.000000,0.000000,above_band_high
2026-07-20T06:44:00Z,96.0266,0.000000,0.000000,0.000000,above_band_high
2026-07-20T06:45:00Z,96.0479,0.000000,0.000000,0.000000,above_band_high
2026-07-20T06:46:00Z,96.0174,0.000000,0.000000,0.000000,above_band_high
2026-07-20T06:47:00Z,96.0250,0.000000,0.000000,0.000000,above_band_high
2026-07-20T06:48:00Z,96.0296,0.000000,0.000000,0.000000,above_band_high
2026-07-20T06:49:00Z,96.0250,0.000000,0.000000,0.000000,above_band_high
2026-07-20T06:50:00Z,96.0159,0.000000,0.000000,0.000000,above_band_high
2026-07-20T06:51:00Z,96.0632,0.000000,0.000000,0.000000,above_band_high
2026-07-20T06:52:00Z,96.0357,0.000000,0.000000,0.000000,above_band_high
2026-07-20T06:53:00Z,96.0433,0.000000,0.000000,0.000000,above_band_high
2026-07-20T06:54:00Z,96.0342,0.000000,0.000000,0.000000,above_band_high
2026-07-20T06:55:00Z,96.0357,0.000000,0.000000,0.000000,above_band_high
2026-07-20T06:56:00Z,96.0357,0.000000,0.000000,0.000000,above_band_high
2026-07-20T06:57:00Z,96.0433,0.000000,0.000000,0.000000,above_band_high
2026-07-20T06:58:00Z,96.0708,0.000000,0.000000,0.000000,above_band_high
2026-07-20T06:59:00Z,96.0952,0.000000,0.000000,0.000000,above_band_high
2026-07-20T07:00:00Z,96.0403,0.000000,0.000000,0.000000,above_band_high
2026-07-20T07:01:00Z,96.0754,0.000000,0.000000,0.000000,above_band_high
2026-07-20T07:02:00Z,96.0678,0.000000,0.000000,0.000000,above_band_high
2026-07-20T07:03:00Z,96.0632,0.000000,0.000000,0.000000,above_band_high
2026-07-20T07:04:00Z,96.0540,0.000000,0.000000,0.000000,above_band_high
2026-07-20T07:05:00Z,96.0815,0.000000,0.000000,0.000000,above_band_high
2026-07-20T07:06:00Z,96.0540,0.000000,0.000000,0.000000,above_band_high
2026-07-20T07:07:00Z,96.0540,0.000000,0.000000,0.000000,above_band_high
2026-07-20T07:08:00Z,96.0754,0.000000,0.000000,0.000000,above_band_high
2026-07-20T07:09:00Z,96.0632,0.000000,0.000000,0.000000,above_band_high
2026-07-20T07:10:00Z,96.0678,0.000000,0.000000,0.000000,above_band_high
2026-07-20T07:11:00Z,96.0861,0.000000,0.000000,0.000000,above_band_high
2026-07-20T07:12:00Z,96.0754,0.000000,0.000000,0.000000,above_band_high
2026-07-20T07:13:00Z,96.0357,0.000000,0.000000,0.000000,above_band_high
2026-07-20T07:14:00Z,96.0800,0.000000,0.000000,0.000000,above_band_high
2026-07-20T07:15:00Z,96.0937,0.000000,0.000000,0.000000,above_band_high
2026-07-20T07:16:00Z,96.0525,0.000000,0.000000,0.000000,above_band_high
2026-07-20T07:17:00Z,96.0540,0.000000,0.000000,0.000000,above_band_high
2026-07-20T07:18:00Z,96.0296,0.000000,0.000000,0.000000,above_band_high
2026-07-20T07:19:00Z,96.0449,0.000000,0.000000,0.000000,above_band_high
2026-07-20T07:20:00Z,96.0754,0.000000,0.000000,0.000000,above_band_high
2026-07-20T07:21:00Z,96.0861,0.000000,0.000000,0.000000,above_band_high
2026-07-20T07:22:00Z,96.0571,0.000000,0.000000,0.000000,above_band_high
2026-07-20T07:23:00Z,96.0403,0.000000,0.000000,0.000000,above_band_high
2026-07-20T07:24:00Z,96.0540,0.000000,0.000000,0.000000,above_band_high
2026-07-20T07:25:00Z,96.0861,0.000000,0.000000,0.000000,above_band_high
2026-07-20T07:26:00Z,96.0342,0.000000,0.000000,0.000000,above_band_high
2026-07-20T07:27:00Z,96.0616,0.000000,0.000000,0.000000,above_band_high
2026-07-20T07:28:00Z,96.1074,0.000000,0.000000,0.000000,above_band_high
2026-07-20T07:29:00Z,96.0708,0.000000,0.000000,0.000000,above_band_high
2026-07-20T07:30:00Z,96.0815,0.000000,0.000000,0.000000,above_band_high
2026-07-20T07:31:00Z,96.0616,0.000000,0.000000,0.000000,above_band_high
2026-07-20T07:32:00Z,96.0952,0.000000,0.000000,0.000000,above_band_high
2026-07-20T07:33:00Z,96.0815,0.000000,0.000000,0.000000,above_band_high
2026-07-20T07:34:00Z,96.0449,0.000000,0.000000,0.000000,above_band_high
2026-07-20T07:35:00Z,96.0861,0.000000,0.000000,0.000000,above_band_high
2026-07-20T07:36:00Z,96.0815,0.000000,0.000000,0.000000,above_band_high
2026-07-20T07:37:00Z,96.0754,0.000000,0.000000,0.000000,above_band_high
2026-07-20T07:38:00Z,96.1089,0.000000,0.000000,0.000000,above_band_high
2026-07-20T07:39:00Z,96.0800,0.000000,0.000000,0.000000,above_band_high
2026-07-20T07:40:00Z,96.1028,0.000000,0.000000,0.000000,above_band_high
2026-07-20T07:41:00Z,96.0678,0.000000,0.000000,0.000000,above_band_high
2026-07-20T07:42:00Z,96.0815,0.000000,0.000000,0.000000,above_band_high
2026-07-20T07:43:00Z,96.0754,0.000000,0.000000,0.000000,above_band_high
2026-07-20T07:44:00Z,96.1166,0.000000,0.000000,0.000000,above_band_high
2026-07-20T07:45:00Z,96.1212,0.000000,0.000000,0.000000,above_band_high
2026-07-20T07:46:00Z,96.0906,0.000000,0.000000,0.000000,above_band_high
2026-07-20T07:47:00Z,96.1028,0.000000,0.000000,0.000000,above_band_high
2026-07-20T07:48:00Z,96.1028,0.000000,0.000000,0.000000,above_band_high
2026-07-20T07:49:00Z,96.1166,0.000000,0.000000,0.000000,above_band_high
2026-07-20T07:50:00Z,96.1028,0.000000,0.000000,0.000000,above_band_high
2026-07-20T07:51:00Z,96.0800,0.000000,0.000000,0.000000,above_band_high
2026-07-20T07:52:00Z,96.1028,0.000000,0.000000,0.000000,above_band_high
2026-07-20T07:53:00Z,96.0983,0.000000,0.000000,0.000000,above_band_high
2026-07-20T07:54:00Z,96.0754,0.000000,0.000000,0.000000,above_band_high
2026-07-20T07:55:00Z,96.0952,0.000000,0.000000,0.000000,above_band_high
2026-07-20T07:56:00Z,96.1410,0.000000,0.000000,0.000000,above_band_high
2026-07-20T07:57:00Z,96.1318,0.000000,0.000000,0.000000,above_band_high
2026-07-20T07:58:00Z,96.1166,0.000000,0.000000,0.000000,above_band_high
2026-07-20T07:59:00Z,96.1135,0.000000,0.000000,0.000000,above_band_high
2026-07-20T08:00:00Z,96.1440,0.000000,0.000000,0.000000,above_band_high
2026-07-20T08:01:00Z,96.1395,0.000000,0.000000,0.000000,above_band_high
2026-07-20T08:02:00Z,96.1440,0.000000,0.000000,0.000000,above_band_high
2026-07-20T08:03:00Z,96.1440,0.000000,0.000000,0.000000,above_band_high
2026-07-20T08:04:00Z,96.1089,0.000000,0.000000,0.000000,above_band_high
2026-07-20T08:05:00Z,96.1257,0.000000,0.000000,0.000000,above_band_high
2026-07-20T08:06:00Z,96.1273,0.000000,0.000000,0.000000,above_band_high
2026-07-20T08:07:00Z,96.1120,0.000000,0.000000,0.000000,above_band_high
2026-07-20T08:08:00Z,96.1212,0.000000,0.000000,0.000000,above_band_high
2026-07-20T08:09:00Z,96.1456,0.000000,0.000000,0.000000,above_band_high
2026-07-20T08:10:00Z,96.1501,0.000000,0.000000,0.000000,above_band_high
2026-07-20T08:11:00Z,96.1440,0.000000,0.000000,0.000000,above_band_high
2026-07-20T08:12:00Z,96.1257,0.000000,0.000000,0.000000,above_band_high
2026-07-20T08:13:00Z,96.0983,0.000000,0.000000,0.000000,above_band_high
2026-07-20T08:14:00Z,96.1257,0.000000,0.000000,0.000000,above_band_high
2026-07-20T08:15:00Z,96.1120,0.000000,0.000000,0.000000,above_band_high
2026-07-20T08:16:00Z,96.1166,0.000000,0.000000,0.000000,above_band_high
2026-07-20T08:17:00Z,96.0983,0.000000,0.000000,0.000000,above_band_high
2026-07-20T08:18:00Z,96.0998,0.000000,0.000000,0.000000,above_band_high
2026-07-20T08:19:00Z,96.1135,0.000000,0.000000,0.000000,above_band_high
2026-07-20T08:20:00Z,96.1044,0.000000,0.000000,0.000000,above_band_high
2026-07-20T08:21:00Z,96.0937,0.000000,0.000000,0.000000,above_band_high
2026-07-20T08:22:00Z,96.0983,0.000000,0.000000,0.000000,above_band_high
2026-07-20T08:23:00Z,96.1028,0.000000,0.000000,0.000000,above_band_high
2026-07-20T08:24:00Z,96.0861,0.000000,0.000000,0.000000,above_band_high
2026-07-20T08:25:00Z,96.0983,0.000000,0.000000,0.000000,above_band_high
2026-07-20T08:26:00Z,96.1074,0.000000,0.000000,0.000000,above_band_high
2026-07-20T08:27:00Z,96.1028,0.000000,0.000000,0.000000,above_band_high
2026-07-20T08:28:00Z,96.0800,0.000000,0.000000,0.000000,above_band_high
2026-07-20T08:29:00Z,96.0754,0.000000,0.000000,0.000000,above_band_high
2026-07-20T08:30:00Z,96.0983,0.000000,0.000000,0.000000,above_band_high
2026-07-20T08:31:00Z,96.1089,0.000000,0.000000,0.000000,above_band_high
2026-07-20T08:32:00Z,96.0906,0.000000,0.000000,0.000000,above_band_high
2026-07-20T08:33:00Z,96.0479,0.000000,0.000000,0.000000,above_band_high
2026-07-20T08:34:00Z,96.0678,0.000000,0.000000,0.000000,above_band_high
2026-07-20T08:35:00Z,96.1074,0.000000,0.000000,0.000000,above_band_high
2026-07-20T08:36:00Z,96.1166,0.000000,0.000000,0.000000,above_band_high
2026-07-20T08:37:00Z,96.0754,0.000000,0.000000,0.000000,above_band_high
2026-07-20T08:38:00Z,96.0861,0.000000,0.000000,0.000000,above_band_high
2026-07-20T08:39:00Z,96.0952,0.000000,0.000000,0.000000,above_band_high
2026-07-20T08:40:00Z,96.0754,0.000000,0.000000,0.000000,above_band_high
2026-07-20T08:41:00Z,96.0906,0.000000,0.000000,0.000000,above_band_high
2026-07-20T08:42:00Z,96.0952,0.000000,0.000000,0.000000,above_band_high
2026-07-20T08:43:00Z,96.0983,0.000000,0.000000,0.000000,above_band_high
2026-07-20T08:44:00Z,96.0861,0.000000,0.000000,0.000000,above_band_high
2026-07-20T08:45:00Z,96.0906,0.000000,0.000000,0.000000,above_band_high
2026-07-20T08:46:00Z,96.1028,0.000000,0.000000,0.000000,above_band_high
2026-07-20T08:47:00Z,96.1227,0.000000,0.000000,0.000000,above_band_high
2026-07-20T08:48:00Z,96.0815,0.000000,0.000000,0.000000,above_band_high
2026-07-20T08:49:00Z,96.1028,0.000000,0.000000,0.000000,above_band_high
2026-07-20T08:50:00Z,96.1135,0.000000,0.000000,0.000000,above_band_high
2026-07-20T08:51:00Z,96.0983,0.000000,0.000000,0.000000,above_band_high
2026-07-20T08:52:00Z,96.1410,0.000000,0.000000,0.000000,above_band_high
2026-07-20T08:53:00Z,96.0571,0.000000,0.000000,0.000000,above_band_high
2026-07-20T08:54:00Z,96.1074,0.000000,0.000000,0.000000,above_band_high
2026-07-20T08:55:00Z,96.0952,0.000000,0.000000,0.000000,above_band_high
2026-07-20T08:56:00Z,96.0861,0.000000,0.000000,0.000000,above_band_high
2026-07-20T08:57:00Z,96.0861,0.000000,0.000000,0.000000,above_band_high
2026-07-20T08:58:00Z,96.0983,0.000000,0.000000,0.000000,above_band_high
2026-07-20T08:59:00Z,96.1028,0.000000,0.000000,0.000000,above_band_high
2026-07-20T09:00:00Z,96.1257,0.000000,0.000000,0.000000,above_band_high
2026-07-20T09:01:00Z,96.1028,0.000000,0.000000,0.000000,above_band_high
2026-07-20T09:02:00Z,96.1318,0.000000,0.000000,0.000000,above_band_high
2026-07-20T09:03:00Z,96.1166,0.000000,0.000000,0.000000,above_band_high
2026-07-20T09:04:00Z,96.1089,0.000000,0.000000,0.000000,above_band_high
2026-07-20T09:05:00Z,96.1044,0.000000,0.000000,0.000000,above_band_high
2026-07-20T09:06:00Z,96.1257,0.000000,0.000000,0.000000,above_band_high
2026-07-20T09:07:00Z,96.1135,0.000000,0.000000,0.000000,above_band_high
2026-07-20T09:08:00Z,96.1135,0.000000,0.000000,0.000000,above_band_high
2026-07-20T09:09:00Z,96.1181,0.000000,0.000000,0.000000,above_band_high
2026-07-20T09:10:00Z,96.1181,0.000000,0.000000,0.000000,above_band_high
2026-07-20T09:11:00Z,96.1089,0.000000,0.000000,0.000000,above_band_high
2026-07-20T09:12:00Z,96.1089,0.000000,0.000000,0.000000,above_band_high
2026-07-20T09:13:00Z,96.1135,0.000000,0.000000,0.000000,above_band_high
2026-07-20T09:14:00Z,96.1318,0.000000,0.000000,0.000000,above_band_high
2026-07-20T09:15:00Z,96.1044,0.000000,0.000000,0.000000,above_band_high
2026-07-20T09:16:00Z,96.1074,0.000000,0.000000,0.000000,above_band_high
2026-07-20T09:17:00Z,96.1135,0.000000,0.000000,0.000000,above_band_high
2026-07-20T09:18:00Z,96.0937,0.000000,0.000000,0.000000,above_band_high
2026-07-20T09:19:00Z,96.0937,0.000000,0.000000,0.000000,above_band_high
2026-07-20T09:20:00Z,96.1135,0.000000,0.000000,0.000000,above_band_high
2026-07-20T09:21:00Z,96.0937,0.000000,0.000000,0.000000,above_band_high
2026-07-20T09:22:00Z,96.1074,0.000000,0.000000,0.000000,above_band_high
2026-07-20T09:23:00Z,96.0937,0.000000,0.000000,0.000000,above_band_high
2026-07-20T09:24:00Z,96.1028,0.000000,0.000000,0.000000,above_band_high
2026-07-20T09:25:00Z,96.0861,0.000000,0.000000,0.000000,above_band_high
2026-07-20T09:26:00Z,96.1227,0.000000,0.000000,0.000000,above_band_high
2026-07-20T09:27:00Z,96.0632,0.000000,0.000000,0.000000,above_band_high
2026-07-20T09:28:00Z,96.1074,0.000000,0.000000,0.000000,above_band_high
2026-07-20T09:29:00Z,96.0983,0.000000,0.000000,0.000000,above_band_high
2026-07-20T09:30:00Z,96.0708,0.000000,0.000000,0.000000,above_band_high
2026-07-20T09:31:00Z,96.0815,0.000000,0.000000,0.000000,above_band_high
2026-07-20T09:32:00Z,96.1028,0.000000,0.000000,0.000000,above_band_high
2026-07-20T09:33:00Z,96.1135,0.000000,0.000000,0.000000,above_band_high
2026-07-20T09:34:00Z,96.1273,0.000000,0.000000,0.000000,above_band_high
2026-07-20T09:35:00Z,96.1593,0.000000,0.000000,0.000000,above_band_high
2026-07-20T09:36:00Z,96.0906,0.000000,0.000000,0.000000,above_band_high
2026-07-20T09:37:00Z,96.1303,0.000000,0.000000,0.000000,above_band_high
2026-07-20T09:38:00Z,96.1547,0.000000,0.000000,0.000000,above_band_high
2026-07-20T09:39:00Z,96.1074,0.000000,0.000000,0.000000,above_band_high
2026-07-20T09:40:00Z,96.1318,0.000000,0.000000,0.000000,above_band_high
2026-07-20T09:41:00Z,96.0983,0.000000,0.000000,0.000000,above_band_high
2026-07-20T09:42:00Z,96.0906,0.000000,0.000000,0.000000,above_band_high
2026-07-20T09:43:00Z,96.1410,0.000000,0.000000,0.000000,above_band_high
2026-07-20T09:44:00Z,96.1135,0.000000,0.000000,0.000000,above_band_high
2026-07-20T09:45:00Z,96.1257,0.000000,0.000000,0.000000,above_band_high
2026-07-20T09:46:00Z,96.1135,0.000000,0.000000,0.000000,above_band_high
2026-07-20T09:47:00Z,96.1227,0.000000,0.000000,0.000000,above_band_high
2026-07-20T09:48:00Z,96.1486,0.000000,0.000000,0.000000,above_band_high
2026-07-20T09:49:00Z,96.1761,0.000000,0.000000,0.000000,above_band_high
2026-07-20T09:50:00Z,96.1547,0.000000,0.000000,0.000000,above_band_high
2026-07-20T09:51:00Z,96.1486,0.000000,0.000000,0.000000,above_band_high
2026-07-20T09:52:00Z,96.1624,0.000000,0.000000,0.000000,above_band_high
2026-07-20T09:53:00Z,96.1730,0.000000,0.000000,0.000000,above_band_high
2026-07-20T09:54:00Z,96.1532,0.000000,0.000000,0.000000,above_band_high
2026-07-20T09:55:00Z,96.1730,0.000000,0.000000,0.000000,above_band_high
2026-07-20T09:56:00Z,96.1395,0.000000,0.000000,0.000000,above_band_high
2026-07-20T09:57:00Z,96.2005,0.000000,0.000000,0.000000,above_band_high
2026-07-20T09:58:00Z,96.1486,0.000000,0.000000,0.000000,above_band_high
2026-07-20T09:59:00Z,96.1669,0.000000,0.000000,0.000000,above_band_high
2026-07-20T10:00:00Z,96.1990,0.000000,0.000000,0.000000,above_band_high
2026-07-20T10:01:00Z,96.1807,0.000000,0.000000,0.000000,above_band_high
2026-07-20T10:02:00Z,96.1669,0.000000,0.000000,0.000000,above_band_high
2026-07-20T10:03:00Z,96.2005,0.000000,0.000000,0.000000,above_band_high
2026-07-20T10:04:00Z,96.1852,0.000000,0.000000,0.000000,above_band_high
2026-07-20T10:05:00Z,96.1852,0.000000,0.000000,0.000000,above_band_high
2026-07-20T10:06:00Z,96.1776,0.000000,0.000000,0.000000,above_band_high
2026-07-20T10:07:00Z,96.2051,0.000000,0.000000,0.000000,above_band_high
2026-07-20T10:08:00Z,96.1624,0.000000,0.000000,0.000000,above_band_high
2026-07-20T10:09:00Z,96.1776,0.000000,0.000000,0.000000,above_band_high
2026-07-20T10:10:00Z,96.1822,0.000000,0.000000,0.000000,above_band_high
2026-07-20T10:11:00Z,96.1578,0.000000,0.000000,0.000000,above_band_high
2026-07-20T10:12:00Z,96.1776,0.000000,0.000000,0.000000,above_band_high
2026-07-20T10:13:00Z,96.1532,0.000000,0.000000,0.000000,above_band_high
2026-07-20T10:14:00Z,96.1730,0.000000,0.000000,0.000000,above_band_high
2026-07-20T10:15:00Z,96.1501,0.000000,0.000000,0.000000,above_band_high
2026-07-20T10:16:00Z,96.1913,0.000000,0.000000,0.000000,above_band_high
2026-07-20T10:17:00Z,96.1440,0.000000,0.000000,0.000000,above_band_high
2026-07-20T10:18:00Z,96.1639,0.000000,0.000000,0.000000,above_band_high
2026-07-20T10:19:00Z,96.1807,0.000000,0.000000,0.000000,above_band_high
2026-07-20T10:20:00Z,96.1593,0.000000,0.000000,0.000000,above_band_high
2026-07-20T10:21:00Z,96.2051,0.000000,0.000000,0.000000,above_band_high
2026-07-20T10:22:00Z,96.1257,0.000000,0.000000,0.000000,above_band_high
2026-07-20T10:23:00Z,96.1624,0.000000,0.000000,0.000000,above_band_high
2026-07-20T10:24:00Z,96.1486,0.000000,0.000000,0.000000,above_band_high
2026-07-20T10:25:00Z,96.1349,0.000000,0.000000,0.000000,above_band_high
2026-07-20T10:26:00Z,96.1410,0.000000,0.000000,0.000000,above_band_high
2026-07-20T10:27:00Z,96.1624,0.000000,0.000000,0.000000,above_band_high
2026-07-20T10:28:00Z,96.1532,0.000000,0.000000,0.000000,above_band_high
2026-07-20T10:29:00Z,96.1822,0.000000,0.000000,0.000000,above_band_high
2026-07-20T10:30:00Z,96.1547,0.000000,0.000000,0.000000,above_band_high
2026-07-20T10:31:00Z,96.1486,0.000000,0.000000,0.000000,above_band_high
2026-07-20T10:32:00Z,96.1318,0.000000,0.000000,0.000000,above_band_high
2026-07-20T10:33:00Z,96.1822,0.000000,0.000000,0.000000,above_band_high
2026-07-20T10:34:00Z,96.1135,0.000000,0.000000,0.000000,above_band_high
2026-07-20T10:35:00Z,96.1669,0.000000,0.000000,0.000000,above_band_high
2026-07-20T10:36:00Z,96.1715,0.000000,0.000000,0.000000,above_band_high
2026-07-20T10:37:00Z,96.1547,0.000000,0.000000,0.000000,above_band_high
2026-07-20T10:38:00Z,96.1212,0.000000,0.000000,0.000000,above_band_high
2026-07-20T10:39:00Z,96.1822,0.000000,0.000000,0.000000,above_band_high
2026-07-20T10:40:00Z,96.1547,0.000000,0.000000,0.000000,above_band_high
2026-07-20T10:41:00Z,96.1669,0.000000,0.000000,0.000000,above_band_high
2026-07-20T10:42:00Z,96.1547,0.000000,0.000000,0.000000,above_band_high
2026-07-20T10:43:00Z,96.1669,0.000000,0.000000,0.000000,above_band_high
2026-07-20T10:44:00Z,96.1257,0.000000,0.000000,0.000000,above_band_high
2026-07-20T10:45:00Z,96.1639,0.000000,0.000000,0.000000,above_band_high
2026-07-20T10:46:00Z,96.1501,0.000000,0.000000,0.000000,above_band_high
2026-07-20T10:47:00Z,96.1456,0.000000,0.000000,0.000000,above_band_high
2026-07-20T10:48:00Z,96.1364,0.000000,0.000000,0.000000,above_band_high
2026-07-20T10:49:00Z,96.1913,0.000000,0.000000,0.000000,above_band_high
2026-07-20T10:50:00Z,96.1456,0.000000,0.000000,0.000000,above_band_high
2026-07-20T10:51:00Z,96.1456,0.000000,0.000000,0.000000,above_band_high
2026-07-20T10:52:00Z,96.1822,0.000000,0.000000,0.000000,above_band_high
2026-07-20T10:53:00Z,96.1501,0.000000,0.000000,0.000000,above_band_high
2026-07-20T10:54:00Z,96.1822,0.000000,0.000000,0.000000,above_band_high
2026-07-20T10:55:00Z,96.1852,0.000000,0.000000,0.000000,above_band_high
2026-07-20T10:56:00Z,96.1639,0.000000,0.000000,0.000000,above_band_high
2026-07-20T10:57:00Z,96.1852,0.000000,0.000000,0.000000,above_band_high
2026-07-20T10:58:00Z,96.1715,0.000000,0.000000,0.000000,above_band_high
2026-07-20T10:59:00Z,96.1776,0.000000,0.000000,0.000000,above_band_high
2026-07-20T11:00:00Z,96.1776,0.000000,0.000000,0.000000,above_band_high
2026-07-20T11:01:00Z,96.1852,0.000000,0.000000,0.000000,above_band_high
2026-07-20T11:02:00Z,96.1898,0.000000,0.000000,0.000000,above_band_high
2026-07-20T11:03:00Z,96.1669,0.000000,0.000000,0.000000,above_band_high
2026-07-20T11:04:00Z,96.2127,0.000000,0.000000,0.000000,above_band_high
2026-07-20T11:05:00Z,96.1776,0.000000,0.000000,0.000000,above_band_high
2026-07-20T11:06:00Z,96.2188,0.000000,0.000000,0.000000,above_band_high
2026-07-20T11:07:00Z,96.1898,0.000000,0.000000,0.000000,above_band_high
2026-07-20T11:08:00Z,96.1852,0.000000,0.000000,0.000000,above_band_high
2026-07-20T11:09:00Z,96.1761,0.000000,0.000000,0.000000,above_band_high
2026-07-20T11:10:00Z,96.1593,0.000000,0.000000,0.000000,above_band_high
2026-07-20T11:11:00Z,96.1486,0.000000,0.000000,0.000000,above_band_high
2026-07-20T11:12:00Z,96.1852,0.000000,0.000000,0.000000,above_band_high
2026-07-20T11:13:00Z,96.1822,0.000000,0.000000,0.000000,above_band_high
2026-07-20T11:14:00Z,96.1639,0.000000,0.000000,0.000000,above_band_high
2026-07-20T11:15:00Z,96.1715,0.000000,0.000000,0.000000,above_band_high
2026-07-20T11:16:00Z,96.1395,0.000000,0.000000,0.000000,above_band_high
2026-07-20T11:17:00Z,96.1761,0.000000,0.000000,0.000000,above_band_high
2026-07-20T11:18:00Z,96.1852,0.000000,0.000000,0.000000,above_band_high
2026-07-20T11:19:00Z,96.1822,0.000000,0.000000,0.000000,above_band_high
2026-07-20T11:20:00Z,96.1913,0.000000,0.000000,0.000000,above_band_high
2026-07-20T11:21:00Z,96.1639,0.000000,0.000000,0.000000,above_band_high
2026-07-20T11:22:00Z,96.1730,0.000000,0.000000,0.000000,above_band_high
2026-07-20T11:23:00Z,96.1715,0.000000,0.000000,0.000000,above_band_high
2026-07-20T11:24:00Z,96.1593,0.000000,0.000000,0.000000,above_band_high
2026-07-20T11:25:00Z,96.1547,0.000000,0.000000,0.000000,above_band_high
2026-07-20T11:26:00Z,96.1715,0.000000,0.000000,0.000000,above_band_high
2026-07-20T11:27:00Z,96.1822,0.000000,0.000000,0.000000,above_band_high
2026-07-20T11:28:00Z,96.1730,0.000000,0.000000,0.000000,above_band_high
2026-07-20T11:29:00Z,96.1593,0.000000,0.000000,0.000000,above_band_high
2026-07-20T11:30:00Z,96.1669,0.000000,0.000000,0.000000,above_band_high
2026-07-20T11:31:00Z,96.1913,0.000000,0.000000,0.000000,above_band_high
2026-07-20T11:32:00Z,96.1547,0.000000,0.000000,0.000000,above_band_high
2026-07-20T11:33:00Z,96.1913,0.000000,0.000000,0.000000,above_band_high
2026-07-20T11:34:00Z,96.1822,0.000000,0.000000,0.000000,above_band_high
2026-07-20T11:35:00Z,96.1730,0.000000,0.000000,0.000000,above_band_high
2026-07-20T11:36:00Z,96.1822,0.000000,0.000000,0.000000,above_band_high
2026-07-20T11:37:00Z,96.1776,0.000000,0.000000,0.000000,above_band_high
2026-07-20T11:38:00Z,96.1913,0.000000,0.000000,0.000000,above_band_high
2026-07-20T11:39:00Z,96.1715,0.000000,0.000000,0.000000,above_band_high
2026-07-20T11:40:00Z,96.1944,0.000000,0.000000,0.000000,above_band_high
2026-07-20T11:41:00Z,96.1822,0.000000,0.000000,0.000000,above_band_high
2026-07-20T11:42:00Z,96.1669,0.000000,0.000000,0.000000,above_band_high
2026-07-20T11:43:00Z,96.1822,0.000000,0.000000,0.000000,above_band_high
2026-07-20T11:44:00Z,96.1944,0.000000,0.000000,0.000000,above_band_high
2026-07-20T11:45:00Z,96.1776,0.000000,0.000000,0.000000,above_band_high
2026-07-20T11:46:00Z,96.1822,0.000000,0.000000,0.000000,above_band_high
2026-07-20T11:47:00Z,96.1944,0.000000,0.000000,0.000000,above_band_high
2026-07-20T11:48:00Z,96.2234,0.000000,0.000000,0.000000,above_band_high
2026-07-20T11:49:00Z,96.1669,0.000000,0.000000,0.000000,above_band_high
2026-07-20T11:50:00Z,96.1944,0.000000,0.000000,0.000000,above_band_high
2026-07-20T11:51:00Z,96.1944,0.000000,0.000000,0.000000,above_band_high
2026-07-20T11:52:00Z,96.2005,0.000000,0.000000,0.000000,above_band_high
2026-07-20T11:53:00Z,96.1730,0.000000,0.000000,0.000000,above_band_high
2026-07-20T11:54:00Z,96.2188,0.000000,0.000000,0.000000,above_band_high
2026-07-20T11:55:00Z,96.2005,0.000000,0.000000,0.000000,above_band_high
2026-07-20T11:56:00Z,96.1898,0.000000,0.000000,0.000000,above_band_high
2026-07-20T11:57:00Z,96.1822,0.000000,0.000000,0.000000,above_band_high
2026-07-20T11:58:00Z,96.2127,0.000000,0.000000,0.000000,above_band_high
2026-07-20T11:59:00Z,96.2188,0.000000,0.000000,0.000000,above_band_high
2026-07-20T12:00:00Z,96.2173,0.000000,0.000000,0.000000,above_band_high
2026-07-20T12:01:00Z,96.1913,0.000000,0.000000,0.000000,above_band_high
2026-07-20T12:02:00Z,96.2036,0.000000,0.000000,0.000000,above_band_high
2026-07-20T12:03:00Z,96.2097,0.000000,0.000000,0.000000,above_band_high
2026-07-20T12:04:00Z,96.2005,0.000000,0.000000,0.000000,above_band_high
2026-07-20T12:05:00Z,96.2127,0.000000,0.000000,0.000000,above_band_high
2026-07-20T12:06:00Z,96.2219,0.000000,0.000000,0.000000,above_band_high
2026-07-20T12:07:00Z,96.2310,0.000000,0.000000,0.000000,above_band_high
2026-07-20T12:08:00Z,96.1852,0.000000,0.000000,0.000000,above_band_high
2026-07-20T12:09:00Z,96.2081,0.000000,0.000000,0.000000,above_band_high
2026-07-20T12:10:00Z,96.2127,0.000000,0.000000,0.000000,above_band_high
2026-07-20T12:11:00Z,96.2280,0.000000,0.000000,0.000000,above_band_high
2026-07-20T12:12:00Z,96.1776,0.000000,0.000000,0.000000,above_band_high
2026-07-20T12:13:00Z,96.2081,0.000000,0.000000,0.000000,above_band_high
2026-07-20T12:14:00Z,96.2097,0.000000,0.000000,0.000000,above_band_high
2026-07-20T12:15:00Z,96.2356,0.000000,0.000000,0.000000,above_band_high
2026-07-20T12:16:00Z,96.1761,0.000000,0.000000,0.000000,above_band_high
2026-07-20T12:17:00Z,96.2188,0.000000,0.000000,0.000000,above_band_high
2026-07-20T12:18:00Z,96.1776,0.000000,0.000000,0.000000,above_band_high
2026-07-20T12:19:00Z,96.1959,0.000000,0.000000,0.000000,above_band_high
2026-07-20T12:20:00Z,96.1776,0.000000,0.000000,0.000000,above_band_high
2026-07-20T12:21:00Z,96.2188,0.000000,0.000000,0.000000,above_band_high
2026-07-20T12:22:00Z,96.1898,0.000000,0.000000,0.000000,above_band_high
2026-07-20T12:23:00Z,96.2051,0.000000,0.000000,0.000000,above_band_high
2026-07-20T12:24:00Z,96.2097,0.000000,0.000000,0.000000,above_band_high
2026-07-20T12:25:00Z,96.2280,0.000000,0.000000,0.000000,above_band_high
2026-07-20T12:26:00Z,96.2188,0.000000,0.000000,0.000000,above_band_high
2026-07-20T12:27:00Z,96.2127,0.000000,0.000000,0.000000,above_band_high
2026-07-20T12:28:00Z,96.2219,0.000000,0.000000,0.000000,above_band_high
2026-07-20T12:29:00Z,96.2127,0.000000,0.000000,0.000000,above_band_high
2026-07-20T12:30:00Z,96.1898,0.000000,0.000000,0.000000,above_band_high
2026-07-20T12:31:00Z,96.2356,0.000000,0.000000,0.000000,above_band_high
2026-07-20T12:32:00Z,96.1959,0.000000,0.000000,0.000000,above_band_high
2026-07-20T12:33:00Z,96.2051,0.000000,0.000000,0.000000,above_band_high
2026-07-20T12:34:00Z,96.2051,0.000000,0.000000,0.000000,above_band_high
2026-07-20T12:35:00Z,96.1898,0.000000,0.000000,0.000000,above_band_high
2026-07-20T12:36:00Z,96.1776,0.000000,0.000000,0.000000,above_band_high
2026-07-20T12:37:00Z,96.1807,0.000000,0.000000,0.000000,above_band_high
2026-07-20T12:38:00Z,96.2005,0.000000,0.000000,0.000000,above_band_high
2026-07-20T12:39:00Z,96.1898,0.000000,0.000000,0.000000,above_band_high
2026-07-20T12:40:00Z,96.1685,0.000000,0.000000,0.000000,above_band_high
2026-07-20T12:41:00Z,96.2127,0.000000,0.000000,0.000000,above_band_high
2026-07-20T12:42:00Z,96.1898,0.000000,0.000000,0.000000,above_band_high
2026-07-20T12:43:00Z,96.1944,0.000000,0.000000,0.000000,above_band_high
2026-07-20T12:44:00Z,96.1898,0.000000,0.000000,0.000000,above_band_high
2026-07-20T12:45:00Z,96.2188,0.000000,0.000000,0.000000,above_band_high
2026-07-20T12:46:00Z,96.2188,0.000000,0.000000,0.000000,above_band_high
2026-07-20T12:47:00Z,96.2005,0.000000,0.000000,0.000000,above_band_high
2026-07-20T12:48:00Z,96.1807,0.000000,0.000000,0.000000,above_band_high
2026-07-20T12:49:00Z,96.2051,0.000000,0.000000,0.000000,above_band_high
2026-07-20T12:50:00Z,96.1593,0.000000,0.000000,0.000000,above_band_high
2026-07-20T12:51:00Z,96.2081,0.000000,0.000000,0.000000,above_band_high
2026-07-20T12:52:00Z,96.1715,0.000000,0.000000,0.000000,above_band_high
2026-07-20T12:53:00Z,96.1501,0.000000,0.000000,0.000000,above_band_high
2026-07-20T12:54:00Z,96.1456,0.000000,0.000000,0.000000,above_band_high
2026-07-20T12:55:00Z,96.1624,0.000000,0.000000,0.000000,above_band_high
2026-07-20T12:56:00Z,96.1578,0.000000,0.000000,0.000000,above_band_high
2026-07-20T12:57:00Z,96.1913,0.000000,0.000000,0.000000,above_band_high
2026-07-20T12:58:00Z,96.1578,0.000000,0.000000,0.000000,above_band_high
2026-07-20T12:59:00Z,96.1822,0.000000,0.000000,0.000000,above_band_high
2026-07-20T13:00:00Z,96.1624,0.000000,0.000000,0.000000,above_band_high
2026-07-20T13:01:00Z,96.1776,0.000000,0.000000,0.000000,above_band_high
2026-07-20T13:02:00Z,96.1547,0.000000,0.000000,0.000000,above_band_high
2026-07-20T13:03:00Z,96.1364,0.000000,0.000000,0.000000,above_band_high
2026-07-20T13:04:00Z,96.1395,0.000000,0.000000,0.000000,above_band_high
2026-07-20T13:05:00Z,96.1456,0.000000,0.000000,0.000000,above_band_high
2026-07-20T13:06:00Z,96.1318,0.000000,0.000000,0.000000,above_band_high
2026-07-20T13:07:00Z,96.1776,0.000000,0.000000,0.000000,above_band_high
2026-07-20T13:08:00Z,96.1624,0.000000,0.000000,0.000000,above_band_high
2026-07-20T13:09:00Z,96.1501,0.000000,0.000000,0.000000,above_band_high
2026-07-20T13:10:00Z,96.1318,0.000000,0.000000,0.000000,above_band_high
2026-07-20T13:11:00Z,96.1685,0.000000,0.000000,0.000000,above_band_high
2026-07-20T13:12:00Z,96.1624,0.000000,0.000000,0.000000,above_band_high
2026-07-20T13:13:00Z,96.1089,0.000000,0.000000,0.000000,above_band_high
2026-07-20T13:14:00Z,96.1395,0.000000,0.000000,0.000000,above_band_high
2026-07-20T13:15:00Z,96.1395,0.000000,0.000000,0.000000,above_band_high
2026-07-20T13:16:00Z,96.1166,0.000000,0.000000,0.000000,above_band_high
2026-07-20T13:17:00Z,96.1135,0.000000,0.000000,0.000000,above_band_high
2026-07-20T13:18:00Z,96.1135,0.000000,0.000000,0.000000,above_band_high
2026-07-20T13:19:00Z,96.1044,0.000000,0.000000,0.000000,above_band_high
2026-07-20T13:20:00Z,96.1257,0.000000,0.000000,0.000000,above_band_high
2026-07-20T13:21:00Z,96.1044,0.000000,0.000000,0.000000,above_band_high
2026-07-20T13:22:00Z,96.1074,0.000000,0.000000,0.000000,above_band_high
2026-07-20T13:23:00Z,96.0891,0.000000,0.000000,0.000000,above_band_high
2026-07-20T13:24:00Z,96.1120,0.000000,0.000000,0.000000,above_band_high
2026-07-20T13:25:00Z,96.0723,0.000000,0.000000,0.000000,above_band_high
2026-07-20T13:26:00Z,96.0800,0.000000,0.000000,0.000000,above_band_high
2026-07-20T13:27:00Z,96.0800,0.000000,0.000000,0.000000,above_band_high
2026-07-20T13:28:00Z,96.0433,0.000000,0.000000,0.000000,above_band_high
2026-07-20T13:29:00Z,96.0388,0.000000,0.000000,0.000000,above_band_high
2026-07-20T13:30:00Z,96.0800,0.000000,0.000000,0.000000,above_band_high
2026-07-20T13:31:00Z,96.0479,0.000000,0.000000,0.000000,above_band_high
2026-07-20T13:32:00Z,96.0586,0.000000,0.000000,0.000000,above_band_high
2026-07-20T13:33:00Z,96.0479,0.000000,0.000000,0.000000,above_band_high
2026-07-20T13:34:00Z,96.0708,0.000000,0.000000,0.000000,above_band_high
2026-07-20T13:35:00Z,96.0494,0.000000,0.000000,0.000000,above_band_high
2026-07-20T13:36:00Z,96.0723,0.000000,0.000000,0.000000,above_band_high
2026-07-20T13:37:00Z,96.0479,0.000000,0.000000,0.000000,above_band_high
2026-07-20T13:38:00Z,96.0128,0.000000,0.000000,0.000000,above_band_high
2026-07-20T13:39:00Z,96.0479,0.000000,0.000000,0.000000,above_band_high
2026-07-20T13:40:00Z,96.0021,0.000000,0.000000,0.000000,above_band_high
2026-07-20T13:41:00Z,96.0296,0.000000,0.000000,0.000000,above_band_high
2026-07-20T13:42:00Z,96.0204,0.000000,0.000000,0.000000,above_band_high
2026-07-20T13:43:00Z,96.0357,0.000000,0.000000,0.000000,above_band_high
2026-07-20T13:44:00Z,96.0494,0.000000,0.000000,0.000000,above_band_high
2026-07-20T13:45:00Z,96.0159,0.000000,0.000000,0.000000,above_band_high
2026-07-20T13:46:00Z,95.9792,0.000000,0.000000,0.000000,above_band_high
2026-07-20T13:47:00Z,96.0311,0.000000,0.000000,0.000000,above_band_high
2026-07-20T13:48:00Z,96.0204,0.000000,0.000000,0.000000,above_band_high
2026-07-20T13:49:00Z,96.0357,0.000000,0.000000,0.000000,above_band_high
2026-07-20T13:50:00Z,96.0037,0.000000,0.000000,0.000000,above_band_high
2026-07-20T13:51:00Z,96.0250,0.000000,0.000000,0.000000,above_band_high
2026-07-20T13:52:00Z,96.0128,0.000000,0.000000,0.000000,above_band_high
2026-07-20T13:53:00Z,95.9976,0.000000,0.000000,0.000000,above_band_high
2026-07-20T13:54:00Z,95.9609,0.000000,0.000000,0.000000,above_band_high
2026-07-20T13:55:00Z,95.9792,0.000000,0.000000,0.000000,above_band_high
2026-07-20T13:56:00Z,96.0433,0.000000,0.000000,0.000000,above_band_high
2026-07-20T13:57:00Z,96.0037,0.000000,0.000000,0.000000,above_band_high
2026-07-20T13:58:00Z,96.0082,0.000000,0.000000,0.000000,above_band_high
2026-07-20T13:59:00Z,95.9854,0.000000,0.000000,0.000000,above_band_high
2026-07-20T14:00:00Z,95.9625,0.000000,0.000000,0.000000,above_band_high
2026-07-20T14:01:00Z,95.9670,0.000000,0.000000,0.000000,above_band_high
2026-07-20T14:02:00Z,95.9808,0.000000,0.000000,0.000000,above_band_high
2026-07-20T14:03:00Z,95.9472,0.000000,0.000000,0.000000,above_band_high
2026-07-20T14:04:00Z,95.9716,0.000000,0.000000,0.000000,above_band_high
2026-07-20T14:05:00Z,95.9716,0.000000,0.000000,0.000000,above_band_high
2026-07-20T14:06:00Z,95.9564,0.000000,0.000000,0.000000,above_band_high
2026-07-20T14:07:00Z,95.9396,0.000000,0.000000,0.000000,above_band_high
2026-07-20T14:08:00Z,95.9289,0.000000,0.000000,0.000000,above_band_high
2026-07-20T14:09:00Z,95.9289,0.000000,0.000000,0.000000,above_band_high
2026-07-20T14:10:00Z,95.9518,0.000000,0.000000,0.000000,above_band_high
2026-07-20T14:11:00Z,95.9030,0.000000,0.000000,0.000000,above_band_high
2026-07-20T14:12:00Z,95.9060,0.000000,0.000000,0.000000,above_band_high
2026-07-20T14:13:00Z,95.8709,0.000000,0.000000,0.000000,above_band_high
2026-07-20T14:14:00Z,95.9030,0.000000,0.000000,0.000000,above_band_high
2026-07-20T14:15:00Z,95.8984,0.000000,0.000000,0.000000,above_band_high
2026-07-20T14:16:00Z,95.8755,0.000000,0.000000,0.000000,above_band_high
2026-07-20T14:17:00Z,95.8648,0.000000,0.000000,0.000000,above_band_high
2026-07-20T14:18:00Z,95.8373,0.000000,0.000000,0.000000,above_band_high
2026-07-20T14:19:00Z,95.8831,0.000000,0.000000,0.000000,above_band_high
2026-07-20T14:20:00Z,95.8343,0.000000,0.000000,0.000000,above_band_high
2026-07-20T14:21:00Z,95.8526,0.000000,0.000000,0.000000,above_band_high
2026-07-20T14:22:00Z,95.8419,0.000000,0.000000,0.000000,above_band_high
2026-07-20T14:23:00Z,95.8465,0.000000,0.000000,0.000000,above_band_high
2026-07-20T14:24:00Z,95.8709,0.000000,0.000000,0.000000,above_band_high
2026-07-20T14:25:00Z,95.8923,0.000000,0.000000,0.000000,above_band_high
2026-07-20T14:26:00Z,95.8648,0.000000,0.000000,0.000000,above_band_high
2026-07-20T14:27:00Z,95.8251,0.000000,0.000000,0.000000,above_band_high
2026-07-20T14:28:00Z,95.8755,0.000000,0.000000,0.000000,above_band_high
2026-07-20T14:29:00Z,95.8251,0.000000,0.000000,0.000000,above_band_high
2026-07-20T14:30:00Z,95.8251,0.000000,0.000000,0.000000,above_band_high
2026-07-20T14:31:00Z,95.8465,0.000000,0.000000,0.000000,above_band_high
2026-07-20T14:32:00Z,95.8297,0.000000,0.000000,0.000000,above_band_high
2026-07-20T14:33:00Z,95.8282,0.000000,0.000000,0.000000,above_band_high
2026-07-20T14:34:00Z,95.8602,0.000000,0.000000,0.000000,above_band_high
2026-07-20T14:35:00Z,95.8343,0.000000,0.000000,0.000000,above_band_high
2026-07-20T14:36:00Z,95.8190,0.000000,0.000000,0.000000,above_band_high
2026-07-20T14:37:00Z,95.8206,0.000000,0.000000,0.000000,above_band_high
2026-07-20T14:38:00Z,95.8251,0.000000,0.000000,0.000000,above_band_high
2026-07-20T14:39:00Z,95.8618,0.000000,0.000000,0.000000,above_band_high
2026-07-20T14:40:00Z,95.8373,0.000000,0.000000,0.000000,above_band_high
2026-07-20T14:41:00Z,95.8343,0.000000,0.000000,0.000000,above_band_high
2026-07-20T14:42:00Z,95.8206,0.000000,0.000000,0.000000,above_band_high
2026-07-20T14:43:00Z,95.8145,0.000000,0.000000,0.000000,above_band_high
2026-07-20T14:44:00Z,95.8297,0.000000,0.000000,0.000000,above_band_high
2026-07-20T14:45:00Z,95.8343,0.000000,0.000000,0.000000,above_band_high
2026-07-20T14:46:00Z,95.8465,0.000000,0.000000,0.000000,above_band_high
2026-07-20T14:47:00Z,95.8373,0.000000,0.000000,0.000000,above_band_high
2026-07-20T14:48:00Z,95.8297,0.000000,0.000000,0.000000,above_band_high
2026-07-20T14:49:00Z,95.8526,0.000000,0.000000,0.000000,above_band_high
2026-07-20T14:50:00Z,95.8663,0.000000,0.000000,0.000000,above_band_high
2026-07-20T14:51:00Z,95.8984,0.000000,0.000000,0.000000,above_band_high
2026-07-20T14:52:00Z,95.8419,0.000000,0.000000,0.000000,above_band_high
2026-07-20T14:53:00Z,95.8785,0.000000,0.000000,0.000000,above_band_high
2026-07-20T14:54:00Z,95.8602,0.000000,0.000000,0.000000,above_band_high
2026-07-20T14:55:00Z,95.8923,0.000000,0.000000,0.000000,above_band_high
2026-07-20T14:56:00Z,95.8831,0.000000,0.000000,0.000000,above_band_high
2026-07-20T14:57:00Z,95.8663,0.000000,0.000000,0.000000,above_band_high
2026-07-20T14:58:00Z,95.8206,0.000000,0.000000,0.000000,above_band_high
2026-07-20T14:59:00Z,95.8328,0.000000,0.000000,0.000000,above_band_high
2026-07-20T15:00:00Z,95.8511,0.000000,0.000000,0.000000,above_band_high
2026-07-20T15:01:00Z,95.8602,0.000000,0.000000,0.000000,above_band_high
2026-07-20T15:02:00Z,95.8556,0.000000,0.000000,0.000000,above_band_high
2026-07-20T15:03:00Z,95.8938,0.000000,0.000000,0.000000,above_band_high
2026-07-20T15:04:00Z,95.8511,0.000000,0.000000,0.000000,above_band_high
2026-07-20T15:05:00Z,95.8785,0.000000,0.000000,0.000000,above_band_high
2026-07-20T15:06:00Z,95.8434,0.000000,0.000000,0.000000,above_band_high
2026-07-20T15:07:00Z,95.8556,0.000000,0.000000,0.000000,above_band_high
2026-07-20T15:08:00Z,95.8785,0.000000,0.000000,0.000000,above_band_high
2026-07-20T15:09:00Z,95.8618,0.000000,0.000000,0.000000,above_band_high
2026-07-20T15:10:00Z,95.8419,0.000000,0.000000,0.000000,above_band_high
2026-07-20T15:11:00Z,95.8282,0.000000,0.000000,0.000000,above_band_high
2026-07-20T15:12:00Z,95.8206,0.000000,0.000000,0.000000,above_band_high
2026-07-20T15:13:00Z,95.8511,0.000000,0.000000,0.000000,above_band_high
2026-07-20T15:14:00Z,95.8206,0.000000,0.000000,0.000000,above_band_high
2026-07-20T15:15:00Z,95.8068,0.000000,0.000000,0.000000,above_band_high
2026-07-20T15:16:00Z,95.8434,0.000000,0.000000,0.000000,above_band_high
2026-07-20T15:17:00Z,95.8068,0.000000,0.000000,0.000000,above_band_high
2026-07-20T15:18:00Z,95.7824,0.000000,0.000000,0.000000,above_band_high
2026-07-20T15:19:00Z,95.8251,0.000000,0.000000,0.000000,above_band_high
2026-07-20T15:20:00Z,95.8099,0.000000,0.000000,0.000000,above_band_high
2026-07-20T15:21:00Z,95.8099,0.000000,0.000000,0.000000,above_band_high
2026-07-20T15:22:00Z,95.7961,0.000000,0.000000,0.000000,above_band_high
2026-07-20T15:23:00Z,95.8251,0.000000,0.000000,0.000000,above_band_high
2026-07-20T15:24:00Z,95.8022,0.000000,0.000000,0.000000,above_band_high
2026-07-20T15:25:00Z,95.8160,0.000000,0.000000,0.000000,above_band_high
2026-07-20T15:26:00Z,95.7961,0.000000,0.000000,0.000000,above_band_high
2026-07-20T15:27:00Z,95.8755,0.000000,0.000000,0.000000,above_band_high
2026-07-20T15:28:00Z,95.7977,0.000000,0.000000,0.000000,above_band_high
2026-07-20T15:29:00Z,95.8068,0.000000,0.000000,0.000000,above_band_high
2026-07-20T15:30:00Z,95.8328,0.000000,0.000000,0.000000,above_band_high
2026-07-20T15:31:00Z,95.8373,0.000000,0.000000,0.000000,above_band_high
2026-07-20T15:32:00Z,95.8328,0.000000,0.000000,0.000000,above_band_high
2026-07-20T15:33:00Z,95.8602,0.000000,0.000000,0.000000,above_band_high
2026-07-20T15:34:00Z,95.8145,0.000000,0.000000,0.000000,above_band_high
2026-07-20T15:35:00Z,95.8419,0.000000,0.000000,0.000000,above_band_high
2026-07-20T15:36:00Z,95.8328,0.000000,0.000000,0.000000,above_band_high
2026-07-20T15:37:00Z,95.8419,0.000000,0.000000,0.000000,above_band_high
2026-07-20T15:38:00Z,95.8236,0.000000,0.000000,0.000000,above_band_high
2026-07-20T15:39:00Z,95.8328,0.000000,0.000000,0.000000,above_band_high
2026-07-20T15:40:00Z,95.8511,0.000000,0.000000,0.000000,above_band_high
2026-07-20T15:41:00Z,95.8389,0.000000,0.000000,0.000000,above_band_high
2026-07-20T15:42:00Z,95.8434,0.000000,0.000000,0.000000,above_band_high
2026-07-20T15:43:00Z,95.8709,0.000000,0.000000,0.000000,above_band_high
2026-07-20T15:44:00Z,95.8206,0.000000,0.000000,0.000000,above_band_high
2026-07-20T15:45:00Z,95.8206,0.000000,0.000000,0.000000,above_band_high
2026-07-20T15:46:00Z,95.8618,0.000000,0.000000,0.000000,above_band_high
2026-07-20T15:47:00Z,95.8068,0.000000,0.000000,0.000000,above_band_high
2026-07-20T15:48:00Z,95.8389,0.000000,0.000000,0.000000,above_band_high
2026-07-20T15:49:00Z,95.8328,0.000000,0.000000,0.000000,above_band_high
2026-07-20T15:50:00Z,95.8434,0.000000,0.000000,0.000000,above_band_high
2026-07-20T15:51:00Z,95.8160,0.000000,0.000000,0.000000,above_band_high
2026-07-20T15:52:00Z,95.8328,0.000000,0.000000,0.000000,above_band_high
2026-07-20T15:53:00Z,95.8282,0.000000,0.000000,0.000000,above_band_high
2026-07-20T15:54:00Z,95.8282,0.000000,0.000000,0.000000,above_band_high
2026-07-20T15:55:00Z,95.8236,0.000000,0.000000,0.000000,above_band_high
2026-07-20T15:56:00Z,95.8160,0.000000,0.000000,0.000000,above_band_high
2026-07-20T15:57:00Z,95.8480,0.000000,0.000000,0.000000,above_band_high
2026-07-20T15:58:00Z,95.8434,0.000000,0.000000,0.000000,above_band_high
2026-07-20T15:59:00Z,95.8434,0.000000,0.000000,0.000000,above_band_high
2026-07-20T16:00:00Z,95.8602,0.000000,0.000000,0.000000,above_band_high
2026-07-20T16:01:00Z,95.8434,0.000000,0.000000,0.000000,above_band_high
2026-07-20T16:02:00Z,95.8343,0.000000,0.000000,0.000000,above_band_high
2026-07-20T16:03:00Z,95.8068,0.000000,0.000000,0.000000,above_band_high
2026-07-20T16:04:00Z,95.8373,0.000000,0.000000,0.000000,above_band_high
2026-07-20T16:05:00Z,95.8328,0.000000,0.000000,0.000000,above_band_high
2026-07-20T16:06:00Z,95.8389,0.000000,0.000000,0.000000,above_band_high
2026-07-20T16:07:00Z,95.8572,0.000000,0.000000,0.000000,above_band_high
2026-07-20T16:08:00Z,95.8740,0.000000,0.000000,0.000000,above_band_high
2026-07-20T16:09:00Z,95.8434,0.000000,0.000000,0.000000,above_band_high
2026-07-20T16:10:00Z,95.8602,0.000000,0.000000,0.000000,above_band_high
2026-07-20T16:11:00Z,95.8145,0.000000,0.000000,0.000000,above_band_high
2026-07-20T16:12:00Z,95.8160,0.000000,0.000000,0.000000,above_band_high
2026-07-20T16:13:00Z,95.8206,0.000000,0.000000,0.000000,above_band_high
2026-07-20T16:14:00Z,95.8328,0.000000,0.000000,0.000000,above_band_high
2026-07-20T16:15:00Z,95.8328,0.000000,0.000000,0.000000,above_band_high
2026-07-20T16:16:00Z,95.8160,0.000000,0.000000,0.000000,above_band_high
2026-07-20T16:17:00Z,95.8068,0.000000,0.000000,0.000000,above_band_high
2026-07-20T16:18:00Z,95.8373,0.000000,0.000000,0.000000,above_band_high
2026-07-20T16:19:00Z,95.8328,0.000000,0.000000,0.000000,above_band_high
2026-07-20T16:20:00Z,95.8343,0.000000,0.000000,0.000000,above_band_high
2026-07-20T16:21:00Z,95.8328,0.000000,0.000000,0.000000,above_band_high
2026-07-20T16:22:00Z,95.8373,0.000000,0.000000,0.000000,above_band_high
2026-07-20T16:23:00Z,95.8511,0.000000,0.000000,0.000000,above_band_high
2026-07-20T16:24:00Z,95.8389,0.000000,0.000000,0.000000,above_band_high
2026-07-20T16:25:00Z,95.8236,0.000000,0.000000,0.000000,above_band_high
2026-07-20T16:26:00Z,95.8556,0.000000,0.000000,0.000000,above_band_high
2026-07-20T16:27:00Z,95.8145,0.000000,0.000000,0.000000,above_band_high
2026-07-20T16:28:00Z,95.8236,0.000000,0.000000,0.000000,above_band_high
2026-07-20T16:29:00Z,95.8419,0.000000,0.000000,0.000000,above_band_high
2026-07-20T16:30:00Z,95.8419,0.000000,0.000000,0.000000,above_band_high
2026-07-20T16:31:00Z,95.8328,0.000000,0.000000,0.000000,above_band_high
2026-07-20T16:32:00Z,95.7870,0.000000,0.000000,0.000000,above_band_high
2026-07-20T16:33:00Z,95.7916,0.000000,0.000000,0.000000,above_band_high
2026-07-20T16:34:00Z,95.8099,0.000000,0.000000,0.000000,above_band_high
2026-07-20T16:35:00Z,95.8099,0.000000,0.000000,0.000000,above_band_high
2026-07-20T16:36:00Z,95.8160,0.000000,0.000000,0.000000,above_band_high
2026-07-20T16:37:00Z,95.8236,0.000000,0.000000,0.000000,above_band_high
2026-07-20T16:38:00Z,95.8206,0.000000,0.000000,0.000000,above_band_high
2026-07-20T16:39:00Z,95.8328,0.000000,0.000000,0.000000,above_band_high
2026-07-20T16:40:00Z,95.8480,0.000000,0.000000,0.000000,above_band_high
2026-07-20T16:41:00Z,95.8480,0.000000,0.000000,0.000000,above_band_high
2026-07-20T16:42:00Z,95.8373,0.000000,0.000000,0.000000,above_band_high
2026-07-20T16:43:00Z,95.8251,0.000000,0.000000,0.000000,above_band_high
2026-07-20T16:44:00Z,95.8373,0.000000,0.000000,0.000000,above_band_high
2026-07-20T16:45:00Z,95.8602,0.000000,0.000000,0.000000,above_band_high
2026-07-20T16:46:00Z,95.7870,0.000000,0.000000,0.000000,above_band_high
2026-07-20T16:47:00Z,95.8022,0.000000,0.000000,0.000000,above_band_high
2026-07-20T16:48:00Z,95.8282,0.000000,0.000000,0.000000,above_band_high
2026-07-20T16:49:00Z,95.8282,0.000000,0.000000,0.000000,above_band_high
2026-07-20T16:50:00Z,95.7870,0.000000,0.000000,0.000000,above_band_high
2026-07-20T16:51:00Z,95.8236,0.000000,0.000000,0.000000,above_band_high
2026-07-20T16:52:00Z,95.8022,0.000000,0.000000,0.000000,above_band_high
2026-07-20T16:53:00Z,95.8282,0.000000,0.000000,0.000000,above_band_high
2026-07-20T16:54:00Z,95.8618,0.000000,0.000000,0.000000,above_band_high
2026-07-20T16:55:00Z,95.8206,0.000000,0.000000,0.000000,above_band_high
2026-07-20T16:56:00Z,95.8343,0.000000,0.000000,0.000000,above_band_high
2026-07-20T16:57:00Z,95.8556,0.000000,0.000000,0.000000,above_band_high
2026-07-20T16:58:00Z,95.8511,0.000000,0.000000,0.000000,above_band_high
2026-07-20T16:59:00Z,95.8328,0.000000,0.000000,0.000000,above_band_high
2026-07-20T17:00:00Z,95.9030,0.000000,0.000000,0.000000,above_band_high
2026-07-20T17:01:00Z,95.8343,0.000000,0.000000,0.000000,above_band_high
2026-07-20T17:02:00Z,95.8328,0.000000,0.000000,0.000000,above_band_high
2026-07-20T17:03:00Z,95.8526,0.000000,0.000000,0.000000,above_band_high
2026-07-20T17:04:00Z,95.8480,0.000000,0.000000,0.000000,above_band_high
2026-07-20T17:05:00Z,95.8145,0.000000,0.000000,0.000000,above_band_high
2026-07-20T17:06:00Z,95.8480,0.000000,0.000000,0.000000,above_band_high
2026-07-20T17:07:00Z,95.8282,0.000000,0.000000,0.000000,above_band_high
2026-07-20T17:08:00Z,95.8556,0.000000,0.000000,0.000000,above_band_high
2026-07-20T17:09:00Z,95.8480,0.000000,0.000000,0.000000,above_band_high
2026-07-20T17:10:00Z,95.8526,0.000000,0.000000,0.000000,above_band_high
2026-07-20T17:11:00Z,95.8526,0.000000,0.000000,0.000000,above_band_high
2026-07-20T17:12:00Z,95.8328,0.000000,0.000000,0.000000,above_band_high
2026-07-20T17:13:00Z,95.8556,0.000000,0.000000,0.000000,above_band_high
2026-07-20T17:14:00Z,95.8480,0.000000,0.000000,0.000000,above_band_high
2026-07-20T17:15:00Z,95.8526,0.000000,0.000000,0.000000,above_band_high
2026-07-20T17:16:00Z,95.8602,0.000000,0.000000,0.000000,above_band_high
2026-07-20T17:17:00Z,95.8526,0.000000,0.000000,0.000000,above_band_high
2026-07-20T17:18:00Z,95.8282,0.000000,0.000000,0.000000,above_band_high
2026-07-20T17:19:00Z,95.8480,0.000000,0.000000,0.000000,above_band_high
2026-07-20T17:20:00Z,95.8206,0.000000,0.000000,0.000000,above_band_high
2026-07-20T17:21:00Z,95.8160,0.000000,0.000000,0.000000,above_band_high
2026-07-20T17:22:00Z,95.8206,0.000000,0.000000,0.000000,above_band_high
2026-07-20T17:23:00Z,95.8389,0.000000,0.000000,0.000000,above_band_high
2026-07-20T17:24:00Z,95.8206,0.000000,0.000000,0.000000,above_band_high
2026-07-20T17:25:00Z,95.8343,0.000000,0.000000,0.000000,above_band_high
2026-07-20T17:26:00Z,95.8709,0.000000,0.000000,0.000000,above_band_high
2026-07-20T17:27:00Z,95.8480,0.000000,0.000000,0.000000,above_band_high
2026-07-20T17:28:00Z,95.8328,0.000000,0.000000,0.000000,above_band_high
2026-07-20T17:29:00Z,95.8389,0.000000,0.000000,0.000000,above_band_high
2026-07-20T17:30:00Z,95.8434,0.000000,0.000000,0.000000,above_band_high
2026-07-20T17:31:00Z,95.8740,0.000000,0.000000,0.000000,above_band_high
2026-07-20T17:32:00Z,95.8602,0.000000,0.000000,0.000000,above_band_high
2026-07-20T17:33:00Z,95.8618,0.000000,0.000000,0.000000,above_band_high
2026-07-20T17:34:00Z,95.8465,0.000000,0.000000,0.000000,above_band_high
2026-07-20T17:35:00Z,95.8343,0.000000,0.000000,0.000000,above_band_high
2026-07-20T17:36:00Z,95.8663,0.000000,0.000000,0.000000,above_band_high
2026-07-20T17:37:00Z,95.8465,0.000000,0.000000,0.000000,above_band_high
2026-07-20T17:38:00Z,95.8328,0.000000,0.000000,0.000000,above_band_high
2026-07-20T17:39:00Z,95.8343,0.000000,0.000000,0.000000,above_band_high
2026-07-20T17:40:00Z,95.8740,0.000000,0.000000,0.000000,above_band_high
2026-07-20T17:41:00Z,95.8556,0.000000,0.000000,0.000000,above_band_high
2026-07-20T17:42:00Z,95.8663,0.000000,0.000000,0.000000,above_band_high
2026-07-20T17:43:00Z,95.8526,0.000000,0.000000,0.000000,above_band_high
2026-07-20T17:44:00Z,95.8099,0.000000,0.000000,0.000000,above_band_high
2026-07-20T17:45:00Z,95.8480,0.000000,0.000000,0.000000,above_band_high
2026-07-20T17:46:00Z,95.8480,0.000000,0.000000,0.000000,above_band_high
2026-07-20T17:47:00Z,95.8282,0.000000,0.000000,0.000000,above_band_high
2026-07-20T17:48:00Z,95.8663,0.000000,0.000000,0.000000,above_band_high
2026-07-20T17:49:00Z,95.8343,0.000000,0.000000,0.000000,above_band_high
2026-07-20T17:50:00Z,95.8419,0.000000,0.000000,0.000000,above_band_high
2026-07-20T17:51:00Z,95.8419,0.000000,0.000000,0.000000,above_band_high
2026-07-20T17:52:00Z,95.8556,0.000000,0.000000,0.000000,above_band_high
2026-07-20T17:53:00Z,95.7977,0.000000,0.000000,0.000000,above_band_high
2026-07-20T17:54:00Z,95.8343,0.000000,0.000000,0.000000,above_band_high
2026-07-20T17:55:00Z,95.8556,0.000000,0.000000,0.000000,above_band_high
2026-07-20T17:56:00Z,95.8434,0.000000,0.000000,0.000000,above_band_high
2026-07-20T17:57:00Z,95.8968,0.000000,0.000000,0.000000,above_band_high
2026-07-20T17:58:00Z,95.8282,0.000000,0.000000,0.000000,above_band_high
2026-07-20T17:59:00Z,95.8785,0.000000,0.000000,0.000000,above_band_high
2026-07-20T18:00:00Z,95.8785,0.000000,0.000000,0.000000,above_band_high
2026-07-20T18:01:00Z,95.8602,0.000000,0.000000,0.000000,above_band_high
2026-07-20T18:02:00Z,95.8694,0.000000,0.000000,0.000000,above_band_high
2026-07-20T18:03:00Z,95.8511,0.000000,0.000000,0.000000,above_band_high
2026-07-20T18:04:00Z,95.9167,0.000000,0.000000,0.000000,above_band_high
2026-07-20T18:05:00Z,95.8846,0.000000,0.000000,0.000000,above_band_high
2026-07-20T18:06:00Z,95.8938,0.000000,0.000000,0.000000,above_band_high
2026-07-20T18:07:00Z,95.8846,0.000000,0.000000,0.000000,above_band_high
2026-07-20T18:08:00Z,95.8648,0.000000,0.000000,0.000000,above_band_high
2026-07-20T18:09:00Z,95.8740,0.000000,0.000000,0.000000,above_band_high
2026-07-20T18:10:00Z,95.8801,0.000000,0.000000,0.000000,above_band_high
2026-07-20T18:11:00Z,95.9014,0.000000,0.000000,0.000000,above_band_high
2026-07-20T18:12:00Z,95.8740,0.000000,0.000000,0.000000,above_band_high
2026-07-20T18:13:00Z,95.8892,0.000000,0.000000,0.000000,above_band_high
2026-07-20T18:14:00Z,95.8328,0.000000,0.000000,0.000000,above_band_high
2026-07-20T18:15:00Z,95.8343,0.000000,0.000000,0.000000,above_band_high
2026-07-20T18:16:00Z,95.8801,0.000000,0.000000,0.000000,above_band_high
2026-07-20T18:17:00Z,95.8785,0.000000,0.000000,0.000000,above_band_high
2026-07-20T18:18:00Z,95.8343,0.000000,0.000000,0.000000,above_band_high
2026-07-20T18:19:00Z,95.8740,0.000000,0.000000,0.000000,above_band_high
2026-07-20T18:20:00Z,95.8251,0.000000,0.000000,0.000000,above_band_high
2026-07-20T18:21:00Z,95.8465,0.000000,0.000000,0.000000,above_band_high
2026-07-20T18:22:00Z,95.8465,0.000000,0.000000,0.000000,above_band_high
2026-07-20T18:23:00Z,95.8434,0.000000,0.000000,0.000000,above_band_high
2026-07-20T18:24:00Z,95.8740,0.000000,0.000000,0.000000,above_band_high
2026-07-20T18:25:00Z,95.8465,0.000000,0.000000,0.000000,above_band_high
2026-07-20T18:26:00Z,95.8465,0.000000,0.000000,0.000000,above_band_high
2026-07-20T18:27:00Z,95.8892,0.000000,0.000000,0.000000,above_band_high
2026-07-20T18:28:00Z,95.8694,0.000000,0.000000,0.000000,above_band_high
2026-07-20T18:29:00Z,95.8663,0.000000,0.000000,0.000000,above_band_high
2026-07-20T18:30:00Z,95.8785,0.000000,0.000000,0.000000,above_band_high
2026-07-20T18:31:00Z,95.9243,0.000000,0.000000,0.000000,above_band_high
2026-07-20T18:32:00Z,95.8785,0.000000,0.000000,0.000000,above_band_high
2026-07-20T18:33:00Z,95.8602,0.000000,0.000000,0.000000,above_band_high
2026-07-20T18:34:00Z,95.8877,0.000000,0.000000,0.000000,above_band_high
2026-07-20T18:35:00Z,95.8785,0.000000,0.000000,0.000000,above_band_high
2026-07-20T18:36:00Z,95.9121,0.000000,0.000000,0.000000,above_band_high
2026-07-20T18:37:00Z,95.8801,0.000000,0.000000,0.000000,above_band_high
2026-07-20T18:38:00Z,95.8938,0.000000,0.000000,0.000000,above_band_high
2026-07-20T18:39:00Z,95.8892,0.000000,0.000000,0.000000,above_band_high
2026-07-20T18:40:00Z,95.8938,0.000000,0.000000,0.000000,above_band_high
2026-07-20T18:41:00Z,95.8892,0.000000,0.000000,0.000000,above_band_high
2026-07-20T18:42:00Z,95.9075,0.000000,0.000000,0.000000,above_band_high
2026-07-20T18:43:00Z,95.9075,0.000000,0.000000,0.000000,above_band_high
2026-07-20T18:44:00Z,95.8984,0.000000,0.000000,0.000000,above_band_high
2026-07-20T18:45:00Z,95.9426,0.000000,0.000000,0.000000,above_band_high
2026-07-20T18:46:00Z,95.9167,0.000000,0.000000,0.000000,above_band_high
2026-07-20T18:47:00Z,95.9197,0.000000,0.000000,0.000000,above_band_high
2026-07-20T18:48:00Z,95.9121,0.000000,0.000000,0.000000,above_band_high
2026-07-20T18:49:00Z,95.9167,0.000000,0.000000,0.000000,above_band_high
2026-07-20T18:50:00Z,95.9472,0.000000,0.000000,0.000000,above_band_high
2026-07-20T18:51:00Z,95.9350,0.000000,0.000000,0.000000,above_band_high
2026-07-20T18:52:00Z,95.9625,0.000000,0.000000,0.000000,above_band_high
2026-07-20T18:53:00Z,95.9442,0.000000,0.000000,0.000000,above_band_high
2026-07-20T18:54:00Z,95.9350,0.000000,0.000000,0.000000,above_band_high
2026-07-20T18:55:00Z,95.9442,0.000000,0.000000,0.000000,above_band_high
2026-07-20T18:56:00Z,95.9380,0.000000,0.000000,0.000000,above_band_high
2026-07-20T18:57:00Z,95.9426,0.000000,0.000000,0.000000,above_band_high
2026-07-20T18:58:00Z,95.9655,0.000000,0.000000,0.000000,above_band_high
2026-07-20T18:59:00Z,95.9564,0.000000,0.000000,0.000000,above_band_high
2026-07-20T19:00:00Z,95.9533,0.000000,0.000000,0.000000,above_band_high
2026-07-20T19:01:00Z,95.9609,0.000000,0.000000,0.000000,above_band_high
2026-07-20T19:02:00Z,96.0128,0.000000,0.000000,0.000000,above_band_high
2026-07-20T19:03:00Z,95.9564,0.000000,0.000000,0.000000,above_band_high
2026-07-20T19:04:00Z,95.9426,0.000000,0.000000,0.000000,above_band_high
2026-07-20T19:05:00Z,95.9884,0.000000,0.000000,0.000000,above_band_high
2026-07-20T19:06:00Z,95.9991,0.000000,0.000000,0.000000,above_band_high
2026-07-20T19:07:00Z,95.9609,0.000000,0.000000,0.000000,above_band_high
2026-07-20T19:08:00Z,95.9197,0.000000,0.000000,0.000000,above_band_high
2026-07-20T19:09:00Z,95.9991,0.000000,0.000000,0.000000,above_band_high
2026-07-20T19:10:00Z,95.9533,0.000000,0.000000,0.000000,above_band_high
2026-07-20T19:11:00Z,95.9701,0.000000,0.000000,0.000000,above_band_high
2026-07-20T19:12:00Z,95.9487,0.000000,0.000000,0.000000,above_band_high
2026-07-20T19:13:00Z,95.9609,0.000000,0.000000,0.000000,above_band_high
2026-07-20T19:14:00Z,95.9579,0.000000,0.000000,0.000000,above_band_high
2026-07-20T19:15:00Z,95.9533,0.000000,0.000000,0.000000,above_band_high
2026-07-20T19:16:00Z,95.9991,0.000000,0.000000,0.000000,above_band_high
2026-07-20T19:17:00Z,95.9487,0.000000,0.000000,0.000000,above_band_high
2026-07-20T19:18:00Z,95.9487,0.000000,0.000000,0.000000,above_band_high
2026-07-20T19:19:00Z,95.9258,0.000000,0.000000,0.000000,above_band_high
2026-07-20T19:20:00Z,95.9487,0.000000,0.000000,0.000000,above_band_high
2026-07-20T19:21:00Z,95.9792,0.000000,0.000000,0.000000,above_band_high
2026-07-20T19:22:00Z,95.9579,0.000000,0.000000,0.000000,above_band_high
2026-07-20T19:23:00Z,95.8984,0.000000,0.000000,0.000000,above_band_high
2026-07-20T19:24:00Z,95.9426,0.000000,0.000000,0.000000,above_band_high
2026-07-20T19:25:00Z,95.9335,0.000000,0.000000,0.000000,above_band_high
2026-07-20T19:26:00Z,95.9106,0.000000,0.000000,0.000000,above_band_high
2026-07-20T19:27:00Z,95.9426,0.000000,0.000000,0.000000,above_band_high
2026-07-20T19:28:00Z,95.9487,0.000000,0.000000,0.000000,above_band_high
2026-07-20T19:29:00Z,95.9335,0.000000,0.000000,0.000000,above_band_high
2026-07-20T19:30:00Z,95.9426,0.000000,0.000000,0.000000,above_band_high
2026-07-20T19:31:00Z,95.9579,0.000000,0.000000,0.000000,above_band_high
2026-07-20T19:32:00Z,95.9655,0.000000,0.000000,0.000000,above_band_high
2026-07-20T19:33:00Z,95.9655,0.000000,0.000000,0.000000,above_band_high
2026-07-20T19:34:00Z,95.9442,0.000000,0.000000,0.000000,above_band_high
2026-07-20T19:35:00Z,95.9579,0.000000,0.000000,0.000000,above_band_high
2026-07-20T19:36:00Z,95.9304,0.000000,0.000000,0.000000,above_band_high
2026-07-20T19:37:00Z,95.9564,0.000000,0.000000,0.000000,above_band_high
2026-07-20T19:38:00Z,95.9487,0.000000,0.000000,0.000000,above_band_high
2026-07-20T19:39:00Z,95.9442,0.000000,0.000000,0.000000,above_band_high
2026-07-20T19:40:00Z,95.9533,0.000000,0.000000,0.000000,above_band_high
2026-07-20T19:41:00Z,95.9701,0.000000,0.000000,0.000000,above_band_high
2026-07-20T19:42:00Z,95.9258,0.000000,0.000000,0.000000,above_band_high
2026-07-20T19:43:00Z,95.9609,0.000000,0.000000,0.000000,above_band_high
2026-07-20T19:44:00Z,95.9609,0.000000,0.000000,0.000000,above_band_high
2026-07-20T19:45:00Z,95.9655,0.000000,0.000000,0.000000,above_band_high
2026-07-20T19:46:00Z,95.9655,0.000000,0.000000,0.000000,above_band_high
2026-07-20T19:47:00Z,95.9701,0.000000,0.000000,0.000000,above_band_high
2026-07-20T19:48:00Z,95.9533,0.000000,0.000000,0.000000,above_band_high
2026-07-20T19:49:00Z,95.9838,0.000000,0.000000,0.000000,above_band_high
2026-07-20T19:50:00Z,95.9579,0.000000,0.000000,0.000000,above_band_high
2026-07-20T19:51:00Z,95.9701,0.000000,0.000000,0.000000,above_band_high
2026-07-20T19:52:00Z,95.9243,0.000000,0.000000,0.000000,above_band_high
2026-07-20T19:53:00Z,95.9579,0.000000,0.000000,0.000000,above_band_high
2026-07-20T19:54:00Z,95.9243,0.000000,0.000000,0.000000,above_band_high
2026-07-20T19:55:00Z,95.9487,0.000000,0.000000,0.000000,above_band_high
2026-07-20T19:56:00Z,95.9030,0.000000,0.000000,0.000000,above_band_high
2026-07-20T19:57:00Z,95.9152,0.000000,0.000000,0.000000,above_band_high
2026-07-20T19:58:00Z,95.9304,0.000000,0.000000,0.000000,above_band_high
2026-07-20T19:59:00Z,95.9609,0.000000,0.000000,0.000000,above_band_high
2026-07-20T20:00:00Z,95.9243,0.000000,0.000000,0.000000,above_band_high
2026-07-20T20:01:00Z,95.9579,0.000000,0.000000,0.000000,above_band_high
2026-07-20T20:02:00Z,95.9579,0.000000,0.000000,0.000000,above_band_high
2026-07-20T20:03:00Z,95.9701,0.000000,0.000000,0.000000,above_band_high
2026-07-20T20:04:00Z,95.9655,0.000000,0.000000,0.000000,above_band_high
2026-07-20T20:05:00Z,95.9655,0.000000,0.000000,0.000000,above_band_high
2026-07-20T20:06:00Z,95.9655,0.000000,0.000000,0.000000,above_band_high
2026-07-20T20:07:00Z,95.9655,0.000000,0.000000,0.000000,above_band_high
2026-07-20T20:08:00Z,95.9655,0.000000,0.000000,0.000000,above_band_high
2026-07-20T20:09:00Z,95.9899,0.000000,0.000000,0.000000,above_band_high
2026-07-20T20:10:00Z,95.9899,0.000000,0.000000,0.000000,above_band_high
2026-07-20T20:11:00Z,95.9792,0.000000,0.000000,0.000000,above_band_high
2026-07-20T20:12:00Z,95.9945,0.000000,0.000000,0.000000,above_band_high
2026-07-20T20:13:00Z,95.9609,0.000000,0.000000,0.000000,above_band_high
2026-07-20T20:14:00Z,95.9426,0.000000,0.000000,0.000000,above_band_high
2026-07-20T20:15:00Z,95.9579,0.000000,0.000000,0.000000,above_band_high
2026-07-20T20:16:00Z,95.9335,0.000000,0.000000,0.000000,above_band_high
2026-07-20T20:17:00Z,95.9487,0.000000,0.000000,0.000000,above_band_high
2026-07-20T20:18:00Z,95.9396,0.000000,0.000000,0.000000,above_band_high
2026-07-20T20:19:00Z,95.9396,0.000000,0.000000,0.000000,above_band_high
2026-07-20T20:20:00Z,95.9442,0.000000,0.000000,0.000000,above_band_high
2026-07-20T20:21:00Z,95.9579,0.000000,0.000000,0.000000,above_band_high
2026-07-20T20:22:00Z,95.9335,0.000000,0.000000,0.000000,above_band_high
2026-07-20T20:23:00Z,95.9304,0.000000,0.000000,0.000000,above_band_high
2026-07-20T20:24:00Z,95.9396,0.000000,0.000000,0.000000,above_band_high
2026-07-20T20:25:00Z,95.9380,0.000000,0.000000,0.000000,above_band_high
2026-07-20T20:26:00Z,95.9258,0.000000,0.000000,0.000000,above_band_high
2026-07-20T20:27:00Z,95.9396,0.000000,0.000000,0.000000,above_band_high
2026-07-20T20:28:00Z,95.9762,0.000000,0.000000,0.000000,above_band_high
2026-07-20T20:29:00Z,95.9487,0.000000,0.000000,0.000000,above_band_high
2026-07-20T20:30:00Z,95.9655,0.000000,0.000000,0.000000,above_band_high
2026-07-20T20:31:00Z,95.9304,0.000000,0.000000,0.000000,above_band_high
2026-07-20T20:32:00Z,95.9472,0.000000,0.000000,0.000000,above_band_high
2026-07-20T20:33:00Z,95.9014,0.000000,0.000000,0.000000,above_band_high
2026-07-20T20:34:00Z,95.9380,0.000000,0.000000,0.000000,above_band_high
2026-07-20T20:35:00Z,95.9106,0.000000,0.000000,0.000000,above_band_high
2026-07-20T20:36:00Z,95.9380,0.000000,0.000000,0.000000,above_band_high
2026-07-20T20:37:00Z,95.9152,0.000000,0.000000,0.000000,above_band_high
2026-07-20T20:38:00Z,95.9289,0.000000,0.000000,0.000000,above_band_high
2026-07-20T20:39:00Z,95.9152,0.000000,0.000000,0.000000,above_band_high
2026-07-20T20:40:00Z,95.9197,0.000000,0.000000,0.000000,above_band_high
2026-07-20T20:41:00Z,95.8892,0.000000,0.000000,0.000000,above_band_high
2026-07-20T20:42:00Z,95.9030,0.000000,0.000000,0.000000,above_band_high
2026-07-20T20:43:00Z,95.9243,0.000000,0.000000,0.000000,above_band_high
2026-07-20T20:44:00Z,95.9106,0.000000,0.000000,0.000000,above_band_high
2026-07-20T20:45:00Z,95.9167,0.000000,0.000000,0.000000,above_band_high
2026-07-20T20:46:00Z,95.9487,0.000000,0.000000,0.000000,above_band_high
2026-07-20T20:47:00Z,95.9106,0.000000,0.000000,0.000000,above_band_high
2026-07-20T20:48:00Z,95.9197,0.000000,0.000000,0.000000,above_band_high
2026-07-20T20:49:00Z,95.9304,0.000000,0.000000,0.000000,above_band_high
2026-07-20T20:50:00Z,95.9426,0.000000,0.000000,0.000000,above_band_high
2026-07-20T20:51:00Z,95.9426,0.000000,0.000000,0.000000,above_band_high
2026-07-20T20:52:00Z,95.9625,0.000000,0.000000,0.000000,above_band_high
2026-07-20T20:53:00Z,95.9426,0.000000,0.000000,0.000000,above_band_high
2026-07-20T20:54:00Z,95.9426,0.000000,0.000000,0.000000,above_band_high
2026-07-20T20:55:00Z,95.9243,0.000000,0.000000,0.000000,above_band_high
2026-07-20T20:56:00Z,95.9472,0.000000,0.000000,0.000000,above_band_high
2026-07-20T20:57:00Z,95.9258,0.000000,0.000000,0.000000,above_band_high
2026-07-20T20:58:00Z,95.9701,0.000000,0.000000,0.000000,above_band_high
2026-07-20T20:59:00Z,95.9396,0.000000,0.000000,0.000000,above_band_high
2026-07-20T21:00:00Z,95.9701,0.000000,0.000000,0.000000,above_band_high
2026-07-20T21:01:00Z,95.9579,0.000000,0.000000,0.000000,above_band_high
2026-07-20T21:02:00Z,95.9655,0.000000,0.000000,0.000000,above_band_high
2026-07-20T21:03:00Z,95.9792,0.000000,0.000000,0.000000,above_band_high
2026-07-20T21:04:00Z,95.9838,0.000000,0.000000,0.000000,above_band_high
2026-07-20T21:05:00Z,95.9716,0.000000,0.000000,0.000000,above_band_high
2026-07-20T21:06:00Z,95.9655,0.000000,0.000000,0.000000,above_band_high
2026-07-20T21:07:00Z,95.9792,0.000000,0.000000,0.000000,above_band_high
2026-07-20T21:08:00Z,95.9472,0.000000,0.000000,0.000000,above_band_high
2026-07-20T21:09:00Z,95.9716,0.000000,0.000000,0.000000,above_band_high
2026-07-20T21:10:00Z,95.9625,0.000000,0.000000,0.000000,above_band_high
2026-07-20T21:11:00Z,95.9518,0.000000,0.000000,0.000000,above_band_high
2026-07-20T21:12:00Z,95.9762,0.000000,0.000000,0.000000,above_band_high
2026-07-20T21:13:00Z,95.9716,0.000000,0.000000,0.000000,above_band_high
2026-07-20T21:14:00Z,95.9716,0.000000,0.000000,0.000000,above_band_high
2026-07-20T21:15:00Z,95.9762,0.000000,0.000000,0.000000,above_band_high
2026-07-20T21:16:00Z,95.9426,0.000000,0.000000,0.000000,above_band_high
2026-07-20T21:17:00Z,95.9701,0.000000,0.000000,0.000000,above_band_high
2026-07-20T21:18:00Z,95.9792,0.000000,0.000000,0.000000,above_band_high
2026-07-20T21:19:00Z,95.9854,0.000000,0.000000,0.000000,above_band_high
2026-07-20T21:20:00Z,95.9701,0.000000,0.000000,0.000000,above_band_high
2026-07-20T21:21:00Z,95.9930,0.000000,0.000000,0.000000,above_band_high
2026-07-20T21:22:00Z,95.9243,0.000000,0.000000,0.000000,above_band_high
2026-07-20T21:23:00Z,95.9808,0.000000,0.000000,0.000000,above_band_high
2026-07-20T21:24:00Z,95.9701,0.000000,0.000000,0.000000,above_band_high
2026-07-20T21:25:00Z,96.0113,0.000000,0.000000,0.000000,above_band_high
2026-07-20T21:26:00Z,95.9579,0.000000,0.000000,0.000000,above_band_high
2026-07-20T21:27:00Z,95.9991,0.000000,0.000000,0.000000,above_band_high
2026-07-20T21:28:00Z,96.0067,0.000000,0.000000,0.000000,above_band_high
2026-07-20T21:29:00Z,95.9655,0.000000,0.000000,0.000000,above_band_high
2026-07-20T21:30:00Z,95.9884,0.000000,0.000000,0.000000,above_band_high
2026-07-20T21:31:00Z,95.9792,0.000000,0.000000,0.000000,above_band_high
2026-07-20T21:32:00Z,96.0159,0.000000,0.000000,0.000000,above_band_high
2026-07-20T21:33:00Z,95.9991,0.000000,0.000000,0.000000,above_band_high
2026-07-20T21:34:00Z,95.9884,0.000000,0.000000,0.000000,above_band_high
2026-07-20T21:35:00Z,96.0037,0.000000,0.000000,0.000000,above_band_high
2026-07-20T21:36:00Z,96.0250,0.000000,0.000000,0.000000,above_band_high
2026-07-20T21:37:00Z,95.9991,0.000000,0.000000,0.000000,above_band_high
2026-07-20T21:38:00Z,96.0067,0.000000,0.000000,0.000000,above_band_high
2026-07-20T21:39:00Z,96.0159,0.000000,0.000000,0.000000,above_band_high
2026-07-20T21:40:00Z,96.0342,0.000000,0.000000,0.000000,above_band_high
2026-07-20T21:41:00Z,95.9930,0.000000,0.000000,0.000000,above_band_high
2026-07-20T21:42:00Z,96.0433,0.000000,0.000000,0.000000,above_band_high
2026-07-20T21:43:00Z,96.0159,0.000000,0.000000,0.000000,above_band_high
2026-07-20T21:44:00Z,96.0449,0.000000,0.000000,0.000000,above_band_high
2026-07-20T21:45:00Z,96.0204,0.000000,0.000000,0.000000,above_band_high
2026-07-20T21:46:00Z,96.0159,0.000000,0.000000,0.000000,above_band_high
2026-07-20T21:47:00Z,96.0159,0.000000,0.000000,0.000000,above_band_high
2026-07-20T21:48:00Z,96.0342,0.000000,0.000000,0.000000,above_band_high
2026-07-20T21:49:00Z,96.0311,0.000000,0.000000,0.000000,above_band_high
2026-07-20T21:50:00Z,95.9808,0.000000,0.000000,0.000000,above_band_high
2026-07-20T21:51:00Z,96.0342,0.000000,0.000000,0.000000,above_band_high
2026-07-20T21:52:00Z,96.0037,0.000000,0.000000,0.000000,above_band_high
2026-07-20T21:53:00Z,96.0571,0.000000,0.000000,0.000000,above_band_high
2026-07-20T21:54:00Z,96.0769,0.000000,0.000000,0.000000,above_band_high
2026-07-20T21:55:00Z,96.0250,0.000000,0.000000,0.000000,above_band_high
2026-07-20T21:56:00Z,96.0113,0.000000,0.000000,0.000000,above_band_high
2026-07-20T21:57:00Z,96.0037,0.000000,0.000000,0.000000,above_band_high
2026-07-20T21:58:00Z,96.0204,0.000000,0.000000,0.000000,above_band_high
2026-07-20T21:59:00Z,96.0388,0.000000,0.000000,0.000000,above_band_high
2026-07-20T22:00:00Z,96.0388,0.000000,0.000000,0.000000,above_band_high
2026-07-20T22:01:00Z,96.0342,0.000000,0.000000,0.000000,above_band_high
2026-07-20T22:02:00Z,96.0586,0.000000,0.000000,0.000000,above_band_high
2026-07-20T22:03:00Z,96.0494,0.000000,0.000000,0.000000,above_band_high
2026-07-20T22:04:00Z,96.0525,0.000000,0.000000,0.000000,above_band_high
2026-07-20T22:05:00Z,96.0632,0.000000,0.000000,0.000000,above_band_high
2026-07-20T22:06:00Z,96.0632,0.000000,0.000000,0.000000,above_band_high
2026-07-20T22:07:00Z,96.0311,0.000000,0.000000,0.000000,above_band_high
2026-07-20T22:08:00Z,96.0388,0.000000,0.000000,0.000000,above_band_high
2026-07-20T22:09:00Z,96.0220,0.000000,0.000000,0.000000,above_band_high
2026-07-20T22:10:00Z,96.0678,0.000000,0.000000,0.000000,above_band_high
2026-07-20T22:11:00Z,96.0891,0.000000,0.000000,0.000000,above_band_high
2026-07-20T22:12:00Z,96.0433,0.000000,0.000000,0.000000,above_band_high
2026-07-20T22:13:00Z,96.0571,0.000000,0.000000,0.000000,above_band_high
2026-07-20T22:14:00Z,96.0678,0.000000,0.000000,0.000000,above_band_high
2026-07-20T22:15:00Z,96.0571,0.000000,0.000000,0.000000,above_band_high
2026-07-20T22:16:00Z,96.0678,0.000000,0.000000,0.000000,above_band_high
2026-07-20T22:17:00Z,96.0906,0.000000,0.000000,0.000000,above_band_high
2026-07-20T22:18:00Z,96.0571,0.000000,0.000000,0.000000,above_band_high
2026-07-20T22:19:00Z,96.0708,0.000000,0.000000,0.000000,above_band_high
2026-07-20T22:20:00Z,96.0113,0.000000,0.000000,0.000000,above_band_high
2026-07-20T22:21:00Z,96.0449,0.000000,0.000000,0.000000,above_band_high
2026-07-20T22:22:00Z,96.0266,0.000000,0.000000,0.000000,above_band_high
2026-07-20T22:23:00Z,96.0616,0.000000,0.000000,0.000000,above_band_high
2026-07-20T22:24:00Z,96.0525,0.000000,0.000000,0.000000,above_band_high
2026-07-20T22:25:00Z,96.0769,0.000000,0.000000,0.000000,above_band_high
2026-07-20T22:26:00Z,96.0494,0.000000,0.000000,0.000000,above_band_high
2026-07-20T22:27:00Z,96.0266,0.000000,0.000000,0.000000,above_band_high
2026-07-20T22:28:00Z,96.0449,0.000000,0.000000,0.000000,above_band_high
2026-07-20T22:29:00Z,96.0311,0.000000,0.000000,0.000000,above_band_high
2026-07-20T22:30:00Z,96.0769,0.000000,0.000000,0.000000,above_band_high
2026-07-20T22:31:00Z,96.0769,0.000000,0.000000,0.000000,above_band_high
2026-07-20T22:32:00Z,96.0616,0.000000,0.000000,0.000000,above_band_high
2026-07-20T22:33:00Z,96.0906,0.000000,0.000000,0.000000,above_band_high
2026-07-20T22:34:00Z,96.0449,0.000000,0.000000,0.000000,above_band_high
2026-07-20T22:35:00Z,96.0708,0.000000,0.000000,0.000000,above_band_high
2026-07-20T22:36:00Z,96.0632,0.000000,0.000000,0.000000,above_band_high
2026-07-20T22:37:00Z,96.0891,0.000000,0.000000,0.000000,above_band_high
2026-07-20T22:38:00Z,96.1135,0.000000,0.000000,0.000000,above_band_high
2026-07-20T22:39:00Z,96.0571,0.000000,0.000000,0.000000,above_band_high
2026-07-20T22:40:00Z,96.0769,0.000000,0.000000,0.000000,above_band_high
2026-07-20T22:41:00Z,96.0845,0.000000,0.000000,0.000000,above_band_high
2026-07-20T22:42:00Z,96.1028,0.000000,0.000000,0.000000,above_band_high
2026-07-20T22:43:00Z,96.1028,0.000000,0.000000,0.000000,above_band_high
2026-07-20T22:44:00Z,96.0754,0.000000,0.000000,0.000000,above_band_high
2026-07-20T22:45:00Z,96.1135,0.000000,0.000000,0.000000,above_band_high
2026-07-20T22:46:00Z,96.1028,0.000000,0.000000,0.000000,above_band_high
2026-07-20T22:47:00Z,96.0769,0.000000,0.000000,0.000000,above_band_high
2026-07-20T22:48:00Z,96.0708,0.000000,0.000000,0.000000,above_band_high
2026-07-20T22:49:00Z,96.0708,0.000000,0.000000,0.000000,above_band_high
2026-07-20T22:50:00Z,96.1089,0.000000,0.000000,0.000000,above_band_high
2026-07-20T22:51:00Z,96.1028,0.000000,0.000000,0.000000,above_band_high
2026-07-20T22:52:00Z,96.1028,0.000000,0.000000,0.000000,above_band_high
2026-07-20T22:53:00Z,96.0983,0.000000,0.000000,0.000000,above_band_high
2026-07-20T22:54:00Z,96.0616,0.000000,0.000000,0.000000,above_band_high
2026-07-20T22:55:00Z,96.0906,0.000000,0.000000,0.000000,above_band_high
2026-07-20T22:56:00Z,96.0983,0.000000,0.000000,0.000000,above_band_high
2026-07-20T22:57:00Z,96.0845,0.000000,0.000000,0.000000,above_band_high
2026-07-20T22:58:00Z,96.1028,0.000000,0.000000,0.000000,above_band_high
2026-07-20T22:59:00Z,96.1089,0.000000,0.000000,0.000000,above_band_high
2026-07-20T23:00:00Z,96.0983,0.000000,0.000000,0.000000,above_band_high
2026-07-20T23:01:00Z,96.0952,0.000000,0.000000,0.000000,above_band_high
2026-07-20T23:02:00Z,96.0723,0.000000,0.000000,0.000000,above_band_high
2026-07-20T23:03:00Z,96.0571,0.000000,0.000000,0.000000,above_band_high
2026-07-20T23:04:00Z,96.1089,0.000000,0.000000,0.000000,above_band_high
2026-07-20T23:05:00Z,96.0906,0.000000,0.000000,0.000000,above_band_high
2026-07-20T23:06:00Z,96.1212,0.000000,0.000000,0.000000,above_band_high
2026-07-20T23:07:00Z,96.0952,0.000000,0.000000,0.000000,above_band_high
2026-07-20T23:08:00Z,96.0815,0.000000,0.000000,0.000000,above_band_high
2026-07-20T23:09:00Z,96.0891,0.000000,0.000000,0.000000,above_band_high
2026-07-20T23:10:00Z,96.0937,0.000000,0.000000,0.000000,above_band_high
2026-07-20T23:11:00Z,96.0937,0.000000,0.000000,0.000000,above_band_high
2026-07-20T23:12:00Z,96.0815,0.000000,0.000000,0.000000,above_band_high
2026-07-20T23:13:00Z,96.0937,0.000000,0.000000,0.000000,above_band_high
2026-07-20T23:14:00Z,96.0891,0.000000,0.000000,0.000000,above_band_high
2026-07-20T23:15:00Z,96.0678,0.000000,0.000000,0.000000,above_band_high
2026-07-20T23:16:00Z,96.1181,0.000000,0.000000,0.000000,above_band_high
2026-07-20T23:17:00Z,96.1273,0.000000,0.000000,0.000000,above_band_high
2026-07-20T23:18:00Z,96.0861,0.000000,0.000000,0.000000,above_band_high
2026-07-20T23:19:00Z,96.0449,0.000000,0.000000,0.000000,above_band_high
2026-07-20T23:20:00Z,96.0937,0.000000,0.000000,0.000000,above_band_high
2026-07-20T23:21:00Z,96.1074,0.000000,0.000000,0.000000,above_band_high
2026-07-20T23:22:00Z,96.0861,0.000000,0.000000,0.000000,above_band_high
2026-07-20T23:23:00Z,96.0983,0.000000,0.000000,0.000000,above_band_high
2026-07-20T23:24:00Z,96.0662,0.000000,0.000000,0.000000,above_band_high
2026-07-20T23:25:00Z,96.0983,0.000000,0.000000,0.000000,above_band_high
2026-07-20T23:26:00Z,96.0906,0.000000,0.000000,0.000000,above_band_high
2026-07-20T23:27:00Z,96.0678,0.000000,0.000000,0.000000,above_band_high
2026-07-20T23:28:00Z,96.0754,0.000000,0.000000,0.000000,above_band_high
2026-07-20T23:29:00Z,96.0708,0.000000,0.000000,0.000000,above_band_high
2026-07-20T23:30:00Z,96.1028,0.000000,0.000000,0.000000,above_band_high
2026-07-20T23:31:00Z,96.0815,0.000000,0.000000,0.000000,above_band_high
2026-07-20T23:32:00Z,96.1089,0.000000,0.000000,0.000000,above_band_high
2026-07-20T23:33:00Z,96.0983,0.000000,0.000000,0.000000,above_band_high
2026-07-20T23:34:00Z,96.0998,0.000000,0.000000,0.000000,above_band_high
2026-07-20T23:35:00Z,96.0800,0.000000,0.000000,0.000000,above_band_high
2026-07-20T23:36:00Z,96.1089,0.000000,0.000000,0.000000,above_band_high
2026-07-20T23:37:00Z,96.0662,0.000000,0.000000,0.000000,above_band_high
2026-07-20T23:38:00Z,96.1074,0.000000,0.000000,0.000000,above_band_high
2026-07-20T23:39:00Z,96.0800,0.000000,0.000000,0.000000,above_band_high
2026-07-20T23:40:00Z,96.0861,0.000000,0.000000,0.000000,above_band_high
2026-07-20T23:41:00Z,96.1074,0.000000,0.000000,0.000000,above_band_high
2026-07-20T23:42:00Z,96.0998,0.000000,0.000000,0.000000,above_band_high
2026-07-20T23:43:00Z,96.0983,0.000000,0.000000,0.000000,above_band_high
2026-07-20T23:44:00Z,96.1257,0.000000,0.000000,0.000000,above_band_high
2026-07-20T23:45:00Z,96.0800,0.000000,0.000000,0.000000,above_band_high
2026-07-20T23:46:00Z,96.1257,0.000000,0.000000,0.000000,above_band_high
2026-07-20T23:47:00Z,96.0861,0.000000,0.000000,0.000000,above_band_high
2026-07-20T23:48:00Z,96.1135,0.000000,0.000000,0.000000,above_band_high
2026-07-20T23:49:00Z,96.1135,0.000000,0.000000,0.000000,above_band_high
2026-07-20T23:50:00Z,96.1135,0.000000,0.000000,0.000000,above_band_high
2026-07-20T23:51:00Z,96.0998,0.000000,0.000000,0.000000,above_band_high
2026-07-20T23:52:00Z,96.1089,0.000000,0.000000,0.000000,above_band_high
2026-07-20T23:53:00Z,96.0906,0.000000,0.000000,0.000000,above_band_high
2026-07-20T23:54:00Z,96.1089,0.000000,0.000000,0.000000,above_band_high
2026-07-20T23:55:00Z,96.1135,0.000000,0.000000,0.000000,above_band_high
2026-07-20T23:56:00Z,96.1089,0.000000,0.000000,0.000000,above_band_high
2026-07-20T23:57:00Z,96.0479,0.000000,0.000000,0.000000,above_band_high
2026-07-20T23:58:00Z,96.1089,0.000000,0.000000,0.000000,above_band_high
2026-07-20T23:59:00Z,96.0861,0.000000,0.000000,0.000000,above_band_high
2026-07-21T00:00:00Z,96.1135,0.000000,0.000000,0.000000,above_band_high
2026-07-21T00:01:00Z,96.0937,0.000000,0.000000,0.000000,above_band_high
2026-07-21T00:02:00Z,96.1257,0.000000,0.000000,0.000000,above_band_high
2026-07-21T00:03:00Z,96.1135,0.000000,0.000000,0.000000,above_band_high
2026-07-21T00:04:00Z,96.1120,0.000000,0.000000,0.000000,above_band_high
2026-07-21T00:05:00Z,96.1395,0.000000,0.000000,0.000000,above_band_high
2026-07-21T00:06:00Z,96.1089,0.000000,0.000000,0.000000,above_band_high
2026-07-21T00:07:00Z,96.0754,0.000000,0.000000,0.000000,above_band_high
2026-07-21T00:08:00Z,96.0983,0.000000,0.000000,0.000000,above_band_high
2026-07-21T00:09:00Z,96.0983,0.000000,0.000000,0.000000,above_band_high
2026-07-21T00:10:00Z,96.1318,0.000000,0.000000,0.000000,above_band_high
2026-07-21T00:11:00Z,96.1364,0.000000,0.000000,0.000000,above_band_high
2026-07-21T00:12:00Z,96.1212,0.000000,0.000000,0.000000,above_band_high
2026-07-21T00:13:00Z,96.1212,0.000000,0.000000,0.000000,above_band_high
2026-07-21T00:14:00Z,96.1212,0.000000,0.000000,0.000000,above_band_high
2026-07-21T00:15:00Z,96.1364,0.000000,0.000000,0.000000,above_band_high
2026-07-21T00:16:00Z,96.1166,0.000000,0.000000,0.000000,above_band_high
2026-07-21T00:17:00Z,96.1044,0.000000,0.000000,0.000000,above_band_high
2026-07-21T00:18:00Z,96.0540,0.000000,0.000000,0.000000,above_band_high
2026-07-21T00:19:00Z,96.0937,0.000000,0.000000,0.000000,above_band_high
2026-07-21T00:20:00Z,96.1212,0.000000,0.000000,0.000000,above_band_high
2026-07-21T00:21:00Z,96.0708,0.000000,0.000000,0.000000,above_band_high
2026-07-21T00:22:00Z,96.0906,0.000000,0.000000,0.000000,above_band_high
2026-07-21T00:23:00Z,96.1120,0.000000,0.000000,0.000000,above_band_high
2026-07-21T00:24:00Z,96.1212,0.000000,0.000000,0.000000,above_band_high
2026-07-21T00:25:00Z,96.1089,0.000000,0.000000,0.000000,above_band_high
2026-07-21T00:26:00Z,96.1212,0.000000,0.000000,0.000000,above_band_high
2026-07-21T00:27:00Z,96.0815,0.000000,0.000000,0.000000,above_band_high
2026-07-21T00:28:00Z,96.0800,0.000000,0.000000,0.000000,above_band_high
2026-07-21T00:29:00Z,96.1257,0.000000,0.000000,0.000000,above_band_high
2026-07-21T00:30:00Z,96.0983,0.000000,0.000000,0.000000,above_band_high
2026-07-21T00:31:00Z,96.0983,0.000000,0.000000,0.000000,above_band_high
2026-07-21T00:32:00Z,96.1257,0.000000,0.000000,0.000000,above_band_high
2026-07-21T00:33:00Z,96.0983,0.000000,0.000000,0.000000,above_band_high
2026-07-21T00:34:00Z,96.0678,0.000000,0.000000,0.000000,above_band_high
2026-07-21T00:35:00Z,96.0815,0.000000,0.000000,0.000000,above_band_high
2026-07-21T00:36:00Z,96.1044,0.000000,0.000000,0.000000,above_band_high
2026-07-21T00:37:00Z,96.1212,0.000000,0.000000,0.000000,above_band_high
2026-07-21T00:38:00Z,96.0861,0.000000,0.000000,0.000000,above_band_high
2026-07-21T00:39:00Z,96.1257,0.000000,0.000000,0.000000,above_band_high
2026-07-21T00:40:00Z,96.1181,0.000000,0.000000,0.000000,above_band_high
2026-07-21T00:41:00Z,96.1440,0.000000,0.000000,0.000000,above_band_high
2026-07-21T00:42:00Z,96.0998,0.000000,0.000000,0.000000,above_band_high
2026-07-21T00:43:00Z,96.1395,0.000000,0.000000,0.000000,above_band_high
2026-07-21T00:44:00Z,96.1532,0.000000,0.000000,0.000000,above_band_high
2026-07-21T00:45:00Z,96.0891,0.000000,0.000000,0.000000,above_band_high
2026-07-21T00:46:00Z,96.1395,0.000000,0.000000,0.000000,above_band_high
2026-07-21T00:47:00Z,96.1074,0.000000,0.000000,0.000000,above_band_high
2026-07-21T00:48:00Z,96.1639,0.000000,0.000000,0.000000,above_band_high
2026-07-21T00:49:00Z,96.1669,0.000000,0.000000,0.000000,above_band_high
2026-07-21T00:50:00Z,96.1257,0.000000,0.000000,0.000000,above_band_high
2026-07-21T00:51:00Z,96.1440,0.000000,0.000000,0.000000,above_band_high
2026-07-21T00:52:00Z,96.1349,0.000000,0.000000,0.000000,above_band_high
2026-07-21T00:53:00Z,96.1395,0.000000,0.000000,0.000000,above_band_high
2026-07-21T00:54:00Z,96.1715,0.000000,0.000000,0.000000,above_band_high
2026-07-21T00:55:00Z,96.1913,0.000000,0.000000,0.000000,above_band_high
2026-07-21T00:56:00Z,96.1486,0.000000,0.000000,0.000000,above_band_high
2026-07-21T00:57:00Z,96.1486,0.000000,0.000000,0.000000,above_band_high
2026-07-21T00:58:00Z,96.1715,0.000000,0.000000,0.000000,above_band_high
2026-07-21T00:59:00Z,96.1669,0.000000,0.000000,0.000000,above_band_high
2026-07-21T01:00:00Z,96.1486,0.000000,0.000000,0.000000,above_band_high
2026-07-21T01:01:00Z,96.1868,0.000000,0.000000,0.000000,above_band_high
2026-07-21T01:02:00Z,96.1730,0.000000,0.000000,0.000000,above_band_high
2026-07-21T01:03:00Z,96.2127,0.000000,0.000000,0.000000,above_band_high
2026-07-21T01:04:00Z,96.1822,0.000000,0.000000,0.000000,above_band_high
2026-07-21T01:05:00Z,96.1730,0.000000,0.000000,0.000000,above_band_high
2026-07-21T01:06:00Z,96.1486,0.000000,0.000000,0.000000,above_band_high
2026-07-21T01:07:00Z,96.1730,0.000000,0.000000,0.000000,above_band_high
2026-07-21T01:08:00Z,96.2005,0.000000,0.000000,0.000000,above_band_high
2026-07-21T01:09:00Z,96.1990,0.000000,0.000000,0.000000,above_band_high
2026-07-21T01:10:00Z,96.1852,0.000000,0.000000,0.000000,above_band_high
2026-07-21T01:11:00Z,96.1852,0.000000,0.000000,0.000000,above_band_high
2026-07-21T01:12:00Z,96.1990,0.000000,0.000000,0.000000,above_band_high
2026-07-21T01:13:00Z,96.2081,0.000000,0.000000,0.000000,above_band_high
2026-07-21T01:14:00Z,96.2188,0.000000,0.000000,0.000000,above_band_high
2026-07-21T01:15:00Z,96.2081,0.000000,0.000000,0.000000,above_band_high
2026-07-21T01:16:00Z,96.1822,0.000000,0.000000,0.000000,above_band_high
2026-07-21T01:17:00Z,96.2173,0.000000,0.000000,0.000000,above_band_high
2026-07-21T01:18:00Z,96.2051,0.000000,0.000000,0.000000,above_band_high
2026-07-21T01:19:00Z,96.1913,0.000000,0.000000,0.000000,above_band_high
2026-07-21T01:20:00Z,96.1776,0.000000,0.000000,0.000000,above_band_high
2026-07-21T01:21:00Z,96.1944,0.000000,0.000000,0.000000,above_band_high
2026-07-21T01:22:00Z,96.2127,0.000000,0.000000,0.000000,above_band_high
2026-07-21T01:23:00Z,96.2005,0.000000,0.000000,0.000000,above_band_high
2026-07-21T01:24:00Z,96.1944,0.000000,0.000000,0.000000,above_band_high
2026-07-21T01:25:00Z,96.1959,0.000000,0.000000,0.000000,above_band_high
2026-07-21T01:26:00Z,96.2005,0.000000,0.000000,0.000000,above_band_high
2026-07-21T01:27:00Z,96.1959,0.000000,0.000000,0.000000,above_band_high
2026-07-21T01:28:00Z,96.1776,0.000000,0.000000,0.000000,above_band_high
2026-07-21T01:29:00Z,96.2005,0.000000,0.000000,0.000000,above_band_high
2026-07-21T01:30:00Z,96.1944,0.000000,0.000000,0.000000,above_band_high
2026-07-21T01:31:00Z,96.1715,0.000000,0.000000,0.000000,above_band_high
2026-07-21T01:32:00Z,96.1959,0.000000,0.000000,0.000000,above_band_high
2026-07-21T01:33:00Z,96.2081,0.000000,0.000000,0.000000,above_band_high
2026-07-21T01:34:00Z,96.1944,0.000000,0.000000,0.000000,above_band_high
2026-07-21T01:35:00Z,96.1959,0.000000,0.000000,0.000000,above_band_high
2026-07-21T01:36:00Z,96.2142,0.000000,0.000000,0.000000,above_band_high
2026-07-21T01:37:00Z,96.2417,0.000000,0.000000,0.000000,above_band_high
2026-07-21T01:38:00Z,96.2005,0.000000,0.000000,0.000000,above_band_high
2026-07-21T01:39:00Z,96.2081,0.000000,0.000000,0.000000,above_band_high
2026-07-21T01:40:00Z,96.2142,0.000000,0.000000,0.000000,above_band_high
2026-07-21T01:41:00Z,96.2051,0.000000,0.000000,0.000000,above_band_high
2026-07-21T01:42:00Z,96.2325,0.000000,0.000000,0.000000,above_band_high
2026-07-21T01:43:00Z,96.2005,0.000000,0.000000,0.000000,above_band_high
2026-07-21T01:44:00Z,96.2127,0.000000,0.000000,0.000000,above_band_high
2026-07-21T01:45:00Z,96.2051,0.000000,0.000000,0.000000,above_band_high
2026-07-21T01:46:00Z,96.2142,0.000000,0.000000,0.000000,above_band_high
2026-07-21T01:47:00Z,96.2234,0.000000,0.000000,0.000000,above_band_high
2026-07-21T01:48:00Z,96.2219,0.000000,0.000000,0.000000,above_band_high
2026-07-21T01:49:00Z,96.2325,0.000000,0.000000,0.000000,above_band_high
2026-07-21T01:50:00Z,96.2325,0.000000,0.000000,0.000000,above_band_high
2026-07-21T01:51:00Z,96.2676,0.000000,0.000000,0.000000,above_band_high
2026-07-21T01:52:00Z,96.2463,0.000000,0.000000,0.000000,above_band_high
2026-07-21T01:53:00Z,96.2356,0.000000,0.000000,0.000000,above_band_high
2026-07-21T01:54:00Z,96.2692,0.000000,0.000000,0.000000,above_band_high
2026-07-21T01:55:00Z,96.2402,0.000000,0.000000,0.000000,above_band_high
2026-07-21T01:56:00Z,96.2142,0.000000,0.000000,0.000000,above_band_high
2026-07-21T01:57:00Z,96.2509,0.000000,0.000000,0.000000,above_band_high
2026-07-21T01:58:00Z,96.2509,0.000000,0.000000,0.000000,above_band_high
2026-07-21T01:59:00Z,96.2402,0.000000,0.000000,0.000000,above_band_high
2026-07-21T02:00:00Z,96.2692,0.000000,0.000000,0.000000,above_band_high
2026-07-21T02:01:00Z,96.2600,0.000000,0.000000,0.000000,above_band_high
2026-07-21T02:02:00Z,96.2737,0.000000,0.000000,0.000000,above_band_high
2026-07-21T02:03:00Z,96.2448,0.000000,0.000000,0.000000,above_band_high
2026-07-21T02:04:00Z,96.2448,0.000000,0.000000,0.000000,above_band_high
2026-07-21T02:05:00Z,96.2676,0.000000,0.000000,0.000000,above_band_high
2026-07-21T02:06:00Z,96.2585,0.000000,0.000000,0.000000,above_band_high
2026-07-21T02:07:00Z,96.2509,0.000000,0.000000,0.000000,above_band_high
2026-07-21T02:08:00Z,96.2783,0.000000,0.000000,0.000000,above_band_high
2026-07-21T02:09:00Z,96.2463,0.000000,0.000000,0.000000,above_band_high
2026-07-21T02:10:00Z,96.2676,0.000000,0.000000,0.000000,above_band_high
2026-07-21T02:11:00Z,96.2737,0.000000,0.000000,0.000000,above_band_high
2026-07-21T02:12:00Z,96.2783,0.000000,0.000000,0.000000,above_band_high
2026-07-21T02:13:00Z,96.2646,0.000000,0.000000,0.000000,above_band_high
2026-07-21T02:14:00Z,96.2905,0.000000,0.000000,0.000000,above_band_high
2026-07-21T02:15:00Z,96.2539,0.000000,0.000000,0.000000,above_band_high
2026-07-21T02:16:00Z,96.2737,0.000000,0.000000,0.000000,above_band_high
2026-07-21T02:17:00Z,96.2539,0.000000,0.000000,0.000000,above_band_high
2026-07-21T02:18:00Z,96.2463,0.000000,0.000000,0.000000,above_band_high
2026-07-21T02:19:00Z,96.2814,0.000000,0.000000,0.000000,above_band_high
2026-07-21T02:20:00Z,96.2585,0.000000,0.000000,0.000000,above_band_high
2026-07-21T02:21:00Z,96.2585,0.000000,0.000000,0.000000,above_band_high
2026-07-21T02:22:00Z,96.2448,0.000000,0.000000,0.000000,above_band_high
2026-07-21T02:23:00Z,96.2539,0.000000,0.000000,0.000000,above_band_high
2026-07-21T02:24:00Z,96.2921,0.000000,0.000000,0.000000,above_band_high
2026-07-21T02:25:00Z,96.2631,0.000000,0.000000,0.000000,above_band_high
2026-07-21T02:26:00Z,96.2905,0.000000,0.000000,0.000000,above_band_high
2026-07-21T02:27:00Z,96.2585,0.000000,0.000000,0.000000,above_band_high
2026-07-21T02:28:00Z,96.2539,0.000000,0.000000,0.000000,above_band_high
2026-07-21T02:29:00Z,96.2722,0.000000,0.000000,0.000000,above_band_high
2026-07-21T02:30:00Z,96.2631,0.000000,0.000000,0.000000,above_band_high
2026-07-21T02:31:00Z,96.2814,0.000000,0.000000,0.000000,above_band_high
2026-07-21T02:32:00Z,96.2585,0.000000,0.000000,0.000000,above_band_high
2026-07-21T02:33:00Z,96.2814,0.000000,0.000000,0.000000,above_band_high
2026-07-21T02:34:00Z,96.2631,0.000000,0.000000,0.000000,above_band_high
2026-07-21T02:35:00Z,96.3043,0.000000,0.000000,0.000000,above_band_high
2026-07-21T02:36:00Z,96.2722,0.000000,0.000000,0.000000,above_band_high
2026-07-21T02:37:00Z,96.2631,0.000000,0.000000,0.000000,above_band_high
2026-07-21T02:38:00Z,96.2509,0.000000,0.000000,0.000000,above_band_high
2026-07-21T02:39:00Z,96.2921,0.000000,0.000000,0.000000,above_band_high
2026-07-21T02:40:00Z,96.2737,0.000000,0.000000,0.000000,above_band_high
2026-07-21T02:41:00Z,96.2814,0.000000,0.000000,0.000000,above_band_high
2026-07-21T02:42:00Z,96.2631,0.000000,0.000000,0.000000,above_band_high
2026-07-21T02:43:00Z,96.2722,0.000000,0.000000,0.000000,above_band_high
2026-07-21T02:44:00Z,96.2402,0.000000,0.000000,0.000000,above_band_high
2026-07-21T02:45:00Z,96.2737,0.000000,0.000000,0.000000,above_band_high
2026-07-21T02:46:00Z,96.2860,0.000000,0.000000,0.000000,above_band_high
2026-07-21T02:47:00Z,96.2631,0.000000,0.000000,0.000000,above_band_high
2026-07-21T02:48:00Z,96.3058,0.000000,0.000000,0.000000,above_band_high
2026-07-21T02:49:00Z,96.2722,0.000000,0.000000,0.000000,above_band_high
2026-07-21T02:50:00Z,96.2860,0.000000,0.000000,0.000000,above_band_high
2026-07-21T02:51:00Z,96.2646,0.000000,0.000000,0.000000,above_band_high
2026-07-21T02:52:00Z,96.2905,0.000000,0.000000,0.000000,above_band_high
2026-07-21T02:53:00Z,96.2402,0.000000,0.000000,0.000000,above_band_high
2026-07-21T02:54:00Z,96.3043,0.000000,0.000000,0.000000,above_band_high
2026-07-21T02:55:00Z,96.2783,0.000000,0.000000,0.000000,above_band_high
2026-07-21T02:56:00Z,96.2966,0.000000,0.000000,0.000000,above_band_high
2026-07-21T02:57:00Z,96.3043,0.000000,0.000000,0.000000,above_band_high
2026-07-21T02:58:00Z,96.2539,0.000000,0.000000,0.000000,above_band_high
2026-07-21T02:59:00Z,96.2905,0.000000,0.000000,0.000000,above_band_high
2026-07-21T03:00:00Z,96.3104,0.000000,0.000000,0.000000,above_band_high
2026-07-21T03:01:00Z,96.2737,0.000000,0.000000,0.000000,above_band_high
2026-07-21T03:02:00Z,96.2585,0.000000,0.000000,0.000000,above_band_high
2026-07-21T03:03:00Z,96.2921,0.000000,0.000000,0.000000,above_band_high
2026-07-21T03:04:00Z,96.3241,0.000000,0.000000,0.000000,above_band_high
2026-07-21T03:05:00Z,96.2966,0.000000,0.000000,0.000000,above_band_high
2026-07-21T03:06:00Z,96.2905,0.000000,0.000000,0.000000,above_band_high
2026-07-21T03:07:00Z,96.2921,0.000000,0.000000,0.000000,above_band_high
2026-07-21T03:08:00Z,96.2692,0.000000,0.000000,0.000000,above_band_high
2026-07-21T03:09:00Z,96.2737,0.000000,0.000000,0.000000,above_band_high
2026-07-21T03:10:00Z,96.2768,0.000000,0.000000,0.000000,above_band_high
2026-07-21T03:11:00Z,96.2921,0.000000,0.000000,0.000000,above_band_high
2026-07-21T03:12:00Z,96.2905,0.000000,0.000000,0.000000,above_band_high
2026-07-21T03:13:00Z,96.2539,0.000000,0.000000,0.000000,above_band_high
2026-07-21T03:14:00Z,96.2814,0.000000,0.000000,0.000000,above_band_high
2026-07-21T03:15:00Z,96.3104,0.000000,0.000000,0.000000,above_band_high
2026-07-21T03:16:00Z,96.2966,0.000000,0.000000,0.000000,above_band_high
2026-07-21T03:17:00Z,96.2646,0.000000,0.000000,0.000000,above_band_high
2026-07-21T03:18:00Z,96.2585,0.000000,0.000000,0.000000,above_band_high
2026-07-21T03:19:00Z,96.2860,0.000000,0.000000,0.000000,above_band_high
2026-07-21T03:20:00Z,96.2921,0.000000,0.000000,0.000000,above_band_high
2026-07-21T03:21:00Z,96.2921,0.000000,0.000000,0.000000,above_band_high
2026-07-21T03:22:00Z,96.2905,0.000000,0.000000,0.000000,above_band_high
2026-07-21T03:23:00Z,96.2921,0.000000,0.000000,0.000000,above_band_high
2026-07-21T03:24:00Z,96.3043,0.000000,0.000000,0.000000,above_band_high
2026-07-21T03:25:00Z,96.2860,0.000000,0.000000,0.000000,above_band_high
2026-07-21T03:26:00Z,96.2875,0.000000,0.000000,0.000000,above_band_high
2026-07-21T03:27:00Z,96.3043,0.000000,0.000000,0.000000,above_band_high
2026-07-21T03:28:00Z,96.2692,0.000000,0.000000,0.000000,above_band_high
2026-07-21T03:29:00Z,96.2875,0.000000,0.000000,0.000000,above_band_high
2026-07-21T03:30:00Z,96.2737,0.000000,0.000000,0.000000,above_band_high
2026-07-21T03:31:00Z,96.2646,0.000000,0.000000,0.000000,above_band_high
2026-07-21T03:32:00Z,96.2997,0.000000,0.000000,0.000000,above_band_high
2026-07-21T03:33:00Z,96.2692,0.000000,0.000000,0.000000,above_band_high
2026-07-21T03:34:00Z,96.3088,0.000000,0.000000,0.000000,above_band_high
2026-07-21T03:35:00Z,96.2814,0.000000,0.000000,0.000000,above_band_high
2026-07-21T03:36:00Z,96.2921,0.000000,0.000000,0.000000,above_band_high
2026-07-21T03:37:00Z,96.2921,0.000000,0.000000,0.000000,above_band_high
2026-07-21T03:38:00Z,96.3104,0.000000,0.000000,0.000000,above_band_high
2026-07-21T03:39:00Z,96.2921,0.000000,0.000000,0.000000,above_band_high
2026-07-21T03:40:00Z,96.3088,0.000000,0.000000,0.000000,above_band_high
2026-07-21T03:41:00Z,96.2768,0.000000,0.000000,0.000000,above_band_high
2026-07-21T03:42:00Z,96.2997,0.000000,0.000000,0.000000,above_band_high
2026-07-21T03:43:00Z,96.2875,0.000000,0.000000,0.000000,above_band_high
2026-07-21T03:44:00Z,96.2814,0.000000,0.000000,0.000000,above_band_high
2026-07-21T03:45:00Z,96.3272,0.000000,0.000000,0.000000,above_band_high
2026-07-21T03:46:00Z,96.2875,0.000000,0.000000,0.000000,above_band_high
2026-07-21T03:47:00Z,96.2737,0.000000,0.000000,0.000000,above_band_high
2026-07-21T03:48:00Z,96.2875,0.000000,0.000000,0.000000,above_band_high
2026-07-21T03:49:00Z,96.2676,0.000000,0.000000,0.000000,above_band_high
2026-07-21T03:50:00Z,96.2921,0.000000,0.000000,0.000000,above_band_high
2026-07-21T03:51:00Z,96.2966,0.000000,0.000000,0.000000,above_band_high
2026-07-21T03:52:00Z,96.2737,0.000000,0.000000,0.000000,above_band_high
2026-07-21T03:53:00Z,96.2814,0.000000,0.000000,0.000000,above_band_high
2026-07-21T03:54:00Z,96.2585,0.000000,0.000000,0.000000,above_band_high
2026-07-21T03:55:00Z,96.2860,0.000000,0.000000,0.000000,above_band_high
2026-07-21T03:56:00Z,96.3195,0.000000,0.000000,0.000000,above_band_high
2026-07-21T03:57:00Z,96.2676,0.000000,0.000000,0.000000,above_band_high
2026-07-21T03:58:00Z,96.2921,0.000000,0.000000,0.000000,above_band_high
2026-07-21T03:59:00Z,96.2921,0.000000,0.000000,0.000000,above_band_high
2026-07-21T04:00:00Z,96.2692,0.000000,0.000000,0.000000,above_band_high
2026-07-21T04:01:00Z,96.2768,0.000000,0.000000,0.000000,above_band_high
2026-07-21T04:02:00Z,96.2951,0.000000,0.000000,0.000000,above_band_high
2026-07-21T04:03:00Z,96.2768,0.000000,0.000000,0.000000,above_band_high
2026-07-21T04:04:00Z,96.2921,0.000000,0.000000,0.000000,above_band_high
2026-07-21T04:05:00Z,96.2951,0.000000,0.000000,0.000000,above_band_high
2026-07-21T04:06:00Z,96.2737,0.000000,0.000000,0.000000,above_band_high
2026-07-21T04:07:00Z,96.2692,0.000000,0.000000,0.000000,above_band_high
2026-07-21T04:08:00Z,96.2737,0.000000,0.000000,0.000000,above_band_high
2026-07-21T04:09:00Z,96.2814,0.000000,0.000000,0.000000,above_band_high
2026-07-21T04:10:00Z,96.2783,0.000000,0.000000,0.000000,above_band_high
2026-07-21T04:11:00Z,96.2875,0.000000,0.000000,0.000000,above_band_high
2026-07-21T04:12:00Z,96.3058,0.000000,0.000000,0.000000,above_band_high
2026-07-21T04:13:00Z,96.2921,0.000000,0.000000,0.000000,above_band_high
2026-07-21T04:14:00Z,96.2951,0.000000,0.000000,0.000000,above_band_high
2026-07-21T04:15:00Z,96.2997,0.000000,0.000000,0.000000,above_band_high
2026-07-21T04:16:00Z,96.2676,0.000000,0.000000,0.000000,above_band_high
2026-07-21T04:17:00Z,96.2676,0.000000,0.000000,0.000000,above_band_high
2026-07-21T04:18:00Z,96.2875,0.000000,0.000000,0.000000,above_band_high
2026-07-21T04:19:00Z,96.2722,0.000000,0.000000,0.000000,above_band_high
2026-07-21T04:20:00Z,96.2646,0.000000,0.000000,0.000000,above_band_high
2026-07-21T04:21:00Z,96.2783,0.000000,0.000000,0.000000,above_band_high
2026-07-21T04:22:00Z,96.2875,0.000000,0.000000,0.000000,above_band_high
2026-07-21T04:23:00Z,96.2875,0.000000,0.000000,0.000000,above_band_high
2026-07-21T04:24:00Z,96.2921,0.000000,0.000000,0.000000,above_band_high
2026-07-21T04:25:00Z,96.2860,0.000000,0.000000,0.000000,above_band_high
2026-07-21T04:26:00Z,96.2722,0.000000,0.000000,0.000000,above_band_high
2026-07-21T04:27:00Z,96.2509,0.000000,0.000000,0.000000,above_band_high
2026-07-21T04:28:00Z,96.2860,0.000000,0.000000,0.000000,above_band_high
2026-07-21T04:29:00Z,96.2783,0.000000,0.000000,0.000000,above_band_high
2026-07-21T04:30:00Z,96.2860,0.000000,0.000000,0.000000,above_band_high
2026-07-21T04:31:00Z,96.2783,0.000000,0.000000,0.000000,above_band_high
2026-07-21T04:32:00Z,96.2768,0.000000,0.000000,0.000000,above_band_high
2026-07-21T04:33:00Z,96.2646,0.000000,0.000000,0.000000,above_band_high
2026-07-21T04:34:00Z,96.2676,0.000000,0.000000,0.000000,above_band_high
2026-07-21T04:35:00Z,96.2768,0.000000,0.000000,0.000000,above_band_high
2026-07-21T04:36:00Z,96.2509,0.000000,0.000000,0.000000,above_band_high
2026-07-21T04:37:00Z,96.2676,0.000000,0.000000,0.000000,above_band_high
2026-07-21T04:38:00Z,96.2783,0.000000,0.000000,0.000000,above_band_high
2026-07-21T04:39:00Z,96.2951,0.000000,0.000000,0.000000,above_band_high
2026-07-21T04:40:00Z,96.2402,0.000000,0.000000,0.000000,above_band_high
2026-07-21T04:41:00Z,96.2783,0.000000,0.000000,0.000000,above_band_high
2026-07-21T04:42:00Z,96.2722,0.000000,0.000000,0.000000,above_band_high
2026-07-21T04:43:00Z,96.2875,0.000000,0.000000,0.000000,above_band_high
2026-07-21T04:44:00Z,96.2371,0.000000,0.000000,0.000000,above_band_high
2026-07-21T04:45:00Z,96.2463,0.000000,0.000000,0.000000,above_band_high
2026-07-21T04:46:00Z,96.2646,0.000000,0.000000,0.000000,above_band_high
2026-07-21T04:47:00Z,96.2371,0.000000,0.000000,0.000000,above_band_high
2026-07-21T04:48:00Z,96.2676,0.000000,0.000000,0.000000,above_band_high
2026-07-21T04:49:00Z,96.2676,0.000000,0.000000,0.000000,above_band_high
2026-07-21T04:50:00Z,96.2631,0.000000,0.000000,0.000000,above_band_high
2026-07-21T04:51:00Z,96.2875,0.000000,0.000000,0.000000,above_band_high
2026-07-21T04:52:00Z,96.2463,0.000000,0.000000,0.000000,above_band_high
2026-07-21T04:53:00Z,96.2371,0.000000,0.000000,0.000000,above_band_high
2026-07-21T04:54:00Z,96.2585,0.000000,0.000000,0.000000,above_band_high
2026-07-21T04:55:00Z,96.2585,0.000000,0.000000,0.000000,above_band_high
2026-07-21T04:56:00Z,96.2417,0.000000,0.000000,0.000000,above_band_high
2026-07-21T04:57:00Z,96.2310,0.000000,0.000000,0.000000,above_band_high
2026-07-21T04:58:00Z,96.2676,0.000000,0.000000,0.000000,above_band_high
2026-07-21T04:59:00Z,96.2188,0.000000,0.000000,0.000000,above_band_high
2026-07-21T05:00:00Z,96.2493,0.000000,0.000000,0.000000,above_band_high
2026-07-21T05:01:00Z,96.2692,0.000000,0.000000,0.000000,above_band_high
2026-07-21T05:02:00Z,96.2646,0.000000,0.000000,0.000000,above_band_high
2026-07-21T05:03:00Z,96.2783,0.000000,0.000000,0.000000,above_band_high
2026-07-21T05:04:00Z,96.2371,0.000000,0.000000,0.000000,above_band_high
2026-07-21T05:05:00Z,96.2539,0.000000,0.000000,0.000000,above_band_high
2026-07-21T05:06:00Z,96.2493,0.000000,0.000000,0.000000,above_band_high
2026-07-21T05:07:00Z,96.2768,0.000000,0.000000,0.000000,above_band_high
2026-07-21T05:08:00Z,96.2356,0.000000,0.000000,0.000000,above_band_high
2026-07-21T05:09:00Z,96.2554,0.000000,0.000000,0.000000,above_band_high
2026-07-21T05:10:00Z,96.2356,0.000000,0.000000,0.000000,above_band_high
2026-07-21T05:11:00Z,96.2585,0.000000,0.000000,0.000000,above_band_high
2026-07-21T05:12:00Z,96.2600,0.000000,0.000000,0.000000,above_band_high
2026-07-21T05:13:00Z,96.2356,0.000000,0.000000,0.000000,above_band_high
2026-07-21T05:14:00Z,96.2646,0.000000,0.000000,0.000000,above_band_high
2026-07-21T05:15:00Z,96.2356,0.000000,0.000000,0.000000,above_band_high
2026-07-21T05:16:00Z,96.2493,0.000000,0.000000,0.000000,above_band_high
2026-07-21T05:17:00Z,96.2646,0.000000,0.000000,0.000000,above_band_high
2026-07-21T05:18:00Z,96.2554,0.000000,0.000000,0.000000,above_band_high
2026-07-21T05:19:00Z,96.2356,0.000000,0.000000,0.000000,above_band_high
2026-07-21T05:20:00Z,96.2356,0.000000,0.000000,0.000000,above_band_high
2026-07-21T05:21:00Z,96.2600,0.000000,0.000000,0.000000,above_band_high
2026-07-21T05:22:00Z,96.2234,0.000000,0.000000,0.000000,above_band_high
2026-07-21T05:23:00Z,96.2814,0.000000,0.000000,0.000000,above_band_high
2026-07-21T05:24:00Z,96.2463,0.000000,0.000000,0.000000,above_band_high
2026-07-21T05:25:00Z,96.2310,0.000000,0.000000,0.000000,above_band_high
2026-07-21T05:26:00Z,96.2722,0.000000,0.000000,0.000000,above_band_high
2026-07-21T05:27:00Z,96.2600,0.000000,0.000000,0.000000,above_band_high
2026-07-21T05:28:00Z,96.2600,0.000000,0.000000,0.000000,above_band_high
2026-07-21T05:29:00Z,96.2264,0.000000,0.000000,0.000000,above_band_high
2026-07-21T05:30:00Z,96.2356,0.000000,0.000000,0.000000,above_band_high
2026-07-21T05:31:00Z,96.2188,0.000000,0.000000,0.000000,above_band_high
2026-07-21T05:32:00Z,96.2463,0.000000,0.000000,0.000000,above_band_high
2026-07-21T05:33:00Z,96.2356,0.000000,0.000000,0.000000,above_band_high
2026-07-21T05:34:00Z,96.2371,0.000000,0.000000,0.000000,above_band_high
2026-07-21T05:35:00Z,96.2234,0.000000,0.000000,0.000000,above_band_high
2026-07-21T05:36:00Z,96.2264,0.000000,0.000000,0.000000,above_band_high
2026-07-21T05:37:00Z,96.2188,0.000000,0.000000,0.000000,above_band_high
2026-07-21T05:38:00Z,96.2264,0.000000,0.000000,0.000000,above_band_high
2026-07-21T05:39:00Z,96.2493,0.000000,0.000000,0.000000,above_band_high
2026-07-21T05:40:00Z,96.2463,0.000000,0.000000,0.000000,above_band_high
2026-07-21T05:41:00Z,96.2539,0.000000,0.000000,0.000000,above_band_high
2026-07-21T05:42:00Z,96.2371,0.000000,0.000000,0.000000,above_band_high
2026-07-21T05:43:00Z,96.1852,0.000000,0.000000,0.000000,above_band_high
2026-07-21T05:44:00Z,96.2646,0.000000,0.000000,0.000000,above_band_high
2026-07-21T05:45:00Z,96.2417,0.000000,0.000000,0.000000,above_band_high
2026-07-21T05:46:00Z,96.2234,0.000000,0.000000,0.000000,above_band_high
2026-07-21T05:47:00Z,96.2081,0.000000,0.000000,0.000000,above_band_high
2026-07-21T05:48:00Z,96.1990,0.000000,0.000000,0.000000,above_band_high
2026-07-21T05:49:00Z,96.2036,0.000000,0.000000,0.000000,above_band_high
2026-07-21T05:50:00Z,96.2310,0.000000,0.000000,0.000000,above_band_high
2026-07-21T05:51:00Z,96.2600,0.000000,0.000000,0.000000,above_band_high
2026-07-21T05:52:00Z,96.2234,0.000000,0.000000,0.000000,above_band_high
2026-07-21T05:53:00Z,96.2493,0.000000,0.000000,0.000000,above_band_high
2026-07-21T05:54:00Z,96.2463,0.000000,0.000000,0.000000,above_band_high
2026-07-21T05:55:00Z,96.2188,0.000000,0.000000,0.000000,above_band_high
2026-07-21T05:56:00Z,96.2463,0.000000,0.000000,0.000000,above_band_high
2026-07-21T05:57:00Z,96.2234,0.000000,0.000000,0.000000,above_band_high
2026-07-21T05:58:00Z,96.2234,0.000000,0.000000,0.000000,above_band_high
2026-07-21T05:59:00Z,96.2493,0.000000,0.000000,0.000000,above_band_high
2026-07-21T06:00:00Z,96.2234,0.000000,0.000000,0.000000,above_band_high
2026-07-21T06:01:00Z,96.2600,0.000000,0.000000,0.000000,above_band_high
2026-07-21T06:02:00Z,96.2493,0.000000,0.000000,0.000000,above_band_high
2026-07-21T06:03:00Z,96.2234,0.000000,0.000000,0.000000,above_band_high
2026-07-21T06:04:00Z,96.2875,0.000000,0.000000,0.000000,above_band_high
2026-07-21T06:05:00Z,96.2356,0.000000,0.000000,0.000000,above_band_high
2026-07-21T06:06:00Z,96.2264,0.000000,0.000000,0.000000,above_band_high
2026-07-21T06:07:00Z,96.2875,0.000000,0.000000,0.000000,above_band_high
2026-07-21T06:08:00Z,96.2539,0.000000,0.000000,0.000000,above_band_high
2026-07-21T06:09:00Z,96.2600,0.000000,0.000000,0.000000,above_band_high
2026-07-21T06:10:00Z,96.2631,0.000000,0.000000,0.000000,above_band_high
2026-07-21T06:11:00Z,96.2310,0.000000,0.000000,0.000000,above_band_high
2026-07-21T06:12:00Z,96.2676,0.000000,0.000000,0.000000,above_band_high
2026-07-21T06:13:00Z,96.2463,0.000000,0.000000,0.000000,above_band_high
2026-07-21T06:14:00Z,96.2554,0.000000,0.000000,0.000000,above_band_high
2026-07-21T06:15:00Z,96.2722,0.000000,0.000000,0.000000,above_band_high
2026-07-21T06:16:00Z,96.2646,0.000000,0.000000,0.000000,above_band_high
2026-07-21T06:17:00Z,96.2539,0.000000,0.000000,0.000000,above_band_high
2026-07-21T06:18:00Z,96.2188,0.000000,0.000000,0.000000,above_band_high
2026-07-21T06:19:00Z,96.2371,0.000000,0.000000,0.000000,above_band_high
2026-07-21T06:20:00Z,96.2493,0.000000,0.000000,0.000000,above_band_high
2026-07-21T06:21:00Z,96.2646,0.000000,0.000000,0.000000,above_band_high
2026-07-21T06:22:00Z,96.2371,0.000000,0.000000,0.000000,above_band_high
2026-07-21T06:23:00Z,96.2783,0.000000,0.000000,0.000000,above_band_high
2026-07-21T06:24:00Z,96.2325,0.000000,0.000000,0.000000,above_band_high
2026-07-21T06:25:00Z,96.2554,0.000000,0.000000,0.000000,above_band_high
2026-07-21T06:26:00Z,96.2188,0.000000,0.000000,0.000000,above_band_high
2026-07-21T06:27:00Z,96.2142,0.000000,0.000000,0.000000,above_band_high
2026-07-21T06:28:00Z,96.2539,0.000000,0.000000,0.000000,above_band_high
2026-07-21T06:29:00Z,96.2356,0.000000,0.000000,0.000000,above_band_high
2026-07-21T06:30:00Z,96.2600,0.000000,0.000000,0.000000,above_band_high
2026-07-21T06:31:00Z,96.2493,0.000000,0.000000,0.000000,above_band_high
2026-07-21T06:32:00Z,96.2188,0.000000,0.000000,0.000000,above_band_high
2026-07-21T06:33:00Z,96.2264,0.000000,0.000000,0.000000,above_band_high
2026-07-21T06:34:00Z,96.2081,0.000000,0.000000,0.000000,above_band_high
2026-07-21T06:35:00Z,96.2325,0.000000,0.000000,0.000000,above_band_high
2026-07-21T06:36:00Z,96.2081,0.000000,0.000000,0.000000,above_band_high
2026-07-21T06:37:00Z,96.1913,0.000000,0.000000,0.000000,above_band_high
2026-07-21T06:38:00Z,96.2219,0.000000,0.000000,0.000000,above_band_high
2026-07-21T06:39:00Z,96.2493,0.000000,0.000000,0.000000,above_band_high
2026-07-21T06:40:00Z,96.2081,0.000000,0.000000,0.000000,above_band_high
2026-07-21T06:41:00Z,96.2264,0.000000,0.000000,0.000000,above_band_high
2026-07-21T06:42:00Z,96.2325,0.000000,0.000000,0.000000,above_band_high
2026-07-21T06:43:00Z,96.2264,0.000000,0.000000,0.000000,above_band_high
2026-07-21T06:44:00Z,96.2371,0.000000,0.000000,0.000000,above_band_high
2026-07-21T06:45:00Z,96.2310,0.000000,0.000000,0.000000,above_band_high
2026-07-21T06:46:00Z,96.2097,0.000000,0.000000,0.000000,above_band_high
2026-07-21T06:47:00Z,96.2371,0.000000,0.000000,0.000000,above_band_high
2026-07-21T06:48:03Z,96.2036,0.000000,0.000000,0.000000,above_band_high
2026-07-21T06:49:00Z,96.2463,0.000000,0.000000,0.000000,above_band_high
2026-07-21T06:50:00Z,96.2081,0.000000,0.000000,0.000000,above_band_high
2026-07-21T06:51:00Z,96.2631,0.000000,0.000000,0.000000,above_band_high
2026-07-21T06:52:00Z,96.1959,0.000000,0.000000,0.000000,above_band_high
2026-07-21T06:53:00Z,96.2005,0.000000,0.000000,0.000000,above_band_high
2026-07-21T06:54:00Z,96.2325,0.000000,0.000000,0.000000,above_band_high
2026-07-21T06:55:00Z,96.2219,0.000000,0.000000,0.000000,above_band_high
2026-07-21T06:56:00Z,96.2325,0.000000,0.000000,0.000000,above_band_high
2026-07-21T06:57:00Z,96.2539,0.000000,0.000000,0.000000,above_band_high
2026-07-21T06:58:00Z,96.2036,0.000000,0.000000,0.000000,above_band_high
2026-07-21T06:59:00Z,96.2310,0.000000,0.000000,0.000000,above_band_high
2026-07-21T07:00:00Z,96.2371,0.000000,0.000000,0.000000,above_band_high
2026-07-21T07:01:00Z,96.2005,0.000000,0.000000,0.000000,above_band_high
2026-07-21T07:02:00Z,96.2142,0.000000,0.000000,0.000000,above_band_high
2026-07-21T07:03:00Z,96.2600,0.000000,0.000000,0.000000,above_band_high
2026-07-21T07:04:00Z,96.2371,0.000000,0.000000,0.000000,above_band_high
2026-07-21T07:05:00Z,96.2402,0.000000,0.000000,0.000000,above_band_high
2026-07-21T07:06:00Z,96.2264,0.000000,0.000000,0.000000,above_band_high
2026-07-21T07:07:00Z,96.2325,0.000000,0.000000,0.000000,above_band_high
2026-07-21T07:08:00Z,96.2493,0.000000,0.000000,0.000000,above_band_high
2026-07-21T07:09:00Z,96.2081,0.000000,0.000000,0.000000,above_band_high
2026-07-21T07:10:00Z,96.2280,0.000000,0.000000,0.000000,above_band_high
2026-07-21T07:11:00Z,96.2142,0.000000,0.000000,0.000000,above_band_high
2026-07-21T07:12:00Z,96.2493,0.000000,0.000000,0.000000,above_band_high
2026-07-21T07:13:00Z,96.2493,0.000000,0.000000,0.000000,above_band_high
2026-07-21T07:14:00Z,96.2371,0.000000,0.000000,0.000000,above_band_high
2026-07-21T07:15:00Z,96.2188,0.000000,0.000000,0.000000,above_band_high
2026-07-21T07:16:00Z,96.2142,0.000000,0.000000,0.000000,above_band_high
2026-07-21T07:17:00Z,96.2127,0.000000,0.000000,0.000000,above_band_high
2026-07-21T07:18:00Z,96.2051,0.000000,0.000000,0.000000,above_band_high
2026-07-21T07:19:00Z,96.2585,0.000000,0.000000,0.000000,above_band_high
2026-07-21T07:20:00Z,96.1807,0.000000,0.000000,0.000000,above_band_high
2026-07-21T07:21:00Z,96.2325,0.000000,0.000000,0.000000,above_band_high
2026-07-21T07:22:00Z,96.2264,0.000000,0.000000,0.000000,above_band_high
2026-07-21T07:23:00Z,96.2264,0.000000,0.000000,0.000000,above_band_high
2026-07-21T07:24:00Z,96.2325,0.000000,0.000000,0.000000,above_band_high
2026-07-21T07:25:00Z,96.1807,0.000000,0.000000,0.000000,above_band_high
2026-07-21T07:26:00Z,96.2264,0.000000,0.000000,0.000000,above_band_high
2026-07-21T07:27:00Z,96.2219,0.000000,0.000000,0.000000,above_band_high
2026-07-21T07:28:00Z,96.1990,0.000000,0.000000,0.000000,above_band_high
2026-07-21T07:29:00Z,96.2127,0.000000,0.000000,0.000000,above_band_high
2026-07-21T07:30:00Z,96.2219,0.000000,0.000000,0.000000,above_band_high
2026-07-21T07:31:00Z,96.1944,0.000000,0.000000,0.000000,above_band_high
2026-07-21T07:32:00Z,96.1868,0.000000,0.000000,0.000000,above_band_high
2026-07-21T07:33:00Z,96.2051,0.000000,0.000000,0.000000,above_band_high
2026-07-21T07:34:00Z,96.2142,0.000000,0.000000,0.000000,above_band_high
2026-07-21T07:35:00Z,96.2051,0.000000,0.000000,0.000000,above_band_high
2026-07-21T07:36:00Z,96.2051,0.000000,0.000000,0.000000,above_band_high
2026-07-21T07:37:00Z,96.2264,0.000000,0.000000,0.000000,above_band_high
2026-07-21T07:38:00Z,96.2219,0.000000,0.000000,0.000000,above_band_high
2026-07-21T07:39:00Z,96.2188,0.000000,0.000000,0.000000,above_band_high
2026-07-21T07:40:00Z,96.2051,0.000000,0.000000,0.000000,above_band_high
2026-07-21T07:41:00Z,96.2448,0.000000,0.000000,0.000000,above_band_high
2026-07-21T07:42:00Z,96.1669,0.000000,0.000000,0.000000,above_band_high
2026-07-21T07:43:00Z,96.2036,0.000000,0.000000,0.000000,above_band_high
2026-07-21T07:44:00Z,96.2036,0.000000,0.000000,0.000000,above_band_high
2026-07-21T07:45:00Z,96.2051,0.000000,0.000000,0.000000,above_band_high
2026-07-21T07:46:00Z,96.1944,0.000000,0.000000,0.000000,above_band_high
2026-07-21T07:47:00Z,96.2142,0.000000,0.000000,0.000000,above_band_high
2026-07-21T07:48:00Z,96.1944,0.000000,0.000000,0.000000,above_band_high
2026-07-21T07:49:00Z,96.2448,0.000000,0.000000,0.000000,above_band_high
2026-07-21T07:50:00Z,96.2051,0.000000,0.000000,0.000000,above_band_high
2026-07-21T07:51:00Z,96.2402,0.000000,0.000000,0.000000,above_band_high
2026-07-21T07:52:00Z,96.2402,0.000000,0.000000,0.000000,above_band_high
2026-07-21T07:53:00Z,96.2264,0.000000,0.000000,0.000000,above_band_high
2026-07-21T07:54:00Z,96.1852,0.000000,0.000000,0.000000,above_band_high
2026-07-21T07:55:00Z,96.2371,0.000000,0.000000,0.000000,above_band_high
2026-07-21T07:56:00Z,96.2036,0.000000,0.000000,0.000000,above_band_high
2026-07-21T07:57:00Z,96.2646,0.000000,0.000000,0.000000,above_band_high
2026-07-21T07:58:00Z,96.2448,0.000000,0.000000,0.000000,above_band_high
2026-07-21T07:59:00Z,96.2509,0.000000,0.000000,0.000000,above_band_high
2026-07-21T08:00:00Z,96.2188,0.000000,0.000000,0.000000,above_band_high
2026-07-21T08:01:00Z,96.2402,0.000000,0.000000,0.000000,above_band_high
2026-07-21T08:02:00Z,96.2554,0.000000,0.000000,0.000000,above_band_high
2026-07-21T08:03:00Z,96.2264,0.000000,0.000000,0.000000,above_band_high
2026-07-21T08:04:00Z,96.2493,0.000000,0.000000,0.000000,above_band_high
2026-07-21T08:05:00Z,96.2692,0.000000,0.000000,0.000000,above_band_high
2026-07-21T08:06:00Z,96.2173,0.000000,0.000000,0.000000,above_band_high
2026-07-21T08:07:00Z,96.2493,0.000000,0.000000,0.000000,above_band_high
2026-07-21T08:08:00Z,96.2402,0.000000,0.000000,0.000000,above_band_high
2026-07-21T08:09:00Z,96.2509,0.000000,0.000000,0.000000,above_band_high
2026-07-21T08:10:00Z,96.2310,0.000000,0.000000,0.000000,above_band_high
2026-07-21T08:11:00Z,96.2631,0.000000,0.000000,0.000000,above_band_high
2026-07-21T08:12:00Z,96.2676,0.000000,0.000000,0.000000,above_band_high
2026-07-21T08:13:00Z,96.1868,0.000000,0.000000,0.000000,above_band_high
2026-07-21T08:14:00Z,96.2509,0.000000,0.000000,0.000000,above_band_high
2026-07-21T08:15:00Z,96.2631,0.000000,0.000000,0.000000,above_band_high
2026-07-21T08:16:00Z,96.2051,0.000000,0.000000,0.000000,above_band_high
2026-07-21T08:17:00Z,96.2417,0.000000,0.000000,0.000000,above_band_high
2026-07-21T08:18:00Z,96.2325,0.000000,0.000000,0.000000,above_band_high
2026-07-21T08:19:00Z,96.1807,0.000000,0.000000,0.000000,above_band_high
2026-07-21T08:20:00Z,96.1776,0.000000,0.000000,0.000000,above_band_high
2026-07-21T08:21:00Z,96.1913,0.000000,0.000000,0.000000,above_band_high
2026-07-21T08:22:00Z,96.2371,0.000000,0.000000,0.000000,above_band_high
2026-07-21T08:23:00Z,96.1990,0.000000,0.000000,0.000000,above_band_high
2026-07-21T08:24:00Z,96.1913,0.000000,0.000000,0.000000,above_band_high
2026-07-21T08:25:00Z,96.2173,0.000000,0.000000,0.000000,above_band_high
2026-07-21T08:26:00Z,96.2097,0.000000,0.000000,0.000000,above_band_high
2026-07-21T08:27:00Z,96.2173,0.000000,0.000000,0.000000,above_band_high
2026-07-21T08:28:00Z,96.2310,0.000000,0.000000,0.000000,above_band_high
2026-07-21T08:29:00Z,96.1944,0.000000,0.000000,0.000000,above_band_high
2026-07-21T08:30:00Z,96.1852,0.000000,0.000000,0.000000,above_band_high
2026-07-21T08:31:00Z,96.2127,0.000000,0.000000,0.000000,above_band_high
2026-07-21T08:32:00Z,96.1730,0.000000,0.000000,0.000000,above_band_high
2026-07-21T08:33:00Z,96.2264,0.000000,0.000000,0.000000,above_band_high
2026-07-21T08:34:00Z,96.2097,0.000000,0.000000,0.000000,above_band_high
2026-07-21T08:35:00Z,96.1685,0.000000,0.000000,0.000000,above_band_high
2026-07-21T08:36:00Z,96.2097,0.000000,0.000000,0.000000,above_band_high
2026-07-21T08:37:00Z,96.1807,0.000000,0.000000,0.000000,above_band_high
2026-07-21T08:38:00Z,96.1730,0.000000,0.000000,0.000000,above_band_high
2026-07-21T08:39:00Z,96.1807,0.000000,0.000000,0.000000,above_band_high
2026-07-21T08:40:00Z,96.2036,0.000000,0.000000,0.000000,above_band_high
2026-07-21T08:41:00Z,96.1868,0.000000,0.000000,0.000000,above_band_high
2026-07-21T08:42:00Z,96.2219,0.000000,0.000000,0.000000,above_band_high
2026-07-21T08:43:00Z,96.2142,0.000000,0.000000,0.000000,above_band_high
2026-07-21T08:44:00Z,96.1669,0.000000,0.000000,0.000000,above_band_high
2026-07-21T08:45:00Z,96.1990,0.000000,0.000000,0.000000,above_band_high
2026-07-21T08:46:00Z,96.1807,0.000000,0.000000,0.000000,above_band_high
2026-07-21T08:47:00Z,96.2219,0.000000,0.000000,0.000000,above_band_high
2026-07-21T08:48:00Z,96.1868,0.000000,0.000000,0.000000,above_band_high
2026-07-21T08:49:00Z,96.2036,0.000000,0.000000,0.000000,above_band_high
2026-07-21T08:50:00Z,96.2127,0.000000,0.000000,0.000000,above_band_high
2026-07-21T08:51:00Z,96.2188,0.000000,0.000000,0.000000,above_band_high
2026-07-21T08:52:00Z,96.1990,0.000000,0.000000,0.000000,above_band_high
2026-07-21T08:53:00Z,96.2325,0.000000,0.000000,0.000000,above_band_high
2026-07-21T08:54:00Z,96.2280,0.000000,0.000000,0.000000,above_band_high
2026-07-21T08:55:00Z,96.1730,0.000000,0.000000,0.000000,above_band_high
2026-07-21T08:56:00Z,96.2081,0.000000,0.000000,0.000000,above_band_high
2026-07-21T08:57:00Z,96.1761,0.000000,0.000000,0.000000,above_band_high
2026-07-21T08:58:00Z,96.2081,0.000000,0.000000,0.000000,above_band_high
2026-07-21T08:59:00Z,96.2142,0.000000,0.000000,0.000000,above_band_high
2026-07-21T09:00:00Z,96.1807,0.000000,0.000000,0.000000,above_band_high
2026-07-21T09:01:00Z,96.2127,0.000000,0.000000,0.000000,above_band_high
2026-07-21T09:02:00Z,96.1990,0.000000,0.000000,0.000000,above_band_high
2026-07-21T09:03:00Z,96.2188,0.000000,0.000000,0.000000,above_band_high
2026-07-21T09:04:00Z,96.2448,0.000000,0.000000,0.000000,above_band_high
2026-07-21T09:05:00Z,96.2448,0.000000,0.000000,0.000000,above_band_high
2026-07-21T09:06:00Z,96.1990,0.000000,0.000000,0.000000,above_band_high
2026-07-21T09:07:00Z,96.2325,0.000000,0.000000,0.000000,above_band_high
2026-07-21T09:08:00Z,96.2051,0.000000,0.000000,0.000000,above_band_high
2026-07-21T09:09:00Z,96.2188,0.000000,0.000000,0.000000,above_band_high
2026-07-21T09:10:00Z,96.1944,0.000000,0.000000,0.000000,above_band_high
2026-07-21T09:11:00Z,96.1990,0.000000,0.000000,0.000000,above_band_high
2026-07-21T09:12:00Z,96.1990,0.000000,0.000000,0.000000,above_band_high
2026-07-21T09:13:00Z,96.2036,0.000000,0.000000,0.000000,above_band_high
2026-07-21T09:14:00Z,96.2280,0.000000,0.000000,0.000000,above_band_high
2026-07-21T09:15:00Z,96.2142,0.000000,0.000000,0.000000,above_band_high
2026-07-21T09:16:00Z,96.1990,0.000000,0.000000,0.000000,above_band_high
2026-07-21T09:17:00Z,96.2142,0.000000,0.000000,0.000000,above_band_high
2026-07-21T09:18:00Z,96.2280,0.000000,0.000000,0.000000,above_band_high
2026-07-21T09:19:00Z,96.2036,0.000000,0.000000,0.000000,above_band_high
2026-07-21T09:20:00Z,96.2005,0.000000,0.000000,0.000000,above_band_high
2026-07-21T09:21:00Z,96.2127,0.000000,0.000000,0.000000,above_band_high
2026-07-21T09:22:00Z,96.2005,0.000000,0.000000,0.000000,above_band_high
2026-07-21T09:23:00Z,96.2081,0.000000,0.000000,0.000000,above_band_high
2026-07-21T09:24:00Z,96.1913,0.000000,0.000000,0.000000,above_band_high
2026-07-21T09:25:00Z,96.1913,0.000000,0.000000,0.000000,above_band_high
2026-07-21T09:26:00Z,96.1822,0.000000,0.000000,0.000000,above_band_high
2026-07-21T09:27:00Z,96.1868,0.000000,0.000000,0.000000,above_band_high
2026-07-21T09:28:00Z,96.1761,0.000000,0.000000,0.000000,above_band_high
2026-07-21T09:29:00Z,96.2036,0.000000,0.000000,0.000000,above_band_high
2026-07-21T09:30:00Z,96.1898,0.000000,0.000000,0.000000,above_band_high
2026-07-21T09:31:00Z,96.1822,0.000000,0.000000,0.000000,above_band_high
2026-07-21T09:32:00Z,96.2036,0.000000,0.000000,0.000000,above_band_high
2026-07-21T09:33:00Z,96.1898,0.000000,0.000000,0.000000,above_band_high
2026-07-21T09:34:00Z,96.2219,0.000000,0.000000,0.000000,above_band_high
2026-07-21T09:35:00Z,96.2097,0.000000,0.000000,0.000000,above_band_high
2026-07-21T09:36:00Z,96.1959,0.000000,0.000000,0.000000,above_band_high
2026-07-21T09:37:00Z,96.2036,0.000000,0.000000,0.000000,above_band_high
2026-07-21T09:38:00Z,96.2219,0.000000,0.000000,0.000000,above_band_high
2026-07-21T09:39:00Z,96.2142,0.000000,0.000000,0.000000,above_band_high
2026-07-21T09:40:00Z,96.2188,0.000000,0.000000,0.000000,above_band_high
2026-07-21T09:41:00Z,96.1913,0.000000,0.000000,0.000000,above_band_high
2026-07-21T09:42:00Z,96.1776,0.000000,0.000000,0.000000,above_band_high
2026-07-21T09:43:00Z,96.2142,0.000000,0.000000,0.000000,above_band_high
2026-07-21T09:44:00Z,96.1776,0.000000,0.000000,0.000000,above_band_high
2026-07-21T09:45:00Z,96.2097,0.000000,0.000000,0.000000,above_band_high
2026-07-21T09:46:00Z,96.2173,0.000000,0.000000,0.000000,above_band_high
2026-07-21T09:47:00Z,96.1898,0.000000,0.000000,0.000000,above_band_high
2026-07-21T09:48:00Z,96.1730,0.000000,0.000000,0.000000,above_band_high
2026-07-21T09:49:00Z,96.2173,0.000000,0.000000,0.000000,above_band_high
2026-07-21T09:50:00Z,96.2081,0.000000,0.000000,0.000000,above_band_high
2026-07-21T09:51:00Z,96.1807,0.000000,0.000000,0.000000,above_band_high
2026-07-21T09:52:00Z,96.1852,0.000000,0.000000,0.000000,above_band_high
2026-07-21T09:53:00Z,96.2036,0.000000,0.000000,0.000000,above_band_high
2026-07-21T09:54:00Z,96.1898,0.000000,0.000000,0.000000,above_band_high
2026-07-21T09:55:00Z,96.1852,0.000000,0.000000,0.000000,above_band_high
2026-07-21T09:56:00Z,96.2310,0.000000,0.000000,0.000000,above_band_high
2026-07-21T09:57:00Z,96.1913,0.000000,0.000000,0.000000,above_band_high
2026-07-21T09:58:00Z,96.2173,0.000000,0.000000,0.000000,above_band_high
2026-07-21T09:59:00Z,96.2493,0.000000,0.000000,0.000000,above_band_high
2026-07-21T10:00:00Z,96.2356,0.000000,0.000000,0.000000,above_band_high
2026-07-21T10:01:00Z,96.2127,0.000000,0.000000,0.000000,above_band_high
2026-07-21T10:02:00Z,96.2310,0.000000,0.000000,0.000000,above_band_high
2026-07-21T10:03:00Z,96.2036,0.000000,0.000000,0.000000,above_band_high
2026-07-21T10:04:00Z,96.2173,0.000000,0.000000,0.000000,above_band_high
2026-07-21T10:05:00Z,96.2036,0.000000,0.000000,0.000000,above_band_high
2026-07-21T10:06:00Z,96.2127,0.000000,0.000000,0.000000,above_band_high
2026-07-21T10:07:00Z,96.2509,0.000000,0.000000,0.000000,above_band_high
2026-07-21T10:08:00Z,96.2448,0.000000,0.000000,0.000000,above_band_high
2026-07-21T10:09:00Z,96.2234,0.000000,0.000000,0.000000,above_band_high
2026-07-21T10:10:00Z,96.2448,0.000000,0.000000,0.000000,above_band_high
2026-07-21T10:11:00Z,96.2234,0.000000,0.000000,0.000000,above_band_high
2026-07-21T10:12:00Z,96.2188,0.000000,0.000000,0.000000,above_band_high
2026-07-21T10:13:00Z,96.2356,0.000000,0.000000,0.000000,above_band_high
2026-07-21T10:14:00Z,96.2264,0.000000,0.000000,0.000000,above_band_high
2026-07-21T10:15:00Z,96.2448,0.000000,0.000000,0.000000,above_band_high
2026-07-21T10:16:00Z,96.2310,0.000000,0.000000,0.000000,above_band_high
2026-07-21T10:17:00Z,96.2356,0.000000,0.000000,0.000000,above_band_high
2026-07-21T10:18:00Z,96.2325,0.000000,0.000000,0.000000,above_band_high
2026-07-21T10:19:00Z,96.2371,0.000000,0.000000,0.000000,above_band_high
2026-07-21T10:20:00Z,96.2356,0.000000,0.000000,0.000000,above_band_high
2026-07-21T10:21:00Z,96.2264,0.000000,0.000000,0.000000,above_band_high
2026-07-21T10:22:00Z,96.2142,0.000000,0.000000,0.000000,above_band_high
2026-07-21T10:23:00Z,96.2371,0.000000,0.000000,0.000000,above_band_high
2026-07-21T10:24:00Z,96.2142,0.000000,0.000000,0.000000,above_band_high
2026-07-21T10:25:00Z,96.2310,0.000000,0.000000,0.000000,above_band_high
2026-07-21T10:26:00Z,96.2585,0.000000,0.000000,0.000000,above_band_high
2026-07-21T10:27:00Z,96.2417,0.000000,0.000000,0.000000,above_band_high
2026-07-21T10:28:00Z,96.2310,0.000000,0.000000,0.000000,above_band_high
2026-07-21T10:29:00Z,96.2417,0.000000,0.000000,0.000000,above_band_high
2026-07-21T10:30:00Z,96.2264,0.000000,0.000000,0.000000,above_band_high
2026-07-21T10:31:00Z,96.2417,0.000000,0.000000,0.000000,above_band_high
2026-07-21T10:32:00Z,96.2463,0.000000,0.000000,0.000000,above_band_high
2026-07-21T10:33:00Z,96.2005,0.000000,0.000000,0.000000,above_band_high
2026-07-21T10:34:00Z,96.2081,0.000000,0.000000,0.000000,above_band_high
2026-07-21T10:35:00Z,96.2310,0.000000,0.000000,0.000000,above_band_high
2026-07-21T10:36:00Z,96.2234,0.000000,0.000000,0.000000,above_band_high
2026-07-21T10:37:00Z,96.2005,0.000000,0.000000,0.000000,above_band_high
2026-07-21T10:38:00Z,96.2402,0.000000,0.000000,0.000000,above_band_high
2026-07-21T10:39:00Z,96.2051,0.000000,0.000000,0.000000,above_band_high
2026-07-21T10:40:00Z,96.2051,0.000000,0.000000,0.000000,above_band_high
2026-07-21T10:41:00Z,96.2051,0.000000,0.000000,0.000000,above_band_high
2026-07-21T10:42:00Z,96.2051,0.000000,0.000000,0.000000,above_band_high
2026-07-21T10:43:00Z,96.2356,0.000000,0.000000,0.000000,above_band_high
2026-07-21T10:44:00Z,96.2585,0.000000,0.000000,0.000000,above_band_high
2026-07-21T10:45:00Z,96.2005,0.000000,0.000000,0.000000,above_band_high
2026-07-21T10:46:00Z,96.2264,0.000000,0.000000,0.000000,above_band_high
2026-07-21T10:47:00Z,96.2310,0.000000,0.000000,0.000000,above_band_high
2026-07-21T10:48:00Z,96.2142,0.000000,0.000000,0.000000,above_band_high
2026-07-21T10:49:00Z,96.2051,0.000000,0.000000,0.000000,above_band_high
2026-07-21T10:50:00Z,96.2081,0.000000,0.000000,0.000000,above_band_high
2026-07-21T10:51:00Z,96.2692,0.000000,0.000000,0.000000,above_band_high
2026-07-21T10:52:00Z,96.2539,0.000000,0.000000,0.000000,above_band_high
2026-07-21T10:53:00Z,96.2188,0.000000,0.000000,0.000000,above_band_high
2026-07-21T10:54:00Z,96.2463,0.000000,0.000000,0.000000,above_band_high
2026-07-21T10:55:00Z,96.2356,0.000000,0.000000,0.000000,above_band_high
2026-07-21T10:56:00Z,96.2463,0.000000,0.000000,0.000000,above_band_high
2026-07-21T10:57:00Z,96.2768,0.000000,0.000000,0.000000,above_band_high
2026-07-21T10:58:00Z,96.2585,0.000000,0.000000,0.000000,above_band_high
2026-07-21T10:59:00Z,96.2463,0.000000,0.000000,0.000000,above_band_high
2026-07-21T11:00:00Z,96.2585,0.000000,0.000000,0.000000,above_band_high
2026-07-21T11:01:00Z,96.2417,0.000000,0.000000,0.000000,above_band_high
2026-07-21T11:02:00Z,96.2509,0.000000,0.000000,0.000000,above_band_high
2026-07-21T11:03:00Z,96.2310,0.000000,0.000000,0.000000,above_band_high
2026-07-21T11:04:00Z,96.2783,0.000000,0.000000,0.000000,above_band_high
2026-07-21T11:05:00Z,96.2509,0.000000,0.000000,0.000000,above_band_high
2026-07-21T11:06:00Z,96.2722,0.000000,0.000000,0.000000,above_band_high
2026-07-21T11:07:00Z,96.2860,0.000000,0.000000,0.000000,above_band_high
2026-07-21T11:08:00Z,96.2325,0.000000,0.000000,0.000000,above_band_high
2026-07-21T11:09:00Z,96.2951,0.000000,0.000000,0.000000,above_band_high
2026-07-21T11:10:00Z,96.2417,0.000000,0.000000,0.000000,above_band_high
2026-07-21T11:11:00Z,96.2783,0.000000,0.000000,0.000000,above_band_high
2026-07-21T11:12:00Z,96.2860,0.000000,0.000000,0.000000,above_band_high
2026-07-21T11:13:00Z,96.2676,0.000000,0.000000,0.000000,above_band_high
2026-07-21T11:14:00Z,96.2860,0.000000,0.000000,0.000000,above_band_high
2026-07-21T11:15:00Z,96.2463,0.000000,0.000000,0.000000,above_band_high
2026-07-21T11:16:00Z,96.2585,0.000000,0.000000,0.000000,above_band_high
2026-07-21T11:17:00Z,96.2585,0.000000,0.000000,0.000000,above_band_high
2026-07-21T11:18:00Z,96.2631,0.000000,0.000000,0.000000,above_band_high
2026-07-21T11:19:00Z,96.2646,0.000000,0.000000,0.000000,above_band_high
2026-07-21T11:20:00Z,96.2875,0.000000,0.000000,0.000000,above_band_high
2026-07-21T11:21:00Z,96.2676,0.000000,0.000000,0.000000,above_band_high
2026-07-21T11:22:00Z,96.2860,0.000000,0.000000,0.000000,above_band_high
2026-07-21T11:23:00Z,96.2463,0.000000,0.000000,0.000000,above_band_high
2026-07-21T11:24:00Z,96.2371,0.000000,0.000000,0.000000,above_band_high
2026-07-21T11:25:00Z,96.2325,0.000000,0.000000,0.000000,above_band_high
2026-07-21T11:26:00Z,96.2417,0.000000,0.000000,0.000000,above_band_high
2026-07-21T11:27:00Z,96.2600,0.000000,0.000000,0.000000,above_band_high
2026-07-21T11:28:00Z,96.2768,0.000000,0.000000,0.000000,above_band_high
2026-07-21T11:29:00Z,96.2325,0.000000,0.000000,0.000000,above_band_high
2026-07-21T11:30:00Z,96.2371,0.000000,0.000000,0.000000,above_band_high
2026-07-21T11:31:00Z,96.2783,0.000000,0.000000,0.000000,above_band_high
2026-07-21T11:32:00Z,96.2539,0.000000,0.000000,0.000000,above_band_high
2026-07-21T11:33:00Z,96.2829,0.000000,0.000000,0.000000,above_band_high
2026-07-21T11:34:00Z,96.2463,0.000000,0.000000,0.000000,above_band_high
2026-07-21T11:35:00Z,96.2676,0.000000,0.000000,0.000000,above_band_high
2026-07-21T11:36:00Z,96.2875,0.000000,0.000000,0.000000,above_band_high
2026-07-21T11:37:00Z,96.2631,0.000000,0.000000,0.000000,above_band_high
2026-07-21T11:38:00Z,96.2905,0.000000,0.000000,0.000000,above_band_high
2026-07-21T11:39:00Z,96.2676,0.000000,0.000000,0.000000,above_band_high
2026-07-21T11:40:00Z,96.2768,0.000000,0.000000,0.000000,above_band_high
2026-07-21T11:41:00Z,96.2692,0.000000,0.000000,0.000000,above_band_high
2026-07-21T11:42:00Z,96.2600,0.000000,0.000000,0.000000,above_band_high
2026-07-21T11:43:00Z,96.2829,0.000000,0.000000,0.000000,above_band_high
2026-07-21T11:44:00Z,96.2829,0.000000,0.000000,0.000000,above_band_high
2026-07-21T11:45:00Z,96.2951,0.000000,0.000000,0.000000,above_band_high
2026-07-21T11:46:00Z,96.2646,0.000000,0.000000,0.000000,above_band_high
2026-07-21T11:47:00Z,96.2722,0.000000,0.000000,0.000000,above_band_high
2026-07-21T11:48:00Z,96.2875,0.000000,0.000000,0.000000,above_band_high
2026-07-21T11:49:00Z,96.3272,0.000000,0.000000,0.000000,above_band_high
2026-07-21T11:50:00Z,96.3226,0.000000,0.000000,0.000000,above_band_high
2026-07-21T11:51:00Z,96.2921,0.000000,0.000000,0.000000,above_band_high
2026-07-21T11:52:00Z,96.2676,0.000000,0.000000,0.000000,above_band_high
2026-07-21T11:53:00Z,96.3607,0.000000,0.000000,0.000000,above_band_high
2026-07-21T11:54:00Z,96.3455,0.000000,0.000000,0.000000,above_band_high
2026-07-21T11:55:00Z,96.3058,0.000000,0.000000,0.000000,above_band_high
2026-07-21T11:56:00Z,96.3409,0.000000,0.000000,0.000000,above_band_high
2026-07-21T11:57:00Z,96.3363,0.000000,0.000000,0.000000,above_band_high
2026-07-21T11:58:00Z,96.2860,0.000000,0.000000,0.000000,above_band_high
2026-07-21T11:59:00Z,96.3333,0.000000,0.000000,0.000000,above_band_high
2026-07-21T12:00:00Z,96.3180,0.000000,0.000000,0.000000,above_band_high
2026-07-21T12:01:00Z,96.3058,0.000000,0.000000,0.000000,above_band_high
2026-07-21T12:02:00Z,96.3287,0.000000,0.000000,0.000000,above_band_high
2026-07-21T12:03:00Z,96.3516,0.000000,0.000000,0.000000,above_band_high
2026-07-21T12:04:00Z,96.2829,0.000000,0.000000,0.000000,above_band_high
2026-07-21T12:05:00Z,96.3195,0.000000,0.000000,0.000000,above_band_high
2026-07-21T12:06:00Z,96.3241,0.000000,0.000000,0.000000,above_band_high
2026-07-21T12:07:00Z,96.3317,0.000000,0.000000,0.000000,above_band_high
2026-07-21T12:08:00Z,96.2951,0.000000,0.000000,0.000000,above_band_high
2026-07-21T12:09:00Z,96.3195,0.000000,0.000000,0.000000,above_band_high
2026-07-21T12:10:00Z,96.3088,0.000000,0.000000,0.000000,above_band_high
2026-07-21T12:11:00Z,96.2951,0.000000,0.000000,0.000000,above_band_high
2026-07-21T12:12:00Z,96.3088,0.000000,0.000000,0.000000,above_band_high
2026-07-21T12:13:00Z,96.2737,0.000000,0.000000,0.000000,above_band_high
2026-07-21T12:14:00Z,96.2921,0.000000,0.000000,0.000000,above_band_high
2026-07-21T12:15:00Z,96.2676,0.000000,0.000000,0.000000,above_band_high
2026-07-21T12:16:00Z,96.2737,0.000000,0.000000,0.000000,above_band_high
2026-07-21T12:17:00Z,96.2325,0.000000,0.000000,0.000000,above_band_high
2026-07-21T12:18:00Z,96.2402,0.000000,0.000000,0.000000,above_band_high
2026-07-21T12:19:00Z,96.2509,0.000000,0.000000,0.000000,above_band_high
2026-07-21T12:20:00Z,96.2127,0.000000,0.000000,0.000000,above_band_high
2026-07-21T12:21:00Z,96.2280,0.000000,0.000000,0.000000,above_band_high
2026-07-21T12:22:00Z,96.2402,0.000000,0.000000,0.000000,above_band_high
2026-07-21T12:23:00Z,96.1990,0.000000,0.000000,0.000000,above_band_high
2026-07-21T12:24:00Z,96.2280,0.000000,0.000000,0.000000,above_band_high
2026-07-21T12:25:00Z,96.2509,0.000000,0.000000,0.000000,above_band_high
2026-07-21T12:26:00Z,96.2280,0.000000,0.000000,0.000000,above_band_high
2026-07-21T12:27:00Z,96.1822,0.000000,0.000000,0.000000,above_band_high
2026-07-21T12:28:00Z,96.2280,0.000000,0.000000,0.000000,above_band_high
2026-07-21T12:29:00Z,96.2005,0.000000,0.000000,0.000000,above_band_high
2026-07-21T12:30:00Z,96.2051,0.000000,0.000000,0.000000,above_band_high
2026-07-21T12:31:00Z,96.1624,0.000000,0.000000,0.000000,above_band_high
2026-07-21T12:32:00Z,96.1822,0.000000,0.000000,0.000000,above_band_high
2026-07-21T12:33:00Z,96.1440,0.000000,0.000000,0.000000,above_band_high
2026-07-21T12:34:00Z,96.1761,0.000000,0.000000,0.000000,above_band_high
2026-07-21T12:35:00Z,96.1730,0.000000,0.000000,0.000000,above_band_high
2026-07-21T12:36:00Z,96.2005,0.000000,0.000000,0.000000,above_band_high
2026-07-21T12:37:00Z,96.1532,0.000000,0.000000,0.000000,above_band_high
2026-07-21T12:38:00Z,96.1852,0.000000,0.000000,0.000000,above_band_high
2026-07-21T12:39:00Z,96.1776,0.000000,0.000000,0.000000,above_band_high
2026-07-21T12:40:00Z,96.1913,0.000000,0.000000,0.000000,above_band_high
2026-07-21T12:41:00Z,96.1456,0.000000,0.000000,0.000000,above_band_high
2026-07-21T12:42:00Z,96.1578,0.000000,0.000000,0.000000,above_band_high
2026-07-21T12:43:00Z,96.1395,0.000000,0.000000,0.000000,above_band_high
2026-07-21T12:44:00Z,96.1364,0.000000,0.000000,0.000000,above_band_high
2026-07-21T12:45:00Z,96.1456,0.000000,0.000000,0.000000,above_band_high
2026-07-21T12:46:00Z,96.1273,0.000000,0.000000,0.000000,above_band_high
2026-07-21T12:47:00Z,96.1227,0.000000,0.000000,0.000000,above_band_high
2026-07-21T12:48:00Z,96.0952,0.000000,0.000000,0.000000,above_band_high
2026-07-21T12:49:00Z,96.0952,0.000000,0.000000,0.000000,above_band_high
2026-07-21T12:50:00Z,96.1120,0.000000,0.000000,0.000000,above_band_high
2026-07-21T12:51:00Z,96.1135,0.000000,0.000000,0.000000,above_band_high
2026-07-21T12:52:00Z,96.1364,0.000000,0.000000,0.000000,above_band_high
2026-07-21T12:53:00Z,96.1181,0.000000,0.000000,0.000000,above_band_high
2026-07-21T12:54:00Z,96.1364,0.000000,0.000000,0.000000,above_band_high
2026-07-21T12:55:00Z,96.1135,0.000000,0.000000,0.000000,above_band_high
2026-07-21T12:56:00Z,96.1166,0.000000,0.000000,0.000000,above_band_high
2026-07-21T12:57:00Z,96.1273,0.000000,0.000000,0.000000,above_band_high
2026-07-21T12:58:00Z,96.1318,0.000000,0.000000,0.000000,above_band_high
2026-07-21T12:59:00Z,96.1440,0.000000,0.000000,0.000000,above_band_high
2026-07-21T13:00:00Z,96.1089,0.000000,0.000000,0.000000,above_band_high
2026-07-21T13:01:00Z,96.0983,0.000000,0.000000,0.000000,above_band_high
2026-07-21T13:02:00Z,96.0998,0.000000,0.000000,0.000000,above_band_high
2026-07-21T13:03:00Z,96.0906,0.000000,0.000000,0.000000,above_band_high
2026-07-21T13:04:00Z,96.1044,0.000000,0.000000,0.000000,above_band_high
2026-07-21T13:05:00Z,96.1166,0.000000,0.000000,0.000000,above_band_high
2026-07-21T13:06:00Z,96.0815,0.000000,0.000000,0.000000,above_band_high
2026-07-21T13:07:00Z,96.0937,0.000000,0.000000,0.000000,above_band_high
2026-07-21T13:08:00Z,96.0815,0.000000,0.000000,0.000000,above_band_high
2026-07-21T13:09:00Z,96.0662,0.000000,0.000000,0.000000,above_band_high
2026-07-21T13:10:00Z,96.0754,0.000000,0.000000,0.000000,above_band_high
2026-07-21T13:11:00Z,96.0540,0.000000,0.000000,0.000000,above_band_high
2026-07-21T13:12:00Z,96.0662,0.000000,0.000000,0.000000,above_band_high
2026-07-21T13:13:00Z,96.0296,0.000000,0.000000,0.000000,above_band_high
2026-07-21T13:14:00Z,96.0342,0.000000,0.000000,0.000000,above_band_high
2026-07-21T13:15:00Z,96.0342,0.000000,0.000000,0.000000,above_band_high
2026-07-21T13:16:00Z,96.0296,0.000000,0.000000,0.000000,above_band_high
2026-07-21T13:17:00Z,96.0159,0.000000,0.000000,0.000000,above_band_high
2026-07-21T13:18:00Z,96.0113,0.000000,0.000000,0.000000,above_band_high
2026-07-21T13:19:00Z,96.0021,0.000000,0.000000,0.000000,above_band_high
2026-07-21T13:20:00Z,96.0128,0.000000,0.000000,0.000000,above_band_high
2026-07-21T13:21:00Z,95.9762,0.000000,0.000000,0.000000,above_band_high
2026-07-21T13:22:00Z,95.9930,0.000000,0.000000,0.000000,above_band_high
2026-07-21T13:23:00Z,95.9884,0.000000,0.000000,0.000000,above_band_high
2026-07-21T13:24:00Z,95.9792,0.000000,0.000000,0.000000,above_band_high
2026-07-21T13:25:00Z,96.0067,0.000000,0.000000,0.000000,above_band_high
2026-07-21T13:26:00Z,95.9945,0.000000,0.000000,0.000000,above_band_high
2026-07-21T13:27:00Z,96.0067,0.000000,0.000000,0.000000,above_band_high
2026-07-21T13:28:00Z,96.0067,0.000000,0.000000,0.000000,above_band_high
2026-07-21T13:29:00Z,95.9625,0.000000,0.000000,0.000000,above_band_high
2026-07-21T13:30:00Z,95.9716,0.000000,0.000000,0.000000,above_band_high
2026-07-21T13:31:00Z,95.9899,0.000000,0.000000,0.000000,above_band_high
2026-07-21T13:32:00Z,95.9701,0.000000,0.000000,0.000000,above_band_high
2026-07-21T13:33:00Z,95.9518,0.000000,0.000000,0.000000,above_band_high
2026-07-21T13:34:00Z,95.9350,0.000000,0.000000,0.000000,above_band_high
2026-07-21T13:35:00Z,95.9289,0.000000,0.000000,0.000000,above_band_high
2026-07-21T13:36:00Z,95.9564,0.000000,0.000000,0.000000,above_band_high
2026-07-21T13:37:00Z,95.9426,0.000000,0.000000,0.000000,above_band_high
2026-07-21T13:38:00Z,95.9289,0.000000,0.000000,0.000000,above_band_high
2026-07-21T13:39:00Z,95.9167,0.000000,0.000000,0.000000,above_band_high
2026-07-21T13:40:00Z,95.9289,0.000000,0.000000,0.000000,above_band_high
2026-07-21T13:41:00Z,95.9426,0.000000,0.000000,0.000000,above_band_high
2026-07-21T13:42:00Z,95.9289,0.000000,0.000000,0.000000,above_band_high
2026-07-21T13:43:00Z,95.9625,0.000000,0.000000,0.000000,above_band_high
2026-07-21T13:44:00Z,95.9426,0.000000,0.000000,0.000000,above_band_high
2026-07-21T13:45:00Z,95.9152,0.000000,0.000000,0.000000,above_band_high
2026-07-21T13:46:00Z,95.9304,0.000000,0.000000,0.000000,above_band_high
2026-07-21T13:47:00Z,95.9533,0.000000,0.000000,0.000000,above_band_high
2026-07-21T13:48:00Z,95.9289,0.000000,0.000000,0.000000,above_band_high
2026-07-21T13:49:00Z,95.9258,0.000000,0.000000,0.000000,above_band_high
2026-07-21T13:50:00Z,95.9258,0.000000,0.000000,0.000000,above_band_high
2026-07-21T13:51:00Z,95.9152,0.000000,0.000000,0.000000,above_band_high
2026-07-21T13:52:00Z,95.9289,0.000000,0.000000,0.000000,above_band_high
2026-07-21T13:53:00Z,95.9442,0.000000,0.000000,0.000000,above_band_high
2026-07-21T13:54:00Z,95.8831,0.000000,0.000000,0.000000,above_band_high
2026-07-21T13:55:00Z,95.8923,0.000000,0.000000,0.000000,above_band_high
2026-07-21T13:56:00Z,95.8846,0.000000,0.000000,0.000000,above_band_high
2026-07-21T13:57:00Z,95.8938,0.000000,0.000000,0.000000,above_band_high
2026-07-21T13:58:00Z,95.8846,0.000000,0.000000,0.000000,above_band_high
2026-07-21T13:59:00Z,95.8968,0.000000,0.000000,0.000000,above_band_high
2026-07-21T14:00:00Z,95.8282,0.000000,0.000000,0.000000,above_band_high
2026-07-21T14:01:00Z,95.8434,0.000000,0.000000,0.000000,above_band_high
2026-07-21T14:02:00Z,95.8389,0.000000,0.000000,0.000000,above_band_high
2026-07-21T14:03:00Z,95.8556,0.000000,0.000000,0.000000,above_band_high
2026-07-21T14:04:00Z,95.8190,0.000000,0.000000,0.000000,above_band_high
2026-07-21T14:05:00Z,95.8480,0.000000,0.000000,0.000000,above_band_high
2026-07-21T14:06:00Z,95.8145,0.000000,0.000000,0.000000,above_band_high
2026-07-21T14:07:00Z,95.8465,0.000000,0.000000,0.000000,above_band_high
2026-07-21T14:08:00Z,95.8328,0.000000,0.000000,0.000000,above_band_high
2026-07-21T14:09:00Z,95.8099,0.000000,0.000000,0.000000,above_band_high
2026-07-21T14:10:00Z,95.8206,0.000000,0.000000,0.000000,above_band_high
2026-07-21T14:11:00Z,95.8160,0.000000,0.000000,0.000000,above_band_high
2026-07-21T14:12:00Z,95.7931,0.000000,0.000000,0.000000,above_band_high
2026-07-21T14:13:00Z,95.7885,0.000000,0.000000,0.000000,above_band_high
2026-07-21T14:14:00Z,95.7549,0.000000,0.000000,0.000000,above_band_high
2026-07-21T14:15:00Z,95.7961,0.000000,0.000000,0.000000,above_band_high
2026-07-21T14:16:00Z,95.7290,0.000000,0.000000,0.000000,above_band_high
2026-07-21T14:17:00Z,95.7595,0.000000,0.000000,0.000000,above_band_high
2026-07-21T14:18:00Z,95.7290,0.000000,0.000000,0.000000,above_band_high
2026-07-21T14:19:00Z,95.7229,0.000000,0.000000,0.000000,above_band_high
2026-07-21T14:20:00Z,95.6542,0.000000,0.000000,0.000000,above_band_high
2026-07-21T14:21:00Z,95.6741,0.000000,0.000000,0.000000,above_band_high
2026-07-21T14:22:00Z,95.6329,0.000000,0.000000,0.000000,above_band_high
2026-07-21T14:23:00Z,95.6512,0.000000,0.000000,0.000000,above_band_high
2026-07-21T14:24:00Z,95.5673,0.000000,0.000000,0.000000,above_band_high
2026-07-21T14:25:00Z,95.5718,0.000000,0.000000,0.000000,above_band_high
2026-07-21T14:26:02Z,95.5871,0.000000,0.000000,0.000000,above_band_high
2026-07-21T14:27:00Z,95.5413,0.000000,0.000000,0.000000,above_band_high
2026-07-21T14:28:00Z,95.5230,0.000000,0.000000,0.000000,above_band_high
2026-07-21T14:29:00Z,95.5077,0.000000,0.000000,0.000000,above_band_high
2026-07-21T14:30:00Z,95.4818,0.000000,0.000000,0.000000,above_band_high
2026-07-21T14:31:00Z,95.5077,0.000000,0.000000,0.000000,above_band_high
2026-07-21T14:32:00Z,95.4681,0.000000,0.000000,0.000000,above_band_high
2026-07-21T14:33:00Z,95.4498,0.000000,0.000000,0.000000,above_band_high
2026-07-21T14:34:00Z,95.4162,0.000000,0.000000,0.000000,above_band_high
2026-07-21T14:35:00Z,95.4437,0.000000,0.000000,0.000000,above_band_high
2026-07-21T14:36:00Z,95.3811,0.000000,0.000000,0.000000,above_band_high
2026-07-21T14:37:00Z,95.3948,0.000000,0.000000,0.000000,above_band_high
2026-07-21T14:38:00Z,95.3887,0.000000,0.000000,0.000000,above_band_high
2026-07-21T14:39:00Z,95.3307,0.000000,0.000000,0.000000,above_band_high
2026-07-21T14:40:00Z,95.3429,0.000000,0.000000,0.000000,above_band_high
2026-07-21T14:41:00Z,95.2987,0.000000,0.000000,0.000000,above_band_high
2026-07-21T14:42:00Z,95.2895,0.000000,0.000000,0.000000,above_band_high
2026-07-21T14:43:00Z,95.2712,0.000000,0.000000,0.000000,above_band_high
2026-07-21T14:44:00Z,95.2209,0.000000,0.000000,0.000000,above_band_high
2026-07-21T14:45:00Z,95.2438,0.000000,0.000000,0.000000,above_band_high
2026-07-21T14:46:00Z,95.2560,0.000000,0.000000,0.000000,above_band_high
2026-07-21T14:47:00Z,95.2102,0.000000,0.000000,0.000000,above_band_high
2026-07-21T14:48:00Z,95.2026,0.000000,0.000000,0.000000,above_band_high
2026-07-21T14:49:00Z,95.2392,0.000000,0.000000,0.000000,above_band_high
2026-07-21T14:50:00Z,95.2056,0.000000,0.000000,0.000000,above_band_high
2026-07-21T14:51:00Z,95.2209,0.000000,0.000000,0.000000,above_band_high
2026-07-21T14:52:00Z,95.2605,0.000000,0.000000,0.000000,above_band_high
2026-07-21T14:53:00Z,95.2300,0.000000,0.000000,0.000000,above_band_high
2026-07-21T14:54:00Z,95.2117,0.000000,0.000000,0.000000,above_band_high
2026-07-21T14:55:00Z,95.2483,0.000000,0.000000,0.000000,above_band_high
2026-07-21T14:56:00Z,95.2193,0.000000,0.000000,0.000000,above_band_high
2026-07-21T14:57:00Z,95.2422,0.000000,0.000000,0.000000,above_band_high
2026-07-21T14:58:00Z,95.2193,0.000000,0.000000,0.000000,above_band_high
2026-07-21T14:59:00Z,95.1614,0.000000,0.000000,0.000000,above_band_high
2026-07-21T15:00:00Z,95.1705,0.000000,0.000000,0.000000,above_band_high
2026-07-21T15:01:00Z,95.1141,0.000000,0.000000,0.000000,above_band_high
2026-07-21T15:02:00Z,95.1476,0.000000,0.000000,0.000000,above_band_high
2026-07-21T15:03:00Z,95.0958,0.000000,0.000000,0.000000,above_band_high
2026-07-21T15:04:00Z,95.0820,0.000000,0.000000,0.000000,above_band_high
2026-07-21T15:05:00Z,95.0881,0.000000,0.000000,0.000000,above_band_high
2026-07-21T15:06:00Z,95.0362,0.000000,0.000000,0.000000,above_band_high
2026-07-21T15:07:00Z,95.0195,0.000000,0.000000,0.000000,above_band_high
2026-07-21T15:08:00Z,95.0423,0.000000,0.000000,0.000000,above_band_high
2026-07-21T15:09:00Z,95.0179,0.000000,0.000000,0.000000,above_band_high
2026-07-21T15:10:00Z,95.0103,0.000000,0.000000,0.000000,above_band_high
2026-07-21T15:11:00Z,94.9950,0.000000,0.000000,0.000000,above_band_high
2026-07-21T15:12:00Z,94.9996,0.000000,0.000000,0.000000,above_band_high
2026-07-21T15:13:00Z,95.0088,0.000000,0.000000,0.000000,above_band_high
2026-07-21T15:14:00Z,95.0103,0.000000,0.000000,0.000000,above_band_high
2026-07-21T15:15:00Z,94.9508,0.000000,0.000000,0.000000,above_band_high
2026-07-21T15:16:00Z,94.9493,0.000000,0.000000,0.000000,above_band_high
2026-07-21T15:17:00Z,94.9493,0.000000,0.000000,0.000000,above_band_high
2026-07-21T15:18:00Z,94.9310,0.000000,0.000000,0.000000,above_band_high
2026-07-21T15:19:00Z,94.9355,0.000000,0.000000,0.000000,above_band_high
2026-07-21T15:20:00Z,94.9050,0.000000,0.000000,0.000000,above_band_high
2026-07-21T15:21:00Z,94.9233,0.000000,0.000000,0.000000,above_band_high
2026-07-21T15:22:00Z,94.9172,0.000000,0.000000,0.000000,above_band_high
2026-07-21T15:23:00Z,94.9310,0.000000,0.000000,0.000000,above_band_high
2026-07-21T15:24:00Z,94.9493,0.000000,0.000000,0.000000,above_band_high
2026-07-21T15:25:00Z,94.9493,0.000000,0.000000,0.000000,above_band_high
2026-07-21T15:26:00Z,94.9310,0.000000,0.000000,0.000000,above_band_high
2026-07-21T15:27:00Z,94.9554,0.000000,0.000000,0.000000,above_band_high
2026-07-21T15:28:00Z,94.9508,0.000000,0.000000,0.000000,above_band_high
2026-07-21T15:29:00Z,95.0011,0.000000,0.000000,0.000000,above_band_high
2026-07-21T15:30:00Z,94.9325,0.000000,0.000000,0.000000,above_band_high
2026-07-21T15:31:00Z,94.9310,0.000000,0.000000,0.000000,above_band_high
2026-07-21T15:32:00Z,94.9447,0.000000,0.000000,0.000000,above_band_high
2026-07-21T15:33:00Z,94.8623,0.000000,0.000000,0.000000,above_band_high
2026-07-21T15:34:00Z,94.8669,0.000000,0.000000,0.000000,above_band_high
2026-07-21T15:35:00Z,94.8318,0.000000,0.000000,0.000000,above_band_high
2026-07-21T15:36:00Z,94.8089,0.000000,0.000000,0.000000,above_band_high
2026-07-21T15:37:00Z,94.7677,0.000000,0.000000,0.000000,above_band_high
2026-07-21T15:38:00Z,94.7341,0.000000,0.000000,0.000000,above_band_high
2026-07-21T15:39:00Z,94.6807,0.000000,0.000000,0.000000,above_band_high
2026-07-21T15:40:00Z,94.6395,0.000000,0.000000,0.000000,above_band_high
2026-07-21T15:41:00Z,94.5846,0.000000,0.000000,0.000000,above_band_high
2026-07-21T15:42:00Z,94.5464,0.000000,0.000000,0.000000,above_band_high
2026-07-21T15:43:00Z,94.4961,0.000000,0.000000,0.000000,above_band_high
2026-07-21T15:44:00Z,94.4640,0.000000,0.000000,0.000000,above_band_high
2026-07-21T15:45:00Z,94.4045,0.000000,0.000000,0.000000,above_band_high
2026-07-21T15:46:00Z,94.4182,0.000000,0.000000,0.000000,above_band_high
2026-07-21T15:47:00Z,94.3679,0.000000,0.000000,0.000000,above_band_high
2026-07-21T15:48:00Z,94.3633,0.000000,0.000000,0.000000,above_band_high
2026-07-21T15:49:00Z,94.3374,0.000000,0.000000,0.000000,above_band_high
2026-07-21T15:50:00Z,94.3267,0.000000,0.000000,0.000000,above_band_high
2026-07-21T15:51:00Z,94.3557,0.000000,0.000000,0.000000,above_band_high
2026-07-21T15:52:00Z,94.3130,0.000000,0.000000,0.000000,above_band_high
2026-07-21T15:53:00Z,94.2870,0.000000,0.000000,0.000000,above_band_high
2026-07-21T15:54:00Z,94.2550,0.000000,0.000000,0.000000,above_band_high
2026-07-21T15:55:00Z,94.2031,0.000000,0.000000,0.000000,above_band_high
2026-07-21T15:56:00Z,94.1939,0.000000,0.000000,0.000000,above_band_high
2026-07-21T15:57:00Z,94.1817,0.000000,0.000000,0.000000,above_band_high
2026-07-21T15:58:00Z,94.1772,0.000000,0.000000,0.000000,above_band_high
2026-07-21T15:59:00Z,94.1939,0.000000,0.000000,0.000000,above_band_high
2026-07-21T16:00:00Z,94.1985,0.000000,0.000000,0.000000,above_band_high
2026-07-21T16:01:00Z,94.2443,0.000000,0.000000,0.000000,above_band_high
2026-07-21T16:02:00Z,94.2351,0.000000,0.000000,0.000000,above_band_high
2026-07-21T16:03:00Z,94.3130,0.000000,0.000000,0.000000,above_band_high
2026-07-21T16:04:00Z,94.3130,0.000000,0.000000,0.000000,above_band_high
2026-07-21T16:05:00Z,94.2992,0.000000,0.000000,0.000000,above_band_high
2026-07-21T16:06:00Z,94.3130,0.000000,0.000000,0.000000,above_band_high
2026-07-21T16:07:00Z,94.3008,0.000000,0.000000,0.000000,above_band_high
2026-07-21T16:08:00Z,94.2626,0.000000,0.000000,0.000000,above_band_high
2026-07-21T16:09:00Z,94.2535,0.000000,0.000000,0.000000,above_band_high
2026-07-21T16:10:00Z,94.2351,0.000000,0.000000,0.000000,above_band_high
2026-07-21T16:11:00Z,94.2138,0.000000,0.000000,0.000000,above_band_high
2026-07-21T16:12:00Z,94.2229,0.000000,0.000000,0.000000,above_band_high
2026-07-21T16:13:00Z,94.2184,0.000000,0.000000,0.000000,above_band_high
2026-07-21T16:14:00Z,94.2123,0.000000,0.000000,0.000000,above_band_high
2026-07-21T16:15:00Z,94.1909,0.000000,0.000000,0.000000,above_band_high
2026-07-21T16:16:00Z,94.1955,0.000000,0.000000,0.000000,above_band_high
2026-07-21T16:17:00Z,94.1527,0.000000,0.000000,0.000000,above_band_high
2026-07-21T16:18:00Z,94.2092,0.000000,0.000000,0.000000,above_band_high
2026-07-21T16:19:00Z,94.1756,0.000000,0.000000,0.000000,above_band_high
2026-07-21T16:20:00Z,94.1482,0.000000,0.000000,0.000000,above_band_high
2026-07-21T16:21:00Z,94.1405,0.000000,0.000000,0.000000,above_band_high
2026-07-21T16:22:00Z,94.1680,0.000000,0.000000,0.000000,above_band_high
2026-07-21T16:23:00Z,94.1222,0.000000,0.000000,0.000000,above_band_high
2026-07-21T16:24:00Z,94.0673,0.000000,0.000000,0.000000,above_band_high
2026-07-21T16:25:00Z,94.0764,0.000000,0.000000,0.000000,above_band_high
2026-07-21T16:26:00Z,94.0444,0.000000,0.000000,0.000000,above_band_high
2026-07-21T16:27:00Z,94.0398,0.000000,0.000000,0.000000,above_band_high
2026-07-21T16:28:00Z,94.0764,0.000000,0.000000,0.000000,above_band_high
2026-07-21T16:29:00Z,94.0475,0.000000,0.000000,0.000000,above_band_high
2026-07-21T16:30:00Z,94.0658,0.000000,0.000000,0.000000,above_band_high
2026-07-21T16:31:00Z,94.0673,0.000000,0.000000,0.000000,above_band_high
2026-07-21T16:32:00Z,94.0200,0.000000,0.000000,0.000000,above_band_high
2026-07-21T16:33:00Z,94.0154,0.000000,0.000000,0.000000,above_band_high
2026-07-21T16:34:00Z,93.9940,0.000000,0.000000,0.000000,above_band_high
2026-07-21T16:35:00Z,93.9422,0.000000,0.000000,0.000000,above_band_high
2026-07-21T16:36:00Z,93.9117,0.000000,0.000000,0.000000,above_band_high
2026-07-21T16:37:00Z,93.9483,0.000000,0.000000,0.000000,above_band_high
2026-07-21T16:38:00Z,93.8735,0.000000,0.000000,0.000000,above_band_high
2026-07-21T23:11:52Z,95.7000,0.000000,0.000000,0.000000,above_band_high
2026-07-21T23:12:00Z,95.6695,0.000000,0.000000,0.000000,above_band_high
2026-07-21T23:13:00Z,95.6741,0.000000,0.000000,0.000000,above_band_high
2026-07-21T23:14:00Z,95.7275,0.000000,0.000000,0.000000,above_band_high
2026-07-21T23:15:00Z,95.6741,0.000000,0.000000,0.000000,above_band_high
2026-07-21T23:16:00Z,95.7000,0.000000,0.000000,0.000000,above_band_high
2026-07-21T23:17:00Z,95.6634,0.000000,0.000000,0.000000,above_band_high
2026-07-21T23:18:00Z,95.6878,0.000000,0.000000,0.000000,above_band_high
2026-07-21T23:19:00Z,95.6588,0.000000,0.000000,0.000000,above_band_high
2026-07-21T23:20:00Z,95.6542,0.000000,0.000000,0.000000,above_band_high
2026-07-21T23:21:00Z,95.7290,0.000000,0.000000,0.000000,above_band_high
2026-07-21T23:22:00Z,95.7092,0.000000,0.000000,0.000000,above_band_high
2026-07-21T23:23:00Z,95.7366,0.000000,0.000000,0.000000,above_band_high
2026-07-21T23:24:00Z,95.7046,0.000000,0.000000,0.000000,above_band_high
2026-07-21T23:25:00Z,95.7321,0.000000,0.000000,0.000000,above_band_high
2026-07-21T23:26:00Z,95.7427,0.000000,0.000000,0.000000,above_band_high
2026-07-21T23:27:00Z,95.7290,0.000000,0.000000,0.000000,above_band_high
2026-07-21T23:28:00Z,95.7321,0.000000,0.000000,0.000000,above_band_high
2026-07-21T23:29:00Z,95.7290,0.000000,0.000000,0.000000,above_band_high
2026-07-21T23:30:00Z,95.7046,0.000000,0.000000,0.000000,above_band_high
2026-07-21T23:31:00Z,95.7290,0.000000,0.000000,0.000000,above_band_high
2026-07-21T23:32:00Z,95.6924,0.000000,0.000000,0.000000,above_band_high
2026-07-21T23:33:00Z,95.7137,0.000000,0.000000,0.000000,above_band_high
2026-07-21T23:34:00Z,95.7153,0.000000,0.000000,0.000000,above_band_high
2026-07-21T23:35:00Z,95.7321,0.000000,0.000000,0.000000,above_band_high
2026-07-21T23:36:00Z,95.7290,0.000000,0.000000,0.000000,above_band_high
2026-07-21T23:37:00Z,95.7015,0.000000,0.000000,0.000000,above_band_high
2026-07-21T23:38:00Z,95.7290,0.000000,0.000000,0.000000,above_band_high
2026-07-21T23:39:00Z,95.7183,0.000000,0.000000,0.000000,above_band_high
2026-07-21T23:40:00Z,95.7595,0.000000,0.000000,0.000000,above_band_high
2026-07-21T23:41:00Z,95.7290,0.000000,0.000000,0.000000,above_band_high
2026-07-21T23:42:00Z,95.7092,0.000000,0.000000,0.000000,above_band_high
2026-07-21T23:43:00Z,95.7000,0.000000,0.000000,0.000000,above_band_high
2026-07-21T23:44:00Z,95.7427,0.000000,0.000000,0.000000,above_band_high
2026-07-21T23:45:00Z,95.7198,0.000000,0.000000,0.000000,above_band_high
2026-07-21T23:46:00Z,95.7198,0.000000,0.000000,0.000000,above_band_high
2026-07-21T23:47:00Z,95.7473,0.000000,0.000000,0.000000,above_band_high
2026-07-21T23:48:00Z,95.7473,0.000000,0.000000,0.000000,above_band_high
2026-07-21T23:49:00Z,95.7427,0.000000,0.000000,0.000000,above_band_high
2026-07-21T23:50:00Z,95.7275,0.000000,0.000000,0.000000,above_band_high
2026-07-21T23:51:00Z,95.7427,0.000000,0.000000,0.000000,above_band_high
2026-07-21T23:52:00Z,95.7366,0.000000,0.000000,0.000000,above_band_high
2026-07-21T23:53:00Z,95.7382,0.000000,0.000000,0.000000,above_band_high
2026-07-21T23:54:00Z,95.7916,0.000000,0.000000,0.000000,above_band_high
2026-07-21T23:55:00Z,95.7519,0.000000,0.000000,0.000000,above_band_high
2026-07-21T23:56:00Z,95.7458,0.000000,0.000000,0.000000,above_band_high
2026-07-21T23:57:00Z,95.7595,0.000000,0.000000,0.000000,above_band_high
2026-07-21T23:58:00Z,95.7824,0.000000,0.000000,0.000000,above_band_high
2026-07-21T23:59:00Z,95.7733,0.000000,0.000000,0.000000,above_band_high
2026-07-22T00:00:00Z,95.7412,0.000000,0.000000,0.000000,above_band_high
2026-07-22T00:01:00Z,95.7778,0.000000,0.000000,0.000000,above_band_high
2026-07-22T00:02:00Z,95.7885,0.000000,0.000000,0.000000,above_band_high
2026-07-22T00:03:00Z,95.7931,0.000000,0.000000,0.000000,above_band_high
2026-07-22T00:04:00Z,95.7595,0.000000,0.000000,0.000000,above_band_high
2026-07-22T00:05:00Z,95.7519,0.000000,0.000000,0.000000,above_band_high
2026-07-22T00:06:00Z,95.7794,0.000000,0.000000,0.000000,above_band_high
2026-07-22T00:07:00Z,95.7473,0.000000,0.000000,0.000000,above_band_high
2026-07-22T00:08:00Z,95.7794,0.000000,0.000000,0.000000,above_band_high
2026-07-22T00:09:00Z,95.7473,0.000000,0.000000,0.000000,above_band_high
2026-07-22T00:10:00Z,95.7748,0.000000,0.000000,0.000000,above_band_high
2026-07-22T00:11:00Z,95.8007,0.000000,0.000000,0.000000,above_band_high
2026-07-22T00:12:00Z,95.7595,0.000000,0.000000,0.000000,above_band_high
2026-07-22T00:13:00Z,95.7641,0.000000,0.000000,0.000000,above_band_high
2026-07-22T00:14:00Z,95.7427,0.000000,0.000000,0.000000,above_band_high
2026-07-22T00:15:00Z,95.7733,0.000000,0.000000,0.000000,above_band_high
2026-07-22T00:16:00Z,95.7824,0.000000,0.000000,0.000000,above_band_high
2026-07-22T00:17:00Z,95.7427,0.000000,0.000000,0.000000,above_band_high
2026-07-22T00:18:00Z,95.7748,0.000000,0.000000,0.000000,above_band_high
2026-07-22T00:19:00Z,95.7641,0.000000,0.000000,0.000000,above_band_high
2026-07-22T00:20:00Z,95.7702,0.000000,0.000000,0.000000,above_band_high
2026-07-22T00:21:00Z,95.7565,0.000000,0.000000,0.000000,above_band_high
2026-07-22T00:22:00Z,95.7641,0.000000,0.000000,0.000000,above_band_high
2026-07-22T00:23:00Z,95.7565,0.000000,0.000000,0.000000,above_band_high
2026-07-22T00:24:00Z,95.7977,0.000000,0.000000,0.000000,above_band_high
2026-07-22T00:25:00Z,95.7366,0.000000,0.000000,0.000000,above_band_high
2026-07-22T00:26:00Z,95.7153,0.000000,0.000000,0.000000,above_band_high
2026-07-22T00:27:00Z,95.7748,0.000000,0.000000,0.000000,above_band_high
2026-07-22T00:28:00Z,95.7778,0.000000,0.000000,0.000000,above_band_high
2026-07-22T00:29:00Z,95.7610,0.000000,0.000000,0.000000,above_band_high
2026-07-22T00:30:00Z,95.7229,0.000000,0.000000,0.000000,above_band_high
2026-07-22T00:31:00Z,95.7916,0.000000,0.000000,0.000000,above_band_high
2026-07-22T00:32:00Z,95.7702,0.000000,0.000000,0.000000,above_band_high
2026-07-22T00:33:00Z,95.7412,0.000000,0.000000,0.000000,above_band_high
2026-07-22T00:34:00Z,95.7794,0.000000,0.000000,0.000000,above_band_high
2026-07-22T00:35:00Z,95.7412,0.000000,0.000000,0.000000,above_band_high
2026-07-22T00:36:00Z,95.8114,0.000000,0.000000,0.000000,above_band_high
2026-07-22T00:37:00Z,95.7794,0.000000,0.000000,0.000000,above_band_high
2026-07-22T00:38:00Z,95.7870,0.000000,0.000000,0.000000,above_band_high
2026-07-22T00:39:00Z,95.7870,0.000000,0.000000,0.000000,above_band_high
2026-07-22T00:40:00Z,95.7839,0.000000,0.000000,0.000000,above_band_high
2026-07-22T00:41:00Z,95.8053,0.000000,0.000000,0.000000,above_band_high
2026-07-22T00:42:00Z,95.8206,0.000000,0.000000,0.000000,above_band_high
2026-07-22T00:43:00Z,95.8068,0.000000,0.000000,0.000000,above_band_high
2026-07-22T00:44:00Z,95.8053,0.000000,0.000000,0.000000,above_band_high
2026-07-22T00:45:00Z,95.8114,0.000000,0.000000,0.000000,above_band_high
2026-07-22T00:46:00Z,95.7870,0.000000,0.000000,0.000000,above_band_high
2026-07-22T00:47:00Z,95.8068,0.000000,0.000000,0.000000,above_band_high
2026-07-22T00:48:00Z,95.7961,0.000000,0.000000,0.000000,above_band_high
2026-07-22T00:49:00Z,95.8297,0.000000,0.000000,0.000000,above_band_high
2026-07-22T00:50:00Z,95.8343,0.000000,0.000000,0.000000,above_band_high
2026-07-22T00:51:00Z,95.8236,0.000000,0.000000,0.000000,above_band_high
2026-07-22T00:52:00Z,95.8007,0.000000,0.000000,0.000000,above_band_high
2026-07-22T00:53:00Z,95.8343,0.000000,0.000000,0.000000,above_band_high
2026-07-22T00:54:00Z,95.7839,0.000000,0.000000,0.000000,above_band_high
2026-07-22T00:55:00Z,95.8343,0.000000,0.000000,0.000000,above_band_high
2026-07-22T00:56:00Z,95.8190,0.000000,0.000000,0.000000,above_band_high
2026-07-22T00:57:00Z,95.8465,0.000000,0.000000,0.000000,above_band_high
2026-07-22T00:58:00Z,95.8343,0.000000,0.000000,0.000000,above_band_high
2026-07-22T00:59:00Z,95.8282,0.000000,0.000000,0.000000,above_band_high
2026-07-22T01:00:00Z,95.8343,0.000000,0.000000,0.000000,above_band_high
2026-07-22T01:01:00Z,95.8602,0.000000,0.000000,0.000000,above_band_high
2026-07-22T01:02:00Z,95.8556,0.000000,0.000000,0.000000,above_band_high
2026-07-22T01:03:00Z,95.8572,0.000000,0.000000,0.000000,above_band_high
2026-07-22T01:04:00Z,95.8801,0.000000,0.000000,0.000000,above_band_high
2026-07-22T01:05:00Z,95.8968,0.000000,0.000000,0.000000,above_band_high
2026-07-22T01:06:00Z,95.8923,0.000000,0.000000,0.000000,above_band_high
2026-07-22T01:07:00Z,95.8602,0.000000,0.000000,0.000000,above_band_high
2026-07-22T01:08:00Z,95.8648,0.000000,0.000000,0.000000,above_band_high
2026-07-22T01:09:00Z,95.8938,0.000000,0.000000,0.000000,above_band_high
2026-07-22T01:10:00Z,95.8938,0.000000,0.000000,0.000000,above_band_high
2026-07-22T01:11:00Z,95.8938,0.000000,0.000000,0.000000,above_band_high
2026-07-22T01:12:00Z,95.9030,0.000000,0.000000,0.000000,above_band_high
2026-07-22T01:13:00Z,95.9213,0.000000,0.000000,0.000000,above_band_high
2026-07-22T01:14:00Z,95.9258,0.000000,0.000000,0.000000,above_band_high
2026-07-22T01:15:00Z,95.9304,0.000000,0.000000,0.000000,above_band_high
2026-07-22T01:16:00Z,95.8938,0.000000,0.000000,0.000000,above_band_high
2026-07-22T01:17:00Z,95.8923,0.000000,0.000000,0.000000,above_band_high
2026-07-22T01:18:00Z,95.9030,0.000000,0.000000,0.000000,above_band_high
2026-07-22T01:19:00Z,95.9152,0.000000,0.000000,0.000000,above_band_high
2026-07-22T01:20:00Z,95.8877,0.000000,0.000000,0.000000,above_band_high
2026-07-22T01:21:00Z,95.9258,0.000000,0.000000,0.000000,above_band_high
2026-07-22T01:22:00Z,95.9014,0.000000,0.000000,0.000000,above_band_high
2026-07-22T01:23:00Z,95.9335,0.000000,0.000000,0.000000,above_band_high
2026-07-22T01:24:00Z,95.9213,0.000000,0.000000,0.000000,above_band_high
2026-07-22T01:25:00Z,95.9197,0.000000,0.000000,0.000000,above_band_high
2026-07-22T01:26:00Z,95.9152,0.000000,0.000000,0.000000,above_band_high
2026-07-22T01:27:00Z,95.9655,0.000000,0.000000,0.000000,above_band_high
2026-07-22T01:28:00Z,95.9533,0.000000,0.000000,0.000000,above_band_high
2026-07-22T01:29:00Z,95.9426,0.000000,0.000000,0.000000,above_band_high
2026-07-22T01:30:00Z,95.9380,0.000000,0.000000,0.000000,above_band_high
2026-07-22T01:31:00Z,95.9426,0.000000,0.000000,0.000000,above_band_high
2026-07-22T01:32:00Z,95.9380,0.000000,0.000000,0.000000,above_band_high
2026-07-22T01:33:00Z,95.9350,0.000000,0.000000,0.000000,above_band_high
2026-07-22T01:34:00Z,95.9716,0.000000,0.000000,0.000000,above_band_high
2026-07-22T01:35:00Z,95.9564,0.000000,0.000000,0.000000,above_band_high
2026-07-22T01:36:00Z,95.9487,0.000000,0.000000,0.000000,above_band_high
2026-07-22T01:37:00Z,95.9564,0.000000,0.000000,0.000000,above_band_high
2026-07-22T01:38:00Z,95.9762,0.000000,0.000000,0.000000,above_band_high
2026-07-22T01:39:00Z,95.9533,0.000000,0.000000,0.000000,above_band_high
2026-07-22T01:40:00Z,95.9808,0.000000,0.000000,0.000000,above_band_high
2026-07-22T01:41:00Z,96.0174,0.000000,0.000000,0.000000,above_band_high
2026-07-22T01:42:00Z,96.0021,0.000000,0.000000,0.000000,above_band_high
2026-07-22T01:43:00Z,95.9747,0.000000,0.000000,0.000000,above_band_high
2026-07-22T01:44:00Z,96.0113,0.000000,0.000000,0.000000,above_band_high
2026-07-22T01:45:00Z,95.9930,0.000000,0.000000,0.000000,above_band_high
2026-07-22T01:46:00Z,96.0113,0.000000,0.000000,0.000000,above_band_high
2026-07-22T01:47:00Z,96.0204,0.000000,0.000000,0.000000,above_band_high
2026-07-22T01:48:00Z,96.0342,0.000000,0.000000,0.000000,above_band_high
2026-07-22T01:49:00Z,95.9884,0.000000,0.000000,0.000000,above_band_high
2026-07-22T01:50:00Z,96.0128,0.000000,0.000000,0.000000,above_band_high
2026-07-22T01:51:00Z,96.0021,0.000000,0.000000,0.000000,above_band_high
2026-07-22T01:52:00Z,96.0403,0.000000,0.000000,0.000000,above_band_high
2026-07-22T01:53:00Z,96.0128,0.000000,0.000000,0.000000,above_band_high
2026-07-22T01:54:00Z,96.0128,0.000000,0.000000,0.000000,above_band_high
2026-07-22T01:55:00Z,96.0266,0.000000,0.000000,0.000000,above_band_high
2026-07-22T01:56:00Z,96.0403,0.000000,0.000000,0.000000,above_band_high
2026-07-22T01:57:00Z,96.0357,0.000000,0.000000,0.000000,above_band_high
2026-07-22T01:58:00Z,96.0449,0.000000,0.000000,0.000000,above_band_high
2026-07-22T01:59:00Z,96.0296,0.000000,0.000000,0.000000,above_band_high
2026-07-22T02:00:00Z,96.0632,0.000000,0.000000,0.000000,above_band_high
2026-07-22T02:01:00Z,96.0174,0.000000,0.000000,0.000000,above_band_high
2026-07-22T02:02:00Z,96.0571,0.000000,0.000000,0.000000,above_band_high
2026-07-22T02:03:00Z,96.0540,0.000000,0.000000,0.000000,above_band_high
2026-07-22T02:04:00Z,96.0662,0.000000,0.000000,0.000000,above_band_high
2026-07-22T02:05:00Z,96.0525,0.000000,0.000000,0.000000,above_band_high
2026-07-22T02:06:00Z,96.0525,0.000000,0.000000,0.000000,above_band_high
2026-07-22T02:07:00Z,96.0449,0.000000,0.000000,0.000000,above_band_high
2026-07-22T02:08:00Z,96.0479,0.000000,0.000000,0.000000,above_band_high
2026-07-22T02:09:00Z,96.0723,0.000000,0.000000,0.000000,above_band_high
2026-07-22T02:10:00Z,96.0403,0.000000,0.000000,0.000000,above_band_high
2026-07-22T02:11:00Z,96.0479,0.000000,0.000000,0.000000,above_band_high
2026-07-22T02:12:00Z,96.0708,0.000000,0.000000,0.000000,above_band_high
2026-07-22T02:13:00Z,96.0388,0.000000,0.000000,0.000000,above_band_high
2026-07-22T02:14:00Z,96.0128,0.000000,0.000000,0.000000,above_band_high
2026-07-22T02:15:00Z,96.0769,0.000000,0.000000,0.000000,above_band_high
2026-07-22T02:16:00Z,96.0937,0.000000,0.000000,0.000000,above_band_high
2026-07-22T02:17:00Z,96.0754,0.000000,0.000000,0.000000,above_band_high
2026-07-22T02:18:00Z,96.0586,0.000000,0.000000,0.000000,above_band_high
2026-07-22T02:19:00Z,96.0632,0.000000,0.000000,0.000000,above_band_high
2026-07-22T02:20:00Z,96.0937,0.000000,0.000000,0.000000,above_band_high
2026-07-22T02:21:00Z,96.0983,0.000000,0.000000,0.000000,above_band_high
2026-07-22T02:22:00Z,96.0571,0.000000,0.000000,0.000000,above_band_high
2026-07-22T02:23:00Z,96.0571,0.000000,0.000000,0.000000,above_band_high
2026-07-22T02:24:00Z,96.0571,0.000000,0.000000,0.000000,above_band_high
2026-07-22T02:25:00Z,96.0525,0.000000,0.000000,0.000000,above_band_high
2026-07-22T02:26:00Z,96.0586,0.000000,0.000000,0.000000,above_band_high
2026-07-22T02:27:00Z,96.0845,0.000000,0.000000,0.000000,above_band_high
2026-07-22T02:28:00Z,96.0723,0.000000,0.000000,0.000000,above_band_high
2026-07-22T02:29:00Z,96.0571,0.000000,0.000000,0.000000,above_band_high
2026-07-22T02:30:00Z,96.0861,0.000000,0.000000,0.000000,above_band_high
2026-07-22T02:31:00Z,96.0342,0.000000,0.000000,0.000000,above_band_high
2026-07-22T02:32:00Z,96.0342,0.000000,0.000000,0.000000,above_band_high
2026-07-22T02:33:00Z,96.1028,0.000000,0.000000,0.000000,above_band_high
2026-07-22T02:34:00Z,96.0678,0.000000,0.000000,0.000000,above_band_high
2026-07-22T02:35:00Z,96.0403,0.000000,0.000000,0.000000,above_band_high
2026-07-22T02:36:00Z,96.0800,0.000000,0.000000,0.000000,above_band_high
2026-07-22T02:37:00Z,96.0586,0.000000,0.000000,0.000000,above_band_high
2026-07-22T02:38:00Z,96.0723,0.000000,0.000000,0.000000,above_band_high
2026-07-22T02:39:00Z,96.0723,0.000000,0.000000,0.000000,above_band_high
2026-07-22T02:40:00Z,96.1181,0.000000,0.000000,0.000000,above_band_high
2026-07-22T02:41:00Z,96.1028,0.000000,0.000000,0.000000,above_band_high
2026-07-22T02:42:00Z,96.0845,0.000000,0.000000,0.000000,above_band_high
2026-07-22T02:43:00Z,96.0845,0.000000,0.000000,0.000000,above_band_high
2026-07-22T02:44:00Z,96.0662,0.000000,0.000000,0.000000,above_band_high
2026-07-22T02:45:00Z,96.0845,0.000000,0.000000,0.000000,above_band_high
2026-07-22T02:46:00Z,96.1181,0.000000,0.000000,0.000000,above_band_high
2026-07-22T02:47:00Z,96.0861,0.000000,0.000000,0.000000,above_band_high
2026-07-22T02:48:00Z,96.1028,0.000000,0.000000,0.000000,above_band_high
2026-07-22T02:49:00Z,96.0845,0.000000,0.000000,0.000000,above_band_high
2026-07-22T02:50:00Z,96.1135,0.000000,0.000000,0.000000,above_band_high
2026-07-22T02:51:00Z,96.1028,0.000000,0.000000,0.000000,above_band_high
2026-07-22T02:52:00Z,96.0983,0.000000,0.000000,0.000000,above_band_high
2026-07-22T02:53:00Z,96.1257,0.000000,0.000000,0.000000,above_band_high
2026-07-22T02:54:00Z,96.1212,0.000000,0.000000,0.000000,above_band_high
2026-07-22T02:55:00Z,96.1135,0.000000,0.000000,0.000000,above_band_high
2026-07-22T02:56:00Z,96.0906,0.000000,0.000000,0.000000,above_band_high
2026-07-22T02:57:00Z,96.1028,0.000000,0.000000,0.000000,above_band_high
2026-07-22T02:58:00Z,96.1074,0.000000,0.000000,0.000000,above_band_high
2026-07-22T02:59:00Z,96.1212,0.000000,0.000000,0.000000,above_band_high
2026-07-22T03:00:00Z,96.1318,0.000000,0.000000,0.000000,above_band_high
2026-07-22T03:01:00Z,96.1212,0.000000,0.000000,0.000000,above_band_high
2026-07-22T03:02:00Z,96.1135,0.000000,0.000000,0.000000,above_band_high
2026-07-22T03:03:00Z,96.0937,0.000000,0.000000,0.000000,above_band_high
2026-07-22T03:04:00Z,96.1532,0.000000,0.000000,0.000000,above_band_high
2026-07-22T03:05:00Z,96.1135,0.000000,0.000000,0.000000,above_band_high
2026-07-22T03:06:00Z,96.1364,0.000000,0.000000,0.000000,above_band_high
2026-07-22T03:07:00Z,96.1440,0.000000,0.000000,0.000000,above_band_high
2026-07-22T03:08:00Z,96.1364,0.000000,0.000000,0.000000,above_band_high
2026-07-22T03:09:00Z,96.1135,0.000000,0.000000,0.000000,above_band_high
2026-07-22T03:10:00Z,96.1135,0.000000,0.000000,0.000000,above_band_high
2026-07-22T03:11:00Z,96.1135,0.000000,0.000000,0.000000,above_band_high
2026-07-22T03:12:00Z,96.1318,0.000000,0.000000,0.000000,above_band_high
2026-07-22T03:13:00Z,96.1395,0.000000,0.000000,0.000000,above_band_high
2026-07-22T03:14:00Z,96.1364,0.000000,0.000000,0.000000,above_band_high
2026-07-22T03:15:00Z,96.0906,0.000000,0.000000,0.000000,above_band_high
2026-07-22T03:16:00Z,96.1578,0.000000,0.000000,0.000000,above_band_high
2026-07-22T03:17:00Z,96.1547,0.000000,0.000000,0.000000,above_band_high
2026-07-22T03:18:00Z,96.1364,0.000000,0.000000,0.000000,above_band_high
2026-07-22T03:19:00Z,96.1578,0.000000,0.000000,0.000000,above_band_high
2026-07-22T03:20:00Z,96.1364,0.000000,0.000000,0.000000,above_band_high
2026-07-22T03:21:00Z,96.1364,0.000000,0.000000,0.000000,above_band_high
2026-07-22T03:22:00Z,96.1028,0.000000,0.000000,0.000000,above_band_high
2026-07-22T03:23:00Z,96.1166,0.000000,0.000000,0.000000,above_band_high
2026-07-22T03:24:00Z,96.1257,0.000000,0.000000,0.000000,above_band_high
2026-07-22T03:25:00Z,96.1547,0.000000,0.000000,0.000000,above_band_high
2026-07-22T03:26:00Z,96.1486,0.000000,0.000000,0.000000,above_band_high
2026-07-22T03:27:00Z,96.1318,0.000000,0.000000,0.000000,above_band_high
2026-07-22T03:28:00Z,96.1440,0.000000,0.000000,0.000000,above_band_high
2026-07-22T03:29:00Z,96.1257,0.000000,0.000000,0.000000,above_band_high
2026-07-22T03:30:00Z,96.1044,0.000000,0.000000,0.000000,above_band_high
2026-07-22T03:31:00Z,96.1410,0.000000,0.000000,0.000000,above_band_high
2026-07-22T03:32:00Z,96.1303,0.000000,0.000000,0.000000,above_band_high
2026-07-22T03:33:00Z,96.1181,0.000000,0.000000,0.000000,above_band_high
2026-07-22T03:34:00Z,96.1166,0.000000,0.000000,0.000000,above_band_high
2026-07-22T03:35:00Z,96.1501,0.000000,0.000000,0.000000,above_band_high
2026-07-22T03:36:00Z,96.1364,0.000000,0.000000,0.000000,above_band_high
2026-07-22T03:37:00Z,96.1501,0.000000,0.000000,0.000000,above_band_high
2026-07-22T03:38:00Z,96.1135,0.000000,0.000000,0.000000,above_band_high
2026-07-22T03:39:00Z,96.1257,0.000000,0.000000,0.000000,above_band_high
2026-07-22T03:40:00Z,96.1410,0.000000,0.000000,0.000000,above_band_high
2026-07-22T03:41:00Z,96.1440,0.000000,0.000000,0.000000,above_band_high
2026-07-22T03:42:00Z,96.1547,0.000000,0.000000,0.000000,above_band_high
2026-07-22T03:43:00Z,96.1212,0.000000,0.000000,0.000000,above_band_high
2026-07-22T03:44:00Z,96.1212,0.000000,0.000000,0.000000,above_band_high
2026-07-22T03:45:00Z,96.1135,0.000000,0.000000,0.000000,above_band_high
2026-07-22T03:46:00Z,96.1135,0.000000,0.000000,0.000000,above_band_high
2026-07-22T03:47:00Z,96.1501,0.000000,0.000000,0.000000,above_band_high
2026-07-22T03:48:00Z,96.1257,0.000000,0.000000,0.000000,above_band_high
2026-07-22T03:49:00Z,96.1135,0.000000,0.000000,0.000000,above_band_high
2026-07-22T03:50:00Z,96.1593,0.000000,0.000000,0.000000,above_band_high
2026-07-22T03:51:00Z,96.1639,0.000000,0.000000,0.000000,above_band_high
2026-07-22T03:52:00Z,96.1410,0.000000,0.000000,0.000000,above_band_high
2026-07-22T03:53:00Z,96.1303,0.000000,0.000000,0.000000,above_band_high
2026-07-22T03:54:00Z,96.1501,0.000000,0.000000,0.000000,above_band_high
2026-07-22T03:55:00Z,96.1440,0.000000,0.000000,0.000000,above_band_high
2026-07-22T03:56:00Z,96.1639,0.000000,0.000000,0.000000,above_band_high
2026-07-22T03:57:00Z,96.1669,0.000000,0.000000,0.000000,above_band_high
2026-07-22T03:58:00Z,96.1303,0.000000,0.000000,0.000000,above_band_high
2026-07-22T03:59:00Z,96.1578,0.000000,0.000000,0.000000,above_band_high
2026-07-22T04:00:00Z,96.1715,0.000000,0.000000,0.000000,above_band_high
2026-07-22T04:01:00Z,96.1669,0.000000,0.000000,0.000000,above_band_high
2026-07-22T04:02:00Z,96.1547,0.000000,0.000000,0.000000,above_band_high
2026-07-22T04:03:00Z,96.1486,0.000000,0.000000,0.000000,above_band_high
2026-07-22T04:04:00Z,96.1410,0.000000,0.000000,0.000000,above_band_high
2026-07-22T04:05:00Z,96.1440,0.000000,0.000000,0.000000,above_band_high
2026-07-22T04:06:00Z,96.1593,0.000000,0.000000,0.000000,above_band_high
2026-07-22T04:07:00Z,96.1669,0.000000,0.000000,0.000000,above_band_high
2026-07-22T04:08:00Z,96.1761,0.000000,0.000000,0.000000,above_band_high
2026-07-22T04:09:00Z,96.1593,0.000000,0.000000,0.000000,above_band_high
2026-07-22T04:10:00Z,96.1547,0.000000,0.000000,0.000000,above_band_high
2026-07-22T04:11:00Z,96.1730,0.000000,0.000000,0.000000,above_band_high
2026-07-22T04:12:00Z,96.1593,0.000000,0.000000,0.000000,above_band_high
2026-07-22T04:13:00Z,96.1776,0.000000,0.000000,0.000000,above_band_high
2026-07-22T04:14:00Z,96.1776,0.000000,0.000000,0.000000,above_band_high
2026-07-22T04:15:00Z,96.2005,0.000000,0.000000,0.000000,above_band_high
2026-07-22T04:16:00Z,96.1624,0.000000,0.000000,0.000000,above_band_high
2026-07-22T04:17:00Z,96.1486,0.000000,0.000000,0.000000,above_band_high
2026-07-22T04:18:00Z,96.1349,0.000000,0.000000,0.000000,above_band_high
2026-07-22T04:19:00Z,96.1273,0.000000,0.000000,0.000000,above_band_high
2026-07-22T04:20:00Z,96.1593,0.000000,0.000000,0.000000,above_band_high
2026-07-22T04:21:00Z,96.1486,0.000000,0.000000,0.000000,above_band_high
2026-07-22T04:22:00Z,96.1685,0.000000,0.000000,0.000000,above_band_high
2026-07-22T04:23:00Z,96.1318,0.000000,0.000000,0.000000,above_band_high
2026-07-22T04:24:00Z,96.1685,0.000000,0.000000,0.000000,above_band_high
2026-07-22T04:25:00Z,96.1395,0.000000,0.000000,0.000000,above_band_high
2026-07-22T04:26:00Z,96.1486,0.000000,0.000000,0.000000,above_band_high
2026-07-22T04:27:00Z,96.1486,0.000000,0.000000,0.000000,above_band_high
2026-07-22T04:28:00Z,96.1578,0.000000,0.000000,0.000000,above_band_high
2026-07-22T04:29:00Z,96.1257,0.000000,0.000000,0.000000,above_band_high
2026-07-22T04:30:00Z,96.1486,0.000000,0.000000,0.000000,above_band_high
2026-07-22T04:31:00Z,96.1440,0.000000,0.000000,0.000000,above_band_high
2026-07-22T04:32:00Z,96.1135,0.000000,0.000000,0.000000,above_band_high
2026-07-22T04:33:00Z,96.1135,0.000000,0.000000,0.000000,above_band_high
2026-07-22T04:34:00Z,96.1212,0.000000,0.000000,0.000000,above_band_high
2026-07-22T04:35:00Z,96.1501,0.000000,0.000000,0.000000,above_band_high
2026-07-22T04:36:00Z,96.1257,0.000000,0.000000,0.000000,above_band_high
2026-07-22T04:37:00Z,96.1135,0.000000,0.000000,0.000000,above_band_high
2026-07-22T04:38:00Z,96.1456,0.000000,0.000000,0.000000,above_band_high
2026-07-22T04:39:00Z,96.0708,0.000000,0.000000,0.000000,above_band_high
2026-07-22T04:40:00Z,96.1318,0.000000,0.000000,0.000000,above_band_high
2026-07-22T04:41:00Z,96.0906,0.000000,0.000000,0.000000,above_band_high
2026-07-22T04:42:00Z,96.1212,0.000000,0.000000,0.000000,above_band_high
2026-07-22T04:43:00Z,96.0983,0.000000,0.000000,0.000000,above_band_high
2026-07-22T04:44:00Z,96.1028,0.000000,0.000000,0.000000,above_band_high
2026-07-22T04:45:00Z,96.0937,0.000000,0.000000,0.000000,above_band_high
2026-07-22T04:46:00Z,96.1074,0.000000,0.000000,0.000000,above_band_high
2026-07-22T04:47:00Z,96.1028,0.000000,0.000000,0.000000,above_band_high
2026-07-22T04:48:00Z,96.1089,0.000000,0.000000,0.000000,above_band_high
2026-07-22T04:49:00Z,96.1135,0.000000,0.000000,0.000000,above_band_high
2026-07-22T04:50:00Z,96.1364,0.000000,0.000000,0.000000,above_band_high
2026-07-22T04:51:00Z,96.1318,0.000000,0.000000,0.000000,above_band_high
2026-07-22T04:52:00Z,96.0998,0.000000,0.000000,0.000000,above_band_high
2026-07-22T04:53:00Z,96.0998,0.000000,0.000000,0.000000,above_band_high
2026-07-22T04:54:00Z,96.1410,0.000000,0.000000,0.000000,above_band_high
2026-07-22T04:55:00Z,96.1089,0.000000,0.000000,0.000000,above_band_high
2026-07-22T04:56:00Z,96.0952,0.000000,0.000000,0.000000,above_band_high
2026-07-22T04:57:00Z,96.0998,0.000000,0.000000,0.000000,above_band_high
2026-07-22T04:58:00Z,96.0891,0.000000,0.000000,0.000000,above_band_high
2026-07-22T04:59:00Z,96.1349,0.000000,0.000000,0.000000,above_band_high
2026-07-22T05:00:00Z,96.0845,0.000000,0.000000,0.000000,above_band_high
2026-07-22T05:01:00Z,96.0906,0.000000,0.000000,0.000000,above_band_high
2026-07-22T05:02:00Z,96.1257,0.000000,0.000000,0.000000,above_band_high
2026-07-22T05:03:00Z,96.1349,0.000000,0.000000,0.000000,above_band_high
2026-07-22T05:04:00Z,96.1089,0.000000,0.000000,0.000000,above_band_high
2026-07-22T05:05:00Z,96.0891,0.000000,0.000000,0.000000,above_band_high
2026-07-22T05:06:00Z,96.1028,0.000000,0.000000,0.000000,above_band_high
2026-07-22T05:07:00Z,96.1273,0.000000,0.000000,0.000000,above_band_high
2026-07-22T05:08:00Z,96.1074,0.000000,0.000000,0.000000,above_band_high
2026-07-22T05:09:00Z,96.1410,0.000000,0.000000,0.000000,above_band_high
2026-07-22T05:10:00Z,96.1364,0.000000,0.000000,0.000000,above_band_high
2026-07-22T05:11:00Z,96.1364,0.000000,0.000000,0.000000,above_band_high
2026-07-22T05:12:00Z,96.0952,0.000000,0.000000,0.000000,above_band_high
2026-07-22T05:13:00Z,96.0983,0.000000,0.000000,0.000000,above_band_high
2026-07-22T05:14:00Z,96.0952,0.000000,0.000000,0.000000,above_band_high
2026-07-22T05:15:00Z,96.0708,0.000000,0.000000,0.000000,above_band_high
2026-07-22T05:16:00Z,96.0616,0.000000,0.000000,0.000000,above_band_high
2026-07-22T05:17:00Z,96.0800,0.000000,0.000000,0.000000,above_band_high
2026-07-22T05:18:00Z,96.0586,0.000000,0.000000,0.000000,above_band_high
2026-07-22T05:19:00Z,96.0861,0.000000,0.000000,0.000000,above_band_high
2026-07-22T05:20:00Z,96.0815,0.000000,0.000000,0.000000,above_band_high
2026-07-22T05:21:00Z,96.0357,0.000000,0.000000,0.000000,above_band_high
2026-07-22T05:22:00Z,96.0616,0.000000,0.000000,0.000000,above_band_high
2026-07-22T05:23:00Z,96.0311,0.000000,0.000000,0.000000,above_band_high
2026-07-22T05:24:00Z,96.0357,0.000000,0.000000,0.000000,above_band_high
2026-07-22T05:25:00Z,96.0357,0.000000,0.000000,0.000000,above_band_high
2026-07-22T05:26:00Z,96.0433,0.000000,0.000000,0.000000,above_band_high
2026-07-22T05:27:00Z,96.0586,0.000000,0.000000,0.000000,above_band_high
2026-07-22T05:28:00Z,96.0204,0.000000,0.000000,0.000000,above_band_high
2026-07-22T05:29:00Z,96.0311,0.000000,0.000000,0.000000,above_band_high
2026-07-22T05:30:00Z,96.0204,0.000000,0.000000,0.000000,above_band_high
2026-07-22T05:31:00Z,96.0128,0.000000,0.000000,0.000000,above_band_high
2026-07-22T05:32:00Z,96.0021,0.000000,0.000000,0.000000,above_band_high
2026-07-22T05:33:00Z,96.0540,0.000000,0.000000,0.000000,above_band_high
2026-07-22T05:34:00Z,95.9930,0.000000,0.000000,0.000000,above_band_high
2026-07-22T05:35:00Z,96.0113,0.000000,0.000000,0.000000,above_band_high
2026-07-22T05:36:00Z,95.9899,0.000000,0.000000,0.000000,above_band_high
2026-07-22T05:37:00Z,96.0266,0.000000,0.000000,0.000000,above_band_high
2026-07-22T05:38:00Z,96.0266,0.000000,0.000000,0.000000,above_band_high
2026-07-22T05:39:00Z,96.0082,0.000000,0.000000,0.000000,above_band_high
2026-07-22T05:40:00Z,96.0204,0.000000,0.000000,0.000000,above_band_high
2026-07-22T05:41:00Z,96.0266,0.000000,0.000000,0.000000,above_band_high
2026-07-22T05:42:00Z,96.0403,0.000000,0.000000,0.000000,above_band_high
2026-07-22T05:43:00Z,96.0082,0.000000,0.000000,0.000000,above_band_high
2026-07-22T05:44:00Z,95.9945,0.000000,0.000000,0.000000,above_band_high
2026-07-22T05:45:00Z,96.0250,0.000000,0.000000,0.000000,above_band_high
2026-07-22T05:46:00Z,96.0296,0.000000,0.000000,0.000000,above_band_high
2026-07-22T05:47:00Z,96.0174,0.000000,0.000000,0.000000,above_band_high
2026-07-22T05:48:00Z,96.0479,0.000000,0.000000,0.000000,above_band_high
2026-07-22T05:49:00Z,96.0021,0.000000,0.000000,0.000000,above_band_high
2026-07-22T05:50:00Z,96.0220,0.000000,0.000000,0.000000,above_band_high
2026-07-22T05:51:00Z,96.0433,0.000000,0.000000,0.000000,above_band_high
2026-07-22T05:52:00Z,96.0342,0.000000,0.000000,0.000000,above_band_high
2026-07-22T05:53:00Z,96.0174,0.000000,0.000000,0.000000,above_band_high
2026-07-22T05:54:00Z,96.0586,0.000000,0.000000,0.000000,above_band_high
2026-07-22T05:55:00Z,96.0586,0.000000,0.000000,0.000000,above_band_high
2026-07-22T05:56:00Z,96.0449,0.000000,0.000000,0.000000,above_band_high
2026-07-22T05:57:00Z,96.0449,0.000000,0.000000,0.000000,above_band_high
2026-07-22T05:58:00Z,96.0525,0.000000,0.000000,0.000000,above_band_high
2026-07-22T05:59:00Z,96.0861,0.000000,0.000000,0.000000,above_band_high
2026-07-22T06:00:00Z,96.0662,0.000000,0.000000,0.000000,above_band_high
2026-07-22T06:01:00Z,96.0586,0.000000,0.000000,0.000000,above_band_high
2026-07-22T06:02:00Z,96.0403,0.000000,0.000000,0.000000,above_band_high
2026-07-22T06:03:00Z,96.0525,0.000000,0.000000,0.000000,above_band_high
2026-07-22T06:04:00Z,96.0632,0.000000,0.000000,0.000000,above_band_high
2026-07-22T06:05:00Z,96.0662,0.000000,0.000000,0.000000,above_band_high
2026-07-22T06:06:00Z,96.0525,0.000000,0.000000,0.000000,above_band_high
2026-07-22T06:07:00Z,96.0403,0.000000,0.000000,0.000000,above_band_high
2026-07-22T06:08:00Z,96.1044,0.000000,0.000000,0.000000,above_band_high
2026-07-22T06:09:00Z,96.0586,0.000000,0.000000,0.000000,above_band_high
2026-07-22T06:10:00Z,96.0662,0.000000,0.000000,0.000000,above_band_high
2026-07-22T06:11:00Z,96.0754,0.000000,0.000000,0.000000,above_band_high
2026-07-22T06:12:00Z,96.0708,0.000000,0.000000,0.000000,above_band_high
2026-07-22T06:13:00Z,96.0769,0.000000,0.000000,0.000000,above_band_high
2026-07-22T06:14:00Z,96.0937,0.000000,0.000000,0.000000,above_band_high
2026-07-22T06:15:00Z,96.0754,0.000000,0.000000,0.000000,above_band_high
2026-07-22T06:16:00Z,96.0708,0.000000,0.000000,0.000000,above_band_high
2026-07-22T06:17:00Z,96.1028,0.000000,0.000000,0.000000,above_band_high
2026-07-22T06:18:00Z,96.0800,0.000000,0.000000,0.000000,above_band_high
2026-07-22T06:19:00Z,96.1028,0.000000,0.000000,0.000000,above_band_high
2026-07-22T06:20:00Z,96.0906,0.000000,0.000000,0.000000,above_band_high
2026-07-22T06:21:00Z,96.1028,0.000000,0.000000,0.000000,above_band_high
2026-07-22T06:22:00Z,96.0983,0.000000,0.000000,0.000000,above_band_high
2026-07-22T06:23:00Z,96.0662,0.000000,0.000000,0.000000,above_band_high
2026-07-22T06:24:00Z,96.0861,0.000000,0.000000,0.000000,above_band_high
2026-07-22T06:25:00Z,96.0815,0.000000,0.000000,0.000000,above_band_high
2026-07-22T06:26:00Z,96.0906,0.000000,0.000000,0.000000,above_band_high
2026-07-22T06:27:00Z,96.1044,0.000000,0.000000,0.000000,above_band_high
2026-07-22T06:28:00Z,96.0662,0.000000,0.000000,0.000000,above_band_high
2026-07-22T06:29:00Z,96.0662,0.000000,0.000000,0.000000,above_band_high
2026-07-22T06:30:00Z,96.0449,0.000000,0.000000,0.000000,above_band_high
2026-07-22T06:31:00Z,96.0723,0.000000,0.000000,0.000000,above_band_high
2026-07-22T06:32:00Z,96.0998,0.000000,0.000000,0.000000,above_band_high
2026-07-22T06:33:00Z,96.1089,0.000000,0.000000,0.000000,above_band_high
2026-07-22T06:34:00Z,96.0754,0.000000,0.000000,0.000000,above_band_high
2026-07-22T06:35:00Z,96.0983,0.000000,0.000000,0.000000,above_band_high
2026-07-22T06:36:00Z,96.1089,0.000000,0.000000,0.000000,above_band_high
2026-07-22T06:37:00Z,96.0952,0.000000,0.000000,0.000000,above_band_high
2026-07-22T06:38:00Z,96.0708,0.000000,0.000000,0.000000,above_band_high
2026-07-22T06:39:00Z,96.0815,0.000000,0.000000,0.000000,above_band_high
2026-07-22T06:40:00Z,96.0754,0.000000,0.000000,0.000000,above_band_high
2026-07-22T06:41:00Z,96.0937,0.000000,0.000000,0.000000,above_band_high
2026-07-22T06:42:00Z,96.0891,0.000000,0.000000,0.000000,above_band_high
2026-07-22T06:43:00Z,96.0632,0.000000,0.000000,0.000000,above_band_high
2026-07-22T06:44:00Z,96.0494,0.000000,0.000000,0.000000,above_band_high
2026-07-22T06:47:24Z,96.0723,0.000000,0.000000,0.000000,above_band_high
2026-07-22T06:48:00Z,96.0891,0.000000,0.000000,0.000000,above_band_high
2026-07-22T06:49:00Z,96.1212,0.000000,0.000000,0.000000,above_band_high
2026-07-22T06:50:00Z,96.1028,0.000000,0.000000,0.000000,above_band_high
2026-07-22T06:51:00Z,96.0800,0.000000,0.000000,0.000000,above_band_high
2026-07-22T06:52:00Z,96.0891,0.000000,0.000000,0.000000,above_band_high
2026-07-22T06:53:00Z,96.0891,0.000000,0.000000,0.000000,above_band_high
2026-07-22T06:54:00Z,96.0723,0.000000,0.000000,0.000000,above_band_high
2026-07-22T06:55:00Z,96.0800,0.000000,0.000000,0.000000,above_band_high
2026-07-22T06:56:00Z,96.0891,0.000000,0.000000,0.000000,above_band_high
2026-07-22T06:57:00Z,96.1028,0.000000,0.000000,0.000000,above_band_high
2026-07-22T06:58:00Z,96.1135,0.000000,0.000000,0.000000,above_band_high
2026-07-22T06:59:00Z,96.1212,0.000000,0.000000,0.000000,above_band_high
2026-07-22T07:00:00Z,96.0906,0.000000,0.000000,0.000000,above_band_high
2026-07-22T07:01:00Z,96.1532,0.000000,0.000000,0.000000,above_band_high
2026-07-22T07:02:00Z,96.1364,0.000000,0.000000,0.000000,above_band_high
2026-07-22T07:03:00Z,96.1166,0.000000,0.000000,0.000000,above_band_high
2026-07-22T07:04:00Z,96.1028,0.000000,0.000000,0.000000,above_band_high
2026-07-22T07:05:00Z,96.1273,0.000000,0.000000,0.000000,above_band_high
2026-07-22T07:06:00Z,96.1181,0.000000,0.000000,0.000000,above_band_high
2026-07-22T07:07:00Z,96.1364,0.000000,0.000000,0.000000,above_band_high
2026-07-22T07:08:00Z,96.1273,0.000000,0.000000,0.000000,above_band_high
2026-07-22T07:09:00Z,96.1257,0.000000,0.000000,0.000000,above_band_high
2026-07-22T07:10:00Z,96.1639,0.000000,0.000000,0.000000,above_band_high
2026-07-22T07:11:00Z,96.1212,0.000000,0.000000,0.000000,above_band_high
2026-07-22T07:12:00Z,96.1440,0.000000,0.000000,0.000000,above_band_high
2026-07-22T07:13:00Z,96.1273,0.000000,0.000000,0.000000,above_band_high
2026-07-22T07:14:00Z,96.1349,0.000000,0.000000,0.000000,above_band_high
2026-07-22T07:15:00Z,96.1410,0.000000,0.000000,0.000000,above_band_high
2026-07-22T07:16:00Z,96.1257,0.000000,0.000000,0.000000,above_band_high
2026-07-22T07:17:00Z,96.1318,0.000000,0.000000,0.000000,above_band_high
2026-07-22T07:18:00Z,96.1410,0.000000,0.000000,0.000000,above_band_high
2026-07-22T07:19:00Z,96.1166,0.000000,0.000000,0.000000,above_band_high
2026-07-22T07:20:00Z,96.1166,0.000000,0.000000,0.000000,above_band_high
2026-07-22T07:21:00Z,96.1364,0.000000,0.000000,0.000000,above_band_high
2026-07-22T07:22:00Z,96.0906,0.000000,0.000000,0.000000,above_band_high
2026-07-22T07:23:00Z,96.1257,0.000000,0.000000,0.000000,above_band_high
2026-07-22T07:24:00Z,96.1089,0.000000,0.000000,0.000000,above_band_high
2026-07-22T07:25:00Z,96.1074,0.000000,0.000000,0.000000,above_band_high
2026-07-22T07:26:00Z,96.0845,0.000000,0.000000,0.000000,above_band_high
2026-07-22T07:27:00Z,96.1364,0.000000,0.000000,0.000000,above_band_high
2026-07-22T07:28:00Z,96.0754,0.000000,0.000000,0.000000,above_band_high
2026-07-22T07:29:00Z,96.0891,0.000000,0.000000,0.000000,above_band_high
2026-07-22T07:30:00Z,96.0906,0.000000,0.000000,0.000000,above_band_high
2026-07-22T07:31:00Z,96.1212,0.000000,0.000000,0.000000,above_band_high
2026-07-22T07:32:00Z,96.0891,0.000000,0.000000,0.000000,above_band_high
2026-07-22T07:33:00Z,96.1318,0.000000,0.000000,0.000000,above_band_high
2026-07-22T07:34:00Z,96.0983,0.000000,0.000000,0.000000,above_band_high
2026-07-22T07:35:00Z,96.1410,0.000000,0.000000,0.000000,above_band_high
2026-07-22T07:36:00Z,96.1044,0.000000,0.000000,0.000000,above_band_high
2026-07-22T07:37:00Z,96.0845,0.000000,0.000000,0.000000,above_band_high
2026-07-22T07:38:00Z,96.1074,0.000000,0.000000,0.000000,above_band_high
2026-07-22T07:39:00Z,96.0769,0.000000,0.000000,0.000000,above_band_high
2026-07-22T07:40:00Z,96.0952,0.000000,0.000000,0.000000,above_band_high
2026-07-22T07:41:00Z,96.1135,0.000000,0.000000,0.000000,above_band_high
2026-07-22T07:42:00Z,96.1028,0.000000,0.000000,0.000000,above_band_high
2026-07-22T07:43:00Z,96.1135,0.000000,0.000000,0.000000,above_band_high
2026-07-22T07:44:00Z,96.0983,0.000000,0.000000,0.000000,above_band_high
2026-07-22T07:45:00Z,96.0952,0.000000,0.000000,0.000000,above_band_high
2026-07-22T07:46:00Z,96.1395,0.000000,0.000000,0.000000,above_band_high
2026-07-22T07:47:00Z,96.1440,0.000000,0.000000,0.000000,above_band_high
2026-07-22T07:48:00Z,96.1074,0.000000,0.000000,0.000000,above_band_high
2026-07-22T07:49:00Z,96.1303,0.000000,0.000000,0.000000,above_band_high
2026-07-22T07:50:00Z,96.0952,0.000000,0.000000,0.000000,above_band_high
2026-07-22T07:51:00Z,96.1440,0.000000,0.000000,0.000000,above_band_high
2026-07-22T07:52:00Z,96.1257,0.000000,0.000000,0.000000,above_band_high
2026-07-22T07:53:00Z,96.1044,0.000000,0.000000,0.000000,above_band_high
2026-07-22T07:54:00Z,96.1181,0.000000,0.000000,0.000000,above_band_high
2026-07-22T07:55:00Z,96.1135,0.000000,0.000000,0.000000,above_band_high
2026-07-22T07:56:00Z,96.1639,0.000000,0.000000,0.000000,above_band_high
2026-07-22T07:57:00Z,96.1395,0.000000,0.000000,0.000000,above_band_high
2026-07-22T07:58:00Z,96.1181,0.000000,0.000000,0.000000,above_band_high
2026-07-22T07:59:00Z,96.1395,0.000000,0.000000,0.000000,above_band_high
2026-07-22T08:00:00Z,96.1578,0.000000,0.000000,0.000000,above_band_high
2026-07-22T08:01:00Z,96.1639,0.000000,0.000000,0.000000,above_band_high
2026-07-22T08:02:00Z,96.1303,0.000000,0.000000,0.000000,above_band_high
2026-07-22T08:03:00Z,96.1440,0.000000,0.000000,0.000000,above_band_high
2026-07-22T08:04:00Z,96.1578,0.000000,0.000000,0.000000,above_band_high
2026-07-22T08:05:00Z,96.1669,0.000000,0.000000,0.000000,above_band_high
2026-07-22T08:06:00Z,96.1486,0.000000,0.000000,0.000000,above_band_high
2026-07-22T08:07:00Z,96.1501,0.000000,0.000000,0.000000,above_band_high
2026-07-22T08:08:00Z,96.1578,0.000000,0.000000,0.000000,above_band_high
2026-07-22T08:09:00Z,96.1715,0.000000,0.000000,0.000000,above_band_high
2026-07-22T08:10:00Z,96.1501,0.000000,0.000000,0.000000,above_band_high
2026-07-22T08:11:00Z,96.1410,0.000000,0.000000,0.000000,above_band_high
2026-07-22T08:12:00Z,96.1486,0.000000,0.000000,0.000000,above_band_high
2026-07-22T08:13:00Z,96.1578,0.000000,0.000000,0.000000,above_band_high
2026-07-22T08:14:00Z,96.1364,0.000000,0.000000,0.000000,above_band_high
2026-07-22T08:15:00Z,96.1135,0.000000,0.000000,0.000000,above_band_high
2026-07-22T08:16:00Z,96.1364,0.000000,0.000000,0.000000,above_band_high
2026-07-22T08:17:00Z,96.1486,0.000000,0.000000,0.000000,above_band_high
2026-07-22T08:18:00Z,96.1318,0.000000,0.000000,0.000000,above_band_high
2026-07-22T08:19:00Z,96.1486,0.000000,0.000000,0.000000,above_band_high
2026-07-22T08:20:00Z,96.1257,0.000000,0.000000,0.000000,above_band_high
2026-07-22T08:21:00Z,96.1669,0.000000,0.000000,0.000000,above_band_high
2026-07-22T08:22:00Z,96.1395,0.000000,0.000000,0.000000,above_band_high
2026-07-22T08:23:00Z,96.1318,0.000000,0.000000,0.000000,above_band_high
2026-07-22T08:24:00Z,96.1364,0.000000,0.000000,0.000000,above_band_high
2026-07-22T08:25:00Z,96.1303,0.000000,0.000000,0.000000,above_band_high
2026-07-22T08:26:00Z,96.1303,0.000000,0.000000,0.000000,above_band_high
2026-07-22T08:27:00Z,96.1486,0.000000,0.000000,0.000000,above_band_high
2026-07-22T08:28:00Z,96.1212,0.000000,0.000000,0.000000,above_band_high
2026-07-22T08:29:00Z,96.1135,0.000000,0.000000,0.000000,above_band_high
2026-07-22T08:30:00Z,96.1303,0.000000,0.000000,0.000000,above_band_high
2026-07-22T08:31:00Z,96.1593,0.000000,0.000000,0.000000,above_band_high
2026-07-22T08:32:00Z,96.1349,0.000000,0.000000,0.000000,above_band_high
2026-07-22T08:33:00Z,96.1212,0.000000,0.000000,0.000000,above_band_high
2026-07-22T08:34:00Z,96.1257,0.000000,0.000000,0.000000,above_band_high
2026-07-22T08:35:00Z,96.1074,0.000000,0.000000,0.000000,above_band_high
2026-07-22T08:36:00Z,96.1639,0.000000,0.000000,0.000000,above_band_high
2026-07-22T08:37:00Z,96.1135,0.000000,0.000000,0.000000,above_band_high
2026-07-22T08:38:00Z,96.1364,0.000000,0.000000,0.000000,above_band_high
2026-07-22T08:39:00Z,96.1135,0.000000,0.000000,0.000000,above_band_high
2026-07-22T08:40:00Z,96.1410,0.000000,0.000000,0.000000,above_band_high
2026-07-22T08:41:00Z,96.1257,0.000000,0.000000,0.000000,above_band_high
2026-07-22T08:42:00Z,96.1456,0.000000,0.000000,0.000000,above_band_high
2026-07-22T08:43:00Z,96.1486,0.000000,0.000000,0.000000,above_band_high
2026-07-22T08:44:00Z,96.1715,0.000000,0.000000,0.000000,above_band_high
2026-07-22T08:45:00Z,96.1166,0.000000,0.000000,0.000000,above_band_high
2026-07-22T08:46:00Z,96.1273,0.000000,0.000000,0.000000,above_band_high
2026-07-22T08:47:00Z,96.1227,0.000000,0.000000,0.000000,above_band_high
2026-07-22T08:48:00Z,96.1440,0.000000,0.000000,0.000000,above_band_high
2026-07-22T08:49:00Z,96.1532,0.000000,0.000000,0.000000,above_band_high
2026-07-22T08:50:00Z,96.1532,0.000000,0.000000,0.000000,above_band_high
2026-07-22T08:51:00Z,96.1639,0.000000,0.000000,0.000000,above_band_high
2026-07-22T08:52:00Z,96.1578,0.000000,0.000000,0.000000,above_band_high
2026-07-22T08:53:00Z,96.1959,0.000000,0.000000,0.000000,above_band_high
2026-07-22T08:54:00Z,96.1349,0.000000,0.000000,0.000000,above_band_high
2026-07-22T08:55:00Z,96.1593,0.000000,0.000000,0.000000,above_band_high
2026-07-22T08:56:00Z,96.1578,0.000000,0.000000,0.000000,above_band_high
2026-07-22T08:57:00Z,96.1715,0.000000,0.000000,0.000000,above_band_high
2026-07-22T08:58:00Z,96.1776,0.000000,0.000000,0.000000,above_band_high
2026-07-22T08:59:00Z,96.1807,0.000000,0.000000,0.000000,above_band_high
2026-07-22T09:00:00Z,96.1807,0.000000,0.000000,0.000000,above_band_high
2026-07-22T09:01:00Z,96.2051,0.000000,0.000000,0.000000,above_band_high
2026-07-22T09:02:00Z,96.1456,0.000000,0.000000,0.000000,above_band_high
2026-07-22T09:03:00Z,96.1959,0.000000,0.000000,0.000000,above_band_high
2026-07-22T09:04:00Z,96.1578,0.000000,0.000000,0.000000,above_band_high
2026-07-22T09:05:00Z,96.1776,0.000000,0.000000,0.000000,above_band_high
2026-07-22T09:06:00Z,96.1776,0.000000,0.000000,0.000000,above_band_high
2026-07-22T09:07:00Z,96.1852,0.000000,0.000000,0.000000,above_band_high
2026-07-22T09:08:00Z,96.1593,0.000000,0.000000,0.000000,above_band_high
2026-07-22T09:09:00Z,96.1593,0.000000,0.000000,0.000000,above_band_high
2026-07-22T09:10:00Z,96.1440,0.000000,0.000000,0.000000,above_band_high
2026-07-22T09:11:00Z,96.1578,0.000000,0.000000,0.000000,above_band_high
2026-07-22T09:12:00Z,96.1685,0.000000,0.000000,0.000000,above_band_high
2026-07-22T09:13:00Z,96.1456,0.000000,0.000000,0.000000,above_band_high
2026-07-22T09:14:00Z,96.1410,0.000000,0.000000,0.000000,above_band_high
2026-07-22T09:15:00Z,96.1593,0.000000,0.000000,0.000000,above_band_high
2026-07-22T09:16:00Z,96.1624,0.000000,0.000000,0.000000,above_band_high
2026-07-22T09:17:00Z,96.1593,0.000000,0.000000,0.000000,above_band_high
2026-07-22T09:18:00Z,96.1501,0.000000,0.000000,0.000000,above_band_high
2026-07-22T09:19:00Z,96.1807,0.000000,0.000000,0.000000,above_band_high
2026-07-22T09:20:00Z,96.1761,0.000000,0.000000,0.000000,above_band_high
2026-07-22T09:21:00Z,96.1395,0.000000,0.000000,0.000000,above_band_high
2026-07-22T09:22:00Z,96.1578,0.000000,0.000000,0.000000,above_band_high
2026-07-22T09:23:00Z,96.1669,0.000000,0.000000,0.000000,above_band_high
2026-07-22T09:24:00Z,96.1547,0.000000,0.000000,0.000000,above_band_high
2026-07-22T09:25:00Z,96.1669,0.000000,0.000000,0.000000,above_band_high
2026-07-22T09:26:00Z,96.1715,0.000000,0.000000,0.000000,above_band_high
2026-07-22T09:27:00Z,96.1440,0.000000,0.000000,0.000000,above_band_high
2026-07-22T09:28:00Z,96.1547,0.000000,0.000000,0.000000,above_band_high
2026-07-22T09:29:00Z,96.1578,0.000000,0.000000,0.000000,above_band_high
2026-07-22T09:30:00Z,96.1227,0.000000,0.000000,0.000000,above_band_high
2026-07-22T09:31:00Z,96.1364,0.000000,0.000000,0.000000,above_band_high
2026-07-22T09:32:00Z,96.1364,0.000000,0.000000,0.000000,above_band_high
2026-07-22T09:33:00Z,96.1685,0.000000,0.000000,0.000000,above_band_high
2026-07-22T09:34:00Z,96.1227,0.000000,0.000000,0.000000,above_band_high
2026-07-22T09:35:00Z,96.1440,0.000000,0.000000,0.000000,above_band_high
2026-07-22T09:36:00Z,96.1440,0.000000,0.000000,0.000000,above_band_high
2026-07-22T09:37:00Z,96.1669,0.000000,0.000000,0.000000,above_band_high
2026-07-22T09:38:00Z,96.1776,0.000000,0.000000,0.000000,above_band_high
2026-07-22T09:39:00Z,96.1532,0.000000,0.000000,0.000000,above_band_high
2026-07-22T09:40:00Z,96.1166,0.000000,0.000000,0.000000,above_band_high
2026-07-22T09:41:00Z,96.1456,0.000000,0.000000,0.000000,above_band_high
2026-07-22T09:42:00Z,96.1440,0.000000,0.000000,0.000000,above_band_high
2026-07-22T09:43:00Z,96.1624,0.000000,0.000000,0.000000,above_band_high
2026-07-22T09:44:00Z,96.1730,0.000000,0.000000,0.000000,above_band_high
2026-07-22T09:45:00Z,96.1593,0.000000,0.000000,0.000000,above_band_high
2026-07-22T09:46:00Z,96.1913,0.000000,0.000000,0.000000,above_band_high
2026-07-22T09:47:00Z,96.1685,0.000000,0.000000,0.000000,above_band_high
2026-07-22T09:48:00Z,96.1501,0.000000,0.000000,0.000000,above_band_high
2026-07-22T09:49:00Z,96.1669,0.000000,0.000000,0.000000,above_band_high
2026-07-22T09:50:00Z,96.1547,0.000000,0.000000,0.000000,above_band_high
2026-07-22T09:51:00Z,96.1776,0.000000,0.000000,0.000000,above_band_high
2026-07-22T09:52:00Z,96.1669,0.000000,0.000000,0.000000,above_band_high
2026-07-22T09:53:00Z,96.1852,0.000000,0.000000,0.000000,above_band_high
2026-07-22T09:54:00Z,96.1578,0.000000,0.000000,0.000000,above_band_high
2026-07-22T09:55:00Z,96.2081,0.000000,0.000000,0.000000,above_band_high
2026-07-22T09:56:00Z,96.1807,0.000000,0.000000,0.000000,above_band_high
2026-07-22T09:57:00Z,96.2036,0.000000,0.000000,0.000000,above_band_high
2026-07-22T09:58:00Z,96.2036,0.000000,0.000000,0.000000,above_band_high
2026-07-22T09:59:00Z,96.1944,0.000000,0.000000,0.000000,above_band_high
2026-07-22T10:00:00Z,96.2036,0.000000,0.000000,0.000000,above_band_high
2026-07-22T10:01:00Z,96.1624,0.000000,0.000000,0.000000,above_band_high
2026-07-22T10:02:00Z,96.2081,0.000000,0.000000,0.000000,above_band_high
2026-07-22T10:03:00Z,96.2219,0.000000,0.000000,0.000000,above_band_high
2026-07-22T10:04:00Z,96.2219,0.000000,0.000000,0.000000,above_band_high
2026-07-22T10:05:00Z,96.1776,0.000000,0.000000,0.000000,above_band_high
2026-07-22T10:06:00Z,96.2356,0.000000,0.000000,0.000000,above_band_high
2026-07-22T10:07:00Z,96.2264,0.000000,0.000000,0.000000,above_band_high
2026-07-22T10:08:00Z,96.2081,0.000000,0.000000,0.000000,above_band_high
2026-07-22T10:09:00Z,96.2188,0.000000,0.000000,0.000000,above_band_high
2026-07-22T10:10:00Z,96.1761,0.000000,0.000000,0.000000,above_band_high
2026-07-22T10:11:00Z,96.2188,0.000000,0.000000,0.000000,above_band_high
2026-07-22T10:12:00Z,96.2264,0.000000,0.000000,0.000000,above_band_high
2026-07-22T10:13:00Z,96.2539,0.000000,0.000000,0.000000,above_band_high
2026-07-22T10:14:00Z,96.2142,0.000000,0.000000,0.000000,above_band_high
2026-07-22T10:15:00Z,96.2036,0.000000,0.000000,0.000000,above_band_high
2026-07-22T10:16:00Z,96.1761,0.000000,0.000000,0.000000,above_band_high
2026-07-22T10:17:00Z,96.1685,0.000000,0.000000,0.000000,above_band_high
2026-07-22T10:18:00Z,96.2142,0.000000,0.000000,0.000000,above_band_high
2026-07-22T10:19:00Z,96.1959,0.000000,0.000000,0.000000,above_band_high
2026-07-22T10:20:00Z,96.2005,0.000000,0.000000,0.000000,above_band_high
2026-07-22T10:21:00Z,96.1852,0.000000,0.000000,0.000000,above_band_high
2026-07-22T10:22:00Z,96.2188,0.000000,0.000000,0.000000,above_band_high
2026-07-22T10:23:00Z,96.1898,0.000000,0.000000,0.000000,above_band_high
2026-07-22T10:24:00Z,96.2127,0.000000,0.000000,0.000000,above_band_high
2026-07-22T10:25:00Z,96.2310,0.000000,0.000000,0.000000,above_band_high
2026-07-22T10:26:00Z,96.1852,0.000000,0.000000,0.000000,above_band_high
2026-07-22T10:27:00Z,96.2005,0.000000,0.000000,0.000000,above_band_high
2026-07-22T10:28:00Z,96.2051,0.000000,0.000000,0.000000,above_band_high
2026-07-22T10:29:00Z,96.2097,0.000000,0.000000,0.000000,above_band_high
2026-07-22T10:30:00Z,96.2127,0.000000,0.000000,0.000000,above_band_high
2026-07-22T10:31:00Z,96.1990,0.000000,0.000000,0.000000,above_band_high
2026-07-22T10:32:00Z,96.2051,0.000000,0.000000,0.000000,above_band_high
2026-07-22T10:33:00Z,96.2234,0.000000,0.000000,0.000000,above_band_high
2026-07-22T10:34:00Z,96.2127,0.000000,0.000000,0.000000,above_band_high
2026-07-22T10:35:00Z,96.1959,0.000000,0.000000,0.000000,above_band_high
2026-07-22T10:36:00Z,96.2081,0.000000,0.000000,0.000000,above_band_high
2026-07-22T10:37:00Z,96.2402,0.000000,0.000000,0.000000,above_band_high
2026-07-22T10:38:00Z,96.1898,0.000000,0.000000,0.000000,above_band_high
2026-07-22T10:39:00Z,96.2234,0.000000,0.000000,0.000000,above_band_high
2026-07-22T10:40:00Z,96.2264,0.000000,0.000000,0.000000,above_band_high
2026-07-22T10:41:00Z,96.2310,0.000000,0.000000,0.000000,above_band_high
2026-07-22T10:42:00Z,96.2127,0.000000,0.000000,0.000000,above_band_high
2026-07-22T10:43:00Z,96.2173,0.000000,0.000000,0.000000,above_band_high
2026-07-22T10:44:00Z,96.2005,0.000000,0.000000,0.000000,above_band_high
2026-07-22T10:45:00Z,96.2173,0.000000,0.000000,0.000000,above_band_high
2026-07-22T10:46:00Z,96.2539,0.000000,0.000000,0.000000,above_band_high
2026-07-22T10:47:00Z,96.2417,0.000000,0.000000,0.000000,above_band_high
2026-07-22T10:48:00Z,96.2463,0.000000,0.000000,0.000000,above_band_high
2026-07-22T10:49:00Z,96.2005,0.000000,0.000000,0.000000,above_band_high
2026-07-22T10:50:00Z,96.2081,0.000000,0.000000,0.000000,above_band_high
2026-07-22T10:51:00Z,96.2234,0.000000,0.000000,0.000000,above_band_high
2026-07-22T10:52:00Z,96.1959,0.000000,0.000000,0.000000,above_band_high
2026-07-22T10:53:00Z,96.2310,0.000000,0.000000,0.000000,above_band_high
2026-07-22T10:54:00Z,96.2402,0.000000,0.000000,0.000000,above_band_high
2026-07-22T10:55:00Z,96.2310,0.000000,0.000000,0.000000,above_band_high
2026-07-22T10:56:00Z,96.2264,0.000000,0.000000,0.000000,above_band_high
2026-07-22T10:57:00Z,96.1959,0.000000,0.000000,0.000000,above_band_high
2026-07-22T10:58:00Z,96.2188,0.000000,0.000000,0.000000,above_band_high
2026-07-22T10:59:00Z,96.2402,0.000000,0.000000,0.000000,above_band_high
2026-07-22T11:00:00Z,96.2402,0.000000,0.000000,0.000000,above_band_high
2026-07-22T11:01:00Z,96.2310,0.000000,0.000000,0.000000,above_band_high
2026-07-22T11:02:00Z,96.2310,0.000000,0.000000,0.000000,above_band_high
2026-07-22T11:03:00Z,96.2768,0.000000,0.000000,0.000000,above_band_high
2026-07-22T11:04:00Z,96.2402,0.000000,0.000000,0.000000,above_band_high
2026-07-22T11:05:00Z,96.2188,0.000000,0.000000,0.000000,above_band_high
2026-07-22T11:06:00Z,96.2417,0.000000,0.000000,0.000000,above_band_high
2026-07-22T11:07:00Z,96.2692,0.000000,0.000000,0.000000,above_band_high
2026-07-22T11:08:00Z,96.2280,0.000000,0.000000,0.000000,above_band_high
2026-07-22T11:09:00Z,96.2081,0.000000,0.000000,0.000000,above_band_high
2026-07-22T11:10:00Z,96.1959,0.000000,0.000000,0.000000,above_band_high
2026-07-22T11:11:00Z,96.2417,0.000000,0.000000,0.000000,above_band_high
2026-07-22T11:12:00Z,96.2219,0.000000,0.000000,0.000000,above_band_high
2026-07-22T11:13:00Z,96.2234,0.000000,0.000000,0.000000,above_band_high
2026-07-22T11:14:00Z,96.2371,0.000000,0.000000,0.000000,above_band_high
2026-07-22T11:15:00Z,96.2539,0.000000,0.000000,0.000000,above_band_high
2026-07-22T11:16:00Z,96.2539,0.000000,0.000000,0.000000,above_band_high
2026-07-22T11:17:00Z,96.2493,0.000000,0.000000,0.000000,above_band_high
2026-07-22T11:18:00Z,96.2356,0.000000,0.000000,0.000000,above_band_high
2026-07-22T11:19:00Z,96.2371,0.000000,0.000000,0.000000,above_band_high
2026-07-22T11:20:00Z,96.2966,0.000000,0.000000,0.000000,above_band_high
2026-07-22T11:21:00Z,96.2356,0.000000,0.000000,0.000000,above_band_high
2026-07-22T11:22:00Z,96.2463,0.000000,0.000000,0.000000,above_band_high
2026-07-22T11:23:00Z,96.2463,0.000000,0.000000,0.000000,above_band_high
2026-07-22T11:24:00Z,96.2097,0.000000,0.000000,0.000000,above_band_high
2026-07-22T11:25:00Z,96.2463,0.000000,0.000000,0.000000,above_band_high
2026-07-22T11:26:00Z,96.2646,0.000000,0.000000,0.000000,above_band_high
2026-07-22T11:27:00Z,96.2463,0.000000,0.000000,0.000000,above_band_high
2026-07-22T11:28:00Z,96.2417,0.000000,0.000000,0.000000,above_band_high
2026-07-22T11:29:00Z,96.2646,0.000000,0.000000,0.000000,above_band_high
2026-07-22T11:30:00Z,96.2356,0.000000,0.000000,0.000000,above_band_high
2026-07-22T11:31:00Z,96.2554,0.000000,0.000000,0.000000,above_band_high
2026-07-22T11:32:00Z,96.2463,0.000000,0.000000,0.000000,above_band_high
2026-07-22T11:33:00Z,96.2463,0.000000,0.000000,0.000000,above_band_high
2026-07-22T11:34:00Z,96.2417,0.000000,0.000000,0.000000,above_band_high
2026-07-22T11:35:00Z,96.2768,0.000000,0.000000,0.000000,above_band_high
2026-07-22T11:36:00Z,96.2692,0.000000,0.000000,0.000000,above_band_high
2026-07-22T11:37:00Z,96.2585,0.000000,0.000000,0.000000,above_band_high
2026-07-22T11:38:00Z,96.2280,0.000000,0.000000,0.000000,above_band_high
2026-07-22T11:39:00Z,96.2509,0.000000,0.000000,0.000000,above_band_high
2026-07-22T11:40:00Z,96.2692,0.000000,0.000000,0.000000,above_band_high
2026-07-22T11:41:00Z,96.2860,0.000000,0.000000,0.000000,above_band_high
2026-07-22T11:42:00Z,96.2814,0.000000,0.000000,0.000000,above_band_high
2026-07-22T11:43:00Z,96.2814,0.000000,0.000000,0.000000,above_band_high
2026-07-22T11:44:00Z,96.2768,0.000000,0.000000,0.000000,above_band_high
2026-07-22T11:45:00Z,96.2585,0.000000,0.000000,0.000000,above_band_high
2026-07-22T11:46:00Z,96.2585,0.000000,0.000000,0.000000,above_band_high
2026-07-22T11:47:00Z,96.2814,0.000000,0.000000,0.000000,above_band_high
2026-07-22T11:48:00Z,96.2509,0.000000,0.000000,0.000000,above_band_high
2026-07-22T11:49:00Z,96.2646,0.000000,0.000000,0.000000,above_band_high
2026-07-22T11:50:00Z,96.2692,0.000000,0.000000,0.000000,above_band_high
2026-07-22T11:51:00Z,96.2463,0.000000,0.000000,0.000000,above_band_high
2026-07-22T11:52:00Z,96.2692,0.000000,0.000000,0.000000,above_band_high
2026-07-22T11:53:00Z,96.2814,0.000000,0.000000,0.000000,above_band_high
2026-07-22T11:54:00Z,96.2646,0.000000,0.000000,0.000000,above_band_high
2026-07-22T11:55:00Z,96.2463,0.000000,0.000000,0.000000,above_band_high
2026-07-22T11:56:00Z,96.2860,0.000000,0.000000,0.000000,above_band_high
2026-07-22T11:57:00Z,96.2860,0.000000,0.000000,0.000000,above_band_high
2026-07-22T11:58:00Z,96.3043,0.000000,0.000000,0.000000,above_band_high
2026-07-22T11:59:00Z,96.2814,0.000000,0.000000,0.000000,above_band_high
2026-07-22T12:00:00Z,96.3149,0.000000,0.000000,0.000000,above_band_high
2026-07-22T12:01:00Z,96.2829,0.000000,0.000000,0.000000,above_band_high
2026-07-22T12:02:00Z,96.3272,0.000000,0.000000,0.000000,above_band_high
2026-07-22T12:03:00Z,96.2921,0.000000,0.000000,0.000000,above_band_high
2026-07-22T12:04:00Z,96.2966,0.000000,0.000000,0.000000,above_band_high
2026-07-22T12:05:00Z,96.2921,0.000000,0.000000,0.000000,above_band_high
2026-07-22T12:06:00Z,96.2692,0.000000,0.000000,0.000000,above_band_high
2026-07-22T12:07:00Z,96.3043,0.000000,0.000000,0.000000,above_band_high
2026-07-22T12:08:00Z,96.2585,0.000000,0.000000,0.000000,above_band_high
2026-07-22T12:09:00Z,96.3088,0.000000,0.000000,0.000000,above_band_high
2026-07-22T12:10:00Z,96.2768,0.000000,0.000000,0.000000,above_band_high
2026-07-22T12:11:00Z,96.2829,0.000000,0.000000,0.000000,above_band_high
2026-07-22T12:12:00Z,96.2737,0.000000,0.000000,0.000000,above_band_high
2026-07-22T12:13:00Z,96.2768,0.000000,0.000000,0.000000,above_band_high
2026-07-22T12:14:00Z,96.2631,0.000000,0.000000,0.000000,above_band_high
2026-07-22T12:15:00Z,96.2921,0.000000,0.000000,0.000000,above_band_high
2026-07-22T12:16:00Z,96.2966,0.000000,0.000000,0.000000,above_band_high
2026-07-22T12:17:00Z,96.2829,0.000000,0.000000,0.000000,above_band_high
2026-07-22T12:18:00Z,96.2966,0.000000,0.000000,0.000000,above_band_high
2026-07-22T12:19:00Z,96.2921,0.000000,0.000000,0.000000,above_band_high
2026-07-22T12:20:00Z,96.3088,0.000000,0.000000,0.000000,above_band_high
2026-07-22T12:21:00Z,96.2997,0.000000,0.000000,0.000000,above_band_high
2026-07-22T12:22:00Z,96.2829,0.000000,0.000000,0.000000,above_band_high
2026-07-22T12:23:00Z,96.2921,0.000000,0.000000,0.000000,above_band_high
2026-07-22T12:24:00Z,96.2814,0.000000,0.000000,0.000000,above_band_high
2026-07-22T12:25:00Z,96.3088,0.000000,0.000000,0.000000,above_band_high
2026-07-22T12:26:00Z,96.3287,0.000000,0.000000,0.000000,above_band_high
2026-07-22T12:27:00Z,96.2676,0.000000,0.000000,0.000000,above_band_high
2026-07-22T12:28:00Z,96.3378,0.000000,0.000000,0.000000,above_band_high
2026-07-22T12:29:00Z,96.2875,0.000000,0.000000,0.000000,above_band_high
2026-07-22T12:30:00Z,96.2692,0.000000,0.000000,0.000000,above_band_high
2026-07-22T12:31:00Z,96.2692,0.000000,0.000000,0.000000,above_band_high
2026-07-22T12:32:00Z,96.3104,0.000000,0.000000,0.000000,above_band_high
2026-07-22T12:33:00Z,96.2921,0.000000,0.000000,0.000000,above_band_high
2026-07-22T12:34:00Z,96.3043,0.000000,0.000000,0.000000,above_band_high
2026-07-22T12:35:00Z,96.2783,0.000000,0.000000,0.000000,above_band_high
2026-07-22T12:36:00Z,96.2783,0.000000,0.000000,0.000000,above_band_high
2026-07-22T12:37:00Z,96.3043,0.000000,0.000000,0.000000,above_band_high
2026-07-22T12:38:00Z,96.2646,0.000000,0.000000,0.000000,above_band_high
2026-07-22T12:39:00Z,96.2951,0.000000,0.000000,0.000000,above_band_high
2026-07-22T12:40:00Z,96.3043,0.000000,0.000000,0.000000,above_band_high
2026-07-22T12:41:00Z,96.3058,0.000000,0.000000,0.000000,above_band_high
2026-07-22T12:42:00Z,96.2646,0.000000,0.000000,0.000000,above_band_high
2026-07-22T12:43:00Z,96.2646,0.000000,0.000000,0.000000,above_band_high
2026-07-22T12:44:00Z,96.2325,0.000000,0.000000,0.000000,above_band_high
2026-07-22T12:45:00Z,96.2997,0.000000,0.000000,0.000000,above_band_high
2026-07-22T12:46:00Z,96.2860,0.000000,0.000000,0.000000,above_band_high
2026-07-22T12:47:00Z,96.2875,0.000000,0.000000,0.000000,above_band_high
2026-07-22T12:48:00Z,96.2631,0.000000,0.000000,0.000000,above_band_high
2026-07-22T12:49:00Z,96.2875,0.000000,0.000000,0.000000,above_band_high
2026-07-22T12:50:00Z,96.2631,0.000000,0.000000,0.000000,above_band_high
2026-07-22T12:51:00Z,96.2722,0.000000,0.000000,0.000000,above_band_high
2026-07-22T12:52:00Z,96.2585,0.000000,0.000000,0.000000,above_band_high
2026-07-22T12:53:00Z,96.2356,0.000000,0.000000,0.000000,above_band_high
2026-07-22T12:54:00Z,96.2631,0.000000,0.000000,0.000000,above_band_high
2026-07-22T12:55:00Z,96.2264,0.000000,0.000000,0.000000,above_band_high
2026-07-22T12:56:00Z,96.2768,0.000000,0.000000,0.000000,above_band_high
2026-07-22T12:57:00Z,96.2585,0.000000,0.000000,0.000000,above_band_high
2026-07-22T12:58:00Z,96.2814,0.000000,0.000000,0.000000,above_band_high
2026-07-22T12:59:00Z,96.2493,0.000000,0.000000,0.000000,above_band_high
2026-07-22T13:00:00Z,96.2173,0.000000,0.000000,0.000000,above_band_high
2026-07-22T13:01:00Z,96.2417,0.000000,0.000000,0.000000,above_band_high
2026-07-22T13:02:00Z,96.2493,0.000000,0.000000,0.000000,above_band_high
2026-07-22T13:03:00Z,96.2142,0.000000,0.000000,0.000000,above_band_high
2026-07-22T13:04:00Z,96.2234,0.000000,0.000000,0.000000,above_band_high
2026-07-22T13:05:00Z,96.2356,0.000000,0.000000,0.000000,above_band_high
2026-07-22T13:06:00Z,96.2280,0.000000,0.000000,0.000000,above_band_high
2026-07-22T13:07:00Z,96.1852,0.000000,0.000000,0.000000,above_band_high
2026-07-22T13:08:00Z,96.2310,0.000000,0.000000,0.000000,above_band_high
2026-07-22T13:09:00Z,96.2310,0.000000,0.000000,0.000000,above_band_high
2026-07-22T13:10:00Z,96.2463,0.000000,0.000000,0.000000,above_band_high
2026-07-22T13:11:00Z,96.2219,0.000000,0.000000,0.000000,above_band_high
2026-07-22T13:12:00Z,96.1898,0.000000,0.000000,0.000000,above_band_high
2026-07-22T13:13:00Z,96.2264,0.000000,0.000000,0.000000,above_band_high
2026-07-22T13:14:00Z,96.2081,0.000000,0.000000,0.000000,above_band_high
2026-07-22T13:15:00Z,96.1776,0.000000,0.000000,0.000000,above_band_high
2026-07-22T13:16:00Z,96.1807,0.000000,0.000000,0.000000,above_band_high
2026-07-22T13:17:00Z,96.1685,0.000000,0.000000,0.000000,above_band_high
2026-07-22T13:18:00Z,96.2081,0.000000,0.000000,0.000000,above_band_high
2026-07-22T13:19:00Z,96.1456,0.000000,0.000000,0.000000,above_band_high
2026-07-22T13:20:00Z,96.1685,0.000000,0.000000,0.000000,above_band_high
2026-07-22T13:21:00Z,96.1776,0.000000,0.000000,0.000000,above_band_high
2026-07-22T13:22:00Z,96.1913,0.000000,0.000000,0.000000,above_band_high
2026-07-22T13:23:00Z,96.1593,0.000000,0.000000,0.000000,above_band_high
2026-07-22T13:24:00Z,96.1532,0.000000,0.000000,0.000000,above_band_high
2026-07-22T13:25:00Z,96.1456,0.000000,0.000000,0.000000,above_band_high
2026-07-22T13:26:00Z,96.1501,0.000000,0.000000,0.000000,above_band_high
2026-07-22T13:27:00Z,96.1624,0.000000,0.000000,0.000000,above_band_high
2026-07-22T13:28:00Z,96.1395,0.000000,0.000000,0.000000,above_band_high
2026-07-22T13:29:00Z,96.1685,0.000000,0.000000,0.000000,above_band_high
2026-07-22T13:30:00Z,96.1776,0.000000,0.000000,0.000000,above_band_high
2026-07-22T13:31:00Z,96.1440,0.000000,0.000000,0.000000,above_band_high
2026-07-22T13:32:00Z,96.1547,0.000000,0.000000,0.000000,above_band_high
2026-07-22T13:33:00Z,96.1227,0.000000,0.000000,0.000000,above_band_high
2026-07-22T13:34:00Z,96.1807,0.000000,0.000000,0.000000,above_band_high
2026-07-22T13:35:00Z,96.1227,0.000000,0.000000,0.000000,above_band_high
2026-07-22T13:36:00Z,96.1501,0.000000,0.000000,0.000000,above_band_high
2026-07-22T13:37:00Z,96.1273,0.000000,0.000000,0.000000,above_band_high
2026-07-22T13:38:00Z,96.1181,0.000000,0.000000,0.000000,above_band_high
2026-07-22T13:39:00Z,96.1120,0.000000,0.000000,0.000000,above_band_high
2026-07-22T13:40:00Z,96.1257,0.000000,0.000000,0.000000,above_band_high
2026-07-22T13:41:00Z,96.0937,0.000000,0.000000,0.000000,above_band_high
2026-07-22T13:42:00Z,96.1227,0.000000,0.000000,0.000000,above_band_high
2026-07-22T13:43:00Z,96.0906,0.000000,0.000000,0.000000,above_band_high
2026-07-22T13:44:00Z,96.0632,0.000000,0.000000,0.000000,above_band_high
2026-07-22T13:45:00Z,96.0800,0.000000,0.000000,0.000000,above_band_high
2026-07-22T13:46:00Z,96.0998,0.000000,0.000000,0.000000,above_band_high
2026-07-22T13:47:00Z,96.0845,0.000000,0.000000,0.000000,above_band_high
2026-07-22T13:48:00Z,96.0815,0.000000,0.000000,0.000000,above_band_high
2026-07-22T13:49:00Z,96.0479,0.000000,0.000000,0.000000,above_band_high
2026-07-22T13:50:00Z,96.0494,0.000000,0.000000,0.000000,above_band_high
2026-07-22T13:51:00Z,96.0388,0.000000,0.000000,0.000000,above_band_high
2026-07-22T13:52:00Z,96.0388,0.000000,0.000000,0.000000,above_band_high
2026-07-22T13:53:00Z,96.0388,0.000000,0.000000,0.000000,above_band_high
2026-07-22T13:54:00Z,96.0540,0.000000,0.000000,0.000000,above_band_high
2026-07-22T13:55:00Z,95.9854,0.000000,0.000000,0.000000,above_band_high
2026-07-22T13:56:00Z,96.0204,0.000000,0.000000,0.000000,above_band_high
2026-07-22T13:57:00Z,96.0159,0.000000,0.000000,0.000000,above_band_high
2026-07-22T13:58:00Z,96.0266,0.000000,0.000000,0.000000,above_band_high
2026-07-22T13:59:00Z,95.9854,0.000000,0.000000,0.000000,above_band_high
2026-07-22T14:00:00Z,95.9762,0.000000,0.000000,0.000000,above_band_high
2026-07-22T14:01:00Z,95.9976,0.000000,0.000000,0.000000,above_band_high
2026-07-22T14:02:00Z,95.9701,0.000000,0.000000,0.000000,above_band_high
2026-07-22T14:03:00Z,95.9792,0.000000,0.000000,0.000000,above_band_high
2026-07-22T14:04:00Z,95.9625,0.000000,0.000000,0.000000,above_band_high
2026-07-22T14:05:00Z,95.9533,0.000000,0.000000,0.000000,above_band_high
2026-07-22T14:06:00Z,95.9579,0.000000,0.000000,0.000000,above_band_high
2026-07-22T14:07:00Z,95.9808,0.000000,0.000000,0.000000,above_band_high
2026-07-22T14:08:00Z,95.9350,0.000000,0.000000,0.000000,above_band_high
2026-07-22T14:09:00Z,95.9426,0.000000,0.000000,0.000000,above_band_high
2026-07-22T14:10:00Z,95.9014,0.000000,0.000000,0.000000,above_band_high
2026-07-22T14:11:00Z,95.9304,0.000000,0.000000,0.000000,above_band_high
2026-07-22T14:12:00Z,95.9030,0.000000,0.000000,0.000000,above_band_high
2026-07-22T14:13:00Z,95.9014,0.000000,0.000000,0.000000,above_band_high
2026-07-22T14:14:00Z,95.8846,0.000000,0.000000,0.000000,above_band_high
2026-07-22T14:15:00Z,95.8618,0.000000,0.000000,0.000000,above_band_high
2026-07-22T14:16:00Z,95.9243,0.000000,0.000000,0.000000,above_band_high
2026-07-22T14:17:00Z,95.8526,0.000000,0.000000,0.000000,above_band_high
2026-07-22T14:18:00Z,95.8785,0.000000,0.000000,0.000000,above_band_high
2026-07-22T14:19:00Z,95.8648,0.000000,0.000000,0.000000,above_band_high
2026-07-22T14:20:00Z,95.8389,0.000000,0.000000,0.000000,above_band_high
2026-07-22T14:21:00Z,95.8373,0.000000,0.000000,0.000000,above_band_high
2026-07-22T14:22:00Z,95.8740,0.000000,0.000000,0.000000,above_band_high
2026-07-22T14:23:00Z,95.8190,0.000000,0.000000,0.000000,above_band_high
2026-07-22T14:24:00Z,95.8572,0.000000,0.000000,0.000000,above_band_high
2026-07-22T14:25:00Z,95.8328,0.000000,0.000000,0.000000,above_band_high
2026-07-22T14:26:00Z,95.8053,0.000000,0.000000,0.000000,above_band_high
2026-07-22T14:27:00Z,95.8206,0.000000,0.000000,0.000000,above_band_high
2026-07-22T14:28:00Z,95.8190,0.000000,0.000000,0.000000,above_band_high
2026-07-22T14:29:00Z,95.8236,0.000000,0.000000,0.000000,above_band_high
2026-07-22T14:30:00Z,95.8099,0.000000,0.000000,0.000000,above_band_high
2026-07-22T14:31:00Z,95.7931,0.000000,0.000000,0.000000,above_band_high
2026-07-22T14:32:00Z,95.8328,0.000000,0.000000,0.000000,above_band_high
2026-07-22T14:33:00Z,95.8740,0.000000,0.000000,0.000000,above_band_high
2026-07-22T14:34:00Z,95.8206,0.000000,0.000000,0.000000,above_band_high
2026-07-22T14:35:00Z,95.8343,0.000000,0.000000,0.000000,above_band_high
2026-07-22T14:36:00Z,95.8511,0.000000,0.000000,0.000000,above_band_high
2026-07-22T14:37:00Z,95.8618,0.000000,0.000000,0.000000,above_band_high
2026-07-22T14:38:00Z,95.9014,0.000000,0.000000,0.000000,above_band_high
2026-07-22T14:39:00Z,95.8663,0.000000,0.000000,0.000000,above_band_high
2026-07-22T14:40:00Z,95.8877,0.000000,0.000000,0.000000,above_band_high
2026-07-22T14:41:00Z,95.8877,0.000000,0.000000,0.000000,above_band_high
2026-07-22T14:42:00Z,95.8511,0.000000,0.000000,0.000000,above_band_high
2026-07-22T14:43:00Z,95.9060,0.000000,0.000000,0.000000,above_band_high
2026-07-22T14:44:00Z,95.9487,0.000000,0.000000,0.000000,above_band_high
2026-07-22T14:45:00Z,95.8938,0.000000,0.000000,0.000000,above_band_high
2026-07-22T14:46:00Z,95.9152,0.000000,0.000000,0.000000,above_band_high
2026-07-22T14:47:00Z,95.8923,0.000000,0.000000,0.000000,above_band_high
2026-07-22T14:48:00Z,95.9060,0.000000,0.000000,0.000000,above_band_high
2026-07-22T14:49:00Z,95.8968,0.000000,0.000000,0.000000,above_band_high
2026-07-22T14:50:00Z,95.9258,0.000000,0.000000,0.000000,above_band_high
2026-07-22T14:51:00Z,95.8694,0.000000,0.000000,0.000000,above_band_high
2026-07-22T14:52:00Z,95.8846,0.000000,0.000000,0.000000,above_band_high
2026-07-22T14:53:00Z,95.8801,0.000000,0.000000,0.000000,above_band_high
2026-07-22T14:54:00Z,95.8984,0.000000,0.000000,0.000000,above_band_high
2026-07-22T14:55:00Z,95.9030,0.000000,0.000000,0.000000,above_band_high
2026-07-22T14:56:00Z,95.8801,0.000000,0.000000,0.000000,above_band_high
2026-07-22T14:57:00Z,95.8938,0.000000,0.000000,0.000000,above_band_high
2026-07-22T14:58:00Z,95.8740,0.000000,0.000000,0.000000,above_band_high
2026-07-22T14:59:00Z,95.8877,0.000000,0.000000,0.000000,above_band_high
2026-07-22T15:00:00Z,95.9152,0.000000,0.000000,0.000000,above_band_high
2026-07-22T15:01:00Z,95.8785,0.000000,0.000000,0.000000,above_band_high
2026-07-22T15:02:00Z,95.8785,0.000000,0.000000,0.000000,above_band_high
2026-07-22T15:03:00Z,95.8877,0.000000,0.000000,0.000000,above_band_high
2026-07-22T15:04:00Z,95.8877,0.000000,0.000000,0.000000,above_band_high
2026-07-22T15:05:00Z,95.8938,0.000000,0.000000,0.000000,above_band_high
2026-07-22T15:06:00Z,95.9152,0.000000,0.000000,0.000000,above_band_high
2026-07-22T15:07:00Z,95.8923,0.000000,0.000000,0.000000,above_band_high
2026-07-22T15:08:00Z,95.9030,0.000000,0.000000,0.000000,above_band_high
2026-07-22T15:09:00Z,95.8709,0.000000,0.000000,0.000000,above_band_high
2026-07-22T15:10:00Z,95.8877,0.000000,0.000000,0.000000,above_band_high
2026-07-22T15:11:00Z,95.8755,0.000000,0.000000,0.000000,above_band_high
2026-07-22T15:12:00Z,95.8663,0.000000,0.000000,0.000000,above_band_high
2026-07-22T15:13:00Z,95.8602,0.000000,0.000000,0.000000,above_band_high
2026-07-22T15:14:00Z,95.8526,0.000000,0.000000,0.000000,above_band_high
2026-07-22T15:15:00Z,95.8343,0.000000,0.000000,0.000000,above_band_high
2026-07-22T15:16:00Z,95.8206,0.000000,0.000000,0.000000,above_band_high
2026-07-22T15:17:00Z,95.8297,0.000000,0.000000,0.000000,above_band_high
2026-07-22T15:18:00Z,95.8206,0.000000,0.000000,0.000000,above_band_high
2026-07-22T15:19:00Z,95.8480,0.000000,0.000000,0.000000,above_band_high
2026-07-22T15:20:00Z,95.8831,0.000000,0.000000,0.000000,above_band_high
2026-07-22T15:21:00Z,95.8526,0.000000,0.000000,0.000000,above_band_high
2026-07-22T15:22:00Z,95.7961,0.000000,0.000000,0.000000,above_band_high
2026-07-22T15:23:00Z,95.8007,0.000000,0.000000,0.000000,above_band_high
2026-07-22T15:24:00Z,95.7702,0.000000,0.000000,0.000000,above_band_high
2026-07-22T15:25:00Z,95.8145,0.000000,0.000000,0.000000,above_band_high
2026-07-22T15:26:00Z,95.7473,0.000000,0.000000,0.000000,above_band_high
2026-07-22T15:27:00Z,95.7595,0.000000,0.000000,0.000000,above_band_high
2026-07-22T15:28:00Z,95.7748,0.000000,0.000000,0.000000,above_band_high
2026-07-22T15:29:00Z,95.7473,0.000000,0.000000,0.000000,above_band_high
2026-07-22T15:30:00Z,95.7885,0.000000,0.000000,0.000000,above_band_high
2026-07-22T15:31:00Z,95.7839,0.000000,0.000000,0.000000,above_band_high
2026-07-22T15:32:00Z,95.7977,0.000000,0.000000,0.000000,above_band_high
2026-07-22T15:33:00Z,95.7748,0.000000,0.000000,0.000000,above_band_high
2026-07-22T15:34:00Z,95.7595,0.000000,0.000000,0.000000,above_band_high
2026-07-22T15:35:00Z,95.8007,0.000000,0.000000,0.000000,above_band_high
2026-07-22T15:36:00Z,95.7656,0.000000,0.000000,0.000000,above_band_high
2026-07-22T15:37:00Z,95.7778,0.000000,0.000000,0.000000,above_band_high
2026-07-22T15:38:00Z,95.7931,0.000000,0.000000,0.000000,above_band_high
2026-07-22T15:39:00Z,95.7794,0.000000,0.000000,0.000000,above_band_high
2026-07-22T15:40:00Z,95.7656,0.000000,0.000000,0.000000,above_band_high
2026-07-22T15:41:00Z,95.7748,0.000000,0.000000,0.000000,above_band_high
2026-07-22T15:42:00Z,95.7610,0.000000,0.000000,0.000000,above_band_high
2026-07-22T15:43:00Z,95.7794,0.000000,0.000000,0.000000,above_band_high
2026-07-22T15:44:00Z,95.7549,0.000000,0.000000,0.000000,above_band_high
2026-07-22T15:45:00Z,95.7702,0.000000,0.000000,0.000000,above_band_high
2026-07-22T15:46:00Z,95.7549,0.000000,0.000000,0.000000,above_band_high
2026-07-22T15:47:00Z,95.8022,0.000000,0.000000,0.000000,above_band_high
2026-07-22T15:48:00Z,95.7641,0.000000,0.000000,0.000000,above_band_high
2026-07-22T15:49:00Z,95.7610,0.000000,0.000000,0.000000,above_band_high
2026-07-22T15:50:00Z,95.7794,0.000000,0.000000,0.000000,above_band_high
2026-07-22T15:51:00Z,95.7885,0.000000,0.000000,0.000000,above_band_high
2026-07-22T15:52:00Z,95.7794,0.000000,0.000000,0.000000,above_band_high
2026-07-22T15:53:00Z,95.8160,0.000000,0.000000,0.000000,above_band_high
2026-07-22T15:54:00Z,95.8251,0.000000,0.000000,0.000000,above_band_high
2026-07-22T15:55:00Z,95.7870,0.000000,0.000000,0.000000,above_band_high
2026-07-22T15:56:00Z,95.7885,0.000000,0.000000,0.000000,above_band_high
2026-07-22T15:57:00Z,95.8236,0.000000,0.000000,0.000000,above_band_high
2026-07-22T15:58:00Z,95.8206,0.000000,0.000000,0.000000,above_band_high
2026-07-22T15:59:00Z,95.8145,0.000000,0.000000,0.000000,above_band_high
2026-07-22T16:00:00Z,95.7977,0.000000,0.000000,0.000000,above_band_high
2026-07-22T16:01:00Z,95.7931,0.000000,0.000000,0.000000,above_band_high
2026-07-22T16:02:00Z,95.8282,0.000000,0.000000,0.000000,above_band_high
2026-07-22T16:03:00Z,95.8389,0.000000,0.000000,0.000000,above_band_high
2026-07-22T16:04:00Z,95.8465,0.000000,0.000000,0.000000,above_band_high
2026-07-22T16:05:00Z,95.8618,0.000000,0.000000,0.000000,above_band_high
2026-07-22T16:06:00Z,95.8389,0.000000,0.000000,0.000000,above_band_high
2026-07-22T16:07:00Z,95.8389,0.000000,0.000000,0.000000,above_band_high
2026-07-22T16:08:00Z,95.8618,0.000000,0.000000,0.000000,above_band_high
2026-07-22T16:09:00Z,95.8480,0.000000,0.000000,0.000000,above_band_high
2026-07-22T16:10:00Z,95.8785,0.000000,0.000000,0.000000,above_band_high
2026-07-22T16:11:00Z,95.8373,0.000000,0.000000,0.000000,above_band_high
2026-07-22T16:12:00Z,95.8328,0.000000,0.000000,0.000000,above_band_high
2026-07-22T16:13:00Z,95.8434,0.000000,0.000000,0.000000,above_band_high
2026-07-22T16:14:00Z,95.8160,0.000000,0.000000,0.000000,above_band_high
2026-07-22T16:15:00Z,95.8236,0.000000,0.000000,0.000000,above_band_high
2026-07-22T16:16:00Z,95.8328,0.000000,0.000000,0.000000,above_band_high
2026-07-22T16:17:00Z,95.8007,0.000000,0.000000,0.000000,above_band_high
2026-07-22T16:18:00Z,95.8282,0.000000,0.000000,0.000000,above_band_high
2026-07-22T16:19:00Z,95.8190,0.000000,0.000000,0.000000,above_band_high
2026-07-22T16:20:00Z,95.8114,0.000000,0.000000,0.000000,above_band_high
2026-07-23T07:17:55Z,96.2036,0.000000,0.000000,0.000000,above_band_high
2026-07-23T07:18:00Z,96.2402,0.000000,0.000000,0.000000,above_band_high
2026-07-23T07:19:00Z,96.2371,0.000000,0.000000,0.000000,above_band_high
2026-07-23T07:20:00Z,96.2264,0.000000,0.000000,0.000000,above_band_high
2026-07-23T07:21:00Z,96.2310,0.000000,0.000000,0.000000,above_band_high
2026-07-23T07:22:00Z,96.2051,0.000000,0.000000,0.000000,above_band_high
2026-07-23T07:23:00Z,96.2264,0.000000,0.000000,0.000000,above_band_high
2026-07-23T07:24:00Z,96.2448,0.000000,0.000000,0.000000,above_band_high
2026-07-23T07:25:00Z,96.2051,0.000000,0.000000,0.000000,above_band_high
2026-07-23T07:26:00Z,96.2188,0.000000,0.000000,0.000000,above_band_high
2026-07-23T07:27:00Z,96.2448,0.000000,0.000000,0.000000,above_band_high
2026-07-23T07:28:00Z,96.2188,0.000000,0.000000,0.000000,above_band_high
2026-07-23T07:29:00Z,96.2081,0.000000,0.000000,0.000000,above_band_high
2026-07-23T07:30:00Z,96.2081,0.000000,0.000000,0.000000,above_band_high
2026-07-23T07:31:00Z,96.2325,0.000000,0.000000,0.000000,above_band_high
2026-07-23T07:32:00Z,96.2264,0.000000,0.000000,0.000000,above_band_high
2026-07-23T07:33:00Z,96.2219,0.000000,0.000000,0.000000,above_band_high
2026-07-23T07:34:00Z,96.2188,0.000000,0.000000,0.000000,above_band_high
2026-07-23T07:35:00Z,96.2417,0.000000,0.000000,0.000000,above_band_high
2026-07-23T07:36:00Z,96.2081,0.000000,0.000000,0.000000,above_band_high
2026-07-23T07:37:00Z,96.2280,0.000000,0.000000,0.000000,above_band_high
2026-07-23T07:38:00Z,96.2280,0.000000,0.000000,0.000000,above_band_high
2026-07-23T07:39:00Z,96.2264,0.000000,0.000000,0.000000,above_band_high
2026-07-23T07:40:00Z,96.2356,0.000000,0.000000,0.000000,above_band_high
2026-07-23T07:41:00Z,96.2356,0.000000,0.000000,0.000000,above_band_high
2026-07-23T07:42:00Z,96.2448,0.000000,0.000000,0.000000,above_band_high
2026-07-23T07:43:00Z,96.2402,0.000000,0.000000,0.000000,above_band_high
2026-07-23T07:44:00Z,96.2142,0.000000,0.000000,0.000000,above_band_high
2026-07-23T07:45:00Z,96.2509,0.000000,0.000000,0.000000,above_band_high
2026-07-23T07:46:00Z,96.2402,0.000000,0.000000,0.000000,above_band_high
2026-07-23T07:47:00Z,96.2097,0.000000,0.000000,0.000000,above_band_high
2026-07-23T07:48:00Z,96.2325,0.000000,0.000000,0.000000,above_band_high
2026-07-23T07:49:00Z,96.2402,0.000000,0.000000,0.000000,above_band_high
2026-07-23T07:50:00Z,96.2737,0.000000,0.000000,0.000000,above_band_high
2026-07-23T07:51:00Z,96.2493,0.000000,0.000000,0.000000,above_band_high
2026-07-23T07:52:00Z,96.2310,0.000000,0.000000,0.000000,above_band_high
2026-07-23T07:53:00Z,96.2325,0.000000,0.000000,0.000000,above_band_high
2026-07-23T07:54:00Z,96.2402,0.000000,0.000000,0.000000,above_band_high
2026-07-23T07:55:00Z,96.2097,0.000000,0.000000,0.000000,above_band_high
2026-07-23T07:56:00Z,96.2051,0.000000,0.000000,0.000000,above_band_high
2026-07-23T07:57:00Z,96.2676,0.000000,0.000000,0.000000,above_band_high
2026-07-23T07:58:00Z,96.2448,0.000000,0.000000,0.000000,above_band_high
2026-07-23T07:59:00Z,96.2417,0.000000,0.000000,0.000000,above_band_high
2026-07-23T08:00:00Z,96.2402,0.000000,0.000000,0.000000,above_band_high
2026-07-23T08:01:00Z,96.2600,0.000000,0.000000,0.000000,above_band_high
2026-07-23T08:02:00Z,96.2417,0.000000,0.000000,0.000000,above_band_high
2026-07-23T08:03:00Z,96.2371,0.000000,0.000000,0.000000,above_band_high
2026-07-23T08:04:00Z,96.2142,0.000000,0.000000,0.000000,above_band_high
2026-07-23T08:05:00Z,96.2539,0.000000,0.000000,0.000000,above_band_high
2026-07-23T08:06:00Z,96.2417,0.000000,0.000000,0.000000,above_band_high
2026-07-23T08:07:00Z,96.2371,0.000000,0.000000,0.000000,above_band_high
2026-07-23T08:08:00Z,96.2493,0.000000,0.000000,0.000000,above_band_high
2026-07-23T08:09:00Z,96.2142,0.000000,0.000000,0.000000,above_band_high
2026-07-23T08:10:00Z,96.2692,0.000000,0.000000,0.000000,above_band_high
2026-07-23T08:11:00Z,96.2417,0.000000,0.000000,0.000000,above_band_high
2026-07-23T08:12:00Z,96.2417,0.000000,0.000000,0.000000,above_band_high
2026-07-23T08:13:00Z,96.2631,0.000000,0.000000,0.000000,above_band_high
2026-07-23T08:14:00Z,96.2768,0.000000,0.000000,0.000000,above_band_high
2026-07-23T08:15:00Z,96.2417,0.000000,0.000000,0.000000,above_band_high
2026-07-23T08:16:00Z,96.2783,0.000000,0.000000,0.000000,above_band_high
2026-07-23T08:17:00Z,96.2676,0.000000,0.000000,0.000000,above_band_high
2026-07-23T08:18:00Z,96.2966,0.000000,0.000000,0.000000,above_band_high
2026-07-23T08:19:00Z,96.2860,0.000000,0.000000,0.000000,above_band_high
2026-07-23T08:20:00Z,96.2966,0.000000,0.000000,0.000000,above_band_high
2026-07-23T08:21:00Z,96.2600,0.000000,0.000000,0.000000,above_band_high
2026-07-23T08:22:00Z,96.2676,0.000000,0.000000,0.000000,above_band_high
2026-07-23T08:23:00Z,96.2722,0.000000,0.000000,0.000000,above_band_high
2026-07-23T08:24:00Z,96.2188,0.000000,0.000000,0.000000,above_band_high
2026-07-23T08:25:00Z,96.2600,0.000000,0.000000,0.000000,above_band_high
2026-07-23T08:26:00Z,96.2509,0.000000,0.000000,0.000000,above_band_high
2026-07-23T08:27:00Z,96.2554,0.000000,0.000000,0.000000,above_band_high
2026-07-23T08:28:00Z,96.2371,0.000000,0.000000,0.000000,above_band_high
2026-07-23T08:29:00Z,96.2631,0.000000,0.000000,0.000000,above_band_high
2026-07-23T08:30:00Z,96.2554,0.000000,0.000000,0.000000,above_band_high
2026-07-23T08:31:00Z,96.2676,0.000000,0.000000,0.000000,above_band_high
2026-07-23T08:32:00Z,96.2676,0.000000,0.000000,0.000000,above_band_high
2026-07-23T08:33:00Z,96.2493,0.000000,0.000000,0.000000,above_band_high
2026-07-23T08:34:00Z,96.2448,0.000000,0.000000,0.000000,above_band_high
2026-07-23T08:35:00Z,96.2509,0.000000,0.000000,0.000000,above_band_high
2026-07-23T08:36:00Z,96.2905,0.000000,0.000000,0.000000,above_band_high
2026-07-23T08:37:00Z,96.2417,0.000000,0.000000,0.000000,above_band_high
2026-07-23T08:38:00Z,96.2783,0.000000,0.000000,0.000000,above_band_high
2026-07-23T08:39:00Z,96.2509,0.000000,0.000000,0.000000,above_band_high
2026-07-23T08:40:00Z,96.2371,0.000000,0.000000,0.000000,above_band_high
2026-07-23T08:41:00Z,96.2325,0.000000,0.000000,0.000000,above_band_high
2026-07-23T08:42:00Z,96.2737,0.000000,0.000000,0.000000,above_band_high
2026-07-23T08:43:00Z,96.2722,0.000000,0.000000,0.000000,above_band_high
2026-07-23T08:44:00Z,96.2676,0.000000,0.000000,0.000000,above_band_high
2026-07-23T08:45:00Z,96.2676,0.000000,0.000000,0.000000,above_band_high
2026-07-23T08:46:00Z,96.2539,0.000000,0.000000,0.000000,above_band_high
2026-07-23T08:47:00Z,96.2631,0.000000,0.000000,0.000000,above_band_high
2026-07-23T08:48:00Z,96.2783,0.000000,0.000000,0.000000,above_band_high
2026-07-23T08:49:00Z,96.2737,0.000000,0.000000,0.000000,above_band_high
2026-07-23T08:50:00Z,96.2631,0.000000,0.000000,0.000000,above_band_high
2026-07-23T08:51:00Z,96.2631,0.000000,0.000000,0.000000,above_band_high
2026-07-23T08:52:00Z,96.2448,0.000000,0.000000,0.000000,above_band_high
2026-07-23T08:53:00Z,96.2539,0.000000,0.000000,0.000000,above_band_high
2026-07-23T08:54:00Z,96.2402,0.000000,0.000000,0.000000,above_band_high
2026-07-23T08:55:00Z,96.2722,0.000000,0.000000,0.000000,above_band_high
2026-07-23T08:56:00Z,96.2600,0.000000,0.000000,0.000000,above_band_high
2026-07-23T08:57:00Z,96.2631,0.000000,0.000000,0.000000,above_band_high
2026-07-23T08:58:00Z,96.2722,0.000000,0.000000,0.000000,above_band_high
2026-07-23T08:59:00Z,96.2783,0.000000,0.000000,0.000000,above_band_high
2026-07-23T09:00:00Z,96.2966,0.000000,0.000000,0.000000,above_band_high
2026-07-23T09:01:00Z,96.2783,0.000000,0.000000,0.000000,above_band_high
2026-07-23T09:02:00Z,96.2921,0.000000,0.000000,0.000000,above_band_high
2026-07-23T09:03:00Z,96.2783,0.000000,0.000000,0.000000,above_band_high
2026-07-23T09:04:00Z,96.2554,0.000000,0.000000,0.000000,above_band_high
2026-07-23T09:05:00Z,96.2722,0.000000,0.000000,0.000000,above_band_high
2026-07-23T09:06:00Z,96.2860,0.000000,0.000000,0.000000,above_band_high
2026-07-23T09:07:00Z,96.2554,0.000000,0.000000,0.000000,above_band_high
2026-07-23T09:08:00Z,96.2875,0.000000,0.000000,0.000000,above_band_high
2026-07-23T09:09:00Z,96.2737,0.000000,0.000000,0.000000,above_band_high
2026-07-23T09:10:00Z,96.2676,0.000000,0.000000,0.000000,above_band_high
2026-07-23T09:11:00Z,96.2692,0.000000,0.000000,0.000000,above_band_high
2026-07-23T09:12:00Z,96.2737,0.000000,0.000000,0.000000,above_band_high
2026-07-23T09:13:00Z,96.2692,0.000000,0.000000,0.000000,above_band_high
2026-07-23T09:14:00Z,96.2493,0.000000,0.000000,0.000000,above_band_high
2026-07-23T09:15:00Z,96.2676,0.000000,0.000000,0.000000,above_band_high
2026-07-23T09:16:00Z,96.2768,0.000000,0.000000,0.000000,above_band_high
2026-07-23T09:17:00Z,96.2829,0.000000,0.000000,0.000000,above_band_high
2026-07-23T09:18:00Z,96.2921,0.000000,0.000000,0.000000,above_band_high
2026-07-23T09:19:00Z,96.2783,0.000000,0.000000,0.000000,above_band_high
2026-07-23T09:20:00Z,96.2783,0.000000,0.000000,0.000000,above_band_high
2026-07-23T09:21:00Z,96.3149,0.000000,0.000000,0.000000,above_band_high
2026-07-23T09:22:00Z,96.3272,0.000000,0.000000,0.000000,above_band_high
2026-07-23T09:23:00Z,96.3104,0.000000,0.000000,0.000000,above_band_high
2026-07-23T09:24:00Z,96.3149,0.000000,0.000000,0.000000,above_band_high
2026-07-23T09:25:00Z,96.3104,0.000000,0.000000,0.000000,above_band_high
2026-07-23T09:26:00Z,96.2875,0.000000,0.000000,0.000000,above_band_high
2026-07-23T09:27:00Z,96.2676,0.000000,0.000000,0.000000,above_band_high
2026-07-23T09:28:00Z,96.2371,0.000000,0.000000,0.000000,above_band_high
2026-07-23T09:29:00Z,96.2737,0.000000,0.000000,0.000000,above_band_high
2026-07-23T09:30:00Z,96.2921,0.000000,0.000000,0.000000,above_band_high
2026-07-23T09:31:00Z,96.2783,0.000000,0.000000,0.000000,above_band_high
2026-07-23T09:32:00Z,96.2951,0.000000,0.000000,0.000000,above_band_high
2026-07-23T09:33:00Z,96.2951,0.000000,0.000000,0.000000,above_band_high
2026-07-23T09:34:00Z,96.2768,0.000000,0.000000,0.000000,above_band_high
2026-07-23T09:35:00Z,96.2676,0.000000,0.000000,0.000000,above_band_high
2026-07-23T09:36:00Z,96.2737,0.000000,0.000000,0.000000,above_band_high
2026-07-23T09:37:00Z,96.2951,0.000000,0.000000,0.000000,above_band_high
2026-07-23T09:38:00Z,96.2814,0.000000,0.000000,0.000000,above_band_high
2026-07-23T09:39:00Z,96.2829,0.000000,0.000000,0.000000,above_band_high
2026-07-23T09:40:00Z,96.2829,0.000000,0.000000,0.000000,above_band_high
2026-07-23T09:41:00Z,96.2966,0.000000,0.000000,0.000000,above_band_high
2026-07-23T09:42:00Z,96.3088,0.000000,0.000000,0.000000,above_band_high
2026-07-23T09:43:00Z,96.2875,0.000000,0.000000,0.000000,above_band_high
2026-07-23T09:44:00Z,96.2692,0.000000,0.000000,0.000000,above_band_high
2026-07-23T09:45:00Z,96.2921,0.000000,0.000000,0.000000,above_band_high
2026-07-23T09:46:00Z,96.3043,0.000000,0.000000,0.000000,above_band_high
2026-07-23T09:47:00Z,96.2921,0.000000,0.000000,0.000000,above_band_high
2026-07-23T09:48:00Z,96.2692,0.000000,0.000000,0.000000,above_band_high
2026-07-23T09:49:00Z,96.3226,0.000000,0.000000,0.000000,above_band_high
2026-07-23T09:50:00Z,96.2860,0.000000,0.000000,0.000000,above_band_high
2026-07-23T09:51:00Z,96.3043,0.000000,0.000000,0.000000,above_band_high
2026-07-23T09:52:00Z,96.2921,0.000000,0.000000,0.000000,above_band_high
2026-07-23T09:53:00Z,96.2814,0.000000,0.000000,0.000000,above_band_high
2026-07-23T09:54:00Z,96.2860,0.000000,0.000000,0.000000,above_band_high
2026-07-23T09:55:00Z,96.2814,0.000000,0.000000,0.000000,above_band_high
2026-07-23T09:56:00Z,96.2814,0.000000,0.000000,0.000000,above_band_high
2026-07-23T09:57:00Z,96.2875,0.000000,0.000000,0.000000,above_band_high
2026-07-23T09:58:00Z,96.3226,0.000000,0.000000,0.000000,above_band_high
2026-07-23T09:59:00Z,96.2631,0.000000,0.000000,0.000000,above_band_high
2026-07-23T10:00:00Z,96.3180,0.000000,0.000000,0.000000,above_band_high
2026-07-23T10:01:00Z,96.2737,0.000000,0.000000,0.000000,above_band_high
2026-07-23T10:02:00Z,96.2997,0.000000,0.000000,0.000000,above_band_high
2026-07-23T10:03:00Z,96.2997,0.000000,0.000000,0.000000,above_band_high
2026-07-23T10:04:00Z,96.3104,0.000000,0.000000,0.000000,above_band_high
2026-07-23T10:05:00Z,96.2921,0.000000,0.000000,0.000000,above_band_high
2026-07-23T10:06:00Z,96.2921,0.000000,0.000000,0.000000,above_band_high
2026-07-23T10:07:00Z,96.2860,0.000000,0.000000,0.000000,above_band_high
2026-07-23T10:08:00Z,96.2814,0.000000,0.000000,0.000000,above_band_high
2026-07-23T10:09:00Z,96.2737,0.000000,0.000000,0.000000,above_band_high
2026-07-23T10:10:00Z,96.2997,0.000000,0.000000,0.000000,above_band_high
2026-07-23T10:11:00Z,96.2921,0.000000,0.000000,0.000000,above_band_high
2026-07-23T10:12:00Z,96.2875,0.000000,0.000000,0.000000,above_band_high
2026-07-23T10:13:00Z,96.2631,0.000000,0.000000,0.000000,above_band_high
2026-07-23T10:14:00Z,96.2997,0.000000,0.000000,0.000000,above_band_high
2026-07-23T10:15:00Z,96.3104,0.000000,0.000000,0.000000,above_band_high
2026-07-23T10:16:00Z,96.2768,0.000000,0.000000,0.000000,above_band_high
2026-07-23T10:17:00Z,96.2905,0.000000,0.000000,0.000000,above_band_high
2026-07-23T10:18:00Z,96.3180,0.000000,0.000000,0.000000,above_band_high
2026-07-23T10:19:00Z,96.3226,0.000000,0.000000,0.000000,above_band_high
2026-07-23T10:20:00Z,96.2921,0.000000,0.000000,0.000000,above_band_high
2026-07-23T10:21:00Z,96.2768,0.000000,0.000000,0.000000,above_band_high
2026-07-23T10:22:00Z,96.3180,0.000000,0.000000,0.000000,above_band_high
2026-07-23T10:23:00Z,96.2997,0.000000,0.000000,0.000000,above_band_high
2026-07-23T10:24:00Z,96.2814,0.000000,0.000000,0.000000,above_band_high
2026-07-23T10:25:00Z,96.2722,0.000000,0.000000,0.000000,above_band_high
2026-07-23T10:26:00Z,96.2814,0.000000,0.000000,0.000000,above_band_high
2026-07-23T10:27:00Z,96.3058,0.000000,0.000000,0.000000,above_band_high
2026-07-23T10:28:00Z,96.2921,0.000000,0.000000,0.000000,above_band_high
2026-07-23T10:29:00Z,96.2997,0.000000,0.000000,0.000000,above_band_high
2026-07-23T10:30:00Z,96.3058,0.000000,0.000000,0.000000,above_band_high
2026-07-23T10:31:00Z,96.3272,0.000000,0.000000,0.000000,above_band_high
2026-07-23T10:32:00Z,96.3012,0.000000,0.000000,0.000000,above_band_high
2026-07-23T10:33:00Z,96.3058,0.000000,0.000000,0.000000,above_band_high
2026-07-23T10:34:00Z,96.3104,0.000000,0.000000,0.000000,above_band_high
2026-07-23T10:35:00Z,96.2966,0.000000,0.000000,0.000000,above_band_high
2026-07-23T10:36:00Z,96.2875,0.000000,0.000000,0.000000,above_band_high
2026-07-23T10:37:00Z,96.3180,0.000000,0.000000,0.000000,above_band_high
2026-07-23T10:38:00Z,96.3043,0.000000,0.000000,0.000000,above_band_high
2026-07-23T10:39:00Z,96.2905,0.000000,0.000000,0.000000,above_band_high
2026-07-23T10:40:00Z,96.3058,0.000000,0.000000,0.000000,above_band_high
2026-07-23T10:41:00Z,96.3104,0.000000,0.000000,0.000000,above_band_high
2026-07-23T10:42:00Z,96.3043,0.000000,0.000000,0.000000,above_band_high
2026-07-23T10:43:00Z,96.3012,0.000000,0.000000,0.000000,above_band_high
2026-07-23T10:44:00Z,96.2860,0.000000,0.000000,0.000000,above_band_high
2026-07-23T10:45:00Z,96.3470,0.000000,0.000000,0.000000,above_band_high
2026-07-23T10:46:00Z,96.3363,0.000000,0.000000,0.000000,above_band_high
2026-07-23T10:47:00Z,96.3134,0.000000,0.000000,0.000000,above_band_high
2026-07-23T10:48:00Z,96.3180,0.000000,0.000000,0.000000,above_band_high
2026-07-23T10:49:00Z,96.3363,0.000000,0.000000,0.000000,above_band_high
2026-07-23T10:50:00Z,96.3592,0.000000,0.000000,0.000000,above_band_high
2026-07-23T10:51:00Z,96.3546,0.000000,0.000000,0.000000,above_band_high
2026-07-23T10:52:00Z,96.3287,0.000000,0.000000,0.000000,above_band_high
2026-07-23T10:53:00Z,96.3363,0.000000,0.000000,0.000000,above_band_high
2026-07-23T10:54:00Z,96.3592,0.000000,0.000000,0.000000,above_band_high
2026-07-23T10:55:00Z,96.3424,0.000000,0.000000,0.000000,above_band_high
2026-07-23T10:56:00Z,96.3272,0.000000,0.000000,0.000000,above_band_high
2026-07-23T10:57:00Z,96.3058,0.000000,0.000000,0.000000,above_band_high
2026-07-23T10:58:00Z,96.3363,0.000000,0.000000,0.000000,above_band_high
2026-07-23T10:59:00Z,96.3470,0.000000,0.000000,0.000000,above_band_high
2026-07-23T11:00:00Z,96.3638,0.000000,0.000000,0.000000,above_band_high
2026-07-23T11:01:00Z,96.3821,0.000000,0.000000,0.000000,above_band_high
2026-07-23T11:02:00Z,96.3729,0.000000,0.000000,0.000000,above_band_high
2026-07-23T11:03:00Z,96.3638,0.000000,0.000000,0.000000,above_band_high
2026-07-23T11:04:00Z,96.3546,0.000000,0.000000,0.000000,above_band_high
2026-07-23T11:05:00Z,96.4004,0.000000,0.000000,0.000000,above_band_high
2026-07-23T11:06:00Z,96.3882,0.000000,0.000000,0.000000,above_band_high
2026-07-23T11:07:00Z,96.3729,0.000000,0.000000,0.000000,above_band_high
2026-07-23T11:08:00Z,96.3729,0.000000,0.000000,0.000000,above_band_high
2026-07-23T11:09:00Z,96.4004,0.000000,0.000000,0.000000,above_band_high
2026-07-23T11:10:00Z,96.3821,0.000000,0.000000,0.000000,above_band_high
2026-07-23T11:11:00Z,96.4157,0.000000,0.000000,0.000000,above_band_high
2026-07-23T11:12:00Z,96.4187,0.000000,0.000000,0.000000,above_band_high
2026-07-23T11:13:00Z,96.4019,0.000000,0.000000,0.000000,above_band_high
2026-07-23T11:14:00Z,96.4202,0.000000,0.000000,0.000000,above_band_high
2026-07-23T11:15:00Z,96.4202,0.000000,0.000000,0.000000,above_band_high
2026-07-23T11:16:00Z,96.4050,0.000000,0.000000,0.000000,above_band_high
2026-07-23T11:17:00Z,96.4187,0.000000,0.000000,0.000000,above_band_high
2026-07-23T11:18:00Z,96.4279,0.000000,0.000000,0.000000,above_band_high
2026-07-23T11:19:00Z,96.4279,0.000000,0.000000,0.000000,above_band_high
2026-07-23T11:20:00Z,96.4553,0.000000,0.000000,0.000000,above_band_high
2026-07-23T11:21:00Z,96.4736,0.000000,0.000000,0.000000,above_band_high
2026-07-23T11:22:00Z,96.4553,0.000000,0.000000,0.000000,above_band_high
2026-07-23T11:23:00Z,96.4736,0.000000,0.000000,0.000000,above_band_high
2026-07-23T11:24:00Z,96.4843,0.000000,0.000000,0.000000,above_band_high
2026-07-23T11:25:00Z,96.4920,0.000000,0.000000,0.000000,above_band_high
2026-07-23T11:26:00Z,96.5148,0.000000,0.000000,0.000000,above_band_high
2026-07-23T11:27:00Z,96.5255,0.000000,0.000000,0.000000,above_band_high
2026-07-23T11:28:00Z,96.5530,0.000000,0.000000,0.000000,above_band_high
2026-07-23T11:29:00Z,96.5560,0.000000,0.000000,0.000000,above_band_high
2026-07-23T11:30:00Z,96.5118,0.000000,0.000000,0.000000,above_band_high
2026-07-23T11:31:00Z,96.5423,0.000000,0.000000,0.000000,above_band_high
2026-07-23T11:32:00Z,96.6155,0.000000,0.000000,0.000000,above_band_high
2026-07-23T11:33:00Z,96.6354,0.000000,0.000000,0.000000,above_band_high
2026-07-23T11:34:00Z,96.5942,0.000000,0.000000,0.000000,above_band_high
2026-07-23T11:35:00Z,96.6384,0.000000,0.000000,0.000000,above_band_high
2026-07-23T11:36:00Z,96.6567,0.000000,0.000000,0.000000,above_band_high
2026-07-23T11:37:00Z,96.6629,0.000000,0.000000,0.000000,above_band_high
2026-07-23T11:38:00Z,96.6430,0.000000,0.000000,0.000000,above_band_high
2026-07-23T11:39:00Z,96.6217,0.000000,0.000000,0.000000,above_band_high
2026-07-23T11:40:00Z,96.6842,0.000000,0.000000,0.000000,above_band_high
2026-07-23T11:41:00Z,96.6430,0.000000,0.000000,0.000000,above_band_high
2026-07-23T11:42:00Z,96.6903,0.000000,0.000000,0.000000,above_band_high
2026-07-23T11:43:00Z,96.6751,0.000000,0.000000,0.000000,above_band_high
2026-07-23T11:44:00Z,96.6979,0.000000,0.000000,0.000000,above_band_high
2026-07-23T11:45:00Z,96.6522,0.000000,0.000000,0.000000,above_band_high
2026-07-23T11:46:00Z,96.6857,0.000000,0.000000,0.000000,above_band_high
2026-07-23T11:47:00Z,96.6567,0.000000,0.000000,0.000000,above_band_high
2026-07-23T11:48:00Z,96.6445,0.000000,0.000000,0.000000,above_band_high
2026-07-23T11:49:00Z,96.6934,0.000000,0.000000,0.000000,above_band_high
2026-07-23T11:50:00Z,96.6674,0.000000,0.000000,0.000000,above_band_high
2026-07-23T11:51:00Z,96.6567,0.000000,0.000000,0.000000,above_band_high
2026-07-23T11:52:00Z,96.7071,0.000000,0.000000,0.000000,above_band_high
2026-07-23T11:53:00Z,96.6537,0.000000,0.000000,0.000000,above_band_high
2026-07-23T11:54:00Z,96.6888,0.000000,0.000000,0.000000,above_band_high
2026-07-23T11:55:00Z,96.6903,0.000000,0.000000,0.000000,above_band_high
2026-07-23T11:56:00Z,96.6812,0.000000,0.000000,0.000000,above_band_high
2026-07-23T11:57:00Z,96.6674,0.000000,0.000000,0.000000,above_band_high
2026-07-23T11:58:00Z,96.6888,0.000000,0.000000,0.000000,above_band_high
2026-07-23T11:59:00Z,96.7178,0.000000,0.000000,0.000000,above_band_high
2026-07-23T12:00:00Z,96.6857,0.000000,0.000000,0.000000,above_band_high
2026-07-23T12:01:00Z,96.6705,0.000000,0.000000,0.000000,above_band_high
2026-07-23T12:02:00Z,96.6857,0.000000,0.000000,0.000000,above_band_high
2026-07-23T12:03:00Z,96.6476,0.000000,0.000000,0.000000,above_band_high
2026-07-23T12:04:00Z,96.6888,0.000000,0.000000,0.000000,above_band_high
2026-07-23T12:05:00Z,96.6583,0.000000,0.000000,0.000000,above_band_high
2026-07-23T12:06:00Z,96.6613,0.000000,0.000000,0.000000,above_band_high
2026-07-23T12:07:00Z,96.6583,0.000000,0.000000,0.000000,above_band_high
2026-07-23T12:08:00Z,96.6110,0.000000,0.000000,0.000000,above_band_high
2026-07-23T12:09:00Z,96.6018,0.000000,0.000000,0.000000,above_band_high
2026-07-23T12:10:00Z,96.6018,0.000000,0.000000,0.000000,above_band_high
2026-07-23T12:11:00Z,96.5606,0.000000,0.000000,0.000000,above_band_high
2026-07-23T12:12:00Z,96.5240,0.000000,0.000000,0.000000,above_band_high
2026-07-23T12:13:00Z,96.5164,0.000000,0.000000,0.000000,above_band_high
2026-07-23T12:14:00Z,96.4828,0.000000,0.000000,0.000000,above_band_high
2026-07-23T12:15:00Z,96.4202,0.000000,0.000000,0.000000,above_band_high
2026-07-23T12:16:00Z,96.4233,0.000000,0.000000,0.000000,above_band_high
2026-07-23T12:17:00Z,96.4019,0.000000,0.000000,0.000000,above_band_high
2026-07-23T12:18:00Z,96.3455,0.000000,0.000000,0.000000,above_band_high
2026-07-23T12:19:00Z,96.3149,0.000000,0.000000,0.000000,above_band_high
2026-07-23T12:20:00Z,96.2783,0.000000,0.000000,0.000000,above_band_high
2026-07-23T12:21:00Z,96.2005,0.000000,0.000000,0.000000,above_band_high
2026-07-23T12:22:00Z,96.1685,0.000000,0.000000,0.000000,above_band_high
2026-07-23T12:23:00Z,96.0952,0.000000,0.000000,0.000000,above_band_high
2026-07-23T12:24:00Z,95.9991,0.000000,0.000000,0.000000,above_band_high
2026-07-23T12:25:00Z,95.9655,0.000000,0.000000,0.000000,above_band_high
2026-07-23T12:26:00Z,95.8709,0.000000,0.000000,0.000000,above_band_high
2026-07-23T12:27:00Z,95.7977,0.000000,0.000000,0.000000,above_band_high
2026-07-23T12:28:00Z,95.7473,0.000000,0.000000,0.000000,above_band_high
2026-07-23T12:29:00Z,95.6542,0.000000,0.000000,0.000000,above_band_high
2026-07-23T12:30:00Z,95.5550,0.000000,0.000000,0.000000,above_band_high
2026-07-23T12:31:00Z,95.5306,0.000000,0.000000,0.000000,above_band_high
2026-07-23T12:32:00Z,95.4910,0.000000,0.000000,0.000000,above_band_high
2026-07-23T12:33:00Z,95.4040,0.000000,0.000000,0.000000,above_band_high
2026-07-23T12:34:00Z,95.3613,0.000000,0.000000,0.000000,above_band_high
2026-07-23T12:35:00Z,95.3353,0.000000,0.000000,0.000000,above_band_high
2026-07-23T12:36:00Z,95.2834,0.000000,0.000000,0.000000,above_band_high
2026-07-23T12:37:00Z,95.2483,0.000000,0.000000,0.000000,above_band_high
2026-07-23T12:38:00Z,95.2529,0.000000,0.000000,0.000000,above_band_high
2026-07-23T12:39:00Z,95.2392,0.000000,0.000000,0.000000,above_band_high
2026-07-23T12:40:00Z,95.2026,0.000000,0.000000,0.000000,above_band_high
2026-07-23T12:41:00Z,95.1644,0.000000,0.000000,0.000000,above_band_high
2026-07-23T12:42:00Z,95.1431,0.000000,0.000000,0.000000,above_band_high
2026-07-23T12:43:00Z,95.1476,0.000000,0.000000,0.000000,above_band_high
2026-07-23T12:44:00Z,95.0958,0.000000,0.000000,0.000000,above_band_high
2026-07-23T12:45:00Z,95.0683,0.000000,0.000000,0.000000,above_band_high
2026-07-23T12:46:00Z,94.9874,0.000000,0.000000,0.000000,above_band_high
2026-07-23T12:47:00Z,94.9783,0.000000,0.000000,0.000000,above_band_high
2026-07-23T12:48:00Z,94.8867,0.000000,0.000000,0.000000,above_band_high
2026-07-23T12:49:00Z,94.8394,0.000000,0.000000,0.000000,above_band_high
2026-07-23T12:50:00Z,94.7768,0.000000,0.000000,0.000000,above_band_high
2026-07-23T12:51:00Z,94.7219,0.000000,0.000000,0.000000,above_band_high
2026-07-23T12:52:00Z,94.6700,0.000000,0.000000,0.000000,above_band_high
2026-07-23T12:53:00Z,94.5647,0.000000,0.000000,0.000000,above_band_high
2026-07-23T12:54:00Z,94.5052,0.000000,0.000000,0.000000,above_band_high
2026-07-23T12:55:00Z,94.4198,0.000000,0.000000,0.000000,above_band_high
2026-07-23T12:56:00Z,94.3053,0.000000,0.000000,0.000000,above_band_high
2026-07-23T12:57:00Z,94.2397,0.000000,0.000000,0.000000,above_band_high
2026-07-23T12:58:00Z,94.1619,0.000000,0.000000,0.000000,above_band_high
2026-07-23T12:59:00Z,94.0932,0.000000,0.000000,0.000000,above_band_high
2026-07-23T13:00:00Z,94.0215,0.000000,0.000000,0.000000,above_band_high
2026-07-23T13:01:00Z,93.9330,0.000000,0.000000,0.000000,above_band_high
2026-07-23T13:02:00Z,93.8277,0.000000,0.000000,0.000000,above_band_high
2026-07-23T13:03:00Z,93.7133,0.000000,0.000000,0.000000,above_band_high
2026-07-23T13:04:00Z,93.6492,0.000000,0.000000,0.000000,above_band_high
2026-07-23T13:05:00Z,93.5256,0.000000,0.000000,0.000000,above_band_high
2026-07-23T13:06:00Z,93.4386,0.000000,0.000000,0.000000,above_band_high
2026-07-23T13:07:00Z,93.3471,0.000000,0.000000,0.000000,above_band_high
2026-07-23T13:08:00Z,93.2341,0.000000,0.000000,0.000000,above_band_high
2026-07-23T13:09:00Z,93.1563,0.000000,0.000000,0.000000,above_band_high
2026-07-23T13:10:00Z,93.0648,0.000000,0.000000,0.000000,above_band_high
2026-07-23T13:11:00Z,92.9992,0.000000,0.000000,0.000000,above_band_high
2026-07-23T13:12:00Z,92.9259,0.000000,0.000000,0.000000,above_band_high
2026-07-23T13:13:00Z,92.8450,0.000000,0.000000,0.000000,above_band_high
2026-07-23T13:14:00Z,92.7810,0.000000,0.000000,0.000000,above_band_high
2026-07-23T13:15:00Z,92.7382,0.000000,0.000000,0.000000,above_band_high
2026-07-23T13:16:00Z,92.7520,0.000000,0.000000,0.000000,above_band_high
2026-07-23T13:17:00Z,92.6741,0.000000,0.000000,0.000000,above_band_high
2026-07-23T13:18:00Z,92.6375,0.000000,0.000000,0.000000,above_band_high
2026-07-23T13:19:00Z,92.6070,0.000000,0.000000,0.000000,above_band_high
2026-07-23T13:20:00Z,92.5704,0.000000,0.000000,0.000000,above_band_high
2026-07-23T13:21:00Z,92.5338,0.000000,0.000000,0.000000,above_band_high
2026-07-23T13:22:00Z,92.5246,0.000000,0.000000,0.000000,above_band_high
2026-07-23T13:23:00Z,92.4819,0.000000,0.000000,0.000000,above_band_high
2026-07-23T13:24:00Z,92.4544,0.000000,0.000000,0.000000,above_band_high
2026-07-23T13:25:00Z,92.4224,0.000000,0.000000,0.000000,above_band_high
2026-07-23T13:26:00Z,92.3857,0.000000,0.000000,0.000000,above_band_high
2026-07-23T13:27:00Z,92.3873,0.000000,0.000000,0.000000,above_band_high
2026-07-23T13:28:00Z,92.3995,0.000000,0.000000,0.000000,above_band_high
2026-07-23T13:29:00Z,92.3812,0.000000,0.000000,0.000000,above_band_high
2026-07-23T13:30:00Z,92.3873,0.000000,0.000000,0.000000,above_band_high
2026-07-23T13:31:00Z,92.3781,0.000000,0.000000,0.000000,above_band_high
2026-07-23T13:32:00Z,92.4132,0.000000,0.000000,0.000000,above_band_high
2026-07-23T13:33:00Z,92.3812,0.000000,0.000000,0.000000,above_band_high
2026-07-23T13:34:00Z,92.3766,0.000000,0.000000,0.000000,above_band_high
2026-07-23T13:35:00Z,92.3827,0.000000,0.000000,0.000000,above_band_high
2026-07-23T13:36:00Z,92.3949,0.000000,0.000000,0.000000,above_band_high
2026-07-23T13:37:00Z,92.3735,0.000000,0.000000,0.000000,above_band_high
2026-07-23T13:38:00Z,92.3491,0.000000,0.000000,0.000000,above_band_high
2026-07-23T13:39:00Z,92.3369,0.000000,0.000000,0.000000,above_band_high
2026-07-23T13:40:00Z,92.2988,0.000000,0.000000,0.000000,above_band_high
2026-07-23T13:41:00Z,92.2820,0.000000,0.000000,0.000000,above_band_high
2026-07-23T13:42:00Z,92.2774,0.000000,0.000000,0.000000,above_band_high
2026-07-23T13:43:00Z,92.2637,0.000000,0.000000,0.000000,above_band_high
2026-07-23T13:44:00Z,92.2454,0.000000,0.000000,0.000000,above_band_high
2026-07-23T13:45:00Z,92.1904,0.000000,0.000000,0.000000,above_band_high
2026-07-23T13:46:00Z,92.1843,0.000000,0.000000,0.000000,above_band_high
2026-07-23T13:47:00Z,92.1614,0.000000,0.000000,0.000000,above_band_high
2026-07-23T13:48:00Z,92.1630,0.000000,0.000000,0.000000,above_band_high
2026-07-23T13:49:00Z,92.1263,0.000000,0.000000,0.000000,above_band_high
2026-07-23T13:50:00Z,92.0989,0.000000,0.000000,0.000000,above_band_high
2026-07-23T13:51:00Z,92.0790,0.000000,0.000000,0.000000,above_band_high
2026-07-23T13:52:00Z,92.0256,0.000000,0.000000,0.000000,above_band_high
2026-07-23T13:53:00Z,91.9661,0.000000,0.000000,0.000000,above_band_high
2026-07-23T13:54:00Z,91.9646,0.000000,0.000000,0.000000,above_band_high
2026-07-23T13:55:00Z,91.9387,0.000000,0.000000,0.000000,above_band_high
2026-07-23T13:56:00Z,91.9341,0.000000,0.000000,0.000000,above_band_high
2026-07-23T13:57:00Z,91.9005,0.000000,0.000000,0.000000,above_band_high
2026-07-23T13:58:00Z,91.8837,0.000000,0.000000,0.000000,above_band_high
2026-07-23T13:59:00Z,91.8242,0.000000,0.000000,0.000000,above_band_high
2026-07-23T14:00:00Z,91.7769,0.000000,0.000000,0.000000,above_band_high
2026-07-23T14:01:00Z,91.7082,0.000000,0.000000,0.000000,above_band_high
2026-07-23T14:02:00Z,91.7647,0.000000,0.000000,0.000000,above_band_high
2026-07-23T14:03:00Z,91.7632,0.000000,0.000000,0.000000,above_band_high
2026-07-23T14:04:00Z,91.7586,0.000000,0.000000,0.000000,above_band_high
2026-07-23T14:05:00Z,91.7510,0.000000,0.000000,0.000000,above_band_high
2026-07-23T14:06:00Z,91.7266,0.000000,0.000000,0.000000,above_band_high
2026-07-23T14:07:00Z,91.7266,0.000000,0.000000,0.000000,above_band_high
2026-07-23T14:08:00Z,91.7357,0.000000,0.000000,0.000000,above_band_high
2026-07-23T14:09:00Z,91.7601,0.000000,0.000000,0.000000,above_band_high
2026-07-23T14:10:00Z,91.7266,0.000000,0.000000,0.000000,above_band_high
2026-07-23T14:11:00Z,91.7357,0.000000,0.000000,0.000000,above_band_high
2026-07-23T14:12:00Z,91.6854,0.000000,0.000000,0.000000,above_band_high
2026-07-23T14:13:00Z,91.6640,0.000000,0.000000,0.000000,above_band_high
2026-07-23T14:14:00Z,91.6396,0.000000,0.000000,0.000000,above_band_high
2026-07-23T14:15:00Z,91.6625,0.000000,0.000000,0.000000,above_band_high
2026-07-23T14:16:00Z,91.6274,0.000000,0.000000,0.000000,above_band_high
2026-07-23T14:17:00Z,91.6167,0.000000,0.000000,0.000000,above_band_high
2026-07-23T14:18:00Z,91.6350,0.000000,0.000000,0.000000,above_band_high
2026-07-23T14:19:00Z,91.6686,0.000000,0.000000,0.000000,above_band_high
2026-07-23T14:20:00Z,91.6274,0.000000,0.000000,0.000000,above_band_high
2026-07-23T14:21:00Z,91.6854,0.000000,0.000000,0.000000,above_band_high
2026-07-23T14:22:00Z,91.6228,0.000000,0.000000,0.000000,above_band_high
2026-07-23T14:23:00Z,91.6228,0.000000,0.000000,0.000000,above_band_high
2026-07-23T14:24:00Z,91.5770,0.000000,0.000000,0.000000,above_band_high
2026-07-23T14:24:49Z,91.5114,0.000000,0.001076,0.001076,above_band_high
2026-07-23T14:25:07Z,91.4931,0.000000,0.005101,0.005101,in_band
2026-07-23T14:25:13Z,91.5023,0.003927,0.003694,-0.000233,above_band_high
2026-07-23T14:26:48Z,91.4244,0.001021,0.000984,-0.000038,in_band
2026-07-23T14:26:59Z,91.4260,0.000851,0.000820,-0.000031,in_band
2026-07-23T14:27:00Z,91.4260,0.000838,0.000807,-0.000031,in_band
2026-07-23T14:27:59Z,91.3741,0.000316,0.000304,-0.000012,in_band
2026-07-23T14:28:00Z,91.3741,0.000311,0.000299,-0.000011,in_band
2026-07-23T14:28:59Z,91.2963,0.000117,0.000113,-0.000004,in_band
2026-07-23T14:29:00Z,91.2963,0.000115,0.000111,-0.000004,in_band
2026-07-23T14:29:59Z,91.2657,0.000043,0.000042,-0.000002,in_band
2026-07-23T14:30:00Z,91.2657,0.000043,0.000041,-0.000002,in_band
2026-07-23T14:30:59Z,91.2047,0.000016,0.000016,-0.000001,in_band
2026-07-23T14:31:00Z,91.2047,0.000016,0.000015,-0.000001,in_band
2026-07-23T14:31:59Z,91.1238,0.000006,0.000006,-0.000000,in_band
2026-07-23T14:32:00Z,91.1238,0.000006,0.000006,-0.000000,in_band
2026-07-23T14:32:59Z,90.9804,0.000002,0.000002,-0.000000,in_band
2026-07-23T14:33:00Z,90.9804,0.000002,0.000002,-0.000000,in_band
2026-07-23T14:33:59Z,90.9621,0.000001,0.000001,-0.000000,in_band
2026-07-23T14:34:00Z,90.9621,0.000001,0.000001,-0.000000,in_band
2026-07-23T14:34:59Z,90.7988,0.000000,0.000000,-0.000000,in_band
2026-07-23T14:35:00Z,90.7988,0.000000,0.000000,-0.000000,in_band
2026-07-23T14:35:59Z,90.7530,0.000000,0.000000,-0.000000,in_band
2026-07-23T14:36:00Z,90.7530,0.000000,0.000000,-0.000000,in_band
2026-07-23T14:36:59Z,90.7378,0.000000,0.000000,-0.000000,in_band
2026-07-23T14:37:00Z,90.7378,0.000000,0.000000,-0.000000,in_band
2026-07-23T14:37:59Z,90.7195,0.000000,0.000000,-0.000000,in_band
2026-07-23T14:38:00Z,90.7195,0.000000,0.000000,-0.000000,in_band
2026-07-23T14:38:59Z,90.7622,0.000000,0.000000,-0.000000,in_band
2026-07-23T14:39:00Z,90.7622,0.000000,0.000000,-0.000000,in_band
2026-07-23T14:39:59Z,90.7836,0.000000,0.000000,-0.000000,in_band
2026-07-23T14:40:00Z,90.7836,0.000000,0.000000,-0.000000,in_band
2026-07-23T14:40:59Z,90.7759,0.000000,0.000000,-0.000000,in_band
2026-07-23T14:41:00Z,90.7759,0.000000,0.000000,-0.000000,in_band
2026-07-23T14:41:59Z,90.8217,0.000000,0.000000,-0.000000,in_band
2026-07-23T14:42:00Z,90.8217,0.000000,0.000000,-0.000000,in_band
2026-07-23T14:42:59Z,90.7744,0.000000,0.000000,-0.000000,in_band
2026-07-23T14:43:00Z,90.7744,0.000000,0.000000,-0.000000,in_band
2026-07-23T14:43:59Z,90.7836,0.000000,0.000000,-0.000000,in_band
2026-07-23T14:44:00Z,90.7836,0.000000,0.000000,-0.000000,in_band
2026-07-23T14:44:58Z,90.8019,0.000000,0.000000,-0.000000,in_band
2026-07-23T14:45:00Z,90.7713,0.000000,0.000000,-0.000000,in_band
2026-07-23T14:45:59Z,90.7790,0.000000,0.000000,-0.000000,in_band
2026-07-23T14:46:00Z,90.7790,0.000000,0.000000,-0.000000,in_band
2026-07-23T14:46:59Z,90.8293,0.000000,0.000000,-0.000000,in_band
2026-07-23T14:47:00Z,90.8293,0.000000,0.000000,-0.000000,in_band
2026-07-23T14:47:59Z,90.7744,0.000000,0.000000,-0.000000,in_band
2026-07-23T14:48:00Z,90.7744,0.000000,0.000000,-0.000000,in_band
2026-07-23T14:48:59Z,90.7713,0.000000,0.000000,-0.000000,in_band
2026-07-23T14:49:00Z,90.7713,0.000000,0.000000,-0.000000,in_band
2026-07-23T14:49:59Z,90.7118,0.000000,0.000000,-0.000000,in_band
2026-07-23T14:50:00Z,90.7118,0.000000,0.000000,-0.000000,in_band
2026-07-23T14:50:59Z,90.6600,0.000000,0.000000,-0.000000,in_band
2026-07-23T14:51:00Z,90.6600,0.000000,0.000000,-0.000000,in_band
2026-07-23T14:51:59Z,90.6325,0.000000,0.000000,-0.000000,in_band
2026-07-23T14:52:00Z,90.6325,0.000000,0.000000,-0.000000,in_band
2026-07-23T14:52:59Z,90.5455,0.000000,0.000000,-0.000000,in_band
2026-07-23T14:53:00Z,90.5455,0.000000,0.000000,-0.000000,in_band
2026-07-23T14:53:59Z,90.5196,0.000000,0.000000,-0.000000,in_band
2026-07-23T14:54:00Z,90.5196,0.000000,0.000000,-0.000000,in_band
2026-07-23T14:54:59Z,90.4784,0.000000,0.000000,-0.000000,in_band
2026-07-23T14:55:00Z,90.4784,0.000000,0.000000,-0.000000,in_band
2026-07-23T14:55:59Z,90.4402,0.000000,0.000000,-0.000000,in_band
2026-07-23T14:56:00Z,90.4402,0.000000,0.000000,-0.000000,in_band
2026-07-23T14:56:59Z,90.4585,0.000000,0.000000,-0.000000,in_band
2026-07-23T14:57:00Z,90.4585,0.000000,0.000000,-0.000000,in_band
2026-07-23T14:57:59Z,90.5791,0.000000,0.000000,-0.000000,in_band
2026-07-23T14:58:00Z,90.5791,0.000000,0.000000,-0.000000,in_band
2026-07-23T14:58:59Z,90.7973,0.000000,0.000000,-0.000000,in_band
2026-07-23T14:59:00Z,90.7973,0.000000,0.000000,-0.000000,in_band
2026-07-23T14:59:59Z,90.9453,0.000000,0.000000,-0.000000,in_band
2026-07-23T15:00:23Z,90.9987,0.000000,0.000000,-0.000000,in_band
2026-07-23T15:00:59Z,91.0262,0.000000,0.000000,-0.000000,in_band
2026-07-23T15:01:00Z,91.0262,0.000000,0.000000,-0.000000,in_band
2026-07-23T15:01:59Z,91.1147,0.000000,0.000000,-0.000000,in_band
2026-07-23T15:02:00Z,91.1147,0.000000,0.000000,-0.000000,in_band
2026-07-23T15:02:59Z,91.1040,0.000000,0.000000,-0.000000,in_band
2026-07-23T15:03:00Z,91.1040,0.000000,0.000000,-0.000000,in_band
2026-07-23T15:03:59Z,91.0536,0.000000,0.000000,-0.000000,in_band
2026-07-23T15:04:00Z,91.0536,0.000000,0.000000,-0.000000,in_band
2026-07-23T15:04:59Z,91.0674,0.000000,0.000000,-0.000000,in_band
2026-07-23T15:05:00Z,91.0674,0.000000,0.000000,-0.000000,in_band
2026-07-23T15:05:59Z,91.0552,0.000000,0.000000,-0.000000,in_band
2026-07-23T15:06:00Z,91.0552,0.000000,0.000000,-0.000000,in_band
2026-07-23T15:06:59Z,91.0369,0.000000,0.000000,-0.000000,in_band
2026-07-23T15:07:00Z,91.0369,0.000000,0.000000,-0.000000,in_band
2026-07-23T15:07:59Z,90.9438,0.000000,0.000000,-0.000000,in_band
2026-07-23T15:08:00Z,90.9438,0.000000,0.000000,-0.000000,in_band
2026-07-23T15:08:59Z,90.9270,0.000000,0.000000,-0.000000,in_band
2026-07-23T15:09:00Z,90.9270,0.000000,0.000000,-0.000000,in_band
2026-07-23T15:09:59Z,90.8248,0.000000,0.000000,-0.000000,in_band
2026-07-23T15:10:00Z,90.8248,0.000000,0.000000,-0.000000,in_band
2026-07-23T15:10:59Z,90.6523,0.000000,0.000000,-0.000000,in_band
2026-07-23T15:11:00Z,90.6523,0.000000,0.000000,-0.000000,in_band
2026-07-23T15:11:59Z,90.4768,0.000000,0.000000,-0.000000,in_band
2026-07-23T15:12:00Z,90.4768,0.000000,0.000000,-0.000000,in_band
2026-07-23T15:12:59Z,90.3578,0.000000,0.000000,-0.000000,in_band
2026-07-23T15:13:00Z,90.3578,0.000000,0.000000,-0.000000,in_band
2026-07-23T15:13:59Z,90.2586,0.000000,0.000000,-0.000000,in_band
2026-07-23T15:14:00Z,90.2586,0.000000,0.000000,-0.000000,in_band
2026-07-23T15:14:59Z,90.3258,0.000000,0.000000,-0.000000,in_band
2026-07-23T15:15:00Z,90.3258,0.000000,0.000000,-0.000000,in_band
2026-07-23T15:15:59Z,90.3258,0.000000,0.000000,-0.000000,in_band
2026-07-23T15:16:00Z,90.3258,0.000000,0.000000,-0.000000,in_band
2026-07-23T15:16:59Z,90.2480,0.000000,0.000000,-0.000000,in_band
2026-07-23T15:17:00Z,90.2480,0.000000,0.000000,-0.000000,in_band
2026-07-23T15:17:59Z,90.2266,0.000000,0.000000,-0.000000,in_band
2026-07-23T15:18:00Z,90.2266,0.000000,0.000000,-0.000000,in_band
2026-07-23T15:18:59Z,90.1564,0.000000,0.000000,-0.000000,in_band
2026-07-23T15:19:00Z,90.1564,0.000000,0.000000,-0.000000,in_band
2026-07-23T15:19:59Z,90.0801,0.000000,0.000000,-0.000000,in_band
2026-07-23T15:20:53Z,89.9504,0.000101,0.000350,0.000248,below_midpoint_feather
2026-07-23T15:20:57Z,89.9931,0.000101,0.000007,-0.000095,below_midpoint_feather
2026-07-23T15:21:49Z,89.8772,0.000760,0.002162,0.001403,below_midpoint_feather
2026-07-23T15:21:57Z,89.9062,0.001856,0.001276,-0.000580,below_midpoint_feather
2026-07-23T15:22:36Z,89.8283,0.002561,0.004289,0.001728,below_midpoint_feather
2026-07-23T15:22:43Z,89.8924,0.003315,0.001766,-0.001549,below_midpoint_feather
2026-07-23T15:23:05Z,89.8695,0.003593,0.002626,-0.000967,below_midpoint_feather
2026-07-23T15:23:41Z,89.7368,0.006545,0.010261,0.003716,below_midpoint_feather
2026-07-23T15:24:19Z,89.7185,0.015277,0.012078,-0.003198,below_midpoint_feather
2026-07-23T15:24:42Z,89.5933,0.020602,0.024734,0.004132,below_midpoint_feather
2026-07-23T15:25:15Z,89.5476,0.033533,0.031274,-0.002258,below_midpoint_feather
2026-07-23T15:25:40Z,89.3751,0.045867,0.058808,0.012941,below_midpoint_feather
2026-07-23T15:26:07Z,89.3462,0.069585,0.065865,-0.003721,below_midpoint_feather
2026-07-23T15:26:16Z,89.2790,0.067699,0.079753,0.012053,below_midpoint_feather
2026-07-23T15:27:08Z,89.1356,0.105661,0.118282,0.012621,below_midpoint_feather
2026-07-23T15:27:17Z,89.1722,0.116423,0.110881,-0.005542,below_midpoint_feather
2026-07-23T15:28:54Z,88.8655,0.202020,0.219109,0.017089,below_midpoint_feather
2026-07-23T15:28:57Z,88.9158,0.209566,0.204139,-0.005427,below_midpoint_feather
2026-07-23T15:29:22Z,88.8151,0.230792,0.244819,0.014027,below_midpoint_feather
2026-07-23T15:29:53Z,88.7922,0.273224,0.264185,-0.009040,below_midpoint_feather
2026-07-23T15:30:14Z,88.6824,0.293331,0.312440,0.019109,below_midpoint_feather
2026-07-23T15:30:41Z,88.7190,0.323079,0.311437,-0.011642,below_midpoint_feather
2026-07-23T15:31:19Z,88.5969,0.376209,0.377710,0.001501,below_midpoint_feather
2026-07-23T15:31:56Z,88.4489,0.439196,0.461116,0.021920,below_midpoint_feather
2026-07-23T15:32:14Z,88.4169,0.464228,0.486324,0.022095,below_midpoint_feather
2026-07-23T15:32:39Z,88.4627,0.492316,0.484081,-0.008236,below_midpoint_feather
2026-07-23T15:33:00Z,88.4001,0.504300,0.526103,0.021803,below_midpoint_feather
2026-07-23T15:33:05Z,88.4413,0.521654,0.512240,-0.009414,below_midpoint_feather
2026-07-23T15:34:12Z,88.2948,0.611014,0.628023,0.017009,below_midpoint_feather
2026-07-23T15:34:31Z,88.3085,0.649256,0.638399,-0.010856,below_midpoint_feather
2026-07-23T15:35:18Z,88.2399,0.688493,0.709705,0.021212,below_midpoint_feather
2026-07-23T15:35:45Z,88.2536,0.740865,0.729005,-0.011861,below_midpoint_feather
2026-07-23T15:36:11Z,88.2536,0.757946,0.754005,-0.003942,below_midpoint_feather
2026-07-23T15:36:22Z,88.1926,0.769269,0.790753,0.021484,below_midpoint_feather
2026-07-23T15:37:06Z,88.1331,0.839477,0.859853,0.020377,below_midpoint_feather
2026-07-23T15:37:51Z,88.1971,0.890276,0.878964,-0.011312,below_midpoint_feather
2026-07-23T15:38:15Z,88.2338,0.871923,0.888619,0.016696,below_midpoint_feather
2026-07-23T15:38:41Z,88.3024,0.902851,0.886317,-0.016535,below_midpoint_feather
2026-07-23T15:39:35Z,88.2719,0.935820,0.953635,0.017815,below_midpoint_feather
2026-07-23T15:39:41Z,88.3253,0.947564,0.936729,-0.010835,below_midpoint_feather
2026-07-23T15:40:16Z,88.4504,0.933384,0.917258,-0.016126,below_midpoint_feather
2026-07-23T15:40:29Z,88.4627,0.919637,0.924236,0.004599,below_midpoint_feather
2026-07-23T15:41:13Z,88.5557,0.911031,0.923246,0.012215,below_midpoint_feather
2026-07-23T15:41:50Z,88.6793,0.914711,0.903372,-0.011338,below_midpoint_feather
2026-07-23T15:42:05Z,88.6610,0.909988,0.921127,0.011139,below_midpoint_feather
2026-07-23T15:42:10Z,88.7434,0.909548,0.894223,-0.015325,below_midpoint_feather
2026-07-23T15:43:25Z,88.9540,0.863385,0.870610,0.007225,below_midpoint_feather
2026-07-23T15:43:52Z,89.1127,0.852927,0.839825,-0.013102,below_midpoint_feather
2026-07-23T15:44:41Z,89.2973,0.814593,0.816723,0.002130,below_midpoint_feather
2026-07-23T15:44:50Z,89.4026,0.808367,0.800038,-0.008329,below_midpoint_feather
2026-07-23T15:45:00Z,89.4530,0.800264,0.794686,-0.005578,below_midpoint_feather
2026-07-23T15:45:35Z,89.5430,0.786469,0.789787,0.003318,below_midpoint_feather
2026-07-23T15:46:14Z,89.7185,0.780259,0.777297,-0.002963,below_midpoint_feather
2026-07-23T15:46:31Z,89.7581,0.774563,0.776202,0.001639,below_midpoint_feather
2026-07-23T15:47:09Z,89.8466,0.772082,0.774093,0.002011,below_midpoint_feather
2026-07-23T15:47:46Z,89.9519,0.773030,0.772668,-0.000362,below_midpoint_feather
2026-07-23T15:48:07Z,89.9565,0.772852,0.773185,0.000333,below_midpoint_feather
2026-07-23T15:48:12Z,90.0069,0.772745,0.771309,-0.001436,in_band
2026-07-23T15:49:00Z,90.1625,0.753081,0.751685,-0.001396,in_band
2026-07-23T15:49:59Z,90.2083,0.729163,0.727791,-0.001372,in_band
2026-07-23T15:50:00Z,90.2083,0.728762,0.727390,-0.001372,in_band
2026-07-23T15:50:59Z,90.3868,0.705397,0.704062,-0.001335,in_band
2026-07-23T15:51:00Z,90.3868,0.705007,0.703672,-0.001334,in_band
2026-07-23T15:51:59Z,90.3960,0.682323,0.681029,-0.001294,in_band
2026-07-23T15:52:00Z,90.3960,0.681945,0.680651,-0.001293,in_band
2026-07-23T15:52:59Z,90.4082,0.659973,0.658720,-0.001253,in_band
2026-07-23T15:53:00Z,90.4082,0.659607,0.658355,-0.001252,in_band
2026-07-23T15:53:59Z,90.3853,0.638344,0.637132,-0.001212,in_band
2026-07-23T15:54:00Z,90.3853,0.637989,0.636778,-0.001212,in_band
2026-07-23T15:54:59Z,90.3853,0.617419,0.616246,-0.001173,in_band
2026-07-23T15:55:00Z,90.3853,0.617076,0.615904,-0.001172,in_band
2026-07-23T15:55:59Z,90.2983,0.597178,0.596044,-0.001134,in_band
2026-07-23T15:56:00Z,90.2983,0.596847,0.595713,-0.001134,in_band
2026-07-23T15:56:59Z,90.2953,0.577601,0.576504,-0.001097,in_band
2026-07-23T15:57:00Z,90.2953,0.577280,0.576184,-0.001096,in_band
2026-07-23T15:57:59Z,90.2068,0.558665,0.557604,-0.001061,in_band
2026-07-23T15:58:00Z,90.2068,0.558355,0.557294,-0.001060,in_band
2026-07-23T15:58:59Z,90.1930,0.540350,0.539324,-0.001026,in_band
2026-07-23T15:59:00Z,90.1930,0.540050,0.539024,-0.001026,in_band
2026-07-23T15:59:59Z,90.1167,0.522635,0.521643,-0.000993,in_band
2026-07-23T16:00:00Z,90.1167,0.522345,0.521353,-0.000992,in_band
2026-07-23T16:00:59Z,90.0618,0.505501,0.504541,-0.000960,in_band
2026-07-23T16:01:00Z,90.0618,0.505221,0.504261,-0.000960,in_band
2026-07-23T16:01:51Z,89.9016,0.500386,0.501177,0.000792,below_midpoint_feather
2026-07-23T16:02:19Z,89.8146,0.502488,0.504707,0.002220,below_midpoint_feather
2026-07-23T16:02:51Z,89.8360,0.504953,0.503740,-0.001213,below_midpoint_feather
2026-07-23T16:03:45Z,89.7414,0.506111,0.509821,0.003710,below_midpoint_feather
2026-07-23T16:03:57Z,89.7810,0.509203,0.507250,-0.001953,below_midpoint_feather
2026-07-23T16:04:07Z,89.6986,0.509649,0.513466,0.003817,below_midpoint_feather
2026-07-23T16:04:13Z,89.7719,0.509725,0.508030,-0.001695,below_midpoint_feather
2026-07-23T16:05:11Z,89.7780,0.510344,0.508611,-0.001733,below_midpoint_feather
2026-07-23T16:05:59Z,89.7261,0.510631,0.513194,0.002563,below_midpoint_feather
2026-07-23T16:06:05Z,89.7917,0.511062,0.508809,-0.002253,below_midpoint_feather
2026-07-23T16:06:39Z,89.7276,0.511084,0.513843,0.002760,below_midpoint_feather
2026-07-23T16:07:17Z,89.7917,0.512002,0.510184,-0.001818,below_midpoint_feather
2026-07-23T16:07:51Z,89.7368,0.510939,0.514483,0.003544,below_midpoint_feather
2026-07-23T16:08:27Z,89.6895,0.520697,0.518992,-0.001705,below_midpoint_feather
2026-07-23T16:08:31Z,89.6223,0.519928,0.525649,0.005721,below_midpoint_feather
2026-07-23T16:09:45Z,89.6223,0.530973,0.528072,-0.002900,below_midpoint_feather
2026-07-23T16:09:55Z,89.5430,0.532290,0.537925,0.005635,below_midpoint_feather
2026-07-23T16:10:06Z,89.5445,0.532781,0.538228,0.005448,below_midpoint_feather
2026-07-23T16:10:33Z,89.5521,0.542431,0.538595,-0.003836,below_midpoint_feather
2026-07-23T16:11:44Z,89.4423,0.554223,0.558982,0.004759,below_midpoint_feather
2026-07-23T16:11:49Z,89.4972,0.557173,0.551086,-0.006087,below_midpoint_feather
2026-07-23T16:12:42Z,89.3156,0.577438,0.586345,0.008907,below_midpoint_feather
2026-07-23T16:12:51Z,89.3660,0.580592,0.577836,-0.002756,below_midpoint_feather
2026-07-23T16:13:22Z,89.2699,0.590495,0.600059,0.009565,below_midpoint_feather
2026-07-23T16:13:53Z,89.3065,0.603435,0.596734,-0.006702,below_midpoint_feather
2026-07-23T16:14:30Z,89.1463,0.623236,0.637619,0.014384,below_midpoint_feather
2026-07-23T16:14:51Z,89.1402,0.645324,0.642799,-0.002525,below_midpoint_feather
2026-07-23T16:15:12Z,89.0669,0.657115,0.665643,0.008528,below_midpoint_feather
2026-07-23T16:15:45Z,89.0593,0.684475,0.675172,-0.009303,below_midpoint_feather
2026-07-23T16:16:01Z,89.0303,0.694474,0.687098,-0.007377,below_midpoint_feather
2026-07-23T16:16:24Z,88.9448,0.704638,0.718012,0.013373,below_midpoint_feather
2026-07-23T16:17:01Z,88.9494,0.733450,0.727916,-0.005534,below_midpoint_feather
2026-07-23T16:17:59Z,88.9265,0.741161,0.754510,0.013350,below_midpoint_feather
2026-07-23T16:18:00Z,88.9265,0.741510,0.754857,0.013347,below_midpoint_feather
2026-07-23T16:18:29Z,89.0227,0.744560,0.736966,-0.007593,below_midpoint_feather
2026-07-23T16:19:31Z,89.0776,0.733343,0.742994,0.009651,below_midpoint_feather
2026-07-23T16:19:39Z,89.1539,0.737434,0.726323,-0.011111,below_midpoint_feather
2026-07-23T16:20:28Z,89.2424,0.728644,0.720404,-0.008240,below_midpoint_feather
2026-07-23T16:20:35Z,89.2180,0.721075,0.727619,0.006544,below_midpoint_feather
2026-07-23T16:21:06Z,89.3599,0.716513,0.706564,-0.009949,below_midpoint_feather
2026-07-23T16:21:49Z,89.4652,0.694690,0.697608,0.002918,below_midpoint_feather
2026-07-23T16:22:01Z,89.4743,0.692518,0.698171,0.005653,below_midpoint_feather
2026-07-23T16:22:12Z,89.5537,0.693556,0.688831,-0.004724,below_midpoint_feather
2026-07-23T16:23:00Z,89.7093,0.677628,0.678177,0.000548,below_midpoint_feather
2026-07-23T16:23:18Z,89.8787,0.672077,0.669758,-0.002320,below_midpoint_feather
2026-07-23T16:24:16Z,90.0114,0.659084,0.657905,-0.001179,in_band
2026-07-23T16:24:28Z,89.9977,0.655031,0.656027,0.000997,below_midpoint_feather
2026-07-23T16:25:00Z,90.0694,0.644094,0.645034,0.000940,in_band
2026-07-23T16:25:59Z,90.2480,0.623860,0.624736,0.000876,in_band
2026-07-23T16:26:00Z,90.2480,0.623519,0.624394,0.000875,in_band
2026-07-23T16:26:59Z,90.3212,0.603612,0.604446,0.000834,in_band
2026-07-23T16:27:00Z,90.3212,0.603279,0.604112,0.000834,in_band
2026-07-23T16:27:59Z,90.3593,0.583899,0.584701,0.000802,in_band
2026-07-23T16:28:00Z,90.3593,0.583575,0.584377,0.000802,in_band
2026-07-23T16:28:59Z,90.4417,0.564784,0.565559,0.000774,in_band
2026-07-23T16:29:00Z,90.4417,0.564471,0.565245,0.000774,in_band
2026-07-23T16:29:59Z,90.3685,0.546279,0.547027,0.000748,in_band
2026-07-23T16:30:00Z,90.3685,0.545976,0.546723,0.000748,in_band
2026-07-23T16:30:59Z,90.4051,0.528374,0.529097,0.000723,in_band
2026-07-23T16:31:00Z,90.4051,0.528080,0.528803,0.000723,in_band
2026-07-23T16:31:59Z,90.4128,0.511053,0.511753,0.000700,in_band
2026-07-23T16:32:00Z,90.4128,0.510769,0.511468,0.000699,in_band
2026-07-23T16:32:59Z,90.3868,0.494299,0.494976,0.000677,in_band
2026-07-23T16:33:00Z,90.3868,0.494025,0.494701,0.000676,in_band
2026-07-23T16:33:59Z,90.3716,0.478094,0.478749,0.000654,in_band
2026-07-23T16:34:00Z,90.3716,0.477829,0.478483,0.000654,in_band
2026-07-23T16:34:59Z,90.4280,0.462421,0.463054,0.000633,in_band
2026-07-23T16:35:00Z,90.4280,0.462164,0.462796,0.000633,in_band
2026-07-23T16:35:59Z,90.4265,0.447261,0.447873,0.000612,in_band
2026-07-23T16:36:00Z,90.4265,0.447012,0.447624,0.000612,in_band
2026-07-23T16:36:59Z,90.4463,0.432598,0.433190,0.000592,in_band
2026-07-23T16:37:00Z,90.4463,0.432357,0.432949,0.000592,in_band
2026-07-23T16:37:59Z,90.5043,0.418416,0.418988,0.000573,in_band
2026-07-23T16:38:00Z,90.5043,0.418183,0.418756,0.000572,in_band
2026-07-23T16:38:59Z,90.3319,0.404698,0.405252,0.000554,in_band
2026-07-23T16:39:00Z,90.3319,0.404473,0.405027,0.000554,in_band
2026-07-23T16:39:59Z,90.1564,0.391431,0.391966,0.000536,in_band
2026-07-23T16:40:22Z,90.0008,0.386461,0.386990,0.000529,in_band
2026-07-23T16:40:57Z,89.8466,0.386738,0.390338,0.003600,below_midpoint_feather
2026-07-23T16:41:13Z,89.8863,0.388448,0.388847,0.000398,below_midpoint_feather
2026-07-23T16:41:50Z,89.6712,0.397866,0.402515,0.004649,below_midpoint_feather
2026-07-23T16:42:32Z,89.4667,0.420350,0.428283,0.007933,below_midpoint_feather
2026-07-23T16:42:57Z,89.4926,0.427016,0.425458,-0.001559,below_midpoint_feather
2026-07-23T16:43:12Z,89.3385,0.438021,0.451906,0.013885,below_midpoint_feather
2026-07-23T16:43:51Z,89.2729,0.471113,0.468139,-0.002975,below_midpoint_feather
2026-07-23T16:44:29Z,89.1951,0.492266,0.490041,-0.002225,below_midpoint_feather
2026-07-23T16:44:46Z,89.1508,0.492445,0.503183,0.010738,below_midpoint_feather
2026-07-23T16:45:05Z,89.1539,0.508110,0.505822,-0.002289,below_midpoint_feather
2026-07-23T16:45:46Z,88.9631,0.550346,0.565461,0.015114,below_midpoint_feather
2026-07-23T16:46:24Z,88.8258,0.594398,0.618765,0.024367,below_midpoint_feather
2026-07-23T16:46:57Z,88.8075,0.639409,0.636028,-0.003381,below_midpoint_feather
2026-07-23T16:47:19Z,88.8334,0.649993,0.635941,-0.014051,below_midpoint_feather
2026-07-23T16:47:43Z,88.7510,0.654756,0.674332,0.019576,below_midpoint_feather
2026-07-23T16:48:23Z,88.7572,0.702357,0.690252,-0.012104,below_midpoint_feather
2026-07-23T16:48:53Z,88.7068,0.701479,0.722987,0.021508,below_midpoint_feather
2026-07-23T16:49:07Z,88.7572,0.718738,0.711774,-0.006964,below_midpoint_feather
2026-07-23T16:49:41Z,88.6885,0.739274,0.754010,0.014736,below_midpoint_feather
2026-07-23T16:50:09Z,88.6702,0.753813,0.775486,0.021673,below_midpoint_feather
2026-07-23T16:50:57Z,88.6473,0.814296,0.810342,-0.003954,below_midpoint_feather
2026-07-23T16:51:15Z,88.7022,0.820490,0.800057,-0.020432,below_midpoint_feather
2026-07-23T16:51:33Z,88.6687,0.806814,0.823162,0.016347,below_midpoint_feather
2026-07-23T16:52:34Z,88.8060,0.818785,0.808740,-0.010045,below_midpoint_feather
2026-07-23T16:52:39Z,88.7419,0.813611,0.833848,0.020237,below_midpoint_feather
2026-07-23T16:53:18Z,88.8258,0.841714,0.825989,-0.015726,below_midpoint_feather
2026-07-23T16:53:25Z,88.7846,0.829791,0.843758,0.013967,below_midpoint_feather
2026-07-23T16:54:00Z,88.8945,0.838351,0.825570,-0.012781,below_midpoint_feather
2026-07-23T16:54:17Z,88.8304,0.838334,0.854648,0.016313,below_midpoint_feather
2026-07-23T16:55:32Z,89.0227,0.846358,0.831181,-0.015177,below_midpoint_feather
2026-07-23T16:55:39Z,88.9982,0.833647,0.841139,0.007492,below_midpoint_feather
2026-07-23T16:56:01Z,89.0257,0.835768,0.842588,0.006820,below_midpoint_feather
2026-07-23T16:56:52Z,89.2561,0.815752,0.805087,-0.010665,below_midpoint_feather
2026-07-23T16:57:23Z,89.2973,0.798275,0.805878,0.007603,below_midpoint_feather
2026-07-23T16:57:56Z,89.5842,0.776326,0.768110,-0.008215,below_midpoint_feather
2026-07-23T16:58:23Z,89.6315,0.765114,0.767654,0.002540,below_midpoint_feather
2026-07-23T16:58:36Z,89.7642,0.761124,0.758090,-0.003033,below_midpoint_feather
2026-07-23T16:59:00Z,90.0206,0.751167,0.752005,0.000839,in_band
2026-07-23T16:59:59Z,90.2953,0.731103,0.731016,-0.000087,in_band
2026-07-23T17:00:00Z,90.2953,0.730732,0.730643,-0.000089,in_band
2026-07-23T17:00:59Z,90.6844,0.708459,0.708291,-0.000168,in_band
2026-07-23T17:01:00Z,90.6844,0.708078,0.707910,-0.000168,in_band
2026-07-23T17:01:59Z,90.8629,0.685724,0.685531,-0.000193,in_band
2026-07-23T17:02:00Z,90.8629,0.685348,0.685155,-0.000193,in_band
2026-07-23T17:02:54Z,91.0506,0.665262,0.665063,-0.000198,in_band
2026-07-23T17:03:03Z,91.1406,0.661960,0.661762,-0.000198,in_band
2026-07-23T17:03:59Z,91.2917,0.641744,0.641547,-0.000196,in_band
2026-07-23T17:04:58Z,91.4946,0.621074,0.620883,-0.000191,in_band
2026-07-23T17:04:59Z,91.5206,0.620730,0.612112,-0.008617,above_band_high
2026-07-23T17:05:00Z,91.5206,0.620385,0.612114,-0.008271,above_band_high
2026-07-23T17:05:05Z,91.5175,0.611540,0.612729,0.001188,above_band_high
2026-07-23T17:06:45Z,91.7494,0.500267,0.506694,0.006427,above_band_high
2026-07-23T17:06:59Z,91.8502,0.482437,0.461422,-0.021015,above_band_high
2026-07-23T17:07:00Z,91.8502,0.482266,0.461247,-0.021019,above_band_high
2026-07-23T17:07:33Z,91.9142,0.418737,0.426685,0.007947,above_band_high
2026-07-23T17:08:05Z,91.9326,0.395683,0.409185,0.013502,above_band_high
2026-07-23T17:08:16Z,92.0058,0.395830,0.374092,-0.021738,above_band_high
2026-07-23T17:09:04Z,92.1386,0.317718,0.298144,-0.019574,above_band_high
2026-07-23T17:09:43Z,92.1584,0.260256,0.270214,0.009958,above_band_high
2026-07-23T17:10:03Z,92.1859,0.238676,0.247130,0.008453,above_band_high
2026-07-23T17:10:59Z,92.2759,0.190655,0.173310,-0.017345,above_band_high
2026-07-23T17:11:16Z,92.3140,0.163592,0.145483,-0.018108,above_band_high
2026-07-23T17:11:45Z,92.2683,0.130804,0.144390,0.013585,above_band_high
2026-07-23T17:12:35Z,92.2713,0.088181,0.105474,0.017293,above_band_high
2026-07-23T17:12:43Z,92.3308,0.089800,0.073878,-0.015922,above_band_high
2026-07-23T17:13:21Z,92.2942,0.041703,0.059573,0.017870,above_band_high
2026-07-23T17:13:41Z,92.3949,0.021703,0.000485,-0.021218,above_band_high
2026-07-23T17:14:00Z,92.3812,0.006195,0.000000,-0.006195,above_band_high
2026-07-23T17:14:01Z,92.3720,0.000000,0.000000,0.000000,above_band_high
2026-07-23T17:15:00Z,92.3964,0.000000,0.000000,0.000000,above_band_high
2026-07-23T17:16:00Z,92.4681,0.000000,0.000000,0.000000,above_band_high
2026-07-23T17:17:00Z,92.4514,0.000000,0.000000,0.000000,above_band_high
2026-07-23T17:18:00Z,92.4498,0.000000,0.000000,0.000000,above_band_high
2026-07-23T17:19:00Z,92.2805,0.000000,0.000000,0.000000,above_band_high
2026-07-23T17:20:00Z,92.1111,0.000000,0.000000,0.000000,above_band_high
2026-07-23T17:21:00Z,91.9661,0.000000,0.000000,0.000000,above_band_high
2026-07-23T17:22:00Z,91.8959,0.000000,0.000000,0.000000,above_band_high
2026-07-23T17:23:00Z,91.8730,0.000000,0.000000,0.000000,above_band_high
2026-07-23T17:24:00Z,91.8593,0.000000,0.000000,0.000000,above_band_high
2026-07-23T17:25:00Z,91.9295,0.000000,0.000000,0.000000,above_band_high
2026-07-23T17:26:00Z,91.9844,0.000000,0.000000,0.000000,above_band_high
2026-07-23T17:27:00Z,92.0851,0.000000,0.000000,0.000000,above_band_high
2026-07-23T17:28:00Z,92.2393,0.000000,0.000000,0.000000,above_band_high
2026-07-23T17:29:00Z,92.3323,0.000000,0.000000,0.000000,above_band_high
2026-07-23T17:30:00Z,92.4147,0.000000,0.000000,0.000000,above_band_high
2026-07-23T17:31:00Z,92.5338,0.000000,0.000000,0.000000,above_band_high
2026-07-23T17:32:00Z,92.6070,0.000000,0.000000,0.000000,above_band_high
2026-07-23T17:33:00Z,92.6513,0.000000,0.000000,0.000000,above_band_high
2026-07-23T17:34:00Z,92.7077,0.000000,0.000000,0.000000,above_band_high
2026-07-23T17:35:00Z,92.7382,0.000000,0.000000,0.000000,above_band_high
2026-07-23T17:36:00Z,92.7794,0.000000,0.000000,0.000000,above_band_high
2026-07-23T17:37:00Z,92.8817,0.000000,0.000000,0.000000,above_band_high
2026-07-23T17:38:00Z,92.9213,0.000000,0.000000,0.000000,above_band_high
2026-07-23T17:39:00Z,93.0358,0.000000,0.000000,0.000000,above_band_high
2026-07-23T17:40:00Z,93.0831,0.000000,0.000000,0.000000,above_band_high
2026-07-23T17:41:00Z,93.1685,0.000000,0.000000,0.000000,above_band_high
2026-07-23T17:42:00Z,93.2250,0.000000,0.000000,0.000000,above_band_high
2026-07-23T17:43:00Z,93.2662,0.000000,0.000000,0.000000,above_band_high
2026-07-23T17:44:00Z,93.3196,0.000000,0.000000,0.000000,above_band_high
2026-07-23T17:45:00Z,93.3577,0.000000,0.000000,0.000000,above_band_high
2026-07-23T17:46:00Z,93.4386,0.000000,0.000000,0.000000,above_band_high
2026-07-23T17:47:00Z,93.4676,0.000000,0.000000,0.000000,above_band_high
2026-07-23T17:48:00Z,93.4752,0.000000,0.000000,0.000000,above_band_high
2026-07-23T17:49:00Z,93.5592,0.000000,0.000000,0.000000,above_band_high
2026-07-23T17:50:00Z,93.6187,0.000000,0.000000,0.000000,above_band_high
2026-07-23T17:51:00Z,93.6446,0.000000,0.000000,0.000000,above_band_high
2026-07-23T17:52:00Z,93.6599,0.000000,0.000000,0.000000,above_band_high
2026-07-23T17:53:00Z,93.7133,0.000000,0.000000,0.000000,above_band_high
2026-07-23T17:54:00Z,93.7240,0.000000,0.000000,0.000000,above_band_high
2026-07-23T17:55:00Z,93.7652,0.000000,0.000000,0.000000,above_band_high
2026-07-23T17:56:00Z,93.8048,0.000000,0.000000,0.000000,above_band_high
2026-07-23T17:57:00Z,93.8201,0.000000,0.000000,0.000000,above_band_high
2026-07-23T17:58:00Z,93.8476,0.000000,0.000000,0.000000,above_band_high
2026-07-23T17:59:00Z,93.8506,0.000000,0.000000,0.000000,above_band_high
2026-07-23T18:00:00Z,93.9208,0.000000,0.000000,0.000000,above_band_high
2026-07-23T18:01:00Z,93.9147,0.000000,0.000000,0.000000,above_band_high
2026-07-23T18:02:00Z,93.9422,0.000000,0.000000,0.000000,above_band_high
2026-07-23T18:03:00Z,93.9483,0.000000,0.000000,0.000000,above_band_high
2026-07-23T18:04:00Z,93.9712,0.000000,0.000000,0.000000,above_band_high
2026-07-23T18:05:00Z,93.9651,0.000000,0.000000,0.000000,above_band_high
2026-07-23T18:06:00Z,93.9620,0.000000,0.000000,0.000000,above_band_high
2026-07-23T18:07:00Z,93.9971,0.000000,0.000000,0.000000,above_band_high
2026-07-23T18:08:00Z,93.9666,0.000000,0.000000,0.000000,above_band_high
2026-07-23T18:09:00Z,93.9757,0.000000,0.000000,0.000000,above_band_high
2026-07-23T18:10:00Z,94.0032,0.000000,0.000000,0.000000,above_band_high
2026-07-23T18:11:00Z,93.9986,0.000000,0.000000,0.000000,above_band_high
2026-07-23T18:12:00Z,94.0215,0.000000,0.000000,0.000000,above_band_high
2026-07-23T18:13:00Z,94.0154,0.000000,0.000000,0.000000,above_band_high
2026-07-23T18:14:00Z,94.0032,0.000000,0.000000,0.000000,above_band_high
2026-07-23T18:15:00Z,93.9925,0.000000,0.000000,0.000000,above_band_high
2026-07-23T18:16:00Z,93.9849,0.000000,0.000000,0.000000,above_band_high
2026-07-23T18:17:00Z,93.9925,0.000000,0.000000,0.000000,above_band_high
2026-07-23T18:18:00Z,93.9712,0.000000,0.000000,0.000000,above_band_high
2026-07-23T18:19:00Z,94.0124,0.000000,0.000000,0.000000,above_band_high
2026-07-23T18:20:00Z,94.0261,0.000000,0.000000,0.000000,above_band_high
2026-07-23T18:21:00Z,93.9788,0.000000,0.000000,0.000000,above_band_high
2026-07-23T18:22:00Z,94.0658,0.000000,0.000000,0.000000,above_band_high
2026-07-23T18:23:00Z,94.0078,0.000000,0.000000,0.000000,above_band_high
2026-07-23T18:24:00Z,94.0215,0.000000,0.000000,0.000000,above_band_high
2026-07-23T18:25:00Z,94.0627,0.000000,0.000000,0.000000,above_band_high
2026-07-23T18:26:00Z,94.0993,0.000000,0.000000,0.000000,above_band_high
2026-07-23T18:27:00Z,94.0993,0.000000,0.000000,0.000000,above_band_high
2026-07-23T18:28:00Z,94.0795,0.000000,0.000000,0.000000,above_band_high
2026-07-23T18:29:00Z,94.1299,0.000000,0.000000,0.000000,above_band_high
2026-07-23T18:30:00Z,94.1405,0.000000,0.000000,0.000000,above_band_high
2026-07-23T18:31:00Z,94.1451,0.000000,0.000000,0.000000,above_band_high
2026-07-23T18:32:00Z,94.1863,0.000000,0.000000,0.000000,above_band_high
2026-07-23T18:33:00Z,94.1665,0.000000,0.000000,0.000000,above_band_high
2026-07-23T18:34:00Z,94.1756,0.000000,0.000000,0.000000,above_band_high
2026-07-23T18:35:00Z,94.1863,0.000000,0.000000,0.000000,above_band_high
2026-07-23T18:36:00Z,94.2229,0.000000,0.000000,0.000000,above_band_high
2026-07-23T18:37:00Z,94.1588,0.000000,0.000000,0.000000,above_band_high
2026-07-23T18:38:00Z,94.1848,0.000000,0.000000,0.000000,above_band_high
2026-07-23T18:39:00Z,94.2123,0.000000,0.000000,0.000000,above_band_high
2026-07-23T18:40:00Z,94.2184,0.000000,0.000000,0.000000,above_band_high
2026-07-23T18:41:00Z,94.2504,0.000000,0.000000,0.000000,above_band_high
2026-07-23T18:42:00Z,94.2077,0.000000,0.000000,0.000000,above_band_high
2026-07-23T18:43:00Z,94.2321,0.000000,0.000000,0.000000,above_band_high
2026-07-23T18:44:00Z,94.2351,0.000000,0.000000,0.000000,above_band_high
2026-07-23T18:45:00Z,94.2412,0.000000,0.000000,0.000000,above_band_high
2026-07-23T18:46:00Z,94.2626,0.000000,0.000000,0.000000,above_band_high
2026-07-23T18:47:00Z,94.2596,0.000000,0.000000,0.000000,above_band_high
2026-07-23T18:48:00Z,94.2901,0.000000,0.000000,0.000000,above_band_high
2026-07-23T18:49:00Z,94.2901,0.000000,0.000000,0.000000,above_band_high
2026-07-23T18:50:00Z,94.3328,0.000000,0.000000,0.000000,above_band_high
2026-07-23T18:51:00Z,94.3130,0.000000,0.000000,0.000000,above_band_high
2026-07-23T18:52:00Z,94.3175,0.000000,0.000000,0.000000,above_band_high
2026-07-23T18:53:00Z,94.3084,0.000000,0.000000,0.000000,above_band_high
2026-07-23T18:54:00Z,94.3465,0.000000,0.000000,0.000000,above_band_high
2026-07-23T18:55:00Z,94.3420,0.000000,0.000000,0.000000,above_band_high
2026-07-23T18:56:00Z,94.3603,0.000000,0.000000,0.000000,above_band_high
2026-07-23T18:57:00Z,94.3954,0.000000,0.000000,0.000000,above_band_high
2026-07-23T18:58:00Z,94.3740,0.000000,0.000000,0.000000,above_band_high
2026-07-23T18:59:00Z,94.3923,0.000000,0.000000,0.000000,above_band_high
2026-07-23T19:00:00Z,94.3908,0.000000,0.000000,0.000000,above_band_high
2026-07-23T19:01:00Z,94.3679,0.000000,0.000000,0.000000,above_band_high
2026-07-23T19:02:00Z,94.3511,0.000000,0.000000,0.000000,above_band_high
2026-07-23T19:03:00Z,94.3496,0.000000,0.000000,0.000000,above_band_high
2026-07-23T19:04:00Z,94.3740,0.000000,0.000000,0.000000,above_band_high
2026-07-23T19:05:00Z,94.3832,0.000000,0.000000,0.000000,above_band_high
2026-07-23T19:06:00Z,94.3954,0.000000,0.000000,0.000000,above_band_high
2026-07-23T19:07:00Z,94.3725,0.000000,0.000000,0.000000,above_band_high
2026-07-23T19:08:00Z,94.3923,0.000000,0.000000,0.000000,above_band_high
2026-07-23T19:09:00Z,94.3771,0.000000,0.000000,0.000000,above_band_high
2026-07-23T19:10:00Z,94.3191,0.000000,0.000000,0.000000,above_band_high
2026-07-23T19:11:00Z,94.3145,0.000000,0.000000,0.000000,above_band_high
2026-07-23T19:12:00Z,94.3084,0.000000,0.000000,0.000000,above_band_high
2026-07-23T19:13:00Z,94.3053,0.000000,0.000000,0.000000,above_band_high
2026-07-23T19:14:00Z,94.3053,0.000000,0.000000,0.000000,above_band_high
2026-07-23T19:15:00Z,94.3145,0.000000,0.000000,0.000000,above_band_high
2026-07-23T19:16:00Z,94.2947,0.000000,0.000000,0.000000,above_band_high
2026-07-23T19:17:00Z,94.2824,0.000000,0.000000,0.000000,above_band_high
2026-07-23T19:18:00Z,94.2596,0.000000,0.000000,0.000000,above_band_high
2026-07-23T19:19:00Z,94.2718,0.000000,0.000000,0.000000,above_band_high
2026-07-23T19:20:00Z,94.2870,0.000000,0.000000,0.000000,above_band_high
2026-07-23T19:21:00Z,94.2397,0.000000,0.000000,0.000000,above_band_high
2026-07-23T19:22:00Z,94.2535,0.000000,0.000000,0.000000,above_band_high
2026-07-23T19:23:00Z,94.2229,0.000000,0.000000,0.000000,above_band_high
2026-07-23T19:24:00Z,94.2458,0.000000,0.000000,0.000000,above_band_high
2026-07-23T19:25:00Z,94.2809,0.000000,0.000000,0.000000,above_band_high
2026-07-23T19:26:00Z,94.3038,0.000000,0.000000,0.000000,above_band_high
2026-07-23T19:27:00Z,94.2718,0.000000,0.000000,0.000000,above_band_high
2026-07-23T19:28:00Z,94.2916,0.000000,0.000000,0.000000,above_band_high
2026-07-23T19:29:00Z,94.2901,0.000000,0.000000,0.000000,above_band_high
2026-07-23T19:30:00Z,94.3465,0.000000,0.000000,0.000000,above_band_high
2026-07-23T19:31:00Z,94.3420,0.000000,0.000000,0.000000,above_band_high
2026-07-23T19:32:00Z,94.3587,0.000000,0.000000,0.000000,above_band_high
2026-07-23T19:33:00Z,94.3725,0.000000,0.000000,0.000000,above_band_high
2026-07-23T19:34:00Z,94.4106,0.000000,0.000000,0.000000,above_band_high
2026-07-23T19:35:00Z,94.4427,0.000000,0.000000,0.000000,above_band_high
2026-07-23T19:36:00Z,94.4518,0.000000,0.000000,0.000000,above_band_high
2026-07-23T19:37:00Z,94.4884,0.000000,0.000000,0.000000,above_band_high
2026-07-23T19:38:00Z,94.5235,0.000000,0.000000,0.000000,above_band_high
2026-07-23T19:39:00Z,94.4976,0.000000,0.000000,0.000000,above_band_high
2026-07-23T19:40:00Z,94.5296,0.000000,0.000000,0.000000,above_band_high
2026-07-23T19:41:00Z,94.5235,0.000000,0.000000,0.000000,above_band_high
2026-07-23T19:42:00Z,94.5296,0.000000,0.000000,0.000000,above_band_high
2026-07-23T19:43:00Z,94.5708,0.000000,0.000000,0.000000,above_band_high
2026-07-23T19:44:00Z,94.5434,0.000000,0.000000,0.000000,above_band_high
2026-07-23T19:45:00Z,94.5480,0.000000,0.000000,0.000000,above_band_high
2026-07-23T19:46:00Z,94.5159,0.000000,0.000000,0.000000,above_band_high
2026-07-23T19:47:00Z,94.4869,0.000000,0.000000,0.000000,above_band_high
2026-07-23T19:48:00Z,94.4884,0.000000,0.000000,0.000000,above_band_high
2026-07-23T19:49:00Z,94.4366,0.000000,0.000000,0.000000,above_band_high
2026-07-23T19:50:00Z,94.3679,0.000000,0.000000,0.000000,above_band_high
2026-07-23T19:51:00Z,94.3236,0.000000,0.000000,0.000000,above_band_high
2026-07-23T19:52:00Z,94.2672,0.000000,0.000000,0.000000,above_band_high
2026-07-23T19:53:00Z,94.2000,0.000000,0.000000,0.000000,above_band_high
2026-07-23T19:54:00Z,94.1207,0.000000,0.000000,0.000000,above_band_high
2026-07-23T19:55:00Z,94.0749,0.000000,0.000000,0.000000,above_band_high
2026-07-23T19:56:00Z,93.9895,0.000000,0.000000,0.000000,above_band_high
2026-07-23T19:57:00Z,93.9376,0.000000,0.000000,0.000000,above_band_high
2026-07-23T19:58:00Z,93.8705,0.000000,0.000000,0.000000,above_band_high
2026-07-23T19:59:00Z,93.7972,0.000000,0.000000,0.000000,above_band_high
2026-07-23T20:00:00Z,93.7636,0.000000,0.000000,0.000000,above_band_high
2026-07-23T20:01:00Z,93.7011,0.000000,0.000000,0.000000,above_band_high
2026-07-23T20:02:00Z,93.6599,0.000000,0.000000,0.000000,above_band_high
2026-07-23T20:03:00Z,93.6080,0.000000,0.000000,0.000000,above_band_high
2026-07-23T20:04:00Z,93.5363,0.000000,0.000000,0.000000,above_band_high
2026-07-23T20:05:00Z,93.4676,0.000000,0.000000,0.000000,above_band_high
2026-07-23T20:06:00Z,93.3715,0.000000,0.000000,0.000000,above_band_high
2026-07-23T20:07:00Z,93.3486,0.000000,0.000000,0.000000,above_band_high
2026-07-23T20:08:00Z,93.2845,0.000000,0.000000,0.000000,above_band_high
2026-07-23T20:09:00Z,93.2204,0.000000,0.000000,0.000000,above_band_high
2026-07-23T20:10:00Z,93.1823,0.000000,0.000000,0.000000,above_band_high
2026-07-23T20:11:00Z,93.1182,0.000000,0.000000,0.000000,above_band_high
2026-07-23T20:12:00Z,93.0953,0.000000,0.000000,0.000000,above_band_high
2026-07-23T20:13:00Z,93.0449,0.000000,0.000000,0.000000,above_band_high
2026-07-23T20:14:00Z,93.0404,0.000000,0.000000,0.000000,above_band_high
2026-07-23T20:15:00Z,93.0037,0.000000,0.000000,0.000000,above_band_high
2026-07-23T20:16:00Z,92.9900,0.000000,0.000000,0.000000,above_band_high
2026-07-23T20:17:00Z,93.0007,0.000000,0.000000,0.000000,above_band_high
2026-07-23T20:18:00Z,93.0419,0.000000,0.000000,0.000000,above_band_high
2026-07-23T20:19:00Z,93.0495,0.000000,0.000000,0.000000,above_band_high
2026-07-23T20:20:00Z,93.0602,0.000000,0.000000,0.000000,above_band_high
2026-07-23T20:21:00Z,93.1060,0.000000,0.000000,0.000000,above_band_high
2026-07-23T20:22:00Z,93.1319,0.000000,0.000000,0.000000,above_band_high
2026-07-23T20:23:00Z,93.1655,0.000000,0.000000,0.000000,above_band_high
2026-07-23T20:24:00Z,93.2433,0.000000,0.000000,0.000000,above_band_high
2026-07-23T20:25:00Z,93.3028,0.000000,0.000000,0.000000,above_band_high
2026-07-23T20:26:00Z,93.3333,0.000000,0.000000,0.000000,above_band_high
2026-07-23T20:27:00Z,93.3669,0.000000,0.000000,0.000000,above_band_high
2026-07-23T20:28:00Z,93.3898,0.000000,0.000000,0.000000,above_band_high
2026-07-23T20:29:00Z,93.4356,0.000000,0.000000,0.000000,above_band_high
2026-07-23T20:30:00Z,93.4707,0.000000,0.000000,0.000000,above_band_high
2026-07-23T20:31:00Z,93.5271,0.000000,0.000000,0.000000,above_band_high
2026-07-23T20:32:00Z,93.5348,0.000000,0.000000,0.000000,above_band_high
2026-07-23T20:33:00Z,93.5637,0.000000,0.000000,0.000000,above_band_high
2026-07-23T20:34:00Z,93.5988,0.000000,0.000000,0.000000,above_band_high
2026-07-23T20:35:00Z,93.6172,0.000000,0.000000,0.000000,above_band_high
2026-07-23T20:36:00Z,93.6507,0.000000,0.000000,0.000000,above_band_high
2026-07-23T20:37:00Z,93.5943,0.000000,0.000000,0.000000,above_band_high
2026-07-23T20:38:00Z,93.6507,0.000000,0.000000,0.000000,above_band_high
2026-07-23T20:39:00Z,93.6309,0.000000,0.000000,0.000000,above_band_high
2026-07-23T20:40:00Z,93.6599,0.000000,0.000000,0.000000,above_band_high
2026-07-23T20:41:00Z,93.6416,0.000000,0.000000,0.000000,above_band_high
2026-07-23T20:42:00Z,93.6217,0.000000,0.000000,0.000000,above_band_high
2026-07-23T20:43:00Z,93.6629,0.000000,0.000000,0.000000,above_band_high
2026-07-23T20:44:00Z,93.6904,0.000000,0.000000,0.000000,above_band_high
2026-07-23T20:45:00Z,93.7041,0.000000,0.000000,0.000000,above_band_high
2026-07-23T20:46:00Z,93.7102,0.000000,0.000000,0.000000,above_band_high
2026-07-23T20:47:00Z,93.7423,0.000000,0.000000,0.000000,above_band_high
2026-07-23T20:48:00Z,93.7270,0.000000,0.000000,0.000000,above_band_high
2026-07-23T20:49:00Z,93.8003,0.000000,0.000000,0.000000,above_band_high
2026-07-23T20:50:00Z,93.8003,0.000000,0.000000,0.000000,above_band_high
2026-07-23T20:51:00Z,93.8094,0.000000,0.000000,0.000000,above_band_high
2026-07-23T20:52:00Z,93.8338,0.000000,0.000000,0.000000,above_band_high
2026-07-23T20:53:00Z,93.8430,0.000000,0.000000,0.000000,above_band_high
2026-07-23T20:54:00Z,93.8430,0.000000,0.000000,0.000000,above_band_high
2026-07-23T20:55:00Z,93.9101,0.000000,0.000000,0.000000,above_band_high
2026-07-23T20:56:00Z,93.9254,0.000000,0.000000,0.000000,above_band_high
2026-07-23T20:57:00Z,93.9193,0.000000,0.000000,0.000000,above_band_high
2026-07-23T20:58:00Z,93.9117,0.000000,0.000000,0.000000,above_band_high
2026-07-23T20:59:00Z,93.9620,0.000000,0.000000,0.000000,above_band_high
2026-07-23T21:00:00Z,93.9422,0.000000,0.000000,0.000000,above_band_high
2026-07-23T21:01:00Z,93.9788,0.000000,0.000000,0.000000,above_band_high
2026-07-23T21:02:00Z,93.9666,0.000000,0.000000,0.000000,above_band_high
2026-07-23T21:03:00Z,93.9757,0.000000,0.000000,0.000000,above_band_high
2026-07-23T21:04:00Z,94.0032,0.000000,0.000000,0.000000,above_band_high
2026-07-23T21:05:00Z,94.0169,0.000000,0.000000,0.000000,above_band_high
2026-07-23T21:06:00Z,94.0246,0.000000,0.000000,0.000000,above_band_high
2026-07-23T21:07:00Z,94.0719,0.000000,0.000000,0.000000,above_band_high
2026-07-23T21:08:00Z,94.0932,0.000000,0.000000,0.000000,above_band_high
2026-07-23T21:09:00Z,94.0841,0.000000,0.000000,0.000000,above_band_high
2026-07-23T21:10:00Z,94.1085,0.000000,0.000000,0.000000,above_band_high
2026-07-23T21:11:00Z,94.1039,0.000000,0.000000,0.000000,above_band_high
2026-07-23T21:12:00Z,94.1314,0.000000,0.000000,0.000000,above_band_high
2026-07-23T21:13:00Z,94.1436,0.000000,0.000000,0.000000,above_band_high
2026-07-23T21:14:00Z,94.1390,0.000000,0.000000,0.000000,above_band_high
2026-07-23T21:15:00Z,94.1848,0.000000,0.000000,0.000000,above_band_high
2026-07-23T21:16:00Z,94.2275,0.000000,0.000000,0.000000,above_band_high
2026-07-23T21:17:00Z,94.1863,0.000000,0.000000,0.000000,above_band_high
2026-07-23T21:18:00Z,94.2351,0.000000,0.000000,0.000000,above_band_high
2026-07-23T21:19:00Z,94.2550,0.000000,0.000000,0.000000,above_band_high
2026-07-23T21:20:00Z,94.2718,0.000000,0.000000,0.000000,above_band_high
2026-07-23T21:21:00Z,94.3099,0.000000,0.000000,0.000000,above_band_high
2026-07-23T21:22:00Z,94.3130,0.000000,0.000000,0.000000,above_band_high
2026-07-23T21:23:00Z,94.3633,0.000000,0.000000,0.000000,above_band_high
2026-07-23T21:24:00Z,94.3725,0.000000,0.000000,0.000000,above_band_high
2026-07-23T21:25:00Z,94.3816,0.000000,0.000000,0.000000,above_band_high
2026-07-23T21:26:00Z,94.3816,0.000000,0.000000,0.000000,above_band_high
2026-07-23T21:27:00Z,94.3954,0.000000,0.000000,0.000000,above_band_high
2026-07-23T21:28:00Z,94.3954,0.000000,0.000000,0.000000,above_band_high
2026-07-23T21:29:00Z,94.4411,0.000000,0.000000,0.000000,above_band_high
2026-07-23T21:30:00Z,94.4839,0.000000,0.000000,0.000000,above_band_high
2026-07-23T21:31:00Z,94.4747,0.000000,0.000000,0.000000,above_band_high
2026-07-23T21:32:00Z,94.4732,0.000000,0.000000,0.000000,above_band_high
2026-07-23T21:33:00Z,94.5205,0.000000,0.000000,0.000000,above_band_high
2026-07-23T21:34:00Z,94.5068,0.000000,0.000000,0.000000,above_band_high
2026-07-23T21:35:00Z,94.5190,0.000000,0.000000,0.000000,above_band_high
2026-07-23T21:36:00Z,94.5205,0.000000,0.000000,0.000000,above_band_high
2026-07-23T21:37:00Z,94.5556,0.000000,0.000000,0.000000,above_band_high
2026-07-23T21:38:00Z,94.5754,0.000000,0.000000,0.000000,above_band_high
2026-07-23T21:39:00Z,94.5571,0.000000,0.000000,0.000000,above_band_high
2026-07-23T21:40:00Z,94.6166,0.000000,0.000000,0.000000,above_band_high
2026-07-23T21:41:00Z,94.6441,0.000000,0.000000,0.000000,above_band_high
2026-07-23T21:42:00Z,94.6258,0.000000,0.000000,0.000000,above_band_high
2026-07-23T21:43:00Z,94.6258,0.000000,0.000000,0.000000,above_band_high
2026-07-23T21:44:00Z,94.6746,0.000000,0.000000,0.000000,above_band_high
2026-07-23T21:45:00Z,94.6609,0.000000,0.000000,0.000000,above_band_high
2026-07-23T21:46:00Z,94.6715,0.000000,0.000000,0.000000,above_band_high
2026-07-23T21:47:00Z,94.6609,0.000000,0.000000,0.000000,above_band_high
2026-07-23T21:48:00Z,94.6838,0.000000,0.000000,0.000000,above_band_high
2026-07-23T21:49:00Z,94.6990,0.000000,0.000000,0.000000,above_band_high
2026-07-23T21:50:00Z,94.6990,0.000000,0.000000,0.000000,above_band_high
2026-07-23T21:51:00Z,94.7570,0.000000,0.000000,0.000000,above_band_high
2026-07-23T21:52:00Z,94.7173,0.000000,0.000000,0.000000,above_band_high
2026-07-23T21:53:00Z,94.7539,0.000000,0.000000,0.000000,above_band_high
2026-07-23T21:54:00Z,94.7524,0.000000,0.000000,0.000000,above_band_high
2026-07-23T21:55:00Z,94.7890,0.000000,0.000000,0.000000,above_band_high
2026-07-23T21:56:00Z,94.7494,0.000000,0.000000,0.000000,above_band_high
2026-07-23T21:57:00Z,94.7616,0.000000,0.000000,0.000000,above_band_high
2026-07-23T21:58:00Z,94.8074,0.000000,0.000000,0.000000,above_band_high
2026-07-23T21:59:00Z,94.8302,0.000000,0.000000,0.000000,above_band_high
2026-07-23T22:00:00Z,94.8074,0.000000,0.000000,0.000000,above_band_high
2026-07-23T22:01:00Z,94.8119,0.000000,0.000000,0.000000,above_band_high
2026-07-23T22:02:00Z,94.8348,0.000000,0.000000,0.000000,above_band_high
2026-07-23T22:03:00Z,94.8486,0.000000,0.000000,0.000000,above_band_high
2026-07-23T22:04:00Z,94.8486,0.000000,0.000000,0.000000,above_band_high
2026-07-23T22:05:00Z,94.8226,0.000000,0.000000,0.000000,above_band_high
2026-07-23T22:06:00Z,94.8547,0.000000,0.000000,0.000000,above_band_high
2026-07-23T22:07:00Z,94.8180,0.000000,0.000000,0.000000,above_band_high
2026-07-23T22:08:00Z,94.8638,0.000000,0.000000,0.000000,above_band_high
2026-07-23T22:09:00Z,94.8363,0.000000,0.000000,0.000000,above_band_high
2026-07-23T22:10:00Z,94.8180,0.000000,0.000000,0.000000,above_band_high
2026-07-23T22:11:00Z,94.8394,0.000000,0.000000,0.000000,above_band_high
2026-07-23T22:12:00Z,94.8135,0.000000,0.000000,0.000000,above_band_high
2026-07-23T22:13:00Z,94.8180,0.000000,0.000000,0.000000,above_band_high
2026-07-23T22:14:00Z,94.8577,0.000000,0.000000,0.000000,above_band_high
2026-07-23T22:15:00Z,94.8394,0.000000,0.000000,0.000000,above_band_high
2026-07-23T22:16:00Z,94.8867,0.000000,0.000000,0.000000,above_band_high
2026-07-23T22:17:00Z,94.8348,0.000000,0.000000,0.000000,above_band_high
2026-07-23T22:18:00Z,94.8409,0.000000,0.000000,0.000000,above_band_high
2026-07-23T22:19:00Z,94.8898,0.000000,0.000000,0.000000,above_band_high
2026-07-23T22:20:00Z,94.8730,0.000000,0.000000,0.000000,above_band_high
2026-07-23T22:21:00Z,94.9310,0.000000,0.000000,0.000000,above_band_high
2026-07-23T22:22:00Z,94.9142,0.000000,0.000000,0.000000,above_band_high
2026-07-23T22:23:00Z,94.9126,0.000000,0.000000,0.000000,above_band_high
2026-07-23T22:24:00Z,94.8943,0.000000,0.000000,0.000000,above_band_high
2026-07-23T22:25:00Z,94.8730,0.000000,0.000000,0.000000,above_band_high
2026-07-23T22:26:00Z,94.9371,0.000000,0.000000,0.000000,above_band_high
2026-07-23T22:27:00Z,94.9233,0.000000,0.000000,0.000000,above_band_high
2026-07-23T22:28:00Z,94.9416,0.000000,0.000000,0.000000,above_band_high
2026-07-23T22:29:00Z,94.9584,0.000000,0.000000,0.000000,above_band_high
2026-07-23T22:30:00Z,94.9630,0.000000,0.000000,0.000000,above_band_high
2026-07-23T22:31:00Z,94.9645,0.000000,0.000000,0.000000,above_band_high
2026-07-23T22:32:00Z,94.9416,0.000000,0.000000,0.000000,above_band_high
2026-07-23T22:33:00Z,94.9722,0.000000,0.000000,0.000000,above_band_high
2026-07-23T22:34:00Z,94.9584,0.000000,0.000000,0.000000,above_band_high
2026-07-23T22:35:00Z,94.9920,0.000000,0.000000,0.000000,above_band_high
2026-07-23T22:36:00Z,94.9813,0.000000,0.000000,0.000000,above_band_high
2026-07-23T22:37:00Z,94.9874,0.000000,0.000000,0.000000,above_band_high
2026-07-23T22:38:00Z,94.9996,0.000000,0.000000,0.000000,above_band_high
2026-07-23T22:39:00Z,95.0103,0.000000,0.000000,0.000000,above_band_high
2026-07-23T22:40:00Z,95.0332,0.000000,0.000000,0.000000,above_band_high
2026-07-23T22:41:00Z,95.0103,0.000000,0.000000,0.000000,above_band_high
2026-07-23T22:42:00Z,95.0225,0.000000,0.000000,0.000000,above_band_high
2026-07-23T22:43:00Z,95.0561,0.000000,0.000000,0.000000,above_band_high
2026-07-23T22:44:00Z,95.0454,0.000000,0.000000,0.000000,above_band_high
2026-07-23T22:45:00Z,95.0546,0.000000,0.000000,0.000000,above_band_high
2026-07-23T22:46:00Z,95.0195,0.000000,0.000000,0.000000,above_band_high
2026-07-23T22:47:00Z,95.0683,0.000000,0.000000,0.000000,above_band_high
2026-07-23T22:48:00Z,95.0378,0.000000,0.000000,0.000000,above_band_high
2026-07-23T22:49:00Z,95.0317,0.000000,0.000000,0.000000,above_band_high
2026-07-23T22:50:00Z,95.0652,0.000000,0.000000,0.000000,above_band_high
2026-07-23T22:51:00Z,95.0591,0.000000,0.000000,0.000000,above_band_high
2026-07-23T22:52:00Z,95.0774,0.000000,0.000000,0.000000,above_band_high
2026-07-23T22:53:00Z,95.0881,0.000000,0.000000,0.000000,above_band_high
2026-07-23T22:54:00Z,95.0835,0.000000,0.000000,0.000000,above_band_high
2026-07-23T22:55:00Z,95.1003,0.000000,0.000000,0.000000,above_band_high
2026-07-23T22:56:00Z,95.1064,0.000000,0.000000,0.000000,above_band_high
2026-07-23T22:57:00Z,95.1003,0.000000,0.000000,0.000000,above_band_high
2026-07-23T22:58:00Z,95.1064,0.000000,0.000000,0.000000,above_band_high
2026-07-23T22:59:00Z,95.1156,0.000000,0.000000,0.000000,above_band_high
2026-07-23T23:00:00Z,95.1049,0.000000,0.000000,0.000000,above_band_high
2026-07-23T23:01:00Z,95.0652,0.000000,0.000000,0.000000,above_band_high
2026-07-23T23:02:00Z,95.0881,0.000000,0.000000,0.000000,above_band_high
2026-07-23T23:03:00Z,95.1339,0.000000,0.000000,0.000000,above_band_high
2026-07-23T23:04:00Z,95.0973,0.000000,0.000000,0.000000,above_band_high
2026-07-23T23:05:00Z,95.1064,0.000000,0.000000,0.000000,above_band_high
2026-07-23T23:06:00Z,95.1110,0.000000,0.000000,0.000000,above_band_high
2026-07-23T23:07:00Z,95.0774,0.000000,0.000000,0.000000,above_band_high
2026-07-23T23:08:00Z,95.0790,0.000000,0.000000,0.000000,above_band_high
2026-07-23T23:09:00Z,95.0958,0.000000,0.000000,0.000000,above_band_high
2026-07-23T23:10:00Z,95.0744,0.000000,0.000000,0.000000,above_band_high
2026-07-23T23:11:00Z,95.0881,0.000000,0.000000,0.000000,above_band_high
2026-07-23T23:12:00Z,95.1003,0.000000,0.000000,0.000000,above_band_high
2026-07-23T23:13:00Z,95.1339,0.000000,0.000000,0.000000,above_band_high
2026-07-23T23:14:00Z,95.1003,0.000000,0.000000,0.000000,above_band_high
2026-07-23T23:15:00Z,95.1186,0.000000,0.000000,0.000000,above_band_high
2026-07-23T23:16:00Z,95.1293,0.000000,0.000000,0.000000,above_band_high
2026-07-23T23:17:00Z,95.1385,0.000000,0.000000,0.000000,above_band_high
2026-07-23T23:18:00Z,95.1156,0.000000,0.000000,0.000000,above_band_high
2026-07-23T23:19:00Z,95.1110,0.000000,0.000000,0.000000,above_band_high
2026-07-23T23:20:00Z,95.1385,0.000000,0.000000,0.000000,above_band_high
2026-07-23T23:21:00Z,95.1415,0.000000,0.000000,0.000000,above_band_high
2026-07-23T23:22:00Z,95.1476,0.000000,0.000000,0.000000,above_band_high
2026-07-23T23:23:00Z,95.1156,0.000000,0.000000,0.000000,above_band_high
2026-07-23T23:24:00Z,95.1553,0.000000,0.000000,0.000000,above_band_high
2026-07-23T23:25:00Z,95.1278,0.000000,0.000000,0.000000,above_band_high
2026-07-23T23:26:00Z,95.1614,0.000000,0.000000,0.000000,above_band_high
2026-07-23T23:27:00Z,95.1293,0.000000,0.000000,0.000000,above_band_high
2026-07-23T23:28:00Z,95.1232,0.000000,0.000000,0.000000,above_band_high
2026-07-23T23:29:00Z,95.1369,0.000000,0.000000,0.000000,above_band_high
2026-07-23T23:30:00Z,95.1385,0.000000,0.000000,0.000000,above_band_high
2026-07-23T23:31:00Z,95.1659,0.000000,0.000000,0.000000,above_band_high
2026-07-23T23:32:00Z,95.1202,0.000000,0.000000,0.000000,above_band_high
2026-07-23T23:33:00Z,95.1461,0.000000,0.000000,0.000000,above_band_high
2026-07-23T23:34:00Z,95.1568,0.000000,0.000000,0.000000,above_band_high
2026-07-23T23:35:00Z,95.1522,0.000000,0.000000,0.000000,above_band_high
2026-07-23T23:36:00Z,95.1919,0.000000,0.000000,0.000000,above_band_high
2026-07-23T23:37:00Z,95.1659,0.000000,0.000000,0.000000,above_band_high
2026-07-23T23:38:00Z,95.1476,0.000000,0.000000,0.000000,above_band_high
2026-07-23T23:39:00Z,95.1476,0.000000,0.000000,0.000000,above_band_high
2026-07-23T23:40:00Z,95.1797,0.000000,0.000000,0.000000,above_band_high
2026-07-23T23:41:00Z,95.2010,0.000000,0.000000,0.000000,above_band_high
2026-07-23T23:42:00Z,95.1797,0.000000,0.000000,0.000000,above_band_high
2026-07-23T23:43:00Z,95.1202,0.000000,0.000000,0.000000,above_band_high
2026-07-23T23:44:00Z,95.1781,0.000000,0.000000,0.000000,above_band_high
2026-07-23T23:45:00Z,95.1705,0.000000,0.000000,0.000000,above_band_high
2026-07-23T23:46:00Z,95.1980,0.000000,0.000000,0.000000,above_band_high
2026-07-23T23:47:00Z,95.2239,0.000000,0.000000,0.000000,above_band_high
2026-07-23T23:48:00Z,95.1614,0.000000,0.000000,0.000000,above_band_high
2026-07-23T23:49:00Z,95.1797,0.000000,0.000000,0.000000,above_band_high
2026-07-23T23:50:00Z,95.2148,0.000000,0.000000,0.000000,above_band_high
2026-07-23T23:51:00Z,95.1598,0.000000,0.000000,0.000000,above_band_high
2026-07-23T23:52:00Z,95.1934,0.000000,0.000000,0.000000,above_band_high
2026-07-23T23:53:00Z,95.1965,0.000000,0.000000,0.000000,above_band_high
2026-07-23T23:54:00Z,95.2071,0.000000,0.000000,0.000000,above_band_high
2026-07-23T23:55:00Z,95.2071,0.000000,0.000000,0.000000,above_band_high
2026-07-23T23:56:00Z,95.1614,0.000000,0.000000,0.000000,above_band_high
2026-07-23T23:57:00Z,95.1843,0.000000,0.000000,0.000000,above_band_high
2026-07-23T23:58:00Z,95.1553,0.000000,0.000000,0.000000,above_band_high
2026-07-23T23:59:00Z,95.1827,0.000000,0.000000,0.000000,above_band_high
2026-07-24T00:00:00Z,95.2193,0.000000,0.000000,0.000000,above_band_high
2026-07-24T00:01:00Z,95.1843,0.000000,0.000000,0.000000,above_band_high
2026-07-24T00:02:00Z,95.1736,0.000000,0.000000,0.000000,above_band_high
2026-07-24T00:03:00Z,95.2056,0.000000,0.000000,0.000000,above_band_high
2026-07-24T00:04:00Z,95.1736,0.000000,0.000000,0.000000,above_band_high
2026-07-24T00:05:00Z,95.1827,0.000000,0.000000,0.000000,above_band_high
2026-07-24T00:06:00Z,95.1736,0.000000,0.000000,0.000000,above_band_high
2026-07-24T00:07:00Z,95.1553,0.000000,0.000000,0.000000,above_band_high
2026-07-24T00:08:00Z,95.2056,0.000000,0.000000,0.000000,above_band_high
2026-07-24T00:09:00Z,95.2148,0.000000,0.000000,0.000000,above_band_high
2026-07-24T00:10:00Z,95.1781,0.000000,0.000000,0.000000,above_band_high
2026-07-24T00:11:00Z,95.1843,0.000000,0.000000,0.000000,above_band_high
2026-07-24T00:12:00Z,95.1888,0.000000,0.000000,0.000000,above_band_high
2026-07-24T00:13:00Z,95.1797,0.000000,0.000000,0.000000,above_band_high
2026-07-24T00:14:00Z,95.1736,0.000000,0.000000,0.000000,above_band_high
2026-07-24T00:15:00Z,95.1614,0.000000,0.000000,0.000000,above_band_high
2026-07-24T00:16:00Z,95.2026,0.000000,0.000000,0.000000,above_band_high
2026-07-24T00:17:00Z,95.1553,0.000000,0.000000,0.000000,above_band_high
2026-07-24T00:18:00Z,95.1659,0.000000,0.000000,0.000000,above_band_high
2026-07-24T00:19:00Z,95.2026,0.000000,0.000000,0.000000,above_band_high
2026-07-24T00:20:00Z,95.1568,0.000000,0.000000,0.000000,above_band_high
2026-07-24T00:21:00Z,95.1568,0.000000,0.000000,0.000000,above_band_high
2026-07-24T00:22:00Z,95.1797,0.000000,0.000000,0.000000,above_band_high
2026-07-24T00:23:00Z,95.2010,0.000000,0.000000,0.000000,above_band_high
2026-07-24T00:24:00Z,95.1507,0.000000,0.000000,0.000000,above_band_high
2026-07-24T00:25:00Z,95.1507,0.000000,0.000000,0.000000,above_band_high
2026-07-24T00:26:00Z,95.1781,0.000000,0.000000,0.000000,above_band_high
2026-07-24T00:27:00Z,95.1659,0.000000,0.000000,0.000000,above_band_high
2026-07-24T00:28:00Z,95.1781,0.000000,0.000000,0.000000,above_band_high
2026-07-24T00:29:00Z,95.1705,0.000000,0.000000,0.000000,above_band_high
2026-07-24T00:30:00Z,95.1888,0.000000,0.000000,0.000000,above_band_high
2026-07-24T00:31:00Z,95.1476,0.000000,0.000000,0.000000,above_band_high
2026-07-24T00:32:00Z,95.1736,0.000000,0.000000,0.000000,above_band_high
2026-07-24T00:33:00Z,95.1827,0.000000,0.000000,0.000000,above_band_high
2026-07-24T00:34:00Z,95.1781,0.000000,0.000000,0.000000,above_band_high
2026-07-24T00:35:00Z,95.1827,0.000000,0.000000,0.000000,above_band_high
2026-07-24T00:36:00Z,95.1369,0.000000,0.000000,0.000000,above_band_high
2026-07-24T00:37:00Z,95.1919,0.000000,0.000000,0.000000,above_band_high
2026-07-24T00:38:00Z,95.1614,0.000000,0.000000,0.000000,above_band_high
2026-07-24T00:39:00Z,95.1659,0.000000,0.000000,0.000000,above_band_high
2026-07-24T00:40:00Z,95.1827,0.000000,0.000000,0.000000,above_band_high
2026-07-24T00:41:00Z,95.1751,0.000000,0.000000,0.000000,above_band_high
2026-07-24T00:42:00Z,95.1507,0.000000,0.000000,0.000000,above_band_high
2026-07-24T00:43:00Z,95.1705,0.000000,0.000000,0.000000,above_band_high
2026-07-24T00:44:00Z,95.1553,0.000000,0.000000,0.000000,above_band_high
2026-07-24T00:45:00Z,95.1736,0.000000,0.000000,0.000000,above_band_high
2026-07-24T00:46:00Z,95.1736,0.000000,0.000000,0.000000,above_band_high
2026-07-24T00:47:00Z,95.1415,0.000000,0.000000,0.000000,above_band_high
2026-07-24T00:48:00Z,95.1888,0.000000,0.000000,0.000000,above_band_high
2026-07-24T00:49:00Z,95.1873,0.000000,0.000000,0.000000,above_band_high
2026-07-24T00:50:00Z,95.1781,0.000000,0.000000,0.000000,above_band_high
2026-07-24T00:51:00Z,95.1888,0.000000,0.000000,0.000000,above_band_high
2026-07-24T00:52:00Z,95.2026,0.000000,0.000000,0.000000,above_band_high
2026-07-24T00:53:00Z,95.1888,0.000000,0.000000,0.000000,above_band_high
2026-07-24T00:54:00Z,95.1659,0.000000,0.000000,0.000000,above_band_high
2026-07-24T00:55:00Z,95.2026,0.000000,0.000000,0.000000,above_band_high
2026-07-24T00:56:00Z,95.2193,0.000000,0.000000,0.000000,above_band_high
2026-07-24T00:57:00Z,95.1888,0.000000,0.000000,0.000000,above_band_high
2026-07-24T00:58:00Z,95.1843,0.000000,0.000000,0.000000,above_band_high
2026-07-24T00:59:00Z,95.2056,0.000000,0.000000,0.000000,above_band_high
2026-07-24T01:00:00Z,95.2071,0.000000,0.000000,0.000000,above_band_high
2026-07-24T01:01:00Z,95.2239,0.000000,0.000000,0.000000,above_band_high
2026-07-24T01:02:00Z,95.2056,0.000000,0.000000,0.000000,above_band_high
2026-07-24T01:03:00Z,95.2193,0.000000,0.000000,0.000000,above_band_high
2026-07-24T01:04:00Z,95.2071,0.000000,0.000000,0.000000,above_band_high
2026-07-24T01:05:00Z,95.2071,0.000000,0.000000,0.000000,above_band_high
2026-07-24T01:06:00Z,95.2239,0.000000,0.000000,0.000000,above_band_high
2026-07-24T01:07:00Z,95.1736,0.000000,0.000000,0.000000,above_band_high
2026-07-24T01:08:00Z,95.1934,0.000000,0.000000,0.000000,above_band_high
2026-07-24T01:09:00Z,95.2117,0.000000,0.000000,0.000000,above_band_high
2026-07-24T01:10:00Z,95.2117,0.000000,0.000000,0.000000,above_band_high
2026-07-24T01:11:00Z,95.1781,0.000000,0.000000,0.000000,above_band_high
2026-07-24T01:12:00Z,95.1736,0.000000,0.000000,0.000000,above_band_high
2026-07-24T01:13:00Z,95.1873,0.000000,0.000000,0.000000,above_band_high
2026-07-24T01:14:00Z,95.2071,0.000000,0.000000,0.000000,above_band_high
2026-07-24T01:15:00Z,95.2056,0.000000,0.000000,0.000000,above_band_high
2026-07-24T01:16:00Z,95.2239,0.000000,0.000000,0.000000,above_band_high
2026-07-24T01:17:00Z,95.1888,0.000000,0.000000,0.000000,above_band_high
2026-07-24T01:18:00Z,95.1888,0.000000,0.000000,0.000000,above_band_high
2026-07-24T01:19:00Z,95.2056,0.000000,0.000000,0.000000,above_band_high
2026-07-24T01:20:00Z,95.1888,0.000000,0.000000,0.000000,above_band_high
2026-07-24T01:21:00Z,95.2026,0.000000,0.000000,0.000000,above_band_high
2026-07-24T01:22:00Z,95.2102,0.000000,0.000000,0.000000,above_band_high
2026-07-24T01:23:00Z,95.2102,0.000000,0.000000,0.000000,above_band_high
2026-07-24T01:24:00Z,95.2300,0.000000,0.000000,0.000000,above_band_high
2026-07-24T01:25:00Z,95.2422,0.000000,0.000000,0.000000,above_band_high
2026-07-24T01:26:00Z,95.2026,0.000000,0.000000,0.000000,above_band_high
2026-07-24T01:27:00Z,95.2377,0.000000,0.000000,0.000000,above_band_high
2026-07-24T01:28:00Z,95.2346,0.000000,0.000000,0.000000,above_band_high
2026-07-24T01:29:00Z,95.2392,0.000000,0.000000,0.000000,above_band_high
2026-07-24T01:30:00Z,95.2026,0.000000,0.000000,0.000000,above_band_high
2026-07-24T01:31:00Z,95.2575,0.000000,0.000000,0.000000,above_band_high
2026-07-24T01:32:00Z,95.2529,0.000000,0.000000,0.000000,above_band_high
2026-07-24T01:33:00Z,95.2514,0.000000,0.000000,0.000000,above_band_high
2026-07-24T01:34:00Z,95.2468,0.000000,0.000000,0.000000,above_band_high
2026-07-24T01:35:00Z,95.2850,0.000000,0.000000,0.000000,above_band_high
2026-07-24T01:36:00Z,95.2529,0.000000,0.000000,0.000000,above_band_high
2026-07-24T01:37:00Z,95.2468,0.000000,0.000000,0.000000,above_band_high
2026-07-24T01:38:00Z,95.2651,0.000000,0.000000,0.000000,above_band_high
2026-07-24T01:39:00Z,95.2758,0.000000,0.000000,0.000000,above_band_high
2026-07-24T01:40:00Z,95.2651,0.000000,0.000000,0.000000,above_band_high
2026-07-24T01:41:00Z,95.2850,0.000000,0.000000,0.000000,above_band_high
2026-07-24T01:42:00Z,95.2850,0.000000,0.000000,0.000000,above_band_high
2026-07-24T01:43:00Z,95.2789,0.000000,0.000000,0.000000,above_band_high
2026-07-24T01:44:00Z,95.2789,0.000000,0.000000,0.000000,above_band_high
2026-07-24T01:45:00Z,95.3033,0.000000,0.000000,0.000000,above_band_high
2026-07-24T01:46:00Z,95.3063,0.000000,0.000000,0.000000,above_band_high
2026-07-24T01:47:00Z,95.3170,0.000000,0.000000,0.000000,above_band_high
2026-07-24T01:48:00Z,95.2987,0.000000,0.000000,0.000000,above_band_high
2026-07-24T01:49:00Z,95.2850,0.000000,0.000000,0.000000,above_band_high
2026-07-24T01:50:00Z,95.2804,0.000000,0.000000,0.000000,above_band_high
2026-07-24T01:51:00Z,95.2758,0.000000,0.000000,0.000000,above_band_high
2026-07-24T01:52:00Z,95.3109,0.000000,0.000000,0.000000,above_band_high
2026-07-24T01:53:00Z,95.3033,0.000000,0.000000,0.000000,above_band_high
2026-07-24T01:54:00Z,95.3124,0.000000,0.000000,0.000000,above_band_high
2026-07-24T01:55:00Z,95.3063,0.000000,0.000000,0.000000,above_band_high
2026-07-24T01:56:00Z,95.3292,0.000000,0.000000,0.000000,above_band_high
2026-07-24T01:57:00Z,95.3124,0.000000,0.000000,0.000000,above_band_high
2026-07-24T01:58:00Z,95.3109,0.000000,0.000000,0.000000,above_band_high
2026-07-24T01:59:00Z,95.3246,0.000000,0.000000,0.000000,above_band_high
2026-07-24T02:00:00Z,95.3216,0.000000,0.000000,0.000000,above_band_high
2026-07-24T02:01:00Z,95.3445,0.000000,0.000000,0.000000,above_band_high
2026-07-24T02:02:00Z,95.3155,0.000000,0.000000,0.000000,above_band_high
2026-07-24T02:03:00Z,95.3246,0.000000,0.000000,0.000000,above_band_high
2026-07-24T02:04:00Z,95.2987,0.000000,0.000000,0.000000,above_band_high
2026-07-24T02:05:00Z,95.3353,0.000000,0.000000,0.000000,above_band_high
2026-07-24T02:06:00Z,95.3353,0.000000,0.000000,0.000000,above_band_high
2026-07-24T02:07:00Z,95.3292,0.000000,0.000000,0.000000,above_band_high
2026-07-24T02:08:00Z,95.3475,0.000000,0.000000,0.000000,above_band_high
2026-07-24T02:09:00Z,95.3475,0.000000,0.000000,0.000000,above_band_high
2026-07-24T02:10:00Z,95.3475,0.000000,0.000000,0.000000,above_band_high
2026-07-24T02:11:00Z,95.3063,0.000000,0.000000,0.000000,above_band_high
2026-07-24T02:12:00Z,95.2880,0.000000,0.000000,0.000000,above_band_high
2026-07-24T02:13:00Z,95.3063,0.000000,0.000000,0.000000,above_band_high
2026-07-24T02:14:00Z,95.2850,0.000000,0.000000,0.000000,above_band_high
2026-07-24T02:15:00Z,95.2789,0.000000,0.000000,0.000000,above_band_high
2026-07-24T02:16:00Z,95.3109,0.000000,0.000000,0.000000,above_band_high
2026-07-24T02:17:00Z,95.3201,0.000000,0.000000,0.000000,above_band_high
2026-07-24T02:18:00Z,95.3399,0.000000,0.000000,0.000000,above_band_high
2026-07-24T02:19:00Z,95.3170,0.000000,0.000000,0.000000,above_band_high
2026-07-24T02:20:00Z,95.2834,0.000000,0.000000,0.000000,above_band_high
2026-07-24T02:21:00Z,95.3292,0.000000,0.000000,0.000000,above_band_high
2026-07-24T02:22:00Z,95.2987,0.000000,0.000000,0.000000,above_band_high
2026-07-24T02:23:00Z,95.3201,0.000000,0.000000,0.000000,above_band_high
2026-07-24T02:24:00Z,95.3170,0.000000,0.000000,0.000000,above_band_high
2026-07-24T02:25:00Z,95.2987,0.000000,0.000000,0.000000,above_band_high
2026-07-24T02:26:00Z,95.3201,0.000000,0.000000,0.000000,above_band_high
2026-07-24T02:27:00Z,95.3109,0.000000,0.000000,0.000000,above_band_high
2026-07-24T02:28:00Z,95.3063,0.000000,0.000000,0.000000,above_band_high
2026-07-24T02:29:00Z,95.3109,0.000000,0.000000,0.000000,above_band_high
2026-07-24T02:30:00Z,95.3170,0.000000,0.000000,0.000000,above_band_high
2026-07-24T02:31:00Z,95.3262,0.000000,0.000000,0.000000,above_band_high
2026-07-24T02:32:00Z,95.3017,0.000000,0.000000,0.000000,above_band_high
2026-07-24T02:33:00Z,95.2712,0.000000,0.000000,0.000000,above_band_high
2026-07-24T02:34:00Z,95.2941,0.000000,0.000000,0.000000,above_band_high
2026-07-24T02:35:00Z,95.3017,0.000000,0.000000,0.000000,above_band_high
2026-07-24T02:36:00Z,95.2575,0.000000,0.000000,0.000000,above_band_high
2026-07-24T02:37:00Z,95.3063,0.000000,0.000000,0.000000,above_band_high
2026-07-24T02:38:00Z,95.2941,0.000000,0.000000,0.000000,above_band_high
2026-07-24T02:39:00Z,95.2804,0.000000,0.000000,0.000000,above_band_high
2026-07-24T02:40:00Z,95.2941,0.000000,0.000000,0.000000,above_band_high
2026-07-24T02:41:00Z,95.2651,0.000000,0.000000,0.000000,above_band_high
2026-07-24T02:42:00Z,95.2941,0.000000,0.000000,0.000000,above_band_high
2026-07-24T02:43:00Z,95.2743,0.000000,0.000000,0.000000,above_band_high
2026-07-24T02:44:00Z,95.3063,0.000000,0.000000,0.000000,above_band_high
2026-07-24T02:45:00Z,95.2880,0.000000,0.000000,0.000000,above_band_high
2026-07-24T02:46:00Z,95.2926,0.000000,0.000000,0.000000,above_band_high
2026-07-24T02:47:00Z,95.2941,0.000000,0.000000,0.000000,above_band_high
2026-07-24T02:48:00Z,95.3033,0.000000,0.000000,0.000000,above_band_high
2026-07-24T02:49:00Z,95.2834,0.000000,0.000000,0.000000,above_band_high
2026-07-24T02:50:00Z,95.2941,0.000000,0.000000,0.000000,above_band_high
2026-07-24T02:51:00Z,95.3017,0.000000,0.000000,0.000000,above_band_high
2026-07-24T02:52:00Z,95.2926,0.000000,0.000000,0.000000,above_band_high
2026-07-24T02:53:00Z,95.3216,0.000000,0.000000,0.000000,above_band_high
2026-07-24T02:54:00Z,95.3017,0.000000,0.000000,0.000000,above_band_high
2026-07-24T02:55:00Z,95.2834,0.000000,0.000000,0.000000,above_band_high
2026-07-24T02:56:00Z,95.2743,0.000000,0.000000,0.000000,above_band_high
2026-07-24T02:57:00Z,95.3063,0.000000,0.000000,0.000000,above_band_high
2026-07-24T02:58:00Z,95.3170,0.000000,0.000000,0.000000,above_band_high
2026-07-24T02:59:00Z,95.3338,0.000000,0.000000,0.000000,above_band_high
2026-07-24T03:00:00Z,95.3170,0.000000,0.000000,0.000000,above_band_high
2026-07-24T03:01:00Z,95.2758,0.000000,0.000000,0.000000,above_band_high
2026-07-24T03:02:00Z,95.2789,0.000000,0.000000,0.000000,above_band_high
2026-07-24T03:03:00Z,95.2850,0.000000,0.000000,0.000000,above_band_high
2026-07-24T03:04:00Z,95.2605,0.000000,0.000000,0.000000,above_band_high
2026-07-24T03:05:00Z,95.2377,0.000000,0.000000,0.000000,above_band_high
2026-07-24T03:06:00Z,95.2483,0.000000,0.000000,0.000000,above_band_high
2026-07-24T03:07:00Z,95.2285,0.000000,0.000000,0.000000,above_band_high
2026-07-24T03:08:00Z,95.2209,0.000000,0.000000,0.000000,above_band_high
2026-07-24T03:09:00Z,95.2010,0.000000,0.000000,0.000000,above_band_high
2026-07-24T03:10:00Z,95.2071,0.000000,0.000000,0.000000,above_band_high
2026-07-24T03:11:00Z,95.1659,0.000000,0.000000,0.000000,above_band_high
2026-07-24T03:12:00Z,95.1598,0.000000,0.000000,0.000000,above_band_high
2026-07-24T03:13:00Z,95.1736,0.000000,0.000000,0.000000,above_band_high
2026-07-24T03:14:00Z,95.1553,0.000000,0.000000,0.000000,above_band_high
2026-07-24T03:15:00Z,95.1202,0.000000,0.000000,0.000000,above_band_high
2026-07-24T03:16:00Z,95.1141,0.000000,0.000000,0.000000,above_band_high
2026-07-24T03:17:00Z,95.1202,0.000000,0.000000,0.000000,above_band_high
2026-07-24T03:18:00Z,95.1476,0.000000,0.000000,0.000000,above_band_high
2026-07-24T03:19:00Z,95.1431,0.000000,0.000000,0.000000,above_band_high
2026-07-24T03:20:00Z,95.0973,0.000000,0.000000,0.000000,above_band_high
2026-07-24T03:21:00Z,95.1141,0.000000,0.000000,0.000000,above_band_high
2026-07-24T03:22:00Z,95.1095,0.000000,0.000000,0.000000,above_band_high
2026-07-24T03:23:00Z,95.1141,0.000000,0.000000,0.000000,above_band_high
2026-07-24T03:24:00Z,95.1461,0.000000,0.000000,0.000000,above_band_high
2026-07-24T03:25:00Z,95.0729,0.000000,0.000000,0.000000,above_band_high
2026-07-24T03:26:00Z,95.0912,0.000000,0.000000,0.000000,above_band_high
2026-07-24T03:27:00Z,95.0912,0.000000,0.000000,0.000000,above_band_high
2026-07-24T03:28:00Z,95.1064,0.000000,0.000000,0.000000,above_band_high
2026-07-24T03:29:00Z,95.0774,0.000000,0.000000,0.000000,above_band_high
2026-07-24T03:30:00Z,95.1003,0.000000,0.000000,0.000000,above_band_high
2026-07-24T03:31:00Z,95.0729,0.000000,0.000000,0.000000,above_band_high
2026-07-24T03:32:00Z,95.0927,0.000000,0.000000,0.000000,above_band_high
2026-07-24T03:33:00Z,95.1019,0.000000,0.000000,0.000000,above_band_high
2026-07-24T03:34:00Z,95.0729,0.000000,0.000000,0.000000,above_band_high
2026-07-24T03:35:00Z,95.0835,0.000000,0.000000,0.000000,above_band_high
2026-07-24T03:36:00Z,95.0790,0.000000,0.000000,0.000000,above_band_high
2026-07-24T03:37:00Z,95.0820,0.000000,0.000000,0.000000,above_band_high
2026-07-24T03:38:00Z,95.0912,0.000000,0.000000,0.000000,above_band_high
2026-07-24T03:39:00Z,95.0820,0.000000,0.000000,0.000000,above_band_high
2026-07-24T03:40:00Z,95.0820,0.000000,0.000000,0.000000,above_band_high
2026-07-24T03:41:00Z,95.0652,0.000000,0.000000,0.000000,above_band_high
2026-07-24T03:42:00Z,95.0881,0.000000,0.000000,0.000000,above_band_high
2026-07-24T03:43:00Z,95.0881,0.000000,0.000000,0.000000,above_band_high
2026-07-24T03:44:00Z,95.0774,0.000000,0.000000,0.000000,above_band_high
2026-07-24T03:45:00Z,95.0912,0.000000,0.000000,0.000000,above_band_high
2026-07-24T03:46:00Z,95.0683,0.000000,0.000000,0.000000,above_band_high
2026-07-24T03:47:00Z,95.0881,0.000000,0.000000,0.000000,above_band_high
2026-07-24T03:48:00Z,95.0744,0.000000,0.000000,0.000000,above_band_high
2026-07-24T03:49:00Z,95.0881,0.000000,0.000000,0.000000,above_band_high
2026-07-24T03:50:00Z,95.0652,0.000000,0.000000,0.000000,above_band_high
2026-07-24T03:51:00Z,95.0652,0.000000,0.000000,0.000000,above_band_high
2026-07-24T03:52:00Z,95.0454,0.000000,0.000000,0.000000,above_band_high
2026-07-24T03:53:00Z,95.0240,0.000000,0.000000,0.000000,above_band_high
2026-07-24T03:54:00Z,95.0454,0.000000,0.000000,0.000000,above_band_high
2026-07-24T03:55:00Z,95.0423,0.000000,0.000000,0.000000,above_band_high
2026-07-24T03:56:00Z,95.0286,0.000000,0.000000,0.000000,above_band_high
2026-07-24T03:57:00Z,95.0088,0.000000,0.000000,0.000000,above_band_high
2026-07-24T03:58:00Z,95.0011,0.000000,0.000000,0.000000,above_band_high
2026-07-24T03:59:00Z,95.0179,0.000000,0.000000,0.000000,above_band_high
2026-07-24T04:00:00Z,94.9783,0.000000,0.000000,0.000000,above_band_high
2026-07-24T04:01:00Z,95.0088,0.000000,0.000000,0.000000,above_band_high
2026-07-24T04:02:00Z,94.9722,0.000000,0.000000,0.000000,above_band_high
2026-07-24T04:03:00Z,94.9767,0.000000,0.000000,0.000000,above_band_high
2026-07-24T04:04:00Z,94.9783,0.000000,0.000000,0.000000,above_band_high
2026-07-24T04:05:00Z,94.9355,0.000000,0.000000,0.000000,above_band_high
2026-07-24T04:06:00Z,94.9355,0.000000,0.000000,0.000000,above_band_high
2026-07-24T04:07:00Z,94.8943,0.000000,0.000000,0.000000,above_band_high
2026-07-24T04:08:00Z,94.9004,0.000000,0.000000,0.000000,above_band_high
2026-07-24T04:09:00Z,94.9004,0.000000,0.000000,0.000000,above_band_high
2026-07-24T04:10:00Z,94.8806,0.000000,0.000000,0.000000,above_band_high
2026-07-24T04:11:00Z,94.8577,0.000000,0.000000,0.000000,above_band_high
2026-07-24T04:12:00Z,94.8165,0.000000,0.000000,0.000000,above_band_high
2026-07-24T04:13:00Z,94.8577,0.000000,0.000000,0.000000,above_band_high
2026-07-24T04:14:00Z,94.8119,0.000000,0.000000,0.000000,above_band_high
2026-07-24T04:15:00Z,94.8257,0.000000,0.000000,0.000000,above_band_high
2026-07-24T04:16:00Z,94.8257,0.000000,0.000000,0.000000,above_band_high
2026-07-24T04:17:00Z,94.8074,0.000000,0.000000,0.000000,above_band_high
2026-07-24T04:18:00Z,94.8089,0.000000,0.000000,0.000000,above_band_high
2026-07-24T04:19:00Z,94.8043,0.000000,0.000000,0.000000,above_band_high
2026-07-24T04:20:00Z,94.7906,0.000000,0.000000,0.000000,above_band_high
2026-07-24T04:21:00Z,94.8211,0.000000,0.000000,0.000000,above_band_high
2026-07-24T04:22:00Z,94.8043,0.000000,0.000000,0.000000,above_band_high
2026-07-24T04:23:00Z,94.7997,0.000000,0.000000,0.000000,above_band_high
2026-07-24T04:24:00Z,94.8135,0.000000,0.000000,0.000000,above_band_high
2026-07-24T04:25:00Z,94.7814,0.000000,0.000000,0.000000,above_band_high
2026-07-24T04:26:00Z,94.7906,0.000000,0.000000,0.000000,above_band_high
2026-07-24T04:27:00Z,94.8043,0.000000,0.000000,0.000000,above_band_high
2026-07-24T04:28:00Z,94.8165,0.000000,0.000000,0.000000,above_band_high
2026-07-24T04:29:00Z,94.8043,0.000000,0.000000,0.000000,above_band_high
2026-07-24T04:30:00Z,94.8165,0.000000,0.000000,0.000000,above_band_high
2026-07-24T04:31:00Z,94.8165,0.000000,0.000000,0.000000,above_band_high
2026-07-24T04:32:00Z,94.8272,0.000000,0.000000,0.000000,above_band_high
2026-07-24T04:33:00Z,94.7982,0.000000,0.000000,0.000000,above_band_high
2026-07-24T04:34:00Z,94.8089,0.000000,0.000000,0.000000,above_band_high
2026-07-24T04:35:00Z,94.8318,0.000000,0.000000,0.000000,above_band_high
2026-07-24T04:36:00Z,94.8165,0.000000,0.000000,0.000000,above_band_high
2026-07-24T04:37:00Z,94.8669,0.000000,0.000000,0.000000,above_band_high
2026-07-24T04:38:00Z,94.8318,0.000000,0.000000,0.000000,above_band_high
2026-07-24T04:39:00Z,94.8394,0.000000,0.000000,0.000000,above_band_high
2026-07-24T04:40:00Z,94.8318,0.000000,0.000000,0.000000,above_band_high
2026-07-24T04:41:00Z,94.8318,0.000000,0.000000,0.000000,above_band_high
2026-07-24T04:42:00Z,94.8211,0.000000,0.000000,0.000000,above_band_high
2026-07-24T04:43:00Z,94.8272,0.000000,0.000000,0.000000,above_band_high
2026-07-24T04:44:00Z,94.8394,0.000000,0.000000,0.000000,above_band_high
2026-07-24T04:45:00Z,94.8135,0.000000,0.000000,0.000000,above_band_high
2026-07-24T04:46:00Z,94.8211,0.000000,0.000000,0.000000,above_band_high
2026-07-24T04:47:00Z,94.8394,0.000000,0.000000,0.000000,above_band_high
2026-07-24T04:48:00Z,94.7906,0.000000,0.000000,0.000000,above_band_high
2026-07-24T04:49:00Z,94.7982,0.000000,0.000000,0.000000,above_band_high
2026-07-24T04:50:00Z,94.8074,0.000000,0.000000,0.000000,above_band_high
2026-07-24T04:51:00Z,94.8348,0.000000,0.000000,0.000000,above_band_high
2026-07-24T04:52:00Z,94.8501,0.000000,0.000000,0.000000,above_band_high
2026-07-24T04:53:00Z,94.7982,0.000000,0.000000,0.000000,above_band_high
2026-07-24T04:54:00Z,94.8074,0.000000,0.000000,0.000000,above_band_high
2026-07-24T04:55:00Z,94.7723,0.000000,0.000000,0.000000,above_band_high
2026-07-24T04:56:00Z,94.7631,0.000000,0.000000,0.000000,above_band_high
2026-07-24T04:57:00Z,94.7723,0.000000,0.000000,0.000000,above_band_high
2026-07-24T04:58:00Z,94.7723,0.000000,0.000000,0.000000,above_band_high
2026-07-24T04:59:00Z,94.7402,0.000000,0.000000,0.000000,above_band_high
2026-07-24T05:00:00Z,94.7341,0.000000,0.000000,0.000000,above_band_high
2026-07-24T05:01:00Z,94.6899,0.000000,0.000000,0.000000,above_band_high
2026-07-24T05:02:00Z,94.7158,0.000000,0.000000,0.000000,above_band_high
2026-07-24T05:03:00Z,94.6975,0.000000,0.000000,0.000000,above_band_high
2026-07-24T05:04:00Z,94.7112,0.000000,0.000000,0.000000,above_band_high
2026-07-24T05:05:00Z,94.6975,0.000000,0.000000,0.000000,above_band_high
2026-07-24T05:06:00Z,94.6670,0.000000,0.000000,0.000000,above_band_high
2026-07-24T05:07:00Z,94.6517,0.000000,0.000000,0.000000,above_band_high
2026-07-24T05:08:00Z,94.6517,0.000000,0.000000,0.000000,above_band_high
2026-07-24T05:09:00Z,94.6700,0.000000,0.000000,0.000000,above_band_high
2026-07-24T05:10:00Z,94.6288,0.000000,0.000000,0.000000,above_band_high
2026-07-24T05:11:00Z,94.6166,0.000000,0.000000,0.000000,above_band_high
2026-07-24T05:12:00Z,94.5983,0.000000,0.000000,0.000000,above_band_high
2026-07-24T05:13:00Z,94.5876,0.000000,0.000000,0.000000,above_band_high
2026-07-24T05:14:00Z,94.5602,0.000000,0.000000,0.000000,above_band_high
2026-07-24T05:15:00Z,94.5754,0.000000,0.000000,0.000000,above_band_high
2026-07-24T05:16:00Z,94.5418,0.000000,0.000000,0.000000,above_band_high
2026-07-24T05:17:00Z,94.5510,0.000000,0.000000,0.000000,above_band_high
2026-07-24T05:18:00Z,94.5510,0.000000,0.000000,0.000000,above_band_high
2026-07-24T05:19:00Z,94.5525,0.000000,0.000000,0.000000,above_band_high
2026-07-24T05:20:00Z,94.5754,0.000000,0.000000,0.000000,above_band_high
2026-07-24T05:21:00Z,94.5602,0.000000,0.000000,0.000000,above_band_high
2026-07-24T05:22:00Z,94.5785,0.000000,0.000000,0.000000,above_band_high
2026-07-24T05:23:00Z,94.5525,0.000000,0.000000,0.000000,above_band_high
2026-07-24T05:24:00Z,94.5525,0.000000,0.000000,0.000000,above_band_high
2026-07-24T05:25:00Z,94.5525,0.000000,0.000000,0.000000,above_band_high
2026-07-24T05:26:00Z,94.5617,0.000000,0.000000,0.000000,above_band_high
2026-07-24T05:27:00Z,94.5754,0.000000,0.000000,0.000000,above_band_high
2026-07-24T05:28:00Z,94.5892,0.000000,0.000000,0.000000,above_band_high
2026-07-24T05:29:00Z,94.5708,0.000000,0.000000,0.000000,above_band_high
2026-07-24T05:30:00Z,94.5434,0.000000,0.000000,0.000000,above_band_high
2026-07-24T05:31:00Z,94.5647,0.000000,0.000000,0.000000,above_band_high
2026-07-24T05:32:00Z,94.5525,0.000000,0.000000,0.000000,above_band_high
2026-07-24T05:33:00Z,94.5418,0.000000,0.000000,0.000000,above_band_high
2026-07-24T05:34:00Z,94.5068,0.000000,0.000000,0.000000,above_band_high
2026-07-24T05:35:00Z,94.5113,0.000000,0.000000,0.000000,above_band_high
2026-07-24T05:36:00Z,94.5617,0.000000,0.000000,0.000000,above_band_high
2026-07-24T05:37:00Z,94.5159,0.000000,0.000000,0.000000,above_band_high
2026-07-24T05:38:00Z,94.5006,0.000000,0.000000,0.000000,above_band_high
2026-07-24T05:39:00Z,94.5235,0.000000,0.000000,0.000000,above_band_high
2026-07-24T05:40:00Z,94.5190,0.000000,0.000000,0.000000,above_band_high
2026-07-24T05:41:00Z,94.4732,0.000000,0.000000,0.000000,above_band_high
2026-07-24T05:42:00Z,94.4594,0.000000,0.000000,0.000000,above_band_high
2026-07-24T05:43:00Z,94.4335,0.000000,0.000000,0.000000,above_band_high
2026-07-24T05:44:00Z,94.4549,0.000000,0.000000,0.000000,above_band_high
2026-07-24T05:45:00Z,94.4472,0.000000,0.000000,0.000000,above_band_high
2026-07-24T05:46:00Z,94.4274,0.000000,0.000000,0.000000,above_band_high
2026-07-24T05:47:00Z,94.4182,0.000000,0.000000,0.000000,above_band_high
2026-07-24T05:48:00Z,94.4411,0.000000,0.000000,0.000000,above_band_high
2026-07-24T05:49:00Z,94.4198,0.000000,0.000000,0.000000,above_band_high
2026-07-24T05:50:00Z,94.4091,0.000000,0.000000,0.000000,above_band_high
2026-07-24T05:51:00Z,94.4198,0.000000,0.000000,0.000000,above_band_high
2026-07-24T05:52:00Z,94.4289,0.000000,0.000000,0.000000,above_band_high
2026-07-24T05:53:00Z,94.3923,0.000000,0.000000,0.000000,above_band_high
2026-07-24T05:54:00Z,94.4137,0.000000,0.000000,0.000000,above_band_high
2026-07-24T05:55:00Z,94.3908,0.000000,0.000000,0.000000,above_band_high
2026-07-24T05:56:00Z,94.3908,0.000000,0.000000,0.000000,above_band_high
2026-07-24T05:57:00Z,94.3786,0.000000,0.000000,0.000000,above_band_high
2026-07-24T05:58:00Z,94.3832,0.000000,0.000000,0.000000,above_band_high
2026-07-24T05:59:00Z,94.3725,0.000000,0.000000,0.000000,above_band_high
2026-07-24T06:00:00Z,94.3725,0.000000,0.000000,0.000000,above_band_high
2026-07-24T06:01:00Z,94.3648,0.000000,0.000000,0.000000,above_band_high
2026-07-24T06:02:00Z,94.3511,0.000000,0.000000,0.000000,above_band_high
2026-07-24T06:03:00Z,94.3603,0.000000,0.000000,0.000000,above_band_high
2026-07-24T06:04:00Z,94.3648,0.000000,0.000000,0.000000,above_band_high
2026-07-24T06:05:00Z,94.3420,0.000000,0.000000,0.000000,above_band_high
2026-07-24T06:06:00Z,94.3511,0.000000,0.000000,0.000000,above_band_high
2026-07-24T06:07:00Z,94.3908,0.000000,0.000000,0.000000,above_band_high
2026-07-24T06:08:00Z,94.3236,0.000000,0.000000,0.000000,above_band_high
2026-07-24T06:09:00Z,94.3557,0.000000,0.000000,0.000000,above_band_high
2026-07-24T06:10:00Z,94.3496,0.000000,0.000000,0.000000,above_band_high
2026-07-24T06:11:00Z,94.3084,0.000000,0.000000,0.000000,above_band_high
2026-07-24T06:12:00Z,94.3450,0.000000,0.000000,0.000000,above_band_high
2026-07-24T06:13:00Z,94.3145,0.000000,0.000000,0.000000,above_band_high
2026-07-24T06:14:00Z,94.3008,0.000000,0.000000,0.000000,above_band_high
2026-07-24T06:15:00Z,94.2855,0.000000,0.000000,0.000000,above_band_high
2026-07-24T06:16:00Z,94.2916,0.000000,0.000000,0.000000,above_band_high
2026-07-24T06:17:00Z,94.3145,0.000000,0.000000,0.000000,above_band_high
2026-07-24T06:18:00Z,94.3008,0.000000,0.000000,0.000000,above_band_high
2026-07-24T06:19:00Z,94.2824,0.000000,0.000000,0.000000,above_band_high
2026-07-24T06:20:00Z,94.3191,0.000000,0.000000,0.000000,above_band_high
2026-07-24T06:21:00Z,94.2779,0.000000,0.000000,0.000000,above_band_high
2026-07-24T06:22:00Z,94.3008,0.000000,0.000000,0.000000,above_band_high
2026-07-24T06:23:00Z,94.3236,0.000000,0.000000,0.000000,above_band_high
2026-07-24T06:24:00Z,94.2733,0.000000,0.000000,0.000000,above_band_high
2026-07-24T06:25:00Z,94.3038,0.000000,0.000000,0.000000,above_band_high
2026-07-24T06:26:00Z,94.2901,0.000000,0.000000,0.000000,above_band_high
2026-07-24T06:27:00Z,94.2733,0.000000,0.000000,0.000000,above_band_high
2026-07-24T06:28:00Z,94.2901,0.000000,0.000000,0.000000,above_band_high
2026-07-24T06:29:00Z,94.3099,0.000000,0.000000,0.000000,above_band_high
2026-07-24T06:30:00Z,94.3236,0.000000,0.000000,0.000000,above_band_high
2026-07-24T06:31:00Z,94.2824,0.000000,0.000000,0.000000,above_band_high
2026-07-24T06:32:00Z,94.3267,0.000000,0.000000,0.000000,above_band_high
2026-07-24T06:33:00Z,94.3191,0.000000,0.000000,0.000000,above_band_high
2026-07-24T06:34:00Z,94.3099,0.000000,0.000000,0.000000,above_band_high
2026-07-24T06:35:00Z,94.3236,0.000000,0.000000,0.000000,above_band_high
2026-07-24T06:36:00Z,94.3511,0.000000,0.000000,0.000000,above_band_high
2026-07-24T06:37:00Z,94.3420,0.000000,0.000000,0.000000,above_band_high
2026-07-24T06:38:00Z,94.3496,0.000000,0.000000,0.000000,above_band_high
2026-07-24T06:39:00Z,94.3603,0.000000,0.000000,0.000000,above_band_high
2026-07-24T06:40:00Z,94.3648,0.000000,0.000000,0.000000,above_band_high
2026-07-24T06:41:00Z,94.3771,0.000000,0.000000,0.000000,above_band_high
2026-07-24T06:42:00Z,94.3450,0.000000,0.000000,0.000000,above_band_high
2026-07-24T06:43:00Z,94.3603,0.000000,0.000000,0.000000,above_band_high
2026-07-24T06:44:00Z,94.3725,0.000000,0.000000,0.000000,above_band_high
2026-07-24T06:45:00Z,94.3923,0.000000,0.000000,0.000000,above_band_high
2026-07-24T06:46:00Z,94.4015,0.000000,0.000000,0.000000,above_band_high
2026-07-24T06:47:00Z,94.3679,0.000000,0.000000,0.000000,above_band_high
2026-07-24T06:48:00Z,94.3832,0.000000,0.000000,0.000000,above_band_high
2026-07-24T06:49:00Z,94.4015,0.000000,0.000000,0.000000,above_band_high
2026-07-24T06:50:00Z,94.3969,0.000000,0.000000,0.000000,above_band_high
2026-07-24T06:51:00Z,94.4015,0.000000,0.000000,0.000000,above_band_high
2026-07-24T06:52:00Z,94.3374,0.000000,0.000000,0.000000,above_band_high
2026-07-24T06:53:00Z,94.3603,0.000000,0.000000,0.000000,above_band_high
2026-07-24T06:54:00Z,94.3679,0.000000,0.000000,0.000000,above_band_high
2026-07-24T06:55:00Z,94.3511,0.000000,0.000000,0.000000,above_band_high
2026-07-24T06:56:00Z,94.3267,0.000000,0.000000,0.000000,above_band_high
2026-07-24T06:57:00Z,94.3603,0.000000,0.000000,0.000000,above_band_high
2026-07-24T06:58:00Z,94.3328,0.000000,0.000000,0.000000,above_band_high
2026-07-24T06:59:00Z,94.2947,0.000000,0.000000,0.000000,above_band_high
2026-07-24T07:00:00Z,94.3221,0.000000,0.000000,0.000000,above_band_high
2026-07-24T07:01:00Z,94.3099,0.000000,0.000000,0.000000,above_band_high
2026-07-24T07:02:00Z,94.3328,0.000000,0.000000,0.000000,above_band_high
2026-07-24T13:09:35Z,91.9615,0.000000,0.000000,0.000000,above_band_high
2026-07-24T13:10:00Z,91.9875,0.000000,0.000000,0.000000,above_band_high
2026-07-24T13:11:00Z,91.9478,0.000000,0.000000,0.000000,above_band_high
2026-07-24T13:12:00Z,91.9478,0.000000,0.000000,0.000000,above_band_high
2026-07-24T13:13:00Z,91.9341,0.000000,0.000000,0.000000,above_band_high
2026-07-24T13:14:00Z,91.9417,0.000000,0.000000,0.000000,above_band_high
2026-07-24T13:15:00Z,91.9020,0.000000,0.000000,0.000000,above_band_high
2026-07-24T13:16:00Z,91.8929,0.000000,0.000000,0.000000,above_band_high
2026-07-24T13:17:00Z,91.9097,0.000000,0.000000,0.000000,above_band_high
2026-07-24T13:18:00Z,91.8746,0.000000,0.000000,0.000000,above_band_high
2026-07-24T13:19:00Z,91.8730,0.000000,0.000000,0.000000,above_band_high
2026-07-24T13:20:00Z,91.8685,0.000000,0.000000,0.000000,above_band_high
2026-07-24T13:21:00Z,91.8608,0.000000,0.000000,0.000000,above_band_high
2026-07-24T13:22:00Z,91.8517,0.000000,0.000000,0.000000,above_band_high
2026-07-24T13:23:00Z,91.8181,0.000000,0.000000,0.000000,above_band_high
2026-07-24T13:24:00Z,91.8364,0.000000,0.000000,0.000000,above_band_high
2026-07-24T13:25:00Z,91.8288,0.000000,0.000000,0.000000,above_band_high
2026-07-24T13:26:00Z,91.7815,0.000000,0.000000,0.000000,above_band_high
2026-07-24T13:27:00Z,91.7601,0.000000,0.000000,0.000000,above_band_high
2026-07-24T13:28:00Z,91.7586,0.000000,0.000000,0.000000,above_band_high
2026-07-24T13:29:00Z,91.7174,0.000000,0.000000,0.000000,above_band_high
2026-07-24T13:30:00Z,91.7281,0.000000,0.000000,0.000000,above_band_high
2026-07-24T13:31:00Z,91.7144,0.000000,0.000000,0.000000,above_band_high
2026-07-24T13:32:00Z,91.7281,0.000000,0.000000,0.000000,above_band_high
2026-07-24T13:33:00Z,91.7037,0.000000,0.000000,0.000000,above_band_high
2026-07-24T13:34:00Z,91.7006,0.000000,0.000000,0.000000,above_band_high
2026-07-24T13:35:00Z,91.6548,0.000000,0.000000,0.000000,above_band_high
2026-07-24T13:36:00Z,91.6503,0.000000,0.000000,0.000000,above_band_high
2026-07-24T13:37:00Z,91.6167,0.000000,0.000000,0.000000,above_band_high
2026-07-24T13:38:00Z,91.6167,0.000000,0.000000,0.000000,above_band_high
2026-07-24T13:39:00Z,91.6091,0.000000,0.000000,0.000000,above_band_high
2026-07-24T13:40:00Z,91.6045,0.000000,0.000000,0.000000,above_band_high
2026-07-24T13:41:00Z,91.6045,0.000000,0.000000,0.000000,above_band_high
2026-07-24T13:42:00Z,91.5846,0.000000,0.000000,0.000000,above_band_high
2026-07-24T13:43:00Z,91.5709,0.000000,0.000000,0.000000,above_band_high
2026-07-24T13:44:00Z,91.5724,0.000000,0.000000,0.000000,above_band_high
2026-07-24T13:44:27Z,91.4855,0.000000,0.003494,0.003494,in_band
2026-07-24T13:45:47Z,91.4992,0.000000,0.002275,0.002275,in_band
2026-07-24T13:45:51Z,91.4931,0.002203,0.002129,-0.000074,in_band
2026-07-24T13:46:35Z,91.5068,0.000000,0.000000,0.000000,above_band_high
2026-07-24T13:46:41Z,91.4946,0.000000,0.001515,0.001515,in_band
2026-07-24T13:49:19Z,91.5129,0.000163,0.000000,-0.000163,above_band_high
2026-07-24T13:49:41Z,91.4809,0.000114,0.000215,0.000101,in_band
2026-07-24T13:50:05Z,91.5068,0.000076,0.000000,-0.000076,above_band_high
2026-07-24T13:50:07Z,91.4839,0.000074,0.000154,0.000080,in_band
2026-07-24T13:51:01Z,91.5038,0.000030,0.000000,-0.000030,above_band_high
2026-07-24T13:51:03Z,91.4580,0.000029,0.000069,0.000040,in_band
2026-07-24T13:52:00Z,91.4443,0.000011,0.000027,0.000016,in_band
2026-07-24T13:52:59Z,91.4199,0.000004,0.000010,0.000006,in_band
2026-07-24T13:53:00Z,91.4199,0.000004,0.000010,0.000006,in_band
2026-07-24T13:53:59Z,91.4031,0.000002,0.000004,0.000002,in_band
2026-07-24T13:54:00Z,91.4031,0.000002,0.000004,0.000002,in_band
2026-07-24T13:54:59Z,91.3649,0.000001,0.000001,0.000001,in_band
2026-07-24T13:55:00Z,91.3649,0.000001,0.000001,0.000001,in_band
2026-07-24T13:55:59Z,91.3710,0.000000,0.000001,0.000000,in_band
2026-07-24T13:56:00Z,91.3710,0.000000,0.000001,0.000000,in_band
2026-07-24T13:56:59Z,91.3619,0.000000,0.000000,0.000000,in_band
2026-07-24T13:57:00Z,91.3619,0.000000,0.000000,0.000000,in_band
2026-07-24T13:57:59Z,91.3832,0.000000,0.000000,0.000000,in_band
2026-07-24T13:58:00Z,91.3832,0.000000,0.000000,0.000000,in_band
2026-07-24T13:58:59Z,91.3664,0.000000,0.000000,0.000000,in_band
2026-07-24T13:59:00Z,91.3664,0.000000,0.000000,0.000000,in_band
2026-07-24T13:59:59Z,91.3298,0.000000,0.000000,0.000000,in_band
2026-07-24T14:00:00Z,91.3298,0.000000,0.000000,0.000000,in_band
2026-07-24T14:00:59Z,91.3054,0.000000,0.000000,0.000000,in_band
2026-07-24T14:01:00Z,91.3054,0.000000,0.000000,0.000000,in_band
2026-07-24T14:01:59Z,91.2566,0.000000,0.000000,0.000000,in_band
2026-07-24T14:02:00Z,91.2566,0.000000,0.000000,0.000000,in_band
2026-07-24T14:02:59Z,91.2657,0.000000,0.000000,0.000000,in_band
2026-07-24T14:03:00Z,91.2657,0.000000,0.000000,0.000000,in_band
2026-07-24T14:03:59Z,91.2184,0.000000,0.000000,0.000000,in_band
2026-07-24T14:04:00Z,91.2184,0.000000,0.000000,0.000000,in_band
2026-07-24T14:04:59Z,91.1971,0.000000,0.000000,0.000000,in_band
2026-07-24T14:05:00Z,91.1971,0.000000,0.000000,0.000000,in_band
2026-07-24T14:05:59Z,91.1879,0.000000,0.000000,0.000000,in_band
2026-07-24T14:06:00Z,91.1879,0.000000,0.000000,0.000000,in_band
2026-07-24T14:06:59Z,91.1879,0.000000,0.000000,0.000000,in_band
2026-07-24T14:07:00Z,91.1879,0.000000,0.000000,0.000000,in_band
2026-07-24T14:07:59Z,91.1635,0.000000,0.000000,0.000000,in_band
2026-07-24T14:08:00Z,91.1635,0.000000,0.000000,0.000000,in_band
2026-07-24T14:08:59Z,91.1177,0.000000,0.000000,0.000000,in_band
2026-07-24T14:09:00Z,91.1177,0.000000,0.000000,0.000000,in_band
2026-07-24T14:09:59Z,91.0628,0.000000,0.000000,0.000000,in_band
2026-07-24T14:10:00Z,91.0628,0.000000,0.000000,0.000000,in_band
2026-07-24T14:10:59Z,91.0231,0.000000,0.000000,0.000000,in_band
2026-07-24T14:11:00Z,91.0231,0.000000,0.000000,0.000000,in_band
2026-07-24T14:11:59Z,91.0002,0.000000,0.000000,0.000000,in_band
2026-07-24T14:12:00Z,91.0002,0.000000,0.000000,0.000000,in_band
2026-07-24T14:12:59Z,90.9682,0.000000,0.000000,0.000000,in_band
2026-07-24T14:13:00Z,90.9682,0.000000,0.000000,0.000000,in_band
2026-07-24T14:13:59Z,90.9224,0.000000,0.000000,0.000000,in_band
2026-07-24T14:14:00Z,90.9224,0.000000,0.000000,0.000000,in_band
2026-07-24T14:14:59Z,90.8995,0.000000,0.000000,0.000000,in_band
2026-07-24T14:15:00Z,90.8995,0.000000,0.000000,0.000000,in_band
2026-07-24T14:15:59Z,90.8293,0.000000,0.000000,0.000000,in_band
2026-07-24T14:16:00Z,90.8293,0.000000,0.000000,0.000000,in_band
2026-07-24T14:16:59Z,90.7744,0.000000,0.000000,0.000000,in_band
2026-07-24T14:17:00Z,90.7744,0.000000,0.000000,0.000000,in_band
2026-07-24T14:17:59Z,90.7103,0.000000,0.000000,0.000000,in_band
2026-07-24T14:18:00Z,90.7103,0.000000,0.000000,0.000000,in_band
2026-07-24T14:18:59Z,90.6615,0.000000,0.000000,0.000000,in_band
2026-07-24T14:19:00Z,90.6615,0.000000,0.000000,0.000000,in_band
2026-07-24T14:19:59Z,90.5882,0.000000,0.000000,0.000000,in_band
2026-07-24T14:20:00Z,90.5882,0.000000,0.000000,0.000000,in_band
2026-07-24T14:20:59Z,90.5409,0.000000,0.000000,0.000000,in_band
2026-07-24T14:21:00Z,90.5409,0.000000,0.000000,0.000000,in_band
2026-07-24T14:21:59Z,90.4784,0.000000,0.000000,0.000000,in_band
2026-07-24T14:22:00Z,90.4784,0.000000,0.000000,0.000000,in_band
2026-07-24T14:22:59Z,90.4082,0.000000,0.000000,0.000000,in_band
2026-07-24T14:23:00Z,90.4082,0.000000,0.000000,0.000000,in_band
2026-07-24T14:23:59Z,90.3365,0.000000,0.000000,0.000000,in_band
2026-07-24T14:24:00Z,90.3365,0.000000,0.000000,0.000000,in_band
2026-07-24T14:24:59Z,90.2754,0.000000,0.000000,0.000000,in_band
2026-07-24T14:25:00Z,90.2754,0.000000,0.000000,0.000000,in_band
2026-07-24T14:25:59Z,90.2403,0.000000,0.000000,0.000000,in_band
2026-07-24T14:26:00Z,90.2403,0.000000,0.000000,0.000000,in_band
2026-07-24T14:26:59Z,90.1900,0.000000,0.000000,0.000000,in_band
2026-07-24T14:27:00Z,90.1900,0.000000,0.000000,0.000000,in_band
2026-07-24T14:27:59Z,90.0893,0.000000,0.000000,0.000000,in_band
2026-07-24T14:28:00Z,90.0893,0.000000,0.000000,0.000000,in_band
2026-07-24T14:28:59Z,90.0374,0.000000,0.000000,0.000000,in_band
2026-07-24T14:29:07Z,90.0649,0.000000,0.000000,-0.000000,in_band
2026-07-24T14:29:59Z,89.9825,0.000000,0.000044,0.000044,below_midpoint_feather
2026-07-24T14:30:21Z,89.9702,0.000001,0.000126,0.000125,below_midpoint_feather
2026-07-24T14:30:59Z,90.0069,0.000037,0.000001,-0.000036,in_band
2026-07-24T14:31:25Z,89.9321,0.000140,0.000658,0.000518,below_midpoint_feather
2026-07-24T14:31:59Z,89.9550,0.000661,0.000298,-0.000363,below_midpoint_feather
2026-07-24T14:32:19Z,89.9229,0.000302,0.000864,0.000562,below_midpoint_feather
2026-07-24T14:32:27Z,89.9687,0.000733,0.000163,-0.000570,below_midpoint_feather
2026-07-24T14:33:07Z,89.9229,0.000224,0.000895,0.000671,below_midpoint_feather
2026-07-24T14:33:33Z,89.9840,0.000450,0.000105,-0.000346,below_midpoint_feather
2026-07-24T14:34:17Z,89.9794,0.000313,0.000157,-0.000156,below_midpoint_feather
2026-07-24T14:34:23Z,89.9290,0.000173,0.000816,0.000642,below_midpoint_feather
2026-07-24T14:35:51Z,90.0053,0.000387,0.000140,-0.000246,in_band
2026-07-24T14:35:53Z,89.9138,0.000387,0.001198,0.000811,below_midpoint_feather
2026-07-24T14:36:31Z,89.8970,0.000603,0.001673,0.001070,below_midpoint_feather
2026-07-24T14:36:59Z,89.9336,0.001329,0.000817,-0.000512,below_midpoint_feather
2026-07-24T14:37:39Z,89.9336,0.001856,0.000880,-0.000976,below_midpoint_feather
2026-07-24T14:37:55Z,89.8726,0.001621,0.002598,0.000977,below_midpoint_feather
2026-07-24T14:38:11Z,89.8543,0.001415,0.003350,0.001935,below_midpoint_feather
2026-07-24T14:38:47Z,89.9245,0.002223,0.001251,-0.000973,below_midpoint_feather
2026-07-24T14:39:23Z,89.8863,0.003344,0.002405,-0.000939,below_midpoint_feather
2026-07-24T14:39:45Z,89.8283,0.003377,0.004854,0.001477,below_midpoint_feather
2026-07-24T14:40:43Z,89.7856,0.005629,0.007506,0.001877,below_midpoint_feather
2026-07-24T14:40:51Z,89.8360,0.006676,0.004849,-0.001827,below_midpoint_feather
2026-07-24T14:41:17Z,89.8497,0.006531,0.004442,-0.002089,below_midpoint_feather
2026-07-24T14:41:23Z,89.7581,0.007371,0.009603,0.002232,below_midpoint_feather
2026-07-24T14:42:55Z,89.8177,0.009866,0.007087,-0.002778,below_midpoint_feather
2026-07-24T14:42:59Z,89.7444,0.009141,0.011706,0.002565,below_midpoint_feather
2026-07-24T14:43:00Z,89.7444,0.009155,0.011720,0.002564,below_midpoint_feather
2026-07-24T14:43:27Z,89.8039,0.010745,0.008303,-0.002441,below_midpoint_feather
2026-07-24T14:44:09Z,89.8192,0.011019,0.008168,-0.002851,below_midpoint_feather
2026-07-24T14:44:19Z,89.7490,0.010029,0.012645,0.002616,below_midpoint_feather
2026-07-24T14:45:13Z,89.7810,0.009424,0.011370,0.001946,below_midpoint_feather
2026-07-24T14:45:43Z,89.8634,0.010027,0.007641,-0.002385,below_midpoint_feather
2026-07-24T14:46:05Z,89.7826,0.009392,0.012015,0.002623,below_midpoint_feather
2026-07-24T14:46:15Z,89.8238,0.011058,0.009839,-0.001219,below_midpoint_feather
2026-07-24T14:47:01Z,89.8039,0.009942,0.011454,0.001512,below_midpoint_feather
2026-07-24T14:47:21Z,89.8421,0.010849,0.009757,-0.001092,below_midpoint_feather
2026-07-24T14:48:25Z,89.8039,0.011093,0.012388,0.001295,below_midpoint_feather
2026-07-24T14:48:49Z,89.8680,0.011353,0.009658,-0.001695,below_midpoint_feather
2026-07-24T14:49:35Z,89.8604,0.011597,0.010413,-0.001183,below_midpoint_feather
2026-07-24T14:49:59Z,89.8054,0.010993,0.013249,0.002256,below_midpoint_feather
2026-07-24T14:50:09Z,89.7963,0.011418,0.013859,0.002441,below_midpoint_feather
2026-07-24T14:50:15Z,89.8497,0.012574,0.011225,-0.001349,below_midpoint_feather
2026-07-24T14:51:00Z,89.8268,0.011283,0.012688,0.001406,below_midpoint_feather
2026-07-24T14:51:39Z,89.8650,0.012919,0.011353,-0.001566,below_midpoint_feather
2026-07-24T14:52:07Z,89.8131,0.012941,0.013974,0.001033,below_midpoint_feather
2026-07-24T14:52:15Z,89.8955,0.013012,0.010630,-0.002382,below_midpoint_feather
2026-07-24T14:53:11Z,89.8039,0.012665,0.015018,0.002354,below_midpoint_feather
2026-07-24T14:53:37Z,89.8924,0.013070,0.011399,-0.001671,below_midpoint_feather
2026-07-24T14:54:04Z,89.9092,0.011960,0.011127,-0.000832,below_midpoint_feather
2026-07-24T14:54:09Z,89.8451,0.011997,0.013402,0.001405,below_midpoint_feather
2026-07-24T14:55:09Z,89.8497,0.012138,0.013588,0.001450,below_midpoint_feather
2026-07-24T14:55:25Z,89.9153,0.012230,0.011487,-0.000743,below_midpoint_feather
2026-07-24T14:56:45Z,89.8604,0.012174,0.013643,0.001470,below_midpoint_feather
2026-07-24T14:56:55Z,89.9199,0.012933,0.011828,-0.001105,below_midpoint_feather
2026-07-24T14:57:23Z,89.8421,0.012750,0.014583,0.001833,below_midpoint_feather
2026-07-24T14:57:25Z,89.9092,0.012758,0.012216,-0.000542,below_midpoint_feather
2026-07-24T14:58:05Z,89.8650,0.011836,0.013791,0.001955,below_midpoint_feather
2026-07-24T14:58:23Z,89.9458,0.012347,0.011672,-0.000675,below_midpoint_feather
2026-07-24T14:59:45Z,89.9016,0.012087,0.012841,0.000754,below_midpoint_feather
2026-07-24T14:59:53Z,89.9321,0.012640,0.012136,-0.000503,below_midpoint_feather
2026-07-24T15:00:31Z,89.8726,0.012847,0.013875,0.001029,below_midpoint_feather
2026-07-24T15:00:41Z,89.9199,0.013331,0.012505,-0.000826,below_midpoint_feather
2026-07-24T15:01:43Z,89.8726,0.013215,0.014072,0.000856,below_midpoint_feather
2026-07-24T15:01:49Z,89.9245,0.013667,0.012591,-0.001076,below_midpoint_feather
2026-07-24T15:02:45Z,89.9092,0.014000,0.013131,-0.000870,below_midpoint_feather
2026-07-24T15:02:51Z,89.8451,0.014022,0.015391,0.001369,below_midpoint_feather
2026-07-24T15:03:41Z,89.9016,0.014499,0.013566,-0.000933,below_midpoint_feather
2026-07-24T15:03:49Z,89.8421,0.013904,0.015772,0.001868,below_midpoint_feather
2026-07-24T15:04:07Z,89.8375,0.014618,0.016066,0.001447,below_midpoint_feather
2026-07-24T15:04:13Z,89.8817,0.014877,0.014328,-0.000550,below_midpoint_feather
2026-07-24T15:05:31Z,89.8955,0.015205,0.014291,-0.000914,below_midpoint_feather
2026-07-24T15:05:35Z,89.8421,0.015225,0.016305,0.001080,below_midpoint_feather
2026-07-24T15:06:23Z,89.8329,0.015311,0.016993,0.001682,below_midpoint_feather
2026-07-24T15:06:55Z,89.8863,0.015718,0.015042,-0.000676,below_midpoint_feather
2026-07-24T15:07:39Z,89.8100,0.017087,0.018613,0.001525,below_midpoint_feather
2026-07-24T15:07:43Z,89.8878,0.016571,0.015297,-0.001275,below_midpoint_feather
2026-07-24T15:08:41Z,89.8131,0.017529,0.018900,0.001371,below_midpoint_feather
2026-07-24T15:08:47Z,89.8726,0.018235,0.016285,-0.001949,below_midpoint_feather
2026-07-24T15:09:07Z,89.7963,0.017521,0.020034,0.002513,below_midpoint_feather
2026-07-24T15:09:55Z,89.8695,0.019021,0.016948,-0.002072,below_midpoint_feather
2026-07-24T15:10:17Z,89.7734,0.019698,0.022021,0.002324,below_midpoint_feather
2026-07-24T15:10:21Z,89.8634,0.020069,0.017408,-0.002661,below_midpoint_feather
2026-07-24T15:11:21Z,89.8192,0.021662,0.020021,-0.001641,below_midpoint_feather
2026-07-24T15:11:31Z,89.7734,0.020802,0.022790,0.001988,below_midpoint_feather
2026-07-24T15:12:33Z,89.7505,0.022861,0.025153,0.002292,below_midpoint_feather
2026-07-24T15:12:55Z,89.7917,0.025968,0.022798,-0.003170,below_midpoint_feather
2026-07-24T15:13:27Z,89.7261,0.024988,0.027838,0.002850,below_midpoint_feather
2026-07-24T15:13:43Z,89.7734,0.027578,0.024759,-0.002819,below_midpoint_feather
2026-07-24T15:14:27Z,89.6941,0.027415,0.031632,0.004218,below_midpoint_feather
2026-07-24T15:14:49Z,89.7505,0.030228,0.027639,-0.002589,below_midpoint_feather
2026-07-24T15:15:03Z,89.6818,0.030663,0.033492,0.002829,below_midpoint_feather
2026-07-24T15:15:07Z,89.7505,0.030258,0.028040,-0.002218,below_midpoint_feather
2026-07-24T15:16:43Z,89.6803,0.032607,0.036073,0.003467,below_midpoint_feather
2026-07-24T15:16:59Z,89.7444,0.034274,0.031244,-0.003030,below_midpoint_feather
2026-07-24T15:17:00Z,89.7444,0.034300,0.031271,-0.003030,below_midpoint_feather
2026-07-24T15:17:59Z,89.6864,0.033644,0.037538,0.003894,below_midpoint_feather
2026-07-24T15:18:00Z,89.6864,0.033672,0.037565,0.003893,below_midpoint_feather
2026-07-24T15:18:57Z,89.7368,0.038868,0.034977,-0.003890,below_midpoint_feather
2026-07-24T15:19:03Z,89.7353,0.038357,0.035256,-0.003101,below_midpoint_feather
2026-07-24T15:19:25Z,89.6818,0.036926,0.040294,0.003367,below_midpoint_feather
2026-07-24T15:20:51Z,89.6361,0.042629,0.047188,0.004558,below_midpoint_feather
2026-07-24T15:20:59Z,89.7139,0.042865,0.040233,-0.002632,below_midpoint_feather
2026-07-24T15:21:33Z,89.6361,0.044609,0.048480,0.003871,below_midpoint_feather
2026-07-24T15:21:37Z,89.7185,0.044736,0.041045,-0.003691,below_midpoint_feather
2026-07-24T15:22:07Z,89.6986,0.047017,0.043680,-0.003336,below_midpoint_feather
2026-07-24T15:22:15Z,89.6437,0.045280,0.049091,0.003810,below_midpoint_feather
2026-07-24T15:23:37Z,89.6162,0.052257,0.054983,0.002726,below_midpoint_feather
2026-07-24T15:23:53Z,89.6544,0.053681,0.051658,-0.002022,below_midpoint_feather
2026-07-24T15:24:09Z,89.5903,0.054015,0.059196,0.005180,below_midpoint_feather
2026-07-24T15:24:33Z,89.6483,0.055988,0.053938,-0.002050,below_midpoint_feather
2026-07-24T15:25:31Z,89.5613,0.060644,0.066406,0.005762,below_midpoint_feather
2026-07-24T15:25:43Z,89.6391,0.062262,0.058145,-0.004117,below_midpoint_feather
2026-07-24T15:26:07Z,89.5796,0.061742,0.065958,0.004215,below_midpoint_feather
2026-07-24T15:26:15Z,89.6391,0.063853,0.059750,-0.004103,below_midpoint_feather
2026-07-24T15:27:49Z,89.6162,0.070995,0.067219,-0.003776,below_midpoint_feather
2026-07-24T15:27:53Z,89.5354,0.071225,0.077207,0.005981,below_midpoint_feather
2026-07-24T15:28:19Z,89.5354,0.075561,0.078740,0.003179,below_midpoint_feather
2026-07-24T15:28:25Z,89.5613,0.078681,0.075770,-0.002910,below_midpoint_feather
2026-07-24T15:29:13Z,89.5445,0.084205,0.080974,-0.003231,below_midpoint_feather
2026-07-24T15:29:43Z,89.4606,0.089063,0.094927,0.005864,below_midpoint_feather
2026-07-24T15:30:03Z,89.4163,0.094351,0.103491,0.009140,below_midpoint_feather
2026-07-24T15:30:55Z,89.4285,0.112031,0.105872,-0.006159,below_midpoint_feather
2026-07-24T15:31:37Z,89.4530,0.112450,0.106104,-0.006346,below_midpoint_feather
2026-07-24T15:31:45Z,89.4026,0.109509,0.115133,0.005624,below_midpoint_feather
2026-07-24T15:32:41Z,89.3507,0.124639,0.130481,0.005842,below_midpoint_feather
2026-07-24T15:32:49Z,89.4194,0.125837,0.119410,-0.006427,below_midpoint_feather
2026-07-24T15:33:25Z,89.3736,0.126695,0.131594,0.004899,below_midpoint_feather
2026-07-24T15:33:29Z,89.4194,0.129025,0.124223,-0.004802,below_midpoint_feather
2026-07-24T15:34:15Z,89.3294,0.135164,0.145857,0.010693,below_midpoint_feather
2026-07-24T15:34:35Z,89.4331,0.138709,0.130081,-0.008628,below_midpoint_feather
2026-07-24T15:35:23Z,89.4606,0.137644,0.131733,-0.005911,below_midpoint_feather
2026-07-24T15:35:43Z,89.3889,0.138313,0.145868,0.007555,below_midpoint_feather
2026-07-24T15:36:27Z,89.4423,0.147498,0.142134,-0.005364,below_midpoint_feather
2026-07-24T15:36:35Z,89.3919,0.146131,0.151410,0.005279,below_midpoint_feather
2026-07-24T15:37:00Z,89.3980,0.148264,0.153244,0.004979,below_midpoint_feather
2026-07-24T15:37:37Z,89.4804,0.150965,0.144295,-0.006671,below_midpoint_feather
2026-07-24T15:38:21Z,89.4102,0.155550,0.160184,0.004634,below_midpoint_feather
2026-07-24T15:38:33Z,89.4621,0.157088,0.153160,-0.003928,below_midpoint_feather
2026-07-24T15:39:29Z,89.4285,0.157864,0.164482,0.006618,below_midpoint_feather
2026-07-24T15:39:41Z,89.4850,0.163413,0.157035,-0.006378,below_midpoint_feather
2026-07-24T15:40:41Z,89.4347,0.166104,0.171029,0.004926,below_midpoint_feather
2026-07-24T15:40:55Z,89.5109,0.164098,0.161011,-0.003088,below_midpoint_feather
2026-07-24T15:41:03Z,89.5430,0.161623,0.157499,-0.004124,below_midpoint_feather
2026-07-24T15:41:11Z,89.4606,0.160102,0.169955,0.009854,below_midpoint_feather
2026-07-24T15:42:23Z,89.4530,0.169782,0.177636,0.007854,below_midpoint_feather
2026-07-24T15:42:53Z,89.5430,0.170209,0.167341,-0.002868,below_midpoint_feather
2026-07-24T15:43:39Z,89.5796,0.169670,0.166481,-0.003189,below_midpoint_feather
2026-07-24T15:43:41Z,89.5216,0.169824,0.174045,0.004221,below_midpoint_feather
2026-07-24T15:44:03Z,89.5766,0.174078,0.168648,-0.005430,below_midpoint_feather
2026-07-24T15:44:43Z,89.4789,0.178920,0.184749,0.005829,below_midpoint_feather
2026-07-24T15:45:11Z,89.4285,0.186346,0.194775,0.008430,below_midpoint_feather
2026-07-24T15:45:15Z,89.5171,0.185769,0.181831,-0.003938,below_midpoint_feather
2026-07-24T15:46:11Z,89.4606,0.188420,0.194707,0.006288,below_midpoint_feather
2026-07-24T15:46:57Z,89.5293,0.192329,0.188777,-0.003552,below_midpoint_feather
2026-07-24T15:47:07Z,89.5567,0.192117,0.186075,-0.006041,below_midpoint_feather
2026-07-24T15:47:23Z,89.5171,0.188537,0.192658,0.004120,below_midpoint_feather
2026-07-24T15:48:05Z,89.5216,0.190123,0.195343,0.005219,below_midpoint_feather
2026-07-24T15:48:49Z,89.5308,0.202065,0.197390,-0.004674,below_midpoint_feather
2026-07-24T15:49:03Z,89.5384,0.202280,0.197471,-0.004810,below_midpoint_feather
2026-07-24T15:49:53Z,89.5018,0.201752,0.206337,0.004585,below_midpoint_feather
2026-07-24T15:50:43Z,89.4606,0.208868,0.216203,0.007335,below_midpoint_feather
2026-07-24T15:50:49Z,89.5567,0.209113,0.203234,-0.005879,below_midpoint_feather
2026-07-24T15:51:41Z,89.6040,0.206641,0.201629,-0.005012,below_midpoint_feather
2026-07-24T15:51:55Z,89.5445,0.204886,0.209879,0.004993,below_midpoint_feather
2026-07-24T15:52:23Z,89.5354,0.206880,0.213052,0.006172,below_midpoint_feather
2026-07-24T15:52:45Z,89.6117,0.210414,0.205284,-0.005130,below_midpoint_feather
2026-07-24T15:53:05Z,89.5796,0.206854,0.210279,0.003425,below_midpoint_feather
2026-07-24T15:53:09Z,89.6483,0.207108,0.202993,-0.004115,below_midpoint_feather
2026-07-24T15:54:21Z,89.6361,0.203710,0.208137,0.004427,below_midpoint_feather
2026-07-24T15:54:49Z,89.6529,0.210796,0.207698,-0.003098,below_midpoint_feather
2026-07-24T15:55:15Z,89.6986,0.208613,0.204636,-0.003977,below_midpoint_feather
2026-07-24T15:55:29Z,89.6223,0.208471,0.212610,0.004140,below_midpoint_feather
2026-07-24T15:56:19Z,89.6498,0.208179,0.211758,0.003579,below_midpoint_feather
2026-07-24T15:56:33Z,89.7215,0.208284,0.205863,-0.002421,below_midpoint_feather
2026-07-24T15:57:09Z,89.6941,0.206963,0.209405,0.002442,below_midpoint_feather
2026-07-24T15:57:15Z,89.7322,0.207533,0.206490,-0.001043,below_midpoint_feather
2026-07-24T15:58:19Z,89.6941,0.208697,0.211501,0.002803,below_midpoint_feather
2026-07-24T15:58:45Z,89.7688,0.207995,0.206500,-0.001495,below_midpoint_feather
2026-07-24T15:59:46Z,89.8558,0.205001,0.203253,-0.001748,below_midpoint_feather
2026-07-24T15:59:51Z,89.7963,0.203923,0.206289,0.002365,below_midpoint_feather
2026-07-24T16:00:23Z,89.7765,0.205131,0.208005,0.002874,below_midpoint_feather
2026-07-24T16:00:51Z,89.8589,0.206013,0.204128,-0.001885,below_midpoint_feather
2026-07-24T16:01:35Z,89.8329,0.203648,0.205795,0.002147,below_midpoint_feather
2026-07-24T16:01:47Z,89.9138,0.203768,0.202999,-0.000770,below_midpoint_feather
2026-07-24T16:02:13Z,89.8329,0.204520,0.206133,0.001614,below_midpoint_feather
2026-07-24T16:02:53Z,89.8833,0.205140,0.204411,-0.000730,below_midpoint_feather
2026-07-24T16:03:23Z,89.9138,0.204300,0.203741,-0.000558,below_midpoint_feather
2026-07-24T16:03:59Z,89.8375,0.204569,0.206656,0.002086,below_midpoint_feather
2026-07-24T16:04:33Z,89.8329,0.204708,0.207068,0.002360,below_midpoint_feather
2026-07-24T16:04:41Z,89.9016,0.204806,0.204522,-0.000284,below_midpoint_feather
2026-07-24T16:05:05Z,89.9229,0.204437,0.204125,-0.000311,below_midpoint_feather
2026-07-24T16:05:59Z,89.8192,0.205516,0.208190,0.002674,below_midpoint_feather
2026-07-24T16:06:00Z,89.8192,0.205521,0.208195,0.002674,below_midpoint_feather
2026-07-24T16:06:45Z,89.8604,0.208432,0.206594,-0.001838,below_midpoint_feather
2026-07-24T16:07:25Z,89.8726,0.206972,0.206462,-0.000510,below_midpoint_feather
2026-07-24T16:07:31Z,89.8283,0.206510,0.208394,0.001884,below_midpoint_feather
2026-07-24T16:08:30Z,89.7963,0.207950,0.210556,0.002606,below_midpoint_feather
2026-07-24T16:08:41Z,89.8543,0.208397,0.207763,-0.000634,below_midpoint_feather
2026-07-24T16:09:09Z,89.8314,0.207453,0.209021,0.001568,below_midpoint_feather
2026-07-24T16:09:17Z,89.8772,0.207843,0.207190,-0.000653,below_midpoint_feather
2026-07-24T16:10:37Z,89.8039,0.208832,0.211090,0.002258,below_midpoint_feather
2026-07-24T16:10:59Z,89.8909,0.208375,0.207471,-0.000904,below_midpoint_feather
2026-07-24T16:11:00Z,89.8909,0.208382,0.207478,-0.000904,below_midpoint_feather
2026-07-24T16:11:23Z,89.8543,0.207088,0.208968,0.001880,below_midpoint_feather
2026-07-24T16:12:01Z,89.9290,0.207324,0.206901,-0.000423,below_midpoint_feather
2026-07-24T16:12:13Z,89.8650,0.207388,0.208843,0.001455,below_midpoint_feather
2026-07-24T16:13:19Z,89.8970,0.206758,0.208082,0.001324,below_midpoint_feather
2026-07-24T16:13:59Z,89.9702,0.207451,0.206849,-0.000602,below_midpoint_feather
2026-07-24T16:14:00Z,89.9702,0.207454,0.206852,-0.000602,below_midpoint_feather
2026-07-24T16:14:31Z,89.8680,0.207172,0.209302,0.002130,below_midpoint_feather
2026-07-24T16:15:03Z,89.9107,0.206698,0.208047,0.001348,below_midpoint_feather
2026-07-24T16:15:40Z,90.0298,0.206423,0.206526,0.000103,in_band
2026-07-24T16:16:30Z,89.9931,0.201260,0.202267,0.001006,below_midpoint_feather
2026-07-24T16:16:56Z,90.0023,0.201298,0.201377,0.000079,in_band
2026-07-24T16:17:02Z,90.0023,0.201301,0.201156,-0.000145,in_band
2026-07-24T16:17:58Z,89.9870,0.196430,0.196992,0.000562,below_midpoint_feather
2026-07-24T16:18:02Z,90.0160,0.195995,0.196532,0.000537,in_band
2026-07-24T16:18:26Z,89.9748,0.193624,0.195319,0.001696,below_midpoint_feather
2026-07-24T16:19:00Z,90.0374,0.191055,0.192647,0.001592,in_band
2026-07-24T16:19:59Z,90.0786,0.184896,0.186437,0.001541,in_band
2026-07-24T16:20:00Z,90.0786,0.184794,0.186334,0.001540,in_band
2026-07-24T16:20:59Z,90.1061,0.178835,0.180326,0.001491,in_band
2026-07-24T16:21:00Z,90.1061,0.178736,0.180226,0.001490,in_band
2026-07-24T16:21:59Z,90.1122,0.172973,0.174415,0.001442,in_band
2026-07-24T16:22:00Z,90.1122,0.172877,0.174318,0.001441,in_band
2026-07-24T16:22:59Z,90.1167,0.167302,0.168697,0.001395,in_band
2026-07-24T16:23:00Z,90.1167,0.167209,0.168603,0.001394,in_band
2026-07-24T16:23:59Z,90.1579,0.161817,0.163167,0.001349,in_band
2026-07-24T16:24:00Z,90.1579,0.161728,0.163076,0.001348,in_band
2026-07-24T16:24:59Z,90.1671,0.156512,0.157817,0.001305,in_band
2026-07-24T16:25:00Z,90.1671,0.156425,0.157730,0.001304,in_band
2026-07-24T16:25:59Z,90.1946,0.151381,0.152643,0.001262,in_band
2026-07-24T16:26:00Z,90.1946,0.151297,0.152559,0.001261,in_band
2026-07-24T16:26:59Z,90.1900,0.146418,0.147639,0.001221,in_band
2026-07-24T16:27:00Z,90.1900,0.146337,0.147557,0.001220,in_band
2026-07-24T16:27:59Z,90.1976,0.141618,0.142799,0.001181,in_band
2026-07-24T16:28:00Z,90.1976,0.141539,0.142720,0.001180,in_band
2026-07-24T16:28:59Z,90.2068,0.136975,0.138118,0.001142,in_band
2026-07-24T16:29:00Z,90.2068,0.136899,0.138041,0.001141,in_band
2026-07-24T16:29:59Z,90.2571,0.132485,0.133589,0.001105,in_band
2026-07-24T16:30:00Z,90.2571,0.132411,0.133515,0.001104,in_band
2026-07-24T16:30:59Z,90.2449,0.128142,0.129210,0.001068,in_band
2026-07-24T16:31:00Z,90.2449,0.128070,0.129138,0.001068,in_band
2026-07-24T16:31:59Z,90.2632,0.123941,0.124974,0.001033,in_band
2026-07-24T16:32:00Z,90.2632,0.123872,0.124904,0.001033,in_band
2026-07-24T16:32:59Z,90.2632,0.119877,0.120877,0.001000,in_band
2026-07-24T16:33:00Z,90.2632,0.119811,0.120810,0.000999,in_band
2026-07-24T16:33:59Z,90.2800,0.115947,0.116914,0.000967,in_band
2026-07-24T16:34:00Z,90.2800,0.115883,0.116849,0.000966,in_band
2026-07-24T16:34:59Z,90.3166,0.112146,0.113081,0.000935,in_band
2026-07-24T16:35:00Z,90.3166,0.112084,0.113018,0.000935,in_band
2026-07-24T16:35:59Z,90.3395,0.108469,0.109374,0.000904,in_band
2026-07-24T16:36:00Z,90.3395,0.108409,0.109313,0.000904,in_band
2026-07-24T16:36:59Z,90.2770,0.104913,0.105788,0.000875,in_band
2026-07-24T16:37:00Z,90.2770,0.104855,0.105729,0.000874,in_band
2026-07-24T16:37:59Z,90.3273,0.101474,0.102320,0.000846,in_band
2026-07-24T16:38:00Z,90.3273,0.101418,0.102263,0.000846,in_band
2026-07-24T16:38:59Z,90.3456,0.098147,0.098966,0.000818,in_band
2026-07-24T16:39:00Z,90.3456,0.098093,0.098911,0.000818,in_band
2026-07-24T16:39:59Z,90.3548,0.094930,0.095721,0.000791,in_band
2026-07-24T16:40:00Z,90.3548,0.094877,0.095668,0.000791,in_band
2026-07-24T16:40:59Z,90.3899,0.091817,0.092583,0.000766,in_band
2026-07-24T16:41:00Z,90.3899,0.091766,0.092532,0.000765,in_band
2026-07-24T16:41:59Z,90.4143,0.088807,0.089548,0.000740,in_band
2026-07-24T16:42:00Z,90.4143,0.088758,0.089498,0.000740,in_band
2026-07-24T16:42:59Z,90.4036,0.085896,0.086612,0.000716,in_band
2026-07-24T16:43:00Z,90.4036,0.085848,0.086564,0.000716,in_band
2026-07-24T16:43:59Z,90.4646,0.083080,0.083773,0.000693,in_band
2026-07-24T16:44:00Z,90.4646,0.083034,0.083726,0.000692,in_band
2026-07-24T16:44:59Z,90.4738,0.080356,0.081026,0.000670,in_band
2026-07-24T16:45:00Z,90.4738,0.080312,0.080981,0.000670,in_band
2026-07-24T16:45:59Z,90.4967,0.077722,0.078370,0.000648,in_band
2026-07-24T16:46:00Z,90.4967,0.077679,0.078326,0.000648,in_band
2026-07-24T16:46:59Z,90.4738,0.075174,0.075801,0.000627,in_band
2026-07-24T16:47:00Z,90.4738,0.075132,0.075758,0.000626,in_band
2026-07-24T16:47:59Z,90.4677,0.072709,0.073315,0.000606,in_band
2026-07-24T16:48:00Z,90.4677,0.072669,0.073275,0.000606,in_band
2026-07-24T16:48:59Z,90.4051,0.070326,0.070912,0.000586,in_band
2026-07-24T16:49:00Z,90.4051,0.070286,0.070873,0.000586,in_band
2026-07-24T16:49:59Z,90.3960,0.068020,0.068587,0.000567,in_band
2026-07-24T16:50:00Z,90.3960,0.067982,0.068549,0.000567,in_band
2026-07-24T16:50:48Z,90.3044,0.066230,0.066745,0.000515,in_band
2026-07-24T16:51:00Z,90.3075,0.065754,0.066302,0.000548,in_band
2026-07-24T16:51:31Z,90.2617,0.064811,0.065170,0.000359,in_band
2026-07-24T16:52:00Z,90.2174,0.063598,0.064128,0.000530,in_band
2026-07-24T16:52:41Z,90.2037,0.062235,0.062684,0.000449,in_band
2026-07-24T16:53:00Z,90.2251,0.061513,0.062026,0.000513,in_band
2026-07-24T16:53:18Z,90.2037,0.060935,0.061409,0.000474,in_band
2026-07-24T16:54:00Z,90.2251,0.059496,0.059992,0.000496,in_band
2026-07-24T16:54:17Z,90.1656,0.059002,0.059428,0.000426,in_band
2026-07-24T16:55:00Z,90.1991,0.057546,0.058026,0.000480,in_band
2026-07-24T16:55:59Z,90.1534,0.055690,0.056154,0.000464,in_band
2026-07-24T16:56:00Z,90.1534,0.055659,0.056123,0.000464,in_band
2026-07-24T16:56:59Z,90.1488,0.053864,0.054313,0.000449,in_band
2026-07-24T16:57:00Z,90.1488,0.053834,0.054283,0.000449,in_band
2026-07-24T16:57:59Z,90.1488,0.052098,0.052533,0.000434,in_band
2026-07-24T16:58:00Z,90.1488,0.052070,0.052504,0.000434,in_band
2026-07-24T16:58:59Z,90.1427,0.050390,0.050811,0.000420,in_band
2026-07-24T16:59:00Z,90.1427,0.050362,0.050782,0.000420,in_band
2026-07-24T16:59:59Z,90.1472,0.048738,0.049145,0.000406,in_band
2026-07-24T17:00:00Z,90.1472,0.048711,0.049118,0.000406,in_band
2026-07-24T17:00:59Z,90.1305,0.047141,0.047534,0.000393,in_band
2026-07-24T17:01:00Z,90.1305,0.047114,0.047507,0.000393,in_band
2026-07-24T17:01:59Z,90.0649,0.045595,0.045975,0.000380,in_band
2026-07-24T17:02:03Z,90.0282,0.045570,0.045873,0.000303,in_band
2026-07-24T17:02:57Z,89.9550,0.044761,0.045378,0.000617,below_midpoint_feather
2026-07-24T17:03:21Z,89.9367,0.044778,0.045561,0.000783,below_midpoint_feather
2026-07-24T17:03:57Z,89.9886,0.044821,0.044914,0.000093,below_midpoint_feather
2026-07-24T17:04:39Z,89.9565,0.045441,0.045174,-0.000267,below_midpoint_feather
2026-07-24T17:04:52Z,89.9107,0.045303,0.046047,0.000744,below_midpoint_feather
2026-07-24T17:05:23Z,89.9245,0.046407,0.045757,-0.000649,below_midpoint_feather
2026-07-24T17:05:39Z,89.8695,0.046078,0.047393,0.001314,below_midpoint_feather
2026-07-24T17:06:11Z,89.8543,0.045985,0.048061,0.002076,below_midpoint_feather
2026-07-24T17:06:17Z,89.9474,0.046558,0.045450,-0.001108,below_midpoint_feather
2026-07-24T17:07:38Z,89.7642,0.049845,0.053225,0.003380,below_midpoint_feather
2026-07-24T17:07:57Z,89.8009,0.051389,0.051078,-0.000311,below_midpoint_feather
2026-07-24T17:08:02Z,89.7322,0.051422,0.055674,0.004252,below_midpoint_feather
2026-07-24T17:08:31Z,89.7810,0.053721,0.052577,-0.001143,below_midpoint_feather
2026-07-24T17:09:41Z,89.6269,0.060203,0.066729,0.006526,below_midpoint_feather
2026-07-24T17:09:55Z,89.7230,0.062314,0.058170,-0.004145,below_midpoint_feather
2026-07-24T17:10:07Z,89.6956,0.063923,0.060748,-0.003175,below_midpoint_feather
2026-07-24T17:10:46Z,89.5796,0.068819,0.073854,0.005035,below_midpoint_feather
2026-07-24T17:11:11Z,89.6498,0.069698,0.067067,-0.002631,below_midpoint_feather
2026-07-24T17:11:13Z,89.5750,0.069737,0.075388,0.005652,below_midpoint_feather
2026-07-24T17:12:17Z,89.5720,0.081795,0.078759,-0.003036,below_midpoint_feather
2026-07-24T17:12:37Z,89.4804,0.085537,0.092223,0.006686,below_midpoint_feather
2026-07-24T17:13:43Z,89.4194,0.099191,0.106259,0.007068,below_midpoint_feather
2026-07-24T17:13:45Z,89.4926,0.097950,0.095080,-0.002870,below_midpoint_feather
2026-07-24T17:14:29Z,89.4743,0.106296,0.101431,-0.004866,below_midpoint_feather
2026-07-24T17:14:53Z,89.4148,0.107742,0.113016,0.005275,below_midpoint_feather
2026-07-24T17:15:17Z,89.4240,0.110013,0.113782,0.003769,below_midpoint_feather
2026-07-24T17:15:19Z,89.5216,0.110204,0.099330,-0.010874,below_midpoint_feather
2026-07-24T17:16:09Z,89.4743,0.104954,0.110779,0.005825,below_midpoint_feather
2026-07-24T17:16:43Z,89.5521,0.107743,0.102977,-0.004766,below_midpoint_feather
2026-07-24T17:17:15Z,89.4942,0.107530,0.113492,0.005962,below_midpoint_feather
2026-07-24T17:17:23Z,89.5628,0.108176,0.104923,-0.003253,below_midpoint_feather
2026-07-24T17:18:17Z,89.5583,0.104636,0.109472,0.004835,below_midpoint_feather
2026-07-24T17:18:37Z,89.6315,0.106131,0.102344,-0.003787,below_midpoint_feather
2026-07-24T17:19:13Z,89.5979,0.104586,0.108184,0.003598,below_midpoint_feather
2026-07-24T17:19:53Z,89.6635,0.108740,0.103457,-0.005283,below_midpoint_feather
2026-07-24T17:20:00Z,89.5949,0.108269,0.111067,0.002799,below_midpoint_feather
2026-07-24T17:20:51Z,89.6773,0.108441,0.105122,-0.003319,below_midpoint_feather
2026-07-24T17:21:05Z,89.6773,0.109114,0.105791,-0.003323,below_midpoint_feather
2026-07-24T17:21:17Z,89.6345,0.107407,0.110531,0.003124,below_midpoint_feather
2026-07-24T17:22:11Z,89.6757,0.105461,0.108744,0.003283,below_midpoint_feather
2026-07-24T17:22:19Z,89.7597,0.105137,0.102300,-0.002837,below_midpoint_feather
2026-07-24T17:23:07Z,89.7581,0.105891,0.103981,-0.001910,below_midpoint_feather
2026-07-24T17:23:15Z,89.7139,0.105095,0.107542,0.002446,below_midpoint_feather
2026-07-24T17:24:07Z,89.7810,0.107329,0.104132,-0.003197,below_midpoint_feather
2026-07-24T17:24:27Z,89.7307,0.104907,0.108113,0.003206,below_midpoint_feather
2026-07-24T17:25:23Z,89.7642,0.103949,0.106893,0.002944,below_midpoint_feather
2026-07-24T17:25:31Z,89.8421,0.105294,0.102686,-0.002608,below_midpoint_feather
2026-07-24T17:26:13Z,89.7780,0.104226,0.106870,0.002644,below_midpoint_feather
2026-07-24T17:26:49Z,89.8558,0.106297,0.103369,-0.002928,below_midpoint_feather
2026-07-24T17:27:35Z,89.8680,0.104805,0.103511,-0.001294,below_midpoint_feather
2026-07-24T17:27:43Z,89.8039,0.104475,0.106598,0.002122,below_midpoint_feather
2026-07-24T17:28:25Z,89.8405,0.106451,0.105207,-0.001244,below_midpoint_feather
2026-07-24T17:28:37Z,89.8039,0.104992,0.107186,0.002194,below_midpoint_feather
2026-07-24T17:29:21Z,89.8680,0.106076,0.104641,-0.001434,below_midpoint_feather
2026-07-24T17:29:35Z,89.8314,0.104977,0.106342,0.001366,below_midpoint_feather
2026-07-24T17:30:11Z,89.8238,0.105682,0.107033,0.001351,below_midpoint_feather
2026-07-24T17:30:27Z,89.8558,0.106440,0.105707,-0.000733,below_midpoint_feather
2026-07-24T17:31:03Z,89.8131,0.106189,0.108029,0.001841,below_midpoint_feather
2026-07-24T17:31:13Z,89.8604,0.107592,0.105920,-0.001672,below_midpoint_feather
2026-07-24T17:32:19Z,89.8634,0.107523,0.106414,-0.001109,below_midpoint_feather
2026-07-24T17:32:41Z,89.7810,0.108580,0.110791,0.002211,below_midpoint_feather
2026-07-24T17:33:43Z,89.8466,0.108996,0.107974,-0.001021,below_midpoint_feather
2026-07-24T17:33:55Z,89.7627,0.109694,0.112772,0.003078,below_midpoint_feather
2026-07-24T17:34:13Z,89.7490,0.110673,0.113937,0.003264,below_midpoint_feather
2026-07-24T17:34:19Z,89.8146,0.111478,0.109938,-0.001540,below_midpoint_feather
2026-07-24T17:35:01Z,89.7826,0.113623,0.112348,-0.001275,below_midpoint_feather
2026-07-24T17:35:22Z,89.7261,0.113942,0.116620,0.002678,below_midpoint_feather
2026-07-24T17:36:27Z,89.6956,0.116430,0.120349,0.003919,below_midpoint_feather
2026-07-24T17:36:49Z,89.7627,0.117824,0.115658,-0.002165,below_midpoint_feather
2026-07-24T17:37:07Z,89.7902,0.118588,0.114325,-0.004263,below_midpoint_feather
2026-07-24T17:37:27Z,89.7032,0.117657,0.121054,0.003398,below_midpoint_feather
2026-07-24T17:38:17Z,89.7139,0.118136,0.121304,0.003169,below_midpoint_feather
2026-07-24T17:38:33Z,89.7673,0.121029,0.117720,-0.003308,below_midpoint_feather
2026-07-24T17:39:19Z,89.7780,0.121727,0.118098,-0.003629,below_midpoint_feather
2026-07-24T17:39:23Z,89.6956,0.120281,0.124361,0.004079,below_midpoint_feather
2026-07-24T17:40:39Z,89.6727,0.124571,0.128182,0.003610,below_midpoint_feather
2026-07-24T17:40:47Z,89.7414,0.125274,0.122655,-0.002619,below_midpoint_feather
2026-07-24T17:41:01Z,89.6712,0.125114,0.128868,0.003755,below_midpoint_feather
2026-07-24T17:41:15Z,89.7673,0.124846,0.121552,-0.003293,below_midpoint_feather
2026-07-24T17:42:39Z,89.6681,0.126830,0.131642,0.004812,below_midpoint_feather
2026-07-24T17:42:51Z,89.7490,0.127502,0.125250,-0.002253,below_midpoint_feather
2026-07-24T17:43:19Z,89.7307,0.128991,0.127351,-0.001640,below_midpoint_feather
2026-07-24T17:43:55Z,89.6910,0.128478,0.131590,0.003112,below_midpoint_feather
2026-07-24T17:44:05Z,89.7307,0.129977,0.128593,-0.001384,below_midpoint_feather
2026-07-24T17:44:15Z,89.6803,0.129010,0.133078,0.004068,below_midpoint_feather
2026-07-24T17:45:25Z,89.6803,0.130575,0.135028,0.004453,below_midpoint_feather
2026-07-24T17:45:37Z,89.7597,0.132009,0.129055,-0.002954,below_midpoint_feather
2026-07-24T17:46:31Z,89.6849,0.133124,0.136441,0.003318,below_midpoint_feather
2026-07-24T17:46:49Z,89.7307,0.136317,0.133122,-0.003195,below_midpoint_feather
2026-07-24T17:47:03Z,89.6757,0.133273,0.138149,0.004876,below_midpoint_feather
2026-07-24T17:47:25Z,89.7536,0.136246,0.132441,-0.003805,below_midpoint_feather
2026-07-24T17:48:21Z,89.6437,0.138512,0.143456,0.004944,below_midpoint_feather
2026-07-24T17:48:53Z,89.7078,0.142139,0.138514,-0.003626,below_midpoint_feather
2026-07-24T17:49:01Z,89.6315,0.142390,0.145935,0.003544,below_midpoint_feather
2026-07-24T17:49:45Z,89.6849,0.144613,0.142244,-0.002370,below_midpoint_feather
2026-07-24T17:50:19Z,89.6223,0.145580,0.149673,0.004093,below_midpoint_feather
2026-07-24T17:50:51Z,89.6712,0.149458,0.146038,-0.003419,below_midpoint_feather
2026-07-24T17:51:05Z,89.5949,0.150196,0.154583,0.004387,below_midpoint_feather
2026-07-24T17:51:27Z,89.6757,0.152434,0.147135,-0.005299,below_midpoint_feather
2026-07-24T17:52:00Z,89.6681,0.152901,0.149295,-0.003606,below_midpoint_feather
2026-07-24T17:52:51Z,89.5995,0.155697,0.158726,0.003029,below_midpoint_feather
2026-07-24T17:53:01Z,89.6483,0.155825,0.153953,-0.001872,below_midpoint_feather
2026-07-24T17:53:19Z,89.6086,0.154284,0.158962,0.004677,below_midpoint_feather
2026-07-24T17:54:07Z,89.6681,0.158632,0.154998,-0.003634,below_midpoint_feather
2026-07-24T17:54:23Z,89.6132,0.158081,0.161338,0.003257,below_midpoint_feather
2026-07-24T17:55:05Z,89.6086,0.158584,0.163735,0.005151,below_midpoint_feather
2026-07-24T17:55:23Z,89.6574,0.161551,0.159439,-0.002112,below_midpoint_feather
2026-07-24T17:56:21Z,89.6269,0.160996,0.165064,0.004068,below_midpoint_feather
2026-07-24T17:56:51Z,89.6986,0.162665,0.159411,-0.003253,below_midpoint_feather
2026-07-24T17:57:01Z,89.6483,0.161192,0.164493,0.003301,below_midpoint_feather
2026-07-24T17:57:33Z,89.7414,0.161190,0.157645,-0.003545,below_midpoint_feather
2026-07-24T17:58:37Z,89.7353,0.157415,0.160171,0.002756,below_midpoint_feather
2026-07-24T17:58:59Z,89.7780,0.159480,0.157792,-0.001688,below_midpoint_feather
2026-07-24T17:59:08Z,89.7902,0.159166,0.157269,-0.001897,below_midpoint_feather
2026-07-24T17:59:17Z,89.7139,0.158657,0.162868,0.004210,below_midpoint_feather
2026-07-24T18:00:53Z,89.7414,0.159430,0.162677,0.003247,below_midpoint_feather
2026-07-24T18:00:59Z,89.8100,0.159626,0.158399,-0.001227,below_midpoint_feather
2026-07-24T18:01:27Z,89.7581,0.159171,0.162053,0.002881,below_midpoint_feather
2026-07-24T18:01:59Z,89.8543,0.158659,0.157259,-0.001400,below_midpoint_feather
2026-07-24T18:02:03Z,89.8589,0.158560,0.157132,-0.001427,below_midpoint_feather
2026-07-24T18:02:31Z,89.7719,0.158641,0.162087,0.003446,below_midpoint_feather
2026-07-24T18:03:31Z,89.7597,0.160647,0.163700,0.003052,below_midpoint_feather
2026-07-24T18:03:45Z,89.8100,0.161450,0.160805,-0.000645,below_midpoint_feather
2026-07-24T18:04:27Z,89.7322,0.162568,0.166445,0.003878,below_midpoint_feather
2026-07-24T18:04:57Z,89.7963,0.163880,0.162598,-0.001282,below_midpoint_feather
2026-07-24T18:05:00Z,89.7215,0.163927,0.167774,0.003846,below_midpoint_feather
2026-07-24T18:05:05Z,89.8085,0.165485,0.162043,-0.003441,below_midpoint_feather
2026-07-24T18:06:05Z,89.8405,0.162422,0.161442,-0.000980,below_midpoint_feather
2026-07-24T18:06:41Z,89.7490,0.163033,0.167319,0.004287,below_midpoint_feather
2026-07-24T18:07:41Z,89.8238,0.166151,0.163722,-0.002429,below_midpoint_feather
2026-07-24T18:07:55Z,89.7536,0.165518,0.168172,0.002654,below_midpoint_feather
2026-07-24T18:08:35Z,89.7230,0.168279,0.171108,0.002829,below_midpoint_feather
2026-07-24T18:08:55Z,89.7948,0.167287,0.166541,-0.000746,below_midpoint_feather
2026-07-24T18:09:05Z,89.8085,0.168063,0.165944,-0.002119,below_midpoint_feather
2026-07-24T18:09:27Z,89.7444,0.166991,0.170405,0.003414,below_midpoint_feather
2026-07-24T18:10:05Z,89.7871,0.165906,0.168184,0.002277,below_midpoint_feather
2026-07-24T18:10:47Z,89.8421,0.166997,0.165891,-0.001106,below_midpoint_feather
2026-07-24T18:11:03Z,89.7642,0.166041,0.170463,0.004422,below_midpoint_feather
2026-07-24T18:11:59Z,89.8497,0.167125,0.166486,-0.000639,below_midpoint_feather
2026-07-24T18:12:51Z,89.8314,0.168670,0.167888,-0.000782,below_midpoint_feather
2026-07-24T18:12:59Z,89.7642,0.168508,0.171837,0.003330,below_midpoint_feather
2026-07-24T18:13:00Z,89.7642,0.168519,0.171848,0.003329,below_midpoint_feather
2026-07-24T18:13:51Z,89.8741,0.169201,0.166806,-0.002396,below_midpoint_feather
2026-07-24T18:14:01Z,89.7627,0.168603,0.172679,0.004077,below_midpoint_feather
2026-07-24T18:14:51Z,89.8222,0.171242,0.169771,-0.001470,below_midpoint_feather
2026-07-24T18:15:19Z,89.7780,0.170455,0.172657,0.002202,below_midpoint_feather
2026-07-24T18:15:45Z,89.8772,0.170380,0.168134,-0.002247,below_midpoint_feather
2026-07-24T18:16:11Z,89.8863,0.168878,0.168143,-0.000735,below_midpoint_feather
2026-07-24T18:16:59Z,89.8009,0.170502,0.172449,0.001947,below_midpoint_feather
2026-07-24T18:17:13Z,89.8650,0.170567,0.169544,-0.001023,below_midpoint_feather
2026-07-24T18:17:57Z,89.7993,0.170218,0.173109,0.002892,below_midpoint_feather
2026-07-24T18:18:39Z,89.7871,0.171850,0.174227,0.002377,below_midpoint_feather
2026-07-24T18:18:53Z,89.8314,0.174060,0.171966,-0.002094,below_midpoint_feather
2026-07-24T18:19:03Z,89.8283,0.173613,0.172224,-0.001389,below_midpoint_feather
2026-07-24T18:19:45Z,89.7871,0.172816,0.174955,0.002139,below_midpoint_feather
2026-07-24T18:20:15Z,89.7948,0.172318,0.174840,0.002522,below_midpoint_feather
2026-07-24T18:20:53Z,89.8192,0.175706,0.173919,-0.001787,below_midpoint_feather
2026-07-24T18:21:37Z,89.7719,0.174452,0.177206,0.002754,below_midpoint_feather
2026-07-24T18:21:47Z,89.8375,0.176080,0.173683,-0.002397,below_midpoint_feather
2026-07-24T18:22:39Z,89.7185,0.179326,0.181882,0.002556,below_midpoint_feather
2026-07-24T18:22:45Z,89.7444,0.181396,0.179990,-0.001406,below_midpoint_feather
2026-07-24T18:23:25Z,89.7032,0.181044,0.183961,0.002916,below_midpoint_feather
2026-07-24T18:23:53Z,89.7765,0.181406,0.179137,-0.002269,below_midpoint_feather
2026-07-24T18:24:39Z,89.7398,0.184956,0.182644,-0.002312,below_midpoint_feather
2026-07-24T18:24:47Z,89.6590,0.185389,0.189736,0.004347,below_midpoint_feather
2026-07-24T18:25:33Z,89.7444,0.185852,0.183608,-0.002244,below_midpoint_feather
2026-07-24T18:25:55Z,89.6941,0.185292,0.188184,0.002892,below_midpoint_feather
2026-07-24T18:26:29Z,89.7490,0.186762,0.184687,-0.002074,below_midpoint_feather
2026-07-24T18:26:37Z,89.6895,0.185873,0.189642,0.003769,below_midpoint_feather
2026-07-24T18:27:00Z,89.7169,0.189896,0.187919,-0.001977,below_midpoint_feather
2026-07-24T18:27:55Z,89.6956,0.189098,0.191242,0.002144,below_midpoint_feather
2026-07-24T18:28:19Z,89.6849,0.189168,0.192857,0.003689,below_midpoint_feather
2026-07-24T18:28:47Z,89.6666,0.196348,0.195326,-0.001022,below_midpoint_feather
2026-07-24T18:29:05Z,89.7230,0.198451,0.190989,-0.007462,below_midpoint_feather
2026-07-24T18:29:23Z,89.6254,0.196606,0.200650,0.004044,below_midpoint_feather
2026-07-24T18:30:05Z,89.6986,0.198565,0.195132,-0.003433,below_midpoint_feather
2026-07-24T18:30:58Z,89.5399,0.209322,0.214399,0.005077,below_midpoint_feather
2026-07-24T18:31:09Z,89.6025,0.211886,0.207278,-0.004608,below_midpoint_feather
2026-07-24T18:31:53Z,89.5659,0.209910,0.213883,0.003973,below_midpoint_feather
2026-07-24T18:32:23Z,89.6315,0.211018,0.208032,-0.002987,below_midpoint_feather
2026-07-24T18:32:45Z,89.5445,0.212729,0.219410,0.006680,below_midpoint_feather
2026-07-24T18:33:08Z,89.5567,0.216146,0.219118,0.002971,below_midpoint_feather
2026-07-24T18:33:33Z,89.6117,0.218694,0.214063,-0.004631,below_midpoint_feather
2026-07-24T18:34:45Z,89.5613,0.220214,0.224228,0.004015,below_midpoint_feather
2026-07-24T18:34:51Z,89.6178,0.223320,0.217989,-0.005331,below_midpoint_feather
2026-07-24T18:35:25Z,89.5659,0.219977,0.226002,0.006025,below_midpoint_feather
2026-07-24T18:35:51Z,89.6941,0.218048,0.213962,-0.004086,below_midpoint_feather
2026-07-24T18:36:29Z,89.6178,0.218492,0.223358,0.004867,below_midpoint_feather
2026-07-24T18:36:51Z,89.6315,0.224431,0.222920,-0.001511,below_midpoint_feather
2026-07-24T18:37:25Z,89.6040,0.223100,0.227505,0.004405,below_midpoint_feather
2026-07-24T18:37:37Z,89.6620,0.225427,0.222017,-0.003410,below_midpoint_feather
2026-07-24T18:38:15Z,89.7047,0.223422,0.219892,-0.003531,below_midpoint_feather
2026-07-24T18:38:57Z,89.6086,0.227166,0.231024,0.003857,below_midpoint_feather
2026-07-24T18:39:00Z,89.6117,0.227289,0.230807,0.003518,below_midpoint_feather
2026-07-24T18:39:07Z,89.6757,0.230503,0.224604,-0.005899,below_midpoint_feather
2026-07-24T18:40:03Z,89.7230,0.226814,0.222915,-0.003898,below_midpoint_feather
2026-07-24T18:40:39Z,89.6391,0.226429,0.231923,0.005494,below_midpoint_feather
2026-07-24T18:41:29Z,89.6117,0.233288,0.236780,0.003491,below_midpoint_feather
2026-07-24T18:41:57Z,89.6849,0.233812,0.230606,-0.003206,below_midpoint_feather
2026-07-24T18:42:43Z,89.6437,0.233166,0.236400,0.003233,below_midpoint_feather
2026-07-24T18:42:51Z,89.6818,0.235537,0.233049,-0.002489,below_midpoint_feather
2026-07-24T18:43:09Z,89.5811,0.238107,0.244305,0.006198,below_midpoint_feather
2026-07-24T18:43:47Z,89.6712,0.238230,0.236283,-0.001947,below_midpoint_feather
2026-07-24T18:44:19Z,89.7215,0.236043,0.233249,-0.002793,below_midpoint_feather
2026-07-24T18:44:49Z,89.6544,0.237758,0.240348,0.002590,below_midpoint_feather
2026-07-24T18:45:23Z,89.7307,0.239010,0.234920,-0.004090,below_midpoint_feather
2026-07-24T18:45:59Z,89.6635,0.238154,0.241995,0.003841,below_midpoint_feather
2026-07-24T18:46:01Z,89.6452,0.238357,0.243865,0.005507,below_midpoint_feather
2026-07-24T18:46:07Z,89.7230,0.239776,0.237087,-0.002689,below_midpoint_feather
2026-07-24T18:47:01Z,89.7002,0.242850,0.240767,-0.002083,below_midpoint_feather
2026-07-24T18:47:31Z,89.6757,0.241268,0.243942,0.002674,below_midpoint_feather
2026-07-24T18:48:05Z,89.6895,0.238782,0.243812,0.005030,below_midpoint_feather
2026-07-24T18:48:23Z,89.7765,0.240112,0.237743,-0.002369,below_midpoint_feather
2026-07-24T18:49:45Z,89.7810,0.242340,0.239675,-0.002665,below_midpoint_feather
2026-07-24T18:49:53Z,89.7307,0.240286,0.243382,0.003096,below_midpoint_feather
2026-07-24T18:50:15Z,89.7230,0.240844,0.244524,0.003681,below_midpoint_feather
2026-07-24T18:50:19Z,89.8268,0.240941,0.237977,-0.002964,below_midpoint_feather
2026-07-24T18:51:00Z,89.7139,0.242669,0.246237,0.003568,below_midpoint_feather
2026-07-24T18:51:49Z,89.7734,0.244321,0.242913,-0.001408,below_midpoint_feather
2026-07-24T18:52:09Z,89.7963,0.243556,0.241924,-0.001632,below_midpoint_feather
2026-07-24T18:52:27Z,89.7627,0.241374,0.244383,0.003008,below_midpoint_feather
2026-07-24T18:53:25Z,89.8009,0.244943,0.243038,-0.001905,below_midpoint_feather
2026-07-24T18:53:37Z,89.7444,0.243140,0.246900,0.003760,below_midpoint_feather
2026-07-24T18:54:39Z,89.8451,0.242575,0.242018,-0.000557,below_midpoint_feather
2026-07-24T18:54:55Z,89.7871,0.242000,0.245277,0.003277,below_midpoint_feather
2026-07-24T18:55:23Z,89.7810,0.247604,0.246030,-0.001574,below_midpoint_feather
2026-07-24T18:55:43Z,89.7627,0.244433,0.247527,0.003094,below_midpoint_feather
2026-07-24T18:56:29Z,89.8375,0.244891,0.244003,-0.000888,below_midpoint_feather
2026-07-24T18:56:35Z,89.7765,0.244580,0.247447,0.002867,below_midpoint_feather
2026-07-24T18:57:16Z,89.7459,0.247539,0.250109,0.002570,below_midpoint_feather
2026-07-24T18:57:21Z,89.8100,0.248201,0.246134,-0.002067,below_midpoint_feather
2026-07-24T18:58:05Z,89.8375,0.246604,0.245403,-0.001201,below_midpoint_feather
2026-07-24T18:58:37Z,89.7948,0.245332,0.248074,0.002743,below_midpoint_feather
2026-07-24T18:59:53Z,89.7673,0.248953,0.250719,0.001767,below_midpoint_feather
2026-07-24T18:59:55Z,89.8192,0.248979,0.247695,-0.001284,below_midpoint_feather
2026-07-24T19:00:01Z,89.7627,0.249059,0.251132,0.002073,below_midpoint_feather
2026-07-24T19:00:25Z,89.8558,0.249384,0.246407,-0.002977,below_midpoint_feather
2026-07-24T19:01:13Z,89.7810,0.249491,0.250910,0.001418,below_midpoint_feather
2026-07-24T19:01:45Z,89.8680,0.248674,0.246999,-0.001675,below_midpoint_feather
2026-07-24T19:02:26Z,89.9199,0.246226,0.245924,-0.000302,below_midpoint_feather
2026-07-24T19:02:57Z,89.8375,0.247296,0.249038,0.001741,below_midpoint_feather
2026-07-24T19:03:29Z,89.9199,0.247540,0.246436,-0.001105,below_midpoint_feather
2026-07-24T19:03:43Z,89.8924,0.245881,0.247267,0.001386,below_midpoint_feather
2026-07-24T19:04:26Z,90.0237,0.245396,0.245016,-0.000381,in_band
2026-07-24T19:04:59Z,89.9062,0.244508,0.245271,0.000763,below_midpoint_feather
2026-07-24T19:05:00Z,89.9062,0.244510,0.245273,0.000763,below_midpoint_feather
2026-07-24T19:05:23Z,89.9611,0.244713,0.244285,-0.000429,below_midpoint_feather
2026-07-24T19:06:03Z,90.0420,0.242754,0.242650,-0.000105,in_band
2026-07-24T19:06:59Z,89.9886,0.235363,0.235410,0.000047,below_midpoint_feather
2026-07-24T19:07:02Z,90.0191,0.234972,0.235131,0.000159,in_band
2026-07-24T19:07:32Z,89.9931,0.231871,0.232809,0.000938,below_midpoint_feather
2026-07-24T19:08:00Z,90.0801,0.228299,0.229216,0.000917,in_band
2026-07-24T19:08:59Z,90.0984,0.220944,0.221831,0.000887,in_band
2026-07-24T19:09:00Z,90.0984,0.220821,0.221708,0.000887,in_band
2026-07-24T19:09:59Z,90.1747,0.213703,0.214561,0.000858,in_band
2026-07-24T19:10:00Z,90.1747,0.213584,0.214442,0.000858,in_band
2026-07-24T19:10:59Z,90.2037,0.206698,0.207528,0.000830,in_band
2026-07-24T19:11:00Z,90.2037,0.206583,0.207413,0.000830,in_band
2026-07-24T19:11:59Z,90.2724,0.199922,0.200725,0.000803,in_band
2026-07-24T19:12:00Z,90.2724,0.199811,0.200613,0.000802,in_band
2026-07-24T19:12:59Z,90.3456,0.193368,0.194144,0.000776,in_band
2026-07-24T19:13:00Z,90.3456,0.193260,0.194036,0.000776,in_band
2026-07-24T19:13:59Z,90.3868,0.187028,0.187779,0.000751,in_band
2026-07-24T19:14:00Z,90.3868,0.186924,0.187675,0.000751,in_band
2026-07-24T19:14:59Z,90.4494,0.180897,0.181623,0.000726,in_band
2026-07-24T19:15:00Z,90.4494,0.180796,0.181522,0.000726,in_band
2026-07-24T19:15:59Z,90.4692,0.174966,0.175669,0.000703,in_band
2026-07-24T19:16:00Z,90.4692,0.174869,0.175571,0.000702,in_band
2026-07-24T19:16:59Z,90.4860,0.169230,0.169910,0.000680,in_band
2026-07-24T19:17:00Z,90.4860,0.169136,0.169816,0.000679,in_band
2026-07-24T19:17:59Z,90.4997,0.163682,0.164340,0.000657,in_band
2026-07-24T19:18:00Z,90.4997,0.163591,0.164248,0.000657,in_band
2026-07-24T19:18:59Z,90.5318,0.158316,0.158952,0.000636,in_band
2026-07-24T19:19:00Z,90.5318,0.158228,0.158864,0.000635,in_band
2026-07-24T19:19:59Z,90.5684,0.153126,0.153741,0.000615,in_band
2026-07-24T19:20:00Z,90.5684,0.153041,0.153655,0.000615,in_band
2026-07-24T19:20:59Z,90.5455,0.148106,0.148701,0.000595,in_band
2026-07-24T19:21:00Z,90.5455,0.148024,0.148618,0.000594,in_band
2026-07-24T19:21:59Z,90.5608,0.143250,0.143826,0.000575,in_band
2026-07-24T19:22:00Z,90.5608,0.143171,0.143746,0.000575,in_band
2026-07-24T19:22:59Z,90.5684,0.138554,0.139110,0.000556,in_band
2026-07-24T19:23:00Z,90.5684,0.138477,0.139033,0.000556,in_band
2026-07-24T19:23:59Z,90.5150,0.134012,0.134550,0.000538,in_band
2026-07-24T19:24:00Z,90.5150,0.133937,0.134475,0.000538,in_band
2026-07-24T19:24:59Z,90.5562,0.129618,0.130139,0.000521,in_band
2026-07-24T19:25:00Z,90.5562,0.129546,0.130067,0.000520,in_band
2026-07-24T19:25:59Z,90.5455,0.125369,0.125872,0.000504,in_band
2026-07-24T19:26:00Z,90.5455,0.125299,0.125802,0.000503,in_band
2026-07-24T19:26:59Z,90.5699,0.121259,0.121746,0.000487,in_band
2026-07-24T19:27:00Z,90.5699,0.121191,0.121678,0.000487,in_band
2026-07-24T19:27:59Z,90.5562,0.117283,0.117754,0.000471,in_band
2026-07-24T19:28:00Z,90.5562,0.117218,0.117689,0.000471,in_band
2026-07-24T19:28:59Z,90.5562,0.113438,0.113894,0.000456,in_band
2026-07-24T19:29:00Z,90.5562,0.113375,0.113831,0.000455,in_band
2026-07-24T19:29:59Z,90.5562,0.109719,0.110160,0.000441,in_band
2026-07-24T19:30:00Z,90.5562,0.109659,0.110099,0.000440,in_band
2026-07-24T19:30:59Z,90.5180,0.106122,0.106549,0.000426,in_band
2026-07-24T19:31:00Z,90.5180,0.106064,0.106489,0.000426,in_band
2026-07-24T19:31:59Z,90.5272,0.102643,0.103056,0.000412,in_band
2026-07-24T19:32:00Z,90.5272,0.102586,0.102998,0.000412,in_band
2026-07-24T19:32:59Z,90.5547,0.099278,0.099677,0.000399,in_band
2026-07-24T19:33:00Z,90.5547,0.099223,0.099622,0.000399,in_band
2026-07-24T19:33:59Z,90.5470,0.096024,0.096409,0.000386,in_band
2026-07-24T19:34:00Z,90.5470,0.095970,0.096356,0.000385,in_band
2026-07-24T19:34:59Z,90.5425,0.092876,0.093249,0.000373,in_band
2026-07-24T19:35:00Z,90.5425,0.092824,0.093197,0.000373,in_band
2026-07-24T19:35:59Z,90.5425,0.089831,0.090191,0.000361,in_band
2026-07-24T19:36:00Z,90.5425,0.089781,0.090141,0.000361,in_band
2026-07-24T19:36:59Z,90.5547,0.086886,0.087235,0.000349,in_band
2026-07-24T19:37:00Z,90.5547,0.086837,0.087186,0.000349,in_band
2026-07-24T19:37:59Z,90.5470,0.084037,0.084375,0.000338,in_band
2026-07-24T19:38:00Z,90.5470,0.083991,0.084328,0.000337,in_band
2026-07-24T19:38:59Z,90.5409,0.081282,0.081609,0.000326,in_band
2026-07-24T19:39:00Z,90.5409,0.081237,0.081563,0.000326,in_band
2026-07-24T19:39:59Z,90.6111,0.078617,0.078933,0.000316,in_band
2026-07-24T19:40:00Z,90.6111,0.078574,0.078889,0.000316,in_band
2026-07-24T19:40:59Z,90.5470,0.076040,0.076345,0.000305,in_band
2026-07-24T19:41:00Z,90.5470,0.075998,0.076303,0.000305,in_band
2026-07-24T19:41:59Z,90.5867,0.073547,0.073843,0.000295,in_band
2026-07-24T19:42:00Z,90.5867,0.073506,0.073802,0.000295,in_band
2026-07-24T19:42:59Z,90.6065,0.071136,0.071422,0.000286,in_band
2026-07-24T19:43:00Z,90.6065,0.071096,0.071382,0.000286,in_band
2026-07-24T19:43:59Z,90.5837,0.068804,0.069080,0.000276,in_band
2026-07-24T19:44:00Z,90.5837,0.068766,0.069042,0.000276,in_band
2026-07-24T19:44:59Z,90.6050,0.066548,0.066815,0.000267,in_band
2026-07-24T19:45:00Z,90.6050,0.066511,0.066778,0.000267,in_band
2026-07-24T19:45:59Z,90.5837,0.064367,0.064625,0.000259,in_band
2026-07-24T19:46:00Z,90.5837,0.064331,0.064589,0.000258,in_band
2026-07-24T19:46:39Z,90.6188,0.062987,0.063205,0.000218,in_band
2026-07-24T19:47:00Z,90.6050,0.062222,0.062472,0.000250,in_band
2026-07-24T19:47:59Z,90.5928,0.060215,0.060457,0.000242,in_band
2026-07-24T19:48:00Z,90.5928,0.060182,0.060424,0.000242,in_band
2026-07-24T19:48:37Z,90.5776,0.058990,0.059194,0.000204,in_band
2026-07-24T19:49:00Z,90.5913,0.058209,0.058443,0.000234,in_band
2026-07-24T19:49:59Z,90.5928,0.056332,0.056558,0.000226,in_band
2026-07-24T19:50:00Z,90.5928,0.056301,0.056527,0.000226,in_band
2026-07-24T19:50:59Z,90.5272,0.054485,0.054704,0.000219,in_band
2026-07-24T19:51:00Z,90.5272,0.054455,0.054674,0.000219,in_band
2026-07-24T19:51:59Z,90.5287,0.052699,0.052910,0.000212,in_band
2026-07-24T19:52:00Z,90.5287,0.052670,0.052881,0.000212,in_band
2026-07-24T19:52:59Z,90.5196,0.050971,0.051176,0.000205,in_band
2026-07-24T19:53:00Z,90.5196,0.050943,0.051147,0.000205,in_band
2026-07-24T19:53:59Z,90.5608,0.049300,0.049498,0.000198,in_band
2026-07-24T19:54:00Z,90.5608,0.049273,0.049471,0.000198,in_band
2026-07-24T19:54:30Z,90.5425,0.048512,0.048653,0.000141,in_band
2026-07-24T19:55:00Z,90.5547,0.047657,0.047849,0.000191,in_band
2026-07-24T19:55:59Z,90.6050,0.046121,0.046306,0.000185,in_band
2026-07-24T19:56:00Z,90.6050,0.046095,0.046280,0.000185,in_band
2026-07-24T19:56:07Z,90.5776,0.045942,0.046100,0.000159,in_band
2026-07-24T19:57:00Z,90.5730,0.044584,0.044763,0.000179,in_band
2026-07-24T19:57:59Z,90.5547,0.043146,0.043319,0.000173,in_band
2026-07-24T19:58:00Z,90.5547,0.043122,0.043295,0.000173,in_band
2026-07-24T19:58:59Z,90.5180,0.041732,0.041899,0.000168,in_band
2026-07-24T19:59:00Z,90.5180,0.041708,0.041876,0.000168,in_band
2026-07-24T19:59:59Z,90.4967,0.040364,0.040526,0.000162,in_band
2026-07-24T20:00:00Z,90.4967,0.040341,0.040503,0.000162,in_band
2026-07-24T20:00:59Z,90.4829,0.039040,0.039197,0.000157,in_band
2026-07-24T20:01:00Z,90.4829,0.039019,0.039175,0.000157,in_band
2026-07-24T20:01:59Z,90.4356,0.037760,0.037912,0.000152,in_band
2026-07-24T20:02:00Z,90.4356,0.037739,0.037891,0.000152,in_band
2026-07-24T20:02:53Z,90.3914,0.036685,0.036792,0.000106,in_band
2026-07-24T20:03:00Z,90.4173,0.036502,0.036649,0.000147,in_band
2026-07-24T20:03:59Z,90.3639,0.035325,0.035467,0.000142,in_band
2026-07-24T20:04:00Z,90.3639,0.035305,0.035447,0.000142,in_band
2026-07-24T20:04:23Z,90.3166,0.034877,0.034997,0.000121,in_band
2026-07-24T20:05:00Z,90.3212,0.034148,0.034285,0.000137,in_band
2026-07-24T20:05:59Z,90.2754,0.033047,0.033180,0.000133,in_band
2026-07-24T20:06:00Z,90.2754,0.033029,0.033161,0.000133,in_band
2026-07-24T20:06:59Z,90.3029,0.031981,0.032092,0.000111,in_band
2026-07-24T20:07:00Z,90.3029,0.031946,0.032074,0.000128,in_band
2026-07-24T20:07:02Z,90.3212,0.031946,0.032038,0.000093,in_band
2026-07-24T20:08:00Z,90.2525,0.030898,0.031022,0.000124,in_band
2026-07-24T20:08:59Z,90.2754,0.029902,0.030022,0.000120,in_band
2026-07-24T20:09:00Z,90.2754,0.029885,0.030005,0.000120,in_band
2026-07-24T20:09:59Z,90.2541,0.028922,0.029038,0.000116,in_band
2026-07-24T20:10:00Z,90.2541,0.028906,0.029022,0.000116,in_band
2026-07-24T20:10:59Z,90.2815,0.027974,0.028086,0.000112,in_band
2026-07-24T20:11:03Z,90.2495,0.027911,0.028024,0.000112,in_band
2026-07-24T20:11:04Z,90.2495,0.027958,0.028008,0.000050,in_band
2026-07-24T20:12:00Z,90.2800,0.027041,0.027150,0.000109,in_band
2026-07-24T20:12:59Z,90.2800,0.026169,0.026275,0.000105,in_band
2026-07-24T20:13:00Z,90.2800,0.026155,0.026260,0.000105,in_band
2026-07-24T20:13:59Z,90.3593,0.025312,0.025413,0.000102,in_band
2026-07-24T20:14:00Z,90.3593,0.025297,0.025399,0.000102,in_band
2026-07-24T20:14:59Z,90.3548,0.024482,0.024580,0.000098,in_band
2026-07-24T20:15:00Z,90.3548,0.024468,0.024566,0.000098,in_band
2026-07-24T20:15:59Z,90.4143,0.023679,0.023774,0.000095,in_band
2026-07-24T20:16:00Z,90.4143,0.023666,0.023761,0.000095,in_band
2026-07-24T20:16:59Z,90.3944,0.022903,0.022995,0.000092,in_band
2026-07-24T20:17:00Z,90.3944,0.022890,0.022982,0.000092,in_band
2026-07-24T20:17:59Z,90.4143,0.022152,0.022241,0.000089,in_band
2026-07-24T20:18:00Z,90.4143,0.022140,0.022229,0.000089,in_band
2026-07-24T20:18:59Z,90.4631,0.021426,0.021512,0.000086,in_band
2026-07-24T20:19:00Z,90.4631,0.021414,0.021500,0.000086,in_band
2026-07-24T20:19:29Z,90.4952,0.021107,0.021156,0.000049,in_band
2026-07-24T20:20:00Z,90.5226,0.020712,0.020795,0.000083,in_band
2026-07-24T20:20:32Z,90.4921,0.020358,0.020429,0.000070,in_band
2026-07-24T20:21:00Z,90.4829,0.020033,0.020113,0.000080,in_band
2026-07-24T20:21:33Z,90.4952,0.019713,0.019748,0.000035,in_band
2026-07-24T20:22:00Z,90.5501,0.019376,0.019454,0.000078,in_band
2026-07-24T20:22:59Z,90.5745,0.018751,0.018827,0.000075,in_band
2026-07-24T20:23:00Z,90.5745,0.018741,0.018816,0.000075,in_band
2026-07-24T20:23:59Z,90.6065,0.018137,0.018209,0.000073,in_band
2026-07-24T20:24:00Z,90.6065,0.018126,0.018199,0.000073,in_band
2026-07-24T20:24:59Z,90.6523,0.017542,0.017612,0.000070,in_band
2026-07-24T20:25:00Z,90.6523,0.017532,0.017603,0.000070,in_band
2026-07-24T20:25:59Z,90.6798,0.016967,0.017035,0.000068,in_band
2026-07-24T20:26:00Z,90.6798,0.016957,0.017026,0.000068,in_band
2026-07-24T20:26:59Z,90.7027,0.016411,0.016476,0.000066,in_band
2026-07-24T20:27:00Z,90.7027,0.016401,0.016467,0.000066,in_band
2026-07-24T20:27:06Z,90.7485,0.016374,0.016413,0.000038,in_band
2026-07-24T20:28:00Z,90.7103,0.015864,0.015927,0.000064,in_band
2026-07-24T20:28:59Z,90.7576,0.015352,0.015414,0.000062,in_band
2026-07-24T20:29:00Z,90.7576,0.015344,0.015405,0.000062,in_band
2026-07-24T20:29:59Z,90.7973,0.014849,0.014909,0.000060,in_band
2026-07-24T20:30:00Z,90.7973,0.014841,0.014900,0.000060,in_band
2026-07-24T20:30:59Z,90.7897,0.014362,0.014420,0.000058,in_band
2026-07-24T20:31:00Z,90.7897,0.014354,0.014412,0.000058,in_band
2026-07-24T20:31:59Z,90.8492,0.013891,0.013947,0.000056,in_band
2026-07-24T20:32:00Z,90.8492,0.013884,0.013939,0.000056,in_band
2026-07-24T20:32:59Z,90.8705,0.013436,0.013490,0.000054,in_band
2026-07-24T20:33:00Z,90.8705,0.013428,0.013482,0.000054,in_band
2026-07-24T20:33:51Z,90.8751,0.013061,0.013106,0.000045,in_band
2026-07-24T20:34:00Z,90.8751,0.012988,0.013040,0.000052,in_band
2026-07-24T20:34:59Z,90.9133,0.012569,0.012620,0.000050,in_band
2026-07-24T20:35:00Z,90.9133,0.012562,0.012613,0.000050,in_band
2026-07-24T20:35:59Z,90.9453,0.012157,0.012206,0.000049,in_band
2026-07-24T20:36:00Z,90.9453,0.012151,0.012199,0.000049,in_band
2026-07-24T20:36:45Z,90.9529,0.011870,0.011898,0.000028,in_band
2026-07-24T20:37:00Z,90.9728,0.011752,0.011799,0.000047,in_band
2026-07-24T20:37:59Z,91.0002,0.011373,0.011419,0.000046,in_band
2026-07-24T20:38:00Z,91.0002,0.011367,0.011413,0.000046,in_band
2026-07-24T20:38:43Z,90.9957,0.011123,0.011143,0.000020,in_band
2026-07-24T20:39:00Z,91.0048,0.010994,0.011038,0.000044,in_band
2026-07-24T20:39:24Z,91.0216,0.010873,0.010892,0.000019,in_band
2026-07-24T20:40:00Z,91.0445,0.010634,0.010677,0.000043,in_band
2026-07-24T20:40:59Z,91.0506,0.010291,0.010332,0.000041,in_band
2026-07-24T20:41:00Z,91.0506,0.010285,0.010326,0.000041,in_band
2026-07-24T20:41:59Z,91.0491,0.009954,0.009993,0.000040,in_band
2026-07-24T20:42:00Z,91.0491,0.009948,0.009988,0.000040,in_band
2026-07-24T20:42:59Z,91.0582,0.009627,0.009666,0.000039,in_band
2026-07-24T20:43:00Z,91.0582,0.009622,0.009661,0.000039,in_band
2026-07-24T20:43:59Z,91.0628,0.009312,0.009349,0.000037,in_band
2026-07-24T20:44:00Z,91.0628,0.009306,0.009344,0.000037,in_band
2026-07-24T20:44:59Z,91.0948,0.009006,0.009042,0.000036,in_band
2026-07-24T20:45:00Z,91.0948,0.009001,0.009037,0.000036,in_band
2026-07-24T20:45:59Z,91.1238,0.008711,0.008746,0.000035,in_band
2026-07-24T20:46:00Z,91.1238,0.008706,0.008741,0.000035,in_band
2026-07-24T20:46:59Z,91.1498,0.008425,0.008459,0.000034,in_band
2026-07-24T20:47:00Z,91.1498,0.008421,0.008455,0.000034,in_band
2026-07-24T20:47:59Z,91.1269,0.008149,0.008182,0.000033,in_band
2026-07-24T20:48:00Z,91.1269,0.008145,0.008177,0.000033,in_band
2026-07-24T20:48:49Z,91.1498,0.007935,0.007958,0.000023,in_band
2026-07-24T20:49:00Z,91.1269,0.007878,0.007909,0.000032,in_band
2026-07-24T20:49:59Z,91.1650,0.007624,0.007654,0.000031,in_band
2026-07-24T20:50:00Z,91.1650,0.007619,0.007650,0.000031,in_band
2026-07-24T20:50:59Z,91.1727,0.007374,0.007403,0.000030,in_band
2026-07-24T20:51:00Z,91.1727,0.007370,0.007399,0.000030,in_band
2026-07-24T20:51:59Z,91.1604,0.007132,0.007161,0.000029,in_band
2026-07-24T20:52:00Z,91.1604,0.007128,0.007157,0.000029,in_band
2026-07-24T20:52:59Z,91.1955,0.006898,0.006926,0.000028,in_band
2026-07-24T20:53:00Z,91.1955,0.006894,0.006922,0.000028,in_band
2026-07-24T20:53:59Z,91.2184,0.006672,0.006699,0.000027,in_band
2026-07-24T20:54:00Z,91.2184,0.006668,0.006695,0.000027,in_band
2026-07-24T20:54:59Z,91.2108,0.006453,0.006479,0.000026,in_band
2026-07-24T20:55:00Z,91.2108,0.006450,0.006476,0.000026,in_band
2026-07-24T20:55:59Z,91.2184,0.006242,0.006267,0.000025,in_band
2026-07-24T20:56:00Z,91.2184,0.006238,0.006263,0.000025,in_band
2026-07-24T20:56:24Z,91.1864,0.006159,0.006180,0.000021,in_band
2026-07-24T20:57:00Z,91.1650,0.006034,0.006058,0.000024,in_band
2026-07-24T20:57:59Z,91.0994,0.005839,0.005863,0.000023,in_band
2026-07-24T20:58:00Z,91.0994,0.005836,0.005859,0.000023,in_band
2026-07-24T20:58:59Z,91.0918,0.005648,0.005670,0.000023,in_band
2026-07-24T20:59:00Z,91.0918,0.005645,0.005667,0.000023,in_band
2026-07-24T20:59:59Z,91.0872,0.005463,0.005485,0.000022,in_band
2026-07-24T21:00:00Z,91.0872,0.005460,0.005482,0.000022,in_band
2026-07-24T21:00:59Z,91.0826,0.005284,0.005305,0.000021,in_band
2026-07-24T21:01:00Z,91.0826,0.005281,0.005302,0.000021,in_band
2026-07-24T21:01:59Z,91.0140,0.005110,0.005131,0.000021,in_band
2026-07-24T21:02:00Z,91.0140,0.005107,0.005128,0.000021,in_band
2026-07-24T21:02:59Z,91.0536,0.004943,0.004963,0.000020,in_band
2026-07-24T21:03:00Z,91.0536,0.004940,0.004960,0.000020,in_band
2026-07-24T21:03:59Z,91.0552,0.004781,0.004800,0.000019,in_band
2026-07-24T21:04:00Z,91.0552,0.004778,0.004797,0.000019,in_band
2026-07-24T21:04:59Z,91.0170,0.004624,0.004643,0.000019,in_band
2026-07-24T21:05:00Z,91.0170,0.004621,0.004640,0.000019,in_band
2026-07-24T21:05:59Z,91.0597,0.004472,0.004490,0.000018,in_band
2026-07-24T21:06:00Z,91.0597,0.004470,0.004488,0.000018,in_band
2026-07-24T21:06:59Z,90.9819,0.004326,0.004343,0.000017,in_band
2026-07-24T21:07:00Z,90.9819,0.004323,0.004341,0.000017,in_band
2026-07-24T21:07:59Z,91.0124,0.004184,0.004201,0.000017,in_band
2026-07-24T21:08:00Z,91.0124,0.004182,0.004198,0.000017,in_band
2026-07-24T21:08:59Z,91.0140,0.004047,0.004063,0.000016,in_band
2026-07-24T21:09:00Z,91.0140,0.004045,0.004061,0.000016,in_band
2026-07-24T21:09:59Z,91.0033,0.003914,0.003930,0.000016,in_band
2026-07-24T21:10:00Z,91.0033,0.003912,0.003928,0.000016,in_band
2026-07-24T21:10:59Z,91.0277,0.003786,0.003801,0.000015,in_band
2026-07-24T21:11:00Z,91.0277,0.003784,0.003799,0.000015,in_band
2026-07-24T21:11:59Z,91.0048,0.003662,0.003676,0.000015,in_band
2026-07-24T21:12:00Z,91.0048,0.003660,0.003674,0.000015,in_band
2026-07-24T21:12:59Z,91.0231,0.003542,0.003556,0.000014,in_band
2026-07-24T21:13:00Z,91.0231,0.003540,0.003554,0.000014,in_band
2026-07-24T21:13:59Z,91.0414,0.003426,0.003439,0.000014,in_band
2026-07-24T21:14:00Z,91.0414,0.003424,0.003437,0.000014,in_band
2026-07-24T21:14:59Z,91.0719,0.003313,0.003327,0.000013,in_band
2026-07-24T21:15:00Z,91.0719,0.003311,0.003325,0.000013,in_band
2026-07-24T21:15:59Z,91.0460,0.003205,0.003217,0.000013,in_band
2026-07-24T21:16:00Z,91.0460,0.003203,0.003216,0.000013,in_band
2026-07-24T21:16:59Z,91.0643,0.003100,0.003112,0.000012,in_band
2026-07-24T21:17:00Z,91.0643,0.003098,0.003110,0.000012,in_band
2026-07-24T21:17:59Z,91.0780,0.002998,0.003010,0.000012,in_band
2026-07-24T21:18:00Z,91.0780,0.002996,0.003008,0.000012,in_band
2026-07-24T21:18:59Z,91.0460,0.002900,0.002911,0.000012,in_band
2026-07-24T21:19:00Z,91.0460,0.002898,0.002910,0.000012,in_band
2026-07-24T21:19:51Z,91.0948,0.002819,0.002828,0.000010,in_band
2026-07-24T21:20:00Z,91.0735,0.002803,0.002814,0.000011,in_band
2026-07-24T21:20:59Z,91.0903,0.002713,0.002724,0.000011,in_band
2026-07-24T21:21:00Z,91.0903,0.002711,0.002722,0.000011,in_band
2026-07-24T21:21:59Z,91.0597,0.002624,0.002634,0.000011,in_band
2026-07-24T21:22:00Z,91.0597,0.002622,0.002633,0.000011,in_band
2026-07-24T21:22:59Z,91.1284,0.002538,0.002548,0.000010,in_band
2026-07-24T21:23:00Z,91.1284,0.002536,0.002546,0.000010,in_band
2026-07-24T21:23:59Z,91.0948,0.002455,0.002464,0.000010,in_band
2026-07-24T21:24:00Z,91.0948,0.002453,0.002463,0.000010,in_band
2026-07-24T21:24:59Z,91.1452,0.002374,0.002384,0.000010,in_band
2026-07-24T21:25:00Z,91.1452,0.002373,0.002382,0.000010,in_band
2026-07-24T21:25:59Z,91.1818,0.002296,0.002305,0.000009,in_band
2026-07-24T21:26:00Z,91.1818,0.002295,0.002304,0.000009,in_band
2026-07-24T21:26:59Z,91.1604,0.002221,0.002230,0.000009,in_band
2026-07-24T21:27:00Z,91.1604,0.002220,0.002229,0.000009,in_band
2026-07-24T21:27:59Z,91.1910,0.002148,0.002157,0.000009,in_band
2026-07-24T21:28:00Z,91.1910,0.002147,0.002156,0.000009,in_band
2026-07-24T21:28:59Z,91.2230,0.002078,0.002086,0.000008,in_band
2026-07-24T21:29:00Z,91.2230,0.002077,0.002085,0.000008,in_band
2026-07-24T21:29:59Z,91.2016,0.002010,0.002018,0.000008,in_band
2026-07-24T21:30:00Z,91.2016,0.002008,0.002017,0.000008,in_band
2026-07-24T21:30:59Z,91.2383,0.001944,0.001952,0.000008,in_band
2026-07-24T21:31:00Z,91.2383,0.001943,0.001950,0.000008,in_band
2026-07-24T21:31:59Z,91.2291,0.001880,0.001888,0.000008,in_band
2026-07-24T21:32:00Z,91.2291,0.001879,0.001886,0.000008,in_band
2026-07-24T21:32:59Z,91.2612,0.001818,0.001826,0.000007,in_band
2026-07-24T21:33:00Z,91.2612,0.001817,0.001825,0.000007,in_band
2026-07-24T21:33:59Z,91.2520,0.001759,0.001766,0.000007,in_band
2026-07-24T21:34:00Z,91.2520,0.001758,0.001765,0.000007,in_band
2026-07-24T21:34:59Z,91.2688,0.001701,0.001708,0.000007,in_band
2026-07-24T21:35:00Z,91.2688,0.001700,0.001707,0.000007,in_band
2026-07-24T21:35:59Z,91.3146,0.001645,0.001652,0.000007,in_band
2026-07-24T21:36:00Z,91.3146,0.001644,0.001651,0.000007,in_band
2026-07-24T21:36:59Z,91.3069,0.001591,0.001598,0.000006,in_band
2026-07-24T21:37:00Z,91.3069,0.001590,0.001597,0.000006,in_band
2026-07-24T21:37:59Z,91.3191,0.001539,0.001545,0.000006,in_band
2026-07-24T21:38:00Z,91.3191,0.001538,0.001545,0.000006,in_band
2026-07-24T21:38:59Z,91.3512,0.001489,0.001495,0.000006,in_band
2026-07-24T21:39:00Z,91.3512,0.001488,0.001494,0.000006,in_band
2026-07-24T21:39:59Z,91.3802,0.001440,0.001446,0.000006,in_band
2026-07-24T21:40:00Z,91.3802,0.001439,0.001445,0.000006,in_band
2026-07-24T21:40:59Z,91.3848,0.001393,0.001398,0.000006,in_band
2026-07-24T21:41:00Z,91.3848,0.001392,0.001398,0.000006,in_band
2026-07-24T21:41:59Z,91.3924,0.001347,0.001352,0.000005,in_band
2026-07-24T21:42:00Z,91.3924,0.001346,0.001352,0.000005,in_band
2026-07-24T21:42:59Z,91.4122,0.001303,0.001308,0.000005,in_band
2026-07-24T21:43:00Z,91.4122,0.001302,0.001307,0.000005,in_band
2026-07-24T21:43:59Z,91.4061,0.001260,0.001265,0.000005,in_band
2026-07-24T21:44:00Z,91.4061,0.001259,0.001265,0.000005,in_band
2026-07-24T21:44:59Z,91.4397,0.001219,0.001224,0.000005,in_band
2026-07-24T21:45:00Z,91.4397,0.001218,0.001223,0.000005,in_band
2026-07-24T21:45:59Z,91.4443,0.001179,0.001184,0.000005,in_band
2026-07-24T21:46:00Z,91.4443,0.001178,0.001183,0.000005,in_band
2026-07-24T21:46:59Z,91.4565,0.001140,0.001145,0.000005,in_band
2026-07-24T21:47:00Z,91.4565,0.001140,0.001144,0.000005,in_band
2026-07-24T21:47:59Z,91.4839,0.001103,0.001107,0.000004,in_band
2026-07-24T21:48:47Z,91.5175,0.001074,0.000000,-0.001074,above_band_high
2026-07-24T21:48:51Z,91.4809,0.001071,0.001080,0.000008,in_band
2026-07-24T21:49:24Z,91.4946,0.001052,0.001027,-0.000025,in_band
2026-07-24T21:49:27Z,91.5297,0.001049,0.000000,-0.001049,above_band_high
2026-07-24T21:51:25Z,91.5358,0.000000,0.000000,0.000000,above_band_high
2026-07-24T21:52:00Z,91.5541,0.000000,0.000000,0.000000,above_band_high
2026-07-24T21:53:00Z,91.5480,0.000000,0.000000,0.000000,above_band_high
2026-07-24T21:54:00Z,91.5846,0.000000,0.000000,0.000000,above_band_high
2026-07-24T21:55:00Z,91.6091,0.000000,0.000000,0.000000,above_band_high
2026-07-24T21:56:00Z,91.6304,0.000000,0.000000,0.000000,above_band_high
2026-07-24T21:57:00Z,91.6503,0.000000,0.000000,0.000000,above_band_high
2026-07-24T21:58:00Z,91.6258,0.000000,0.000000,0.000000,above_band_high
2026-07-24T21:59:00Z,91.6320,0.000000,0.000000,0.000000,above_band_high
2026-07-24T22:00:00Z,91.6396,0.000000,0.000000,0.000000,above_band_high
2026-07-24T22:01:00Z,91.6396,0.000000,0.000000,0.000000,above_band_high
2026-07-24T22:02:00Z,91.6442,0.000000,0.000000,0.000000,above_band_high
2026-07-24T22:03:00Z,91.6182,0.000000,0.000000,0.000000,above_band_high
2026-07-24T22:04:00Z,91.6396,0.000000,0.000000,0.000000,above_band_high
2026-07-24T22:05:00Z,91.6182,0.000000,0.000000,0.000000,above_band_high
2026-07-24T22:06:00Z,91.6503,0.000000,0.000000,0.000000,above_band_high
2026-07-24T22:07:00Z,91.6579,0.000000,0.000000,0.000000,above_band_high
2026-07-24T22:08:00Z,91.6136,0.000000,0.000000,0.000000,above_band_high
2026-07-24T22:09:00Z,91.6228,0.000000,0.000000,0.000000,above_band_high
2026-07-24T22:10:00Z,91.6136,0.000000,0.000000,0.000000,above_band_high
2026-07-24T22:11:00Z,91.6640,0.000000,0.000000,0.000000,above_band_high
2026-07-24T22:12:00Z,91.6686,0.000000,0.000000,0.000000,above_band_high
2026-07-24T22:13:00Z,91.6625,0.000000,0.000000,0.000000,above_band_high
2026-07-24T22:14:00Z,91.6762,0.000000,0.000000,0.000000,above_band_high
2026-07-24T22:15:00Z,91.6716,0.000000,0.000000,0.000000,above_band_high
2026-07-24T22:16:00Z,91.6823,0.000000,0.000000,0.000000,above_band_high
2026-07-24T22:17:00Z,91.6686,0.000000,0.000000,0.000000,above_band_high
2026-07-24T22:18:00Z,91.6869,0.000000,0.000000,0.000000,above_band_high
2026-07-24T22:19:00Z,91.6762,0.000000,0.000000,0.000000,above_band_high
2026-07-24T22:20:00Z,91.6625,0.000000,0.000000,0.000000,above_band_high
2026-07-24T22:21:00Z,91.6640,0.000000,0.000000,0.000000,above_band_high
2026-07-24T22:22:00Z,91.6304,0.000000,0.000000,0.000000,above_band_high
2026-07-24T22:23:00Z,91.6716,0.000000,0.000000,0.000000,above_band_high
2026-07-24T22:24:00Z,91.6548,0.000000,0.000000,0.000000,above_band_high
2026-07-24T22:25:00Z,91.6121,0.000000,0.000000,0.000000,above_band_high
2026-07-24T22:26:00Z,91.6487,0.000000,0.000000,0.000000,above_band_high
2026-07-24T22:27:00Z,91.6640,0.000000,0.000000,0.000000,above_band_high
2026-07-24T22:28:00Z,91.6777,0.000000,0.000000,0.000000,above_band_high
2026-07-24T22:29:00Z,91.6258,0.000000,0.000000,0.000000,above_band_high
2026-07-24T22:30:00Z,91.5938,0.000000,0.000000,0.000000,above_band_high
2026-07-24T22:31:00Z,91.6442,0.000000,0.000000,0.000000,above_band_high
2026-07-24T22:32:00Z,91.6365,0.000000,0.000000,0.000000,above_band_high
2026-07-24T22:33:00Z,91.5999,0.000000,0.000000,0.000000,above_band_high
2026-07-24T22:34:00Z,91.6030,0.000000,0.000000,0.000000,above_band_high
2026-07-24T22:35:00Z,91.6182,0.000000,0.000000,0.000000,above_band_high
2026-07-24T22:36:00Z,91.6320,0.000000,0.000000,0.000000,above_band_high
2026-07-24T22:37:00Z,91.6030,0.000000,0.000000,0.000000,above_band_high
2026-07-24T22:38:00Z,91.5862,0.000000,0.000000,0.000000,above_band_high
2026-07-24T22:39:00Z,91.5938,0.000000,0.000000,0.000000,above_band_high
2026-07-24T22:40:00Z,91.6030,0.000000,0.000000,0.000000,above_band_high
2026-07-24T22:41:00Z,91.6304,0.000000,0.000000,0.000000,above_band_high
2026-07-24T22:42:00Z,91.6442,0.000000,0.000000,0.000000,above_band_high
2026-07-24T22:43:00Z,91.5938,0.000000,0.000000,0.000000,above_band_high
2026-07-24T22:44:00Z,91.5816,0.000000,0.000000,0.000000,above_band_high
2026-07-24T22:45:00Z,91.6030,0.000000,0.000000,0.000000,above_band_high
2026-07-24T22:46:00Z,91.6136,0.000000,0.000000,0.000000,above_band_high
2026-07-24T22:47:00Z,91.6045,0.000000,0.000000,0.000000,above_band_high
2026-07-24T22:48:00Z,91.6121,0.000000,0.000000,0.000000,above_band_high
2026-07-24T22:49:00Z,91.5892,0.000000,0.000000,0.000000,above_band_high
2026-07-24T22:50:00Z,91.6136,0.000000,0.000000,0.000000,above_band_high
2026-07-24T22:51:00Z,91.6045,0.000000,0.000000,0.000000,above_band_high
2026-07-24T22:52:00Z,91.6503,0.000000,0.000000,0.000000,above_band_high
2026-07-24T22:53:00Z,91.6823,0.000000,0.000000,0.000000,above_band_high
2026-07-24T22:54:00Z,91.6777,0.000000,0.000000,0.000000,above_band_high
2026-07-24T22:55:00Z,91.7006,0.000000,0.000000,0.000000,above_band_high
2026-07-24T22:56:00Z,91.6716,0.000000,0.000000,0.000000,above_band_high
2026-07-24T22:57:00Z,91.6640,0.000000,0.000000,0.000000,above_band_high
2026-07-24T22:58:00Z,91.6732,0.000000,0.000000,0.000000,above_band_high
2026-07-24T22:59:00Z,91.6854,0.000000,0.000000,0.000000,above_band_high
2026-07-24T23:00:00Z,91.6854,0.000000,0.000000,0.000000,above_band_high
2026-07-24T23:01:00Z,91.7082,0.000000,0.000000,0.000000,above_band_high
2026-07-24T23:02:00Z,91.6777,0.000000,0.000000,0.000000,above_band_high
2026-07-24T23:03:00Z,91.6945,0.000000,0.000000,0.000000,above_band_high
2026-07-24T23:04:00Z,91.7128,0.000000,0.000000,0.000000,above_band_high
2026-07-24T23:05:00Z,91.6640,0.000000,0.000000,0.000000,above_band_high
2026-07-24T23:06:00Z,91.7052,0.000000,0.000000,0.000000,above_band_high
2026-07-24T23:07:00Z,91.7006,0.000000,0.000000,0.000000,above_band_high
2026-07-24T23:08:00Z,91.6625,0.000000,0.000000,0.000000,above_band_high
2026-07-24T23:09:00Z,91.6686,0.000000,0.000000,0.000000,above_band_high
2026-07-24T23:10:00Z,91.6854,0.000000,0.000000,0.000000,above_band_high
2026-07-24T23:11:00Z,91.6579,0.000000,0.000000,0.000000,above_band_high
2026-07-24T23:12:00Z,91.6915,0.000000,0.000000,0.000000,above_band_high
2026-07-24T23:13:00Z,91.6869,0.000000,0.000000,0.000000,above_band_high
2026-07-24T23:14:00Z,91.7006,0.000000,0.000000,0.000000,above_band_high
2026-07-24T23:15:00Z,91.6991,0.000000,0.000000,0.000000,above_band_high
2026-07-24T23:16:00Z,91.6487,0.000000,0.000000,0.000000,above_band_high
2026-07-24T23:17:00Z,91.7006,0.000000,0.000000,0.000000,above_band_high
2026-07-24T23:18:00Z,91.7006,0.000000,0.000000,0.000000,above_band_high
2026-07-24T23:19:00Z,91.6808,0.000000,0.000000,0.000000,above_band_high
2026-07-24T23:20:00Z,91.6808,0.000000,0.000000,0.000000,above_band_high
2026-07-24T23:21:00Z,91.6808,0.000000,0.000000,0.000000,above_band_high
2026-07-24T23:22:00Z,91.6686,0.000000,0.000000,0.000000,above_band_high
2026-07-24T23:23:00Z,91.6808,0.000000,0.000000,0.000000,above_band_high
2026-07-24T23:24:00Z,91.6579,0.000000,0.000000,0.000000,above_band_high
2026-07-24T23:25:00Z,91.6503,0.000000,0.000000,0.000000,above_band_high
2026-07-24T23:26:00Z,91.6854,0.000000,0.000000,0.000000,above_band_high
2026-07-24T23:27:00Z,91.6945,0.000000,0.000000,0.000000,above_band_high
2026-07-24T23:28:00Z,91.7189,0.000000,0.000000,0.000000,above_band_high
2026-07-24T23:29:00Z,91.6762,0.000000,0.000000,0.000000,above_band_high
2026-07-24T23:30:00Z,91.6808,0.000000,0.000000,0.000000,above_band_high
2026-07-24T23:31:00Z,91.6777,0.000000,0.000000,0.000000,above_band_high
2026-07-24T23:32:00Z,91.6991,0.000000,0.000000,0.000000,above_band_high
2026-07-24T23:33:00Z,91.6487,0.000000,0.000000,0.000000,above_band_high
2026-07-24T23:34:00Z,91.6732,0.000000,0.000000,0.000000,above_band_high
2026-07-24T23:35:00Z,91.6823,0.000000,0.000000,0.000000,above_band_high
2026-07-24T23:36:00Z,91.7037,0.000000,0.000000,0.000000,above_band_high
2026-07-24T23:37:00Z,91.6808,0.000000,0.000000,0.000000,above_band_high
2026-07-24T23:38:00Z,91.6579,0.000000,0.000000,0.000000,above_band_high
2026-07-24T23:39:00Z,91.6915,0.000000,0.000000,0.000000,above_band_high
2026-07-24T23:40:00Z,91.6777,0.000000,0.000000,0.000000,above_band_high
2026-07-24T23:41:00Z,91.6808,0.000000,0.000000,0.000000,above_band_high
2026-07-24T23:42:00Z,91.6732,0.000000,0.000000,0.000000,above_band_high
2026-07-24T23:43:00Z,91.6732,0.000000,0.000000,0.000000,above_band_high
2026-07-24T23:44:00Z,91.7006,0.000000,0.000000,0.000000,above_band_high
2026-07-24T23:45:00Z,91.7006,0.000000,0.000000,0.000000,above_band_high
2026-07-24T23:46:00Z,91.6991,0.000000,0.000000,0.000000,above_band_high
2026-07-24T23:47:00Z,91.7052,0.000000,0.000000,0.000000,above_band_high
2026-07-24T23:48:00Z,91.6777,0.000000,0.000000,0.000000,above_band_high
2026-07-24T23:49:00Z,91.7311,0.000000,0.000000,0.000000,above_band_high
2026-07-24T23:50:00Z,91.7082,0.000000,0.000000,0.000000,above_band_high
2026-07-24T23:51:00Z,91.7174,0.000000,0.000000,0.000000,above_band_high
2026-07-24T23:52:00Z,91.7174,0.000000,0.000000,0.000000,above_band_high
2026-07-24T23:53:00Z,91.7052,0.000000,0.000000,0.000000,above_band_high
2026-07-24T23:54:00Z,91.7769,0.000000,0.000000,0.000000,above_band_high
2026-07-24T23:55:00Z,91.7556,0.000000,0.000000,0.000000,above_band_high
2026-07-24T23:56:00Z,91.7769,0.000000,0.000000,0.000000,above_band_high
2026-07-24T23:57:00Z,91.7235,0.000000,0.000000,0.000000,above_band_high
2026-07-24T23:58:00Z,91.7311,0.000000,0.000000,0.000000,above_band_high
2026-07-24T23:59:00Z,91.7311,0.000000,0.000000,0.000000,above_band_high
2026-07-25T00:00:00Z,91.7632,0.000000,0.000000,0.000000,above_band_high
2026-07-25T00:01:00Z,91.7464,0.000000,0.000000,0.000000,above_band_high
2026-07-25T00:02:00Z,91.7327,0.000000,0.000000,0.000000,above_band_high
2026-07-25T00:03:00Z,91.7632,0.000000,0.000000,0.000000,above_band_high
2026-07-25T00:04:00Z,91.7540,0.000000,0.000000,0.000000,above_band_high
2026-07-25T00:05:00Z,91.7372,0.000000,0.000000,0.000000,above_band_high
2026-07-25T00:06:00Z,91.7922,0.000000,0.000000,0.000000,above_band_high
2026-07-25T00:07:00Z,91.7327,0.000000,0.000000,0.000000,above_band_high
2026-07-25T00:08:00Z,91.7235,0.000000,0.000000,0.000000,above_band_high
2026-07-25T00:09:00Z,91.7784,0.000000,0.000000,0.000000,above_band_high
2026-07-25T00:10:00Z,91.7464,0.000000,0.000000,0.000000,above_band_high
2026-07-25T00:11:00Z,91.7418,0.000000,0.000000,0.000000,above_band_high
2026-07-25T00:12:00Z,91.7372,0.000000,0.000000,0.000000,above_band_high
2026-07-25T00:13:00Z,91.7311,0.000000,0.000000,0.000000,above_band_high
2026-07-25T00:14:00Z,91.7540,0.000000,0.000000,0.000000,above_band_high
2026-07-25T00:15:00Z,91.7449,0.000000,0.000000,0.000000,above_band_high
2026-07-25T00:16:00Z,91.7494,0.000000,0.000000,0.000000,above_band_high
2026-07-25T00:17:00Z,91.7372,0.000000,0.000000,0.000000,above_band_high
2026-07-25T00:18:00Z,91.7693,0.000000,0.000000,0.000000,above_band_high
2026-07-25T00:19:00Z,91.7861,0.000000,0.000000,0.000000,above_band_high
2026-07-25T00:20:00Z,91.8013,0.000000,0.000000,0.000000,above_band_high
2026-07-25T00:21:00Z,91.7784,0.000000,0.000000,0.000000,above_band_high
2026-07-25T00:22:00Z,91.8044,0.000000,0.000000,0.000000,above_band_high
2026-07-25T00:23:00Z,91.8318,0.000000,0.000000,0.000000,above_band_high
2026-07-25T00:24:00Z,91.8334,0.000000,0.000000,0.000000,above_band_high
2026-07-25T00:25:00Z,91.8242,0.000000,0.000000,0.000000,above_band_high
2026-07-25T00:26:00Z,91.8135,0.000000,0.000000,0.000000,above_band_high
2026-07-25T00:27:00Z,91.8379,0.000000,0.000000,0.000000,above_band_high
2026-07-25T00:28:00Z,91.8425,0.000000,0.000000,0.000000,above_band_high
2026-07-25T00:29:00Z,91.8379,0.000000,0.000000,0.000000,above_band_high
2026-07-25T00:30:00Z,91.8639,0.000000,0.000000,0.000000,above_band_high
2026-07-25T00:31:00Z,91.8730,0.000000,0.000000,0.000000,above_band_high
2026-07-25T00:32:00Z,91.8730,0.000000,0.000000,0.000000,above_band_high
2026-07-25T00:33:00Z,91.8746,0.000000,0.000000,0.000000,above_band_high
2026-07-25T00:34:00Z,91.8517,0.000000,0.000000,0.000000,above_band_high
2026-07-25T00:35:00Z,91.8959,0.000000,0.000000,0.000000,above_band_high
2026-07-25T00:36:00Z,91.9203,0.000000,0.000000,0.000000,above_band_high
2026-07-25T00:37:00Z,91.9371,0.000000,0.000000,0.000000,above_band_high
2026-07-25T00:38:00Z,91.9203,0.000000,0.000000,0.000000,above_band_high
2026-07-25T00:39:00Z,91.9661,0.000000,0.000000,0.000000,above_band_high
2026-07-25T00:40:00Z,91.9387,0.000000,0.000000,0.000000,above_band_high
2026-07-25T00:41:00Z,91.9753,0.000000,0.000000,0.000000,above_band_high
2026-07-25T00:42:00Z,91.9875,0.000000,0.000000,0.000000,above_band_high
2026-07-25T00:43:00Z,91.9982,0.000000,0.000000,0.000000,above_band_high
2026-07-25T00:44:00Z,92.0195,0.000000,0.000000,0.000000,above_band_high
2026-07-25T00:45:00Z,92.0424,0.000000,0.000000,0.000000,above_band_high
2026-07-25T00:46:00Z,92.0424,0.000000,0.000000,0.000000,above_band_high
2026-07-25T00:47:00Z,92.0577,0.000000,0.000000,0.000000,above_band_high
2026-07-25T00:48:00Z,92.0928,0.000000,0.000000,0.000000,above_band_high
2026-07-25T00:49:00Z,92.1157,0.000000,0.000000,0.000000,above_band_high
2026-07-25T00:50:00Z,92.0928,0.000000,0.000000,0.000000,above_band_high
2026-07-25T00:51:00Z,92.1157,0.000000,0.000000,0.000000,above_band_high
2026-07-25T00:52:00Z,92.1340,0.000000,0.000000,0.000000,above_band_high
2026-07-25T00:53:00Z,92.1706,0.000000,0.000000,0.000000,above_band_high
2026-07-25T00:54:00Z,92.1767,0.000000,0.000000,0.000000,above_band_high
2026-07-25T00:55:00Z,92.1935,0.000000,0.000000,0.000000,above_band_high
2026-07-25T00:56:00Z,92.1950,0.000000,0.000000,0.000000,above_band_high
2026-07-25T00:57:00Z,92.1935,0.000000,0.000000,0.000000,above_band_high
2026-07-25T00:58:00Z,92.2271,0.000000,0.000000,0.000000,above_band_high
2026-07-25T00:59:00Z,92.2087,0.000000,0.000000,0.000000,above_band_high
2026-07-25T01:00:00Z,92.2210,0.000000,0.000000,0.000000,above_band_high
2026-07-25T01:01:00Z,92.2118,0.000000,0.000000,0.000000,above_band_high
2026-07-25T01:02:00Z,92.2271,0.000000,0.000000,0.000000,above_band_high
2026-07-25T01:03:00Z,92.2347,0.000000,0.000000,0.000000,above_band_high
2026-07-25T01:04:00Z,92.2347,0.000000,0.000000,0.000000,above_band_high
2026-07-25T01:05:00Z,92.2271,0.000000,0.000000,0.000000,above_band_high
2026-07-25T01:06:00Z,92.2774,0.000000,0.000000,0.000000,above_band_high
2026-07-25T01:07:00Z,92.2454,0.000000,0.000000,0.000000,above_band_high
2026-07-25T01:08:00Z,92.2301,0.000000,0.000000,0.000000,above_band_high
2026-07-25T01:09:00Z,92.2530,0.000000,0.000000,0.000000,above_band_high
2026-07-25T01:10:00Z,92.2728,0.000000,0.000000,0.000000,above_band_high
2026-07-25T01:11:00Z,92.2728,0.000000,0.000000,0.000000,above_band_high
2026-07-25T01:12:00Z,92.2850,0.000000,0.000000,0.000000,above_band_high
2026-07-25T01:13:00Z,92.2911,0.000000,0.000000,0.000000,above_band_high
2026-07-25T01:14:00Z,92.3125,0.000000,0.000000,0.000000,above_band_high
2026-07-25T01:15:00Z,92.3140,0.000000,0.000000,0.000000,above_band_high
2026-07-25T01:16:00Z,92.3308,0.000000,0.000000,0.000000,above_band_high
2026-07-25T01:17:00Z,92.3720,0.000000,0.000000,0.000000,above_band_high
2026-07-25T01:18:00Z,92.3537,0.000000,0.000000,0.000000,above_band_high
2026-07-25T01:19:00Z,92.3903,0.000000,0.000000,0.000000,above_band_high
2026-07-25T01:20:00Z,92.4041,0.000000,0.000000,0.000000,above_band_high
2026-07-25T01:21:00Z,92.3903,0.000000,0.000000,0.000000,above_band_high
2026-07-25T01:22:00Z,92.3919,0.000000,0.000000,0.000000,above_band_high
2026-07-25T01:23:00Z,92.4285,0.000000,0.000000,0.000000,above_band_high
2026-07-25T01:24:00Z,92.4224,0.000000,0.000000,0.000000,above_band_high
2026-07-25T01:25:00Z,92.4224,0.000000,0.000000,0.000000,above_band_high
2026-07-25T01:26:00Z,92.4361,0.000000,0.000000,0.000000,above_band_high
2026-07-25T01:27:00Z,92.4269,0.000000,0.000000,0.000000,above_band_high
2026-07-25T01:28:00Z,92.4331,0.000000,0.000000,0.000000,above_band_high
2026-07-25T01:29:00Z,92.4331,0.000000,0.000000,0.000000,above_band_high
2026-07-25T01:30:00Z,92.4468,0.000000,0.000000,0.000000,above_band_high
2026-07-25T01:31:00Z,92.4681,0.000000,0.000000,0.000000,above_band_high
2026-07-25T01:32:00Z,92.4544,0.000000,0.000000,0.000000,above_band_high
2026-07-25T01:33:00Z,92.4681,0.000000,0.000000,0.000000,above_band_high
2026-07-25T01:34:00Z,92.4468,0.000000,0.000000,0.000000,above_band_high
2026-07-25T01:35:00Z,92.4285,0.000000,0.000000,0.000000,above_band_high
2026-07-25T01:36:00Z,92.4834,0.000000,0.000000,0.000000,above_band_high
2026-07-25T01:37:00Z,92.4590,0.000000,0.000000,0.000000,above_band_high
2026-07-25T01:38:00Z,92.4697,0.000000,0.000000,0.000000,above_band_high
2026-07-25T01:39:00Z,92.4605,0.000000,0.000000,0.000000,above_band_high
2026-07-25T01:40:00Z,92.4636,0.000000,0.000000,0.000000,above_band_high
2026-07-25T01:41:00Z,92.4636,0.000000,0.000000,0.000000,above_band_high
2026-07-25T01:42:00Z,92.4727,0.000000,0.000000,0.000000,above_band_high
2026-07-25T01:43:00Z,92.5048,0.000000,0.000000,0.000000,above_band_high
2026-07-25T01:44:00Z,92.4727,0.000000,0.000000,0.000000,above_band_high
2026-07-25T01:45:00Z,92.5429,0.000000,0.000000,0.000000,above_band_high
2026-07-25T01:46:00Z,92.5429,0.000000,0.000000,0.000000,above_band_high
2026-07-25T01:47:00Z,92.5704,0.000000,0.000000,0.000000,above_band_high
2026-07-25T01:48:00Z,92.5826,0.000000,0.000000,0.000000,above_band_high
2026-07-25T01:49:00Z,92.6055,0.000000,0.000000,0.000000,above_band_high
2026-07-25T01:50:00Z,92.6253,0.000000,0.000000,0.000000,above_band_high
2026-07-25T01:51:00Z,92.6375,0.000000,0.000000,0.000000,above_band_high
2026-07-25T01:52:00Z,92.6467,0.000000,0.000000,0.000000,above_band_high
2026-07-25T01:53:00Z,92.6970,0.000000,0.000000,0.000000,above_band_high
2026-07-25T01:54:00Z,92.6940,0.000000,0.000000,0.000000,above_band_high
2026-07-25T01:55:00Z,92.7291,0.000000,0.000000,0.000000,above_band_high
2026-07-25T01:56:00Z,92.7062,0.000000,0.000000,0.000000,above_band_high
2026-07-25T01:57:00Z,92.7611,0.000000,0.000000,0.000000,above_band_high
2026-07-25T01:58:00Z,92.7565,0.000000,0.000000,0.000000,above_band_high
2026-07-25T01:59:00Z,92.7749,0.000000,0.000000,0.000000,above_band_high
2026-07-25T02:00:00Z,92.8069,0.000000,0.000000,0.000000,above_band_high
2026-07-25T02:01:00Z,92.8023,0.000000,0.000000,0.000000,above_band_high
2026-07-25T02:02:00Z,92.8344,0.000000,0.000000,0.000000,above_band_high
2026-07-25T02:03:00Z,92.8313,0.000000,0.000000,0.000000,above_band_high
2026-07-25T02:04:00Z,92.8405,0.000000,0.000000,0.000000,above_band_high
2026-07-25T02:05:00Z,92.8588,0.000000,0.000000,0.000000,above_band_high
2026-07-25T02:06:00Z,92.8344,0.000000,0.000000,0.000000,above_band_high
2026-07-25T02:07:00Z,92.8725,0.000000,0.000000,0.000000,above_band_high
2026-07-25T02:08:00Z,92.8542,0.000000,0.000000,0.000000,above_band_high
2026-07-25T02:09:00Z,92.8862,0.000000,0.000000,0.000000,above_band_high
2026-07-25T02:10:00Z,92.8588,0.000000,0.000000,0.000000,above_band_high
2026-07-25T02:11:00Z,92.8267,0.000000,0.000000,0.000000,above_band_high
2026-07-25T02:12:00Z,92.8313,0.000000,0.000000,0.000000,above_band_high
2026-07-25T02:13:00Z,92.8450,0.000000,0.000000,0.000000,above_band_high
2026-07-25T02:14:00Z,92.8542,0.000000,0.000000,0.000000,above_band_high
2026-07-25T02:15:00Z,92.8252,0.000000,0.000000,0.000000,above_band_high
2026-07-25T02:16:00Z,92.8084,0.000000,0.000000,0.000000,above_band_high
2026-07-25T02:17:00Z,92.8206,0.000000,0.000000,0.000000,above_band_high
2026-07-25T02:18:00Z,92.8359,0.000000,0.000000,0.000000,above_band_high
2026-07-25T02:19:00Z,92.8588,0.000000,0.000000,0.000000,above_band_high
2026-07-25T02:20:00Z,92.8527,0.000000,0.000000,0.000000,above_band_high
2026-07-25T02:21:00Z,92.8405,0.000000,0.000000,0.000000,above_band_high
2026-07-25T02:22:00Z,92.8267,0.000000,0.000000,0.000000,above_band_high
2026-07-25T02:23:00Z,92.8542,0.000000,0.000000,0.000000,above_band_high
2026-07-25T02:24:00Z,92.8634,0.000000,0.000000,0.000000,above_band_high
2026-07-25T02:25:00Z,92.8634,0.000000,0.000000,0.000000,above_band_high
2026-07-25T02:26:00Z,92.8908,0.000000,0.000000,0.000000,above_band_high
2026-07-25T02:27:00Z,92.8954,0.000000,0.000000,0.000000,above_band_high
2026-07-25T02:28:00Z,92.8954,0.000000,0.000000,0.000000,above_band_high
2026-07-25T02:29:00Z,92.8893,0.000000,0.000000,0.000000,above_band_high
2026-07-25T02:30:00Z,92.8985,0.000000,0.000000,0.000000,above_band_high
2026-07-25T02:31:00Z,92.9091,0.000000,0.000000,0.000000,above_band_high
2026-07-25T02:32:00Z,92.9137,0.000000,0.000000,0.000000,above_band_high
2026-07-25T02:33:00Z,92.9229,0.000000,0.000000,0.000000,above_band_high
2026-07-25T02:34:00Z,92.9686,0.000000,0.000000,0.000000,above_band_high
2026-07-25T02:35:00Z,92.9686,0.000000,0.000000,0.000000,above_band_high
2026-07-25T02:36:00Z,92.9778,0.000000,0.000000,0.000000,above_band_high
2026-07-25T02:37:00Z,92.9961,0.000000,0.000000,0.000000,above_band_high
2026-07-25T02:38:00Z,92.9778,0.000000,0.000000,0.000000,above_band_high
2026-07-25T02:39:00Z,93.0144,0.000000,0.000000,0.000000,above_band_high
2026-07-25T02:40:00Z,93.0266,0.000000,0.000000,0.000000,above_band_high
2026-07-25T02:41:00Z,92.9732,0.000000,0.000000,0.000000,above_band_high
2026-07-25T02:42:00Z,93.0419,0.000000,0.000000,0.000000,above_band_high
2026-07-25T02:43:00Z,93.0922,0.000000,0.000000,0.000000,above_band_high
2026-07-25T02:44:00Z,93.0541,0.000000,0.000000,0.000000,above_band_high
2026-07-25T02:45:00Z,93.0724,0.000000,0.000000,0.000000,above_band_high
2026-07-25T02:46:00Z,93.0724,0.000000,0.000000,0.000000,above_band_high
2026-07-25T02:47:00Z,93.0785,0.000000,0.000000,0.000000,above_band_high
2026-07-25T02:48:00Z,93.0922,0.000000,0.000000,0.000000,above_band_high
2026-07-25T02:49:00Z,93.1289,0.000000,0.000000,0.000000,above_band_high
2026-07-25T02:50:00Z,93.0861,0.000000,0.000000,0.000000,above_band_high
2026-07-25T02:51:00Z,93.1182,0.000000,0.000000,0.000000,above_band_high
2026-07-25T02:52:00Z,93.1334,0.000000,0.000000,0.000000,above_band_high
2026-07-25T02:53:00Z,93.1106,0.000000,0.000000,0.000000,above_band_high
2026-07-25T02:54:00Z,93.1380,0.000000,0.000000,0.000000,above_band_high
2026-07-25T02:55:00Z,93.1472,0.000000,0.000000,0.000000,above_band_high
2026-07-25T02:56:00Z,93.1640,0.000000,0.000000,0.000000,above_band_high
2026-07-25T02:57:00Z,93.1563,0.000000,0.000000,0.000000,above_band_high
2026-07-25T02:58:00Z,93.1914,0.000000,0.000000,0.000000,above_band_high
2026-07-25T02:59:00Z,93.1655,0.000000,0.000000,0.000000,above_band_high
2026-07-25T03:00:00Z,93.2158,0.000000,0.000000,0.000000,above_band_high
2026-07-25T03:01:00Z,93.1930,0.000000,0.000000,0.000000,above_band_high
2026-07-25T03:02:00Z,93.1777,0.000000,0.000000,0.000000,above_band_high
2026-07-25T03:03:00Z,93.1777,0.000000,0.000000,0.000000,above_band_high
2026-07-25T03:04:00Z,93.2250,0.000000,0.000000,0.000000,above_band_high
2026-07-25T03:05:00Z,93.1472,0.000000,0.000000,0.000000,above_band_high
2026-07-25T03:06:00Z,93.1502,0.000000,0.000000,0.000000,above_band_high
2026-07-25T03:07:00Z,93.1182,0.000000,0.000000,0.000000,above_band_high
2026-07-25T03:08:00Z,93.1060,0.000000,0.000000,0.000000,above_band_high
2026-07-25T03:09:00Z,93.0831,0.000000,0.000000,0.000000,above_band_high
2026-07-25T03:10:00Z,93.0419,0.000000,0.000000,0.000000,above_band_high
2026-07-25T03:11:00Z,93.0465,0.000000,0.000000,0.000000,above_band_high
2026-07-25T03:12:00Z,93.0587,0.000000,0.000000,0.000000,above_band_high
2026-07-25T03:13:00Z,93.0266,0.000000,0.000000,0.000000,above_band_high
2026-07-25T03:14:00Z,93.0220,0.000000,0.000000,0.000000,above_band_high
2026-07-25T03:15:00Z,92.9961,0.000000,0.000000,0.000000,above_band_high
2026-07-25T03:16:00Z,92.9580,0.000000,0.000000,0.000000,above_band_high
2026-07-25T03:17:00Z,92.9641,0.000000,0.000000,0.000000,above_band_high
2026-07-25T03:18:00Z,92.9732,0.000000,0.000000,0.000000,above_band_high
2026-07-25T03:19:00Z,92.9046,0.000000,0.000000,0.000000,above_band_high
2026-07-25T03:20:00Z,92.9397,0.000000,0.000000,0.000000,above_band_high
2026-07-25T03:21:00Z,92.9213,0.000000,0.000000,0.000000,above_band_high
2026-07-25T03:22:00Z,92.9870,0.000000,0.000000,0.000000,above_band_high
2026-07-25T03:23:00Z,92.9412,0.000000,0.000000,0.000000,above_band_high
2026-07-25T03:24:00Z,92.9442,0.000000,0.000000,0.000000,above_band_high
2026-07-25T03:25:00Z,92.9671,0.000000,0.000000,0.000000,above_band_high
2026-07-25T03:26:00Z,92.9488,0.000000,0.000000,0.000000,above_band_high
2026-07-25T03:27:00Z,92.9320,0.000000,0.000000,0.000000,above_band_high
2026-07-25T03:28:00Z,92.9320,0.000000,0.000000,0.000000,above_band_high
2026-07-25T03:29:00Z,92.8939,0.000000,0.000000,0.000000,above_band_high
2026-07-25T03:30:00Z,92.9259,0.000000,0.000000,0.000000,above_band_high
2026-07-25T03:31:00Z,92.9549,0.000000,0.000000,0.000000,above_band_high
2026-07-25T03:32:00Z,92.9320,0.000000,0.000000,0.000000,above_band_high
2026-07-25T03:33:00Z,92.9503,0.000000,0.000000,0.000000,above_band_high
2026-07-25T03:34:00Z,92.9366,0.000000,0.000000,0.000000,above_band_high
2026-07-25T03:35:00Z,92.9229,0.000000,0.000000,0.000000,above_band_high
2026-07-25T03:36:00Z,92.9625,0.000000,0.000000,0.000000,above_band_high
2026-07-25T03:37:00Z,92.9229,0.000000,0.000000,0.000000,above_band_high
2026-07-25T03:38:00Z,92.9213,0.000000,0.000000,0.000000,above_band_high
2026-07-25T03:39:00Z,92.8893,0.000000,0.000000,0.000000,above_band_high
2026-07-25T03:40:00Z,92.8847,0.000000,0.000000,0.000000,above_band_high
2026-07-25T03:41:00Z,92.9076,0.000000,0.000000,0.000000,above_band_high
2026-07-25T03:42:00Z,92.8847,0.000000,0.000000,0.000000,above_band_high
2026-07-25T03:43:00Z,92.8756,0.000000,0.000000,0.000000,above_band_high
2026-07-25T03:44:00Z,92.8817,0.000000,0.000000,0.000000,above_band_high
2026-07-25T03:45:00Z,92.8344,0.000000,0.000000,0.000000,above_band_high
2026-07-25T03:46:00Z,92.8679,0.000000,0.000000,0.000000,above_band_high
2026-07-25T03:47:00Z,92.7993,0.000000,0.000000,0.000000,above_band_high
2026-07-25T03:48:00Z,92.8161,0.000000,0.000000,0.000000,above_band_high
2026-07-25T03:49:00Z,92.7947,0.000000,0.000000,0.000000,above_band_high
2026-07-25T03:50:00Z,92.7886,0.000000,0.000000,0.000000,above_band_high
2026-07-25T03:51:00Z,92.7626,0.000000,0.000000,0.000000,above_band_high
2026-07-25T03:52:00Z,92.7611,0.000000,0.000000,0.000000,above_band_high
2026-07-25T03:53:00Z,92.7062,0.000000,0.000000,0.000000,above_band_high
2026-07-25T03:54:00Z,92.6879,0.000000,0.000000,0.000000,above_band_high
2026-07-25T03:55:00Z,92.7123,0.000000,0.000000,0.000000,above_band_high
2026-07-25T03:56:00Z,92.6467,0.000000,0.000000,0.000000,above_band_high
2026-07-25T03:57:00Z,92.6192,0.000000,0.000000,0.000000,above_band_high
2026-07-25T03:58:00Z,92.6299,0.000000,0.000000,0.000000,above_band_high
2026-07-25T03:59:00Z,92.6192,0.000000,0.000000,0.000000,above_band_high
2026-07-25T04:00:00Z,92.5551,0.000000,0.000000,0.000000,above_band_high
2026-07-25T04:01:00Z,92.5246,0.000000,0.000000,0.000000,above_band_high
2026-07-25T04:02:00Z,92.4743,0.000000,0.000000,0.000000,above_band_high
2026-07-25T04:03:00Z,92.4422,0.000000,0.000000,0.000000,above_band_high
2026-07-25T04:04:00Z,92.4269,0.000000,0.000000,0.000000,above_band_high
2026-07-25T04:05:00Z,92.3735,0.000000,0.000000,0.000000,above_band_high
2026-07-25T04:06:00Z,92.3720,0.000000,0.000000,0.000000,above_band_high
2026-07-25T04:07:00Z,92.3537,0.000000,0.000000,0.000000,above_band_high
2026-07-25T04:08:00Z,92.2988,0.000000,0.000000,0.000000,above_band_high
2026-07-25T04:09:00Z,92.2896,0.000000,0.000000,0.000000,above_band_high
2026-07-25T04:10:00Z,92.2576,0.000000,0.000000,0.000000,above_band_high
2026-07-25T04:11:00Z,92.2454,0.000000,0.000000,0.000000,above_band_high
2026-07-25T04:12:00Z,92.2225,0.000000,0.000000,0.000000,above_band_high
2026-07-25T04:13:00Z,92.2042,0.000000,0.000000,0.000000,above_band_high
2026-07-25T04:14:00Z,92.1614,0.000000,0.000000,0.000000,above_band_high
2026-07-25T04:15:00Z,92.1813,0.000000,0.000000,0.000000,above_band_high
2026-07-25T04:16:00Z,92.1767,0.000000,0.000000,0.000000,above_band_high
2026-07-25T04:17:00Z,92.1950,0.000000,0.000000,0.000000,above_band_high
2026-07-25T04:18:00Z,92.2026,0.000000,0.000000,0.000000,above_band_high
2026-07-25T04:19:00Z,92.2179,0.000000,0.000000,0.000000,above_band_high
2026-07-25T04:20:00Z,92.2179,0.000000,0.000000,0.000000,above_band_high
2026-07-25T04:21:00Z,92.1538,0.000000,0.000000,0.000000,above_band_high
2026-07-25T04:22:00Z,92.2072,0.000000,0.000000,0.000000,above_band_high
2026-07-25T04:23:00Z,92.1859,0.000000,0.000000,0.000000,above_band_high
2026-07-25T04:24:00Z,92.2301,0.000000,0.000000,0.000000,above_band_high
2026-07-25T04:25:00Z,92.1904,0.000000,0.000000,0.000000,above_band_high
2026-07-25T04:26:00Z,92.1798,0.000000,0.000000,0.000000,above_band_high
2026-07-25T04:27:00Z,92.1935,0.000000,0.000000,0.000000,above_band_high
2026-07-25T04:28:00Z,92.1935,0.000000,0.000000,0.000000,above_band_high
2026-07-25T04:29:00Z,92.1660,0.000000,0.000000,0.000000,above_band_high
2026-07-25T04:30:00Z,92.1401,0.000000,0.000000,0.000000,above_band_high
2026-07-25T04:31:00Z,92.1614,0.000000,0.000000,0.000000,above_band_high
2026-07-25T04:32:00Z,92.1340,0.000000,0.000000,0.000000,above_band_high
2026-07-25T04:33:00Z,92.1523,0.000000,0.000000,0.000000,above_band_high
2026-07-25T04:34:00Z,92.1584,0.000000,0.000000,0.000000,above_band_high
2026-07-25T04:35:00Z,92.1080,0.000000,0.000000,0.000000,above_band_high
2026-07-25T04:36:00Z,92.1355,0.000000,0.000000,0.000000,above_band_high
2026-07-25T04:37:00Z,92.1065,0.000000,0.000000,0.000000,above_band_high
2026-07-25T04:38:00Z,92.1126,0.000000,0.000000,0.000000,above_band_high
2026-07-25T04:39:00Z,92.1126,0.000000,0.000000,0.000000,above_band_high
2026-07-25T04:40:00Z,92.1157,0.000000,0.000000,0.000000,above_band_high
2026-07-25T04:41:00Z,92.0882,0.000000,0.000000,0.000000,above_band_high
2026-07-25T04:42:00Z,92.0745,0.000000,0.000000,0.000000,above_band_high
2026-07-25T04:43:00Z,92.0516,0.000000,0.000000,0.000000,above_band_high
2026-07-25T04:44:00Z,92.1157,0.000000,0.000000,0.000000,above_band_high
2026-07-25T04:45:00Z,92.0882,0.000000,0.000000,0.000000,above_band_high
2026-07-25T04:46:00Z,92.0653,0.000000,0.000000,0.000000,above_band_high
2026-07-25T04:47:00Z,92.0119,0.000000,0.000000,0.000000,above_band_high
2026-07-25T04:48:00Z,92.0485,0.000000,0.000000,0.000000,above_band_high
2026-07-25T04:49:00Z,92.0256,0.000000,0.000000,0.000000,above_band_high
2026-07-25T04:50:00Z,91.9844,0.000000,0.000000,0.000000,above_band_high
2026-07-25T04:51:00Z,91.9463,0.000000,0.000000,0.000000,above_band_high
2026-07-25T04:52:00Z,91.9799,0.000000,0.000000,0.000000,above_band_high
2026-07-25T04:53:00Z,91.9570,0.000000,0.000000,0.000000,above_band_high
2026-07-25T04:54:00Z,91.9646,0.000000,0.000000,0.000000,above_band_high
2026-07-25T04:55:00Z,91.9524,0.000000,0.000000,0.000000,above_band_high
2026-07-25T04:56:00Z,91.9326,0.000000,0.000000,0.000000,above_band_high
2026-07-25T04:57:00Z,91.8914,0.000000,0.000000,0.000000,above_band_high
2026-07-25T04:58:00Z,91.8959,0.000000,0.000000,0.000000,above_band_high
2026-07-25T04:59:00Z,91.8914,0.000000,0.000000,0.000000,above_band_high
2026-07-25T05:00:00Z,91.8822,0.000000,0.000000,0.000000,above_band_high
2026-07-25T05:01:00Z,91.8914,0.000000,0.000000,0.000000,above_band_high
2026-07-25T05:02:00Z,91.9326,0.000000,0.000000,0.000000,above_band_high
2026-07-25T05:03:00Z,91.9387,0.000000,0.000000,0.000000,above_band_high
2026-07-25T05:04:00Z,91.8822,0.000000,0.000000,0.000000,above_band_high
2026-07-25T05:05:00Z,91.9203,0.000000,0.000000,0.000000,above_band_high
2026-07-25T05:06:00Z,91.9051,0.000000,0.000000,0.000000,above_band_high
2026-07-25T05:07:00Z,91.9112,0.000000,0.000000,0.000000,above_band_high
2026-07-25T05:08:00Z,91.9158,0.000000,0.000000,0.000000,above_band_high
2026-07-25T05:09:00Z,91.9112,0.000000,0.000000,0.000000,above_band_high
2026-07-25T05:10:00Z,91.9112,0.000000,0.000000,0.000000,above_band_high
2026-07-25T05:11:00Z,91.9142,0.000000,0.000000,0.000000,above_band_high
2026-07-25T05:12:00Z,91.9112,0.000000,0.000000,0.000000,above_band_high
2026-07-25T05:13:00Z,91.9005,0.000000,0.000000,0.000000,above_band_high
2026-07-25T05:14:00Z,91.9158,0.000000,0.000000,0.000000,above_band_high
2026-07-25T05:15:00Z,91.9142,0.000000,0.000000,0.000000,above_band_high
2026-07-25T05:16:00Z,91.9509,0.000000,0.000000,0.000000,above_band_high
2026-07-25T05:17:00Z,91.9326,0.000000,0.000000,0.000000,above_band_high
2026-07-25T05:18:00Z,91.9142,0.000000,0.000000,0.000000,above_band_high
2026-07-25T05:19:00Z,91.9280,0.000000,0.000000,0.000000,above_band_high
2026-07-25T05:20:00Z,91.9051,0.000000,0.000000,0.000000,above_band_high
2026-07-25T05:21:00Z,91.9341,0.000000,0.000000,0.000000,above_band_high
2026-07-25T05:22:00Z,91.9249,0.000000,0.000000,0.000000,above_band_high
2026-07-25T05:23:00Z,91.9280,0.000000,0.000000,0.000000,above_band_high
2026-07-25T05:24:00Z,91.9203,0.000000,0.000000,0.000000,above_band_high
2026-07-25T05:25:00Z,91.9158,0.000000,0.000000,0.000000,above_band_high
2026-07-25T05:26:00Z,91.9249,0.000000,0.000000,0.000000,above_band_high
2026-07-25T05:27:00Z,91.9371,0.000000,0.000000,0.000000,above_band_high
2026-07-25T05:28:00Z,91.9295,0.000000,0.000000,0.000000,above_band_high
2026-07-25T05:29:00Z,91.9417,0.000000,0.000000,0.000000,above_band_high
2026-07-25T05:30:00Z,91.9509,0.000000,0.000000,0.000000,above_band_high
2026-07-25T05:31:00Z,91.9341,0.000000,0.000000,0.000000,above_band_high
2026-07-25T05:32:00Z,91.9203,0.000000,0.000000,0.000000,above_band_high
2026-07-25T05:33:00Z,91.9051,0.000000,0.000000,0.000000,above_band_high
2026-07-25T05:34:00Z,91.8959,0.000000,0.000000,0.000000,above_band_high
2026-07-25T05:35:00Z,91.9249,0.000000,0.000000,0.000000,above_band_high
2026-07-25T05:36:00Z,91.9097,0.000000,0.000000,0.000000,above_band_high
2026-07-25T05:37:00Z,91.8975,0.000000,0.000000,0.000000,above_band_high
2026-07-25T05:38:00Z,91.8700,0.000000,0.000000,0.000000,above_band_high
2026-07-25T05:39:00Z,91.9188,0.000000,0.000000,0.000000,above_band_high
2026-07-25T05:40:00Z,91.9051,0.000000,0.000000,0.000000,above_band_high
2026-07-25T05:41:00Z,91.8730,0.000000,0.000000,0.000000,above_band_high
2026-07-25T05:42:00Z,91.8883,0.000000,0.000000,0.000000,above_band_high
2026-07-25T05:43:00Z,91.9387,0.000000,0.000000,0.000000,above_band_high
2026-07-25T05:44:00Z,91.9051,0.000000,0.000000,0.000000,above_band_high
2026-07-25T05:45:00Z,91.9051,0.000000,0.000000,0.000000,above_band_high
2026-07-25T05:46:00Z,91.9188,0.000000,0.000000,0.000000,above_band_high
2026-07-25T05:47:00Z,91.9326,0.000000,0.000000,0.000000,above_band_high
2026-07-25T05:48:00Z,91.9051,0.000000,0.000000,0.000000,above_band_high
2026-07-25T05:49:00Z,91.9249,0.000000,0.000000,0.000000,above_band_high
2026-07-25T05:50:00Z,91.9112,0.000000,0.000000,0.000000,above_band_high
2026-07-25T05:51:00Z,91.9524,0.000000,0.000000,0.000000,above_band_high
2026-07-25T05:52:00Z,91.9600,0.000000,0.000000,0.000000,above_band_high
2026-07-25T05:53:00Z,91.9280,0.000000,0.000000,0.000000,above_band_high
2026-07-25T05:54:00Z,91.9097,0.000000,0.000000,0.000000,above_band_high
2026-07-25T05:55:00Z,91.9188,0.000000,0.000000,0.000000,above_band_high
2026-07-25T05:56:00Z,91.8746,0.000000,0.000000,0.000000,above_band_high
2026-07-25T05:57:00Z,91.9387,0.000000,0.000000,0.000000,above_band_high
2026-07-25T05:58:00Z,91.9280,0.000000,0.000000,0.000000,above_band_high
2026-07-25T05:59:00Z,91.9112,0.000000,0.000000,0.000000,above_band_high
2026-07-25T06:00:00Z,91.9570,0.000000,0.000000,0.000000,above_band_high
2026-07-25T06:01:00Z,91.9524,0.000000,0.000000,0.000000,above_band_high
2026-07-25T06:02:00Z,91.9524,0.000000,0.000000,0.000000,above_band_high
2026-07-25T06:03:00Z,91.9280,0.000000,0.000000,0.000000,above_band_high
2026-07-25T06:04:00Z,91.9478,0.000000,0.000000,0.000000,above_band_high
2026-07-25T06:05:00Z,91.9524,0.000000,0.000000,0.000000,above_band_high
2026-07-25T06:06:00Z,91.9646,0.000000,0.000000,0.000000,above_band_high
2026-07-25T06:07:00Z,91.9463,0.000000,0.000000,0.000000,above_band_high
2026-07-25T06:08:00Z,91.9524,0.000000,0.000000,0.000000,above_band_high
2026-07-25T06:09:00Z,91.9890,0.000000,0.000000,0.000000,above_band_high
2026-07-25T06:10:00Z,91.9463,0.000000,0.000000,0.000000,above_band_high
2026-07-25T06:11:00Z,91.9463,0.000000,0.000000,0.000000,above_band_high
2026-07-25T06:12:00Z,91.9646,0.000000,0.000000,0.000000,above_band_high
2026-07-25T06:13:00Z,91.9615,0.000000,0.000000,0.000000,above_band_high
2026-07-25T06:14:00Z,91.9738,0.000000,0.000000,0.000000,above_band_high
2026-07-25T06:15:00Z,91.9646,0.000000,0.000000,0.000000,above_band_high
2026-07-25T06:16:00Z,91.9341,0.000000,0.000000,0.000000,above_band_high
2026-07-25T06:17:00Z,91.9524,0.000000,0.000000,0.000000,above_band_high
2026-07-25T06:18:00Z,91.9875,0.000000,0.000000,0.000000,above_band_high
2026-07-25T06:19:00Z,92.0027,0.000000,0.000000,0.000000,above_band_high
2026-07-25T06:20:00Z,92.0241,0.000000,0.000000,0.000000,above_band_high
2026-07-25T06:21:00Z,92.0104,0.000000,0.000000,0.000000,above_band_high
2026-07-25T06:22:00Z,92.0012,0.000000,0.000000,0.000000,above_band_high
2026-07-25T06:23:00Z,92.0150,0.000000,0.000000,0.000000,above_band_high
2026-07-25T06:24:00Z,92.0211,0.000000,0.000000,0.000000,above_band_high
2026-07-25T06:25:00Z,91.9875,0.000000,0.000000,0.000000,above_band_high
2026-07-25T06:26:00Z,92.0287,0.000000,0.000000,0.000000,above_band_high
2026-07-25T06:27:00Z,92.0485,0.000000,0.000000,0.000000,above_band_high
2026-07-25T06:28:00Z,92.0470,0.000000,0.000000,0.000000,above_band_high
2026-07-25T06:29:00Z,92.0287,0.000000,0.000000,0.000000,above_band_high
2026-07-25T06:30:00Z,92.0607,0.000000,0.000000,0.000000,above_band_high
2026-07-25T06:31:00Z,92.0470,0.000000,0.000000,0.000000,above_band_high
2026-07-25T06:32:00Z,92.0348,0.000000,0.000000,0.000000,above_band_high
2026-07-25T06:33:00Z,92.0714,0.000000,0.000000,0.000000,above_band_high
2026-07-25T06:34:00Z,92.0714,0.000000,0.000000,0.000000,above_band_high
2026-07-25T06:35:00Z,92.0882,0.000000,0.000000,0.000000,above_band_high
2026-07-25T06:36:00Z,92.0668,0.000000,0.000000,0.000000,above_band_high
2026-07-25T06:37:00Z,92.0851,0.000000,0.000000,0.000000,above_band_high
2026-07-25T06:38:00Z,92.0897,0.000000,0.000000,0.000000,above_band_high
2026-07-25T06:39:00Z,92.0943,0.000000,0.000000,0.000000,above_band_high
2026-07-25T06:40:00Z,92.1035,0.000000,0.000000,0.000000,above_band_high
2026-07-25T06:41:00Z,92.1401,0.000000,0.000000,0.000000,above_band_high
2026-07-25T06:42:00Z,92.1218,0.000000,0.000000,0.000000,above_band_high
2026-07-25T06:43:00Z,92.1706,0.000000,0.000000,0.000000,above_band_high
2026-07-25T06:44:00Z,92.1721,0.000000,0.000000,0.000000,above_band_high
2026-07-25T06:45:00Z,92.1935,0.000000,0.000000,0.000000,above_band_high
2026-07-25T06:46:00Z,92.1798,0.000000,0.000000,0.000000,above_band_high
2026-07-25T06:47:00Z,92.2026,0.000000,0.000000,0.000000,above_band_high
2026-07-25T06:48:00Z,92.2225,0.000000,0.000000,0.000000,above_band_high
2026-07-25T06:49:00Z,92.1981,0.000000,0.000000,0.000000,above_band_high
2026-07-25T06:50:00Z,92.1981,0.000000,0.000000,0.000000,above_band_high
2026-07-25T06:51:00Z,92.2164,0.000000,0.000000,0.000000,above_band_high
2026-07-25T06:52:00Z,92.2362,0.000000,0.000000,0.000000,above_band_high
2026-07-25T06:53:00Z,92.2271,0.000000,0.000000,0.000000,above_band_high
2026-07-25T06:54:00Z,92.2271,0.000000,0.000000,0.000000,above_band_high
2026-07-25T06:55:00Z,92.2454,0.000000,0.000000,0.000000,above_band_high
2026-07-25T06:56:00Z,92.2484,0.000000,0.000000,0.000000,above_band_high
2026-07-25T06:57:00Z,92.2591,0.000000,0.000000,0.000000,above_band_high
2026-07-25T06:58:00Z,92.2774,0.000000,0.000000,0.000000,above_band_high
2026-07-25T06:59:00Z,92.2637,0.000000,0.000000,0.000000,above_band_high
2026-07-25T07:00:00Z,92.2667,0.000000,0.000000,0.000000,above_band_high
2026-07-25T07:01:00Z,92.2728,0.000000,0.000000,0.000000,above_band_high
2026-07-25T07:02:00Z,92.2728,0.000000,0.000000,0.000000,above_band_high
2026-07-25T07:03:00Z,92.2728,0.000000,0.000000,0.000000,above_band_high
2026-07-25T07:04:00Z,92.2805,0.000000,0.000000,0.000000,above_band_high
2026-07-25T07:05:00Z,92.2545,0.000000,0.000000,0.000000,above_band_high
2026-07-25T07:06:00Z,92.2988,0.000000,0.000000,0.000000,above_band_high
2026-07-25T07:07:00Z,92.2774,0.000000,0.000000,0.000000,above_band_high
2026-07-25T07:08:00Z,92.2988,0.000000,0.000000,0.000000,above_band_high
2026-07-25T07:09:00Z,92.2957,0.000000,0.000000,0.000000,above_band_high
2026-07-25T07:10:00Z,92.3308,0.000000,0.000000,0.000000,above_band_high
2026-07-25T07:11:00Z,92.2988,0.000000,0.000000,0.000000,above_band_high
2026-07-25T07:12:00Z,92.2866,0.000000,0.000000,0.000000,above_band_high
2026-07-25T07:13:00Z,92.2957,0.000000,0.000000,0.000000,above_band_high
2026-07-25T07:14:00Z,92.3171,0.000000,0.000000,0.000000,above_band_high
2026-07-25T07:15:00Z,92.3095,0.000000,0.000000,0.000000,above_band_high
2026-07-25T07:16:00Z,92.3552,0.000000,0.000000,0.000000,above_band_high
2026-07-25T07:17:00Z,92.3537,0.000000,0.000000,0.000000,above_band_high
2026-07-25T07:18:00Z,92.3674,0.000000,0.000000,0.000000,above_band_high
2026-07-25T07:19:00Z,92.3644,0.000000,0.000000,0.000000,above_band_high
2026-07-25T07:20:00Z,92.3919,0.000000,0.000000,0.000000,above_band_high
2026-07-25T07:21:00Z,92.3674,0.000000,0.000000,0.000000,above_band_high
2026-07-25T07:22:00Z,92.3919,0.000000,0.000000,0.000000,above_band_high
2026-07-25T07:23:00Z,92.3781,0.000000,0.000000,0.000000,above_band_high
2026-07-25T07:24:00Z,92.3583,0.000000,0.000000,0.000000,above_band_high
2026-07-25T07:25:00Z,92.4132,0.000000,0.000000,0.000000,above_band_high
2026-07-25T07:26:00Z,92.4132,0.000000,0.000000,0.000000,above_band_high
2026-07-25T07:27:00Z,92.4361,0.000000,0.000000,0.000000,above_band_high
2026-07-25T07:28:00Z,92.4269,0.000000,0.000000,0.000000,above_band_high
2026-07-25T07:29:00Z,92.4453,0.000000,0.000000,0.000000,above_band_high
2026-07-25T07:30:00Z,92.4453,0.000000,0.000000,0.000000,above_band_high
2026-07-25T07:31:00Z,92.4681,0.000000,0.000000,0.000000,above_band_high
2026-07-25T07:32:00Z,92.4605,0.000000,0.000000,0.000000,above_band_high
2026-07-25T07:33:00Z,92.4788,0.000000,0.000000,0.000000,above_band_high
2026-07-25T07:34:00Z,92.5109,0.000000,0.000000,0.000000,above_band_high
2026-07-25T07:35:00Z,92.5048,0.000000,0.000000,0.000000,above_band_high
2026-07-25T07:36:00Z,92.5429,0.000000,0.000000,0.000000,above_band_high
2026-07-25T07:37:00Z,92.5551,0.000000,0.000000,0.000000,above_band_high
2026-07-25T07:38:00Z,92.5841,0.000000,0.000000,0.000000,above_band_high
2026-07-25T07:39:00Z,92.5734,0.000000,0.000000,0.000000,above_band_high
2026-07-25T07:40:00Z,92.6146,0.000000,0.000000,0.000000,above_band_high
2026-07-25T07:41:00Z,92.6146,0.000000,0.000000,0.000000,above_band_high
2026-07-25T07:42:00Z,92.6375,0.000000,0.000000,0.000000,above_band_high
2026-07-25T07:43:00Z,92.6192,0.000000,0.000000,0.000000,above_band_high
2026-07-25T07:44:00Z,92.6390,0.000000,0.000000,0.000000,above_band_high
2026-07-25T07:45:00Z,92.6711,0.000000,0.000000,0.000000,above_band_high
2026-07-25T07:46:00Z,92.6986,0.000000,0.000000,0.000000,above_band_high
2026-07-25T07:47:00Z,92.6848,0.000000,0.000000,0.000000,above_band_high
2026-07-25T07:48:00Z,92.6757,0.000000,0.000000,0.000000,above_band_high
2026-07-25T07:49:00Z,92.6940,0.000000,0.000000,0.000000,above_band_high
2026-07-25T07:50:00Z,92.7031,0.000000,0.000000,0.000000,above_band_high
2026-07-25T07:51:00Z,92.7169,0.000000,0.000000,0.000000,above_band_high
2026-07-25T07:52:00Z,92.6970,0.000000,0.000000,0.000000,above_band_high
2026-07-25T07:53:00Z,92.7016,0.000000,0.000000,0.000000,above_band_high
2026-07-25T07:54:00Z,92.7169,0.000000,0.000000,0.000000,above_band_high
2026-07-25T07:55:00Z,92.7123,0.000000,0.000000,0.000000,above_band_high
2026-07-25T07:56:00Z,92.7382,0.000000,0.000000,0.000000,above_band_high
2026-07-25T07:57:00Z,92.7520,0.000000,0.000000,0.000000,above_band_high
2026-07-25T07:58:00Z,92.6925,0.000000,0.000000,0.000000,above_band_high
2026-07-25T07:59:00Z,92.7443,0.000000,0.000000,0.000000,above_band_high
2026-07-25T08:00:00Z,92.7306,0.000000,0.000000,0.000000,above_band_high
2026-07-25T08:01:00Z,92.7214,0.000000,0.000000,0.000000,above_band_high
2026-07-25T08:02:00Z,92.7489,0.000000,0.000000,0.000000,above_band_high
2026-07-25T08:03:00Z,92.7214,0.000000,0.000000,0.000000,above_band_high
2026-07-25T08:04:00Z,92.7199,0.000000,0.000000,0.000000,above_band_high
2026-07-25T08:05:00Z,92.7382,0.000000,0.000000,0.000000,above_band_high
2026-07-25T08:06:00Z,92.7306,0.000000,0.000000,0.000000,above_band_high
2026-07-25T08:07:00Z,92.7306,0.000000,0.000000,0.000000,above_band_high
2026-07-25T08:08:00Z,92.7535,0.000000,0.000000,0.000000,above_band_high
2026-07-25T08:09:00Z,92.6940,0.000000,0.000000,0.000000,above_band_high
2026-07-25T08:10:00Z,92.7031,0.000000,0.000000,0.000000,above_band_high
2026-07-25T08:11:00Z,92.7123,0.000000,0.000000,0.000000,above_band_high
2026-07-25T08:12:00Z,92.7489,0.000000,0.000000,0.000000,above_band_high
2026-07-25T08:13:00Z,92.7398,0.000000,0.000000,0.000000,above_band_high
2026-07-25T08:14:00Z,92.7581,0.000000,0.000000,0.000000,above_band_high
2026-07-25T08:15:00Z,92.8176,0.000000,0.000000,0.000000,above_band_high
2026-07-25T08:16:00Z,92.8161,0.000000,0.000000,0.000000,above_band_high
2026-07-25T08:17:00Z,92.8222,0.000000,0.000000,0.000000,above_band_high
2026-07-25T08:18:00Z,92.8267,0.000000,0.000000,0.000000,above_band_high
2026-07-25T08:19:00Z,92.8405,0.000000,0.000000,0.000000,above_band_high
2026-07-25T08:20:00Z,92.8389,0.000000,0.000000,0.000000,above_band_high
2026-07-25T08:21:00Z,92.8450,0.000000,0.000000,0.000000,above_band_high
2026-07-25T08:22:00Z,92.8573,0.000000,0.000000,0.000000,above_band_high
2026-07-25T08:23:00Z,92.8679,0.000000,0.000000,0.000000,above_band_high
2026-07-25T08:24:00Z,92.8893,0.000000,0.000000,0.000000,above_band_high
2026-07-25T08:25:00Z,92.8847,0.000000,0.000000,0.000000,above_band_high
2026-07-25T08:26:00Z,92.9366,0.000000,0.000000,0.000000,above_band_high
2026-07-25T08:27:00Z,92.9030,0.000000,0.000000,0.000000,above_band_high
2026-07-25T08:28:00Z,92.9229,0.000000,0.000000,0.000000,above_band_high
2026-07-25T08:29:00Z,92.9076,0.000000,0.000000,0.000000,above_band_high
2026-07-25T08:30:00Z,92.9412,0.000000,0.000000,0.000000,above_band_high
2026-07-25T08:31:00Z,92.9168,0.000000,0.000000,0.000000,above_band_high
2026-07-25T08:32:00Z,92.9549,0.000000,0.000000,0.000000,above_band_high
2026-07-25T08:33:00Z,92.9625,0.000000,0.000000,0.000000,above_band_high
2026-07-25T08:34:00Z,92.9717,0.000000,0.000000,0.000000,above_band_high
2026-07-25T08:35:00Z,92.9808,0.000000,0.000000,0.000000,above_band_high
2026-07-25T08:36:00Z,92.9808,0.000000,0.000000,0.000000,above_band_high
2026-07-25T08:37:00Z,92.9763,0.000000,0.000000,0.000000,above_band_high
2026-07-25T08:38:00Z,92.9732,0.000000,0.000000,0.000000,above_band_high
2026-07-25T08:39:00Z,93.0282,0.000000,0.000000,0.000000,above_band_high
2026-07-25T08:40:00Z,92.9870,0.000000,0.000000,0.000000,above_band_high
2026-07-25T08:41:00Z,92.9961,0.000000,0.000000,0.000000,above_band_high
2026-07-25T08:42:00Z,93.0282,0.000000,0.000000,0.000000,above_band_high
2026-07-25T08:43:00Z,93.0266,0.000000,0.000000,0.000000,above_band_high
2026-07-25T08:44:00Z,93.0083,0.000000,0.000000,0.000000,above_band_high
2026-07-25T08:45:00Z,93.0266,0.000000,0.000000,0.000000,above_band_high
2026-07-25T08:46:00Z,93.0266,0.000000,0.000000,0.000000,above_band_high
2026-07-25T08:47:00Z,93.0144,0.000000,0.000000,0.000000,above_band_high
2026-07-25T08:48:00Z,93.0312,0.000000,0.000000,0.000000,above_band_high
2026-07-25T08:49:00Z,93.0495,0.000000,0.000000,0.000000,above_band_high
2026-07-25T08:50:00Z,93.0724,0.000000,0.000000,0.000000,above_band_high
2026-07-25T08:51:00Z,93.0556,0.000000,0.000000,0.000000,above_band_high
2026-07-25T08:52:00Z,93.0495,0.000000,0.000000,0.000000,above_band_high
2026-07-25T08:53:00Z,93.0648,0.000000,0.000000,0.000000,above_band_high
2026-07-25T08:54:00Z,93.0266,0.000000,0.000000,0.000000,above_band_high
2026-07-25T08:55:00Z,93.0510,0.000000,0.000000,0.000000,above_band_high
2026-07-25T08:56:00Z,93.0724,0.000000,0.000000,0.000000,above_band_high
2026-07-25T08:57:00Z,93.0419,0.000000,0.000000,0.000000,above_band_high
2026-07-25T08:58:00Z,93.0495,0.000000,0.000000,0.000000,above_band_high
2026-07-25T08:59:00Z,93.0831,0.000000,0.000000,0.000000,above_band_high
2026-07-25T09:00:00Z,93.0694,0.000000,0.000000,0.000000,above_band_high
2026-07-25T09:01:00Z,93.0312,0.000000,0.000000,0.000000,above_band_high
2026-07-25T09:02:00Z,93.0358,0.000000,0.000000,0.000000,above_band_high
2026-07-25T09:03:00Z,93.0312,0.000000,0.000000,0.000000,above_band_high
2026-07-25T09:04:00Z,92.9961,0.000000,0.000000,0.000000,above_band_high
2026-07-25T09:05:00Z,92.9992,0.000000,0.000000,0.000000,above_band_high
2026-07-25T09:06:00Z,92.9854,0.000000,0.000000,0.000000,above_band_high
2026-07-25T09:07:00Z,93.0083,0.000000,0.000000,0.000000,above_band_high
2026-07-25T09:08:00Z,92.9488,0.000000,0.000000,0.000000,above_band_high
2026-07-25T09:09:00Z,92.9580,0.000000,0.000000,0.000000,above_band_high
2026-07-25T09:10:00Z,92.9686,0.000000,0.000000,0.000000,above_band_high
2026-07-25T09:11:00Z,92.9625,0.000000,0.000000,0.000000,above_band_high
2026-07-25T09:12:00Z,93.0037,0.000000,0.000000,0.000000,above_band_high
2026-07-25T09:13:00Z,92.9641,0.000000,0.000000,0.000000,above_band_high
2026-07-25T09:14:00Z,92.9778,0.000000,0.000000,0.000000,above_band_high
2026-07-25T09:15:00Z,92.9961,0.000000,0.000000,0.000000,above_band_high
2026-07-25T09:16:00Z,92.9503,0.000000,0.000000,0.000000,above_band_high
2026-07-25T09:17:00Z,92.9671,0.000000,0.000000,0.000000,above_band_high
2026-07-25T09:18:00Z,92.9915,0.000000,0.000000,0.000000,above_band_high
2026-07-25T09:19:00Z,93.0098,0.000000,0.000000,0.000000,above_band_high
2026-07-25T09:20:00Z,93.0037,0.000000,0.000000,0.000000,above_band_high
2026-07-25T09:21:00Z,92.9870,0.000000,0.000000,0.000000,above_band_high
2026-07-25T09:22:00Z,93.0037,0.000000,0.000000,0.000000,above_band_high
2026-07-25T09:23:00Z,92.9824,0.000000,0.000000,0.000000,above_band_high
2026-07-25T09:24:00Z,93.0220,0.000000,0.000000,0.000000,above_band_high
2026-07-25T09:25:00Z,93.0358,0.000000,0.000000,0.000000,above_band_high
2026-07-25T09:26:00Z,93.0373,0.000000,0.000000,0.000000,above_band_high
2026-07-25T09:27:00Z,93.0770,0.000000,0.000000,0.000000,above_band_high
2026-07-25T09:28:00Z,93.0861,0.000000,0.000000,0.000000,above_band_high
2026-07-25T09:29:00Z,93.1151,0.000000,0.000000,0.000000,above_band_high
2026-07-25T09:30:00Z,93.1228,0.000000,0.000000,0.000000,above_band_high
2026-07-25T09:31:00Z,93.1228,0.000000,0.000000,0.000000,above_band_high
2026-07-25T09:32:00Z,93.1319,0.000000,0.000000,0.000000,above_band_high
2026-07-25T09:33:00Z,93.1502,0.000000,0.000000,0.000000,above_band_high
2026-07-25T09:34:00Z,93.1777,0.000000,0.000000,0.000000,above_band_high
2026-07-25T09:35:00Z,93.1884,0.000000,0.000000,0.000000,above_band_high
2026-07-25T09:36:00Z,93.2250,0.000000,0.000000,0.000000,above_band_high
2026-07-25T09:37:00Z,93.1777,0.000000,0.000000,0.000000,above_band_high
2026-07-25T09:38:00Z,93.2601,0.000000,0.000000,0.000000,above_band_high
2026-07-25T09:39:00Z,93.2525,0.000000,0.000000,0.000000,above_band_high
2026-07-25T09:40:00Z,93.2738,0.000000,0.000000,0.000000,above_band_high
2026-07-25T09:41:00Z,93.2921,0.000000,0.000000,0.000000,above_band_high
2026-07-25T09:42:00Z,93.3059,0.000000,0.000000,0.000000,above_band_high
2026-07-25T09:43:00Z,93.3013,0.000000,0.000000,0.000000,above_band_high
2026-07-25T09:44:00Z,93.3288,0.000000,0.000000,0.000000,above_band_high
2026-07-25T09:45:00Z,93.3242,0.000000,0.000000,0.000000,above_band_high
2026-07-25T09:46:00Z,93.3669,0.000000,0.000000,0.000000,above_band_high
2026-07-25T09:47:00Z,93.3288,0.000000,0.000000,0.000000,above_band_high
2026-07-25T09:48:00Z,93.3516,0.000000,0.000000,0.000000,above_band_high
2026-07-25T09:49:00Z,93.3745,0.000000,0.000000,0.000000,above_band_high
2026-07-25T09:50:00Z,93.3623,0.000000,0.000000,0.000000,above_band_high
2026-07-25T09:51:00Z,93.3898,0.000000,0.000000,0.000000,above_band_high
2026-07-25T09:52:00Z,93.3715,0.000000,0.000000,0.000000,above_band_high
2026-07-25T09:53:00Z,93.4066,0.000000,0.000000,0.000000,above_band_high
2026-07-25T09:54:00Z,93.3974,0.000000,0.000000,0.000000,above_band_high
2026-07-25T09:55:00Z,93.3791,0.000000,0.000000,0.000000,above_band_high
2026-07-25T09:56:00Z,93.3989,0.000000,0.000000,0.000000,above_band_high
2026-07-25T09:57:00Z,93.4218,0.000000,0.000000,0.000000,above_band_high
2026-07-25T09:58:00Z,93.3974,0.000000,0.000000,0.000000,above_band_high
2026-07-25T09:59:00Z,93.4112,0.000000,0.000000,0.000000,above_band_high
2026-07-25T15:59:40Z,93.0816,0.000000,0.000000,0.000000,above_band_high
2026-07-25T16:00:00Z,93.0999,0.000000,0.000000,0.000000,above_band_high
2026-07-25T16:01:00Z,93.0922,0.000000,0.000000,0.000000,above_band_high
2026-07-25T16:02:00Z,93.0785,0.000000,0.000000,0.000000,above_band_high
2026-07-25T16:03:00Z,93.0495,0.000000,0.000000,0.000000,above_band_high
2026-07-25T16:04:00Z,93.0419,0.000000,0.000000,0.000000,above_band_high
2026-07-25T16:05:00Z,93.0678,0.000000,0.000000,0.000000,above_band_high
2026-07-25T16:06:00Z,93.0312,0.000000,0.000000,0.000000,above_band_high
2026-07-25T16:07:00Z,93.0053,0.000000,0.000000,0.000000,above_band_high
2026-07-25T16:08:00Z,92.9854,0.000000,0.000000,0.000000,above_band_high
2026-07-25T16:09:00Z,92.9808,0.000000,0.000000,0.000000,above_band_high
2026-07-25T16:10:00Z,92.9458,0.000000,0.000000,0.000000,above_band_high
2026-07-25T16:11:00Z,92.9168,0.000000,0.000000,0.000000,above_band_high
2026-07-25T16:12:00Z,92.8985,0.000000,0.000000,0.000000,above_band_high
2026-07-25T16:13:00Z,92.8481,0.000000,0.000000,0.000000,above_band_high
2026-07-25T16:14:00Z,92.8130,0.000000,0.000000,0.000000,above_band_high
2026-07-25T16:15:00Z,92.7581,0.000000,0.000000,0.000000,above_band_high
2026-07-25T16:16:00Z,92.7764,0.000000,0.000000,0.000000,above_band_high
2026-07-25T16:17:00Z,92.7382,0.000000,0.000000,0.000000,above_band_high
2026-07-25T16:18:00Z,92.7306,0.000000,0.000000,0.000000,above_band_high
2026-07-25T16:19:00Z,92.7199,0.000000,0.000000,0.000000,above_band_high
2026-07-25T16:20:00Z,92.7077,0.000000,0.000000,0.000000,above_band_high
2026-07-25T16:21:00Z,92.6970,0.000000,0.000000,0.000000,above_band_high
2026-07-25T16:22:00Z,92.7199,0.000000,0.000000,0.000000,above_band_high
2026-07-25T16:23:00Z,92.6513,0.000000,0.000000,0.000000,above_band_high
2026-07-25T16:24:00Z,92.6833,0.000000,0.000000,0.000000,above_band_high
2026-07-25T16:25:00Z,92.6513,0.000000,0.000000,0.000000,above_band_high
2026-07-25T16:26:00Z,92.6421,0.000000,0.000000,0.000000,above_band_high
2026-07-25T16:27:00Z,92.5917,0.000000,0.000000,0.000000,above_band_high
2026-07-25T16:28:00Z,92.5841,0.000000,0.000000,0.000000,above_band_high
2026-07-25T16:29:00Z,92.5338,0.000000,0.000000,0.000000,above_band_high
2026-07-25T16:30:00Z,92.5154,0.000000,0.000000,0.000000,above_band_high
2026-07-25T16:31:00Z,92.4544,0.000000,0.000000,0.000000,above_band_high
2026-07-25T16:32:00Z,92.4178,0.000000,0.000000,0.000000,above_band_high
2026-07-25T16:33:00Z,92.3735,0.000000,0.000000,0.000000,above_band_high
2026-07-25T16:34:00Z,92.3491,0.000000,0.000000,0.000000,above_band_high
2026-07-25T16:35:00Z,92.3629,0.000000,0.000000,0.000000,above_band_high
2026-07-25T16:36:00Z,92.2988,0.000000,0.000000,0.000000,above_band_high
2026-07-25T16:37:00Z,92.3415,0.000000,0.000000,0.000000,above_band_high
2026-07-25T16:38:00Z,92.3400,0.000000,0.000000,0.000000,above_band_high
2026-07-25T16:39:00Z,92.2911,0.000000,0.000000,0.000000,above_band_high
2026-07-25T16:40:00Z,92.2866,0.000000,0.000000,0.000000,above_band_high
2026-07-25T16:41:00Z,92.3232,0.000000,0.000000,0.000000,above_band_high
2026-07-25T16:42:00Z,92.2728,0.000000,0.000000,0.000000,above_band_high
2026-07-25T16:43:00Z,92.2759,0.000000,0.000000,0.000000,above_band_high
2026-07-25T16:44:00Z,92.2728,0.000000,0.000000,0.000000,above_band_high
2026-07-25T16:45:00Z,92.2759,0.000000,0.000000,0.000000,above_band_high
2026-07-25T16:46:00Z,92.2667,0.000000,0.000000,0.000000,above_band_high
2026-07-25T16:47:00Z,92.2530,0.000000,0.000000,0.000000,above_band_high
2026-07-25T16:48:00Z,92.3095,0.000000,0.000000,0.000000,above_band_high
2026-07-25T16:49:00Z,92.3033,0.000000,0.000000,0.000000,above_band_high
2026-07-25T16:50:00Z,92.2942,0.000000,0.000000,0.000000,above_band_high
2026-07-25T16:51:00Z,92.3354,0.000000,0.000000,0.000000,above_band_high
2026-07-25T16:52:00Z,92.3369,0.000000,0.000000,0.000000,above_band_high
2026-07-25T16:53:00Z,92.3507,0.000000,0.000000,0.000000,above_band_high
2026-07-25T16:54:00Z,92.3674,0.000000,0.000000,0.000000,above_band_high
2026-07-25T16:55:00Z,92.4086,0.000000,0.000000,0.000000,above_band_high
2026-07-25T16:56:00Z,92.3720,0.000000,0.000000,0.000000,above_band_high
2026-07-25T16:57:00Z,92.3873,0.000000,0.000000,0.000000,above_band_high
2026-07-25T16:58:00Z,92.3995,0.000000,0.000000,0.000000,above_band_high
2026-07-25T16:59:00Z,92.3949,0.000000,0.000000,0.000000,above_band_high
2026-07-25T17:00:00Z,92.3995,0.000000,0.000000,0.000000,above_band_high
2026-07-25T17:01:00Z,92.3857,0.000000,0.000000,0.000000,above_band_high
2026-07-25T17:02:00Z,92.3873,0.000000,0.000000,0.000000,above_band_high
2026-07-25T17:03:00Z,92.3583,0.000000,0.000000,0.000000,above_band_high
2026-07-25T17:04:00Z,92.3690,0.000000,0.000000,0.000000,above_band_high
2026-07-25T17:05:00Z,92.3491,0.000000,0.000000,0.000000,above_band_high
2026-07-25T17:06:00Z,92.3262,0.000000,0.000000,0.000000,above_band_high
2026-07-25T17:07:00Z,92.2820,0.000000,0.000000,0.000000,above_band_high
2026-07-25T17:08:00Z,92.2850,0.000000,0.000000,0.000000,above_band_high
2026-07-25T17:09:00Z,92.2683,0.000000,0.000000,0.000000,above_band_high
2026-07-25T17:10:00Z,92.2026,0.000000,0.000000,0.000000,above_band_high
2026-07-25T17:11:00Z,92.2179,0.000000,0.000000,0.000000,above_band_high
2026-07-25T17:12:00Z,92.2087,0.000000,0.000000,0.000000,above_band_high
2026-07-25T17:13:00Z,92.2179,0.000000,0.000000,0.000000,above_band_high
2026-07-25T17:14:00Z,92.2072,0.000000,0.000000,0.000000,above_band_high
2026-07-25T17:15:00Z,92.1904,0.000000,0.000000,0.000000,above_band_high
2026-07-25T17:16:00Z,92.2118,0.000000,0.000000,0.000000,above_band_high
2026-07-25T17:17:00Z,92.1859,0.000000,0.000000,0.000000,above_band_high
2026-07-25T17:18:00Z,92.1889,0.000000,0.000000,0.000000,above_band_high
2026-07-25T17:19:00Z,92.2271,0.000000,0.000000,0.000000,above_band_high
2026-07-25T17:20:00Z,92.2393,0.000000,0.000000,0.000000,above_band_high
2026-07-25T17:21:00Z,92.1904,0.000000,0.000000,0.000000,above_band_high
2026-07-25T17:22:00Z,92.1996,0.000000,0.000000,0.000000,above_band_high
2026-07-25T17:23:00Z,92.2042,0.000000,0.000000,0.000000,above_band_high
2026-07-25T17:24:00Z,92.1889,0.000000,0.000000,0.000000,above_band_high
2026-07-25T17:25:00Z,92.1706,0.000000,0.000000,0.000000,above_band_high
2026-07-25T17:26:00Z,92.1843,0.000000,0.000000,0.000000,above_band_high
2026-07-25T17:27:00Z,92.1126,0.000000,0.000000,0.000000,above_band_high
2026-07-25T17:28:00Z,92.1523,0.000000,0.000000,0.000000,above_band_high
2026-07-25T17:29:00Z,92.1157,0.000000,0.000000,0.000000,above_band_high
2026-07-25T17:30:00Z,92.1309,0.000000,0.000000,0.000000,above_band_high
2026-07-25T17:31:00Z,92.0928,0.000000,0.000000,0.000000,above_band_high
2026-07-25T17:32:00Z,92.0577,0.000000,0.000000,0.000000,above_band_high
2026-07-25T17:33:00Z,92.0424,0.000000,0.000000,0.000000,above_band_high
2026-07-25T17:34:00Z,92.0623,0.000000,0.000000,0.000000,above_band_high
2026-07-25T17:35:00Z,92.0333,0.000000,0.000000,0.000000,above_band_high
2026-07-25T17:36:00Z,92.0378,0.000000,0.000000,0.000000,above_band_high
2026-07-25T17:37:00Z,92.0211,0.000000,0.000000,0.000000,above_band_high
2026-07-25T17:38:00Z,91.9982,0.000000,0.000000,0.000000,above_band_high
2026-07-25T17:39:00Z,92.0623,0.000000,0.000000,0.000000,above_band_high
2026-07-25T17:40:00Z,92.0516,0.000000,0.000000,0.000000,above_band_high
2026-07-25T17:41:00Z,92.0073,0.000000,0.000000,0.000000,above_band_high
2026-07-25T17:42:00Z,92.0119,0.000000,0.000000,0.000000,above_band_high
2026-07-25T17:43:00Z,92.0287,0.000000,0.000000,0.000000,above_band_high
2026-07-25T17:44:00Z,92.0287,0.000000,0.000000,0.000000,above_band_high
2026-07-25T17:45:00Z,92.0623,0.000000,0.000000,0.000000,above_band_high
2026-07-25T17:46:00Z,91.9783,0.000000,0.000000,0.000000,above_band_high
2026-07-25T17:47:00Z,91.9432,0.000000,0.000000,0.000000,above_band_high
2026-07-25T17:48:00Z,91.9524,0.000000,0.000000,0.000000,above_band_high
2026-07-25T17:49:00Z,91.9371,0.000000,0.000000,0.000000,above_band_high
2026-07-25T17:50:00Z,91.9203,0.000000,0.000000,0.000000,above_band_high
2026-07-25T17:51:00Z,91.9234,0.000000,0.000000,0.000000,above_band_high
2026-07-25T17:52:00Z,91.9142,0.000000,0.000000,0.000000,above_band_high
2026-07-25T17:53:00Z,91.9417,0.000000,0.000000,0.000000,above_band_high
2026-07-25T17:54:00Z,91.9158,0.000000,0.000000,0.000000,above_band_high
2026-07-25T17:55:00Z,91.9432,0.000000,0.000000,0.000000,above_band_high
2026-07-25T17:56:00Z,91.9524,0.000000,0.000000,0.000000,above_band_high
2026-07-25T17:57:00Z,91.9188,0.000000,0.000000,0.000000,above_band_high
2026-07-25T17:58:00Z,91.9234,0.000000,0.000000,0.000000,above_band_high
2026-07-25T17:59:00Z,91.9478,0.000000,0.000000,0.000000,above_band_high
2026-07-25T18:00:00Z,91.9188,0.000000,0.000000,0.000000,above_band_high
2026-07-25T18:01:00Z,91.8929,0.000000,0.000000,0.000000,above_band_high
2026-07-25T18:02:00Z,91.8959,0.000000,0.000000,0.000000,above_band_high
2026-07-25T18:03:00Z,91.8685,0.000000,0.000000,0.000000,above_band_high
2026-07-25T18:04:00Z,91.8425,0.000000,0.000000,0.000000,above_band_high
2026-07-25T18:05:00Z,91.8059,0.000000,0.000000,0.000000,above_band_high
2026-07-25T18:06:00Z,91.7510,0.000000,0.000000,0.000000,above_band_high
2026-07-25T18:07:00Z,91.7556,0.000000,0.000000,0.000000,above_band_high
2026-07-25T18:08:00Z,91.7540,0.000000,0.000000,0.000000,above_band_high
2026-07-25T18:09:00Z,91.6991,0.000000,0.000000,0.000000,above_band_high
2026-07-25T18:10:00Z,91.6136,0.000000,0.000000,0.000000,above_band_high
2026-07-25T18:11:00Z,91.6182,0.000000,0.000000,0.000000,above_band_high
2026-07-25T18:11:49Z,91.5068,0.000000,0.003357,0.003357,above_band_high
2026-07-25T18:12:19Z,91.4855,0.000000,0.004811,0.004811,in_band
2026-07-25T18:12:33Z,91.5038,0.002580,0.002322,-0.000258,above_band_high
2026-07-25T18:14:17Z,91.4061,0.000767,0.000730,-0.000036,in_band
2026-07-25T18:14:59Z,91.3283,0.000383,0.000365,-0.000018,in_band
2026-07-25T18:15:00Z,91.3283,0.000377,0.000359,-0.000018,in_band
2026-07-25T18:15:59Z,91.2474,0.000142,0.000135,-0.000007,in_band
2026-07-25T18:16:00Z,91.2474,0.000140,0.000133,-0.000007,in_band
2026-07-25T18:16:59Z,91.1284,0.000053,0.000050,-0.000003,in_band
2026-07-25T18:17:20Z,91.0689,0.000047,0.000035,-0.000011,in_band
2026-07-25T18:17:23Z,91.0780,0.000000,0.000034,0.000034,in_band
2026-07-25T18:18:00Z,90.9819,0.000000,0.000018,0.000018,in_band
2026-07-25T18:18:59Z,90.9087,0.000000,0.000007,0.000007,in_band
2026-07-25T18:19:00Z,90.9087,0.000000,0.000007,0.000007,in_band
2026-07-25T18:19:59Z,90.8125,0.000000,0.000003,0.000003,in_band
2026-07-25T18:20:00Z,90.8125,0.000000,0.000003,0.000003,in_band
2026-07-25T18:20:59Z,90.7195,0.000000,0.000001,0.000001,in_band
2026-07-25T18:21:00Z,90.7195,0.000000,0.000001,0.000001,in_band
2026-07-25T18:21:59Z,90.6462,0.000000,0.000000,0.000000,in_band
2026-07-25T18:22:00Z,90.6462,0.000000,0.000000,0.000000,in_band
2026-07-25T18:22:59Z,90.5150,0.000000,0.000000,0.000000,in_band
2026-07-25T18:23:00Z,90.5150,0.000000,0.000000,0.000000,in_band
2026-07-25T18:23:59Z,90.4494,0.000000,0.000000,0.000000,in_band
2026-07-25T18:24:00Z,90.4494,0.000000,0.000000,0.000000,in_band
2026-07-25T18:24:59Z,90.3670,0.000000,0.000000,0.000000,in_band
2026-07-25T18:25:00Z,90.3670,0.000000,0.000000,0.000000,in_band
2026-07-25T18:25:59Z,90.2937,0.000000,0.000000,0.000000,in_band
2026-07-25T18:26:00Z,90.2937,0.000000,0.000000,0.000000,in_band
2026-07-25T18:26:59Z,90.2388,0.000000,0.000000,0.000000,in_band
2026-07-25T18:27:00Z,90.2388,0.000000,0.000000,0.000000,in_band
2026-07-25T18:27:59Z,90.1839,0.000000,0.000000,0.000000,in_band
2026-07-25T18:28:00Z,90.1839,0.000000,0.000000,0.000000,in_band
2026-07-25T18:28:59Z,90.1152,0.000000,0.000000,0.000000,in_band
2026-07-25T18:29:00Z,90.1152,0.000000,0.000000,0.000000,in_band
2026-07-25T18:29:59Z,90.0343,0.000000,0.000000,0.000000,in_band
2026-07-25T18:30:49Z,89.9687,0.000001,0.000139,0.000138,below_midpoint_feather
2026-07-25T18:30:55Z,90.0206,0.000001,0.000000,-0.000001,in_band
2026-07-25T18:31:27Z,89.9229,0.000215,0.000845,0.000630,below_midpoint_feather
2026-07-25T18:31:55Z,89.9931,0.000398,0.000014,-0.000384,below_midpoint_feather
2026-07-25T18:32:21Z,89.9428,0.001036,0.000487,-0.000549,below_midpoint_feather
2026-07-25T18:32:51Z,89.8421,0.001838,0.003605,0.001767,below_midpoint_feather
2026-07-25T18:33:25Z,89.8772,0.003745,0.002290,-0.001455,below_midpoint_feather
2026-07-25T18:33:55Z,89.8085,0.003084,0.005487,0.002403,below_midpoint_feather
2026-07-25T18:34:27Z,89.8085,0.004398,0.005667,0.001269,below_midpoint_feather
2026-07-25T18:34:47Z,89.8512,0.005776,0.003737,-0.002039,below_midpoint_feather
2026-07-25T18:35:25Z,89.7673,0.006099,0.008619,0.002520,below_midpoint_feather
2026-07-25T18:35:33Z,89.8222,0.007687,0.005493,-0.002193,below_midpoint_feather
2026-07-25T18:36:47Z,89.7261,0.010552,0.012643,0.002091,below_midpoint_feather
2026-07-25T18:36:55Z,89.7856,0.012010,0.008640,-0.003370,below_midpoint_feather
2026-07-25T18:37:25Z,89.6864,0.013475,0.016620,0.003144,below_midpoint_feather
2026-07-25T18:37:37Z,89.7398,0.014565,0.012498,-0.002067,below_midpoint_feather
2026-07-25T18:38:17Z,89.7032,0.018911,0.016288,-0.002624,below_midpoint_feather
2026-07-25T18:38:43Z,89.6178,0.021039,0.025227,0.004189,below_midpoint_feather
2026-07-25T18:39:07Z,89.6315,0.021722,0.024494,0.002772,below_midpoint_feather
2026-07-25T18:39:49Z,89.6483,0.028447,0.024232,-0.004215,below_midpoint_feather
2026-07-25T18:40:09Z,89.6498,0.029744,0.024870,-0.004873,below_midpoint_feather
2026-07-25T18:40:39Z,89.5445,0.032627,0.038249,0.005621,below_midpoint_feather
2026-07-25T18:41:16Z,89.5384,0.034804,0.040884,0.006080,below_midpoint_feather
2026-07-25T18:41:49Z,89.5933,0.038777,0.035906,-0.002871,below_midpoint_feather
2026-07-25T18:42:07Z,89.5857,0.040359,0.037829,-0.002530,below_midpoint_feather
2026-07-25T18:42:54Z,89.5384,0.043106,0.046493,0.003387,below_midpoint_feather
2026-07-25T18:43:21Z,89.5933,0.045486,0.041347,-0.004139,below_midpoint_feather
2026-07-25T18:43:45Z,89.5476,0.043420,0.048418,0.004998,below_midpoint_feather
2026-07-25T18:44:57Z,89.5491,0.047822,0.052649,0.004826,below_midpoint_feather
2026-07-25T18:44:59Z,89.6071,0.047942,0.045810,-0.002132,below_midpoint_feather
2026-07-25T18:45:03Z,89.6315,0.049456,0.043409,-0.006047,below_midpoint_feather
2026-07-25T18:45:11Z,89.5674,0.045030,0.051189,0.006158,below_midpoint_feather
2026-07-25T18:46:31Z,89.5628,0.049993,0.056231,0.006238,below_midpoint_feather
2026-07-25T18:46:57Z,89.6117,0.053606,0.051893,-0.001713,below_midpoint_feather
2026-07-25T18:47:47Z,89.6483,0.055560,0.050714,-0.004846,below_midpoint_feather
2026-07-25T18:47:53Z,89.5705,0.054508,0.059678,0.005170,below_midpoint_feather
2026-07-25T18:48:05Z,89.6162,0.057210,0.055016,-0.002195,below_midpoint_feather
2026-07-25T18:48:41Z,89.5857,0.056354,0.060357,0.004003,below_midpoint_feather
2026-07-25T18:49:51Z,89.5567,0.061142,0.067534,0.006392,below_midpoint_feather
2026-07-25T18:49:55Z,89.6361,0.063806,0.058638,-0.005167,below_midpoint_feather
2026-07-25T18:50:29Z,89.6361,0.064221,0.060484,-0.003737,below_midpoint_feather
2026-07-25T18:50:47Z,89.5674,0.065744,0.069256,0.003512,below_midpoint_feather
2026-07-25T18:51:17Z,89.6483,0.064828,0.061885,-0.002943,below_midpoint_feather
2026-07-25T18:51:37Z,89.5903,0.063952,0.069225,0.005273,below_midpoint_feather
2026-07-25T18:52:05Z,89.6086,0.063983,0.068556,0.004573,below_midpoint_feather
2026-07-25T18:52:34Z,89.6986,0.063002,0.061053,-0.001949,below_midpoint_feather
2026-07-25T18:53:01Z,89.6452,0.063061,0.067196,0.004135,below_midpoint_feather
2026-07-25T18:53:09Z,89.7398,0.063252,0.059249,-0.004003,below_midpoint_feather
2026-07-25T18:54:13Z,89.7230,0.060533,0.062815,0.002282,below_midpoint_feather
2026-07-25T18:54:59Z,89.7780,0.062103,0.060255,-0.001848,below_midpoint_feather
2026-07-25T18:55:05Z,89.7215,0.060989,0.064433,0.003444,below_midpoint_feather
2026-07-25T18:55:35Z,89.8054,0.061739,0.059530,-0.002209,below_midpoint_feather
2026-07-25T18:56:43Z,89.7459,0.062869,0.064749,0.001880,below_midpoint_feather
2026-07-25T18:56:51Z,89.7902,0.063636,0.061984,-0.001652,below_midpoint_feather
2026-07-25T18:57:21Z,89.7414,0.063583,0.065796,0.002213,below_midpoint_feather
2026-07-25T18:57:37Z,89.8375,0.063281,0.060326,-0.002955,below_midpoint_feather
2026-07-25T18:58:07Z,89.8085,0.065010,0.062307,-0.002703,below_midpoint_feather
2026-07-25T18:58:37Z,89.7261,0.064730,0.068288,0.003558,below_midpoint_feather
2026-07-25T18:59:03Z,89.7047,0.066982,0.070496,0.003514,below_midpoint_feather
2026-07-25T18:59:13Z,89.7597,0.069021,0.066508,-0.002513,below_midpoint_feather
2026-07-25T19:00:09Z,89.6590,0.071588,0.076059,0.004471,below_midpoint_feather
2026-07-25T19:00:15Z,89.7307,0.073724,0.069978,-0.003746,below_midpoint_feather
2026-07-25T19:01:00Z,89.7307,0.074880,0.071165,-0.003714,below_midpoint_feather
2026-07-25T19:01:58Z,89.6269,0.078800,0.082452,0.003652,below_midpoint_feather
2026-07-25T19:02:25Z,89.6529,0.082643,0.080736,-0.001907,below_midpoint_feather
2026-07-25T19:02:28Z,89.5857,0.082747,0.088114,0.005366,below_midpoint_feather
2026-07-25T19:03:25Z,89.6803,0.085886,0.080466,-0.005421,below_midpoint_feather
2026-07-25T19:03:31Z,89.5796,0.083121,0.091309,0.008188,below_midpoint_feather
2026-07-25T19:04:19Z,89.5933,0.087142,0.091721,0.004579,below_midpoint_feather
2026-07-25T19:04:23Z,89.6666,0.088290,0.084189,-0.004102,below_midpoint_feather
2026-07-25T19:05:25Z,89.5705,0.092600,0.097434,0.004834,below_midpoint_feather
2026-07-25T19:05:39Z,89.6269,0.095702,0.091645,-0.004057,below_midpoint_feather
2026-07-25T19:06:11Z,89.6315,0.096204,0.092743,-0.003462,below_midpoint_feather
2026-07-25T19:06:39Z,89.5338,0.098696,0.105766,0.007070,below_midpoint_feather
2026-07-25T19:07:19Z,89.4835,0.108363,0.114985,0.006621,below_midpoint_feather
2026-07-25T19:07:35Z,89.5537,0.109949,0.106354,-0.003595,below_midpoint_feather
2026-07-25T19:08:00Z,89.4743,0.122553,0.118995,-0.003558,below_midpoint_feather
2026-07-25T19:08:06Z,89.4423,0.118774,0.124374,0.005600,below_midpoint_feather
2026-07-25T19:09:37Z,89.4377,0.139984,0.133139,-0.006845,below_midpoint_feather
2026-07-25T19:09:45Z,89.3645,0.140816,0.146452,0.005637,below_midpoint_feather
2026-07-25T19:10:01Z,89.3431,0.146292,0.152104,0.005811,below_midpoint_feather
2026-07-25T19:10:27Z,89.4026,0.148722,0.144482,-0.004240,below_midpoint_feather
2026-07-25T19:11:21Z,89.3599,0.152897,0.158588,0.005691,below_midpoint_feather
2026-07-25T19:11:49Z,89.4011,0.160177,0.154821,-0.005356,below_midpoint_feather
2026-07-25T19:12:05Z,89.3797,0.163871,0.160561,-0.003310,below_midpoint_feather
2026-07-25T19:12:33Z,89.3050,0.171203,0.178202,0.006999,below_midpoint_feather
2026-07-25T19:13:47Z,89.2470,0.192256,0.200792,0.008537,below_midpoint_feather
2026-07-25T19:13:57Z,89.3156,0.198550,0.188325,-0.010224,below_midpoint_feather
2026-07-25T19:14:11Z,89.2912,0.200149,0.195411,-0.004737,below_midpoint_feather
2026-07-25T19:14:37Z,89.2317,0.202543,0.212216,0.009674,below_midpoint_feather
2026-07-25T19:15:17Z,89.2287,0.210020,0.219743,0.009723,below_midpoint_feather
2026-07-25T19:15:59Z,89.2424,0.228573,0.224199,-0.004374,below_midpoint_feather
2026-07-25T19:16:03Z,89.2500,0.229295,0.223292,-0.006003,below_midpoint_feather
2026-07-25T19:16:21Z,89.2103,0.226276,0.235307,0.009032,below_midpoint_feather
2026-07-25T19:17:35Z,89.2226,0.236681,0.246595,0.009914,below_midpoint_feather
2026-07-25T19:17:51Z,89.2653,0.244557,0.240427,-0.004130,below_midpoint_feather
2026-07-25T19:18:49Z,89.2836,0.257243,0.247710,-0.009534,below_midpoint_feather
2026-07-25T19:18:53Z,89.2149,0.253094,0.263138,0.010045,below_midpoint_feather
2026-07-25T19:19:43Z,89.3095,0.260665,0.252754,-0.007910,below_midpoint_feather
2026-07-25T19:19:51Z,89.2378,0.261200,0.269051,0.007852,below_midpoint_feather
2026-07-25T19:20:37Z,89.2546,0.264381,0.273872,0.009490,below_midpoint_feather
2026-07-25T19:20:42Z,89.3294,0.265283,0.259711,-0.005572,below_midpoint_feather
2026-07-25T19:21:16Z,89.3523,0.267310,0.261319,-0.005991,below_midpoint_feather
2026-07-25T19:21:27Z,89.2927,0.265074,0.274625,0.009551,below_midpoint_feather
2026-07-25T19:22:25Z,89.3004,0.275381,0.282517,0.007135,below_midpoint_feather
2026-07-25T19:22:53Z,89.3874,0.275302,0.270746,-0.004557,below_midpoint_feather
2026-07-25T19:23:11Z,89.3278,0.276678,0.284365,0.007687,below_midpoint_feather
2026-07-25T19:23:25Z,89.4011,0.279315,0.273203,-0.006112,below_midpoint_feather
2026-07-25T19:24:01Z,89.3294,0.284483,0.291284,0.006801,below_midpoint_feather
2026-07-25T19:24:48Z,89.4255,0.284796,0.280759,-0.004037,below_midpoint_feather
2026-07-25T19:25:07Z,89.3965,0.281713,0.288109,0.006396,below_midpoint_feather
2026-07-25T19:25:21Z,89.4530,0.286507,0.280639,-0.005867,below_midpoint_feather
2026-07-25T19:26:05Z,89.3599,0.288349,0.301684,0.013335,below_midpoint_feather
2026-07-25T19:26:33Z,89.4850,0.290196,0.284444,-0.005752,below_midpoint_feather
2026-07-25T19:27:45Z,89.5109,0.291580,0.288339,-0.003241,below_midpoint_feather
2026-07-25T19:27:57Z,89.4392,0.294765,0.300183,0.005418,below_midpoint_feather
2026-07-25T19:28:05Z,89.4240,0.298085,0.303402,0.005317,below_midpoint_feather
2026-07-25T19:28:37Z,89.5613,0.292549,0.286598,-0.005951,below_midpoint_feather
2026-07-25T19:29:05Z,89.4850,0.291731,0.299416,0.007685,below_midpoint_feather
2026-07-25T19:29:15Z,89.5720,0.292578,0.288593,-0.003984,below_midpoint_feather
2026-07-25T19:30:03Z,89.5430,0.301657,0.296066,-0.005591,below_midpoint_feather
2026-07-25T19:30:55Z,89.5796,0.291446,0.295425,0.003979,below_midpoint_feather
2026-07-25T19:31:43Z,89.6483,0.293659,0.290906,-0.002753,below_midpoint_feather
2026-07-25T19:31:47Z,89.5842,0.293231,0.298132,0.004901,below_midpoint_feather
2026-07-25T19:32:33Z,89.6162,0.301631,0.297124,-0.004508,below_midpoint_feather
2026-07-25T19:32:55Z,89.5903,0.296659,0.301323,0.004665,below_midpoint_feather
2026-07-25T19:33:07Z,89.6391,0.300884,0.296645,-0.004240,below_midpoint_feather
2026-07-25T19:33:11Z,89.5842,0.298714,0.302937,0.004223,below_midpoint_feather
2026-07-25T19:34:17Z,89.6254,0.306432,0.301792,-0.004639,below_midpoint_feather
2026-07-25T19:34:25Z,89.5888,0.302663,0.306302,0.003639,below_midpoint_feather
2026-07-25T19:35:09Z,89.6117,0.301139,0.305955,0.004816,below_midpoint_feather
2026-07-25T19:35:15Z,89.6986,0.302664,0.297720,-0.004944,below_midpoint_feather
2026-07-25T19:36:09Z,89.5949,0.306729,0.310583,0.003854,below_midpoint_feather
2026-07-25T19:36:17Z,89.6757,0.305487,0.302544,-0.002943,below_midpoint_feather
2026-07-25T19:37:04Z,89.7734,0.298928,0.296816,-0.002112,below_midpoint_feather
2026-07-25T19:37:31Z,89.7307,0.297288,0.300716,0.003429,below_midpoint_feather
2026-07-25T19:38:27Z,89.7368,0.299839,0.301784,0.001945,below_midpoint_feather
2026-07-25T19:38:29Z,89.8314,0.299579,0.296026,-0.003554,below_midpoint_feather
2026-07-25T19:39:00Z,89.8970,0.295523,0.294211,-0.001312,below_midpoint_feather
2026-07-25T19:39:55Z,89.8604,0.294985,0.296280,0.001295,below_midpoint_feather
2026-07-25T19:40:00Z,89.8466,0.295677,0.296902,0.001225,below_midpoint_feather
2026-07-25T19:40:09Z,89.9184,0.296309,0.294593,-0.001716,below_midpoint_feather
2026-07-25T19:41:36Z,89.9702,0.291607,0.292380,0.000773,below_midpoint_feather
2026-07-25T19:41:52Z,90.0008,0.291693,0.291328,-0.000365,in_band
2026-07-25T19:42:05Z,89.9550,0.291707,0.291646,-0.000061,below_midpoint_feather
2026-07-25T19:42:24Z,90.0145,0.291743,0.290422,-0.001320,in_band
2026-07-25T19:43:00Z,90.1427,0.286308,0.285029,-0.001279,in_band
2026-07-25T19:43:59Z,90.1335,0.277108,0.275868,-0.001239,in_band
2026-07-25T19:44:00Z,90.1335,0.276954,0.275716,-0.001239,in_band
2026-07-25T19:44:59Z,90.2617,0.268035,0.266836,-0.001199,in_band
2026-07-25T19:45:00Z,90.2617,0.267886,0.266688,-0.001198,in_band
2026-07-25T19:45:59Z,90.2983,0.259253,0.258093,-0.001160,in_band
2026-07-25T19:46:00Z,90.2983,0.259109,0.257949,-0.001159,in_band
2026-07-25T19:46:59Z,90.4082,0.250755,0.249633,-0.001122,in_band
2026-07-25T19:47:00Z,90.4082,0.250616,0.249494,-0.001121,in_band
2026-07-25T19:47:59Z,90.4234,0.242535,0.241450,-0.001085,in_band
2026-07-25T19:48:00Z,90.4234,0.242400,0.241315,-0.001085,in_band
2026-07-25T19:48:59Z,90.5455,0.234584,0.233534,-0.001050,in_band
2026-07-25T19:49:00Z,90.5455,0.234454,0.233404,-0.001049,in_band
2026-07-25T19:49:59Z,90.5837,0.226893,0.225878,-0.001015,in_band
2026-07-25T19:50:00Z,90.5837,0.226767,0.225753,-0.001015,in_band
2026-07-25T19:50:59Z,90.6096,0.219455,0.218473,-0.000982,in_band
2026-07-25T19:51:00Z,90.6096,0.219333,0.218352,-0.000981,in_band
2026-07-25T19:51:59Z,90.6798,0.212260,0.211311,-0.000950,in_band
2026-07-25T19:52:00Z,90.6798,0.212142,0.211193,-0.000949,in_band
2026-07-25T19:52:59Z,90.7744,0.205302,0.204383,-0.000919,in_band
2026-07-25T19:53:00Z,90.7744,0.205188,0.204269,-0.000918,in_band
2026-07-25T19:53:59Z,90.7713,0.198571,0.197683,-0.000888,in_band
2026-07-25T19:54:00Z,90.7713,0.198461,0.197573,-0.000888,in_band
2026-07-25T19:54:59Z,90.8751,0.192061,0.191202,-0.000859,in_band
2026-07-25T19:55:00Z,90.8751,0.191954,0.191096,-0.000859,in_band
2026-07-25T19:55:59Z,90.9071,0.185765,0.184933,-0.000831,in_band
2026-07-25T19:56:17Z,90.8904,0.184018,0.183093,-0.000925,in_band
2026-07-25T19:56:59Z,90.9529,0.179675,0.178871,-0.000804,in_band
2026-07-25T19:57:00Z,90.9529,0.179575,0.178771,-0.000804,in_band
2026-07-25T19:57:59Z,90.9483,0.173784,0.173006,-0.000778,in_band
2026-07-25T19:58:00Z,90.9483,0.173688,0.172910,-0.000777,in_band
2026-07-25T19:58:59Z,91.0491,0.168087,0.167335,-0.000752,in_band
2026-07-25T19:59:00Z,91.0491,0.167993,0.167242,-0.000752,in_band
2026-07-25T19:59:59Z,91.0582,0.162576,0.161849,-0.000727,in_band
2026-07-25T20:00:00Z,91.0582,0.162486,0.161759,-0.000727,in_band
2026-07-25T20:00:59Z,91.0399,0.157246,0.156543,-0.000704,in_band
2026-07-25T20:01:00Z,91.0399,0.157159,0.156456,-0.000703,in_band
2026-07-25T20:01:59Z,91.0262,0.152091,0.151411,-0.000681,in_band
2026-07-25T20:02:00Z,91.0262,0.152007,0.151327,-0.000680,in_band
2026-07-25T20:02:59Z,91.1360,0.147105,0.146447,-0.000658,in_band
2026-07-25T20:03:00Z,91.1360,0.147023,0.146365,-0.000658,in_band
2026-07-25T20:03:59Z,91.0506,0.142282,0.141646,-0.000637,in_band
2026-07-25T20:04:00Z,91.0506,0.142203,0.141567,-0.000636,in_band
2026-07-25T20:04:59Z,91.0628,0.137618,0.137002,-0.000616,in_band
2026-07-25T20:05:00Z,91.0628,0.137541,0.136926,-0.000615,in_band
2026-07-25T20:05:59Z,91.0124,0.133106,0.132511,-0.000596,in_band
2026-07-25T20:06:00Z,91.0124,0.133032,0.132437,-0.000595,in_band
2026-07-25T20:06:59Z,91.0002,0.128742,0.128166,-0.000576,in_band
2026-07-25T20:07:00Z,91.0002,0.128671,0.128095,-0.000576,in_band
2026-07-25T20:07:59Z,91.0323,0.124522,0.123965,-0.000557,in_band
2026-07-25T20:08:00Z,91.0323,0.124453,0.123896,-0.000557,in_band
2026-07-25T20:08:59Z,91.0918,0.120439,0.119901,-0.000539,in_band
2026-07-25T20:09:00Z,91.0918,0.120373,0.119834,-0.000539,in_band
2026-07-25T20:09:59Z,91.0811,0.116491,0.115970,-0.000521,in_band
2026-07-25T20:10:00Z,91.0811,0.116426,0.115905,-0.000521,in_band
2026-07-25T20:10:59Z,91.1315,0.112672,0.112168,-0.000504,in_band
2026-07-25T20:11:00Z,91.1315,0.112609,0.112105,-0.000504,in_band
2026-07-25T20:11:59Z,91.0918,0.108978,0.108490,-0.000488,in_band
2026-07-25T20:12:00Z,91.0918,0.108918,0.108430,-0.000487,in_band
2026-07-25T20:12:59Z,91.1742,0.105405,0.104934,-0.000472,in_band
2026-07-25T20:13:00Z,91.1742,0.105347,0.104875,-0.000471,in_band
2026-07-25T20:13:59Z,91.1559,0.101950,0.101494,-0.000456,in_band
2026-07-25T20:14:00Z,91.1559,0.101893,0.101437,-0.000456,in_band
2026-07-25T20:14:59Z,91.2276,0.098607,0.098166,-0.000441,in_band
2026-07-25T20:15:00Z,91.2276,0.098553,0.098112,-0.000441,in_band
2026-07-25T20:15:59Z,91.2200,0.095375,0.094948,-0.000427,in_band
2026-07-25T20:16:00Z,91.2200,0.095322,0.094895,-0.000427,in_band
2026-07-25T20:16:59Z,91.2367,0.092248,0.091835,-0.000413,in_band
2026-07-25T20:17:00Z,91.2367,0.092197,0.091784,-0.000413,in_band
2026-07-25T20:17:59Z,91.2276,0.089224,0.088824,-0.000399,in_band
2026-07-25T20:18:00Z,91.2276,0.089174,0.088775,-0.000399,in_band
2026-07-25T20:18:59Z,91.2459,0.086299,0.085912,-0.000386,in_band
2026-07-25T20:19:00Z,91.2459,0.086251,0.085865,-0.000386,in_band
2026-07-25T20:19:59Z,91.2703,0.083469,0.083096,-0.000373,in_band
2026-07-25T20:20:00Z,91.2703,0.083423,0.083050,-0.000373,in_band
2026-07-25T20:20:59Z,91.2367,0.080733,0.080372,-0.000361,in_band
2026-07-25T20:21:00Z,91.2367,0.080688,0.080327,-0.000361,in_band
2026-07-25T20:21:59Z,91.2474,0.078086,0.077737,-0.000349,in_band
2026-07-25T20:22:00Z,91.2474,0.078043,0.077694,-0.000349,in_band
2026-07-25T20:22:59Z,91.2200,0.075526,0.075188,-0.000338,in_band
2026-07-25T20:23:00Z,91.2200,0.075484,0.075147,-0.000338,in_band
2026-07-25T20:23:59Z,91.1818,0.073050,0.072723,-0.000327,in_band
2026-07-25T20:24:00Z,91.1818,0.073010,0.072683,-0.000327,in_band
2026-07-25T20:24:59Z,91.1559,0.070655,0.070339,-0.000316,in_band
2026-07-25T20:25:00Z,91.1559,0.070616,0.070300,-0.000316,in_band
2026-07-25T20:25:59Z,91.1788,0.068339,0.068033,-0.000306,in_band
2026-07-25T20:26:00Z,91.1788,0.068301,0.067995,-0.000306,in_band
2026-07-25T20:26:59Z,91.2001,0.066099,0.065803,-0.000296,in_band
2026-07-25T20:27:00Z,91.2001,0.066062,0.065766,-0.000296,in_band
2026-07-25T20:27:59Z,91.2001,0.063932,0.063646,-0.000286,in_band
2026-07-25T20:28:00Z,91.2001,0.063896,0.063610,-0.000286,in_band
2026-07-25T20:28:59Z,91.2367,0.061836,0.061559,-0.000277,in_band
2026-07-25T20:29:00Z,91.2367,0.061801,0.061525,-0.000277,in_band
2026-07-25T20:29:59Z,91.2108,0.059808,0.059541,-0.000268,in_band
2026-07-25T20:30:00Z,91.2108,0.059775,0.059508,-0.000267,in_band
2026-07-25T20:30:59Z,91.2505,0.057848,0.057589,-0.000259,in_band
2026-07-25T20:31:00Z,91.2505,0.057816,0.057557,-0.000259,in_band
2026-07-25T20:31:59Z,91.2551,0.055951,0.055701,-0.000250,in_band
2026-07-25T20:32:00Z,91.2551,0.055920,0.055670,-0.000250,in_band
2026-07-25T20:32:59Z,91.2245,0.054117,0.053875,-0.000242,in_band
2026-07-25T20:33:00Z,91.2245,0.054087,0.053845,-0.000242,in_band
2026-07-25T20:33:59Z,91.2612,0.052343,0.052109,-0.000234,in_band
2026-07-25T20:34:00Z,91.2612,0.052314,0.052080,-0.000234,in_band
2026-07-25T20:34:59Z,91.2978,0.050627,0.050400,-0.000227,in_band
2026-07-25T20:35:00Z,91.2978,0.050599,0.050372,-0.000226,in_band
2026-07-25T20:35:59Z,91.2978,0.048967,0.048748,-0.000219,in_band
2026-07-25T20:36:00Z,91.2978,0.048940,0.048721,-0.000219,in_band
2026-07-25T20:36:59Z,91.3100,0.047362,0.047150,-0.000212,in_band
2026-07-25T20:37:00Z,91.3100,0.047335,0.047124,-0.000212,in_band
2026-07-25T20:37:59Z,91.2963,0.045809,0.045604,-0.000205,in_band
2026-07-25T20:38:00Z,91.2963,0.045784,0.045579,-0.000205,in_band
2026-07-25T20:38:59Z,91.3283,0.044307,0.044109,-0.000198,in_band
2026-07-25T20:39:00Z,91.3283,0.044283,0.044084,-0.000198,in_band
2026-07-25T20:39:59Z,91.2886,0.042855,0.042663,-0.000192,in_band
2026-07-25T20:40:00Z,91.2886,0.042831,0.042639,-0.000192,in_band
2026-07-25T20:40:59Z,91.2932,0.041450,0.041264,-0.000185,in_band
2026-07-25T20:41:00Z,91.2932,0.041427,0.041241,-0.000185,in_band
2026-07-25T20:41:59Z,91.3436,0.040091,0.039911,-0.000179,in_band
2026-07-25T20:42:00Z,91.3436,0.040069,0.039889,-0.000179,in_band
2026-07-25T20:42:59Z,91.3466,0.038776,0.038603,-0.000174,in_band
2026-07-25T20:43:00Z,91.3466,0.038755,0.038582,-0.000173,in_band
2026-07-25T20:43:59Z,91.3619,0.037505,0.037337,-0.000168,in_band
2026-07-25T20:44:00Z,91.3619,0.037484,0.037317,-0.000168,in_band
2026-07-25T20:44:59Z,91.3664,0.036276,0.036113,-0.000162,in_band
2026-07-25T20:45:00Z,91.3664,0.036256,0.036093,-0.000162,in_band
2026-07-25T20:45:59Z,91.3970,0.035086,0.034929,-0.000157,in_band
2026-07-25T20:46:00Z,91.3970,0.035067,0.034910,-0.000157,in_band
2026-07-25T20:46:59Z,91.3924,0.033936,0.033784,-0.000152,in_band
2026-07-25T20:47:00Z,91.3924,0.033917,0.033766,-0.000152,in_band
2026-07-25T20:47:59Z,91.3939,0.032824,0.032677,-0.000147,in_band
2026-07-25T20:48:00Z,91.3939,0.032805,0.032659,-0.000147,in_band
2026-07-25T20:48:59Z,91.3527,0.031747,0.031605,-0.000142,in_band
2026-07-25T20:49:00Z,91.3527,0.031730,0.031588,-0.000142,in_band
2026-07-25T20:49:59Z,91.3741,0.030707,0.030569,-0.000137,in_band
2026-07-25T20:50:00Z,91.3741,0.030690,0.030552,-0.000137,in_band
2026-07-25T20:50:59Z,91.4351,0.029700,0.029567,-0.000133,in_band
2026-07-25T20:51:00Z,91.4351,0.029684,0.029551,-0.000133,in_band
2026-07-25T20:51:59Z,91.4382,0.028726,0.028598,-0.000129,in_band
2026-07-25T20:52:00Z,91.4382,0.028710,0.028582,-0.000128,in_band
2026-07-25T20:52:59Z,91.4336,0.027785,0.027660,-0.000124,in_band
2026-07-25T20:53:00Z,91.4336,0.027769,0.027645,-0.000124,in_band
2026-07-25T20:53:59Z,91.4443,0.026874,0.026753,-0.000120,in_band
2026-07-25T20:54:00Z,91.4443,0.026859,0.026739,-0.000120,in_band
2026-07-25T20:54:59Z,91.4717,0.025993,0.025876,-0.000116,in_band
2026-07-25T20:55:00Z,91.4717,0.025978,0.025862,-0.000116,in_band
2026-07-25T20:55:59Z,91.4580,0.025140,0.025028,-0.000112,in_band
2026-07-25T20:56:00Z,91.4580,0.025127,0.025014,-0.000112,in_band
2026-07-25T20:56:59Z,91.4763,0.024316,0.024207,-0.000109,in_band
2026-07-25T20:57:00Z,91.4763,0.024303,0.024194,-0.000109,in_band
2026-07-25T20:57:59Z,91.3878,0.023519,0.023414,-0.000105,in_band
2026-07-25T20:58:00Z,91.3878,0.023506,0.023401,-0.000105,in_band
2026-07-25T20:58:59Z,91.4260,0.022748,0.022646,-0.000102,in_band
2026-07-25T20:59:00Z,91.4260,0.022735,0.022634,-0.000102,in_band
2026-07-25T20:59:59Z,91.3375,0.022002,0.021904,-0.000098,in_band
2026-07-25T21:00:00Z,91.3375,0.021990,0.021892,-0.000098,in_band
2026-07-25T21:00:59Z,91.3161,0.021281,0.021186,-0.000095,in_band
2026-07-25T21:01:00Z,91.3161,0.021269,0.021174,-0.000095,in_band
2026-07-25T21:01:59Z,91.2871,0.020583,0.020491,-0.000092,in_band
2026-07-25T21:02:00Z,91.2871,0.020572,0.020480,-0.000092,in_band
2026-07-25T21:02:59Z,91.2703,0.019909,0.019819,-0.000089,in_band
2026-07-25T21:03:00Z,91.2703,0.019897,0.019808,-0.000089,in_band
2026-07-25T21:03:59Z,91.2505,0.019256,0.019170,-0.000086,in_band
2026-07-25T21:04:00Z,91.2505,0.019245,0.019159,-0.000086,in_band
2026-07-25T21:04:59Z,91.2154,0.018625,0.018541,-0.000083,in_band
2026-07-25T21:05:00Z,91.2154,0.018614,0.018531,-0.000083,in_band
2026-07-25T21:05:59Z,91.1559,0.018014,0.017933,-0.000081,in_band
2026-07-25T21:06:00Z,91.1559,0.018004,0.017923,-0.000081,in_band
2026-07-25T21:06:59Z,91.1879,0.017423,0.017345,-0.000078,in_band
2026-07-25T21:07:00Z,91.1879,0.017414,0.017336,-0.000078,in_band
2026-07-25T21:07:59Z,91.1879,0.016852,0.016777,-0.000075,in_band
2026-07-25T21:08:00Z,91.1879,0.016843,0.016767,-0.000075,in_band
2026-07-25T21:08:59Z,91.1788,0.016300,0.016227,-0.000073,in_band
2026-07-25T21:09:13Z,91.1604,0.016209,0.016101,-0.000108,in_band
2026-07-25T21:09:59Z,91.1818,0.015765,0.015695,-0.000071,in_band
2026-07-25T21:10:00Z,91.1818,0.015757,0.015686,-0.000071,in_band
2026-07-25T21:10:59Z,91.2108,0.015248,0.015180,-0.000068,in_band
2026-07-25T21:11:00Z,91.2108,0.015240,0.015172,-0.000068,in_band
2026-07-25T21:11:59Z,91.2062,0.014749,0.014683,-0.000066,in_band
2026-07-25T21:12:00Z,91.2062,0.014740,0.014674,-0.000066,in_band
2026-07-25T21:12:59Z,91.2276,0.014265,0.014201,-0.000064,in_band
2026-07-25T21:13:00Z,91.2276,0.014257,0.014193,-0.000064,in_band
2026-07-25T21:13:59Z,91.2139,0.013797,0.013736,-0.000062,in_band
2026-07-25T21:14:00Z,91.2139,0.013790,0.013728,-0.000062,in_band
2026-07-25T21:14:59Z,91.2428,0.013345,0.013285,-0.000060,in_band
2026-07-25T21:15:00Z,91.2428,0.013338,0.013278,-0.000060,in_band
2026-07-25T21:15:59Z,91.2505,0.012908,0.012850,-0.000058,in_band
2026-07-25T21:16:00Z,91.2505,0.012900,0.012843,-0.000058,in_band
2026-07-25T21:16:59Z,91.1910,0.012484,0.012429,-0.000056,in_band
2026-07-25T21:17:00Z,91.1910,0.012477,0.012422,-0.000056,in_band
2026-07-25T21:17:59Z,91.2566,0.012075,0.012021,-0.000054,in_band
2026-07-25T21:18:00Z,91.2566,0.012068,0.012014,-0.000054,in_band
2026-07-25T21:18:59Z,91.2688,0.011679,0.011627,-0.000052,in_band
2026-07-25T21:19:00Z,91.2688,0.011673,0.011621,-0.000052,in_band
2026-07-25T21:19:59Z,91.2551,0.011296,0.011246,-0.000051,in_band
2026-07-25T21:20:00Z,91.2551,0.011290,0.011240,-0.000051,in_band
2026-07-25T21:20:59Z,91.2520,0.010926,0.010877,-0.000049,in_band
2026-07-25T21:21:00Z,91.2520,0.010920,0.010871,-0.000049,in_band
2026-07-25T21:21:59Z,91.2978,0.010568,0.010521,-0.000047,in_band
2026-07-25T21:22:00Z,91.2978,0.010562,0.010515,-0.000047,in_band
2026-07-25T21:22:59Z,91.2917,0.010221,0.010176,-0.000046,in_band
2026-07-25T21:23:05Z,91.2703,0.010199,0.010142,-0.000057,in_band
2026-07-25T21:23:59Z,91.3191,0.009886,0.009842,-0.000044,in_band
2026-07-25T21:24:00Z,91.3191,0.009881,0.009837,-0.000044,in_band
2026-07-25T21:24:59Z,91.3191,0.009562,0.009519,-0.000043,in_band
2026-07-25T21:25:00Z,91.3191,0.009557,0.009514,-0.000043,in_band
2026-07-25T21:25:59Z,91.3573,0.009249,0.009207,-0.000041,in_band
2026-07-25T21:26:00Z,91.3573,0.009244,0.009202,-0.000041,in_band
2026-07-25T21:26:59Z,91.3329,0.008945,0.008905,-0.000040,in_band
2026-07-25T21:27:00Z,91.3329,0.008940,0.008900,-0.000040,in_band
2026-07-25T21:27:59Z,91.3558,0.008652,0.008613,-0.000039,in_band
2026-07-25T21:28:33Z,91.3893,0.008509,0.008452,-0.000057,in_band
2026-07-25T21:28:59Z,91.3832,0.008369,0.008331,-0.000037,in_band
2026-07-25T21:29:00Z,91.3832,0.008364,0.008326,-0.000037,in_band
2026-07-25T21:29:59Z,91.4015,0.008094,0.008058,-0.000036,in_band
2026-07-25T21:30:00Z,91.4015,0.008090,0.008053,-0.000036,in_band
2026-07-25T21:30:59Z,91.4199,0.007829,0.007794,-0.000035,in_band
2026-07-25T21:31:00Z,91.4199,0.007824,0.007789,-0.000035,in_band
2026-07-25T21:31:59Z,91.3939,0.007572,0.007538,-0.000034,in_band
2026-07-25T21:32:00Z,91.3939,0.007568,0.007534,-0.000034,in_band
2026-07-25T21:32:59Z,91.4565,0.007324,0.007291,-0.000033,in_band
2026-07-25T21:33:00Z,91.4565,0.007320,0.007287,-0.000033,in_band
2026-07-25T21:33:59Z,91.4626,0.007084,0.007052,-0.000032,in_band
2026-07-25T21:34:00Z,91.4626,0.007080,0.007048,-0.000032,in_band
2026-07-25T21:34:59Z,91.4672,0.006852,0.006821,-0.000031,in_band
2026-07-25T21:35:00Z,91.4672,0.006848,0.006817,-0.000031,in_band
2026-07-25T21:35:59Z,91.4748,0.006627,0.006597,-0.000030,in_band
2026-07-25T21:36:35Z,91.5129,0.006496,0.000954,-0.005542,above_band_high
2026-07-25T21:36:43Z,91.4763,0.006467,0.006452,-0.000015,in_band
2026-07-25T21:37:02Z,91.5038,0.006399,0.004778,-0.001621,above_band_high
2026-07-25T21:37:03Z,91.5114,0.004788,0.001523,-0.003265,above_band_high
2026-07-25T21:39:29Z,91.5358,0.000000,0.000000,0.000000,above_band_high
2026-07-25T21:39:31Z,91.4992,0.000852,0.005351,0.004499,in_band
2026-07-25T21:40:00Z,91.5541,0.000000,0.000000,0.000000,above_band_high
2026-07-25T21:40:01Z,91.5084,0.000000,0.001224,0.001224,above_band_high
2026-07-25T21:41:00Z,91.5404,0.000000,0.000000,0.000000,above_band_high
2026-07-25T21:42:00Z,91.5663,0.000000,0.000000,0.000000,above_band_high
2026-07-25T21:43:00Z,91.5770,0.000000,0.000000,0.000000,above_band_high
2026-07-25T21:44:00Z,91.5984,0.000000,0.000000,0.000000,above_band_high
2026-07-25T21:45:00Z,91.6167,0.000000,0.000000,0.000000,above_band_high
2026-07-25T21:46:00Z,91.6304,0.000000,0.000000,0.000000,above_band_high
2026-07-25T21:47:00Z,91.6304,0.000000,0.000000,0.000000,above_band_high
2026-07-25T21:48:00Z,91.6960,0.000000,0.000000,0.000000,above_band_high
2026-07-25T21:49:00Z,91.6854,0.000000,0.000000,0.000000,above_band_high
2026-07-25T21:50:00Z,91.6854,0.000000,0.000000,0.000000,above_band_high
2026-07-25T21:51:00Z,91.7220,0.000000,0.000000,0.000000,above_band_high
2026-07-25T21:52:00Z,91.7281,0.000000,0.000000,0.000000,above_band_high
2026-07-25T21:53:00Z,91.7311,0.000000,0.000000,0.000000,above_band_high
2026-07-25T21:54:00Z,91.7144,0.000000,0.000000,0.000000,above_band_high
2026-07-25T21:55:00Z,91.7037,0.000000,0.000000,0.000000,above_band_high
2026-07-25T21:56:00Z,91.6548,0.000000,0.000000,0.000000,above_band_high
2026-07-25T21:57:00Z,91.6350,0.000000,0.000000,0.000000,above_band_high
2026-07-25T21:58:00Z,91.6167,0.000000,0.000000,0.000000,above_band_high
2026-07-25T21:59:00Z,91.5846,0.000000,0.000000,0.000000,above_band_high
2026-07-25T22:00:00Z,91.5221,0.000000,0.000000,0.000000,above_band_high
2026-07-25T22:00:23Z,91.5023,0.000000,0.003253,0.003253,above_band_high
2026-07-25T22:01:17Z,91.4748,0.000000,0.002885,0.002885,in_band
2026-07-25T22:01:25Z,91.5404,0.001815,0.000000,-0.001815,above_band_high
2026-07-25T22:02:01Z,91.4885,0.000000,0.001891,0.001891,in_band
2026-07-25T22:02:07Z,91.4885,0.001825,0.001721,-0.000104,in_band
2026-07-25T22:03:35Z,91.4748,0.000426,0.000474,0.000048,in_band
2026-07-25T22:03:45Z,91.5038,0.000361,0.000000,-0.000361,above_band_high
2026-07-25T22:04:00Z,91.4580,0.000282,0.000320,0.000038,in_band
2026-07-25T22:04:59Z,91.4153,0.000106,0.000121,0.000014,in_band
2026-07-25T22:05:00Z,91.4153,0.000105,0.000119,0.000014,in_band
2026-07-25T22:05:59Z,91.4122,0.000039,0.000045,0.000005,in_band
2026-07-25T22:06:00Z,91.4122,0.000039,0.000044,0.000005,in_band
2026-07-25T22:06:59Z,91.3756,0.000015,0.000017,0.000002,in_band
2026-07-25T22:07:00Z,91.3756,0.000014,0.000016,0.000002,in_band
2026-07-25T22:07:59Z,91.3924,0.000005,0.000006,0.000001,in_band
2026-07-25T22:08:00Z,91.3924,0.000005,0.000006,0.000001,in_band
2026-07-25T22:08:59Z,91.3848,0.000002,0.000002,0.000000,in_band
2026-07-25T22:09:00Z,91.3848,0.000002,0.000002,0.000000,in_band
2026-07-25T22:09:59Z,91.3619,0.000001,0.000001,0.000000,in_band
2026-07-25T22:10:00Z,91.3619,0.000001,0.000001,0.000000,in_band
2026-07-25T22:10:59Z,91.3924,0.000000,0.000000,0.000000,in_band
2026-07-25T22:11:00Z,91.3924,0.000000,0.000000,0.000000,in_band
2026-07-25T22:11:59Z,91.3848,0.000000,0.000000,0.000000,in_band
2026-07-25T22:12:00Z,91.3848,0.000000,0.000000,0.000000,in_band
2026-07-25T22:12:59Z,91.3664,0.000000,0.000000,0.000000,in_band
2026-07-25T22:13:00Z,91.3664,0.000000,0.000000,0.000000,in_band
2026-07-25T22:13:59Z,91.3558,0.000000,0.000000,0.000000,in_band
2026-07-25T22:14:00Z,91.3558,0.000000,0.000000,0.000000,in_band
2026-07-25T22:14:59Z,91.3695,0.000000,0.000000,0.000000,in_band
2026-07-25T22:15:00Z,91.3695,0.000000,0.000000,0.000000,in_band
2026-07-25T22:15:59Z,91.3619,0.000000,0.000000,0.000000,in_band
2026-07-25T22:16:00Z,91.3619,0.000000,0.000000,0.000000,in_band
2026-07-25T22:16:59Z,91.3466,0.000000,0.000000,0.000000,in_band
2026-07-25T22:17:00Z,91.3466,0.000000,0.000000,0.000000,in_band
2026-07-25T22:17:59Z,91.3603,0.000000,0.000000,0.000000,in_band
2026-07-25T22:18:00Z,91.3603,0.000000,0.000000,0.000000,in_band
2026-07-25T22:18:59Z,91.3603,0.000000,0.000000,0.000000,in_band
2026-07-25T22:19:00Z,91.3603,0.000000,0.000000,0.000000,in_band
2026-07-25T22:19:59Z,91.3848,0.000000,0.000000,0.000000,in_band
2026-07-25T22:20:00Z,91.3848,0.000000,0.000000,0.000000,in_band
2026-07-25T22:20:59Z,91.3756,0.000000,0.000000,0.000000,in_band
2026-07-25T22:21:00Z,91.3756,0.000000,0.000000,0.000000,in_band
2026-07-25T22:21:59Z,91.3695,0.000000,0.000000,0.000000,in_band
2026-07-25T22:22:00Z,91.3695,0.000000,0.000000,0.000000,in_band
2026-07-25T22:22:59Z,91.3558,0.000000,0.000000,0.000000,in_band
2026-07-25T22:23:00Z,91.3558,0.000000,0.000000,0.000000,in_band
2026-07-25T22:23:59Z,91.3649,0.000000,0.000000,0.000000,in_band
2026-07-25T22:24:00Z,91.3649,0.000000,0.000000,0.000000,in_band
2026-07-25T22:24:59Z,91.3848,0.000000,0.000000,0.000000,in_band
2026-07-25T22:25:00Z,91.3848,0.000000,0.000000,0.000000,in_band
2026-07-25T22:25:59Z,91.3603,0.000000,0.000000,0.000000,in_band
2026-07-25T22:26:00Z,91.3603,0.000000,0.000000,0.000000,in_band
2026-07-25T22:26:59Z,91.3558,0.000000,0.000000,0.000000,in_band
2026-07-25T22:27:00Z,91.3558,0.000000,0.000000,0.000000,in_band
2026-07-25T22:27:59Z,91.3344,0.000000,0.000000,0.000000,in_band
2026-07-25T22:28:00Z,91.3344,0.000000,0.000000,0.000000,in_band
2026-07-25T22:28:59Z,91.3207,0.000000,0.000000,0.000000,in_band
2026-07-25T22:29:00Z,91.3207,0.000000,0.000000,0.000000,in_band
2026-07-25T22:29:59Z,91.3619,0.000000,0.000000,0.000000,in_band
2026-07-25T22:30:00Z,91.3619,0.000000,0.000000,0.000000,in_band
2026-07-25T22:30:59Z,91.3466,0.000000,0.000000,0.000000,in_band
2026-07-25T22:31:00Z,91.3466,0.000000,0.000000,0.000000,in_band
2026-07-25T22:31:59Z,91.3344,0.000000,0.000000,0.000000,in_band
2026-07-25T22:32:00Z,91.3344,0.000000,0.000000,0.000000,in_band
2026-07-25T22:32:59Z,91.3191,0.000000,0.000000,0.000000,in_band
2026-07-25T22:33:00Z,91.3191,0.000000,0.000000,0.000000,in_band
2026-07-25T22:33:59Z,91.3329,0.000000,0.000000,0.000000,in_band
2026-07-25T22:34:00Z,91.3329,0.000000,0.000000,0.000000,in_band
2026-07-25T22:34:59Z,91.3054,0.000000,0.000000,0.000000,in_band
2026-07-25T22:35:00Z,91.3054,0.000000,0.000000,0.000000,in_band
2026-07-25T22:35:59Z,91.3420,0.000000,0.000000,0.000000,in_band
2026-07-25T22:36:00Z,91.3420,0.000000,0.000000,0.000000,in_band
2026-07-25T22:36:59Z,91.3161,0.000000,0.000000,0.000000,in_band
2026-07-25T22:37:00Z,91.3161,0.000000,0.000000,0.000000,in_band
2026-07-25T22:37:59Z,91.3146,0.000000,0.000000,0.000000,in_band
2026-07-25T22:38:00Z,91.3146,0.000000,0.000000,0.000000,in_band
2026-07-25T22:38:59Z,91.3252,0.000000,0.000000,0.000000,in_band
2026-07-25T22:39:00Z,91.3252,0.000000,0.000000,0.000000,in_band
2026-07-25T22:39:59Z,91.3161,0.000000,0.000000,0.000000,in_band
2026-07-25T22:40:00Z,91.3161,0.000000,0.000000,0.000000,in_band
2026-07-25T22:40:59Z,91.3207,0.000000,0.000000,0.000000,in_band
2026-07-25T22:41:00Z,91.3207,0.000000,0.000000,0.000000,in_band
2026-07-25T22:41:59Z,91.3161,0.000000,0.000000,0.000000,in_band
2026-07-25T22:42:00Z,91.3161,0.000000,0.000000,0.000000,in_band
2026-07-25T22:42:59Z,91.3146,0.000000,0.000000,0.000000,in_band
2026-07-25T22:43:00Z,91.3146,0.000000,0.000000,0.000000,in_band
2026-07-25T22:43:59Z,91.2886,0.000000,0.000000,0.000000,in_band
2026-07-25T22:44:00Z,91.2886,0.000000,0.000000,0.000000,in_band
2026-07-25T22:44:59Z,91.2963,0.000000,0.000000,0.000000,in_band
2026-07-25T22:45:00Z,91.2963,0.000000,0.000000,0.000000,in_band
2026-07-25T22:45:59Z,91.2963,0.000000,0.000000,0.000000,in_band
2026-07-25T22:46:00Z,91.2963,0.000000,0.000000,0.000000,in_band
2026-07-25T22:46:59Z,91.3100,0.000000,0.000000,0.000000,in_band
2026-07-25T22:47:00Z,91.3100,0.000000,0.000000,0.000000,in_band
2026-07-25T22:47:59Z,91.3024,0.000000,0.000000,0.000000,in_band
2026-07-25T22:48:00Z,91.3024,0.000000,0.000000,0.000000,in_band
2026-07-25T22:48:59Z,91.3207,0.000000,0.000000,0.000000,in_band
2026-07-25T22:49:00Z,91.3207,0.000000,0.000000,0.000000,in_band
2026-07-25T22:49:59Z,91.3008,0.000000,0.000000,0.000000,in_band
2026-07-25T22:50:00Z,91.3008,0.000000,0.000000,0.000000,in_band
2026-07-25T22:50:59Z,91.3161,0.000000,0.000000,0.000000,in_band
2026-07-25T22:51:00Z,91.3161,0.000000,0.000000,0.000000,in_band
2026-07-25T22:51:59Z,91.3100,0.000000,0.000000,0.000000,in_band
2026-07-25T22:52:00Z,91.3100,0.000000,0.000000,0.000000,in_band
2026-07-25T22:52:59Z,91.3329,0.000000,0.000000,0.000000,in_band
2026-07-25T22:53:00Z,91.3329,0.000000,0.000000,0.000000,in_band
2026-07-25T22:53:59Z,91.3283,0.000000,0.000000,0.000000,in_band
2026-07-25T22:54:00Z,91.3283,0.000000,0.000000,0.000000,in_band
2026-07-25T22:54:59Z,91.2932,0.000000,0.000000,0.000000,in_band
2026-07-25T22:55:00Z,91.2932,0.000000,0.000000,0.000000,in_band
2026-07-25T22:55:59Z,91.2459,0.000000,0.000000,0.000000,in_band
2026-07-25T22:56:00Z,91.2459,0.000000,0.000000,0.000000,in_band
2026-07-25T22:56:59Z,91.2184,0.000000,0.000000,0.000000,in_band
2026-07-25T22:57:00Z,91.2184,0.000000,0.000000,0.000000,in_band
2026-07-25T22:57:59Z,91.2200,0.000000,0.000000,0.000000,in_band
2026-07-25T22:58:00Z,91.2200,0.000000,0.000000,0.000000,in_band
2026-07-25T22:58:59Z,91.1452,0.000000,0.000000,0.000000,in_band
2026-07-25T22:59:00Z,91.1452,0.000000,0.000000,0.000000,in_band
2026-07-25T22:59:59Z,91.1009,0.000000,0.000000,0.000000,in_band
2026-07-25T23:00:00Z,91.1009,0.000000,0.000000,0.000000,in_band
2026-07-25T23:00:59Z,91.1269,0.000000,0.000000,0.000000,in_band
2026-07-25T23:01:00Z,91.1269,0.000000,0.000000,0.000000,in_band
2026-07-25T23:01:59Z,91.1131,0.000000,0.000000,0.000000,in_band
2026-07-25T23:02:00Z,91.1131,0.000000,0.000000,0.000000,in_band
2026-07-25T23:02:59Z,91.0964,0.000000,0.000000,0.000000,in_band
2026-07-25T23:03:00Z,91.0964,0.000000,0.000000,0.000000,in_band
2026-07-25T23:03:59Z,91.1330,0.000000,0.000000,0.000000,in_band
2026-07-25T23:04:00Z,91.1330,0.000000,0.000000,0.000000,in_band
2026-07-25T23:04:59Z,91.0826,0.000000,0.000000,0.000000,in_band
2026-07-25T23:05:00Z,91.0826,0.000000,0.000000,0.000000,in_band
2026-07-25T23:05:59Z,91.0780,0.000000,0.000000,0.000000,in_band
2026-07-25T23:06:00Z,91.0780,0.000000,0.000000,0.000000,in_band
2026-07-25T23:06:59Z,91.0323,0.000000,0.000000,0.000000,in_band
2026-07-25T23:07:00Z,91.0323,0.000000,0.000000,0.000000,in_band
2026-07-25T23:07:59Z,91.0231,0.000000,0.000000,0.000000,in_band
2026-07-25T23:08:00Z,91.0231,0.000000,0.000000,0.000000,in_band
2026-07-25T23:08:59Z,91.0918,0.000000,0.000000,0.000000,in_band
2026-07-25T23:09:00Z,91.0918,0.000000,0.000000,0.000000,in_band
2026-07-25T23:09:59Z,91.1223,0.000000,0.000000,0.000000,in_band
2026-07-25T23:10:00Z,91.1223,0.000000,0.000000,0.000000,in_band
2026-07-25T23:10:48Z,91.1513,0.000000,0.000000,0.000000,in_band
2026-07-25T23:11:00Z,91.1147,0.000000,0.000000,0.000000,in_band
2026-07-25T23:11:59Z,91.1788,0.000000,0.000000,0.000000,in_band
2026-07-25T23:12:00Z,91.1788,0.000000,0.000000,0.000000,in_band
2026-07-25T23:12:59Z,91.1513,0.000000,0.000000,0.000000,in_band
2026-07-25T23:13:00Z,91.1513,0.000000,0.000000,0.000000,in_band
2026-07-25T23:13:59Z,91.1147,0.000000,0.000000,0.000000,in_band
2026-07-25T23:14:00Z,91.1147,0.000000,0.000000,0.000000,in_band
2026-07-25T23:14:59Z,91.1864,0.000000,0.000000,0.000000,in_band
2026-07-25T23:15:00Z,91.1864,0.000000,0.000000,0.000000,in_band
2026-07-25T23:15:59Z,91.1910,0.000000,0.000000,0.000000,in_band
2026-07-25T23:16:00Z,91.1910,0.000000,0.000000,0.000000,in_band
2026-07-25T23:16:59Z,91.2276,0.000000,0.000000,0.000000,in_band
2026-07-25T23:17:00Z,91.2276,0.000000,0.000000,0.000000,in_band
2026-07-25T23:17:59Z,91.2047,0.000000,0.000000,0.000000,in_band
2026-07-25T23:18:00Z,91.2047,0.000000,0.000000,0.000000,in_band
2026-07-25T23:18:59Z,91.1818,0.000000,0.000000,0.000000,in_band
2026-07-25T23:19:00Z,91.1818,0.000000,0.000000,0.000000,in_band
2026-07-25T23:19:59Z,91.1772,0.000000,0.000000,0.000000,in_band
2026-07-25T23:20:00Z,91.1772,0.000000,0.000000,0.000000,in_band
2026-07-25T23:20:59Z,91.1818,0.000000,0.000000,0.000000,in_band
2026-07-25T23:21:00Z,91.1818,0.000000,0.000000,0.000000,in_band
2026-07-25T23:21:59Z,91.1727,0.000000,0.000000,0.000000,in_band
2026-07-25T23:22:00Z,91.1727,0.000000,0.000000,0.000000,in_band
2026-07-25T23:22:59Z,91.1864,0.000000,0.000000,0.000000,in_band
2026-07-25T23:23:00Z,91.1864,0.000000,0.000000,0.000000,in_band
2026-07-25T23:23:59Z,91.2047,0.000000,0.000000,0.000000,in_band
2026-07-25T23:24:00Z,91.2047,0.000000,0.000000,0.000000,in_band
2026-07-25T23:24:59Z,91.2047,0.000000,0.000000,0.000000,in_band
2026-07-25T23:25:00Z,91.2047,0.000000,0.000000,0.000000,in_band
2026-07-25T23:25:59Z,91.2093,0.000000,0.000000,0.000000,in_band
2026-07-25T23:26:00Z,91.2093,0.000000,0.000000,0.000000,in_band
2026-07-25T23:26:59Z,91.2383,0.000000,0.000000,0.000000,in_band
2026-07-25T23:27:00Z,91.2383,0.000000,0.000000,0.000000,in_band
2026-07-25T23:27:59Z,91.1971,0.000000,0.000000,0.000000,in_band
2026-07-25T23:28:00Z,91.1971,0.000000,0.000000,0.000000,in_band
2026-07-25T23:28:59Z,91.2245,0.000000,0.000000,0.000000,in_band
2026-07-25T23:29:00Z,91.2245,0.000000,0.000000,0.000000,in_band
2026-07-25T23:29:59Z,91.1971,0.000000,0.000000,0.000000,in_band
2026-07-25T23:30:00Z,91.1971,0.000000,0.000000,0.000000,in_band
2026-07-25T23:30:59Z,91.2200,0.000000,0.000000,0.000000,in_band
2026-07-25T23:31:00Z,91.2200,0.000000,0.000000,0.000000,in_band
2026-07-25T23:31:59Z,91.2093,0.000000,0.000000,0.000000,in_band
2026-07-25T23:32:00Z,91.2093,0.000000,0.000000,0.000000,in_band
2026-07-25T23:32:31Z,91.1788,0.000000,0.000000,0.000000,in_band
2026-07-25T23:33:00Z,91.2016,0.000000,0.000000,0.000000,in_band
2026-07-25T23:33:59Z,91.2108,0.000000,0.000000,0.000000,in_band
2026-07-25T23:34:00Z,91.2108,0.000000,0.000000,0.000000,in_band
2026-07-25T23:34:58Z,91.2184,0.000000,0.000000,0.000000,in_band
2026-07-25T23:35:00Z,91.1818,0.000000,0.000000,0.000000,in_band
2026-07-25T23:35:54Z,91.2016,0.000000,0.000000,0.000000,in_band
2026-07-25T23:36:03Z,91.2383,0.000000,0.000000,0.000000,in_band
2026-07-25T23:36:57Z,91.2200,0.000000,0.000000,0.000000,in_band
2026-07-25T23:37:01Z,91.2520,0.000000,0.000000,0.000000,in_band
2026-07-25T23:37:59Z,91.2657,0.000000,0.000000,0.000000,in_band
2026-07-25T23:38:01Z,91.2795,0.000000,0.000000,0.000000,in_band
2026-07-25T23:38:58Z,91.2749,0.000000,0.000000,-0.000000,in_band
2026-07-25T23:39:00Z,91.2520,0.000000,0.000000,0.000000,in_band
2026-07-25T23:39:29Z,91.2459,0.000000,0.000000,-0.000000,in_band
2026-07-25T23:40:35Z,91.2337,0.000000,0.000000,-0.000000,in_band
2026-07-25T23:40:36Z,91.2337,0.000000,0.000000,0.000000,in_band
2026-07-25T23:41:00Z,91.2383,0.000000,0.000000,0.000000,in_band
2026-07-25T23:41:59Z,91.2657,0.000000,0.000000,0.000000,in_band
2026-07-25T23:42:00Z,91.2657,0.000000,0.000000,0.000000,in_band
2026-07-25T23:42:59Z,91.2657,0.000000,0.000000,0.000000,in_band
2026-07-25T23:43:00Z,91.2657,0.000000,0.000000,0.000000,in_band
2026-07-25T23:43:59Z,91.2322,0.000000,0.000000,0.000000,in_band
2026-07-25T23:44:00Z,91.2322,0.000000,0.000000,0.000000,in_band
2026-07-25T23:44:59Z,91.2657,0.000000,0.000000,0.000000,in_band
2026-07-25T23:45:00Z,91.2657,0.000000,0.000000,0.000000,in_band
2026-07-25T23:45:59Z,91.2657,0.000000,0.000000,0.000000,in_band
2026-07-25T23:46:00Z,91.2657,0.000000,0.000000,0.000000,in_band
2026-07-25T23:46:59Z,91.2963,0.000000,0.000000,0.000000,in_band
2026-07-25T23:47:00Z,91.2963,0.000000,0.000000,0.000000,in_band
2026-07-25T23:47:59Z,91.2963,0.000000,0.000000,0.000000,in_band
2026-07-25T23:48:00Z,91.2963,0.000000,0.000000,0.000000,in_band
2026-07-25T23:48:59Z,91.3069,0.000000,0.000000,0.000000,in_band
2026-07-25T23:49:00Z,91.3069,0.000000,0.000000,0.000000,in_band
2026-07-25T23:49:59Z,91.3283,0.000000,0.000000,0.000000,in_band
2026-07-25T23:50:00Z,91.3283,0.000000,0.000000,0.000000,in_band
2026-07-25T23:50:59Z,91.3619,0.000000,0.000000,0.000000,in_band
2026-07-25T23:51:00Z,91.3619,0.000000,0.000000,0.000000,in_band
2026-07-25T23:51:59Z,91.3466,0.000000,0.000000,0.000000,in_band
2026-07-25T23:52:00Z,91.3466,0.000000,0.000000,0.000000,in_band
2026-07-25T23:52:59Z,91.3787,0.000000,0.000000,0.000000,in_band
2026-07-25T23:53:00Z,91.3787,0.000000,0.000000,0.000000,in_band
2026-07-25T23:53:59Z,91.3924,0.000000,0.000000,0.000000,in_band
2026-07-25T23:54:00Z,91.3924,0.000000,0.000000,0.000000,in_band
2026-07-25T23:54:59Z,91.3924,0.000000,0.000000,0.000000,in_band
2026-07-25T23:55:00Z,91.3924,0.000000,0.000000,0.000000,in_band
2026-07-25T23:55:59Z,91.3848,0.000000,0.000000,0.000000,in_band
2026-07-25T23:56:00Z,91.3848,0.000000,0.000000,0.000000,in_band
2026-07-25T23:56:59Z,91.3710,0.000000,0.000000,0.000000,in_band
2026-07-25T23:57:00Z,91.3710,0.000000,0.000000,0.000000,in_band
2026-07-25T23:57:59Z,91.3924,0.000000,0.000000,0.000000,in_band
2026-07-25T23:58:00Z,91.3924,0.000000,0.000000,0.000000,in_band
2026-07-25T23:58:59Z,91.3695,0.000000,0.000000,0.000000,in_band
2026-07-25T23:59:00Z,91.3695,0.000000,0.000000,0.000000,in_band
2026-07-25T23:59:59Z,91.3329,0.000000,0.000000,0.000000,in_band
2026-07-26T00:00:00Z,91.3329,0.000000,0.000000,0.000000,in_band
2026-07-26T00:00:59Z,91.3710,0.000000,0.000000,0.000000,in_band
2026-07-26T00:01:00Z,91.3710,0.000000,0.000000,0.000000,in_band
2026-07-26T00:01:59Z,91.3848,0.000000,0.000000,0.000000,in_band
2026-07-26T00:02:00Z,91.3848,0.000000,0.000000,0.000000,in_band
2026-07-26T00:02:59Z,91.3893,0.000000,0.000000,0.000000,in_band
2026-07-26T00:03:00Z,91.3893,0.000000,0.000000,0.000000,in_band
2026-07-26T00:03:59Z,91.4153,0.000000,0.000000,0.000000,in_band
2026-07-26T00:04:00Z,91.4153,0.000000,0.000000,0.000000,in_band
2026-07-26T00:04:59Z,91.3756,0.000000,0.000000,0.000000,in_band
2026-07-26T00:05:00Z,91.3756,0.000000,0.000000,0.000000,in_band
2026-07-26T00:05:59Z,91.3695,0.000000,0.000000,0.000000,in_band
2026-07-26T00:06:00Z,91.3695,0.000000,0.000000,0.000000,in_band
2026-07-26T00:06:59Z,91.4214,0.000000,0.000000,0.000000,in_band
2026-07-26T00:07:00Z,91.4214,0.000000,0.000000,0.000000,in_band
2026-07-26T00:07:59Z,91.3939,0.000000,0.000000,0.000000,in_band
2026-07-26T00:08:00Z,91.3939,0.000000,0.000000,0.000000,in_band
2026-07-26T00:08:59Z,91.4031,0.000000,0.000000,0.000000,in_band
2026-07-26T00:09:00Z,91.4031,0.000000,0.000000,0.000000,in_band
2026-07-26T00:09:59Z,91.4534,0.000000,0.000000,0.000000,in_band
2026-07-26T00:10:47Z,91.5068,0.000000,0.000000,0.000000,above_band_high
2026-07-26T00:10:53Z,91.4946,0.000000,0.000041,0.000041,in_band
2026-07-26T00:11:04Z,91.5160,0.000013,0.000000,-0.000013,above_band_high
2026-07-26T00:11:15Z,91.4946,0.000011,0.000129,0.000118,in_band
2026-07-26T00:12:44Z,91.5816,0.000000,0.000000,0.000000,above_band_high
2026-07-26T00:13:00Z,91.5450,0.000000,0.000000,0.000000,above_band_high
2026-07-26T00:14:00Z,91.6213,0.000000,0.000000,0.000000,above_band_high
2026-07-26T00:15:00Z,91.6579,0.000000,0.000000,0.000000,above_band_high
2026-07-26T00:16:00Z,91.7082,0.000000,0.000000,0.000000,above_band_high
2026-07-26T00:17:00Z,91.7128,0.000000,0.000000,0.000000,above_band_high
2026-07-26T00:18:00Z,91.7281,0.000000,0.000000,0.000000,above_band_high
2026-07-26T00:19:00Z,91.7082,0.000000,0.000000,0.000000,above_band_high
2026-07-26T00:20:00Z,91.7403,0.000000,0.000000,0.000000,above_band_high
2026-07-26T00:21:00Z,91.7586,0.000000,0.000000,0.000000,above_band_high
2026-07-26T00:22:00Z,91.7952,0.000000,0.000000,0.000000,above_band_high
2026-07-26T00:23:00Z,91.8196,0.000000,0.000000,0.000000,above_band_high
2026-07-26T00:24:00Z,91.8379,0.000000,0.000000,0.000000,above_band_high
2026-07-26T00:25:00Z,91.8334,0.000000,0.000000,0.000000,above_band_high
2026-07-26T00:26:00Z,91.8563,0.000000,0.000000,0.000000,above_band_high
2026-07-26T00:27:00Z,91.9097,0.000000,0.000000,0.000000,above_band_high
2026-07-26T00:28:00Z,91.8837,0.000000,0.000000,0.000000,above_band_high
2026-07-26T00:29:00Z,91.8914,0.000000,0.000000,0.000000,above_band_high
2026-07-26T00:30:00Z,91.8975,0.000000,0.000000,0.000000,above_band_high
2026-07-26T00:31:00Z,91.9463,0.000000,0.000000,0.000000,above_band_high
2026-07-26T00:32:00Z,91.9646,0.000000,0.000000,0.000000,above_band_high
2026-07-26T00:33:00Z,91.9570,0.000000,0.000000,0.000000,above_band_high
2026-07-26T00:34:00Z,91.9707,0.000000,0.000000,0.000000,above_band_high
2026-07-26T00:35:00Z,91.9890,0.000000,0.000000,0.000000,above_band_high
2026-07-26T00:36:00Z,91.9707,0.000000,0.000000,0.000000,above_band_high
2026-07-26T00:37:00Z,92.0256,0.000000,0.000000,0.000000,above_band_high
2026-07-26T00:38:00Z,91.9966,0.000000,0.000000,0.000000,above_band_high
2026-07-26T00:39:00Z,91.9966,0.000000,0.000000,0.000000,above_band_high
2026-07-26T00:40:00Z,92.0150,0.000000,0.000000,0.000000,above_band_high
2026-07-26T00:41:00Z,92.0333,0.000000,0.000000,0.000000,above_band_high
2026-07-26T00:42:00Z,92.0333,0.000000,0.000000,0.000000,above_band_high
2026-07-26T00:43:00Z,92.0699,0.000000,0.000000,0.000000,above_band_high
2026-07-26T00:44:00Z,92.0851,0.000000,0.000000,0.000000,above_band_high
2026-07-26T00:45:00Z,92.0943,0.000000,0.000000,0.000000,above_band_high
2026-07-26T00:46:00Z,92.0806,0.000000,0.000000,0.000000,above_band_high
2026-07-26T00:47:00Z,92.0806,0.000000,0.000000,0.000000,above_band_high
2026-07-26T00:48:00Z,92.0516,0.000000,0.000000,0.000000,above_band_high
2026-07-26T00:49:00Z,92.1065,0.000000,0.000000,0.000000,above_band_high
2026-07-26T00:50:00Z,92.1340,0.000000,0.000000,0.000000,above_band_high
2026-07-26T00:51:00Z,92.1248,0.000000,0.000000,0.000000,above_band_high
2026-07-26T00:52:00Z,92.1355,0.000000,0.000000,0.000000,above_band_high
2026-07-26T00:53:00Z,92.1309,0.000000,0.000000,0.000000,above_band_high
2026-07-26T00:54:00Z,92.1431,0.000000,0.000000,0.000000,above_band_high
2026-07-26T00:55:00Z,92.0943,0.000000,0.000000,0.000000,above_band_high
2026-07-26T00:56:00Z,92.1294,0.000000,0.000000,0.000000,above_band_high
2026-07-26T00:57:00Z,92.1523,0.000000,0.000000,0.000000,above_band_high
2026-07-26T00:58:00Z,92.1294,0.000000,0.000000,0.000000,above_band_high
2026-07-26T00:59:00Z,92.1447,0.000000,0.000000,0.000000,above_band_high
2026-07-26T01:00:00Z,92.1080,0.000000,0.000000,0.000000,above_band_high
2026-07-26T01:01:00Z,92.0943,0.000000,0.000000,0.000000,above_band_high
2026-07-26T01:02:00Z,92.1080,0.000000,0.000000,0.000000,above_band_high
2026-07-26T01:03:00Z,92.1248,0.000000,0.000000,0.000000,above_band_high
2026-07-26T01:04:00Z,92.1447,0.000000,0.000000,0.000000,above_band_high
2026-07-26T01:05:00Z,92.1355,0.000000,0.000000,0.000000,above_band_high
2026-07-26T01:06:00Z,92.1309,0.000000,0.000000,0.000000,above_band_high
2026-07-26T01:07:00Z,92.1447,0.000000,0.000000,0.000000,above_band_high
2026-07-26T01:08:00Z,92.1263,0.000000,0.000000,0.000000,above_band_high
2026-07-26T01:09:00Z,92.1172,0.000000,0.000000,0.000000,above_band_high
2026-07-26T01:10:00Z,92.1355,0.000000,0.000000,0.000000,above_band_high
2026-07-26T01:11:00Z,92.1294,0.000000,0.000000,0.000000,above_band_high
2026-07-26T01:12:00Z,92.1431,0.000000,0.000000,0.000000,above_band_high
2026-07-26T01:13:00Z,92.1492,0.000000,0.000000,0.000000,above_band_high
2026-07-26T01:14:00Z,92.1386,0.000000,0.000000,0.000000,above_band_high
2026-07-26T01:15:00Z,92.1859,0.000000,0.000000,0.000000,above_band_high
2026-07-26T01:16:00Z,92.1752,0.000000,0.000000,0.000000,above_band_high
2026-07-26T01:17:00Z,92.1798,0.000000,0.000000,0.000000,above_band_high
2026-07-26T01:18:00Z,92.1996,0.000000,0.000000,0.000000,above_band_high
2026-07-26T01:19:00Z,92.2362,0.000000,0.000000,0.000000,above_band_high
2026-07-26T01:20:00Z,92.2179,0.000000,0.000000,0.000000,above_band_high
2026-07-26T01:21:00Z,92.2255,0.000000,0.000000,0.000000,above_band_high
2026-07-26T01:22:00Z,92.2499,0.000000,0.000000,0.000000,above_band_high
2026-07-26T01:23:00Z,92.2438,0.000000,0.000000,0.000000,above_band_high
2026-07-26T01:24:00Z,92.2362,0.000000,0.000000,0.000000,above_band_high
2026-07-26T01:25:00Z,92.2316,0.000000,0.000000,0.000000,above_band_high
2026-07-26T01:26:00Z,92.2759,0.000000,0.000000,0.000000,above_band_high
2026-07-26T01:27:00Z,92.2911,0.000000,0.000000,0.000000,above_band_high
2026-07-26T01:28:00Z,92.3186,0.000000,0.000000,0.000000,above_band_high
2026-07-26T01:29:00Z,92.3125,0.000000,0.000000,0.000000,above_band_high
2026-07-26T01:30:00Z,92.3079,0.000000,0.000000,0.000000,above_band_high
2026-07-26T01:31:00Z,92.3171,0.000000,0.000000,0.000000,above_band_high
2026-07-26T01:32:00Z,92.3690,0.000000,0.000000,0.000000,above_band_high
2026-07-26T01:33:00Z,92.3369,0.000000,0.000000,0.000000,above_band_high
2026-07-26T01:34:00Z,92.3644,0.000000,0.000000,0.000000,above_band_high
2026-07-26T01:35:00Z,92.3583,0.000000,0.000000,0.000000,above_band_high
2026-07-26T01:36:00Z,92.3583,0.000000,0.000000,0.000000,above_band_high
2026-07-26T01:37:00Z,92.3766,0.000000,0.000000,0.000000,above_band_high
2026-07-26T01:38:00Z,92.3766,0.000000,0.000000,0.000000,above_band_high
2026-07-26T01:39:00Z,92.3873,0.000000,0.000000,0.000000,above_band_high
2026-07-26T01:40:00Z,92.3781,0.000000,0.000000,0.000000,above_band_high
2026-07-26T01:41:00Z,92.3949,0.000000,0.000000,0.000000,above_band_high
2026-07-26T01:42:00Z,92.4056,0.000000,0.000000,0.000000,above_band_high
2026-07-26T01:43:00Z,92.4239,0.000000,0.000000,0.000000,above_band_high
2026-07-26T01:44:00Z,92.4376,0.000000,0.000000,0.000000,above_band_high
2026-07-26T01:45:00Z,92.4132,0.000000,0.000000,0.000000,above_band_high
2026-07-26T01:46:00Z,92.4147,0.000000,0.000000,0.000000,above_band_high
2026-07-26T01:47:00Z,92.4559,0.000000,0.000000,0.000000,above_band_high
2026-07-26T01:48:00Z,92.4453,0.000000,0.000000,0.000000,above_band_high
2026-07-26T01:49:00Z,92.4834,0.000000,0.000000,0.000000,above_band_high
2026-07-26T01:50:00Z,92.4834,0.000000,0.000000,0.000000,above_band_high
2026-07-26T01:51:00Z,92.4636,0.000000,0.000000,0.000000,above_band_high
2026-07-26T01:52:00Z,92.4636,0.000000,0.000000,0.000000,above_band_high
2026-07-26T01:53:00Z,92.4773,0.000000,0.000000,0.000000,above_band_high
2026-07-26T01:54:00Z,92.4880,0.000000,0.000000,0.000000,above_band_high
2026-07-26T01:55:00Z,92.4773,0.000000,0.000000,0.000000,above_band_high
2026-07-26T01:56:00Z,92.4819,0.000000,0.000000,0.000000,above_band_high
2026-07-26T01:57:00Z,92.4773,0.000000,0.000000,0.000000,above_band_high
2026-07-26T01:58:00Z,92.4956,0.000000,0.000000,0.000000,above_band_high
2026-07-26T01:59:00Z,92.4819,0.000000,0.000000,0.000000,above_band_high
2026-07-26T02:00:00Z,92.4956,0.000000,0.000000,0.000000,above_band_high
2026-07-26T02:01:00Z,92.4956,0.000000,0.000000,0.000000,above_band_high
2026-07-26T02:02:00Z,92.4956,0.000000,0.000000,0.000000,above_band_high
2026-07-26T02:03:00Z,92.5093,0.000000,0.000000,0.000000,above_band_high
2026-07-26T02:04:00Z,92.4834,0.000000,0.000000,0.000000,above_band_high
2026-07-26T02:05:00Z,92.5292,0.000000,0.000000,0.000000,above_band_high
2026-07-26T02:06:00Z,92.4697,0.000000,0.000000,0.000000,above_band_high
2026-07-26T02:07:00Z,92.5063,0.000000,0.000000,0.000000,above_band_high
2026-07-26T02:08:00Z,92.5063,0.000000,0.000000,0.000000,above_band_high
2026-07-26T02:09:00Z,92.4636,0.000000,0.000000,0.000000,above_band_high
2026-07-26T02:10:00Z,92.4956,0.000000,0.000000,0.000000,above_band_high
2026-07-26T02:11:00Z,92.4559,0.000000,0.000000,0.000000,above_band_high
2026-07-26T02:12:00Z,92.4697,0.000000,0.000000,0.000000,above_band_high
2026-07-26T02:13:00Z,92.4681,0.000000,0.000000,0.000000,above_band_high
2026-07-26T02:14:00Z,92.4773,0.000000,0.000000,0.000000,above_band_high
2026-07-26T02:15:00Z,92.5154,0.000000,0.000000,0.000000,above_band_high
2026-07-26T02:16:00Z,92.4605,0.000000,0.000000,0.000000,above_band_high
2026-07-26T02:17:00Z,92.4636,0.000000,0.000000,0.000000,above_band_high
2026-07-26T02:18:00Z,92.4819,0.000000,0.000000,0.000000,above_band_high
2026-07-26T02:19:00Z,92.5231,0.000000,0.000000,0.000000,above_band_high
2026-07-26T02:20:00Z,92.5292,0.000000,0.000000,0.000000,above_band_high
2026-07-26T02:21:00Z,92.5292,0.000000,0.000000,0.000000,above_band_high
2026-07-26T02:22:00Z,92.5460,0.000000,0.000000,0.000000,above_band_high
2026-07-26T02:23:00Z,92.5338,0.000000,0.000000,0.000000,above_band_high
2026-07-26T02:24:00Z,92.5338,0.000000,0.000000,0.000000,above_band_high
2026-07-26T02:25:00Z,92.5780,0.000000,0.000000,0.000000,above_band_high
2026-07-26T02:26:00Z,92.5841,0.000000,0.000000,0.000000,above_band_high
2026-07-26T02:27:00Z,92.5887,0.000000,0.000000,0.000000,above_band_high
2026-07-26T02:28:00Z,92.5841,0.000000,0.000000,0.000000,above_band_high
2026-07-26T02:29:00Z,92.5826,0.000000,0.000000,0.000000,above_band_high
2026-07-26T02:30:00Z,92.6146,0.000000,0.000000,0.000000,above_band_high
2026-07-26T02:31:00Z,92.6329,0.000000,0.000000,0.000000,above_band_high
2026-07-26T02:32:00Z,92.6070,0.000000,0.000000,0.000000,above_band_high
2026-07-26T02:33:00Z,92.6390,0.000000,0.000000,0.000000,above_band_high
2026-07-26T02:34:00Z,92.6619,0.000000,0.000000,0.000000,above_band_high
2026-07-26T02:35:00Z,92.6787,0.000000,0.000000,0.000000,above_band_high
2026-07-26T02:36:00Z,92.6650,0.000000,0.000000,0.000000,above_band_high
2026-07-26T02:37:00Z,92.6513,0.000000,0.000000,0.000000,above_band_high
2026-07-26T02:38:00Z,92.6970,0.000000,0.000000,0.000000,above_band_high
2026-07-26T02:39:00Z,92.6833,0.000000,0.000000,0.000000,above_band_high
2026-07-26T02:40:00Z,92.6787,0.000000,0.000000,0.000000,above_band_high
2026-07-26T02:41:00Z,92.7153,0.000000,0.000000,0.000000,above_band_high
2026-07-26T02:42:00Z,92.7214,0.000000,0.000000,0.000000,above_band_high
2026-07-26T02:43:00Z,92.7108,0.000000,0.000000,0.000000,above_band_high
2026-07-26T02:44:00Z,92.6970,0.000000,0.000000,0.000000,above_band_high
2026-07-26T02:45:00Z,92.7108,0.000000,0.000000,0.000000,above_band_high
2026-07-26T02:46:00Z,92.6970,0.000000,0.000000,0.000000,above_band_high
2026-07-26T02:47:00Z,92.7153,0.000000,0.000000,0.000000,above_band_high
2026-07-26T02:48:00Z,92.6711,0.000000,0.000000,0.000000,above_band_high
2026-07-26T02:49:00Z,92.6894,0.000000,0.000000,0.000000,above_band_high
2026-07-26T02:50:00Z,92.6833,0.000000,0.000000,0.000000,above_band_high
2026-07-26T02:51:00Z,92.6970,0.000000,0.000000,0.000000,above_band_high
2026-07-26T02:52:00Z,92.6665,0.000000,0.000000,0.000000,above_band_high
2026-07-26T02:53:00Z,92.6574,0.000000,0.000000,0.000000,above_band_high
2026-07-26T02:54:00Z,92.6741,0.000000,0.000000,0.000000,above_band_high
2026-07-26T02:55:00Z,92.6574,0.000000,0.000000,0.000000,above_band_high
2026-07-26T02:56:00Z,92.7031,0.000000,0.000000,0.000000,above_band_high
2026-07-26T02:57:00Z,92.6711,0.000000,0.000000,0.000000,above_band_high
2026-07-26T02:58:00Z,92.6574,0.000000,0.000000,0.000000,above_band_high
2026-07-26T02:59:00Z,92.6848,0.000000,0.000000,0.000000,above_band_high
2026-07-26T03:00:00Z,92.6711,0.000000,0.000000,0.000000,above_band_high
2026-07-26T03:01:00Z,92.6848,0.000000,0.000000,0.000000,above_band_high
2026-07-26T03:02:00Z,92.6711,0.000000,0.000000,0.000000,above_band_high
2026-07-26T03:03:00Z,92.6482,0.000000,0.000000,0.000000,above_band_high
2026-07-26T03:04:00Z,92.6482,0.000000,0.000000,0.000000,above_band_high
2026-07-26T03:05:00Z,92.6467,0.000000,0.000000,0.000000,above_band_high
2026-07-26T03:06:00Z,92.6619,0.000000,0.000000,0.000000,above_band_high
2026-07-26T03:07:00Z,92.6284,0.000000,0.000000,0.000000,above_band_high
2026-07-26T03:08:00Z,92.6513,0.000000,0.000000,0.000000,above_band_high
2026-07-26T03:09:00Z,92.6207,0.000000,0.000000,0.000000,above_band_high
2026-07-26T03:10:00Z,92.5963,0.000000,0.000000,0.000000,above_band_high
2026-07-26T03:11:00Z,92.6070,0.000000,0.000000,0.000000,above_band_high
2026-07-26T03:12:00Z,92.5780,0.000000,0.000000,0.000000,above_band_high
2026-07-26T03:13:00Z,92.5887,0.000000,0.000000,0.000000,above_band_high
2026-07-26T03:14:00Z,92.5826,0.000000,0.000000,0.000000,above_band_high
2026-07-26T03:15:00Z,92.5475,0.000000,0.000000,0.000000,above_band_high
2026-07-26T03:16:00Z,92.5460,0.000000,0.000000,0.000000,above_band_high
2026-07-26T03:17:00Z,92.5521,0.000000,0.000000,0.000000,above_band_high
2026-07-26T03:18:00Z,92.5704,0.000000,0.000000,0.000000,above_band_high
2026-07-26T03:19:00Z,92.5200,0.000000,0.000000,0.000000,above_band_high
2026-07-26T03:20:00Z,92.5414,0.000000,0.000000,0.000000,above_band_high
2026-07-26T03:21:00Z,92.5475,0.000000,0.000000,0.000000,above_band_high
2026-07-26T03:22:00Z,92.5414,0.000000,0.000000,0.000000,above_band_high
2026-07-26T03:23:00Z,92.5414,0.000000,0.000000,0.000000,above_band_high
2026-07-26T03:24:00Z,92.5383,0.000000,0.000000,0.000000,above_band_high
2026-07-26T03:25:00Z,92.5338,0.000000,0.000000,0.000000,above_band_high
2026-07-26T03:26:00Z,92.5200,0.000000,0.000000,0.000000,above_band_high
2026-07-26T03:27:00Z,92.5277,0.000000,0.000000,0.000000,above_band_high
2026-07-26T03:28:00Z,92.5521,0.000000,0.000000,0.000000,above_band_high
2026-07-26T03:29:00Z,92.5612,0.000000,0.000000,0.000000,above_band_high
2026-07-26T03:30:00Z,92.5780,0.000000,0.000000,0.000000,above_band_high
2026-07-26T03:31:00Z,92.5734,0.000000,0.000000,0.000000,above_band_high
2026-07-26T03:32:00Z,92.5643,0.000000,0.000000,0.000000,above_band_high
2026-07-26T03:33:00Z,92.5826,0.000000,0.000000,0.000000,above_band_high
2026-07-26T03:34:00Z,92.5841,0.000000,0.000000,0.000000,above_band_high
2026-07-26T03:35:00Z,92.5826,0.000000,0.000000,0.000000,above_band_high
2026-07-26T03:36:00Z,92.5826,0.000000,0.000000,0.000000,above_band_high
2026-07-26T03:37:00Z,92.5841,0.000000,0.000000,0.000000,above_band_high
2026-07-26T03:38:00Z,92.5780,0.000000,0.000000,0.000000,above_band_high
2026-07-26T03:39:00Z,92.6070,0.000000,0.000000,0.000000,above_band_high
2026-07-26T03:40:00Z,92.6162,0.000000,0.000000,0.000000,above_band_high
2026-07-26T03:41:00Z,92.6238,0.000000,0.000000,0.000000,above_band_high
2026-07-26T03:42:00Z,92.5963,0.000000,0.000000,0.000000,above_band_high
2026-07-26T03:43:00Z,92.6162,0.000000,0.000000,0.000000,above_band_high
2026-07-26T03:44:00Z,92.6070,0.000000,0.000000,0.000000,above_band_high
2026-07-26T03:45:00Z,92.6146,0.000000,0.000000,0.000000,above_band_high
2026-07-26T03:46:00Z,92.5689,0.000000,0.000000,0.000000,above_band_high
2026-07-26T03:47:00Z,92.6390,0.000000,0.000000,0.000000,above_band_high
2026-07-26T03:48:00Z,92.6009,0.000000,0.000000,0.000000,above_band_high
2026-07-26T03:49:00Z,92.6284,0.000000,0.000000,0.000000,above_band_high
2026-07-26T03:50:00Z,92.6070,0.000000,0.000000,0.000000,above_band_high
2026-07-26T03:51:00Z,92.6467,0.000000,0.000000,0.000000,above_band_high
2026-07-26T03:52:00Z,92.6070,0.000000,0.000000,0.000000,above_band_high
2026-07-26T03:53:00Z,92.6146,0.000000,0.000000,0.000000,above_band_high
2026-07-26T03:54:00Z,92.6024,0.000000,0.000000,0.000000,above_band_high
2026-07-26T03:55:00Z,92.6284,0.000000,0.000000,0.000000,above_band_high
2026-07-26T03:56:00Z,92.5963,0.000000,0.000000,0.000000,above_band_high
2026-07-26T03:57:00Z,92.6101,0.000000,0.000000,0.000000,above_band_high
2026-07-26T03:58:00Z,92.5872,0.000000,0.000000,0.000000,above_band_high
2026-07-26T03:59:00Z,92.5566,0.000000,0.000000,0.000000,above_band_high
2026-07-26T04:00:00Z,92.5521,0.000000,0.000000,0.000000,above_band_high
2026-07-26T04:01:00Z,92.5566,0.000000,0.000000,0.000000,above_band_high
2026-07-26T04:02:00Z,92.5643,0.000000,0.000000,0.000000,above_band_high
2026-07-26T04:03:00Z,92.5551,0.000000,0.000000,0.000000,above_band_high
2026-07-26T04:04:00Z,92.5368,0.000000,0.000000,0.000000,above_band_high
2026-07-26T04:05:00Z,92.5383,0.000000,0.000000,0.000000,above_band_high
2026-07-26T04:06:00Z,92.5612,0.000000,0.000000,0.000000,above_band_high
2026-07-26T04:07:00Z,92.5597,0.000000,0.000000,0.000000,above_band_high
2026-07-26T04:08:00Z,92.5231,0.000000,0.000000,0.000000,above_band_high
2026-07-26T04:09:00Z,92.5154,0.000000,0.000000,0.000000,above_band_high
2026-07-26T04:10:00Z,92.4834,0.000000,0.000000,0.000000,above_band_high
2026-07-26T04:11:00Z,92.4773,0.000000,0.000000,0.000000,above_band_high
2026-07-26T04:12:00Z,92.4727,0.000000,0.000000,0.000000,above_band_high
2026-07-26T04:13:00Z,92.4544,0.000000,0.000000,0.000000,above_band_high
2026-07-26T04:14:00Z,92.4468,0.000000,0.000000,0.000000,above_band_high
2026-07-26T04:15:00Z,92.4086,0.000000,0.000000,0.000000,above_band_high
2026-07-26T04:16:00Z,92.4361,0.000000,0.000000,0.000000,above_band_high
2026-07-26T04:17:00Z,92.3903,0.000000,0.000000,0.000000,above_band_high
2026-07-26T04:18:00Z,92.3781,0.000000,0.000000,0.000000,above_band_high
2026-07-26T04:19:00Z,92.3857,0.000000,0.000000,0.000000,above_band_high
2026-07-26T04:20:00Z,92.3644,0.000000,0.000000,0.000000,above_band_high
2026-07-26T04:21:00Z,92.3766,0.000000,0.000000,0.000000,above_band_high
2026-07-26T04:22:00Z,92.3461,0.000000,0.000000,0.000000,above_band_high
2026-07-26T04:23:00Z,92.3278,0.000000,0.000000,0.000000,above_band_high
2026-07-26T04:24:00Z,92.3598,0.000000,0.000000,0.000000,above_band_high
2026-07-26T04:25:00Z,92.3720,0.000000,0.000000,0.000000,above_band_high
2026-07-26T04:26:00Z,92.3552,0.000000,0.000000,0.000000,above_band_high
2026-07-26T04:27:00Z,92.3629,0.000000,0.000000,0.000000,above_band_high
2026-07-26T04:28:00Z,92.3354,0.000000,0.000000,0.000000,above_band_high
2026-07-26T04:29:00Z,92.3537,0.000000,0.000000,0.000000,above_band_high
2026-07-26T04:30:00Z,92.3674,0.000000,0.000000,0.000000,above_band_high
2026-07-26T04:31:00Z,92.3415,0.000000,0.000000,0.000000,above_band_high
2026-07-26T04:32:00Z,92.3674,0.000000,0.000000,0.000000,above_band_high
2026-07-26T04:33:00Z,92.3781,0.000000,0.000000,0.000000,above_band_high
2026-07-26T04:34:00Z,92.3674,0.000000,0.000000,0.000000,above_band_high
2026-07-26T04:35:00Z,92.3827,0.000000,0.000000,0.000000,above_band_high
2026-07-26T04:36:00Z,92.3766,0.000000,0.000000,0.000000,above_band_high
2026-07-26T04:37:00Z,92.3766,0.000000,0.000000,0.000000,above_band_high
2026-07-26T04:38:00Z,92.4086,0.000000,0.000000,0.000000,above_band_high
2026-07-26T04:39:00Z,92.4193,0.000000,0.000000,0.000000,above_band_high
2026-07-26T04:40:00Z,92.4086,0.000000,0.000000,0.000000,above_band_high
2026-07-26T04:41:00Z,92.4041,0.000000,0.000000,0.000000,above_band_high
2026-07-26T04:42:00Z,92.4086,0.000000,0.000000,0.000000,above_band_high
2026-07-26T04:43:00Z,92.4239,0.000000,0.000000,0.000000,above_band_high
2026-07-26T04:44:00Z,92.4132,0.000000,0.000000,0.000000,above_band_high
2026-07-26T04:45:00Z,92.4590,0.000000,0.000000,0.000000,above_band_high
2026-07-26T04:46:00Z,92.4590,0.000000,0.000000,0.000000,above_band_high
2026-07-26T04:47:00Z,92.4681,0.000000,0.000000,0.000000,above_band_high
2026-07-26T04:48:00Z,92.4971,0.000000,0.000000,0.000000,above_band_high
2026-07-26T04:49:00Z,92.4727,0.000000,0.000000,0.000000,above_band_high
2026-07-26T04:50:00Z,92.5093,0.000000,0.000000,0.000000,above_band_high
2026-07-26T04:51:00Z,92.5414,0.000000,0.000000,0.000000,above_band_high
2026-07-26T04:52:00Z,92.5338,0.000000,0.000000,0.000000,above_band_high
2026-07-26T04:53:00Z,92.4727,0.000000,0.000000,0.000000,above_band_high
2026-07-26T04:54:00Z,92.5277,0.000000,0.000000,0.000000,above_band_high
2026-07-26T04:55:00Z,92.5231,0.000000,0.000000,0.000000,above_band_high
2026-07-26T04:56:00Z,92.5277,0.000000,0.000000,0.000000,above_band_high
2026-07-26T04:57:00Z,92.5368,0.000000,0.000000,0.000000,above_band_high
2026-07-26T04:58:00Z,92.5277,0.000000,0.000000,0.000000,above_band_high
2026-07-26T04:59:00Z,92.5475,0.000000,0.000000,0.000000,above_band_high
2026-07-26T05:00:00Z,92.5429,0.000000,0.000000,0.000000,above_band_high
2026-07-26T05:01:00Z,92.5566,0.000000,0.000000,0.000000,above_band_high
2026-07-26T05:02:00Z,92.5917,0.000000,0.000000,0.000000,above_band_high
2026-07-26T05:03:00Z,92.5277,0.000000,0.000000,0.000000,above_band_high
2026-07-26T05:04:00Z,92.5368,0.000000,0.000000,0.000000,above_band_high
2026-07-26T05:05:00Z,92.5429,0.000000,0.000000,0.000000,above_band_high
2026-07-26T05:06:00Z,92.5658,0.000000,0.000000,0.000000,above_band_high
2026-07-26T05:07:00Z,92.5795,0.000000,0.000000,0.000000,above_band_high
2026-07-26T05:08:00Z,92.5429,0.000000,0.000000,0.000000,above_band_high
2026-07-26T05:09:00Z,92.5887,0.000000,0.000000,0.000000,above_band_high
2026-07-26T05:10:00Z,92.5734,0.000000,0.000000,0.000000,above_band_high
2026-07-26T05:11:00Z,92.5841,0.000000,0.000000,0.000000,above_band_high
2026-07-26T05:12:00Z,92.5734,0.000000,0.000000,0.000000,above_band_high
2026-07-26T05:13:00Z,92.5597,0.000000,0.000000,0.000000,above_band_high
2026-07-26T05:14:00Z,92.5734,0.000000,0.000000,0.000000,above_band_high
2026-07-26T05:15:00Z,92.5963,0.000000,0.000000,0.000000,above_band_high
2026-07-26T05:16:00Z,92.5917,0.000000,0.000000,0.000000,above_band_high
2026-07-26T05:17:00Z,92.5917,0.000000,0.000000,0.000000,above_band_high
2026-07-26T05:18:00Z,92.5978,0.000000,0.000000,0.000000,above_band_high
2026-07-26T05:19:00Z,92.5795,0.000000,0.000000,0.000000,above_band_high
2026-07-26T05:20:00Z,92.6116,0.000000,0.000000,0.000000,above_band_high
2026-07-26T05:21:00Z,92.6436,0.000000,0.000000,0.000000,above_band_high
2026-07-26T05:22:00Z,92.6375,0.000000,0.000000,0.000000,above_band_high
2026-07-26T05:23:00Z,92.6162,0.000000,0.000000,0.000000,above_band_high
2026-07-26T05:24:00Z,92.6741,0.000000,0.000000,0.000000,above_band_high
2026-07-26T05:25:00Z,92.6574,0.000000,0.000000,0.000000,above_band_high
2026-07-26T05:26:00Z,92.7016,0.000000,0.000000,0.000000,above_band_high
2026-07-26T05:27:00Z,92.7108,0.000000,0.000000,0.000000,above_band_high
2026-07-26T05:28:00Z,92.7108,0.000000,0.000000,0.000000,above_band_high
2026-07-26T05:29:00Z,92.7352,0.000000,0.000000,0.000000,above_band_high
2026-07-26T05:30:00Z,92.7565,0.000000,0.000000,0.000000,above_band_high
2026-07-26T05:31:00Z,92.7718,0.000000,0.000000,0.000000,above_band_high
2026-07-26T05:32:00Z,92.7810,0.000000,0.000000,0.000000,above_band_high
2026-07-26T05:33:00Z,92.7855,0.000000,0.000000,0.000000,above_band_high
2026-07-26T05:34:00Z,92.8023,0.000000,0.000000,0.000000,above_band_high
2026-07-26T05:35:00Z,92.8298,0.000000,0.000000,0.000000,above_band_high
2026-07-26T05:36:00Z,92.8725,0.000000,0.000000,0.000000,above_band_high
2026-07-26T05:37:00Z,92.8176,0.000000,0.000000,0.000000,above_band_high
2026-07-26T05:38:00Z,92.8298,0.000000,0.000000,0.000000,above_band_high
2026-07-26T05:39:00Z,92.8450,0.000000,0.000000,0.000000,above_band_high
2026-07-26T05:40:00Z,92.8710,0.000000,0.000000,0.000000,above_band_high
2026-07-26T05:41:00Z,92.8710,0.000000,0.000000,0.000000,above_band_high
2026-07-26T05:42:00Z,92.8862,0.000000,0.000000,0.000000,above_band_high
2026-07-26T05:43:00Z,92.9137,0.000000,0.000000,0.000000,above_band_high
2026-07-26T05:44:00Z,92.9000,0.000000,0.000000,0.000000,above_band_high
2026-07-26T05:45:00Z,92.9122,0.000000,0.000000,0.000000,above_band_high
2026-07-26T05:46:00Z,92.9320,0.000000,0.000000,0.000000,above_band_high
2026-07-26T05:47:00Z,92.9549,0.000000,0.000000,0.000000,above_band_high
2026-07-26T05:48:00Z,92.9671,0.000000,0.000000,0.000000,above_band_high
2026-07-26T05:49:00Z,92.9488,0.000000,0.000000,0.000000,above_band_high
2026-07-26T05:50:00Z,92.9808,0.000000,0.000000,0.000000,above_band_high
2026-07-26T05:51:00Z,92.9915,0.000000,0.000000,0.000000,above_band_high
2026-07-26T05:52:00Z,92.9549,0.000000,0.000000,0.000000,above_band_high
2026-07-26T05:53:00Z,93.0083,0.000000,0.000000,0.000000,above_band_high
2026-07-26T05:54:00Z,92.9686,0.000000,0.000000,0.000000,above_band_high
2026-07-26T05:55:00Z,92.9686,0.000000,0.000000,0.000000,above_band_high
2026-07-26T05:56:00Z,92.9686,0.000000,0.000000,0.000000,above_band_high
2026-07-26T05:57:00Z,92.9549,0.000000,0.000000,0.000000,above_band_high
2026-07-26T05:58:00Z,92.9671,0.000000,0.000000,0.000000,above_band_high
2026-07-26T05:59:00Z,92.9870,0.000000,0.000000,0.000000,above_band_high
2026-07-26T06:00:00Z,92.9686,0.000000,0.000000,0.000000,above_band_high
2026-07-26T06:01:00Z,92.9915,0.000000,0.000000,0.000000,above_band_high
2026-07-26T06:02:00Z,92.9595,0.000000,0.000000,0.000000,above_band_high
2026-07-26T06:03:00Z,92.9686,0.000000,0.000000,0.000000,above_band_high
2026-07-26T06:04:00Z,92.9549,0.000000,0.000000,0.000000,above_band_high
2026-07-26T06:05:00Z,92.9351,0.000000,0.000000,0.000000,above_band_high
2026-07-26T06:06:00Z,92.9625,0.000000,0.000000,0.000000,above_band_high
2026-07-26T06:07:00Z,92.9412,0.000000,0.000000,0.000000,above_band_high
2026-07-26T06:08:00Z,92.9000,0.000000,0.000000,0.000000,above_band_high
2026-07-26T06:09:00Z,92.9488,0.000000,0.000000,0.000000,above_band_high
2026-07-26T06:10:00Z,92.9046,0.000000,0.000000,0.000000,above_band_high
2026-07-26T06:11:00Z,92.8771,0.000000,0.000000,0.000000,above_band_high
2026-07-26T06:12:00Z,92.9000,0.000000,0.000000,0.000000,above_band_high
2026-07-26T06:13:00Z,92.8908,0.000000,0.000000,0.000000,above_band_high
2026-07-26T06:14:00Z,92.8679,0.000000,0.000000,0.000000,above_band_high
2026-07-26T06:15:00Z,92.8679,0.000000,0.000000,0.000000,above_band_high
2026-07-26T06:16:00Z,92.8771,0.000000,0.000000,0.000000,above_band_high
2026-07-26T06:17:00Z,92.8771,0.000000,0.000000,0.000000,above_band_high
2026-07-26T06:18:00Z,92.8542,0.000000,0.000000,0.000000,above_band_high
2026-07-26T06:19:00Z,92.8664,0.000000,0.000000,0.000000,above_band_high
2026-07-26T06:20:00Z,92.8771,0.000000,0.000000,0.000000,above_band_high
2026-07-26T06:21:00Z,92.8664,0.000000,0.000000,0.000000,above_band_high
2026-07-26T06:22:00Z,92.8771,0.000000,0.000000,0.000000,above_band_high
2026-07-26T06:23:00Z,92.8725,0.000000,0.000000,0.000000,above_band_high
2026-07-26T06:24:00Z,92.8618,0.000000,0.000000,0.000000,above_band_high
2026-07-26T06:25:00Z,92.8664,0.000000,0.000000,0.000000,above_band_high
2026-07-26T06:26:00Z,92.9000,0.000000,0.000000,0.000000,above_band_high
2026-07-26T06:27:00Z,92.8618,0.000000,0.000000,0.000000,above_band_high
2026-07-26T06:28:00Z,92.8801,0.000000,0.000000,0.000000,above_band_high
2026-07-26T06:29:00Z,92.9046,0.000000,0.000000,0.000000,above_band_high
2026-07-26T06:30:00Z,92.9046,0.000000,0.000000,0.000000,above_band_high
2026-07-26T06:31:00Z,92.9259,0.000000,0.000000,0.000000,above_band_high
2026-07-26T06:32:00Z,92.9320,0.000000,0.000000,0.000000,above_band_high
2026-07-26T06:33:00Z,92.9320,0.000000,0.000000,0.000000,above_band_high
2026-07-26T06:34:00Z,92.9366,0.000000,0.000000,0.000000,above_band_high
2026-07-26T06:35:00Z,92.8985,0.000000,0.000000,0.000000,above_band_high
2026-07-26T06:36:00Z,92.9320,0.000000,0.000000,0.000000,above_band_high
2026-07-26T06:37:00Z,92.9397,0.000000,0.000000,0.000000,above_band_high
2026-07-26T06:38:00Z,92.9717,0.000000,0.000000,0.000000,above_band_high
2026-07-26T06:39:00Z,92.9686,0.000000,0.000000,0.000000,above_band_high
2026-07-26T06:40:00Z,92.9686,0.000000,0.000000,0.000000,above_band_high
2026-07-26T06:41:00Z,92.9732,0.000000,0.000000,0.000000,above_band_high
2026-07-26T06:42:00Z,92.9992,0.000000,0.000000,0.000000,above_band_high
2026-07-26T06:43:00Z,92.9717,0.000000,0.000000,0.000000,above_band_high
2026-07-26T06:44:00Z,92.9946,0.000000,0.000000,0.000000,above_band_high
2026-07-26T06:45:00Z,93.0190,0.000000,0.000000,0.000000,above_band_high
2026-07-26T06:46:00Z,93.0190,0.000000,0.000000,0.000000,above_band_high
2026-07-26T06:47:00Z,93.0282,0.000000,0.000000,0.000000,above_band_high
2026-07-26T06:48:00Z,93.0556,0.000000,0.000000,0.000000,above_band_high
2026-07-26T06:49:00Z,93.0098,0.000000,0.000000,0.000000,above_band_high
2026-07-26T06:50:00Z,93.0541,0.000000,0.000000,0.000000,above_band_high
2026-07-26T06:51:00Z,93.0358,0.000000,0.000000,0.000000,above_band_high
2026-07-26T06:52:00Z,93.0358,0.000000,0.000000,0.000000,above_band_high
2026-07-26T06:53:00Z,93.0358,0.000000,0.000000,0.000000,above_band_high
2026-07-26T06:54:00Z,93.0770,0.000000,0.000000,0.000000,above_band_high
2026-07-26T06:55:00Z,93.0739,0.000000,0.000000,0.000000,above_band_high
2026-07-26T06:56:00Z,93.0953,0.000000,0.000000,0.000000,above_band_high
2026-07-26T06:57:00Z,93.1136,0.000000,0.000000,0.000000,above_band_high
2026-07-26T06:58:00Z,93.0861,0.000000,0.000000,0.000000,above_band_high
2026-07-26T06:59:00Z,93.0648,0.000000,0.000000,0.000000,above_band_high
2026-07-26T07:00:00Z,93.0953,0.000000,0.000000,0.000000,above_band_high
2026-07-26T07:01:00Z,93.1151,0.000000,0.000000,0.000000,above_band_high
2026-07-26T07:02:00Z,93.0861,0.000000,0.000000,0.000000,above_band_high
2026-07-26T07:03:00Z,93.1273,0.000000,0.000000,0.000000,above_band_high
2026-07-26T07:04:00Z,93.0922,0.000000,0.000000,0.000000,above_band_high
2026-07-26T07:05:00Z,93.0922,0.000000,0.000000,0.000000,above_band_high
2026-07-26T07:06:00Z,93.0770,0.000000,0.000000,0.000000,above_band_high
2026-07-26T07:07:00Z,93.1151,0.000000,0.000000,0.000000,above_band_high
2026-07-26T07:08:00Z,93.1136,0.000000,0.000000,0.000000,above_band_high
2026-07-26T07:09:00Z,93.0953,0.000000,0.000000,0.000000,above_band_high
2026-07-26T07:10:00Z,93.0816,0.000000,0.000000,0.000000,above_band_high
2026-07-26T07:11:00Z,93.0648,0.000000,0.000000,0.000000,above_band_high
2026-07-26T07:12:00Z,93.0602,0.000000,0.000000,0.000000,above_band_high
2026-07-26T07:13:00Z,93.0465,0.000000,0.000000,0.000000,above_band_high
2026-07-26T07:14:00Z,93.0694,0.000000,0.000000,0.000000,above_band_high
2026-07-26T07:15:00Z,93.0465,0.000000,0.000000,0.000000,above_band_high
2026-07-26T07:16:00Z,93.0770,0.000000,0.000000,0.000000,above_band_high
2026-07-26T07:17:00Z,93.0632,0.000000,0.000000,0.000000,above_band_high
2026-07-26T07:18:00Z,93.0953,0.000000,0.000000,0.000000,above_band_high
2026-07-26T07:19:00Z,93.0999,0.000000,0.000000,0.000000,above_band_high
2026-07-26T07:20:00Z,93.0694,0.000000,0.000000,0.000000,above_band_high
2026-07-26T07:21:00Z,93.0587,0.000000,0.000000,0.000000,above_band_high
2026-07-26T07:22:00Z,93.0694,0.000000,0.000000,0.000000,above_band_high
2026-07-26T07:23:00Z,93.0816,0.000000,0.000000,0.000000,above_band_high
2026-07-26T07:24:00Z,93.1044,0.000000,0.000000,0.000000,above_band_high
2026-07-26T07:25:00Z,93.0953,0.000000,0.000000,0.000000,above_band_high
2026-07-26T07:26:00Z,93.0816,0.000000,0.000000,0.000000,above_band_high
2026-07-26T07:27:00Z,93.1014,0.000000,0.000000,0.000000,above_band_high
2026-07-26T07:28:00Z,93.1197,0.000000,0.000000,0.000000,above_band_high
2026-07-26T07:29:00Z,93.1044,0.000000,0.000000,0.000000,above_band_high
2026-07-26T07:30:00Z,93.1136,0.000000,0.000000,0.000000,above_band_high
2026-07-26T07:31:00Z,93.1090,0.000000,0.000000,0.000000,above_band_high
2026-07-26T07:32:00Z,93.1411,0.000000,0.000000,0.000000,above_band_high
2026-07-26T07:33:00Z,93.1151,0.000000,0.000000,0.000000,above_band_high
2026-07-26T07:34:00Z,93.1594,0.000000,0.000000,0.000000,above_band_high
2026-07-26T07:35:00Z,93.1548,0.000000,0.000000,0.000000,above_band_high
2026-07-26T07:36:00Z,93.2052,0.000000,0.000000,0.000000,above_band_high
2026-07-26T07:37:00Z,93.1319,0.000000,0.000000,0.000000,above_band_high
2026-07-26T07:38:00Z,93.2006,0.000000,0.000000,0.000000,above_band_high
2026-07-26T07:39:00Z,93.1884,0.000000,0.000000,0.000000,above_band_high
2026-07-26T07:40:00Z,93.2158,0.000000,0.000000,0.000000,above_band_high
2026-07-26T07:41:00Z,93.2204,0.000000,0.000000,0.000000,above_band_high
2026-07-26T07:42:00Z,93.1884,0.000000,0.000000,0.000000,above_band_high
2026-07-26T07:43:00Z,93.2326,0.000000,0.000000,0.000000,above_band_high
2026-07-26T07:44:00Z,93.2601,0.000000,0.000000,0.000000,above_band_high
2026-07-26T07:45:00Z,93.2891,0.000000,0.000000,0.000000,above_band_high
2026-07-26T07:46:00Z,93.2830,0.000000,0.000000,0.000000,above_band_high
2026-07-26T07:47:00Z,93.2616,0.000000,0.000000,0.000000,above_band_high
2026-07-26T07:48:00Z,93.2479,0.000000,0.000000,0.000000,above_band_high
2026-07-26T07:49:00Z,93.2616,0.000000,0.000000,0.000000,above_band_high
2026-07-26T07:50:00Z,93.2876,0.000000,0.000000,0.000000,above_band_high
2026-07-26T07:51:00Z,93.2967,0.000000,0.000000,0.000000,above_band_high
2026-07-26T07:52:00Z,93.2830,0.000000,0.000000,0.000000,above_band_high
2026-07-26T07:53:00Z,93.3288,0.000000,0.000000,0.000000,above_band_high
2026-07-26T07:54:00Z,93.3471,0.000000,0.000000,0.000000,above_band_high
2026-07-26T07:55:00Z,93.3333,0.000000,0.000000,0.000000,above_band_high
2026-07-26T07:56:00Z,93.3288,0.000000,0.000000,0.000000,above_band_high
2026-07-26T07:57:00Z,93.3242,0.000000,0.000000,0.000000,above_band_high
2026-07-26T07:58:00Z,93.3333,0.000000,0.000000,0.000000,above_band_high
2026-07-26T07:59:00Z,93.3028,0.000000,0.000000,0.000000,above_band_high
2026-07-26T08:00:00Z,93.3165,0.000000,0.000000,0.000000,above_band_high
2026-07-26T08:01:00Z,93.3165,0.000000,0.000000,0.000000,above_band_high
2026-07-26T08:02:00Z,93.2891,0.000000,0.000000,0.000000,above_band_high
2026-07-26T08:03:00Z,93.3349,0.000000,0.000000,0.000000,above_band_high
2026-07-26T08:04:00Z,93.3150,0.000000,0.000000,0.000000,above_band_high
2026-07-26T08:05:00Z,93.3028,0.000000,0.000000,0.000000,above_band_high
2026-07-26T08:06:00Z,93.2830,0.000000,0.000000,0.000000,above_band_high
2026-07-26T08:07:00Z,93.2982,0.000000,0.000000,0.000000,above_band_high
2026-07-26T08:08:00Z,93.3211,0.000000,0.000000,0.000000,above_band_high
2026-07-26T08:09:00Z,93.3104,0.000000,0.000000,0.000000,above_band_high
2026-07-26T08:10:00Z,93.2799,0.000000,0.000000,0.000000,above_band_high
2026-07-26T08:11:00Z,93.2982,0.000000,0.000000,0.000000,above_band_high
2026-07-26T08:12:00Z,93.2967,0.000000,0.000000,0.000000,above_band_high
2026-07-26T08:13:00Z,93.2570,0.000000,0.000000,0.000000,above_band_high
2026-07-26T08:14:00Z,93.2753,0.000000,0.000000,0.000000,above_band_high
2026-07-26T08:15:00Z,93.2830,0.000000,0.000000,0.000000,above_band_high
2026-07-26T08:16:00Z,93.2570,0.000000,0.000000,0.000000,above_band_high
2026-07-26T08:17:00Z,93.2921,0.000000,0.000000,0.000000,above_band_high
2026-07-26T08:18:00Z,93.2616,0.000000,0.000000,0.000000,above_band_high
2026-07-26T08:19:00Z,93.2616,0.000000,0.000000,0.000000,above_band_high
2026-07-26T08:20:00Z,93.2799,0.000000,0.000000,0.000000,above_band_high
2026-07-26T08:21:00Z,93.2799,0.000000,0.000000,0.000000,above_band_high
2026-07-26T08:22:00Z,93.2921,0.000000,0.000000,0.000000,above_band_high
2026-07-26T08:23:00Z,93.2982,0.000000,0.000000,0.000000,above_band_high
2026-07-26T08:24:00Z,93.3242,0.000000,0.000000,0.000000,above_band_high
2026-07-26T08:25:00Z,93.2784,0.000000,0.000000,0.000000,above_band_high
2026-07-26T08:26:00Z,93.2647,0.000000,0.000000,0.000000,above_band_high
2026-07-26T08:27:00Z,93.3196,0.000000,0.000000,0.000000,above_band_high
2026-07-26T08:28:00Z,93.3349,0.000000,0.000000,0.000000,above_band_high
2026-07-26T08:29:00Z,93.3150,0.000000,0.000000,0.000000,above_band_high
2026-07-26T08:30:00Z,93.3608,0.000000,0.000000,0.000000,above_band_high
2026-07-26T08:31:00Z,93.3104,0.000000,0.000000,0.000000,above_band_high
2026-07-26T08:32:00Z,93.3486,0.000000,0.000000,0.000000,above_band_high
2026-07-26T08:33:00Z,93.3654,0.000000,0.000000,0.000000,above_band_high
2026-07-26T08:34:00Z,93.3715,0.000000,0.000000,0.000000,above_band_high
2026-07-26T08:35:00Z,93.3516,0.000000,0.000000,0.000000,above_band_high
2026-07-26T08:36:00Z,93.3898,0.000000,0.000000,0.000000,above_band_high
2026-07-26T08:37:00Z,93.3837,0.000000,0.000000,0.000000,above_band_high
2026-07-26T08:38:00Z,93.4173,0.000000,0.000000,0.000000,above_band_high
2026-07-26T08:39:00Z,93.4035,0.000000,0.000000,0.000000,above_band_high
2026-07-26T08:40:00Z,93.3989,0.000000,0.000000,0.000000,above_band_high
2026-07-26T08:41:00Z,93.4112,0.000000,0.000000,0.000000,above_band_high
2026-07-26T08:42:00Z,93.4173,0.000000,0.000000,0.000000,above_band_high
2026-07-26T08:43:00Z,93.4386,0.000000,0.000000,0.000000,above_band_high
2026-07-26T08:44:00Z,93.4340,0.000000,0.000000,0.000000,above_band_high
2026-07-26T08:45:00Z,93.4157,0.000000,0.000000,0.000000,above_band_high
2026-07-26T08:46:00Z,93.4447,0.000000,0.000000,0.000000,above_band_high
2026-07-26T08:47:00Z,93.4356,0.000000,0.000000,0.000000,above_band_high
2026-07-26T08:48:00Z,93.4432,0.000000,0.000000,0.000000,above_band_high
2026-07-26T08:49:00Z,93.4447,0.000000,0.000000,0.000000,above_band_high
2026-07-26T08:50:00Z,93.4890,0.000000,0.000000,0.000000,above_band_high
2026-07-26T08:51:00Z,93.4569,0.000000,0.000000,0.000000,above_band_high
2026-07-26T08:52:00Z,93.4722,0.000000,0.000000,0.000000,above_band_high
2026-07-26T08:53:00Z,93.4722,0.000000,0.000000,0.000000,above_band_high
2026-07-26T08:54:00Z,93.4890,0.000000,0.000000,0.000000,above_band_high
2026-07-26T08:55:00Z,93.5119,0.000000,0.000000,0.000000,above_band_high
2026-07-26T08:56:00Z,93.5088,0.000000,0.000000,0.000000,above_band_high
2026-07-26T08:57:00Z,93.5088,0.000000,0.000000,0.000000,above_band_high
2026-07-26T08:58:00Z,93.5119,0.000000,0.000000,0.000000,above_band_high
2026-07-26T08:59:00Z,93.4890,0.000000,0.000000,0.000000,above_band_high
2026-07-26T09:00:00Z,93.5363,0.000000,0.000000,0.000000,above_band_high
2026-07-26T09:01:00Z,93.5119,0.000000,0.000000,0.000000,above_band_high
2026-07-26T09:02:00Z,93.5225,0.000000,0.000000,0.000000,above_band_high
2026-07-26T09:03:00Z,93.4997,0.000000,0.000000,0.000000,above_band_high
2026-07-26T09:04:00Z,93.5164,0.000000,0.000000,0.000000,above_band_high
2026-07-26T09:05:00Z,93.4890,0.000000,0.000000,0.000000,above_band_high
2026-07-26T09:06:00Z,93.4844,0.000000,0.000000,0.000000,above_band_high
2026-07-26T09:07:00Z,93.5027,0.000000,0.000000,0.000000,above_band_high
2026-07-26T09:08:00Z,93.4722,0.000000,0.000000,0.000000,above_band_high
2026-07-26T09:09:00Z,93.4722,0.000000,0.000000,0.000000,above_band_high
2026-07-26T09:10:00Z,93.4951,0.000000,0.000000,0.000000,above_band_high
2026-07-26T09:11:00Z,93.4615,0.000000,0.000000,0.000000,above_band_high
2026-07-26T09:12:00Z,93.4493,0.000000,0.000000,0.000000,above_band_high
2026-07-26T09:13:00Z,93.4035,0.000000,0.000000,0.000000,above_band_high
2026-07-26T09:14:00Z,93.3974,0.000000,0.000000,0.000000,above_band_high
2026-07-26T09:15:00Z,93.4112,0.000000,0.000000,0.000000,above_band_high
2026-07-26T09:16:00Z,93.3928,0.000000,0.000000,0.000000,above_band_high
2026-07-26T09:17:00Z,93.3989,0.000000,0.000000,0.000000,above_band_high
2026-07-26T09:18:00Z,93.3837,0.000000,0.000000,0.000000,above_band_high
2026-07-26T09:19:00Z,93.4035,0.000000,0.000000,0.000000,above_band_high
2026-07-26T09:20:00Z,93.3852,0.000000,0.000000,0.000000,above_band_high
2026-07-26T09:21:00Z,93.3745,0.000000,0.000000,0.000000,above_band_high
2026-07-26T09:22:00Z,93.3928,0.000000,0.000000,0.000000,above_band_high
2026-07-26T09:23:00Z,93.3761,0.000000,0.000000,0.000000,above_band_high
2026-07-26T09:24:00Z,93.4112,0.000000,0.000000,0.000000,above_band_high
2026-07-26T09:25:00Z,93.3974,0.000000,0.000000,0.000000,above_band_high
2026-07-26T09:26:00Z,93.3761,0.000000,0.000000,0.000000,above_band_high
2026-07-26T09:27:00Z,93.3654,0.000000,0.000000,0.000000,above_band_high
2026-07-26T09:28:00Z,93.3989,0.000000,0.000000,0.000000,above_band_high
2026-07-26T09:29:00Z,93.3745,0.000000,0.000000,0.000000,above_band_high
2026-07-26T09:30:00Z,93.3852,0.000000,0.000000,0.000000,above_band_high
2026-07-26T09:31:00Z,93.4081,0.000000,0.000000,0.000000,above_band_high
2026-07-26T09:32:00Z,93.3974,0.000000,0.000000,0.000000,above_band_high
2026-07-26T09:33:00Z,93.3654,0.000000,0.000000,0.000000,above_band_high
2026-07-26T09:34:00Z,93.3852,0.000000,0.000000,0.000000,above_band_high
2026-07-26T09:35:00Z,93.3928,0.000000,0.000000,0.000000,above_band_high
2026-07-26T09:36:00Z,93.3577,0.000000,0.000000,0.000000,above_band_high
2026-07-26T09:37:00Z,93.3379,0.000000,0.000000,0.000000,above_band_high
2026-07-26T09:38:00Z,93.3394,0.000000,0.000000,0.000000,above_band_high
2026-07-26T09:39:00Z,93.3471,0.000000,0.000000,0.000000,above_band_high
2026-07-26T09:40:00Z,93.3471,0.000000,0.000000,0.000000,above_band_high
2026-07-26T09:41:00Z,93.3349,0.000000,0.000000,0.000000,above_band_high
2026-07-26T09:42:00Z,93.3379,0.000000,0.000000,0.000000,above_band_high
2026-07-26T09:43:00Z,93.3471,0.000000,0.000000,0.000000,above_band_high
2026-07-26T09:44:00Z,93.2708,0.000000,0.000000,0.000000,above_band_high
2026-07-26T09:45:00Z,93.2784,0.000000,0.000000,0.000000,above_band_high
2026-07-26T09:46:00Z,93.2753,0.000000,0.000000,0.000000,above_band_high
2026-07-26T09:47:00Z,93.2891,0.000000,0.000000,0.000000,above_band_high
2026-07-26T09:48:00Z,93.2891,0.000000,0.000000,0.000000,above_band_high
2026-07-26T09:49:00Z,93.2982,0.000000,0.000000,0.000000,above_band_high
2026-07-26T09:50:00Z,93.3165,0.000000,0.000000,0.000000,above_band_high
2026-07-26T09:51:00Z,93.3013,0.000000,0.000000,0.000000,above_band_high
2026-07-26T09:52:00Z,93.3196,0.000000,0.000000,0.000000,above_band_high
2026-07-26T09:53:00Z,93.3120,0.000000,0.000000,0.000000,above_band_high
2026-07-26T09:54:00Z,93.2921,0.000000,0.000000,0.000000,above_band_high
2026-07-26T09:55:00Z,93.3700,0.000000,0.000000,0.000000,above_band_high
2026-07-26T09:56:00Z,93.3532,0.000000,0.000000,0.000000,above_band_high
2026-07-26T09:57:00Z,93.3761,0.000000,0.000000,0.000000,above_band_high
2026-07-26T09:58:00Z,93.3761,0.000000,0.000000,0.000000,above_band_high
2026-07-26T09:59:00Z,93.3837,0.000000,0.000000,0.000000,above_band_high
2026-07-26T10:00:00Z,93.3974,0.000000,0.000000,0.000000,above_band_high
2026-07-26T10:01:00Z,93.3516,0.000000,0.000000,0.000000,above_band_high
2026-07-26T10:02:00Z,93.4035,0.000000,0.000000,0.000000,above_band_high
2026-07-26T10:03:00Z,93.3745,0.000000,0.000000,0.000000,above_band_high
2026-07-26T10:04:00Z,93.3761,0.000000,0.000000,0.000000,above_band_high
2026-07-26T10:05:00Z,93.3577,0.000000,0.000000,0.000000,above_band_high
2026-07-26T10:06:00Z,93.3532,0.000000,0.000000,0.000000,above_band_high
2026-07-26T10:07:00Z,93.3196,0.000000,0.000000,0.000000,above_band_high
2026-07-26T10:08:00Z,93.3074,0.000000,0.000000,0.000000,above_band_high
2026-07-26T10:09:00Z,93.1960,0.000000,0.000000,0.000000,above_band_high
2026-07-26T10:10:00Z,93.1502,0.000000,0.000000,0.000000,above_band_high
2026-07-26T10:11:00Z,93.1426,0.000000,0.000000,0.000000,above_band_high
2026-07-26T10:12:00Z,93.0785,0.000000,0.000000,0.000000,above_band_high
2026-07-26T10:13:00Z,93.0236,0.000000,0.000000,0.000000,above_band_high
2026-07-26T10:14:00Z,93.0098,0.000000,0.000000,0.000000,above_band_high
2026-07-26T10:15:00Z,92.9305,0.000000,0.000000,0.000000,above_band_high
2026-07-26T10:16:00Z,92.9122,0.000000,0.000000,0.000000,above_band_high
2026-07-26T10:17:00Z,92.8405,0.000000,0.000000,0.000000,above_band_high
2026-07-26T10:18:00Z,92.8161,0.000000,0.000000,0.000000,above_band_high
2026-07-26T10:19:00Z,92.7718,0.000000,0.000000,0.000000,above_band_high
2026-07-26T10:20:00Z,92.7031,0.000000,0.000000,0.000000,above_band_high
2026-07-26T10:21:00Z,92.6146,0.000000,0.000000,0.000000,above_band_high
2026-07-26T10:22:00Z,92.6070,0.000000,0.000000,0.000000,above_band_high
2026-07-26T10:23:00Z,92.5368,0.000000,0.000000,0.000000,above_band_high
2026-07-26T10:24:00Z,92.4956,0.000000,0.000000,0.000000,above_band_high
2026-07-26T10:25:00Z,92.4559,0.000000,0.000000,0.000000,above_band_high
2026-07-26T10:26:00Z,92.3674,0.000000,0.000000,0.000000,above_band_high
2026-07-26T10:27:00Z,92.2988,0.000000,0.000000,0.000000,above_band_high
2026-07-26T10:28:00Z,92.2087,0.000000,0.000000,0.000000,above_band_high
2026-07-26T10:29:00Z,92.1538,0.000000,0.000000,0.000000,above_band_high
2026-07-26T10:30:00Z,92.0851,0.000000,0.000000,0.000000,above_band_high
2026-07-26T10:31:00Z,92.0027,0.000000,0.000000,0.000000,above_band_high
2026-07-26T10:32:00Z,91.9203,0.000000,0.000000,0.000000,above_band_high
2026-07-26T10:33:00Z,91.8456,0.000000,0.000000,0.000000,above_band_high
2026-07-26T10:34:00Z,91.7876,0.000000,0.000000,0.000000,above_band_high
2026-07-26T10:35:00Z,91.7189,0.000000,0.000000,0.000000,above_band_high
2026-07-26T10:36:00Z,91.7189,0.000000,0.000000,0.000000,above_band_high
2026-07-26T10:37:00Z,91.6991,0.000000,0.000000,0.000000,above_band_high
2026-07-26T10:38:00Z,91.7220,0.000000,0.000000,0.000000,above_band_high
2026-07-26T10:39:00Z,91.6991,0.000000,0.000000,0.000000,above_band_high
2026-07-26T10:40:00Z,91.6945,0.000000,0.000000,0.000000,above_band_high
2026-07-26T10:41:00Z,91.6823,0.000000,0.000000,0.000000,above_band_high
2026-07-26T10:42:00Z,91.6945,0.000000,0.000000,0.000000,above_band_high
2026-07-26T10:43:00Z,91.6991,0.000000,0.000000,0.000000,above_band_high
2026-07-26T10:44:00Z,91.6899,0.000000,0.000000,0.000000,above_band_high
2026-07-26T10:45:00Z,91.6823,0.000000,0.000000,0.000000,above_band_high
2026-07-26T10:46:00Z,91.6640,0.000000,0.000000,0.000000,above_band_high
2026-07-26T10:47:00Z,91.6457,0.000000,0.000000,0.000000,above_band_high
2026-07-26T10:48:00Z,91.6167,0.000000,0.000000,0.000000,above_band_high
2026-07-26T10:49:00Z,91.6091,0.000000,0.000000,0.000000,above_band_high
2026-07-26T10:50:00Z,91.6762,0.000000,0.000000,0.000000,above_band_high
2026-07-26T10:51:00Z,91.6579,0.000000,0.000000,0.000000,above_band_high
2026-07-26T10:52:00Z,91.7006,0.000000,0.000000,0.000000,above_band_high
2026-07-26T10:53:00Z,91.7769,0.000000,0.000000,0.000000,above_band_high
2026-07-26T10:54:00Z,91.8563,0.000000,0.000000,0.000000,above_band_high
2026-07-26T10:55:00Z,91.8593,0.000000,0.000000,0.000000,above_band_high
2026-07-26T10:56:00Z,91.9524,0.000000,0.000000,0.000000,above_band_high
2026-07-26T10:57:00Z,91.9783,0.000000,0.000000,0.000000,above_band_high
2026-07-26T10:58:00Z,91.9783,0.000000,0.000000,0.000000,above_band_high
2026-07-26T10:59:00Z,92.0119,0.000000,0.000000,0.000000,above_band_high
2026-07-26T11:00:00Z,92.0165,0.000000,0.000000,0.000000,above_band_high
2026-07-26T11:01:00Z,92.0333,0.000000,0.000000,0.000000,above_band_high
2026-07-26T11:02:00Z,92.0745,0.000000,0.000000,0.000000,above_band_high
2026-07-26T11:03:00Z,92.0745,0.000000,0.000000,0.000000,above_band_high
2026-07-26T11:04:00Z,92.0470,0.000000,0.000000,0.000000,above_band_high
2026-07-26T11:05:00Z,92.0058,0.000000,0.000000,0.000000,above_band_high
2026-07-26T11:06:00Z,91.9371,0.000000,0.000000,0.000000,above_band_high
2026-07-26T11:07:00Z,91.9371,0.000000,0.000000,0.000000,above_band_high
2026-07-26T11:08:00Z,91.8471,0.000000,0.000000,0.000000,above_band_high
2026-07-26T11:09:00Z,91.7784,0.000000,0.000000,0.000000,above_band_high
2026-07-26T11:10:00Z,91.7510,0.000000,0.000000,0.000000,above_band_high
2026-07-26T11:11:00Z,91.7098,0.000000,0.000000,0.000000,above_band_high
2026-07-26T11:12:00Z,91.6594,0.000000,0.000000,0.000000,above_band_high
2026-07-26T11:13:00Z,91.6320,0.000000,0.000000,0.000000,above_band_high
2026-07-26T11:14:00Z,91.5587,0.000000,0.000000,0.000000,above_band_high
2026-07-26T11:15:00Z,91.5846,0.000000,0.000000,0.000000,above_band_high
2026-07-26T11:16:00Z,91.5541,0.000000,0.000000,0.000000,above_band_high
2026-07-26T11:16:45Z,91.5084,0.000000,0.000117,0.000117,above_band_high
2026-07-26T11:17:11Z,91.4931,0.000000,0.002878,0.002878,in_band
2026-07-26T11:17:17Z,91.4885,0.002703,0.002660,-0.000043,in_band
2026-07-26T11:19:04Z,91.4382,0.000502,0.000522,0.000020,in_band
2026-07-26T11:19:59Z,91.4260,0.000202,0.000210,0.000008,in_band
2026-07-26T11:20:00Z,91.4260,0.000199,0.000207,0.000008,in_band
2026-07-26T11:20:59Z,91.4061,0.000075,0.000078,0.000003,in_band
2026-07-26T11:21:00Z,91.4061,0.000074,0.000077,0.000003,in_band
2026-07-26T11:21:59Z,91.3939,0.000028,0.000029,0.000001,in_band
2026-07-26T11:22:00Z,91.3939,0.000027,0.000028,0.000001,in_band
2026-07-26T11:22:59Z,91.3970,0.000010,0.000011,0.000000,in_band
2026-07-26T11:23:00Z,91.3970,0.000010,0.000011,0.000000,in_band
2026-07-26T11:23:59Z,91.3649,0.000004,0.000004,0.000000,in_band
2026-07-26T11:24:00Z,91.3649,0.000004,0.000004,0.000000,in_band
2026-07-26T11:24:59Z,91.3512,0.000001,0.000001,0.000000,in_band
2026-07-26T11:25:00Z,91.3512,0.000001,0.000001,0.000000,in_band
2026-07-26T11:25:59Z,91.3024,0.000001,0.000001,0.000000,in_band
2026-07-26T11:26:00Z,91.3024,0.000001,0.000001,0.000000,in_band
2026-07-26T11:26:59Z,91.3100,0.000000,0.000000,0.000000,in_band
2026-07-26T11:27:00Z,91.3100,0.000000,0.000000,0.000000,in_band
2026-07-26T11:27:59Z,91.2840,0.000000,0.000000,0.000000,in_band
2026-07-26T11:28:00Z,91.2840,0.000000,0.000000,0.000000,in_band
2026-07-26T11:28:59Z,91.2688,0.000000,0.000000,0.000000,in_band
2026-07-26T11:29:00Z,91.2688,0.000000,0.000000,0.000000,in_band
2026-07-26T11:29:59Z,91.2657,0.000000,0.000000,0.000000,in_band
2026-07-26T11:30:00Z,91.2657,0.000000,0.000000,0.000000,in_band
2026-07-26T11:30:59Z,91.2428,0.000000,0.000000,0.000000,in_band
2026-07-26T11:31:00Z,91.2428,0.000000,0.000000,0.000000,in_band
2026-07-26T11:31:59Z,91.1971,0.000000,0.000000,0.000000,in_band
2026-07-26T11:32:00Z,91.1971,0.000000,0.000000,0.000000,in_band
2026-07-26T11:32:59Z,91.1864,0.000000,0.000000,0.000000,in_band
2026-07-26T11:33:00Z,91.1864,0.000000,0.000000,0.000000,in_band
2026-07-26T11:33:59Z,91.1543,0.000000,0.000000,0.000000,in_band
2026-07-26T11:34:00Z,91.1543,0.000000,0.000000,0.000000,in_band
2026-07-26T11:34:59Z,91.1727,0.000000,0.000000,0.000000,in_band
2026-07-26T11:35:00Z,91.1727,0.000000,0.000000,0.000000,in_band
2026-07-26T11:35:59Z,91.1421,0.000000,0.000000,0.000000,in_band
2026-07-26T11:36:00Z,91.1421,0.000000,0.000000,0.000000,in_band
2026-07-26T11:36:59Z,91.1650,0.000000,0.000000,0.000000,in_band
2026-07-26T11:37:00Z,91.1650,0.000000,0.000000,0.000000,in_band
2026-07-26T11:37:59Z,91.1604,0.000000,0.000000,0.000000,in_band
2026-07-26T11:38:00Z,91.1604,0.000000,0.000000,0.000000,in_band
2026-07-26T11:38:59Z,91.2093,0.000000,0.000000,0.000000,in_band
2026-07-26T11:39:00Z,91.2093,0.000000,0.000000,0.000000,in_band
2026-07-26T11:39:59Z,91.2016,0.000000,0.000000,0.000000,in_band
2026-07-26T11:40:00Z,91.2016,0.000000,0.000000,0.000000,in_band
2026-07-26T11:40:59Z,91.2047,0.000000,0.000000,0.000000,in_band
2026-07-26T11:41:00Z,91.2047,0.000000,0.000000,0.000000,in_band
2026-07-26T11:41:59Z,91.1833,0.000000,0.000000,0.000000,in_band
2026-07-26T11:42:00Z,91.1833,0.000000,0.000000,0.000000,in_band
2026-07-26T11:42:59Z,91.2001,0.000000,0.000000,0.000000,in_band
2026-07-26T11:43:00Z,91.2001,0.000000,0.000000,0.000000,in_band
2026-07-26T11:43:59Z,91.1788,0.000000,0.000000,0.000000,in_band
2026-07-26T11:44:00Z,91.1788,0.000000,0.000000,0.000000,in_band
2026-07-26T11:44:59Z,91.1788,0.000000,0.000000,0.000000,in_band
2026-07-26T11:45:00Z,91.1788,0.000000,0.000000,0.000000,in_band
2026-07-26T11:45:59Z,91.1406,0.000000,0.000000,0.000000,in_band
2026-07-26T11:46:00Z,91.1406,0.000000,0.000000,0.000000,in_band
2026-07-26T11:46:59Z,91.1727,0.000000,0.000000,0.000000,in_band
2026-07-26T11:47:00Z,91.1727,0.000000,0.000000,0.000000,in_band
2026-07-26T11:47:59Z,91.1833,0.000000,0.000000,0.000000,in_band
2026-07-26T11:48:00Z,91.1833,0.000000,0.000000,0.000000,in_band
2026-07-26T11:48:59Z,91.2062,0.000000,0.000000,0.000000,in_band
2026-07-26T11:49:00Z,91.2062,0.000000,0.000000,0.000000,in_band
2026-07-26T11:49:59Z,91.2734,0.000000,0.000000,0.000000,in_band
2026-07-26T11:50:00Z,91.2734,0.000000,0.000000,0.000000,in_band
2026-07-26T11:50:59Z,91.3024,0.000000,0.000000,0.000000,in_band
2026-07-26T11:51:00Z,91.3024,0.000000,0.000000,0.000000,in_band
2026-07-26T11:51:59Z,91.3375,0.000000,0.000000,0.000000,in_band
2026-07-26T11:52:00Z,91.3375,0.000000,0.000000,0.000000,in_band
2026-07-26T11:52:59Z,91.3848,0.000000,0.000000,0.000000,in_band
2026-07-26T11:53:00Z,91.3848,0.000000,0.000000,0.000000,in_band
2026-07-26T11:53:59Z,91.3848,0.000000,0.000000,0.000000,in_band
2026-07-26T11:54:00Z,91.3848,0.000000,0.000000,0.000000,in_band
2026-07-26T11:54:59Z,91.4122,0.000000,0.000000,0.000000,in_band
2026-07-26T11:55:00Z,91.4122,0.000000,0.000000,0.000000,in_band
2026-07-26T11:55:59Z,91.4122,0.000000,0.000000,0.000000,in_band
2026-07-26T11:56:00Z,91.4122,0.000000,0.000000,0.000000,in_band
2026-07-26T11:56:59Z,91.4382,0.000000,0.000000,0.000000,in_band
2026-07-26T11:57:00Z,91.4382,0.000000,0.000000,0.000000,in_band
2026-07-26T11:57:59Z,91.4702,0.000000,0.000000,0.000000,in_band
2026-07-26T11:58:00Z,91.4702,0.000000,0.000000,0.000000,in_band
2026-07-26T11:58:59Z,91.4305,0.000000,0.000000,0.000000,in_band
2026-07-26T11:59:00Z,91.4305,0.000000,0.000000,0.000000,in_band
2026-07-26T11:59:59Z,91.4153,0.000000,0.000000,0.000000,in_band
2026-07-26T12:00:00Z,91.4153,0.000000,0.000000,0.000000,in_band
2026-07-26T12:00:59Z,91.4199,0.000000,0.000000,0.000000,in_band
2026-07-26T12:01:00Z,91.4199,0.000000,0.000000,0.000000,in_band
2026-07-26T12:01:59Z,91.4214,0.000000,0.000000,0.000000,in_band
2026-07-26T12:02:00Z,91.4214,0.000000,0.000000,0.000000,in_band
2026-07-26T12:02:59Z,91.4290,0.000000,0.000000,0.000000,in_band
2026-07-26T12:03:00Z,91.4290,0.000000,0.000000,0.000000,in_band
2026-07-26T12:03:59Z,91.4122,0.000000,0.000000,0.000000,in_band
2026-07-26T12:04:00Z,91.4122,0.000000,0.000000,0.000000,in_band
2026-07-26T12:04:59Z,91.3558,0.000000,0.000000,0.000000,in_band
2026-07-26T12:05:00Z,91.3558,0.000000,0.000000,0.000000,in_band
2026-07-26T12:05:59Z,91.2963,0.000000,0.000000,0.000000,in_band
2026-07-26T12:06:00Z,91.2963,0.000000,0.000000,0.000000,in_band
2026-07-26T12:06:59Z,91.2703,0.000000,0.000000,0.000000,in_band
2026-07-26T12:07:00Z,91.2703,0.000000,0.000000,0.000000,in_band
2026-07-26T12:07:59Z,91.2245,0.000000,0.000000,0.000000,in_band
2026-07-26T12:08:00Z,91.2245,0.000000,0.000000,0.000000,in_band
2026-07-26T12:08:59Z,91.1742,0.000000,0.000000,0.000000,in_band
2026-07-26T12:09:00Z,91.1742,0.000000,0.000000,0.000000,in_band
2026-07-26T12:09:59Z,91.0918,0.000000,0.000000,0.000000,in_band
2026-07-26T12:10:00Z,91.0918,0.000000,0.000000,0.000000,in_band
2026-07-26T12:10:59Z,91.0643,0.000000,0.000000,0.000000,in_band
2026-07-26T12:11:00Z,91.0643,0.000000,0.000000,0.000000,in_band
2026-07-26T12:11:59Z,90.9529,0.000000,0.000000,0.000000,in_band
2026-07-26T12:12:00Z,90.9529,0.000000,0.000000,0.000000,in_band
2026-07-26T12:12:59Z,90.9682,0.000000,0.000000,0.000000,in_band
2026-07-26T12:13:00Z,90.9682,0.000000,0.000000,0.000000,in_band
2026-07-26T12:13:59Z,90.9316,0.000000,0.000000,0.000000,in_band
2026-07-26T12:14:00Z,90.9316,0.000000,0.000000,0.000000,in_band
2026-07-26T12:14:59Z,90.9209,0.000000,0.000000,0.000000,in_band
2026-07-26T12:15:00Z,90.9209,0.000000,0.000000,0.000000,in_band
2026-07-26T12:15:59Z,90.9361,0.000000,0.000000,0.000000,in_band
2026-07-26T12:16:00Z,90.9361,0.000000,0.000000,0.000000,in_band
2026-07-26T12:16:59Z,90.9316,0.000000,0.000000,0.000000,in_band
2026-07-26T12:17:00Z,90.9316,0.000000,0.000000,0.000000,in_band
2026-07-26T12:17:59Z,90.9590,0.000000,0.000000,0.000000,in_band
2026-07-26T12:18:00Z,90.9590,0.000000,0.000000,0.000000,in_band
2026-07-26T12:18:59Z,90.9621,0.000000,0.000000,0.000000,in_band
2026-07-26T12:19:00Z,90.9621,0.000000,0.000000,0.000000,in_band
2026-07-26T12:19:59Z,90.9621,0.000000,0.000000,0.000000,in_band
2026-07-26T12:20:00Z,90.9621,0.000000,0.000000,0.000000,in_band
2026-07-26T12:20:59Z,90.9865,0.000000,0.000000,0.000000,in_band
2026-07-26T12:21:00Z,90.9865,0.000000,0.000000,0.000000,in_band
2026-07-26T12:21:59Z,91.0216,0.000000,0.000000,0.000000,in_band
2026-07-26T12:22:00Z,91.0216,0.000000,0.000000,0.000000,in_band
2026-07-26T12:22:59Z,91.0674,0.000000,0.000000,0.000000,in_band
2026-07-26T12:23:00Z,91.0674,0.000000,0.000000,0.000000,in_band
2026-07-26T12:23:59Z,91.0552,0.000000,0.000000,0.000000,in_band
2026-07-26T12:24:00Z,91.0552,0.000000,0.000000,0.000000,in_band
2026-07-26T12:24:59Z,91.0369,0.000000,0.000000,0.000000,in_band
2026-07-26T12:25:00Z,91.0369,0.000000,0.000000,0.000000,in_band
2026-07-26T12:25:59Z,91.0506,0.000000,0.000000,0.000000,in_band
2026-07-26T12:26:00Z,91.0506,0.000000,0.000000,0.000000,in_band
2026-07-26T12:26:59Z,91.0719,0.000000,0.000000,0.000000,in_band
2026-07-26T12:27:00Z,91.0719,0.000000,0.000000,0.000000,in_band
2026-07-26T12:27:59Z,91.0643,0.000000,0.000000,0.000000,in_band
2026-07-26T12:28:00Z,91.0643,0.000000,0.000000,0.000000,in_band
2026-07-26T12:28:59Z,91.0994,0.000000,0.000000,0.000000,in_band
2026-07-26T12:29:00Z,91.0994,0.000000,0.000000,0.000000,in_band
2026-07-26T12:29:59Z,91.0994,0.000000,0.000000,0.000000,in_band
2026-07-26T12:30:00Z,91.0994,0.000000,0.000000,0.000000,in_band
2026-07-26T12:30:59Z,91.0765,0.000000,0.000000,0.000000,in_band
2026-07-26T12:31:00Z,91.0765,0.000000,0.000000,0.000000,in_band
2026-07-26T12:31:59Z,91.0719,0.000000,0.000000,0.000000,in_band
2026-07-26T12:32:00Z,91.0719,0.000000,0.000000,0.000000,in_band
2026-07-26T12:32:59Z,91.0445,0.000000,0.000000,0.000000,in_band
2026-07-26T12:33:00Z,91.0445,0.000000,0.000000,0.000000,in_band
2026-07-26T12:33:59Z,91.0445,0.000000,0.000000,0.000000,in_band
2026-07-26T12:34:00Z,91.0445,0.000000,0.000000,0.000000,in_band
2026-07-26T12:34:59Z,91.0140,0.000000,0.000000,0.000000,in_band
2026-07-26T12:35:00Z,91.0140,0.000000,0.000000,0.000000,in_band
2026-07-26T12:35:59Z,91.0399,0.000000,0.000000,0.000000,in_band
2026-07-26T12:36:00Z,91.0399,0.000000,0.000000,0.000000,in_band
2026-07-26T12:36:59Z,91.0170,0.000000,0.000000,0.000000,in_band
2026-07-26T12:37:00Z,91.0170,0.000000,0.000000,0.000000,in_band
2026-07-26T12:37:59Z,91.0216,0.000000,0.000000,0.000000,in_band
2026-07-26T12:38:00Z,91.0216,0.000000,0.000000,0.000000,in_band
2026-07-26T12:38:59Z,91.0002,0.000000,0.000000,0.000000,in_band
2026-07-26T12:39:00Z,91.0002,0.000000,0.000000,0.000000,in_band
2026-07-26T12:39:59Z,90.9850,0.000000,0.000000,0.000000,in_band
2026-07-26T12:40:00Z,90.9850,0.000000,0.000000,0.000000,in_band
2026-07-26T12:40:59Z,90.9636,0.000000,0.000000,0.000000,in_band
2026-07-26T12:41:00Z,90.9636,0.000000,0.000000,0.000000,in_band
2026-07-26T12:41:59Z,90.9499,0.000000,0.000000,0.000000,in_band
2026-07-26T12:42:00Z,90.9499,0.000000,0.000000,0.000000,in_band
2026-07-26T12:42:59Z,90.9819,0.000000,0.000000,0.000000,in_band
2026-07-26T12:43:00Z,90.9819,0.000000,0.000000,0.000000,in_band
2026-07-26T12:43:59Z,90.9895,0.000000,0.000000,0.000000,in_band
2026-07-26T12:44:00Z,90.9895,0.000000,0.000000,0.000000,in_band
2026-07-26T12:44:59Z,90.9895,0.000000,0.000000,0.000000,in_band
2026-07-26T12:45:00Z,90.9895,0.000000,0.000000,0.000000,in_band
2026-07-26T12:45:59Z,90.9529,0.000000,0.000000,0.000000,in_band
2026-07-26T12:46:00Z,90.9529,0.000000,0.000000,0.000000,in_band
2026-07-26T12:46:59Z,90.9590,0.000000,0.000000,0.000000,in_band
2026-07-26T12:47:00Z,90.9590,0.000000,0.000000,0.000000,in_band
2026-07-26T12:47:59Z,90.9346,0.000000,0.000000,0.000000,in_band
2026-07-26T12:48:00Z,90.9346,0.000000,0.000000,0.000000,in_band
2026-07-26T12:48:59Z,90.9361,0.000000,0.000000,0.000000,in_band
2026-07-26T12:49:00Z,90.9361,0.000000,0.000000,0.000000,in_band
2026-07-26T12:49:57Z,90.9270,0.000000,0.000000,0.000000,in_band
2026-07-26T12:50:00Z,90.9300,0.000000,0.000000,0.000000,in_band
2026-07-26T12:50:58Z,90.9529,0.000000,0.000000,0.000000,in_band
2026-07-26T12:51:05Z,90.9636,0.000000,0.000000,0.000000,in_band
2026-07-26T12:51:55Z,90.9804,0.000000,0.000000,0.000000,in_band
2026-07-26T12:52:04Z,90.9850,0.000000,0.000000,0.000000,in_band
2026-07-26T12:52:55Z,91.0277,0.000000,0.000000,0.000000,in_band
2026-07-26T12:53:00Z,90.9987,0.000000,0.000000,0.000000,in_band
2026-07-26T12:53:49Z,91.0628,0.000000,0.000000,-0.000000,in_band
2026-07-26T12:54:02Z,91.0735,0.000000,0.000000,0.000000,in_band
2026-07-26T12:54:37Z,91.0277,0.000000,0.000000,-0.000000,in_band
2026-07-26T12:55:08Z,90.9865,0.000000,0.000000,-0.000000,in_band
2026-07-26T12:55:09Z,91.0216,0.000000,0.000000,0.000000,in_band
2026-07-26T12:56:14Z,90.9682,0.000000,0.000000,-0.000000,in_band
2026-07-26T12:56:15Z,90.9728,0.000000,0.000000,0.000000,in_band
2026-07-26T12:57:00Z,90.9255,0.000000,0.000000,0.000000,in_band
2026-07-26T12:57:59Z,90.8751,0.000000,0.000000,0.000000,in_band
2026-07-26T12:58:00Z,90.8751,0.000000,0.000000,0.000000,in_band
2026-07-26T12:58:59Z,90.7164,0.000000,0.000000,0.000000,in_band
2026-07-26T12:59:00Z,90.7164,0.000000,0.000000,0.000000,in_band
2026-07-26T12:59:59Z,90.6096,0.000000,0.000000,0.000000,in_band
2026-07-26T13:00:00Z,90.6096,0.000000,0.000000,0.000000,in_band
2026-07-26T13:00:59Z,90.4631,0.000000,0.000000,0.000000,in_band
2026-07-26T13:01:00Z,90.4631,0.000000,0.000000,0.000000,in_band
2026-07-26T13:01:59Z,90.3365,0.000000,0.000000,0.000000,in_band
2026-07-26T13:02:00Z,90.3365,0.000000,0.000000,0.000000,in_band
2026-07-26T13:02:59Z,90.1793,0.000000,0.000000,0.000000,in_band
2026-07-26T13:03:00Z,90.1793,0.000000,0.000000,0.000000,in_band
2026-07-26T13:03:59Z,90.1076,0.000000,0.000000,0.000000,in_band
2026-07-26T13:04:51Z,89.9748,0.000000,0.000090,0.000090,below_midpoint_feather
2026-07-26T13:04:55Z,90.0069,0.000000,0.000000,0.000000,in_band
2026-07-26T13:05:37Z,89.9229,0.000010,0.000845,0.000835,below_midpoint_feather
2026-07-26T13:05:49Z,89.9641,0.000329,0.000184,-0.000145,below_midpoint_feather
2026-07-26T13:06:11Z,89.9657,0.000631,0.000176,-0.000455,below_midpoint_feather
2026-07-26T13:06:33Z,89.9001,0.000642,0.001441,0.000800,below_midpoint_feather
2026-07-26T13:07:25Z,89.8833,0.001240,0.002020,0.000780,below_midpoint_feather
2026-07-26T13:07:47Z,89.9367,0.001944,0.000694,-0.001250,below_midpoint_feather
2026-07-26T13:08:23Z,89.8680,0.001487,0.002688,0.001201,below_midpoint_feather
2026-07-26T13:08:49Z,89.9336,0.001954,0.000907,-0.001047,below_midpoint_feather
2026-07-26T13:09:46Z,89.8451,0.002667,0.003856,0.001189,below_midpoint_feather
2026-07-26T13:09:57Z,89.8878,0.002756,0.002272,-0.000485,below_midpoint_feather
2026-07-26T13:10:15Z,89.8238,0.003165,0.004971,0.001806,below_midpoint_feather
2026-07-26T13:10:45Z,89.8634,0.005538,0.003355,-0.002183,below_midpoint_feather
2026-07-26T13:11:07Z,89.8421,0.006006,0.004400,-0.001607,below_midpoint_feather
2026-07-26T13:11:47Z,89.7551,0.007311,0.009744,0.002433,below_midpoint_feather
2026-07-26T13:12:02Z,89.7093,0.010156,0.013400,0.003243,below_midpoint_feather
2026-07-26T13:12:59Z,89.7032,0.017453,0.014874,-0.002579,below_midpoint_feather
2026-07-26T13:13:00Z,89.7032,0.017474,0.014897,-0.002577,below_midpoint_feather
2026-07-26T13:13:59Z,89.5308,0.030579,0.035477,0.004897,below_midpoint_feather
2026-07-26T13:14:37Z,89.5079,0.042751,0.040405,-0.002346,below_midpoint_feather
2026-07-26T13:14:54Z,89.3889,0.051411,0.060106,0.008696,below_midpoint_feather
2026-07-26T13:15:13Z,89.4072,0.059787,0.058337,-0.001450,below_midpoint_feather
2026-07-26T13:15:24Z,89.3462,0.061965,0.070056,0.008091,below_midpoint_feather
2026-07-26T13:16:17Z,89.2882,0.090121,0.086990,-0.003131,below_midpoint_feather
2026-07-26T13:16:42Z,89.2042,0.099677,0.108486,0.008809,below_midpoint_feather
2026-07-26T13:17:55Z,89.0990,0.151806,0.147321,-0.004485,below_midpoint_feather
2026-07-26T13:17:59Z,89.0043,0.152682,0.173728,0.021046,below_midpoint_feather
2026-07-26T13:18:00Z,89.0043,0.152904,0.173951,0.021047,below_midpoint_feather
2026-07-26T13:18:47Z,88.9799,0.200621,0.192996,-0.007626,below_midpoint_feather
2026-07-26T13:19:05Z,88.9631,0.212848,0.203318,-0.009529,below_midpoint_feather
2026-07-26T13:19:50Z,88.7709,0.263680,0.280547,0.016867,below_midpoint_feather
2026-07-26T13:20:14Z,88.7480,0.281735,0.297982,0.016248,below_midpoint_feather
2026-07-26T13:20:29Z,88.7709,0.301246,0.296168,-0.005078,below_midpoint_feather
2026-07-26T13:21:27Z,88.7007,0.359429,0.348504,-0.010925,below_midpoint_feather
2026-07-26T13:21:36Z,88.6381,0.355939,0.376781,0.020842,below_midpoint_feather
2026-07-26T13:22:38Z,88.5512,0.428535,0.446082,0.017548,below_midpoint_feather
2026-07-26T13:22:51Z,88.6000,0.448085,0.434170,-0.013915,below_midpoint_feather
2026-07-26T13:23:17Z,88.5878,0.465563,0.455398,-0.010165,below_midpoint_feather
2026-07-26T13:23:23Z,88.5191,0.469422,0.487522,0.018100,below_midpoint_feather
2026-07-26T13:24:52Z,88.4962,0.543501,0.557620,0.014119,below_midpoint_feather
2026-07-26T13:24:59Z,88.5359,0.559438,0.545838,-0.013600,below_midpoint_feather
2026-07-26T13:25:01Z,88.5405,0.559553,0.545365,-0.014189,below_midpoint_feather
2026-07-26T13:25:05Z,88.4764,0.548236,0.575329,0.027093,below_midpoint_feather
2026-07-26T13:26:29Z,88.6046,0.599827,0.582692,-0.017135,below_midpoint_feather
2026-07-26T13:26:55Z,88.5832,0.594276,0.609559,0.015283,below_midpoint_feather
2026-07-26T13:27:16Z,88.6656,0.600985,0.591708,-0.009278,below_midpoint_feather
2026-07-26T13:27:49Z,88.6778,0.598542,0.608844,0.010302,below_midpoint_feather
2026-07-26T13:28:15Z,88.7160,0.595572,0.610997,0.015425,below_midpoint_feather
2026-07-26T13:28:46Z,88.8243,0.599624,0.591424,-0.008201,below_midpoint_feather
2026-07-26T13:29:25Z,88.8609,0.593138,0.600502,0.007363,below_midpoint_feather
2026-07-26T13:29:52Z,88.9799,0.590866,0.577271,-0.013596,below_midpoint_feather
2026-07-26T13:30:08Z,89.0135,0.584654,0.575051,-0.009603,below_midpoint_feather
2026-07-26T13:30:31Z,88.9952,0.577766,0.590079,0.012313,below_midpoint_feather
2026-07-26T13:31:13Z,89.1051,0.572593,0.576347,0.003754,below_midpoint_feather
2026-07-26T13:31:24Z,89.1814,0.574876,0.561522,-0.013354,below_midpoint_feather
2026-07-26T13:32:27Z,89.2699,0.553483,0.560176,0.006694,below_midpoint_feather
2026-07-26T13:32:56Z,89.4194,0.546235,0.538826,-0.007408,below_midpoint_feather
2026-07-26T13:33:12Z,89.4331,0.543597,0.539738,-0.003859,below_midpoint_feather
2026-07-26T13:33:19Z,89.4072,0.539864,0.545301,0.005437,below_midpoint_feather
2026-07-26T13:34:00Z,89.4942,0.533544,0.538194,0.004650,below_midpoint_feather
2026-07-26T13:34:18Z,89.5720,0.533888,0.530202,-0.003686,below_midpoint_feather
2026-07-26T13:35:04Z,89.6712,0.527395,0.524298,-0.003097,below_midpoint_feather
2026-07-26T13:35:09Z,89.6315,0.524186,0.528657,0.004471,below_midpoint_feather
2026-07-26T13:36:34Z,89.8695,0.518410,0.516509,-0.001901,below_midpoint_feather
2026-07-26T13:36:39Z,89.8100,0.516827,0.519386,0.002559,below_midpoint_feather
2026-07-26T13:37:05Z,89.8726,0.515534,0.517275,0.001741,below_midpoint_feather
2026-07-26T13:37:42Z,90.0053,0.515076,0.514478,-0.000598,in_band
2026-07-26T13:38:00Z,90.0343,0.510134,0.510691,0.000557,in_band
2026-07-26T13:38:59Z,90.1289,0.494050,0.494572,0.000523,in_band
2026-07-26T13:39:00Z,90.1289,0.493779,0.494301,0.000522,in_band
2026-07-26T13:39:59Z,90.2632,0.477992,0.478491,0.000499,in_band
2026-07-26T13:40:00Z,90.2632,0.477728,0.478227,0.000499,in_band
2026-07-26T13:40:59Z,90.3716,0.462373,0.462854,0.000481,in_band
2026-07-26T13:41:00Z,90.3716,0.462117,0.462597,0.000480,in_band
2026-07-26T13:41:59Z,90.4723,0.447234,0.447698,0.000464,in_band
2026-07-26T13:42:00Z,90.4723,0.446986,0.447450,0.000464,in_band
2026-07-26T13:42:59Z,90.5745,0.432579,0.433028,0.000448,in_band
2026-07-26T13:43:00Z,90.5745,0.432339,0.432787,0.000448,in_band
2026-07-26T13:43:59Z,90.7210,0.418400,0.418834,0.000434,in_band
2026-07-26T13:44:00Z,90.7210,0.418168,0.418601,0.000433,in_band
2026-07-26T13:44:59Z,90.7881,0.404684,0.405104,0.000419,in_band
2026-07-26T13:45:00Z,90.7881,0.404460,0.404879,0.000419,in_band
2026-07-26T13:45:59Z,90.8949,0.391418,0.391823,0.000406,in_band
2026-07-26T13:46:00Z,90.8949,0.391200,0.391606,0.000405,in_band
2026-07-26T13:46:59Z,90.9255,0.378586,0.378978,0.000392,in_band
2026-07-26T13:47:00Z,90.9255,0.378375,0.378767,0.000392,in_band
2026-07-26T13:47:59Z,91.0262,0.366174,0.366554,0.000379,in_band
2026-07-26T13:48:00Z,91.0262,0.365971,0.366350,0.000379,in_band
2026-07-26T13:48:59Z,91.1009,0.354169,0.354536,0.000367,in_band
2026-07-26T13:49:00Z,91.1009,0.353973,0.354340,0.000367,in_band
2026-07-26T13:49:59Z,91.1238,0.342558,0.342913,0.000355,in_band
2026-07-26T13:50:00Z,91.1238,0.342368,0.342723,0.000355,in_band
2026-07-26T13:50:59Z,91.2367,0.331328,0.331671,0.000343,in_band
2026-07-26T13:51:00Z,91.2367,0.331144,0.331487,0.000343,in_band
2026-07-26T13:51:59Z,91.3069,0.320466,0.320798,0.000332,in_band
2026-07-26T13:52:00Z,91.3069,0.320288,0.320620,0.000332,in_band
2026-07-26T13:52:59Z,91.3481,0.309960,0.310281,0.000321,in_band
2026-07-26T13:53:00Z,91.3481,0.309788,0.310109,0.000321,in_band
2026-07-26T13:53:59Z,91.3558,0.299798,0.300109,0.000311,in_band
2026-07-26T13:54:00Z,91.3558,0.299632,0.299942,0.000310,in_band
2026-07-26T13:54:59Z,91.3573,0.289969,0.290270,0.000300,in_band
2026-07-26T13:55:00Z,91.3573,0.289808,0.290109,0.000300,in_band
2026-07-26T13:55:59Z,91.4260,0.280463,0.280754,0.000291,in_band
2026-07-26T13:56:57Z,91.5175,0.271570,0.265137,-0.006433,above_band_high
2026-07-26T13:56:59Z,91.5038,0.269808,0.270996,0.001188,above_band_high
2026-07-26T13:58:29Z,91.5206,0.248374,0.261217,0.012842,above_band_high
2026-07-26T13:58:48Z,91.5938,0.245349,0.229511,-0.015838,above_band_high
2026-07-26T13:59:13Z,91.5038,0.249145,0.267079,0.017933,above_band_high
2026-07-26T13:59:47Z,91.5618,0.254986,0.240999,-0.013987,above_band_high
2026-07-26T14:00:03Z,91.5892,0.241318,0.228633,-0.012686,above_band_high
2026-07-26T14:00:41Z,91.4900,0.254611,0.264838,0.010227,in_band
2026-07-26T14:02:40Z,91.3939,0.250333,0.248283,-0.002050,in_band
2026-07-26T14:02:59Z,91.3344,0.247578,0.245547,-0.002031,in_band
2026-07-26T14:03:00Z,91.3344,0.247435,0.245405,-0.002030,in_band
2026-07-26T14:03:59Z,91.2917,0.239249,0.237281,-0.001968,in_band
2026-07-26T14:04:00Z,91.2917,0.239114,0.237147,-0.001967,in_band
2026-07-26T14:04:59Z,91.1467,0.231327,0.229422,-0.001905,in_band
2026-07-26T14:05:00Z,91.1467,0.231197,0.229294,-0.001904,in_band
2026-07-26T14:05:59Z,91.0231,0.223714,0.221871,-0.001843,in_band
2026-07-26T14:06:00Z,91.0231,0.223589,0.221747,-0.001842,in_band
2026-07-26T14:06:59Z,90.8568,0.216368,0.214586,-0.001783,in_band
2026-07-26T14:07:00Z,90.8568,0.216248,0.214467,-0.001782,in_band
2026-07-26T14:07:59Z,90.7073,0.209271,0.207547,-0.001724,in_band
2026-07-26T14:08:00Z,90.7073,0.209155,0.207431,-0.001723,in_band
2026-07-26T14:08:59Z,90.6874,0.202409,0.200741,-0.001668,in_band
2026-07-26T14:09:00Z,90.6874,0.202296,0.200630,-0.001667,in_band
2026-07-26T14:09:59Z,90.5241,0.195772,0.194159,-0.001613,in_band
2026-07-26T14:10:00Z,90.5241,0.195664,0.194052,-0.001612,in_band
2026-07-26T14:10:59Z,90.3258,0.189354,0.187794,-0.001560,in_band
2026-07-26T14:11:00Z,90.3258,0.189249,0.187690,-0.001559,in_band
2026-07-26T14:11:59Z,90.1625,0.183146,0.181637,-0.001509,in_band
2026-07-26T14:12:00Z,90.1625,0.183045,0.181536,-0.001508,in_band
2026-07-26T14:12:59Z,90.0420,0.177142,0.175682,-0.001460,in_band
2026-07-26T14:13:00Z,90.0420,0.177044,0.175585,-0.001459,in_band
2026-07-26T14:13:50Z,89.8558,0.177223,0.177188,-0.000035,below_midpoint_feather
2026-07-26T14:14:21Z,89.8192,0.181330,0.178947,-0.002383,below_midpoint_feather
2026-07-26T14:14:40Z,89.7353,0.182534,0.184361,0.001828,below_midpoint_feather
2026-07-26T14:15:38Z,89.5613,0.197569,0.202515,0.004947,below_midpoint_feather
2026-07-26T14:15:59Z,89.5567,0.206161,0.203675,-0.002486,below_midpoint_feather
2026-07-26T14:16:05Z,89.6025,0.204802,0.198419,-0.006383,below_midpoint_feather
2026-07-26T14:16:50Z,89.4987,0.208197,0.213548,0.005352,below_midpoint_feather
2026-07-26T14:17:32Z,89.2500,0.244991,0.260267,0.015276,below_midpoint_feather
2026-07-26T14:17:53Z,89.2180,0.274653,0.269208,-0.005445,below_midpoint_feather
2026-07-26T14:18:19Z,89.2042,0.282465,0.275659,-0.006806,below_midpoint_feather
2026-07-26T14:18:38Z,89.0761,0.293048,0.310018,0.016970,below_midpoint_feather
2026-07-26T14:19:32Z,88.8289,0.378899,0.395291,0.016392,below_midpoint_feather
2026-07-26T14:19:59Z,88.8167,0.429510,0.407654,-0.021856,below_midpoint_feather
2026-07-26T14:20:09Z,88.9082,0.405253,0.381641,-0.023612,below_midpoint_feather
2026-07-26T14:20:47Z,88.8472,0.394509,0.415381,0.020872,below_midpoint_feather
2026-07-26T14:21:07Z,88.7465,0.456935,0.457454,0.000519,below_midpoint_feather
2026-07-26T14:21:28Z,88.5542,0.509349,0.540013,0.030664,below_midpoint_feather
2026-07-26T14:22:49Z,88.2673,0.719210,0.711531,-0.007679,below_midpoint_feather
2026-07-26T14:22:52Z,88.1941,0.722181,0.745138,0.022957,below_midpoint_feather
2026-07-26T14:23:00Z,88.1926,0.734384,0.752245,0.017861,below_midpoint_feather
2026-07-26T14:23:39Z,88.2124,0.787107,0.778130,-0.008977,below_midpoint_feather
2026-07-26T14:24:20Z,88.0705,0.860046,0.878763,0.018717,below_midpoint_feather
2026-07-26T14:24:45Z,88.0797,0.906122,0.900939,-0.005183,below_midpoint_feather
2026-07-26T14:25:01Z,88.0751,0.930507,0.920221,-0.010286,below_midpoint_feather
2026-07-26T14:25:20Z,88.0003,0.960011,0.973252,0.013241,below_midpoint_feather
2026-07-26T14:26:00Z,87.9973,1.000000,1.000000,0.000000,below_midpoint_feather
2026-07-26T14:27:00Z,87.9866,1.000000,1.000000,0.000000,below_midpoint_feather
2026-07-26T14:28:00Z,88.1849,1.000000,1.000000,0.000000,below_midpoint_feather
2026-07-26T14:29:00Z,88.2902,1.000000,1.000000,0.000000,below_midpoint_feather
2026-07-26T14:30:00Z,88.4504,1.000000,1.000000,0.000000,below_midpoint_feather
2026-07-26T14:31:00Z,88.6336,1.000000,1.000000,0.000000,below_midpoint_feather
2026-07-26T14:32:50Z,89.2683,0.977319,0.963983,-0.013336,below_midpoint_feather
2026-07-26T14:32:53Z,89.2683,0.964721,0.965263,0.000542,below_midpoint_feather
2026-07-26T14:33:02Z,89.3385,0.961062,0.954989,-0.006073,below_midpoint_feather
2026-07-26T14:33:13Z,89.3339,0.956506,0.959887,0.003380,below_midpoint_feather
2026-07-26T14:34:11Z,89.4072,0.957326,0.962230,0.004904,below_midpoint_feather
2026-07-26T14:34:38Z,89.4194,0.971878,0.965147,-0.006732,below_midpoint_feather
2026-07-26T14:35:19Z,89.3187,0.981688,0.989666,0.007978,below_midpoint_feather
2026-07-26T14:35:37Z,89.3416,0.992640,0.987979,-0.004662,below_midpoint_feather
2026-07-26T14:36:00Z,89.2515,1.000000,1.000000,0.000000,below_midpoint_feather
2026-07-26T14:37:00Z,89.2287,1.000000,1.000000,0.000000,below_midpoint_feather
2026-07-26T14:37:46Z,89.4743,0.996611,0.987740,-0.008871,below_midpoint_feather
2026-07-26T14:38:02Z,89.6223,0.977861,0.971349,-0.006512,below_midpoint_feather
2026-07-26T14:38:21Z,89.6727,0.966504,0.968919,0.002414,below_midpoint_feather
2026-07-26T14:39:05Z,89.7185,0.967351,0.969103,0.001752,below_midpoint_feather
2026-07-26T14:39:16Z,89.8039,0.968333,0.964037,-0.004296,below_midpoint_feather
2026-07-26T14:40:01Z,89.9428,0.962194,0.961177,-0.001017,below_midpoint_feather
2026-07-26T14:40:22Z,90.0252,0.962362,0.959172,-0.003190,in_band
2026-07-26T14:41:00Z,90.3273,0.942940,0.939779,-0.003161,in_band
2026-07-26T14:41:59Z,90.4143,0.913016,0.909930,-0.003086,in_band
2026-07-26T14:42:00Z,90.4143,0.912514,0.909429,-0.003085,in_band
2026-07-26T14:42:59Z,90.4143,0.883267,0.880272,-0.002995,in_band
2026-07-26T14:43:00Z,90.4143,0.882779,0.879785,-0.002994,in_band
2026-07-26T14:43:59Z,90.2724,0.854379,0.851477,-0.002901,in_band
2026-07-26T14:44:00Z,90.2724,0.853905,0.851005,-0.002899,in_band
2026-07-26T14:44:56Z,89.9062,0.827772,0.828047,0.000275,below_midpoint_feather
2026-07-26T14:45:37Z,89.8466,0.833195,0.830194,-0.003002,below_midpoint_feather
2026-07-26T14:45:48Z,89.7765,0.832824,0.834003,0.001179,below_midpoint_feather
2026-07-26T14:46:05Z,89.7581,0.833413,0.835314,0.001901,below_midpoint_feather
2026-07-26T14:46:53Z,89.9062,0.830991,0.828667,-0.002324,below_midpoint_feather
2026-07-26T14:47:54Z,89.7734,0.832964,0.835157,0.002193,below_midpoint_feather
2026-07-26T14:47:57Z,89.8085,0.835051,0.833090,-0.001961,below_midpoint_feather
2026-07-26T14:48:18Z,89.7230,0.836850,0.838954,0.002104,below_midpoint_feather
2026-07-26T14:48:25Z,89.7810,0.838866,0.834938,-0.003927,below_midpoint_feather
2026-07-26T14:49:06Z,89.9245,0.832279,0.829434,-0.002845,below_midpoint_feather
2026-07-26T14:49:25Z,89.8589,0.831009,0.831655,0.000646,below_midpoint_feather
2026-07-26T14:50:07Z,89.8924,0.830888,0.830783,-0.000105,below_midpoint_feather
2026-07-26T14:50:59Z,90.0206,0.830385,0.828914,-0.001470,in_band
2026-07-26T14:51:02Z,89.9931,0.830353,0.828470,-0.001883,below_midpoint_feather
2026-07-26T14:51:04Z,90.0008,0.830305,0.827549,-0.002756,in_band
2026-07-26T14:52:00Z,90.0984,0.804968,0.802303,-0.002665,in_band
2026-07-26T14:52:59Z,90.2159,0.779053,0.776474,-0.002579,in_band
2026-07-26T14:53:00Z,90.2159,0.778621,0.776043,-0.002578,in_band
2026-07-26T14:53:59Z,90.3899,0.753529,0.751034,-0.002495,in_band
2026-07-26T14:54:00Z,90.3899,0.753110,0.750617,-0.002493,in_band
2026-07-26T14:54:59Z,90.6188,0.728831,0.726418,-0.002413,in_band
2026-07-26T14:55:00Z,90.6188,0.728426,0.726015,-0.002411,in_band
2026-07-26T14:55:59Z,90.7286,0.704940,0.702606,-0.002334,in_band
2026-07-26T14:56:00Z,90.7286,0.704548,0.702215,-0.002332,in_band
2026-07-26T14:56:59Z,90.9392,0.681829,0.679572,-0.002257,in_band
2026-07-26T14:57:00Z,90.9392,0.681451,0.679195,-0.002256,in_band
2026-07-26T14:57:59Z,91.1269,0.659477,0.657294,-0.002183,in_band
2026-07-26T14:58:00Z,91.1269,0.659110,0.656929,-0.002182,in_band
2026-07-26T14:58:59Z,91.2428,0.637856,0.635745,-0.002111,in_band
2026-07-26T14:59:31Z,91.2871,0.628360,0.624543,-0.003817,in_band
2026-07-26T14:59:59Z,91.2932,0.616945,0.614903,-0.002043,in_band
2026-07-26T15:00:03Z,91.3527,0.615918,0.613538,-0.002380,in_band
2026-07-26T15:00:59Z,91.4656,0.596719,0.594744,-0.001975,in_band
2026-07-26T15:01:55Z,91.5312,0.578440,0.563519,-0.014922,above_band_high
2026-07-26T15:01:59Z,91.4839,0.577157,0.576528,-0.000629,in_band
2026-07-26T15:02:00Z,91.4839,0.576836,0.576207,-0.000629,in_band
2026-07-26T15:02:03Z,91.5312,0.575235,0.562236,-0.012999,above_band_high
2026-07-26T15:03:45Z,91.5846,0.531807,0.536075,0.004267,above_band_high
2026-07-26T15:03:53Z,91.6640,0.523513,0.501731,-0.021782,above_band_high
2026-07-26T15:04:23Z,91.6899,0.506261,0.488293,-0.017968,above_band_high
2026-07-26T15:04:51Z,91.5953,0.499477,0.525716,0.026239,above_band_high
2026-07-26T15:05:05Z,91.6716,0.504945,0.491485,-0.013460,above_band_high
2026-07-26T15:05:49Z,91.5984,0.499168,0.517015,0.017847,above_band_high
2026-07-26T15:06:08Z,91.5343,0.521950,0.541803,0.019853,above_band_high
2026-07-26T15:06:15Z,91.5480,0.539258,0.535063,-0.004195,above_band_high
2026-07-26T15:07:53Z,91.2642,0.522888,0.521856,-0.001032,in_band
2026-07-26T15:07:59Z,91.2154,0.521000,0.519982,-0.001019,in_band
2026-07-26T15:08:00Z,91.2154,0.520688,0.519671,-0.001017,in_band
2026-07-26T15:08:59Z,90.9758,0.503045,0.502119,-0.000926,in_band
2026-07-26T15:09:00Z,90.9758,0.502758,0.501833,-0.000925,in_band
2026-07-26T15:09:59Z,90.6615,0.486229,0.485356,-0.000874,in_band
2026-07-26T15:10:00Z,90.6615,0.485956,0.485083,-0.000873,in_band
2026-07-26T15:10:59Z,90.3899,0.470169,0.469332,-0.000837,in_band
2026-07-26T15:11:00Z,90.3899,0.469906,0.469070,-0.000836,in_band
2026-07-26T15:11:59Z,90.2159,0.454710,0.453903,-0.000807,in_band
2026-07-26T15:12:45Z,89.9199,0.444986,0.445568,0.000581,below_midpoint_feather
2026-07-26T15:12:53Z,89.9519,0.445860,0.444982,-0.000878,below_midpoint_feather
2026-07-26T15:13:19Z,89.9001,0.447260,0.446082,-0.001179,below_midpoint_feather
2026-07-26T15:13:59Z,89.5476,0.468072,0.473940,0.005868,below_midpoint_feather
2026-07-26T15:14:26Z,89.3523,0.494828,0.505134,0.010306,below_midpoint_feather
2026-07-26T15:14:33Z,89.3736,0.504146,0.501559,-0.002587,below_midpoint_feather
2026-07-26T15:15:07Z,89.3050,0.517673,0.516829,-0.000844,below_midpoint_feather
2026-07-26T15:15:58Z,88.8197,0.631355,0.652762,0.021408,below_midpoint_feather
2026-07-26T15:16:22Z,88.6091,0.712706,0.735500,0.022794,below_midpoint_feather
2026-07-26T15:16:39Z,88.5908,0.759658,0.748573,-0.011085,below_midpoint_feather
2026-07-26T15:17:18Z,88.4688,0.800302,0.817859,0.017557,below_midpoint_feather
2026-07-26T15:17:55Z,88.6198,0.792160,0.777449,-0.014712,below_midpoint_feather
2026-07-26T15:18:05Z,88.6564,0.783174,0.769544,-0.013630,below_midpoint_feather
2026-07-26T15:18:21Z,88.6503,0.769160,0.781952,0.012792,below_midpoint_feather
2026-07-26T15:19:12Z,88.9220,0.734126,0.719045,-0.015081,below_midpoint_feather
2026-07-26T15:19:37Z,89.0211,0.698927,0.703386,0.004459,below_midpoint_feather
2026-07-26T15:20:07Z,89.0959,0.691128,0.697013,0.005886,below_midpoint_feather
2026-07-26T15:20:30Z,89.2103,0.688655,0.678395,-0.010260,below_midpoint_feather
2026-07-26T15:21:09Z,89.2866,0.668981,0.674646,0.005666,below_midpoint_feather
2026-07-26T15:21:18Z,89.3507,0.670316,0.664693,-0.005623,below_midpoint_feather
2026-07-26T15:22:32Z,89.4881,0.664440,0.657407,-0.007033,below_midpoint_feather
2026-07-26T15:22:41Z,89.4331,0.663025,0.667265,0.004240,below_midpoint_feather
2026-07-26T15:23:12Z,89.5766,0.657359,0.651463,-0.005896,below_midpoint_feather
2026-07-26T15:23:39Z,89.5171,0.655857,0.662282,0.006425,below_midpoint_feather
2026-07-26T15:24:41Z,89.3370,0.684060,0.697496,0.013436,below_midpoint_feather
2026-07-26T15:24:51Z,89.3751,0.695203,0.691472,-0.003731,below_midpoint_feather
2026-07-26T15:25:19Z,89.4057,0.693221,0.689215,-0.004006,below_midpoint_feather
2026-07-26T15:25:50Z,89.2042,0.719230,0.732715,0.013485,below_midpoint_feather
2026-07-26T15:26:00Z,89.1722,0.728381,0.741438,0.013057,below_midpoint_feather
2026-07-26T15:26:23Z,89.1600,0.750466,0.747818,-0.002648,below_midpoint_feather
2026-07-26T15:27:01Z,89.2180,0.757399,0.741546,-0.015853,below_midpoint_feather
2026-07-26T15:27:53Z,89.2973,0.729305,0.735205,0.005900,below_midpoint_feather
2026-07-26T15:28:23Z,89.2927,0.733851,0.741514,0.007664,below_midpoint_feather
2026-07-26T15:28:55Z,89.4606,0.726818,0.717172,-0.009646,below_midpoint_feather
2026-07-26T15:29:08Z,89.5521,0.713054,0.706371,-0.006682,below_midpoint_feather
2026-07-26T15:29:39Z,89.7276,0.691633,0.692471,0.000837,below_midpoint_feather
2026-07-26T15:30:05Z,89.8421,0.687393,0.687879,0.000486,below_midpoint_feather
2026-07-26T15:30:10Z,89.9184,0.687387,0.685653,-0.001734,below_midpoint_feather
2026-07-26T15:31:00Z,90.0969,0.677737,0.676541,-0.001197,in_band
2026-07-26T15:31:58Z,90.2892,0.657446,0.656217,-0.001229,in_band
2026-07-26T15:32:02Z,90.3090,0.656035,0.654806,-0.001229,in_band
2026-07-26T15:32:59Z,90.3120,0.636012,0.634796,-0.001216,in_band
2026-07-26T15:33:00Z,90.3120,0.635663,0.634448,-0.001216,in_band
2026-07-26T15:33:59Z,90.3304,0.615332,0.614146,-0.001186,in_band
2026-07-26T15:34:00Z,90.3304,0.614992,0.613807,-0.001186,in_band
2026-07-26T15:34:59Z,90.2937,0.595223,0.594072,-0.001151,in_band
2026-07-26T15:35:00Z,90.2937,0.594893,0.593742,-0.001150,in_band
2026-07-26T15:35:59Z,90.1396,0.575732,0.574618,-0.001115,in_band
2026-07-26T15:36:00Z,90.1396,0.575413,0.574299,-0.001114,in_band
2026-07-26T15:36:56Z,89.9504,0.557795,0.558303,0.000508,below_midpoint_feather
2026-07-26T15:37:44Z,89.7902,0.561459,0.564275,0.002816,below_midpoint_feather
2026-07-26T15:37:53Z,89.8497,0.562842,0.561264,-0.001578,below_midpoint_feather
2026-07-26T15:38:23Z,89.8146,0.564767,0.563129,-0.001638,below_midpoint_feather
2026-07-26T15:38:53Z,89.6895,0.566528,0.572235,0.005707,below_midpoint_feather
2026-07-26T15:39:10Z,89.6681,0.570524,0.574395,0.003872,below_midpoint_feather
2026-07-26T15:39:39Z,89.6300,0.580287,0.578753,-0.001534,below_midpoint_feather
2026-07-26T15:40:19Z,89.5949,0.586437,0.583873,-0.002564,below_midpoint_feather
2026-07-26T15:40:50Z,89.4255,0.598550,0.608805,0.010255,below_midpoint_feather
2026-07-26T15:41:01Z,89.4301,0.609003,0.608655,-0.000348,below_midpoint_feather
2026-07-26T15:41:40Z,89.2195,0.638821,0.652057,0.013236,below_midpoint_feather
2026-07-26T15:42:04Z,89.0730,0.674894,0.690386,0.015492,below_midpoint_feather
2026-07-26T15:42:23Z,89.0669,0.706571,0.694971,-0.011600,below_midpoint_feather
2026-07-26T15:43:33Z,88.8884,0.774772,0.764381,-0.010390,below_midpoint_feather
2026-07-26T15:43:48Z,88.7053,0.804292,0.831979,0.027688,below_midpoint_feather
2026-07-26T15:44:08Z,88.6244,0.854354,0.870193,0.015839,below_midpoint_feather
2026-07-26T15:44:37Z,88.5832,0.903190,0.899699,-0.003491,below_midpoint_feather
2026-07-26T15:45:00Z,88.5054,0.932194,0.944165,0.011972,below_midpoint_feather
2026-07-26T15:45:47Z,88.6641,0.923619,0.909161,-0.014458,below_midpoint_feather
2026-07-26T15:46:00Z,88.6931,0.903987,0.906597,0.002609,below_midpoint_feather
2026-07-26T15:46:59Z,89.1829,0.810091,0.792816,-0.017275,below_midpoint_feather
2026-07-26T15:47:00Z,89.1829,0.810598,0.793311,-0.017287,below_midpoint_feather
2026-07-26T15:47:03Z,89.1554,0.799251,0.801257,0.002006,below_midpoint_feather
2026-07-26T15:48:00Z,89.6025,0.742295,0.743447,0.001153,below_midpoint_feather
2026-07-26T15:48:14Z,89.7353,0.737824,0.734364,-0.003460,below_midpoint_feather
2026-07-26T15:49:00Z,89.9748,0.731308,0.731833,0.000524,below_midpoint_feather
2026-07-26T15:49:59Z,90.1884,0.714174,0.712807,-0.001366,in_band
2026-07-26T15:50:00Z,90.1884,0.713819,0.712451,-0.001368,in_band
2026-07-26T15:50:59Z,90.2815,0.692332,0.690911,-0.001421,in_band
2026-07-26T15:51:10Z,90.2998,0.688271,0.686848,-0.001423,in_band
2026-07-26T15:51:59Z,90.3349,0.670218,0.668806,-0.001412,in_band
2026-07-26T15:52:00Z,90.3349,0.669852,0.668440,-0.001412,in_band
2026-07-26T15:52:59Z,90.5043,0.648462,0.647083,-0.001379,in_band
2026-07-26T15:53:00Z,90.5043,0.648104,0.646725,-0.001379,in_band
2026-07-26T15:53:59Z,90.7286,0.627283,0.625944,-0.001339,in_band
2026-07-26T15:54:00Z,90.7286,0.626936,0.625597,-0.001339,in_band
2026-07-26T15:54:59Z,90.9590,0.606748,0.605451,-0.001297,in_band
2026-07-26T15:55:00Z,90.9590,0.606411,0.605115,-0.001297,in_band
2026-07-26T15:55:59Z,91.1147,0.586868,0.585612,-0.001255,in_band
2026-07-26T15:56:00Z,91.1147,0.586542,0.585287,-0.001255,in_band
2026-07-26T15:56:59Z,91.3054,0.567632,0.566417,-0.001215,in_band
2026-07-26T15:57:57Z,91.5175,0.549635,0.541906,-0.007729,above_band_high
2026-07-26T15:57:59Z,91.5038,0.547718,0.547765,0.000047,above_band_high
2026-07-26T15:59:29Z,91.6854,0.445180,0.466902,0.021722,above_band_high
2026-07-26T15:59:48Z,91.8135,0.425340,0.409801,-0.015539,above_band_high
2026-07-26T16:00:10Z,91.9112,0.391114,0.364317,-0.026797,above_band_high
2026-07-26T16:00:27Z,91.8837,0.363434,0.372253,0.008819,above_band_high
2026-07-26T16:01:06Z,92.1080,0.286438,0.264833,-0.021605,above_band_high
2026-07-26T16:01:47Z,92.1675,0.214102,0.221898,0.007795,above_band_high
2026-07-26T16:02:24Z,92.3217,0.166832,0.135780,-0.031052,above_band_high
2026-07-26T16:02:47Z,92.3049,0.117987,0.128332,0.010344,above_band_high
2026-07-26T16:03:17Z,92.3278,0.075667,0.097437,0.021770,above_band_high
2026-07-26T16:03:52Z,92.4681,0.029184,0.010350,-0.018834,above_band_high
2026-07-26T16:04:05Z,92.4361,0.010064,0.013279,0.003214,above_band_high
2026-07-26T16:04:09Z,92.4651,0.012579,0.000000,-0.012579,above_band_high
2026-07-26T16:05:00Z,92.5048,0.000000,0.000000,0.000000,above_band_high
2026-07-26T16:06:00Z,92.5048,0.000000,0.000000,0.000000,above_band_high
2026-07-26T16:07:00Z,92.4102,0.000000,0.000000,0.000000,above_band_high
2026-07-26T16:08:00Z,92.1950,0.000000,0.000000,0.000000,above_band_high
2026-07-26T16:09:28Z,91.6213,0.045791,0.075712,0.029921,above_band_high
2026-07-26T16:09:31Z,91.6258,0.074095,0.072188,-0.001907,above_band_high
2026-07-26T16:11:19Z,90.7790,0.094392,0.094016,-0.000376,in_band
2026-07-26T16:11:59Z,90.3532,0.089596,0.089403,-0.000193,in_band
2026-07-26T16:12:00Z,90.3532,0.089498,0.089308,-0.000190,in_band
2026-07-26T16:12:56Z,89.6178,0.101698,0.107371,0.005673,below_midpoint_feather
2026-07-26T16:13:07Z,89.5628,0.113509,0.113680,0.000171,below_midpoint_feather
2026-07-26T16:13:50Z,89.0944,0.180429,0.204324,0.023895,below_midpoint_feather
2026-07-26T16:14:30Z,88.4993,0.370473,0.413722,0.043250,below_midpoint_feather
2026-07-26T16:14:57Z,88.2429,0.537747,0.532612,-0.005135,below_midpoint_feather
2026-07-26T16:15:20Z,88.1285,0.552679,0.594445,0.041766,below_midpoint_feather
2026-07-26T16:15:39Z,88.2124,0.586428,0.572044,-0.014383,below_midpoint_feather
2026-07-26T16:16:00Z,88.2063,0.588053,0.591586,0.003533,below_midpoint_feather
2026-07-26T16:16:26Z,87.9377,0.690165,0.729226,0.039061,below_midpoint_feather
2026-07-26T16:17:16Z,87.4830,0.953694,0.978487,0.024793,below_midpoint_feather
2026-07-26T16:17:37Z,87.5257,0.997320,0.988840,-0.008480,below_midpoint_feather
2026-07-26T16:18:35Z,87.7638,0.988698,0.975647,-0.013051,below_midpoint_feather
2026-07-26T16:18:53Z,87.7867,0.984391,0.994052,0.009661,below_midpoint_feather
2026-07-26T16:19:11Z,87.8370,0.984231,1.000000,0.015769,below_midpoint_feather
2026-07-26T16:19:48Z,88.0476,0.979573,0.965361,-0.014212,below_midpoint_feather
2026-07-26T16:20:17Z,88.0751,0.974728,0.993972,0.019244,below_midpoint_feather
2026-07-26T16:20:51Z,88.1971,1.000000,0.985907,-0.014093,below_midpoint_feather
2026-07-26T16:21:07Z,88.2429,0.981005,0.986104,0.005099,below_midpoint_feather
2026-07-26T16:21:48Z,88.5649,0.914119,0.895758,-0.018361,below_midpoint_feather
2026-07-26T16:22:38Z,88.9906,0.814475,0.793277,-0.021198,below_midpoint_feather
2026-07-26T16:22:47Z,89.0593,0.777683,0.780873,0.003190,below_midpoint_feather
2026-07-26T16:23:02Z,89.2287,0.761729,0.749536,-0.012194,below_midpoint_feather
2026-07-26T16:23:19Z,89.3233,0.737191,0.739594,0.002403,below_midpoint_feather
2026-07-26T16:24:00Z,89.6956,0.708355,0.704109,-0.004246,below_midpoint_feather
2026-07-26T16:24:09Z,89.7353,0.702038,0.703454,0.001416,below_midpoint_feather
2026-07-26T16:25:00Z,89.9702,0.702217,0.702977,0.000760,below_midpoint_feather
2026-07-26T16:25:59Z,90.3593,0.687755,0.686726,-0.001029,in_band
2026-07-26T16:26:00Z,90.3593,0.687419,0.686387,-0.001032,in_band
2026-07-26T16:26:59Z,90.5058,0.666933,0.665828,-0.001105,in_band
2026-07-26T16:27:00Z,90.5058,0.666580,0.665474,-0.001106,in_band
2026-07-26T16:27:34Z,90.6569,0.654542,0.653429,-0.001113,in_band
2026-07-26T16:28:00Z,90.7942,0.645357,0.644247,-0.001109,in_band
2026-07-26T16:28:59Z,91.0094,0.624777,0.623689,-0.001088,in_band
2026-07-26T16:29:00Z,91.0094,0.624433,0.623345,-0.001088,in_band
2026-07-26T16:29:59Z,91.3436,0.604383,0.603325,-0.001058,in_band
2026-07-26T16:30:00Z,91.3436,0.604048,0.602990,-0.001058,in_band
2026-07-26T16:30:59Z,91.3375,0.584602,0.583576,-0.001026,in_band
2026-07-26T16:31:00Z,91.3375,0.584277,0.583252,-0.001025,in_band
2026-07-26T16:31:59Z,91.2016,0.565448,0.564455,-0.000993,in_band
2026-07-26T16:32:00Z,91.2016,0.565134,0.564142,-0.000992,in_band
2026-07-26T16:32:59Z,91.2642,0.546915,0.545955,-0.000960,in_band
2026-07-26T16:33:00Z,91.2642,0.546611,0.545651,-0.000960,in_band
2026-07-26T16:33:59Z,91.3558,0.528987,0.528058,-0.000929,in_band
2026-07-26T16:34:00Z,91.3558,0.528693,0.527764,-0.000929,in_band
2026-07-26T16:34:59Z,91.3939,0.511645,0.510746,-0.000899,in_band
2026-07-26T16:35:00Z,91.3939,0.511361,0.510463,-0.000898,in_band
2026-07-26T16:35:59Z,91.4214,0.494872,0.494002,-0.000869,in_band
2026-07-26T16:36:00Z,91.4214,0.494597,0.493728,-0.000869,in_band
2026-07-26T16:36:59Z,91.3664,0.478648,0.477807,-0.000841,in_band
2026-07-26T16:37:00Z,91.3664,0.478382,0.477542,-0.000840,in_band
2026-07-26T16:37:59Z,91.2108,0.462956,0.462143,-0.000813,in_band
2026-07-26T16:38:00Z,91.2108,0.462699,0.461886,-0.000813,in_band
2026-07-26T16:38:59Z,91.0597,0.447778,0.446992,-0.000786,in_band
2026-07-26T16:39:00Z,91.0597,0.447530,0.446744,-0.000786,in_band
2026-07-26T16:39:59Z,90.7256,0.433098,0.432338,-0.000761,in_band
2026-07-26T16:40:00Z,90.7256,0.432858,0.432098,-0.000760,in_band
2026-07-26T16:40:59Z,90.5776,0.418900,0.418164,-0.000736,in_band
2026-07-26T16:41:00Z,90.5776,0.418667,0.417932,-0.000736,in_band
2026-07-26T16:41:59Z,90.3304,0.405167,0.404455,-0.000712,in_band
2026-07-26T16:42:00Z,90.3304,0.404942,0.404230,-0.000711,in_band
2026-07-26T16:42:59Z,90.3349,0.391884,0.391195,-0.000688,in_band
2026-07-26T16:43:00Z,90.3349,0.391666,0.390978,-0.000688,in_band
2026-07-26T16:43:58Z,90.2617,0.379246,0.378581,-0.000665,in_band
2026-07-26T16:44:00Z,90.2861,0.378826,0.378160,-0.000665,in_band
2026-07-26T16:44:59Z,90.2495,0.366610,0.365966,-0.000644,in_band
2026-07-26T16:45:00Z,90.2495,0.366407,0.365763,-0.000644,in_band
2026-07-26T16:45:39Z,89.9138,0.359175,0.360375,0.001200,below_midpoint_feather
2026-07-26T16:46:09Z,89.9382,0.360329,0.359871,-0.000458,below_midpoint_feather
2026-07-26T16:46:50Z,89.7856,0.362760,0.365932,0.003171,below_midpoint_feather
2026-07-26T16:47:02Z,89.6986,0.367566,0.372352,0.004786,below_midpoint_feather
2026-07-26T16:47:43Z,89.6712,0.378663,0.375307,-0.003357,below_midpoint_feather
2026-07-26T16:48:17Z,89.6849,0.376608,0.374932,-0.001676,below_midpoint_feather
2026-07-26T16:48:58Z,89.4896,0.390135,0.399190,0.009055,below_midpoint_feather
2026-07-26T16:49:04Z,89.4530,0.399074,0.404929,0.005855,below_midpoint_feather
2026-07-26T16:49:59Z,89.5628,0.397271,0.392804,-0.004466,below_midpoint_feather
2026-07-26T16:50:00Z,89.5628,0.397341,0.392876,-0.004465,below_midpoint_feather
2026-07-26T16:50:31Z,89.4026,0.407185,0.418685,0.011500,below_midpoint_feather
2026-07-26T16:51:08Z,89.2638,0.433805,0.448089,0.014284,below_midpoint_feather
2026-07-26T16:51:49Z,89.2241,0.473303,0.461540,-0.011763,below_midpoint_feather
2026-07-26T16:52:01Z,89.2912,0.456934,0.449232,-0.007702,below_midpoint_feather
2026-07-26T16:52:59Z,89.5537,0.411539,0.414918,0.003379,below_midpoint_feather
2026-07-26T16:53:29Z,89.4163,0.428388,0.438406,0.010018,below_midpoint_feather
2026-07-26T16:53:59Z,89.5171,0.434283,0.426272,-0.008011,below_midpoint_feather
2026-07-26T16:54:00Z,89.5171,0.434389,0.426380,-0.008009,below_midpoint_feather
2026-07-26T16:54:39Z,89.4667,0.431578,0.437598,0.006020,below_midpoint_feather
2026-07-26T16:55:01Z,89.3736,0.446250,0.455029,0.008778,below_midpoint_feather
2026-07-26T16:55:33Z,89.4148,0.458907,0.451169,-0.007738,below_midpoint_feather
2026-07-26T16:56:07Z,89.3507,0.456268,0.466233,0.009966,below_midpoint_feather
2026-07-26T16:56:13Z,89.4011,0.464471,0.457984,-0.006487,below_midpoint_feather
2026-07-26T16:57:07Z,89.3706,0.473544,0.469912,-0.003632,below_midpoint_feather
2026-07-26T16:57:28Z,89.1722,0.501088,0.513765,0.012678,below_midpoint_feather
2026-07-26T16:58:07Z,89.1310,0.533160,0.529993,-0.003167,below_midpoint_feather
2026-07-26T16:58:44Z,89.0486,0.545705,0.558958,0.013253,below_midpoint_feather
2026-07-26T16:59:05Z,89.0913,0.554904,0.552563,-0.002341,below_midpoint_feather
2026-07-26T16:59:34Z,88.9036,0.598556,0.613443,0.014887,below_midpoint_feather
2026-07-26T17:00:33Z,88.7922,0.674001,0.669522,-0.004479,below_midpoint_feather
2026-07-26T17:00:44Z,88.6702,0.686414,0.717995,0.031581,below_midpoint_feather
2026-07-26T17:01:03Z,88.6748,0.732858,0.724502,-0.008357,below_midpoint_feather
2026-07-26T17:01:58Z,88.4871,0.809223,0.828598,0.019375,below_midpoint_feather
2026-07-26T17:02:23Z,88.5267,0.835780,0.826954,-0.008826,below_midpoint_feather
2026-07-26T17:02:56Z,88.4184,0.867043,0.894791,0.027748,below_midpoint_feather
2026-07-26T17:03:15Z,88.4733,0.895141,0.884621,-0.010519,below_midpoint_feather
2026-07-26T17:03:26Z,88.3986,0.907541,0.924419,0.016879,below_midpoint_feather
2026-07-26T17:04:30Z,88.3497,0.980682,0.995342,0.014660,below_midpoint_feather
2026-07-26T17:04:37Z,88.4215,0.988461,0.970596,-0.017865,below_midpoint_feather
2026-07-26T17:05:00Z,88.3589,0.999990,1.000000,0.000010,below_midpoint_feather
2026-07-26T17:05:29Z,88.4672,1.000000,0.995101,-0.004899,below_midpoint_feather
2026-07-26T17:06:43Z,88.6137,1.000000,0.996210,-0.003790,below_midpoint_feather
2026-07-26T17:06:47Z,88.6046,0.999607,1.000000,0.000393,below_midpoint_feather
2026-07-26T17:07:00Z,88.5924,1.000000,1.000000,0.000000,below_midpoint_feather
2026-07-26T17:07:59Z,88.7648,1.000000,0.996497,-0.003503,below_midpoint_feather
2026-07-26T17:08:11Z,88.8075,0.987118,0.990049,0.002931,below_midpoint_feather
2026-07-26T17:08:30Z,88.9952,0.961712,0.943632,-0.018080,below_midpoint_feather
2026-07-26T17:09:06Z,89.2821,0.902921,0.892691,-0.010230,below_midpoint_feather
2026-07-26T17:09:13Z,89.3050,0.889255,0.891222,0.001966,below_midpoint_feather
2026-07-26T17:10:00Z,89.5766,0.868835,0.864092,-0.004742,below_midpoint_feather
2026-07-26T17:10:05Z,89.5384,0.864891,0.870161,0.005270,below_midpoint_feather
2026-07-26T17:11:29Z,89.7230,0.859196,0.863240,0.004044,below_midpoint_feather
2026-07-26T17:11:46Z,89.7551,0.864329,0.862072,-0.002258,below_midpoint_feather
2026-07-26T17:12:00Z,89.8054,0.861047,0.859773,-0.001273,below_midpoint_feather
2026-07-26T17:12:39Z,89.6132,0.871167,0.877453,0.006287,below_midpoint_feather
2026-07-26T17:13:12Z,89.4942,0.886634,0.893922,0.007289,below_midpoint_feather
2026-07-26T17:13:57Z,89.6574,0.882869,0.876696,-0.006173,below_midpoint_feather
2026-07-26T17:14:21Z,89.4759,0.891041,0.900482,0.009440,below_midpoint_feather
2026-07-26T17:14:59Z,89.4759,0.906643,0.902974,-0.003668,below_midpoint_feather
2026-07-26T17:15:04Z,89.4560,0.902811,0.906366,0.003555,below_midpoint_feather
2026-07-26T17:15:13Z,89.5216,0.904411,0.897527,-0.006884,below_midpoint_feather
2026-07-26T17:16:12Z,89.6254,0.893988,0.889539,-0.004449,below_midpoint_feather
2026-07-26T17:16:53Z,89.6712,0.883776,0.887615,0.003840,below_midpoint_feather
2026-07-26T17:17:00Z,89.7261,0.882824,0.883290,0.000466,below_midpoint_feather
2026-07-26T17:17:10Z,89.8314,0.881001,0.877174,-0.003826,below_midpoint_feather
2026-07-26T17:18:00Z,90.0511,0.870663,0.869079,-0.001585,in_band
2026-07-26T17:18:28Z,90.2220,0.857761,0.856168,-0.001593,in_band
2026-07-26T17:19:00Z,90.3731,0.843021,0.841433,-0.001588,in_band
2026-07-26T17:19:59Z,90.5867,0.816167,0.814611,-0.001556,in_band
2026-07-26T17:20:00Z,90.5867,0.815718,0.814162,-0.001556,in_band
2026-07-26T17:20:59Z,90.7973,0.789536,0.788023,-0.001513,in_band
2026-07-26T17:21:00Z,90.7973,0.789099,0.787587,-0.001512,in_band
2026-07-26T17:21:59Z,90.8309,0.763699,0.762233,-0.001466,in_band
2026-07-26T17:22:00Z,90.8309,0.763275,0.761810,-0.001466,in_band
2026-07-26T17:22:59Z,91.0079,0.738679,0.737260,-0.001419,in_band
2026-07-26T17:23:00Z,91.0079,0.738269,0.736851,-0.001419,in_band
2026-07-26T17:23:59Z,91.0460,0.714469,0.713096,-0.001373,in_band
2026-07-26T17:24:00Z,91.0460,0.714072,0.712700,-0.001372,in_band
2026-07-26T17:24:59Z,90.9621,0.691048,0.689720,-0.001328,in_band
2026-07-26T17:25:00Z,90.9621,0.690665,0.689337,-0.001328,in_band
2026-07-26T17:25:59Z,90.9483,0.668394,0.667109,-0.001285,in_band
2026-07-26T17:26:00Z,90.9483,0.668023,0.666739,-0.001284,in_band
2026-07-26T17:26:59Z,90.9133,0.646481,0.645239,-0.001242,in_band
2026-07-26T17:27:00Z,90.9133,0.646123,0.644881,-0.001242,in_band
2026-07-26T17:27:59Z,91.0323,0.625288,0.624086,-0.001202,in_band
2026-07-26T17:28:00Z,91.0323,0.624940,0.623739,-0.001201,in_band
2026-07-26T17:28:59Z,91.0277,0.604788,0.603626,-0.001163,in_band
2026-07-26T17:29:00Z,91.0277,0.604452,0.603290,-0.001162,in_band
2026-07-26T17:29:59Z,91.0948,0.584961,0.583837,-0.001124,in_band
2026-07-26T17:30:00Z,91.0948,0.584636,0.583512,-0.001124,in_band
2026-07-26T17:30:59Z,91.1192,0.565784,0.564696,-0.001088,in_band
2026-07-26T17:31:00Z,91.1192,0.565469,0.564382,-0.001087,in_band
2026-07-26T17:31:59Z,91.2779,0.547235,0.546183,-0.001052,in_band
2026-07-26T17:32:00Z,91.2779,0.546931,0.545880,-0.001051,in_band
2026-07-26T17:32:59Z,91.3512,0.529295,0.528277,-0.001017,in_band
2026-07-26T17:33:00Z,91.3512,0.529001,0.527984,-0.001017,in_band
2026-07-26T17:33:59Z,91.3466,0.511942,0.510958,-0.000984,in_band
2026-07-26T17:34:00Z,91.3466,0.511658,0.510674,-0.000984,in_band
2026-07-26T17:34:59Z,91.4656,0.495159,0.494207,-0.000952,in_band
2026-07-26T17:35:04Z,91.4855,0.493785,0.492836,-0.000949,in_band
2026-07-26T17:35:07Z,91.5633,0.492963,0.465840,-0.027122,above_band_high
2026-07-26T17:36:44Z,91.7357,0.404540,0.385144,-0.019397,above_band_high
2026-07-26T17:36:49Z,91.6854,0.394064,0.405889,0.011824,above_band_high
2026-07-26T17:37:47Z,91.7830,0.336799,0.353499,0.016700,above_band_high
2026-07-26T17:37:54Z,91.8700,0.339753,0.314735,-0.025018,above_band_high
2026-07-26T17:38:29Z,91.7632,0.336691,0.351169,0.014478,above_band_high
2026-07-26T17:38:37Z,91.8334,0.342333,0.319038,-0.023295,above_band_high
2026-07-26T17:39:08Z,91.9280,0.301849,0.270000,-0.031848,above_band_high
2026-07-26T17:39:29Z,91.9020,0.253213,0.274569,0.021356,above_band_high
2026-07-26T17:40:17Z,92.0623,0.176738,0.187927,0.011188,above_band_high
2026-07-26T17:40:36Z,92.1538,0.166234,0.140130,-0.026104,above_band_high
2026-07-26T17:41:05Z,92.1675,0.115905,0.119466,0.003561,above_band_high
2026-07-26T17:41:30Z,92.3171,0.070700,0.041499,-0.029201,above_band_high
2026-07-26T17:42:00Z,92.4010,0.000000,0.000000,0.000000,above_band_high
2026-07-26T17:43:00Z,92.5185,0.000000,0.000000,0.000000,above_band_high
2026-07-26T17:44:00Z,92.7199,0.000000,0.000000,0.000000,above_band_high
2026-07-26T17:45:00Z,92.8527,0.000000,0.000000,0.000000,above_band_high
2026-07-26T17:46:00Z,92.9534,0.000000,0.000000,0.000000,above_band_high
2026-07-26T17:47:00Z,93.0053,0.000000,0.000000,0.000000,above_band_high
2026-07-26T17:48:00Z,93.1228,0.000000,0.000000,0.000000,above_band_high
2026-07-26T17:49:00Z,93.2021,0.000000,0.000000,0.000000,above_band_high
2026-07-26T17:50:00Z,93.3257,0.000000,0.000000,0.000000,above_band_high
2026-07-26T17:51:00Z,93.3486,0.000000,0.000000,0.000000,above_band_high
2026-07-26T17:52:00Z,93.4127,0.000000,0.000000,0.000000,above_band_high
2026-07-26T17:53:00Z,93.4936,0.000000,0.000000,0.000000,above_band_high
2026-07-26T17:54:00Z,93.5256,0.000000,0.000000,0.000000,above_band_high
2026-07-26T17:55:00Z,93.5485,0.000000,0.000000,0.000000,above_band_high
2026-07-26T17:56:00Z,93.5912,0.000000,0.000000,0.000000,above_band_high
2026-07-26T17:57:00Z,93.6538,0.000000,0.000000,0.000000,above_band_high
2026-07-26T17:58:00Z,93.6507,0.000000,0.000000,0.000000,above_band_high
2026-07-26T17:59:00Z,93.7102,0.000000,0.000000,0.000000,above_band_high
2026-07-26T18:00:00Z,93.7469,0.000000,0.000000,0.000000,above_band_high
2026-07-26T18:01:00Z,93.7682,0.000000,0.000000,0.000000,above_band_high
2026-07-26T18:02:00Z,93.7835,0.000000,0.000000,0.000000,above_band_high
2026-07-26T18:03:00Z,93.8323,0.000000,0.000000,0.000000,above_band_high
2026-07-26T18:04:00Z,93.8888,0.000000,0.000000,0.000000,above_band_high
2026-07-26T18:05:00Z,93.7911,0.000000,0.000000,0.000000,above_band_high
2026-07-26T18:06:00Z,93.7697,0.000000,0.000000,0.000000,above_band_high
2026-07-26T18:07:00Z,93.7881,0.000000,0.000000,0.000000,above_band_high
2026-07-26T18:08:00Z,93.8018,0.000000,0.000000,0.000000,above_band_high
2026-07-26T18:09:00Z,93.7835,0.000000,0.000000,0.000000,above_band_high
2026-07-26T18:10:00Z,93.8186,0.000000,0.000000,0.000000,above_band_high
2026-07-26T18:11:00Z,93.7911,0.000000,0.000000,0.000000,above_band_high
2026-07-26T18:12:00Z,93.7819,0.000000,0.000000,0.000000,above_band_high
2026-07-26T18:13:00Z,93.8369,0.000000,0.000000,0.000000,above_band_high
2026-07-26T18:14:00Z,93.8415,0.000000,0.000000,0.000000,above_band_high
2026-07-26T18:15:00Z,93.8705,0.000000,0.000000,0.000000,above_band_high
2026-07-26T18:16:00Z,93.8643,0.000000,0.000000,0.000000,above_band_high
2026-07-26T18:17:00Z,93.8781,0.000000,0.000000,0.000000,above_band_high
2026-07-26T18:18:00Z,93.9239,0.000000,0.000000,0.000000,above_band_high
2026-07-26T18:19:00Z,93.9193,0.000000,0.000000,0.000000,above_band_high
2026-07-26T18:20:00Z,93.9422,0.000000,0.000000,0.000000,above_band_high
2026-07-26T18:21:00Z,93.9788,0.000000,0.000000,0.000000,above_band_high
2026-07-26T18:22:00Z,94.0154,0.000000,0.000000,0.000000,above_band_high
2026-07-26T18:23:00Z,94.0291,0.000000,0.000000,0.000000,above_band_high
2026-07-26T18:24:00Z,94.0383,0.000000,0.000000,0.000000,above_band_high
2026-07-26T18:25:00Z,94.0887,0.000000,0.000000,0.000000,above_band_high
2026-07-26T18:26:00Z,94.1024,0.000000,0.000000,0.000000,above_band_high
2026-07-26T18:27:00Z,94.1024,0.000000,0.000000,0.000000,above_band_high
2026-07-26T18:28:00Z,94.1588,0.000000,0.000000,0.000000,above_band_high
2026-07-26T18:29:00Z,94.1299,0.000000,0.000000,0.000000,above_band_high
2026-07-26T18:30:00Z,94.2046,0.000000,0.000000,0.000000,above_band_high
2026-07-26T18:31:00Z,94.2123,0.000000,0.000000,0.000000,above_band_high
2026-07-26T18:32:00Z,94.2443,0.000000,0.000000,0.000000,above_band_high
2026-07-26T18:33:00Z,94.2763,0.000000,0.000000,0.000000,above_band_high
2026-07-26T18:34:00Z,94.2763,0.000000,0.000000,0.000000,above_band_high
2026-07-26T18:35:00Z,94.3221,0.000000,0.000000,0.000000,above_band_high
2026-07-26T18:36:00Z,94.3404,0.000000,0.000000,0.000000,above_band_high
2026-07-26T18:37:00Z,94.3496,0.000000,0.000000,0.000000,above_band_high
2026-07-26T18:38:00Z,94.3145,0.000000,0.000000,0.000000,above_band_high
2026-07-26T18:39:00Z,94.3404,0.000000,0.000000,0.000000,above_band_high
2026-07-26T18:40:00Z,94.3603,0.000000,0.000000,0.000000,above_band_high
2026-07-26T18:41:00Z,94.3816,0.000000,0.000000,0.000000,above_band_high
2026-07-26T18:42:00Z,94.3496,0.000000,0.000000,0.000000,above_band_high
2026-07-26T18:43:00Z,94.3969,0.000000,0.000000,0.000000,above_band_high
2026-07-26T18:44:00Z,94.4244,0.000000,0.000000,0.000000,above_band_high
2026-07-26T18:45:00Z,94.3969,0.000000,0.000000,0.000000,above_band_high
2026-07-26T18:46:00Z,94.4106,0.000000,0.000000,0.000000,above_band_high
2026-07-26T18:47:00Z,94.4152,0.000000,0.000000,0.000000,above_band_high
2026-07-26T18:48:00Z,94.4152,0.000000,0.000000,0.000000,above_band_high
2026-07-26T18:49:00Z,94.4427,0.000000,0.000000,0.000000,above_band_high
2026-07-26T18:50:00Z,94.4427,0.000000,0.000000,0.000000,above_band_high
2026-07-26T18:51:00Z,94.4106,0.000000,0.000000,0.000000,above_band_high
2026-07-26T18:52:00Z,94.4427,0.000000,0.000000,0.000000,above_band_high
2026-07-26T18:53:00Z,94.3862,0.000000,0.000000,0.000000,above_band_high
2026-07-26T18:54:00Z,94.4137,0.000000,0.000000,0.000000,above_band_high
2026-07-26T18:55:00Z,94.4289,0.000000,0.000000,0.000000,above_band_high
2026-07-26T18:56:00Z,94.4366,0.000000,0.000000,0.000000,above_band_high
2026-07-26T18:57:00Z,94.4091,0.000000,0.000000,0.000000,above_band_high
2026-07-26T18:58:00Z,94.4045,0.000000,0.000000,0.000000,above_band_high
2026-07-26T18:59:00Z,94.3740,0.000000,0.000000,0.000000,above_band_high
2026-07-26T19:00:00Z,94.4274,0.000000,0.000000,0.000000,above_band_high
2026-07-26T19:01:00Z,94.3908,0.000000,0.000000,0.000000,above_band_high
2026-07-26T19:02:00Z,94.4182,0.000000,0.000000,0.000000,above_band_high
2026-07-26T19:03:00Z,94.3908,0.000000,0.000000,0.000000,above_band_high
2026-07-26T19:04:00Z,94.3999,0.000000,0.000000,0.000000,above_band_high
2026-07-26T19:05:00Z,94.3633,0.000000,0.000000,0.000000,above_band_high
2026-07-26T19:06:00Z,94.3282,0.000000,0.000000,0.000000,above_band_high
2026-07-26T19:07:00Z,94.3084,0.000000,0.000000,0.000000,above_band_high
2026-07-26T19:08:00Z,94.2962,0.000000,0.000000,0.000000,above_band_high
2026-07-26T19:09:00Z,94.2626,0.000000,0.000000,0.000000,above_band_high
2026-07-26T19:10:00Z,94.1573,0.000000,0.000000,0.000000,above_band_high
2026-07-26T19:11:00Z,94.1161,0.000000,0.000000,0.000000,above_band_high
2026-07-26T19:12:00Z,94.0810,0.000000,0.000000,0.000000,above_band_high
2026-07-26T19:13:00Z,94.0429,0.000000,0.000000,0.000000,above_band_high
2026-07-26T19:14:00Z,93.9422,0.000000,0.000000,0.000000,above_band_high
2026-07-26T19:15:00Z,93.9254,0.000000,0.000000,0.000000,above_band_high
2026-07-26T19:16:00Z,93.8369,0.000000,0.000000,0.000000,above_band_high
2026-07-26T19:17:00Z,93.7636,0.000000,0.000000,0.000000,above_band_high
2026-07-26T19:18:00Z,93.6919,0.000000,0.000000,0.000000,above_band_high
2026-07-26T19:19:00Z,93.6873,0.000000,0.000000,0.000000,above_band_high
2026-07-26T19:20:00Z,93.6324,0.000000,0.000000,0.000000,above_band_high
2026-07-26T19:21:00Z,93.5821,0.000000,0.000000,0.000000,above_band_high
2026-07-26T19:22:00Z,93.5592,0.000000,0.000000,0.000000,above_band_high
2026-07-26T19:23:00Z,93.4859,0.000000,0.000000,0.000000,above_band_high
2026-07-26T19:24:00Z,93.5164,0.000000,0.000000,0.000000,above_band_high
2026-07-26T19:25:00Z,93.5225,0.000000,0.000000,0.000000,above_band_high
2026-07-26T19:26:00Z,93.5729,0.000000,0.000000,0.000000,above_band_high
2026-07-26T19:27:00Z,93.5988,0.000000,0.000000,0.000000,above_band_high
2026-07-26T19:28:00Z,93.6263,0.000000,0.000000,0.000000,above_band_high
2026-07-26T19:29:00Z,93.6416,0.000000,0.000000,0.000000,above_band_high
2026-07-26T19:30:00Z,93.6721,0.000000,0.000000,0.000000,above_band_high
2026-07-26T19:31:00Z,93.6645,0.000000,0.000000,0.000000,above_band_high
2026-07-26T19:32:00Z,93.6584,0.000000,0.000000,0.000000,above_band_high
2026-07-26T19:33:00Z,93.6584,0.000000,0.000000,0.000000,above_band_high
2026-07-26T19:34:00Z,93.6995,0.000000,0.000000,0.000000,above_band_high
2026-07-26T19:35:00Z,93.6461,0.000000,0.000000,0.000000,above_band_high
2026-07-26T19:36:00Z,93.6217,0.000000,0.000000,0.000000,above_band_high
2026-07-26T19:37:00Z,93.6538,0.000000,0.000000,0.000000,above_band_high
2026-07-26T19:38:00Z,93.6400,0.000000,0.000000,0.000000,above_band_high
2026-07-26T19:39:00Z,93.6629,0.000000,0.000000,0.000000,above_band_high
2026-07-26T19:40:00Z,93.6584,0.000000,0.000000,0.000000,above_band_high
2026-07-26T19:41:00Z,93.6584,0.000000,0.000000,0.000000,above_band_high
2026-07-26T19:42:00Z,93.6645,0.000000,0.000000,0.000000,above_band_high
2026-07-26T19:43:00Z,93.6995,0.000000,0.000000,0.000000,above_band_high
2026-07-26T19:44:00Z,93.6919,0.000000,0.000000,0.000000,above_band_high
2026-07-26T19:45:00Z,93.7514,0.000000,0.000000,0.000000,above_band_high
2026-07-26T19:46:00Z,93.7453,0.000000,0.000000,0.000000,above_band_high
2026-07-26T19:47:00Z,93.7697,0.000000,0.000000,0.000000,above_band_high
2026-07-26T19:48:00Z,93.8003,0.000000,0.000000,0.000000,above_band_high
2026-07-26T19:49:00Z,93.8186,0.000000,0.000000,0.000000,above_band_high
2026-07-26T19:50:00Z,93.8369,0.000000,0.000000,0.000000,above_band_high
2026-07-26T19:51:00Z,93.8521,0.000000,0.000000,0.000000,above_band_high
2026-07-26T19:52:00Z,93.8689,0.000000,0.000000,0.000000,above_band_high
2026-07-26T19:53:00Z,93.8735,0.000000,0.000000,0.000000,above_band_high
2026-07-26T19:54:00Z,93.9208,0.000000,0.000000,0.000000,above_band_high
2026-07-26T19:55:00Z,93.8918,0.000000,0.000000,0.000000,above_band_high
2026-07-26T19:56:00Z,93.8918,0.000000,0.000000,0.000000,above_band_high
2026-07-26T19:57:00Z,93.9101,0.000000,0.000000,0.000000,above_band_high
2026-07-26T19:58:00Z,93.8872,0.000000,0.000000,0.000000,above_band_high
2026-07-26T19:59:00Z,93.8643,0.000000,0.000000,0.000000,above_band_high
2026-07-26T20:00:00Z,93.8415,0.000000,0.000000,0.000000,above_band_high
2026-07-26T20:01:00Z,93.8064,0.000000,0.000000,0.000000,above_band_high
2026-07-26T20:02:00Z,93.8003,0.000000,0.000000,0.000000,above_band_high
2026-07-26T20:03:00Z,93.7407,0.000000,0.000000,0.000000,above_band_high
2026-07-26T20:04:00Z,93.6965,0.000000,0.000000,0.000000,above_band_high
2026-07-26T20:05:00Z,93.6126,0.000000,0.000000,0.000000,above_band_high
2026-07-26T20:06:00Z,93.5943,0.000000,0.000000,0.000000,above_band_high
2026-07-26T20:07:00Z,93.5210,0.000000,0.000000,0.000000,above_band_high
2026-07-26T20:08:00Z,93.4157,0.000000,0.000000,0.000000,above_band_high
2026-07-26T20:09:00Z,93.3059,0.000000,0.000000,0.000000,above_band_high
2026-07-26T20:10:00Z,93.2387,0.000000,0.000000,0.000000,above_band_high
2026-07-26T20:11:00Z,93.1319,0.000000,0.000000,0.000000,above_band_high
2026-07-26T20:12:00Z,93.0083,0.000000,0.000000,0.000000,above_band_high
2026-07-26T20:13:00Z,92.9305,0.000000,0.000000,0.000000,above_band_high
2026-07-26T20:14:00Z,92.8527,0.000000,0.000000,0.000000,above_band_high
2026-07-26T20:15:00Z,92.8344,0.000000,0.000000,0.000000,above_band_high
2026-07-26T20:16:00Z,92.8130,0.000000,0.000000,0.000000,above_band_high
2026-07-26T20:17:00Z,92.8344,0.000000,0.000000,0.000000,above_band_high
2026-07-26T20:18:00Z,92.8130,0.000000,0.000000,0.000000,above_band_high
2026-07-26T20:19:00Z,92.7703,0.000000,0.000000,0.000000,above_band_high
2026-07-26T20:20:00Z,92.7611,0.000000,0.000000,0.000000,above_band_high
2026-07-26T20:21:00Z,92.7794,0.000000,0.000000,0.000000,above_band_high
2026-07-26T20:22:00Z,92.7947,0.000000,0.000000,0.000000,above_band_high
2026-07-26T20:23:00Z,92.7611,0.000000,0.000000,0.000000,above_band_high
2026-07-26T20:24:00Z,92.7443,0.000000,0.000000,0.000000,above_band_high
2026-07-26T20:25:00Z,92.7077,0.000000,0.000000,0.000000,above_band_high
2026-07-26T20:26:00Z,92.6802,0.000000,0.000000,0.000000,above_band_high
2026-07-26T20:27:00Z,92.6574,0.000000,0.000000,0.000000,above_band_high
2026-07-26T20:28:00Z,92.6650,0.000000,0.000000,0.000000,above_band_high
2026-07-26T20:29:00Z,92.6528,0.000000,0.000000,0.000000,above_band_high
2026-07-26T20:30:00Z,92.6467,0.000000,0.000000,0.000000,above_band_high
2026-07-26T20:31:00Z,92.6024,0.000000,0.000000,0.000000,above_band_high
2026-07-26T20:32:00Z,92.6055,0.000000,0.000000,0.000000,above_band_high
2026-07-26T20:33:00Z,92.5917,0.000000,0.000000,0.000000,above_band_high
2026-07-26T20:34:00Z,92.5780,0.000000,0.000000,0.000000,above_band_high
2026-07-26T20:35:00Z,92.5933,0.000000,0.000000,0.000000,above_band_high
2026-07-26T20:36:00Z,92.5643,0.000000,0.000000,0.000000,above_band_high
2026-07-26T20:37:00Z,92.5689,0.000000,0.000000,0.000000,above_band_high
2026-07-26T20:38:00Z,92.5383,0.000000,0.000000,0.000000,above_band_high
2026-07-26T20:39:00Z,92.4865,0.000000,0.000000,0.000000,above_band_high
2026-07-26T20:40:00Z,92.4681,0.000000,0.000000,0.000000,above_band_high
2026-07-26T20:41:00Z,92.5093,0.000000,0.000000,0.000000,above_band_high
2026-07-26T20:42:00Z,92.5368,0.000000,0.000000,0.000000,above_band_high
2026-07-26T20:43:00Z,92.5048,0.000000,0.000000,0.000000,above_band_high
2026-07-26T20:44:00Z,92.5231,0.000000,0.000000,0.000000,above_band_high
2026-07-26T20:45:00Z,92.5643,0.000000,0.000000,0.000000,above_band_high
2026-07-26T20:46:00Z,92.5872,0.000000,0.000000,0.000000,above_band_high
2026-07-26T20:47:00Z,92.5734,0.000000,0.000000,0.000000,above_band_high
2026-07-26T20:48:00Z,92.6162,0.000000,0.000000,0.000000,above_band_high
2026-07-26T20:49:00Z,92.6467,0.000000,0.000000,0.000000,above_band_high
2026-07-26T20:50:00Z,92.6650,0.000000,0.000000,0.000000,above_band_high
2026-07-26T20:51:00Z,92.6513,0.000000,0.000000,0.000000,above_band_high
2026-07-26T20:52:00Z,92.6879,0.000000,0.000000,0.000000,above_band_high
2026-07-26T20:53:00Z,92.7016,0.000000,0.000000,0.000000,above_band_high
2026-07-26T20:54:00Z,92.7123,0.000000,0.000000,0.000000,above_band_high
2026-07-26T20:55:00Z,92.7352,0.000000,0.000000,0.000000,above_band_high
2026-07-26T20:56:00Z,92.7306,0.000000,0.000000,0.000000,above_band_high
2026-07-26T20:57:00Z,92.7611,0.000000,0.000000,0.000000,above_band_high
2026-07-26T20:58:00Z,92.7382,0.000000,0.000000,0.000000,above_band_high
2026-07-26T20:59:00Z,92.7382,0.000000,0.000000,0.000000,above_band_high
2026-07-26T21:00:00Z,92.7703,0.000000,0.000000,0.000000,above_band_high
2026-07-26T21:01:00Z,92.7535,0.000000,0.000000,0.000000,above_band_high
2026-07-26T21:02:00Z,92.7794,0.000000,0.000000,0.000000,above_band_high
2026-07-26T21:03:00Z,92.7672,0.000000,0.000000,0.000000,above_band_high
2026-07-26T21:04:00Z,92.7535,0.000000,0.000000,0.000000,above_band_high
2026-07-26T21:05:00Z,92.7977,0.000000,0.000000,0.000000,above_band_high
2026-07-26T21:06:00Z,92.7398,0.000000,0.000000,0.000000,above_band_high
2026-07-26T21:07:00Z,92.6848,0.000000,0.000000,0.000000,above_band_high
2026-07-26T21:08:00Z,92.6513,0.000000,0.000000,0.000000,above_band_high
2026-07-26T21:09:00Z,92.5704,0.000000,0.000000,0.000000,above_band_high
2026-07-26T21:10:00Z,92.5429,0.000000,0.000000,0.000000,above_band_high
2026-07-26T21:11:00Z,92.5292,0.000000,0.000000,0.000000,above_band_high
2026-07-26T21:12:00Z,92.5780,0.000000,0.000000,0.000000,above_band_high
2026-07-26T21:13:00Z,92.5551,0.000000,0.000000,0.000000,above_band_high
2026-07-26T21:14:00Z,92.5750,0.000000,0.000000,0.000000,above_band_high
2026-07-26T21:15:00Z,92.5658,0.000000,0.000000,0.000000,above_band_high
2026-07-26T21:16:00Z,92.6116,0.000000,0.000000,0.000000,above_band_high
2026-07-26T21:17:00Z,92.6207,0.000000,0.000000,0.000000,above_band_high
2026-07-26T21:18:00Z,92.6329,0.000000,0.000000,0.000000,above_band_high
2026-07-26T21:19:00Z,92.6467,0.000000,0.000000,0.000000,above_band_high
2026-07-26T21:20:00Z,92.6574,0.000000,0.000000,0.000000,above_band_high
2026-07-26T21:21:00Z,92.6619,0.000000,0.000000,0.000000,above_band_high
2026-07-26T21:22:00Z,92.6558,0.000000,0.000000,0.000000,above_band_high
2026-07-26T21:23:00Z,92.7169,0.000000,0.000000,0.000000,above_band_high
2026-07-26T21:24:00Z,92.6940,0.000000,0.000000,0.000000,above_band_high
2026-07-26T21:25:00Z,92.7199,0.000000,0.000000,0.000000,above_band_high
2026-07-26T21:26:00Z,92.7199,0.000000,0.000000,0.000000,above_band_high
2026-07-26T21:27:00Z,92.7199,0.000000,0.000000,0.000000,above_band_high
2026-07-26T21:28:00Z,92.7535,0.000000,0.000000,0.000000,above_band_high
2026-07-26T21:29:00Z,92.7672,0.000000,0.000000,0.000000,above_band_high
2026-07-26T21:30:00Z,92.7810,0.000000,0.000000,0.000000,above_band_high
2026-07-26T21:31:00Z,92.7901,0.000000,0.000000,0.000000,above_band_high
2026-07-26T21:32:00Z,92.7855,0.000000,0.000000,0.000000,above_band_high
2026-07-26T21:33:00Z,92.7993,0.000000,0.000000,0.000000,above_band_high
2026-07-26T21:34:00Z,92.8298,0.000000,0.000000,0.000000,above_band_high
2026-07-26T21:35:00Z,92.8222,0.000000,0.000000,0.000000,above_band_high
2026-07-26T21:36:00Z,92.8359,0.000000,0.000000,0.000000,above_band_high
2026-07-26T21:37:00Z,92.8801,0.000000,0.000000,0.000000,above_band_high
2026-07-26T21:38:00Z,92.8801,0.000000,0.000000,0.000000,above_band_high
2026-07-26T21:39:00Z,92.8725,0.000000,0.000000,0.000000,above_band_high
2026-07-26T21:40:00Z,92.9137,0.000000,0.000000,0.000000,above_band_high
2026-07-26T21:41:00Z,92.8908,0.000000,0.000000,0.000000,above_band_high
2026-07-26T21:42:00Z,92.9046,0.000000,0.000000,0.000000,above_band_high
2026-07-26T21:43:00Z,92.9091,0.000000,0.000000,0.000000,above_band_high
2026-07-26T21:44:00Z,92.9030,0.000000,0.000000,0.000000,above_band_high
2026-07-26T21:45:00Z,92.9717,0.000000,0.000000,0.000000,above_band_high
2026-07-26T21:46:00Z,92.9641,0.000000,0.000000,0.000000,above_band_high
2026-07-26T21:47:00Z,92.9824,0.000000,0.000000,0.000000,above_band_high
2026-07-26T21:48:00Z,92.9183,0.000000,0.000000,0.000000,above_band_high
2026-07-26T21:49:00Z,92.9854,0.000000,0.000000,0.000000,above_band_high
2026-07-26T21:50:00Z,93.0083,0.000000,0.000000,0.000000,above_band_high
2026-07-26T21:51:00Z,92.9946,0.000000,0.000000,0.000000,above_band_high
2026-07-26T21:52:00Z,93.0510,0.000000,0.000000,0.000000,above_band_high
2026-07-26T21:53:00Z,93.0373,0.000000,0.000000,0.000000,above_band_high
2026-07-26T21:54:00Z,93.0266,0.000000,0.000000,0.000000,above_band_high
2026-07-26T21:55:00Z,93.0266,0.000000,0.000000,0.000000,above_band_high
2026-07-26T21:56:00Z,93.0510,0.000000,0.000000,0.000000,above_band_high
2026-07-26T21:57:00Z,93.0327,0.000000,0.000000,0.000000,above_band_high
2026-07-26T21:58:00Z,93.0098,0.000000,0.000000,0.000000,above_band_high
2026-07-26T21:59:00Z,93.0556,0.000000,0.000000,0.000000,above_band_high
2026-07-26T22:00:00Z,93.0236,0.000000,0.000000,0.000000,above_band_high
2026-07-26T22:01:00Z,93.0739,0.000000,0.000000,0.000000,above_band_high
2026-07-26T22:02:00Z,93.0816,0.000000,0.000000,0.000000,above_band_high
2026-07-26T22:03:00Z,93.0678,0.000000,0.000000,0.000000,above_band_high
2026-07-26T22:04:00Z,93.0953,0.000000,0.000000,0.000000,above_band_high
2026-07-26T22:05:00Z,93.1243,0.000000,0.000000,0.000000,above_band_high
2026-07-26T22:06:00Z,93.1182,0.000000,0.000000,0.000000,above_band_high
2026-07-26T22:07:00Z,93.1319,0.000000,0.000000,0.000000,above_band_high
2026-07-26T22:08:00Z,93.0953,0.000000,0.000000,0.000000,above_band_high
2026-07-26T22:09:00Z,93.0449,0.000000,0.000000,0.000000,above_band_high
2026-07-26T22:10:00Z,93.1060,0.000000,0.000000,0.000000,above_band_high
2026-07-26T22:11:00Z,93.0419,0.000000,0.000000,0.000000,above_band_high
2026-07-26T22:12:00Z,93.0037,0.000000,0.000000,0.000000,above_band_high
2026-07-26T22:13:00Z,93.0144,0.000000,0.000000,0.000000,above_band_high
2026-07-26T22:14:00Z,92.9824,0.000000,0.000000,0.000000,above_band_high
2026-07-26T22:15:00Z,92.9915,0.000000,0.000000,0.000000,above_band_high
2026-07-26T22:16:00Z,92.9824,0.000000,0.000000,0.000000,above_band_high
2026-07-26T22:17:00Z,92.9961,0.000000,0.000000,0.000000,above_band_high
2026-07-26T22:18:00Z,93.0602,0.000000,0.000000,0.000000,above_band_high
2026-07-26T22:19:00Z,93.0678,0.000000,0.000000,0.000000,above_band_high
2026-07-26T22:20:00Z,93.0678,0.000000,0.000000,0.000000,above_band_high
2026-07-26T22:21:00Z,93.1182,0.000000,0.000000,0.000000,above_band_high
2026-07-26T22:22:00Z,93.1060,0.000000,0.000000,0.000000,above_band_high
2026-07-26T22:23:00Z,93.1197,0.000000,0.000000,0.000000,above_band_high
2026-07-26T22:24:00Z,93.1868,0.000000,0.000000,0.000000,above_band_high
2026-07-26T22:25:00Z,93.1823,0.000000,0.000000,0.000000,above_band_high
2026-07-26T22:26:00Z,93.1823,0.000000,0.000000,0.000000,above_band_high
2026-07-26T22:27:00Z,93.1746,0.000000,0.000000,0.000000,above_band_high
2026-07-26T22:28:00Z,93.2372,0.000000,0.000000,0.000000,above_band_high
2026-07-26T22:29:00Z,93.2250,0.000000,0.000000,0.000000,above_band_high
2026-07-26T22:30:00Z,93.2189,0.000000,0.000000,0.000000,above_band_high
2026-07-26T22:31:00Z,93.2189,0.000000,0.000000,0.000000,above_band_high
2026-07-26T22:32:00Z,93.2097,0.000000,0.000000,0.000000,above_band_high
2026-07-26T22:33:00Z,93.2021,0.000000,0.000000,0.000000,above_band_high
2026-07-26T22:34:00Z,93.2235,0.000000,0.000000,0.000000,above_band_high
2026-07-26T22:35:00Z,93.2601,0.000000,0.000000,0.000000,above_band_high
2026-07-26T22:36:00Z,93.2113,0.000000,0.000000,0.000000,above_band_high
2026-07-26T22:37:00Z,93.2372,0.000000,0.000000,0.000000,above_band_high
2026-07-26T22:38:00Z,93.2387,0.000000,0.000000,0.000000,above_band_high
2026-07-26T22:39:00Z,93.2235,0.000000,0.000000,0.000000,above_band_high
2026-07-26T22:40:00Z,93.2387,0.000000,0.000000,0.000000,above_band_high
2026-07-26T22:41:00Z,93.2433,0.000000,0.000000,0.000000,above_band_high
2026-07-26T22:42:00Z,93.2738,0.000000,0.000000,0.000000,above_band_high
2026-07-26T22:43:00Z,93.2097,0.000000,0.000000,0.000000,above_band_high
2026-07-26T22:44:00Z,93.2479,0.000000,0.000000,0.000000,above_band_high
2026-07-26T22:45:00Z,93.2555,0.000000,0.000000,0.000000,above_band_high
2026-07-26T22:46:00Z,93.2830,0.000000,0.000000,0.000000,above_band_high
2026-07-26T22:47:00Z,93.2525,0.000000,0.000000,0.000000,above_band_high
2026-07-26T22:48:00Z,93.2662,0.000000,0.000000,0.000000,above_band_high
2026-07-26T22:49:00Z,93.2662,0.000000,0.000000,0.000000,above_band_high
2026-07-26T22:50:00Z,93.2876,0.000000,0.000000,0.000000,above_band_high
2026-07-26T22:51:00Z,93.2479,0.000000,0.000000,0.000000,above_band_high
2026-07-26T22:52:00Z,93.2464,0.000000,0.000000,0.000000,above_band_high
2026-07-26T22:53:00Z,93.2876,0.000000,0.000000,0.000000,above_band_high
2026-07-26T22:54:00Z,93.2921,0.000000,0.000000,0.000000,above_band_high
2026-07-26T22:55:00Z,93.2937,0.000000,0.000000,0.000000,above_band_high
2026-07-26T22:56:00Z,93.3120,0.000000,0.000000,0.000000,above_band_high
2026-07-26T22:57:00Z,93.3120,0.000000,0.000000,0.000000,above_band_high
2026-07-26T22:58:00Z,93.3242,0.000000,0.000000,0.000000,above_band_high
2026-07-26T22:59:00Z,93.3150,0.000000,0.000000,0.000000,above_band_high
2026-07-26T23:00:00Z,93.3165,0.000000,0.000000,0.000000,above_band_high
2026-07-26T23:01:00Z,93.3471,0.000000,0.000000,0.000000,above_band_high
2026-07-26T23:02:00Z,93.3104,0.000000,0.000000,0.000000,above_band_high
2026-07-26T23:03:00Z,93.3623,0.000000,0.000000,0.000000,above_band_high
2026-07-26T23:04:00Z,93.3577,0.000000,0.000000,0.000000,above_band_high
2026-07-26T23:05:00Z,93.3562,0.000000,0.000000,0.000000,above_band_high
2026-07-26T23:06:00Z,93.3349,0.000000,0.000000,0.000000,above_band_high
2026-07-26T23:07:00Z,93.3516,0.000000,0.000000,0.000000,above_band_high
2026-07-26T23:08:00Z,93.3028,0.000000,0.000000,0.000000,above_band_high
2026-07-26T23:09:00Z,93.2891,0.000000,0.000000,0.000000,above_band_high
2026-07-26T23:10:00Z,93.2738,0.000000,0.000000,0.000000,above_band_high
2026-07-26T23:11:00Z,93.2372,0.000000,0.000000,0.000000,above_band_high
2026-07-26T23:12:00Z,93.2464,0.000000,0.000000,0.000000,above_band_high
2026-07-26T23:13:00Z,93.2097,0.000000,0.000000,0.000000,above_band_high
2026-07-26T23:14:00Z,93.2647,0.000000,0.000000,0.000000,above_band_high
2026-07-26T23:15:00Z,93.2830,0.000000,0.000000,0.000000,above_band_high
2026-07-26T23:16:00Z,93.2784,0.000000,0.000000,0.000000,above_band_high
2026-07-26T23:17:00Z,93.2921,0.000000,0.000000,0.000000,above_band_high
2026-07-26T23:18:00Z,93.3104,0.000000,0.000000,0.000000,above_band_high
2026-07-26T23:19:00Z,93.3288,0.000000,0.000000,0.000000,above_band_high
2026-07-26T23:20:00Z,93.3440,0.000000,0.000000,0.000000,above_band_high
2026-07-26T23:21:00Z,93.3471,0.000000,0.000000,0.000000,above_band_high
2026-07-26T23:22:00Z,93.3104,0.000000,0.000000,0.000000,above_band_high
2026-07-26T23:23:00Z,93.3715,0.000000,0.000000,0.000000,above_band_high
2026-07-26T23:24:00Z,93.3669,0.000000,0.000000,0.000000,above_band_high
2026-07-26T23:25:00Z,93.3791,0.000000,0.000000,0.000000,above_band_high
2026-07-26T23:26:00Z,93.3715,0.000000,0.000000,0.000000,above_band_high
2026-07-26T23:27:00Z,93.3654,0.000000,0.000000,0.000000,above_band_high
2026-07-26T23:28:00Z,93.3745,0.000000,0.000000,0.000000,above_band_high
2026-07-26T23:29:00Z,93.4127,0.000000,0.000000,0.000000,above_band_high
2026-07-26T23:30:00Z,93.4386,0.000000,0.000000,0.000000,above_band_high
2026-07-26T23:31:00Z,93.4203,0.000000,0.000000,0.000000,above_band_high
2026-07-26T23:32:00Z,93.4386,0.000000,0.000000,0.000000,above_band_high
2026-07-26T23:33:00Z,93.4569,0.000000,0.000000,0.000000,above_band_high
2026-07-26T23:34:00Z,93.4386,0.000000,0.000000,0.000000,above_band_high
2026-07-26T23:35:00Z,93.4676,0.000000,0.000000,0.000000,above_band_high
2026-07-26T23:36:00Z,93.4890,0.000000,0.000000,0.000000,above_band_high
2026-07-26T23:37:00Z,93.4585,0.000000,0.000000,0.000000,above_band_high
2026-07-26T23:38:00Z,93.4951,0.000000,0.000000,0.000000,above_band_high
2026-07-26T23:39:00Z,93.4768,0.000000,0.000000,0.000000,above_band_high
2026-07-26T23:40:00Z,93.5164,0.000000,0.000000,0.000000,above_band_high
2026-07-26T23:41:00Z,93.4997,0.000000,0.000000,0.000000,above_band_high
2026-07-26T23:42:00Z,93.5485,0.000000,0.000000,0.000000,above_band_high
2026-07-26T23:43:00Z,93.5805,0.000000,0.000000,0.000000,above_band_high
2026-07-26T23:44:00Z,93.5576,0.000000,0.000000,0.000000,above_band_high
2026-07-26T23:45:00Z,93.5668,0.000000,0.000000,0.000000,above_band_high
2026-07-26T23:46:00Z,93.6080,0.000000,0.000000,0.000000,above_band_high
2026-07-26T23:47:00Z,93.6187,0.000000,0.000000,0.000000,above_band_high
2026-07-26T23:48:00Z,93.5760,0.000000,0.000000,0.000000,above_band_high
2026-07-26T23:49:00Z,93.6172,0.000000,0.000000,0.000000,above_band_high
2026-07-26T23:50:00Z,93.6095,0.000000,0.000000,0.000000,above_band_high
2026-07-26T23:51:00Z,93.6309,0.000000,0.000000,0.000000,above_band_high
2026-07-26T23:52:00Z,93.6461,0.000000,0.000000,0.000000,above_band_high
2026-07-26T23:53:00Z,93.6645,0.000000,0.000000,0.000000,above_band_high
2026-07-26T23:54:00Z,93.6782,0.000000,0.000000,0.000000,above_band_high
2026-07-26T23:55:00Z,93.6904,0.000000,0.000000,0.000000,above_band_high
2026-07-26T23:56:00Z,93.7087,0.000000,0.000000,0.000000,above_band_high
2026-07-26T23:57:00Z,93.7362,0.000000,0.000000,0.000000,above_band_high
2026-07-26T23:58:00Z,93.7453,0.000000,0.000000,0.000000,above_band_high
2026-07-26T23:59:00Z,93.7545,0.000000,0.000000,0.000000,above_band_high
2026-07-27T00:00:00Z,93.7362,0.000000,0.000000,0.000000,above_band_high
2026-07-27T00:01:00Z,93.7362,0.000000,0.000000,0.000000,above_band_high
2026-07-27T00:02:00Z,93.7453,0.000000,0.000000,0.000000,above_band_high
2026-07-27T00:03:00Z,93.7469,0.000000,0.000000,0.000000,above_band_high
2026-07-27T00:04:00Z,93.7179,0.000000,0.000000,0.000000,above_band_high
2026-07-27T00:05:00Z,93.7774,0.000000,0.000000,0.000000,above_band_high
2026-07-27T00:06:00Z,93.7469,0.000000,0.000000,0.000000,above_band_high
2026-07-27T00:07:00Z,93.7652,0.000000,0.000000,0.000000,above_band_high
2026-07-27T00:08:00Z,93.7652,0.000000,0.000000,0.000000,above_band_high
2026-07-27T00:09:00Z,93.7331,0.000000,0.000000,0.000000,above_band_high
2026-07-27T00:10:00Z,93.7453,0.000000,0.000000,0.000000,above_band_high
2026-07-27T00:11:00Z,93.7545,0.000000,0.000000,0.000000,above_band_high
2026-07-27T00:12:00Z,93.7728,0.000000,0.000000,0.000000,above_band_high
2026-07-27T00:13:00Z,93.7652,0.000000,0.000000,0.000000,above_band_high
2026-07-27T00:14:00Z,93.7545,0.000000,0.000000,0.000000,above_band_high
2026-07-27T00:15:00Z,93.7362,0.000000,0.000000,0.000000,above_band_high
2026-07-27T00:16:00Z,93.7179,0.000000,0.000000,0.000000,above_band_high
2026-07-27T00:17:00Z,93.7133,0.000000,0.000000,0.000000,above_band_high
2026-07-27T00:18:00Z,93.7224,0.000000,0.000000,0.000000,above_band_high
2026-07-27T00:19:00Z,93.7514,0.000000,0.000000,0.000000,above_band_high
2026-07-27T00:20:00Z,93.7270,0.000000,0.000000,0.000000,above_band_high
2026-07-27T00:21:00Z,93.7682,0.000000,0.000000,0.000000,above_band_high
2026-07-27T00:22:00Z,93.7407,0.000000,0.000000,0.000000,above_band_high
2026-07-27T00:23:00Z,93.8094,0.000000,0.000000,0.000000,above_band_high
2026-07-27T00:24:00Z,93.7728,0.000000,0.000000,0.000000,above_band_high
2026-07-27T00:25:00Z,93.7819,0.000000,0.000000,0.000000,above_band_high
2026-07-27T00:26:00Z,93.7911,0.000000,0.000000,0.000000,above_band_high
2026-07-27T00:27:00Z,93.7789,0.000000,0.000000,0.000000,above_band_high
2026-07-27T00:28:00Z,93.8338,0.000000,0.000000,0.000000,above_band_high
2026-07-27T00:29:00Z,93.8140,0.000000,0.000000,0.000000,above_band_high
2026-07-27T00:30:00Z,93.8018,0.000000,0.000000,0.000000,above_band_high
2026-07-27T00:31:00Z,93.8338,0.000000,0.000000,0.000000,above_band_high
2026-07-27T00:32:00Z,93.8186,0.000000,0.000000,0.000000,above_band_high
2026-07-27T00:33:00Z,93.8231,0.000000,0.000000,0.000000,above_band_high
2026-07-27T00:34:00Z,93.8827,0.000000,0.000000,0.000000,above_band_high
2026-07-27T00:35:00Z,93.8705,0.000000,0.000000,0.000000,above_band_high
2026-07-27T00:36:00Z,93.8796,0.000000,0.000000,0.000000,above_band_high
2026-07-27T00:37:00Z,93.8796,0.000000,0.000000,0.000000,above_band_high
2026-07-27T00:38:00Z,93.8888,0.000000,0.000000,0.000000,above_band_high
2026-07-27T00:39:00Z,93.8552,0.000000,0.000000,0.000000,above_band_high
2026-07-27T00:40:00Z,93.8842,0.000000,0.000000,0.000000,above_band_high
2026-07-27T00:41:00Z,93.9193,0.000000,0.000000,0.000000,above_band_high
2026-07-27T00:42:00Z,93.9330,0.000000,0.000000,0.000000,above_band_high
2026-07-27T00:43:00Z,93.9483,0.000000,0.000000,0.000000,above_band_high
2026-07-27T00:44:00Z,93.9300,0.000000,0.000000,0.000000,above_band_high
2026-07-27T00:45:00Z,93.9651,0.000000,0.000000,0.000000,above_band_high
2026-07-27T00:46:00Z,93.9834,0.000000,0.000000,0.000000,above_band_high
2026-07-27T00:47:00Z,93.9422,0.000000,0.000000,0.000000,above_band_high
2026-07-27T00:48:00Z,93.9940,0.000000,0.000000,0.000000,above_band_high
2026-07-27T00:49:00Z,93.9757,0.000000,0.000000,0.000000,above_band_high
2026-07-27T00:50:00Z,93.9528,0.000000,0.000000,0.000000,above_band_high
2026-07-27T00:51:00Z,94.0337,0.000000,0.000000,0.000000,above_band_high
2026-07-27T00:52:00Z,93.9528,0.000000,0.000000,0.000000,above_band_high
2026-07-27T00:53:00Z,94.0124,0.000000,0.000000,0.000000,above_band_high
2026-07-27T00:54:00Z,93.9879,0.000000,0.000000,0.000000,above_band_high
2026-07-27T00:55:00Z,94.0215,0.000000,0.000000,0.000000,above_band_high
2026-07-27T00:56:00Z,94.0383,0.000000,0.000000,0.000000,above_band_high
2026-07-27T00:57:00Z,94.0063,0.000000,0.000000,0.000000,above_band_high
2026-07-27T00:58:00Z,94.0154,0.000000,0.000000,0.000000,above_band_high
2026-07-27T00:59:00Z,94.0032,0.000000,0.000000,0.000000,above_band_high
2026-07-27T01:00:00Z,94.0154,0.000000,0.000000,0.000000,above_band_high
2026-07-27T01:01:00Z,94.0200,0.000000,0.000000,0.000000,above_band_high
2026-07-27T01:02:00Z,94.0261,0.000000,0.000000,0.000000,above_band_high
2026-07-27T01:03:00Z,94.0108,0.000000,0.000000,0.000000,above_band_high
2026-07-27T01:04:00Z,94.0124,0.000000,0.000000,0.000000,above_band_high
2026-07-27T01:05:00Z,94.0475,0.000000,0.000000,0.000000,above_band_high
2026-07-27T01:06:00Z,94.0154,0.000000,0.000000,0.000000,above_band_high
2026-07-27T01:07:00Z,94.0124,0.000000,0.000000,0.000000,above_band_high
2026-07-27T01:08:00Z,94.0124,0.000000,0.000000,0.000000,above_band_high
2026-07-27T01:09:00Z,94.0124,0.000000,0.000000,0.000000,above_band_high
2026-07-27T01:10:00Z,93.9620,0.000000,0.000000,0.000000,above_band_high
2026-07-27T01:11:00Z,93.9940,0.000000,0.000000,0.000000,above_band_high
2026-07-27T01:12:00Z,93.9849,0.000000,0.000000,0.000000,above_band_high
2026-07-27T01:13:00Z,93.9391,0.000000,0.000000,0.000000,above_band_high
2026-07-27T01:14:00Z,93.9696,0.000000,0.000000,0.000000,above_band_high
2026-07-27T01:15:00Z,93.9345,0.000000,0.000000,0.000000,above_band_high
2026-07-27T01:16:00Z,93.9742,0.000000,0.000000,0.000000,above_band_high
2026-07-27T01:17:00Z,93.9620,0.000000,0.000000,0.000000,above_band_high
2026-07-27T01:18:00Z,93.9696,0.000000,0.000000,0.000000,above_band_high
2026-07-27T01:19:00Z,93.9620,0.000000,0.000000,0.000000,above_band_high
2026-07-27T01:20:00Z,93.9971,0.000000,0.000000,0.000000,above_band_high
2026-07-27T01:21:00Z,93.9849,0.000000,0.000000,0.000000,above_band_high
2026-07-27T01:22:00Z,93.9895,0.000000,0.000000,0.000000,above_band_high
2026-07-27T01:23:00Z,93.9971,0.000000,0.000000,0.000000,above_band_high
2026-07-27T01:24:00Z,94.0032,0.000000,0.000000,0.000000,above_band_high
2026-07-27T01:25:00Z,94.0032,0.000000,0.000000,0.000000,above_band_high
2026-07-27T01:26:00Z,93.9742,0.000000,0.000000,0.000000,above_band_high
2026-07-27T01:27:00Z,94.0429,0.000000,0.000000,0.000000,above_band_high
2026-07-27T01:28:00Z,94.0215,0.000000,0.000000,0.000000,above_band_high
2026-07-27T01:29:00Z,94.0291,0.000000,0.000000,0.000000,above_band_high
2026-07-27T01:30:00Z,94.0215,0.000000,0.000000,0.000000,above_band_high
2026-07-27T01:31:00Z,94.0032,0.000000,0.000000,0.000000,above_band_high
2026-07-27T01:32:00Z,94.0032,0.000000,0.000000,0.000000,above_band_high
2026-07-27T01:33:00Z,94.0291,0.000000,0.000000,0.000000,above_band_high
2026-07-27T01:34:00Z,94.0124,0.000000,0.000000,0.000000,above_band_high
2026-07-27T01:35:00Z,94.0352,0.000000,0.000000,0.000000,above_band_high
2026-07-27T01:36:00Z,94.0337,0.000000,0.000000,0.000000,above_band_high
2026-07-27T01:37:00Z,94.0398,0.000000,0.000000,0.000000,above_band_high
2026-07-27T01:38:00Z,94.0398,0.000000,0.000000,0.000000,above_band_high
2026-07-27T01:39:00Z,94.0215,0.000000,0.000000,0.000000,above_band_high
2026-07-27T01:40:00Z,94.0398,0.000000,0.000000,0.000000,above_band_high
2026-07-27T01:41:00Z,94.0520,0.000000,0.000000,0.000000,above_band_high
2026-07-27T01:42:00Z,94.1024,0.000000,0.000000,0.000000,above_band_high
2026-07-27T01:43:00Z,94.0673,0.000000,0.000000,0.000000,above_band_high
2026-07-27T01:44:00Z,94.0749,0.000000,0.000000,0.000000,above_band_high
2026-07-27T01:45:00Z,94.0719,0.000000,0.000000,0.000000,above_band_high
2026-07-27T01:46:00Z,94.1131,0.000000,0.000000,0.000000,above_band_high
2026-07-27T01:47:00Z,94.1085,0.000000,0.000000,0.000000,above_band_high
2026-07-27T01:48:00Z,94.1085,0.000000,0.000000,0.000000,above_band_high
2026-07-27T01:49:00Z,94.0856,0.000000,0.000000,0.000000,above_band_high
2026-07-27T01:50:00Z,94.1314,0.000000,0.000000,0.000000,above_band_high
2026-07-27T01:51:00Z,94.1070,0.000000,0.000000,0.000000,above_band_high
2026-07-27T01:52:00Z,94.1451,0.000000,0.000000,0.000000,above_band_high
2026-07-27T01:53:00Z,94.1299,0.000000,0.000000,0.000000,above_band_high
2026-07-27T01:54:00Z,94.1527,0.000000,0.000000,0.000000,above_band_high
2026-07-27T01:55:00Z,94.1588,0.000000,0.000000,0.000000,above_band_high
2026-07-27T01:56:00Z,94.1451,0.000000,0.000000,0.000000,above_band_high
2026-07-27T01:57:00Z,94.1543,0.000000,0.000000,0.000000,above_band_high
2026-07-27T01:58:00Z,94.1634,0.000000,0.000000,0.000000,above_band_high
2026-07-27T01:59:00Z,94.1863,0.000000,0.000000,0.000000,above_band_high
2026-07-27T02:00:00Z,94.1955,0.000000,0.000000,0.000000,above_band_high
2026-07-27T02:01:00Z,94.1848,0.000000,0.000000,0.000000,above_band_high
2026-07-27T02:02:00Z,94.1772,0.000000,0.000000,0.000000,above_band_high
2026-07-27T02:03:00Z,94.1573,0.000000,0.000000,0.000000,above_band_high
2026-07-27T02:04:00Z,94.1985,0.000000,0.000000,0.000000,above_band_high
2026-07-27T02:05:00Z,94.1955,0.000000,0.000000,0.000000,above_band_high
2026-07-27T02:06:00Z,94.1527,0.000000,0.000000,0.000000,above_band_high
2026-07-27T02:07:00Z,94.1634,0.000000,0.000000,0.000000,above_band_high
2026-07-27T02:08:00Z,94.1802,0.000000,0.000000,0.000000,above_band_high
2026-07-27T02:09:00Z,94.1909,0.000000,0.000000,0.000000,above_band_high
2026-07-27T02:10:00Z,94.1726,0.000000,0.000000,0.000000,above_band_high
2026-07-27T02:11:00Z,94.1680,0.000000,0.000000,0.000000,above_band_high
2026-07-27T02:12:00Z,94.1894,0.000000,0.000000,0.000000,above_band_high
2026-07-27T02:13:00Z,94.1665,0.000000,0.000000,0.000000,above_band_high
2026-07-27T02:14:00Z,94.1802,0.000000,0.000000,0.000000,above_band_high
2026-07-27T02:15:00Z,94.1848,0.000000,0.000000,0.000000,above_band_high
2026-07-27T02:16:00Z,94.1772,0.000000,0.000000,0.000000,above_band_high
2026-07-27T02:17:00Z,94.1665,0.000000,0.000000,0.000000,above_band_high
2026-07-27T02:18:00Z,94.1314,0.000000,0.000000,0.000000,above_band_high
2026-07-27T02:19:00Z,94.1543,0.000000,0.000000,0.000000,above_band_high
2026-07-27T02:20:00Z,94.1619,0.000000,0.000000,0.000000,above_band_high
2026-07-27T02:21:00Z,94.1619,0.000000,0.000000,0.000000,above_band_high
2026-07-27T02:22:00Z,94.1451,0.000000,0.000000,0.000000,above_band_high
2026-07-27T02:23:00Z,94.2123,0.000000,0.000000,0.000000,above_band_high
2026-07-27T02:24:00Z,94.1451,0.000000,0.000000,0.000000,above_band_high
2026-07-27T02:25:00Z,94.1436,0.000000,0.000000,0.000000,above_band_high
2026-07-27T02:26:00Z,94.1390,0.000000,0.000000,0.000000,above_band_high
2026-07-27T02:27:00Z,94.1344,0.000000,0.000000,0.000000,above_band_high
2026-07-27T02:28:00Z,94.1939,0.000000,0.000000,0.000000,above_band_high
2026-07-27T02:29:00Z,94.1894,0.000000,0.000000,0.000000,above_band_high
2026-07-27T02:30:00Z,94.1894,0.000000,0.000000,0.000000,above_band_high
2026-07-27T02:31:00Z,94.1848,0.000000,0.000000,0.000000,above_band_high
2026-07-27T02:32:00Z,94.2031,0.000000,0.000000,0.000000,above_band_high
2026-07-27T02:33:00Z,94.1619,0.000000,0.000000,0.000000,above_band_high
2026-07-27T02:34:00Z,94.1756,0.000000,0.000000,0.000000,above_band_high
2026-07-27T02:35:00Z,94.1680,0.000000,0.000000,0.000000,above_band_high
2026-07-27T02:36:00Z,94.2123,0.000000,0.000000,0.000000,above_band_high
2026-07-27T02:37:00Z,94.2123,0.000000,0.000000,0.000000,above_band_high
2026-07-27T02:38:00Z,94.2077,0.000000,0.000000,0.000000,above_band_high
2026-07-27T02:39:00Z,94.2306,0.000000,0.000000,0.000000,above_band_high
2026-07-27T02:40:00Z,94.2458,0.000000,0.000000,0.000000,above_band_high
2026-07-27T02:41:00Z,94.2275,0.000000,0.000000,0.000000,above_band_high
2026-07-27T02:42:00Z,94.2580,0.000000,0.000000,0.000000,above_band_high
2026-07-27T02:43:00Z,94.2351,0.000000,0.000000,0.000000,above_band_high
2026-07-27T02:44:00Z,94.2397,0.000000,0.000000,0.000000,above_band_high
2026-07-27T02:45:00Z,94.2504,0.000000,0.000000,0.000000,above_band_high
2026-07-27T02:46:00Z,94.3008,0.000000,0.000000,0.000000,above_band_high
2026-07-27T02:47:00Z,94.2809,0.000000,0.000000,0.000000,above_band_high
2026-07-27T02:48:00Z,94.3099,0.000000,0.000000,0.000000,above_band_high
2026-07-27T02:49:00Z,94.3236,0.000000,0.000000,0.000000,above_band_high
2026-07-27T02:50:00Z,94.3038,0.000000,0.000000,0.000000,above_band_high
2026-07-27T02:51:00Z,94.3099,0.000000,0.000000,0.000000,above_band_high
2026-07-27T02:52:00Z,94.3084,0.000000,0.000000,0.000000,above_band_high
2026-07-27T02:53:00Z,94.3084,0.000000,0.000000,0.000000,above_band_high
2026-07-27T02:54:00Z,94.3236,0.000000,0.000000,0.000000,above_band_high
2026-07-27T02:55:00Z,94.3420,0.000000,0.000000,0.000000,above_band_high
2026-07-27T02:56:00Z,94.3191,0.000000,0.000000,0.000000,above_band_high
2026-07-27T02:57:00Z,94.3236,0.000000,0.000000,0.000000,above_band_high
2026-07-27T02:58:00Z,94.3374,0.000000,0.000000,0.000000,above_band_high
2026-07-27T02:59:00Z,94.3084,0.000000,0.000000,0.000000,above_band_high
2026-07-27T03:00:00Z,94.3008,0.000000,0.000000,0.000000,above_band_high
2026-07-27T03:01:00Z,94.3374,0.000000,0.000000,0.000000,above_band_high
2026-07-27T03:02:00Z,94.3267,0.000000,0.000000,0.000000,above_band_high
2026-07-27T03:03:00Z,94.2901,0.000000,0.000000,0.000000,above_band_high
2026-07-27T03:04:00Z,94.3740,0.000000,0.000000,0.000000,above_band_high
2026-07-27T03:05:00Z,94.3542,0.000000,0.000000,0.000000,above_band_high
2026-07-27T03:06:00Z,94.3191,0.000000,0.000000,0.000000,above_band_high
2026-07-27T03:07:00Z,94.3191,0.000000,0.000000,0.000000,above_band_high
2026-07-27T03:08:00Z,94.3145,0.000000,0.000000,0.000000,above_band_high
2026-07-27T03:09:00Z,94.3420,0.000000,0.000000,0.000000,above_band_high
2026-07-27T03:10:00Z,94.3084,0.000000,0.000000,0.000000,above_band_high
2026-07-27T03:11:00Z,94.3084,0.000000,0.000000,0.000000,above_band_high
2026-07-27T03:12:00Z,94.2947,0.000000,0.000000,0.000000,above_band_high
2026-07-27T03:13:00Z,94.3511,0.000000,0.000000,0.000000,above_band_high
2026-07-27T03:14:00Z,94.3267,0.000000,0.000000,0.000000,above_band_high
2026-07-27T03:15:00Z,94.3221,0.000000,0.000000,0.000000,above_band_high
2026-07-27T03:16:00Z,94.3282,0.000000,0.000000,0.000000,above_band_high
2026-07-27T03:17:00Z,94.3557,0.000000,0.000000,0.000000,above_band_high
2026-07-27T03:18:00Z,94.3771,0.000000,0.000000,0.000000,above_band_high
2026-07-27T03:19:00Z,94.3511,0.000000,0.000000,0.000000,above_band_high
2026-07-27T03:20:00Z,94.3465,0.000000,0.000000,0.000000,above_band_high
2026-07-27T03:21:00Z,94.3053,0.000000,0.000000,0.000000,above_band_high
2026-07-27T03:22:00Z,94.4091,0.000000,0.000000,0.000000,above_band_high
2026-07-27T03:23:00Z,94.3633,0.000000,0.000000,0.000000,above_band_high
2026-07-27T03:24:00Z,94.3404,0.000000,0.000000,0.000000,above_band_high
2026-07-27T03:25:00Z,94.3923,0.000000,0.000000,0.000000,above_band_high
2026-07-27T03:26:00Z,94.3587,0.000000,0.000000,0.000000,above_band_high
2026-07-27T03:27:00Z,94.3511,0.000000,0.000000,0.000000,above_band_high
2026-07-27T03:28:00Z,94.3557,0.000000,0.000000,0.000000,above_band_high
2026-07-27T03:29:00Z,94.3923,0.000000,0.000000,0.000000,above_band_high
2026-07-27T03:30:00Z,94.3542,0.000000,0.000000,0.000000,above_band_high
2026-07-27T03:31:00Z,94.3999,0.000000,0.000000,0.000000,above_band_high
2026-07-27T03:32:00Z,94.3557,0.000000,0.000000,0.000000,above_band_high
2026-07-27T03:33:00Z,94.3923,0.000000,0.000000,0.000000,above_band_high
2026-07-27T03:34:00Z,94.3679,0.000000,0.000000,0.000000,above_band_high
2026-07-27T03:35:00Z,94.3725,0.000000,0.000000,0.000000,above_band_high
2026-07-27T03:36:00Z,94.4137,0.000000,0.000000,0.000000,above_band_high
2026-07-27T03:37:00Z,94.3877,0.000000,0.000000,0.000000,above_band_high
2026-07-27T03:38:00Z,94.3954,0.000000,0.000000,0.000000,above_band_high
2026-07-27T03:39:00Z,94.4366,0.000000,0.000000,0.000000,above_band_high
2026-07-27T03:40:00Z,94.4182,0.000000,0.000000,0.000000,above_band_high
2026-07-27T03:41:00Z,94.4640,0.000000,0.000000,0.000000,above_band_high
2026-07-27T03:42:00Z,94.4366,0.000000,0.000000,0.000000,above_band_high
2026-07-27T03:43:00Z,94.4564,0.000000,0.000000,0.000000,above_band_high
2026-07-27T03:44:00Z,94.4961,0.000000,0.000000,0.000000,above_band_high
2026-07-27T03:45:00Z,94.4778,0.000000,0.000000,0.000000,above_band_high
2026-07-27T03:46:00Z,94.4518,0.000000,0.000000,0.000000,above_band_high
2026-07-27T03:47:00Z,94.5235,0.000000,0.000000,0.000000,above_band_high
2026-07-27T03:48:00Z,94.4930,0.000000,0.000000,0.000000,above_band_high
2026-07-27T03:49:00Z,94.5373,0.000000,0.000000,0.000000,above_band_high
2026-07-27T03:50:00Z,94.5281,0.000000,0.000000,0.000000,above_band_high
2026-07-27T03:51:00Z,94.5510,0.000000,0.000000,0.000000,above_band_high
2026-07-27T03:52:00Z,94.5205,0.000000,0.000000,0.000000,above_band_high
2026-07-27T03:53:00Z,94.5892,0.000000,0.000000,0.000000,above_band_high
2026-07-27T03:54:00Z,94.5800,0.000000,0.000000,0.000000,above_band_high
2026-07-27T03:55:00Z,94.5571,0.000000,0.000000,0.000000,above_band_high
2026-07-27T03:56:00Z,94.6014,0.000000,0.000000,0.000000,above_band_high
2026-07-27T03:57:00Z,94.5739,0.000000,0.000000,0.000000,above_band_high
2026-07-27T03:58:00Z,94.6380,0.000000,0.000000,0.000000,above_band_high
2026-07-27T03:59:00Z,94.6120,0.000000,0.000000,0.000000,above_band_high
2026-07-27T04:00:00Z,94.6395,0.000000,0.000000,0.000000,above_band_high
2026-07-27T04:01:00Z,94.6105,0.000000,0.000000,0.000000,above_band_high
2026-07-27T04:02:00Z,94.6304,0.000000,0.000000,0.000000,above_band_high
2026-07-27T04:03:00Z,94.6120,0.000000,0.000000,0.000000,above_band_high
2026-07-27T04:04:00Z,94.6288,0.000000,0.000000,0.000000,above_band_high
2026-07-27T04:05:00Z,94.6105,0.000000,0.000000,0.000000,above_band_high
2026-07-27T04:06:00Z,94.5937,0.000000,0.000000,0.000000,above_band_high
2026-07-27T04:07:00Z,94.6014,0.000000,0.000000,0.000000,above_band_high
2026-07-27T04:08:00Z,94.5602,0.000000,0.000000,0.000000,above_band_high
2026-07-27T04:09:00Z,94.5113,0.000000,0.000000,0.000000,above_band_high
2026-07-27T04:10:00Z,94.5113,0.000000,0.000000,0.000000,above_band_high
2026-07-27T04:11:00Z,94.5113,0.000000,0.000000,0.000000,above_band_high
2026-07-27T04:12:00Z,94.5327,0.000000,0.000000,0.000000,above_band_high
2026-07-27T04:13:00Z,94.5022,0.000000,0.000000,0.000000,above_band_high
2026-07-27T04:14:00Z,94.5052,0.000000,0.000000,0.000000,above_band_high
2026-07-27T04:15:00Z,94.5052,0.000000,0.000000,0.000000,above_band_high
2026-07-27T04:16:00Z,94.5281,0.000000,0.000000,0.000000,above_band_high
2026-07-27T04:17:00Z,94.5281,0.000000,0.000000,0.000000,above_band_high
2026-07-27T04:18:00Z,94.4961,0.000000,0.000000,0.000000,above_band_high
2026-07-27T04:19:00Z,94.4961,0.000000,0.000000,0.000000,above_band_high
2026-07-27T04:20:00Z,94.5006,0.000000,0.000000,0.000000,above_band_high
2026-07-27T04:21:00Z,94.4701,0.000000,0.000000,0.000000,above_band_high
2026-07-27T04:22:00Z,94.4411,0.000000,0.000000,0.000000,above_band_high
2026-07-27T04:23:00Z,94.4228,0.000000,0.000000,0.000000,above_band_high
2026-07-27T04:24:00Z,94.3862,0.000000,0.000000,0.000000,above_band_high
2026-07-27T04:25:00Z,94.3740,0.000000,0.000000,0.000000,above_band_high
2026-07-27T04:26:00Z,94.3603,0.000000,0.000000,0.000000,above_band_high
2026-07-27T04:27:00Z,94.3496,0.000000,0.000000,0.000000,above_band_high
2026-07-27T04:28:00Z,94.3465,0.000000,0.000000,0.000000,above_band_high
2026-07-27T04:29:00Z,94.2870,0.000000,0.000000,0.000000,above_band_high
2026-07-27T04:30:00Z,94.3053,0.000000,0.000000,0.000000,above_band_high
2026-07-27T04:31:00Z,94.3008,0.000000,0.000000,0.000000,above_band_high
2026-07-27T04:32:00Z,94.2809,0.000000,0.000000,0.000000,above_band_high
2026-07-27T04:33:00Z,94.2855,0.000000,0.000000,0.000000,above_band_high
2026-07-27T04:34:00Z,94.2412,0.000000,0.000000,0.000000,above_band_high
2026-07-27T04:35:00Z,94.2275,0.000000,0.000000,0.000000,above_band_high
2026-07-27T04:36:00Z,94.2351,0.000000,0.000000,0.000000,above_band_high
2026-07-27T04:37:00Z,94.2367,0.000000,0.000000,0.000000,above_band_high
2026-07-27T04:38:00Z,94.2229,0.000000,0.000000,0.000000,above_band_high
2026-07-27T04:39:00Z,94.1955,0.000000,0.000000,0.000000,above_band_high
2026-07-27T04:40:00Z,94.2123,0.000000,0.000000,0.000000,above_band_high
2026-07-27T04:41:00Z,94.1726,0.000000,0.000000,0.000000,above_band_high
2026-07-27T04:42:00Z,94.1665,0.000000,0.000000,0.000000,above_band_high
2026-07-27T04:43:00Z,94.1726,0.000000,0.000000,0.000000,above_band_high
2026-07-27T04:44:00Z,94.1894,0.000000,0.000000,0.000000,above_band_high
2026-07-27T04:45:00Z,94.1848,0.000000,0.000000,0.000000,above_band_high
2026-07-27T04:46:00Z,94.1711,0.000000,0.000000,0.000000,above_band_high
2026-07-27T04:47:00Z,94.1726,0.000000,0.000000,0.000000,above_band_high
2026-07-27T04:48:00Z,94.2138,0.000000,0.000000,0.000000,above_band_high
2026-07-27T04:49:00Z,94.1848,0.000000,0.000000,0.000000,above_band_high
2026-07-27T04:50:00Z,94.1955,0.000000,0.000000,0.000000,above_band_high
2026-07-27T04:51:00Z,94.2046,0.000000,0.000000,0.000000,above_band_high
2026-07-27T04:52:00Z,94.2367,0.000000,0.000000,0.000000,above_band_high
2026-07-27T04:53:00Z,94.1894,0.000000,0.000000,0.000000,above_band_high
2026-07-27T04:54:00Z,94.1909,0.000000,0.000000,0.000000,above_band_high
2026-07-27T04:55:00Z,94.2229,0.000000,0.000000,0.000000,above_band_high
2026-07-27T04:56:00Z,94.2092,0.000000,0.000000,0.000000,above_band_high
2026-07-27T04:57:00Z,94.2046,0.000000,0.000000,0.000000,above_band_high
2026-07-27T04:58:00Z,94.1711,0.000000,0.000000,0.000000,above_band_high
2026-07-27T04:59:00Z,94.1527,0.000000,0.000000,0.000000,above_band_high
2026-07-27T05:00:00Z,94.1909,0.000000,0.000000,0.000000,above_band_high
2026-07-27T05:01:00Z,94.1619,0.000000,0.000000,0.000000,above_band_high
2026-07-27T05:02:00Z,94.1527,0.000000,0.000000,0.000000,above_band_high
2026-07-27T05:03:00Z,94.1405,0.000000,0.000000,0.000000,above_band_high
2026-07-27T05:04:00Z,94.1131,0.000000,0.000000,0.000000,above_band_high
2026-07-27T05:05:00Z,94.1482,0.000000,0.000000,0.000000,above_band_high
2026-07-27T05:06:00Z,94.1344,0.000000,0.000000,0.000000,above_band_high
2026-07-27T05:07:00Z,94.0948,0.000000,0.000000,0.000000,above_band_high
2026-07-27T05:08:00Z,94.1176,0.000000,0.000000,0.000000,above_band_high
2026-07-27T05:09:00Z,94.0932,0.000000,0.000000,0.000000,above_band_high
2026-07-27T05:10:00Z,94.0566,0.000000,0.000000,0.000000,above_band_high
2026-07-27T05:11:00Z,94.0566,0.000000,0.000000,0.000000,above_band_high
2026-07-27T05:12:00Z,94.0612,0.000000,0.000000,0.000000,above_band_high
2026-07-27T05:13:00Z,94.0719,0.000000,0.000000,0.000000,above_band_high
2026-07-27T05:14:00Z,94.0307,0.000000,0.000000,0.000000,above_band_high
2026-07-27T05:15:00Z,94.0337,0.000000,0.000000,0.000000,above_band_high
2026-07-27T05:16:00Z,94.0200,0.000000,0.000000,0.000000,above_band_high
2026-07-27T05:17:00Z,94.0398,0.000000,0.000000,0.000000,above_band_high
2026-07-27T05:18:00Z,93.9742,0.000000,0.000000,0.000000,above_band_high
2026-07-27T05:19:00Z,93.9986,0.000000,0.000000,0.000000,above_band_high
2026-07-27T05:20:00Z,94.0078,0.000000,0.000000,0.000000,above_band_high
2026-07-27T05:21:00Z,93.9742,0.000000,0.000000,0.000000,above_band_high
2026-07-27T05:22:00Z,93.9528,0.000000,0.000000,0.000000,above_band_high
2026-07-27T05:23:00Z,94.0032,0.000000,0.000000,0.000000,above_band_high
2026-07-27T05:24:00Z,93.9559,0.000000,0.000000,0.000000,above_band_high
2026-07-27T05:25:00Z,94.0108,0.000000,0.000000,0.000000,above_band_high
2026-07-27T05:26:00Z,93.9696,0.000000,0.000000,0.000000,above_band_high
2026-07-27T05:27:00Z,93.9803,0.000000,0.000000,0.000000,above_band_high
2026-07-27T05:28:00Z,94.0215,0.000000,0.000000,0.000000,above_band_high
2026-07-27T05:29:00Z,94.0215,0.000000,0.000000,0.000000,above_band_high
2026-07-27T05:30:00Z,94.0078,0.000000,0.000000,0.000000,above_band_high
2026-07-27T05:31:00Z,94.0154,0.000000,0.000000,0.000000,above_band_high
2026-07-27T05:32:00Z,94.0627,0.000000,0.000000,0.000000,above_band_high
2026-07-27T05:33:00Z,94.0352,0.000000,0.000000,0.000000,above_band_high
2026-07-27T05:34:00Z,94.0612,0.000000,0.000000,0.000000,above_band_high
2026-07-27T05:35:00Z,94.0749,0.000000,0.000000,0.000000,above_band_high
2026-07-27T05:36:00Z,94.1176,0.000000,0.000000,0.000000,above_band_high
2026-07-27T05:37:00Z,94.0749,0.000000,0.000000,0.000000,above_band_high
2026-07-27T05:38:00Z,94.0749,0.000000,0.000000,0.000000,above_band_high
2026-07-27T05:39:00Z,94.0658,0.000000,0.000000,0.000000,above_band_high
2026-07-27T05:40:00Z,94.0749,0.000000,0.000000,0.000000,above_band_high
2026-07-27T05:41:00Z,94.1405,0.000000,0.000000,0.000000,above_band_high
2026-07-27T05:42:00Z,94.0719,0.000000,0.000000,0.000000,above_band_high
2026-07-27T05:43:00Z,94.1222,0.000000,0.000000,0.000000,above_band_high
2026-07-27T05:44:00Z,94.1482,0.000000,0.000000,0.000000,above_band_high
2026-07-27T05:45:00Z,94.1161,0.000000,0.000000,0.000000,above_band_high
2026-07-27T05:46:00Z,94.1253,0.000000,0.000000,0.000000,above_band_high
2026-07-27T05:47:00Z,94.1405,0.000000,0.000000,0.000000,above_band_high
2026-07-27T05:48:00Z,94.1527,0.000000,0.000000,0.000000,above_band_high
2026-07-27T05:49:00Z,94.1299,0.000000,0.000000,0.000000,above_band_high
2026-07-27T05:50:00Z,94.1451,0.000000,0.000000,0.000000,above_band_high
2026-07-27T05:51:00Z,94.1451,0.000000,0.000000,0.000000,above_band_high
2026-07-27T05:52:00Z,94.1680,0.000000,0.000000,0.000000,above_band_high
2026-07-27T05:53:00Z,94.1405,0.000000,0.000000,0.000000,above_band_high
2026-07-27T05:54:00Z,94.1268,0.000000,0.000000,0.000000,above_band_high
2026-07-27T05:55:00Z,94.1176,0.000000,0.000000,0.000000,above_band_high
2026-07-27T05:56:00Z,94.1070,0.000000,0.000000,0.000000,above_band_high
2026-07-27T05:57:00Z,94.1131,0.000000,0.000000,0.000000,above_band_high
2026-07-27T05:58:00Z,94.1360,0.000000,0.000000,0.000000,above_band_high
2026-07-27T05:59:00Z,94.1070,0.000000,0.000000,0.000000,above_band_high
2026-07-27T06:00:00Z,94.0993,0.000000,0.000000,0.000000,above_band_high
2026-07-27T06:01:00Z,94.0795,0.000000,0.000000,0.000000,above_band_high
2026-07-27T06:02:00Z,94.0749,0.000000,0.000000,0.000000,above_band_high
2026-07-27T06:03:00Z,94.1070,0.000000,0.000000,0.000000,above_band_high
2026-07-27T06:04:00Z,94.0658,0.000000,0.000000,0.000000,above_band_high
2026-07-27T06:05:00Z,94.0673,0.000000,0.000000,0.000000,above_band_high
2026-07-27T06:06:00Z,94.0444,0.000000,0.000000,0.000000,above_band_high
2026-07-27T06:07:00Z,94.0673,0.000000,0.000000,0.000000,above_band_high
2026-07-27T06:08:00Z,94.0215,0.000000,0.000000,0.000000,above_band_high
2026-07-27T06:09:00Z,94.0719,0.000000,0.000000,0.000000,above_band_high
2026-07-27T06:10:00Z,94.0337,0.000000,0.000000,0.000000,above_band_high
2026-07-27T06:11:00Z,94.0673,0.000000,0.000000,0.000000,above_band_high
2026-07-27T06:12:00Z,94.0429,0.000000,0.000000,0.000000,above_band_high
2026-07-27T06:13:00Z,94.0261,0.000000,0.000000,0.000000,above_band_high
2026-07-27T06:14:00Z,94.0215,0.000000,0.000000,0.000000,above_band_high
2026-07-27T06:15:00Z,94.0536,0.000000,0.000000,0.000000,above_band_high
2026-07-27T06:16:00Z,93.9971,0.000000,0.000000,0.000000,above_band_high
2026-07-27T06:17:00Z,94.0215,0.000000,0.000000,0.000000,above_band_high
2026-07-27T06:18:00Z,94.0383,0.000000,0.000000,0.000000,above_band_high
2026-07-27T06:19:00Z,94.0291,0.000000,0.000000,0.000000,above_band_high
2026-07-27T06:20:00Z,94.0490,0.000000,0.000000,0.000000,above_band_high
2026-07-27T06:21:00Z,94.0612,0.000000,0.000000,0.000000,above_band_high
2026-07-27T06:22:00Z,94.0841,0.000000,0.000000,0.000000,above_band_high
2026-07-27T06:23:00Z,94.0627,0.000000,0.000000,0.000000,above_band_high
2026-07-27T06:24:00Z,94.0612,0.000000,0.000000,0.000000,above_band_high
2026-07-27T06:25:00Z,94.0841,0.000000,0.000000,0.000000,above_band_high
2026-07-27T06:26:00Z,94.0948,0.000000,0.000000,0.000000,above_band_high
2026-07-27T06:27:00Z,94.0902,0.000000,0.000000,0.000000,above_band_high
2026-07-27T06:28:00Z,94.1024,0.000000,0.000000,0.000000,above_band_high
2026-07-27T06:29:00Z,94.1085,0.000000,0.000000,0.000000,above_band_high
2026-07-27T06:30:00Z,94.1436,0.000000,0.000000,0.000000,above_band_high
2026-07-27T06:31:00Z,94.1299,0.000000,0.000000,0.000000,above_band_high
2026-07-27T06:32:00Z,94.1299,0.000000,0.000000,0.000000,above_band_high
2026-07-27T06:33:00Z,94.1619,0.000000,0.000000,0.000000,above_band_high
2026-07-27T06:34:00Z,94.1405,0.000000,0.000000,0.000000,above_band_high
2026-07-27T06:35:00Z,94.1161,0.000000,0.000000,0.000000,above_band_high
2026-07-27T06:36:00Z,94.1497,0.000000,0.000000,0.000000,above_band_high
2026-07-27T06:37:00Z,94.1573,0.000000,0.000000,0.000000,above_band_high
2026-07-27T06:38:00Z,94.1680,0.000000,0.000000,0.000000,above_band_high
2026-07-27T06:39:00Z,94.1772,0.000000,0.000000,0.000000,above_band_high
2026-07-27T06:40:00Z,94.1680,0.000000,0.000000,0.000000,above_band_high
2026-07-27T06:41:00Z,94.1634,0.000000,0.000000,0.000000,above_band_high
2026-07-27T06:42:00Z,94.1802,0.000000,0.000000,0.000000,above_band_high
2026-07-27T06:43:00Z,94.1665,0.000000,0.000000,0.000000,above_band_high
2026-07-27T06:44:00Z,94.1802,0.000000,0.000000,0.000000,above_band_high
2026-07-27T06:45:00Z,94.1985,0.000000,0.000000,0.000000,above_band_high
2026-07-27T06:46:00Z,94.2306,0.000000,0.000000,0.000000,above_band_high
2026-07-27T06:47:00Z,94.2138,0.000000,0.000000,0.000000,above_band_high
2026-07-27T06:48:00Z,94.2184,0.000000,0.000000,0.000000,above_band_high
2026-07-27T06:49:00Z,94.2367,0.000000,0.000000,0.000000,above_band_high
2026-07-27T06:50:00Z,94.2260,0.000000,0.000000,0.000000,above_band_high
2026-07-27T06:51:00Z,94.2306,0.000000,0.000000,0.000000,above_band_high
2026-07-27T06:52:00Z,94.2489,0.000000,0.000000,0.000000,above_band_high
2026-07-27T06:53:00Z,94.2321,0.000000,0.000000,0.000000,above_band_high
2026-07-27T06:54:00Z,94.2489,0.000000,0.000000,0.000000,above_band_high
2026-07-27T06:55:00Z,94.2046,0.000000,0.000000,0.000000,above_band_high
2026-07-27T06:56:00Z,94.2260,0.000000,0.000000,0.000000,above_band_high
2026-07-27T06:57:00Z,94.2260,0.000000,0.000000,0.000000,above_band_high
2026-07-27T06:58:00Z,94.2077,0.000000,0.000000,0.000000,above_band_high
2026-07-27T06:59:00Z,94.2214,0.000000,0.000000,0.000000,above_band_high
2026-07-27T07:00:00Z,94.2397,0.000000,0.000000,0.000000,above_band_high
2026-07-27T07:01:00Z,94.2321,0.000000,0.000000,0.000000,above_band_high
2026-07-27T07:02:00Z,94.2184,0.000000,0.000000,0.000000,above_band_high
2026-07-27T07:03:00Z,94.2138,0.000000,0.000000,0.000000,above_band_high
2026-07-27T07:04:00Z,94.1665,0.000000,0.000000,0.000000,above_band_high
2026-07-27T07:05:00Z,94.2000,0.000000,0.000000,0.000000,above_band_high
2026-07-27T07:06:00Z,94.1939,0.000000,0.000000,0.000000,above_band_high
2026-07-27T07:07:00Z,94.2184,0.000000,0.000000,0.000000,above_band_high
2026-07-27T07:08:00Z,94.1939,0.000000,0.000000,0.000000,above_band_high
2026-07-27T07:09:00Z,94.1772,0.000000,0.000000,0.000000,above_band_high
2026-07-27T07:10:00Z,94.1863,0.000000,0.000000,0.000000,above_band_high
2026-07-27T07:11:00Z,94.1939,0.000000,0.000000,0.000000,above_band_high
2026-07-27T07:12:00Z,94.1955,0.000000,0.000000,0.000000,above_band_high
2026-07-27T07:13:00Z,94.2077,0.000000,0.000000,0.000000,above_band_high
2026-07-27T07:14:00Z,94.1772,0.000000,0.000000,0.000000,above_band_high
2026-07-27T07:15:00Z,94.2168,0.000000,0.000000,0.000000,above_band_high
2026-07-27T07:16:00Z,94.2138,0.000000,0.000000,0.000000,above_band_high
2026-07-27T07:17:00Z,94.2046,0.000000,0.000000,0.000000,above_band_high
2026-07-27T07:18:00Z,94.2275,0.000000,0.000000,0.000000,above_band_high
2026-07-27T07:19:00Z,94.2168,0.000000,0.000000,0.000000,above_band_high
2026-07-27T07:20:00Z,94.2031,0.000000,0.000000,0.000000,above_band_high
2026-07-27T07:21:00Z,94.2092,0.000000,0.000000,0.000000,above_band_high
2026-07-27T07:22:00Z,94.2626,0.000000,0.000000,0.000000,above_band_high
2026-07-27T07:23:00Z,94.2397,0.000000,0.000000,0.000000,above_band_high
2026-07-27T07:24:00Z,94.2687,0.000000,0.000000,0.000000,above_band_high
2026-07-27T07:25:00Z,94.2809,0.000000,0.000000,0.000000,above_band_high
2026-07-27T07:26:00Z,94.2901,0.000000,0.000000,0.000000,above_band_high
2026-07-27T07:27:00Z,94.2779,0.000000,0.000000,0.000000,above_band_high
2026-07-27T07:28:00Z,94.2901,0.000000,0.000000,0.000000,above_band_high
2026-07-27T07:29:00Z,94.2718,0.000000,0.000000,0.000000,above_band_high
2026-07-27T07:30:00Z,94.2992,0.000000,0.000000,0.000000,above_band_high
2026-07-27T07:31:00Z,94.2809,0.000000,0.000000,0.000000,above_band_high
2026-07-27T07:32:00Z,94.2916,0.000000,0.000000,0.000000,above_band_high
2026-07-27T07:33:00Z,94.3328,0.000000,0.000000,0.000000,above_band_high
2026-07-27T07:34:00Z,94.3420,0.000000,0.000000,0.000000,above_band_high
2026-07-27T07:35:00Z,94.2992,0.000000,0.000000,0.000000,above_band_high
2026-07-27T07:36:00Z,94.3236,0.000000,0.000000,0.000000,above_band_high
2026-07-27T07:37:00Z,94.3328,0.000000,0.000000,0.000000,above_band_high
2026-07-27T07:38:00Z,94.3374,0.000000,0.000000,0.000000,above_band_high
2026-07-27T07:39:00Z,94.3328,0.000000,0.000000,0.000000,above_band_high
2026-07-27T07:40:00Z,94.3267,0.000000,0.000000,0.000000,above_band_high
2026-07-27T07:41:00Z,94.3648,0.000000,0.000000,0.000000,above_band_high
2026-07-27T07:42:00Z,94.3542,0.000000,0.000000,0.000000,above_band_high
2026-07-27T07:43:00Z,94.3648,0.000000,0.000000,0.000000,above_band_high
2026-07-27T07:44:00Z,94.3496,0.000000,0.000000,0.000000,above_band_high
2026-07-27T07:45:00Z,94.3450,0.000000,0.000000,0.000000,above_band_high
2026-07-27T07:46:00Z,94.3420,0.000000,0.000000,0.000000,above_band_high
2026-07-27T07:47:00Z,94.3694,0.000000,0.000000,0.000000,above_band_high
2026-07-27T07:48:00Z,94.3267,0.000000,0.000000,0.000000,above_band_high
2026-07-27T07:49:00Z,94.3542,0.000000,0.000000,0.000000,above_band_high
2026-07-27T07:50:00Z,94.3236,0.000000,0.000000,0.000000,above_band_high
2026-07-27T07:51:00Z,94.3496,0.000000,0.000000,0.000000,above_band_high
2026-07-27T07:52:00Z,94.3633,0.000000,0.000000,0.000000,above_band_high
2026-07-27T07:53:00Z,94.3267,0.000000,0.000000,0.000000,above_band_high
2026-07-27T07:54:00Z,94.3542,0.000000,0.000000,0.000000,above_band_high
2026-07-27T07:55:00Z,94.3084,0.000000,0.000000,0.000000,above_band_high
2026-07-27T07:56:00Z,94.3313,0.000000,0.000000,0.000000,above_band_high
2026-07-27T07:57:00Z,94.3145,0.000000,0.000000,0.000000,above_band_high
2026-07-27T07:58:00Z,94.3328,0.000000,0.000000,0.000000,above_band_high
2026-07-27T07:59:00Z,94.2916,0.000000,0.000000,0.000000,above_band_high
2026-07-27T08:00:00Z,94.2809,0.000000,0.000000,0.000000,above_band_high
2026-07-27T08:01:00Z,94.2809,0.000000,0.000000,0.000000,above_band_high
2026-07-27T08:02:00Z,94.2550,0.000000,0.000000,0.000000,above_band_high
2026-07-27T08:03:00Z,94.2992,0.000000,0.000000,0.000000,above_band_high
2026-07-27T08:04:00Z,94.2779,0.000000,0.000000,0.000000,above_band_high
2026-07-27T08:05:00Z,94.2733,0.000000,0.000000,0.000000,above_band_high
2026-07-27T08:06:00Z,94.2504,0.000000,0.000000,0.000000,above_band_high
2026-07-27T08:07:00Z,94.2367,0.000000,0.000000,0.000000,above_band_high
2026-07-27T08:08:00Z,94.2367,0.000000,0.000000,0.000000,above_band_high
2026-07-27T08:09:00Z,94.2321,0.000000,0.000000,0.000000,above_band_high
2026-07-27T08:10:00Z,94.2184,0.000000,0.000000,0.000000,above_band_high
2026-07-27T08:11:00Z,94.2458,0.000000,0.000000,0.000000,above_band_high
2026-07-27T08:12:00Z,94.2138,0.000000,0.000000,0.000000,above_band_high
2026-07-27T08:13:00Z,94.2214,0.000000,0.000000,0.000000,above_band_high
2026-07-27T08:14:00Z,94.2443,0.000000,0.000000,0.000000,above_band_high
2026-07-27T08:15:00Z,94.2367,0.000000,0.000000,0.000000,above_band_high
2026-07-27T08:16:00Z,94.2321,0.000000,0.000000,0.000000,above_band_high
2026-07-27T08:17:00Z,94.2809,0.000000,0.000000,0.000000,above_band_high
2026-07-27T08:18:00Z,94.2138,0.000000,0.000000,0.000000,above_band_high
2026-07-27T08:19:00Z,94.2596,0.000000,0.000000,0.000000,above_band_high
2026-07-27T08:20:00Z,94.2550,0.000000,0.000000,0.000000,above_band_high
2026-07-27T08:21:00Z,94.2443,0.000000,0.000000,0.000000,above_band_high
2026-07-27T08:22:00Z,94.2275,0.000000,0.000000,0.000000,above_band_high
2026-07-27T08:23:00Z,94.2672,0.000000,0.000000,0.000000,above_band_high
2026-07-27T08:24:00Z,94.2733,0.000000,0.000000,0.000000,above_band_high
2026-07-27T08:25:00Z,94.2367,0.000000,0.000000,0.000000,above_band_high
2026-07-27T08:26:00Z,94.2550,0.000000,0.000000,0.000000,above_band_high
2026-07-27T08:27:00Z,94.2733,0.000000,0.000000,0.000000,above_band_high
2026-07-27T08:28:00Z,94.2275,0.000000,0.000000,0.000000,above_band_high
2026-07-27T08:29:00Z,94.2779,0.000000,0.000000,0.000000,above_band_high
2026-07-27T08:30:00Z,94.3175,0.000000,0.000000,0.000000,above_band_high
2026-07-27T08:31:00Z,94.2824,0.000000,0.000000,0.000000,above_band_high
2026-07-27T08:32:00Z,94.2901,0.000000,0.000000,0.000000,above_band_high
2026-07-27T08:33:00Z,94.3008,0.000000,0.000000,0.000000,above_band_high
2026-07-27T08:34:00Z,94.2901,0.000000,0.000000,0.000000,above_band_high
2026-07-27T08:35:00Z,94.2641,0.000000,0.000000,0.000000,above_band_high
2026-07-27T08:36:00Z,94.2947,0.000000,0.000000,0.000000,above_band_high
2026-07-27T08:37:00Z,94.3084,0.000000,0.000000,0.000000,above_band_high
2026-07-27T08:38:00Z,94.3053,0.000000,0.000000,0.000000,above_band_high
2026-07-27T08:39:00Z,94.2962,0.000000,0.000000,0.000000,above_band_high
2026-07-27T08:40:00Z,94.3282,0.000000,0.000000,0.000000,above_band_high
2026-07-27T08:41:00Z,94.3450,0.000000,0.000000,0.000000,above_band_high
2026-07-27T08:42:00Z,94.2763,0.000000,0.000000,0.000000,above_band_high
2026-07-27T08:43:00Z,94.2763,0.000000,0.000000,0.000000,above_band_high
2026-07-27T08:44:00Z,94.3221,0.000000,0.000000,0.000000,above_band_high
2026-07-27T08:45:00Z,94.2962,0.000000,0.000000,0.000000,above_band_high
2026-07-27T08:46:00Z,94.2718,0.000000,0.000000,0.000000,above_band_high
2026-07-27T08:47:00Z,94.3221,0.000000,0.000000,0.000000,above_band_high
2026-07-27T08:48:00Z,94.2901,0.000000,0.000000,0.000000,above_band_high
2026-07-27T08:49:00Z,94.3053,0.000000,0.000000,0.000000,above_band_high
2026-07-27T08:50:00Z,94.3511,0.000000,0.000000,0.000000,above_band_high
2026-07-27T08:51:00Z,94.2824,0.000000,0.000000,0.000000,above_band_high
2026-07-27T08:52:00Z,94.2962,0.000000,0.000000,0.000000,above_band_high
2026-07-27T08:53:00Z,94.2870,0.000000,0.000000,0.000000,above_band_high
2026-07-27T08:54:00Z,94.3099,0.000000,0.000000,0.000000,above_band_high
2026-07-27T08:55:00Z,94.3221,0.000000,0.000000,0.000000,above_band_high
2026-07-27T08:56:00Z,94.2824,0.000000,0.000000,0.000000,above_band_high
2026-07-27T08:57:00Z,94.3038,0.000000,0.000000,0.000000,above_band_high
2026-07-27T08:58:00Z,94.2992,0.000000,0.000000,0.000000,above_band_high
2026-07-27T08:59:00Z,94.3053,0.000000,0.000000,0.000000,above_band_high
2026-07-27T09:00:00Z,94.2916,0.000000,0.000000,0.000000,above_band_high
2026-07-27T09:01:00Z,94.3130,0.000000,0.000000,0.000000,above_band_high
2026-07-27T09:02:00Z,94.2824,0.000000,0.000000,0.000000,above_band_high
2026-07-27T09:03:00Z,94.2916,0.000000,0.000000,0.000000,above_band_high
2026-07-27T09:04:00Z,94.3038,0.000000,0.000000,0.000000,above_band_high
2026-07-27T09:05:00Z,94.2855,0.000000,0.000000,0.000000,above_band_high
2026-07-27T09:06:00Z,94.2962,0.000000,0.000000,0.000000,above_band_high
2026-07-27T09:07:00Z,94.2641,0.000000,0.000000,0.000000,above_band_high
2026-07-27T09:08:00Z,94.2916,0.000000,0.000000,0.000000,above_band_high
2026-07-27T09:09:00Z,94.2855,0.000000,0.000000,0.000000,above_band_high
2026-07-27T09:10:00Z,94.2718,0.000000,0.000000,0.000000,above_band_high
2026-07-27T09:11:00Z,94.2962,0.000000,0.000000,0.000000,above_band_high
2026-07-27T09:12:00Z,94.2916,0.000000,0.000000,0.000000,above_band_high
2026-07-27T09:13:00Z,94.2962,0.000000,0.000000,0.000000,above_band_high
2026-07-27T09:14:00Z,94.3145,0.000000,0.000000,0.000000,above_band_high
2026-07-27T09:15:00Z,94.3130,0.000000,0.000000,0.000000,above_band_high
2026-07-27T09:16:00Z,94.2809,0.000000,0.000000,0.000000,above_band_high
2026-07-27T09:17:00Z,94.3145,0.000000,0.000000,0.000000,above_band_high
2026-07-27T09:18:00Z,94.3130,0.000000,0.000000,0.000000,above_band_high
2026-07-27T09:19:00Z,94.3221,0.000000,0.000000,0.000000,above_band_high
2026-07-27T09:20:00Z,94.3145,0.000000,0.000000,0.000000,above_band_high
2026-07-27T09:21:00Z,94.3374,0.000000,0.000000,0.000000,above_band_high
2026-07-27T09:22:00Z,94.3557,0.000000,0.000000,0.000000,above_band_high
2026-07-27T09:23:00Z,94.3725,0.000000,0.000000,0.000000,above_band_high
2026-07-27T09:24:00Z,94.3450,0.000000,0.000000,0.000000,above_band_high
2026-07-27T09:25:00Z,94.3862,0.000000,0.000000,0.000000,above_band_high
2026-07-27T09:26:00Z,94.3450,0.000000,0.000000,0.000000,above_band_high
2026-07-27T09:27:00Z,94.3786,0.000000,0.000000,0.000000,above_band_high
2026-07-27T09:28:00Z,94.3725,0.000000,0.000000,0.000000,above_band_high
2026-07-27T09:29:00Z,94.3862,0.000000,0.000000,0.000000,above_band_high
2026-07-27T09:30:00Z,94.3832,0.000000,0.000000,0.000000,above_band_high
2026-07-27T09:31:00Z,94.3969,0.000000,0.000000,0.000000,above_band_high
2026-07-27T09:32:00Z,94.4091,0.000000,0.000000,0.000000,above_band_high
2026-07-27T09:33:00Z,94.4152,0.000000,0.000000,0.000000,above_band_high
2026-07-27T09:34:00Z,94.3999,0.000000,0.000000,0.000000,above_band_high
2026-07-27T09:35:00Z,94.4091,0.000000,0.000000,0.000000,above_band_high
2026-07-27T09:36:00Z,94.3908,0.000000,0.000000,0.000000,above_band_high
2026-07-27T09:37:00Z,94.3832,0.000000,0.000000,0.000000,above_band_high
2026-07-27T09:38:00Z,94.3862,0.000000,0.000000,0.000000,above_band_high
2026-07-27T09:39:00Z,94.3679,0.000000,0.000000,0.000000,above_band_high
2026-07-27T09:40:00Z,94.3679,0.000000,0.000000,0.000000,above_band_high
2026-07-27T09:41:00Z,94.4091,0.000000,0.000000,0.000000,above_band_high
2026-07-27T09:42:00Z,94.4335,0.000000,0.000000,0.000000,above_band_high
2026-07-27T09:43:00Z,94.4289,0.000000,0.000000,0.000000,above_band_high
2026-07-27T09:44:00Z,94.4106,0.000000,0.000000,0.000000,above_band_high
2026-07-27T09:45:00Z,94.3877,0.000000,0.000000,0.000000,above_band_high
2026-07-27T09:46:00Z,94.3557,0.000000,0.000000,0.000000,above_band_high
2026-07-27T09:47:00Z,94.3404,0.000000,0.000000,0.000000,above_band_high
2026-07-27T09:48:00Z,94.3740,0.000000,0.000000,0.000000,above_band_high
2026-07-27T09:49:00Z,94.3328,0.000000,0.000000,0.000000,above_band_high
2026-07-27T09:50:00Z,94.3084,0.000000,0.000000,0.000000,above_band_high
2026-07-27T09:51:00Z,94.3130,0.000000,0.000000,0.000000,above_band_high
2026-07-27T09:52:00Z,94.3130,0.000000,0.000000,0.000000,above_band_high
2026-07-27T09:53:00Z,94.3191,0.000000,0.000000,0.000000,above_band_high
2026-07-27T09:54:00Z,94.3145,0.000000,0.000000,0.000000,above_band_high
2026-07-27T09:55:00Z,94.3084,0.000000,0.000000,0.000000,above_band_high
2026-07-27T09:56:00Z,94.2779,0.000000,0.000000,0.000000,above_band_high
2026-07-27T09:57:00Z,94.3053,0.000000,0.000000,0.000000,above_band_high
2026-07-27T09:58:00Z,94.2901,0.000000,0.000000,0.000000,above_band_high
2026-07-27T09:59:00Z,94.2779,0.000000,0.000000,0.000000,above_band_high
2026-07-27T10:00:00Z,94.2626,0.000000,0.000000,0.000000,above_band_high
2026-07-27T10:01:00Z,94.2916,0.000000,0.000000,0.000000,above_band_high
2026-07-27T10:02:00Z,94.2306,0.000000,0.000000,0.000000,above_band_high
2026-07-27T10:03:00Z,94.2092,0.000000,0.000000,0.000000,above_band_high
2026-07-27T10:04:00Z,94.1863,0.000000,0.000000,0.000000,above_band_high
2026-07-27T10:05:00Z,94.2306,0.000000,0.000000,0.000000,above_band_high
2026-07-27T10:06:00Z,94.2092,0.000000,0.000000,0.000000,above_band_high
2026-07-27T10:07:00Z,94.2321,0.000000,0.000000,0.000000,above_band_high
2026-07-27T10:08:00Z,94.2092,0.000000,0.000000,0.000000,above_band_high
2026-07-27T10:09:00Z,94.1985,0.000000,0.000000,0.000000,above_band_high
2026-07-27T10:10:00Z,94.2321,0.000000,0.000000,0.000000,above_band_high
2026-07-27T10:11:00Z,94.1573,0.000000,0.000000,0.000000,above_band_high
2026-07-27T10:12:00Z,94.2168,0.000000,0.000000,0.000000,above_band_high
2026-07-27T10:13:00Z,94.1756,0.000000,0.000000,0.000000,above_band_high
2026-07-27T10:14:00Z,94.2092,0.000000,0.000000,0.000000,above_band_high
2026-07-27T10:15:00Z,94.1863,0.000000,0.000000,0.000000,above_band_high
2026-07-27T10:16:00Z,94.1985,0.000000,0.000000,0.000000,above_band_high
2026-07-27T10:17:00Z,94.1802,0.000000,0.000000,0.000000,above_band_high
2026-07-27T10:18:00Z,94.1848,0.000000,0.000000,0.000000,above_band_high
2026-07-27T10:19:00Z,94.1756,0.000000,0.000000,0.000000,above_band_high
2026-07-27T10:20:00Z,94.1588,0.000000,0.000000,0.000000,above_band_high
2026-07-27T10:21:00Z,94.1680,0.000000,0.000000,0.000000,above_band_high
2026-07-27T10:22:00Z,94.2123,0.000000,0.000000,0.000000,above_band_high
2026-07-27T10:23:00Z,94.1527,0.000000,0.000000,0.000000,above_band_high
2026-07-27T10:24:00Z,94.1848,0.000000,0.000000,0.000000,above_band_high
2026-07-27T10:25:00Z,94.1909,0.000000,0.000000,0.000000,above_band_high
2026-07-27T10:26:00Z,94.1939,0.000000,0.000000,0.000000,above_band_high
2026-07-27T10:27:00Z,94.1985,0.000000,0.000000,0.000000,above_band_high
2026-07-27T10:28:00Z,94.1863,0.000000,0.000000,0.000000,above_band_high
2026-07-27T10:29:00Z,94.2031,0.000000,0.000000,0.000000,above_band_high
2026-07-27T10:30:00Z,94.2123,0.000000,0.000000,0.000000,above_band_high
2026-07-27T10:31:00Z,94.2367,0.000000,0.000000,0.000000,above_band_high
2026-07-27T10:32:00Z,94.2397,0.000000,0.000000,0.000000,above_band_high
2026-07-27T10:33:00Z,94.2443,0.000000,0.000000,0.000000,above_band_high
2026-07-27T10:34:00Z,94.2641,0.000000,0.000000,0.000000,above_band_high
2026-07-27T10:35:00Z,94.2733,0.000000,0.000000,0.000000,above_band_high
2026-07-27T10:36:00Z,94.2550,0.000000,0.000000,0.000000,above_band_high
2026-07-27T10:37:00Z,94.2779,0.000000,0.000000,0.000000,above_band_high
2026-07-27T10:38:00Z,94.2763,0.000000,0.000000,0.000000,above_band_high
2026-07-27T10:39:00Z,94.2962,0.000000,0.000000,0.000000,above_band_high
2026-07-27T10:40:00Z,94.3267,0.000000,0.000000,0.000000,above_band_high
2026-07-27T10:41:00Z,94.2824,0.000000,0.000000,0.000000,above_band_high
2026-07-27T10:42:00Z,94.3099,0.000000,0.000000,0.000000,above_band_high
2026-07-27T10:43:00Z,94.3145,0.000000,0.000000,0.000000,above_band_high
2026-07-27T10:44:00Z,94.2870,0.000000,0.000000,0.000000,above_band_high
2026-07-27T10:45:00Z,94.2916,0.000000,0.000000,0.000000,above_band_high
2026-07-27T10:46:00Z,94.2641,0.000000,0.000000,0.000000,above_band_high
2026-07-27T10:47:00Z,94.2763,0.000000,0.000000,0.000000,above_band_high
2026-07-27T10:48:00Z,94.2550,0.000000,0.000000,0.000000,above_band_high
2026-07-27T10:49:00Z,94.2550,0.000000,0.000000,0.000000,above_band_high
2026-07-27T10:50:00Z,94.2412,0.000000,0.000000,0.000000,above_band_high
2026-07-27T10:51:00Z,94.2489,0.000000,0.000000,0.000000,above_band_high
2026-07-27T10:52:00Z,94.1894,0.000000,0.000000,0.000000,above_band_high
2026-07-27T10:53:00Z,94.2138,0.000000,0.000000,0.000000,above_band_high
2026-07-27T10:54:00Z,94.1772,0.000000,0.000000,0.000000,above_band_high
2026-07-27T10:55:00Z,94.1955,0.000000,0.000000,0.000000,above_band_high
2026-07-27T10:56:00Z,94.1772,0.000000,0.000000,0.000000,above_band_high
2026-07-27T10:57:00Z,94.2229,0.000000,0.000000,0.000000,above_band_high
2026-07-27T10:58:00Z,94.2000,0.000000,0.000000,0.000000,above_band_high
2026-07-27T10:59:00Z,94.1939,0.000000,0.000000,0.000000,above_band_high
2026-07-27T11:00:00Z,94.1665,0.000000,0.000000,0.000000,above_band_high
2026-07-27T11:01:00Z,94.1665,0.000000,0.000000,0.000000,above_band_high
2026-07-27T11:02:00Z,94.1588,0.000000,0.000000,0.000000,above_band_high
2026-07-27T11:03:00Z,94.1848,0.000000,0.000000,0.000000,above_band_high
2026-07-27T11:04:00Z,94.1726,0.000000,0.000000,0.000000,above_band_high
2026-07-27T11:05:00Z,94.1573,0.000000,0.000000,0.000000,above_band_high
2026-07-27T11:06:00Z,94.1711,0.000000,0.000000,0.000000,above_band_high
2026-07-27T11:07:00Z,94.1726,0.000000,0.000000,0.000000,above_band_high
2026-07-27T11:08:00Z,94.1634,0.000000,0.000000,0.000000,above_band_high
2026-07-27T11:09:00Z,94.1451,0.000000,0.000000,0.000000,above_band_high
2026-07-27T11:10:00Z,94.1436,0.000000,0.000000,0.000000,above_band_high
2026-07-27T11:11:00Z,94.1772,0.000000,0.000000,0.000000,above_band_high
2026-07-27T11:12:00Z,94.1634,0.000000,0.000000,0.000000,above_band_high
2026-07-27T11:13:00Z,94.1619,0.000000,0.000000,0.000000,above_band_high
2026-07-27T11:14:00Z,94.1253,0.000000,0.000000,0.000000,above_band_high
2026-07-27T11:15:00Z,94.1070,0.000000,0.000000,0.000000,above_band_high
2026-07-27T11:16:00Z,94.1360,0.000000,0.000000,0.000000,above_band_high
2026-07-27T11:17:00Z,94.1527,0.000000,0.000000,0.000000,above_band_high
2026-07-27T11:18:00Z,94.1451,0.000000,0.000000,0.000000,above_band_high
2026-07-27T11:19:00Z,94.1222,0.000000,0.000000,0.000000,above_band_high
2026-07-27T11:20:00Z,94.1222,0.000000,0.000000,0.000000,above_band_high
2026-07-27T11:21:00Z,94.1588,0.000000,0.000000,0.000000,above_band_high
2026-07-27T11:22:00Z,94.1085,0.000000,0.000000,0.000000,above_band_high
2026-07-27T11:23:00Z,94.1131,0.000000,0.000000,0.000000,above_band_high
2026-07-27T11:24:00Z,94.1024,0.000000,0.000000,0.000000,above_band_high
2026-07-27T11:25:00Z,94.1482,0.000000,0.000000,0.000000,above_band_high
2026-07-27T11:26:00Z,94.1253,0.000000,0.000000,0.000000,above_band_high
2026-07-27T11:27:00Z,94.1131,0.000000,0.000000,0.000000,above_band_high
2026-07-27T11:28:00Z,94.1024,0.000000,0.000000,0.000000,above_band_high
2026-07-27T11:29:00Z,94.1024,0.000000,0.000000,0.000000,above_band_high
2026-07-27T11:30:00Z,94.1131,0.000000,0.000000,0.000000,above_band_high
2026-07-27T11:31:00Z,94.0978,0.000000,0.000000,0.000000,above_band_high
2026-07-27T11:32:00Z,94.0932,0.000000,0.000000,0.000000,above_band_high
2026-07-27T11:33:00Z,94.0841,0.000000,0.000000,0.000000,above_band_high
2026-07-27T11:34:00Z,94.0902,0.000000,0.000000,0.000000,above_band_high
2026-07-27T11:35:00Z,94.1176,0.000000,0.000000,0.000000,above_band_high
2026-07-27T11:36:00Z,94.0627,0.000000,0.000000,0.000000,above_band_high
2026-07-27T11:37:00Z,94.0810,0.000000,0.000000,0.000000,above_band_high
2026-07-27T11:38:00Z,94.0383,0.000000,0.000000,0.000000,above_band_high
2026-07-27T11:39:00Z,94.0291,0.000000,0.000000,0.000000,above_band_high
2026-07-27T11:40:00Z,94.0352,0.000000,0.000000,0.000000,above_band_high
2026-07-27T11:41:00Z,94.0307,0.000000,0.000000,0.000000,above_band_high
2026-07-27T11:42:00Z,94.0169,0.000000,0.000000,0.000000,above_band_high
2026-07-27T11:43:00Z,94.0246,0.000000,0.000000,0.000000,above_band_high
2026-07-27T11:44:00Z,94.0124,0.000000,0.000000,0.000000,above_band_high
2026-07-27T11:45:00Z,94.0078,0.000000,0.000000,0.000000,above_band_high
2026-07-27T11:46:00Z,94.0200,0.000000,0.000000,0.000000,above_band_high
2026-07-27T11:47:00Z,93.9803,0.000000,0.000000,0.000000,above_band_high
2026-07-27T11:48:00Z,94.0154,0.000000,0.000000,0.000000,above_band_high
2026-07-27T11:49:00Z,93.9971,0.000000,0.000000,0.000000,above_band_high
2026-07-27T11:50:00Z,93.9940,0.000000,0.000000,0.000000,above_band_high
2026-07-27T11:51:00Z,93.9330,0.000000,0.000000,0.000000,above_band_high
2026-07-27T11:52:00Z,93.9803,0.000000,0.000000,0.000000,above_band_high
2026-07-27T11:53:00Z,93.9055,0.000000,0.000000,0.000000,above_band_high
2026-07-27T11:54:00Z,93.9055,0.000000,0.000000,0.000000,above_band_high
2026-07-27T11:55:00Z,93.9254,0.000000,0.000000,0.000000,above_band_high
2026-07-27T11:56:00Z,93.8888,0.000000,0.000000,0.000000,above_band_high
2026-07-27T11:57:00Z,93.8933,0.000000,0.000000,0.000000,above_band_high
2026-07-27T11:58:00Z,93.8933,0.000000,0.000000,0.000000,above_band_high
2026-07-27T11:59:00Z,93.8552,0.000000,0.000000,0.000000,above_band_high
2026-07-27T12:00:00Z,93.8521,0.000000,0.000000,0.000000,above_band_high
2026-07-27T12:01:00Z,93.8247,0.000000,0.000000,0.000000,above_band_high
2026-07-27T12:02:00Z,93.8460,0.000000,0.000000,0.000000,above_band_high
2026-07-27T12:03:00Z,93.8155,0.000000,0.000000,0.000000,above_band_high
2026-07-27T12:04:00Z,93.7911,0.000000,0.000000,0.000000,above_band_high
2026-07-27T12:05:00Z,93.7774,0.000000,0.000000,0.000000,above_band_high
2026-07-27T12:06:00Z,93.8186,0.000000,0.000000,0.000000,above_band_high
2026-07-27T12:07:00Z,93.7636,0.000000,0.000000,0.000000,above_band_high
2026-07-27T12:08:00Z,93.7697,0.000000,0.000000,0.000000,above_band_high
2026-07-27T12:09:00Z,93.7652,0.000000,0.000000,0.000000,above_band_high
2026-07-27T12:10:00Z,93.7881,0.000000,0.000000,0.000000,above_band_high
2026-07-27T12:11:00Z,93.7774,0.000000,0.000000,0.000000,above_band_high
2026-07-27T12:12:00Z,93.7285,0.000000,0.000000,0.000000,above_band_high
2026-07-27T12:13:00Z,93.7652,0.000000,0.000000,0.000000,above_band_high
2026-07-27T12:14:00Z,93.7194,0.000000,0.000000,0.000000,above_band_high
2026-07-27T12:15:00Z,93.7270,0.000000,0.000000,0.000000,above_band_high
2026-07-27T12:16:00Z,93.7453,0.000000,0.000000,0.000000,above_band_high
2026-07-27T12:17:00Z,93.7224,0.000000,0.000000,0.000000,above_band_high
2026-07-27T12:18:00Z,93.7377,0.000000,0.000000,0.000000,above_band_high
2026-07-27T12:19:00Z,93.7499,0.000000,0.000000,0.000000,above_band_high
2026-07-27T12:20:00Z,93.7270,0.000000,0.000000,0.000000,above_band_high
2026-07-27T12:21:00Z,93.7102,0.000000,0.000000,0.000000,above_band_high
2026-07-27T12:22:00Z,93.6767,0.000000,0.000000,0.000000,above_band_high
2026-07-27T12:23:00Z,93.6721,0.000000,0.000000,0.000000,above_band_high
2026-07-27T12:24:00Z,93.6355,0.000000,0.000000,0.000000,above_band_high
2026-07-27T12:25:00Z,93.6080,0.000000,0.000000,0.000000,above_band_high
2026-07-27T12:26:00Z,93.6095,0.000000,0.000000,0.000000,above_band_high
2026-07-27T12:27:00Z,93.5576,0.000000,0.000000,0.000000,above_band_high
2026-07-27T12:28:00Z,93.5348,0.000000,0.000000,0.000000,above_band_high
2026-07-27T12:29:00Z,93.5210,0.000000,0.000000,0.000000,above_band_high
2026-07-27T12:30:00Z,93.5729,0.000000,0.000000,0.000000,above_band_high
2026-07-27T12:31:00Z,93.4798,0.000000,0.000000,0.000000,above_band_high
2026-07-27T12:32:00Z,93.4981,0.000000,0.000000,0.000000,above_band_high
2026-07-27T12:33:00Z,93.4401,0.000000,0.000000,0.000000,above_band_high
2026-07-27T12:34:00Z,93.4630,0.000000,0.000000,0.000000,above_band_high
2026-07-27T12:35:00Z,93.3928,0.000000,0.000000,0.000000,above_band_high
2026-07-27T12:36:00Z,93.4066,0.000000,0.000000,0.000000,above_band_high
2026-07-27T12:37:00Z,93.4112,0.000000,0.000000,0.000000,above_band_high
2026-07-27T12:38:00Z,93.3715,0.000000,0.000000,0.000000,above_band_high
2026-07-27T12:39:00Z,93.3257,0.000000,0.000000,0.000000,above_band_high
2026-07-27T12:40:00Z,93.3257,0.000000,0.000000,0.000000,above_band_high
2026-07-27T12:41:00Z,93.3028,0.000000,0.000000,0.000000,above_band_high
2026-07-27T12:42:00Z,93.3349,0.000000,0.000000,0.000000,above_band_high
2026-07-27T12:43:00Z,93.2479,0.000000,0.000000,0.000000,above_band_high
2026-07-27T12:44:00Z,93.2479,0.000000,0.000000,0.000000,above_band_high
2026-07-27T12:45:00Z,93.2479,0.000000,0.000000,0.000000,above_band_high
2026-07-27T12:46:00Z,93.2235,0.000000,0.000000,0.000000,above_band_high
2026-07-27T12:47:00Z,93.1975,0.000000,0.000000,0.000000,above_band_high
2026-07-27T12:48:00Z,93.1426,0.000000,0.000000,0.000000,above_band_high
2026-07-27T12:49:00Z,93.1365,0.000000,0.000000,0.000000,above_band_high
2026-07-27T12:50:00Z,93.1136,0.000000,0.000000,0.000000,above_band_high
2026-07-27T12:51:00Z,93.0922,0.000000,0.000000,0.000000,above_band_high
2026-07-27T12:52:00Z,93.0922,0.000000,0.000000,0.000000,above_band_high
2026-07-27T12:53:00Z,93.0953,0.000000,0.000000,0.000000,above_band_high
2026-07-27T12:54:00Z,93.0861,0.000000,0.000000,0.000000,above_band_high
2026-07-27T12:55:00Z,93.1334,0.000000,0.000000,0.000000,above_band_high
2026-07-27T12:56:00Z,93.1563,0.000000,0.000000,0.000000,above_band_high
2026-07-27T12:57:00Z,93.1518,0.000000,0.000000,0.000000,above_band_high
2026-07-27T12:58:00Z,93.1472,0.000000,0.000000,0.000000,above_band_high
2026-07-27T12:59:00Z,93.1701,0.000000,0.000000,0.000000,above_band_high
2026-07-27T13:00:00Z,93.1426,0.000000,0.000000,0.000000,above_band_high
2026-07-27T13:01:00Z,93.1609,0.000000,0.000000,0.000000,above_band_high
2026-07-27T13:02:00Z,93.1243,0.000000,0.000000,0.000000,above_band_high
2026-07-27T13:03:00Z,93.1182,0.000000,0.000000,0.000000,above_band_high
2026-07-27T13:04:00Z,93.1014,0.000000,0.000000,0.000000,above_band_high
2026-07-27T13:05:00Z,93.0602,0.000000,0.000000,0.000000,above_band_high
2026-07-27T13:06:00Z,93.0449,0.000000,0.000000,0.000000,above_band_high
2026-07-27T13:07:00Z,92.9717,0.000000,0.000000,0.000000,above_band_high
2026-07-27T13:08:00Z,92.9534,0.000000,0.000000,0.000000,above_band_high
2026-07-27T13:09:00Z,92.9183,0.000000,0.000000,0.000000,above_band_high
2026-07-27T13:10:00Z,92.9030,0.000000,0.000000,0.000000,above_band_high
2026-07-27T13:11:00Z,92.8725,0.000000,0.000000,0.000000,above_band_high
2026-07-27T13:12:00Z,92.8222,0.000000,0.000000,0.000000,above_band_high
2026-07-27T13:13:00Z,92.8023,0.000000,0.000000,0.000000,above_band_high
2026-07-27T13:14:00Z,92.8023,0.000000,0.000000,0.000000,above_band_high
2026-07-27T13:15:00Z,92.7611,0.000000,0.000000,0.000000,above_band_high
2026-07-27T13:16:00Z,92.7718,0.000000,0.000000,0.000000,above_band_high
2026-07-27T13:17:00Z,92.6894,0.000000,0.000000,0.000000,above_band_high
2026-07-27T13:18:00Z,92.6925,0.000000,0.000000,0.000000,above_band_high
2026-07-27T13:19:00Z,92.6787,0.000000,0.000000,0.000000,above_band_high
2026-07-27T13:20:00Z,92.6146,0.000000,0.000000,0.000000,above_band_high
2026-07-27T13:21:00Z,92.6238,0.000000,0.000000,0.000000,above_band_high
2026-07-27T13:22:00Z,92.5917,0.000000,0.000000,0.000000,above_band_high
2026-07-27T13:23:00Z,92.5597,0.000000,0.000000,0.000000,above_band_high
2026-07-27T13:24:00Z,92.5566,0.000000,0.000000,0.000000,above_band_high
2026-07-27T13:25:00Z,92.5505,0.000000,0.000000,0.000000,above_band_high
2026-07-27T13:26:00Z,92.5017,0.000000,0.000000,0.000000,above_band_high
2026-07-27T13:27:00Z,92.4834,0.000000,0.000000,0.000000,above_band_high
2026-07-27T13:28:00Z,92.4590,0.000000,0.000000,0.000000,above_band_high
2026-07-27T13:29:00Z,92.4743,0.000000,0.000000,0.000000,above_band_high
2026-07-27T13:30:00Z,92.3964,0.000000,0.000000,0.000000,above_band_high
2026-07-27T13:31:00Z,92.4147,0.000000,0.000000,0.000000,above_band_high
2026-07-27T13:32:00Z,92.4239,0.000000,0.000000,0.000000,above_band_high
2026-07-27T13:33:00Z,92.3812,0.000000,0.000000,0.000000,above_band_high
2026-07-27T13:34:00Z,92.3629,0.000000,0.000000,0.000000,above_band_high
2026-07-27T13:35:00Z,92.2866,0.000000,0.000000,0.000000,above_band_high
2026-07-27T13:36:00Z,92.2866,0.000000,0.000000,0.000000,above_band_high
2026-07-27T13:37:00Z,92.2591,0.000000,0.000000,0.000000,above_band_high
2026-07-27T13:38:00Z,92.2408,0.000000,0.000000,0.000000,above_band_high
2026-07-27T13:39:00Z,92.2362,0.000000,0.000000,0.000000,above_band_high
2026-07-27T13:40:00Z,92.1904,0.000000,0.000000,0.000000,above_band_high
2026-07-27T13:41:00Z,92.1996,0.000000,0.000000,0.000000,above_band_high
2026-07-27T13:42:00Z,92.1538,0.000000,0.000000,0.000000,above_band_high
2026-07-27T13:43:00Z,92.1538,0.000000,0.000000,0.000000,above_band_high
2026-07-27T13:44:00Z,92.1248,0.000000,0.000000,0.000000,above_band_high
2026-07-27T13:45:00Z,92.1294,0.000000,0.000000,0.000000,above_band_high
2026-07-27T13:46:00Z,92.1447,0.000000,0.000000,0.000000,above_band_high
2026-07-27T13:47:00Z,92.0836,0.000000,0.000000,0.000000,above_band_high
2026-07-27T13:48:00Z,92.0699,0.000000,0.000000,0.000000,above_band_high
2026-07-27T13:49:00Z,92.0577,0.000000,0.000000,0.000000,above_band_high
2026-07-27T13:50:00Z,92.0119,0.000000,0.000000,0.000000,above_band_high
2026-07-27T13:51:00Z,92.0027,0.000000,0.000000,0.000000,above_band_high
2026-07-27T13:52:00Z,91.9600,0.000000,0.000000,0.000000,above_band_high
2026-07-27T13:53:00Z,91.9692,0.000000,0.000000,0.000000,above_band_high
2026-07-27T13:54:00Z,91.9463,0.000000,0.000000,0.000000,above_band_high
2026-07-27T13:55:00Z,91.9020,0.000000,0.000000,0.000000,above_band_high
2026-07-27T13:56:00Z,91.8456,0.000000,0.000000,0.000000,above_band_high
2026-07-27T13:57:00Z,91.8502,0.000000,0.000000,0.000000,above_band_high
2026-07-27T13:58:00Z,91.7876,0.000000,0.000000,0.000000,above_band_high
2026-07-27T13:59:00Z,91.7540,0.000000,0.000000,0.000000,above_band_high
2026-07-27T14:00:00Z,91.7327,0.000000,0.000000,0.000000,above_band_high
2026-07-27T14:01:00Z,91.7281,0.000000,0.000000,0.000000,above_band_high
2026-07-27T14:02:00Z,91.6487,0.000000,0.000000,0.000000,above_band_high
2026-07-27T14:03:00Z,91.6442,0.000000,0.000000,0.000000,above_band_high
2026-07-27T14:04:00Z,91.6167,0.000000,0.000000,0.000000,above_band_high
2026-07-27T14:05:00Z,91.5892,0.000000,0.000000,0.000000,above_band_high
2026-07-27T14:06:00Z,91.5755,0.000000,0.000000,0.000000,above_band_high
2026-07-27T14:07:00Z,91.5496,0.000000,0.000000,0.000000,above_band_high
2026-07-27T14:08:00Z,91.5312,0.000000,0.000000,0.000000,above_band_high
2026-07-27T14:08:13Z,91.4839,0.000000,0.003481,0.003481,in_band
2026-07-27T14:09:11Z,91.4839,0.000000,0.002293,0.002293,in_band
2026-07-27T14:09:27Z,91.5068,0.000902,0.000000,-0.000902,above_band_high
2026-07-27T14:11:30Z,91.4488,0.000264,0.000317,0.000053,in_band
2026-07-27T14:11:59Z,91.3756,0.000163,0.000196,0.000033,in_band
2026-07-27T14:12:00Z,91.3756,0.000161,0.000193,0.000032,in_band
2026-07-27T14:12:59Z,91.3848,0.000061,0.000073,0.000012,in_band
2026-07-27T14:13:00Z,91.3848,0.000060,0.000072,0.000012,in_band
2026-07-27T14:13:59Z,91.3649,0.000022,0.000027,0.000004,in_band
2026-07-27T14:14:00Z,91.3649,0.000022,0.000027,0.000004,in_band
2026-07-27T14:14:59Z,91.3008,0.000008,0.000010,0.000002,in_band
2026-07-27T14:15:00Z,91.3008,0.000008,0.000010,0.000002,in_band
2026-07-27T14:15:59Z,91.3191,0.000003,0.000004,0.000001,in_band
2026-07-27T14:16:00Z,91.3191,0.000003,0.000004,0.000001,in_band
2026-07-27T14:16:59Z,91.2886,0.000001,0.000001,0.000000,in_band
2026-07-27T14:17:00Z,91.2886,0.000001,0.000001,0.000000,in_band
2026-07-27T14:17:59Z,91.2871,0.000000,0.000001,0.000000,in_band
2026-07-27T14:18:00Z,91.2871,0.000000,0.000001,0.000000,in_band
2026-07-27T14:18:59Z,91.2657,0.000000,0.000000,0.000000,in_band
2026-07-27T14:19:00Z,91.2657,0.000000,0.000000,0.000000,in_band
2026-07-27T14:19:59Z,91.1955,0.000000,0.000000,0.000000,in_band
2026-07-27T14:20:00Z,91.1955,0.000000,0.000000,0.000000,in_band
2026-07-27T14:20:59Z,91.1376,0.000000,0.000000,0.000000,in_band
2026-07-27T14:21:00Z,91.1376,0.000000,0.000000,0.000000,in_band
2026-07-27T14:21:59Z,91.0918,0.000000,0.000000,0.000000,in_band
2026-07-27T14:22:00Z,91.0918,0.000000,0.000000,0.000000,in_band
2026-07-27T14:22:59Z,91.0643,0.000000,0.000000,0.000000,in_band
2026-07-27T14:23:00Z,91.0643,0.000000,0.000000,0.000000,in_band
2026-07-27T14:23:59Z,91.0964,0.000000,0.000000,0.000000,in_band
2026-07-27T14:24:00Z,91.0964,0.000000,0.000000,0.000000,in_band
2026-07-27T14:24:59Z,91.0628,0.000000,0.000000,0.000000,in_band
2026-07-27T14:25:00Z,91.0628,0.000000,0.000000,0.000000,in_band
2026-07-27T14:25:59Z,91.0536,0.000000,0.000000,0.000000,in_band
2026-07-27T14:26:00Z,91.0536,0.000000,0.000000,0.000000,in_band
2026-07-27T14:26:59Z,91.0307,0.000000,0.000000,0.000000,in_band
2026-07-27T14:27:00Z,91.0307,0.000000,0.000000,0.000000,in_band
2026-07-27T14:27:59Z,91.0597,0.000000,0.000000,0.000000,in_band
2026-07-27T14:28:00Z,91.0597,0.000000,0.000000,0.000000,in_band
2026-07-27T14:28:59Z,91.0369,0.000000,0.000000,0.000000,in_band
2026-07-27T14:29:00Z,91.0369,0.000000,0.000000,0.000000,in_band
2026-07-27T14:29:59Z,91.0002,0.000000,0.000000,0.000000,in_band
2026-07-27T14:30:00Z,91.0002,0.000000,0.000000,0.000000,in_band
2026-07-27T14:30:59Z,90.9590,0.000000,0.000000,0.000000,in_band
2026-07-27T14:31:00Z,90.9590,0.000000,0.000000,0.000000,in_band
2026-07-27T14:31:59Z,90.9865,0.000000,0.000000,0.000000,in_band
2026-07-27T14:32:00Z,90.9865,0.000000,0.000000,0.000000,in_band
2026-07-27T14:32:59Z,91.0323,0.000000,0.000000,0.000000,in_band
2026-07-27T14:33:00Z,91.0323,0.000000,0.000000,0.000000,in_band
2026-07-27T14:33:59Z,91.0353,0.000000,0.000000,0.000000,in_band
2026-07-27T14:34:00Z,91.0353,0.000000,0.000000,0.000000,in_band
2026-07-27T14:34:59Z,91.0216,0.000000,0.000000,0.000000,in_band
2026-07-27T14:35:00Z,91.0216,0.000000,0.000000,0.000000,in_band
2026-07-27T14:35:59Z,91.0124,0.000000,0.000000,0.000000,in_band
2026-07-27T14:36:00Z,91.0124,0.000000,0.000000,0.000000,in_band
2026-07-27T14:36:59Z,91.0414,0.000000,0.000000,0.000000,in_band
2026-07-27T14:37:00Z,91.0414,0.000000,0.000000,0.000000,in_band
2026-07-27T14:37:59Z,91.0460,0.000000,0.000000,0.000000,in_band
2026-07-27T14:38:00Z,91.0460,0.000000,0.000000,0.000000,in_band
2026-07-27T14:38:59Z,91.0857,0.000000,0.000000,0.000000,in_band
2026-07-27T14:39:00Z,91.0857,0.000000,0.000000,0.000000,in_band
2026-07-27T14:39:59Z,91.0872,0.000000,0.000000,0.000000,in_band
2026-07-27T14:40:00Z,91.0872,0.000000,0.000000,0.000000,in_band
2026-07-27T14:40:59Z,91.0780,0.000000,0.000000,0.000000,in_band
2026-07-27T14:41:00Z,91.0780,0.000000,0.000000,0.000000,in_band
2026-07-27T14:41:59Z,91.0872,0.000000,0.000000,0.000000,in_band
2026-07-27T14:42:00Z,91.0872,0.000000,0.000000,0.000000,in_band
2026-07-27T14:42:59Z,91.1589,0.000000,0.000000,0.000000,in_band
2026-07-27T14:43:00Z,91.1589,0.000000,0.000000,0.000000,in_band
2026-07-27T14:43:59Z,91.1376,0.000000,0.000000,0.000000,in_band
2026-07-27T14:44:00Z,91.1376,0.000000,0.000000,0.000000,in_band
2026-07-27T14:44:59Z,91.1452,0.000000,0.000000,0.000000,in_band
2026-07-27T14:45:00Z,91.1452,0.000000,0.000000,0.000000,in_band
2026-07-27T14:45:59Z,91.1818,0.000000,0.000000,0.000000,in_band
2026-07-27T14:46:00Z,91.1818,0.000000,0.000000,0.000000,in_band
2026-07-27T14:46:59Z,91.2108,0.000000,0.000000,0.000000,in_band
2026-07-27T14:47:00Z,91.2108,0.000000,0.000000,0.000000,in_band
2026-07-27T14:47:59Z,91.2612,0.000000,0.000000,0.000000,in_band
2026-07-27T14:48:00Z,91.2612,0.000000,0.000000,0.000000,in_band
2026-07-27T14:48:59Z,91.2062,0.000000,0.000000,0.000000,in_band
2026-07-27T14:49:00Z,91.2062,0.000000,0.000000,0.000000,in_band
2026-07-27T14:49:59Z,91.2139,0.000000,0.000000,0.000000,in_band
2026-07-27T14:50:00Z,91.2139,0.000000,0.000000,0.000000,in_band
2026-07-27T14:50:59Z,91.2566,0.000000,0.000000,0.000000,in_band
2026-07-27T14:51:00Z,91.2566,0.000000,0.000000,0.000000,in_band
2026-07-27T14:51:59Z,91.2047,0.000000,0.000000,0.000000,in_band
2026-07-27T14:52:00Z,91.2047,0.000000,0.000000,0.000000,in_band
2026-07-27T14:52:59Z,91.2566,0.000000,0.000000,0.000000,in_band
2026-07-27T14:53:00Z,91.2566,0.000000,0.000000,0.000000,in_band
2026-07-27T14:53:59Z,91.2200,0.000000,0.000000,0.000000,in_band
2026-07-27T14:54:00Z,91.2200,0.000000,0.000000,0.000000,in_band
2026-07-27T14:54:59Z,91.1696,0.000000,0.000000,0.000000,in_band
2026-07-27T14:55:00Z,91.1696,0.000000,0.000000,0.000000,in_band
2026-07-27T14:55:59Z,91.2139,0.000000,0.000000,0.000000,in_band
2026-07-27T14:56:00Z,91.2139,0.000000,0.000000,0.000000,in_band
2026-07-27T14:56:59Z,91.1955,0.000000,0.000000,0.000000,in_band
2026-07-27T14:57:00Z,91.1955,0.000000,0.000000,0.000000,in_band
2026-07-27T14:57:59Z,91.2230,0.000000,0.000000,0.000000,in_band
2026-07-27T14:58:00Z,91.2230,0.000000,0.000000,0.000000,in_band
2026-07-27T14:58:59Z,91.2062,0.000000,0.000000,0.000000,in_band
2026-07-27T14:59:00Z,91.2062,0.000000,0.000000,0.000000,in_band
2026-07-27T14:59:59Z,91.2383,0.000000,0.000000,0.000000,in_band
2026-07-27T15:00:00Z,91.2383,0.000000,0.000000,0.000000,in_band
2026-07-27T15:00:59Z,91.2108,0.000000,0.000000,0.000000,in_band
2026-07-27T15:01:00Z,91.2108,0.000000,0.000000,0.000000,in_band
2026-07-27T15:01:59Z,91.2367,0.000000,0.000000,0.000000,in_band
2026-07-27T15:02:00Z,91.2367,0.000000,0.000000,0.000000,in_band
2026-07-27T15:02:59Z,91.2520,0.000000,0.000000,0.000000,in_band
2026-07-27T15:03:00Z,91.2520,0.000000,0.000000,0.000000,in_band
2026-07-27T15:03:59Z,91.2337,0.000000,0.000000,0.000000,in_band
2026-07-27T15:04:00Z,91.2337,0.000000,0.000000,0.000000,in_band
2026-07-27T15:04:59Z,91.2413,0.000000,0.000000,0.000000,in_band
2026-07-27T15:05:00Z,91.2413,0.000000,0.000000,0.000000,in_band
2026-07-27T15:05:59Z,91.2505,0.000000,0.000000,0.000000,in_band
2026-07-27T15:06:00Z,91.2505,0.000000,0.000000,0.000000,in_band
2026-07-27T15:06:59Z,91.2276,0.000000,0.000000,0.000000,in_band
2026-07-27T15:07:00Z,91.2276,0.000000,0.000000,0.000000,in_band
2026-07-27T15:07:59Z,91.2001,0.000000,0.000000,0.000000,in_band
2026-07-27T15:08:00Z,91.2001,0.000000,0.000000,0.000000,in_band
2026-07-27T15:08:59Z,91.2062,0.000000,0.000000,0.000000,in_band
2026-07-27T15:09:00Z,91.2062,0.000000,0.000000,0.000000,in_band
2026-07-27T15:09:59Z,91.1818,0.000000,0.000000,0.000000,in_band
2026-07-27T15:10:00Z,91.1818,0.000000,0.000000,0.000000,in_band
2026-07-27T15:10:59Z,91.2062,0.000000,0.000000,0.000000,in_band
2026-07-27T15:11:00Z,91.2062,0.000000,0.000000,0.000000,in_band
2026-07-27T15:11:59Z,91.2230,0.000000,0.000000,0.000000,in_band
2026-07-27T15:12:00Z,91.2230,0.000000,0.000000,0.000000,in_band
2026-07-27T15:12:59Z,91.1910,0.000000,0.000000,0.000000,in_band
2026-07-27T15:13:00Z,91.1910,0.000000,0.000000,0.000000,in_band
2026-07-27T15:13:59Z,91.1925,0.000000,0.000000,0.000000,in_band
2026-07-27T15:14:00Z,91.1925,0.000000,0.000000,0.000000,in_band
2026-07-27T15:14:59Z,91.1788,0.000000,0.000000,0.000000,in_band
2026-07-27T15:15:00Z,91.1788,0.000000,0.000000,0.000000,in_band
2026-07-27T15:15:59Z,91.1559,0.000000,0.000000,0.000000,in_band
2026-07-27T15:16:00Z,91.1559,0.000000,0.000000,0.000000,in_band
2026-07-27T15:16:59Z,91.1223,0.000000,0.000000,0.000000,in_band
2026-07-27T15:17:00Z,91.1223,0.000000,0.000000,0.000000,in_band
2026-07-27T15:17:59Z,91.1376,0.000000,0.000000,0.000000,in_band
2026-07-27T15:18:00Z,91.1376,0.000000,0.000000,0.000000,in_band
2026-07-27T15:18:59Z,91.1284,0.000000,0.000000,0.000000,in_band
2026-07-27T15:19:00Z,91.1284,0.000000,0.000000,0.000000,in_band
2026-07-27T15:19:59Z,91.1147,0.000000,0.000000,0.000000,in_band
2026-07-27T15:20:00Z,91.1147,0.000000,0.000000,0.000000,in_band
2026-07-27T15:20:59Z,91.0719,0.000000,0.000000,0.000000,in_band
2026-07-27T15:21:00Z,91.0719,0.000000,0.000000,0.000000,in_band
2026-07-27T15:21:59Z,91.0765,0.000000,0.000000,0.000000,in_band
2026-07-27T15:22:00Z,91.0765,0.000000,0.000000,0.000000,in_band
2026-07-27T15:22:59Z,91.0765,0.000000,0.000000,0.000000,in_band
2026-07-27T15:23:00Z,91.0765,0.000000,0.000000,0.000000,in_band
2026-07-27T15:23:59Z,91.0628,0.000000,0.000000,0.000000,in_band
2026-07-27T15:24:00Z,91.0628,0.000000,0.000000,0.000000,in_band
2026-07-27T15:24:59Z,91.0826,0.000000,0.000000,0.000000,in_band
2026-07-27T15:25:00Z,91.0826,0.000000,0.000000,0.000000,in_band
2026-07-27T15:25:59Z,91.0460,0.000000,0.000000,0.000000,in_band
2026-07-27T15:26:00Z,91.0460,0.000000,0.000000,0.000000,in_band
2026-07-27T15:26:59Z,91.0399,0.000000,0.000000,0.000000,in_band
2026-07-27T15:27:00Z,91.0399,0.000000,0.000000,0.000000,in_band
2026-07-27T15:27:59Z,91.0124,0.000000,0.000000,0.000000,in_band
2026-07-27T15:28:00Z,91.0124,0.000000,0.000000,0.000000,in_band
2026-07-27T15:28:59Z,91.0216,0.000000,0.000000,0.000000,in_band
2026-07-27T15:29:00Z,91.0216,0.000000,0.000000,0.000000,in_band
2026-07-27T15:29:59Z,91.0002,0.000000,0.000000,0.000000,in_band
2026-07-27T15:30:00Z,91.0002,0.000000,0.000000,0.000000,in_band
2026-07-27T15:30:59Z,91.0048,0.000000,0.000000,0.000000,in_band
2026-07-27T15:31:00Z,91.0048,0.000000,0.000000,0.000000,in_band
2026-07-27T15:31:59Z,90.9804,0.000000,0.000000,0.000000,in_band
2026-07-27T15:32:00Z,90.9804,0.000000,0.000000,0.000000,in_band
2026-07-27T15:32:59Z,90.9499,0.000000,0.000000,0.000000,in_band
2026-07-27T15:33:00Z,90.9499,0.000000,0.000000,0.000000,in_band
2026-07-27T15:33:59Z,90.9499,0.000000,0.000000,0.000000,in_band
2026-07-27T15:34:00Z,90.9499,0.000000,0.000000,0.000000,in_band
2026-07-27T15:34:59Z,90.9499,0.000000,0.000000,0.000000,in_band
2026-07-27T15:35:00Z,90.9499,0.000000,0.000000,0.000000,in_band
2026-07-27T15:35:59Z,90.9316,0.000000,0.000000,0.000000,in_band
2026-07-27T15:36:00Z,90.9316,0.000000,0.000000,0.000000,in_band
2026-07-27T15:36:59Z,90.9621,0.000000,0.000000,0.000000,in_band
2026-07-27T15:37:00Z,90.9621,0.000000,0.000000,0.000000,in_band
2026-07-27T15:37:59Z,90.9438,0.000000,0.000000,0.000000,in_band
2026-07-27T15:38:00Z,90.9438,0.000000,0.000000,0.000000,in_band
2026-07-27T15:38:59Z,90.9804,0.000000,0.000000,0.000000,in_band
2026-07-27T15:39:00Z,90.9804,0.000000,0.000000,0.000000,in_band
2026-07-27T15:39:59Z,90.9575,0.000000,0.000000,0.000000,in_band
2026-07-27T15:40:00Z,90.9575,0.000000,0.000000,0.000000,in_band
2026-07-27T15:40:59Z,90.9712,0.000000,0.000000,0.000000,in_band
2026-07-27T15:41:00Z,90.9712,0.000000,0.000000,0.000000,in_band
2026-07-27T15:41:59Z,90.9850,0.000000,0.000000,0.000000,in_band
2026-07-27T15:42:00Z,90.9850,0.000000,0.000000,0.000000,in_band
2026-07-27T15:42:58Z,90.9911,0.000000,0.000000,0.000000,in_band
2026-07-27T15:43:00Z,91.0002,0.000000,0.000000,0.000000,in_band
2026-07-27T15:43:59Z,90.9865,0.000000,0.000000,0.000000,in_band
2026-07-27T15:44:00Z,90.9865,0.000000,0.000000,0.000000,in_band
2026-07-27T15:44:57Z,91.0185,0.000000,0.000000,0.000000,in_band
2026-07-27T15:45:04Z,91.0079,0.000000,0.000000,0.000000,in_band
2026-07-27T15:45:48Z,90.9941,0.000000,0.000000,0.000000,in_band
2026-07-27T15:46:04Z,90.9804,0.000000,0.000000,0.000000,in_band
2026-07-27T15:46:56Z,90.9850,0.000000,0.000000,-0.000000,in_band
2026-07-27T15:47:00Z,90.9850,0.000000,0.000000,0.000000,in_band
2026-07-27T15:47:59Z,90.9407,0.000000,0.000000,-0.000000,in_band
2026-07-27T15:48:01Z,90.9545,0.000000,0.000000,-0.000000,in_band
2026-07-27T15:48:02Z,90.9545,0.000000,0.000000,0.000000,in_band
2026-07-27T15:49:00Z,90.9636,0.000000,0.000000,0.000000,in_band
2026-07-27T15:49:59Z,90.9773,0.000000,0.000000,0.000000,in_band
2026-07-27T15:50:00Z,90.9773,0.000000,0.000000,0.000000,in_band
2026-07-27T15:50:59Z,90.9728,0.000000,0.000000,0.000000,in_band
2026-07-27T15:51:00Z,90.9728,0.000000,0.000000,0.000000,in_band
2026-07-27T15:51:59Z,91.0079,0.000000,0.000000,0.000000,in_band
2026-07-27T15:52:00Z,91.0079,0.000000,0.000000,0.000000,in_band
2026-07-27T15:52:59Z,91.0002,0.000000,0.000000,0.000000,in_band
2026-07-27T15:53:00Z,91.0002,0.000000,0.000000,0.000000,in_band
2026-07-27T15:53:59Z,91.0216,0.000000,0.000000,0.000000,in_band
2026-07-27T15:54:00Z,91.0216,0.000000,0.000000,0.000000,in_band
2026-07-27T15:54:59Z,91.0048,0.000000,0.000000,0.000000,in_band
2026-07-27T15:55:00Z,91.0048,0.000000,0.000000,0.000000,in_band
2026-07-27T15:55:59Z,90.9911,0.000000,0.000000,0.000000,in_band
2026-07-27T15:56:00Z,90.9911,0.000000,0.000000,0.000000,in_band
2026-07-27T15:56:59Z,90.9987,0.000000,0.000000,0.000000,in_band
2026-07-27T15:57:00Z,90.9987,0.000000,0.000000,0.000000,in_band
2026-07-27T15:57:59Z,90.9911,0.000000,0.000000,0.000000,in_band
2026-07-27T15:58:00Z,90.9911,0.000000,0.000000,0.000000,in_band
2026-07-27T15:58:59Z,91.0643,0.000000,0.000000,0.000000,in_band
2026-07-27T15:59:00Z,91.0643,0.000000,0.000000,0.000000,in_band
2026-07-27T15:59:59Z,91.0185,0.000000,0.000000,0.000000,in_band
2026-07-27T16:00:00Z,91.0185,0.000000,0.000000,0.000000,in_band
2026-07-27T16:00:59Z,91.0552,0.000000,0.000000,0.000000,in_band
2026-07-27T16:01:00Z,91.0552,0.000000,0.000000,0.000000,in_band
2026-07-27T16:01:59Z,91.0643,0.000000,0.000000,0.000000,in_band
2026-07-27T16:02:00Z,91.0643,0.000000,0.000000,0.000000,in_band
2026-07-27T16:02:59Z,91.0643,0.000000,0.000000,0.000000,in_band
2026-07-27T16:03:00Z,91.0643,0.000000,0.000000,0.000000,in_band
2026-07-27T16:03:59Z,91.0918,0.000000,0.000000,0.000000,in_band
2026-07-27T16:04:00Z,91.0918,0.000000,0.000000,0.000000,in_band
2026-07-27T16:04:59Z,91.0872,0.000000,0.000000,0.000000,in_band
2026-07-27T16:05:00Z,91.0872,0.000000,0.000000,0.000000,in_band
2026-07-27T16:05:59Z,91.0674,0.000000,0.000000,0.000000,in_band
2026-07-27T16:06:00Z,91.0674,0.000000,0.000000,0.000000,in_band
2026-07-27T16:06:59Z,91.1009,0.000000,0.000000,0.000000,in_band
2026-07-27T16:07:00Z,91.1009,0.000000,0.000000,0.000000,in_band
2026-07-27T16:07:59Z,91.0948,0.000000,0.000000,0.000000,in_band
2026-07-27T16:08:00Z,91.0948,0.000000,0.000000,0.000000,in_band
2026-07-27T16:08:59Z,91.1055,0.000000,0.000000,0.000000,in_band
2026-07-27T16:09:00Z,91.1055,0.000000,0.000000,0.000000,in_band
2026-07-27T16:09:59Z,91.1086,0.000000,0.000000,0.000000,in_band
2026-07-27T16:10:00Z,91.1086,0.000000,0.000000,0.000000,in_band
2026-07-27T16:10:59Z,91.0948,0.000000,0.000000,0.000000,in_band
2026-07-27T16:11:00Z,91.0948,0.000000,0.000000,0.000000,in_band
2026-07-27T16:11:59Z,91.0811,0.000000,0.000000,0.000000,in_band
2026-07-27T16:12:00Z,91.0811,0.000000,0.000000,0.000000,in_band
2026-07-27T16:12:59Z,91.1330,0.000000,0.000000,0.000000,in_band
2026-07-27T16:13:00Z,91.1330,0.000000,0.000000,0.000000,in_band
2026-07-27T16:13:59Z,91.1009,0.000000,0.000000,0.000000,in_band
2026-07-27T16:14:00Z,91.1009,0.000000,0.000000,0.000000,in_band
2026-07-27T16:14:59Z,91.0811,0.000000,0.000000,0.000000,in_band
2026-07-27T16:15:00Z,91.0811,0.000000,0.000000,0.000000,in_band
2026-07-27T16:15:59Z,91.0811,0.000000,0.000000,0.000000,in_band
2026-07-27T16:16:00Z,91.0811,0.000000,0.000000,0.000000,in_band
2026-07-27T16:16:59Z,91.1192,0.000000,0.000000,0.000000,in_band
2026-07-27T16:17:00Z,91.1192,0.000000,0.000000,0.000000,in_band
2026-07-27T16:17:59Z,91.0811,0.000000,0.000000,0.000000,in_band
2026-07-27T16:18:00Z,91.0811,0.000000,0.000000,0.000000,in_band
2026-07-27T16:18:59Z,91.1513,0.000000,0.000000,0.000000,in_band
2026-07-27T16:19:00Z,91.1513,0.000000,0.000000,0.000000,in_band
2026-07-27T16:19:59Z,91.1513,0.000000,0.000000,0.000000,in_band
2026-07-27T16:20:00Z,91.1513,0.000000,0.000000,0.000000,in_band
2026-07-27T16:20:59Z,91.1681,0.000000,0.000000,0.000000,in_band
2026-07-27T16:21:00Z,91.1681,0.000000,0.000000,0.000000,in_band
2026-07-27T16:21:59Z,91.1818,0.000000,0.000000,0.000000,in_band
2026-07-27T16:22:00Z,91.1818,0.000000,0.000000,0.000000,in_band
2026-07-27T16:22:59Z,91.1269,0.000000,0.000000,0.000000,in_band
2026-07-27T16:23:00Z,91.1269,0.000000,0.000000,0.000000,in_band
2026-07-27T16:23:59Z,91.1513,0.000000,0.000000,0.000000,in_band
2026-07-27T16:24:00Z,91.1513,0.000000,0.000000,0.000000,in_band
2026-07-27T16:24:59Z,91.1192,0.000000,0.000000,0.000000,in_band
2026-07-27T16:25:00Z,91.1192,0.000000,0.000000,0.000000,in_band
2026-07-27T16:25:59Z,91.0857,0.000000,0.000000,0.000000,in_band
2026-07-27T16:26:00Z,91.0857,0.000000,0.000000,0.000000,in_band
2026-07-27T16:26:59Z,91.0994,0.000000,0.000000,0.000000,in_band
2026-07-27T16:27:00Z,91.0994,0.000000,0.000000,0.000000,in_band
2026-07-27T16:27:59Z,91.0399,0.000000,0.000000,0.000000,in_band
2026-07-27T16:28:00Z,91.0399,0.000000,0.000000,0.000000,in_band
2026-07-27T16:28:59Z,91.0170,0.000000,0.000000,0.000000,in_band
2026-07-27T16:29:00Z,91.0170,0.000000,0.000000,0.000000,in_band
2026-07-27T16:29:59Z,91.0414,0.000000,0.000000,0.000000,in_band
2026-07-27T16:30:00Z,91.0414,0.000000,0.000000,0.000000,in_band
2026-07-27T16:30:59Z,91.0262,0.000000,0.000000,0.000000,in_band
2026-07-27T16:31:00Z,91.0262,0.000000,0.000000,0.000000,in_band
2026-07-27T16:31:59Z,91.0170,0.000000,0.000000,0.000000,in_band
2026-07-27T16:32:00Z,91.0170,0.000000,0.000000,0.000000,in_band
2026-07-27T16:32:59Z,91.0094,0.000000,0.000000,0.000000,in_band
2026-07-27T16:33:00Z,91.0094,0.000000,0.000000,0.000000,in_band
2026-07-27T16:33:59Z,91.0262,0.000000,0.000000,0.000000,in_band
2026-07-27T16:34:00Z,91.0262,0.000000,0.000000,0.000000,in_band
2026-07-27T16:34:59Z,91.0216,0.000000,0.000000,0.000000,in_band
2026-07-27T16:35:00Z,91.0216,0.000000,0.000000,0.000000,in_band
2026-07-27T16:35:59Z,90.9911,0.000000,0.000000,0.000000,in_band
2026-07-27T16:36:00Z,90.9911,0.000000,0.000000,0.000000,in_band
2026-07-27T16:36:59Z,90.9911,0.000000,0.000000,0.000000,in_band
2026-07-27T16:37:00Z,90.9911,0.000000,0.000000,0.000000,in_band
2026-07-27T16:37:59Z,91.0399,0.000000,0.000000,0.000000,in_band
2026-07-27T16:38:00Z,91.0399,0.000000,0.000000,0.000000,in_band
2026-07-27T16:38:59Z,91.0628,0.000000,0.000000,0.000000,in_band
2026-07-27T16:39:00Z,91.0628,0.000000,0.000000,0.000000,in_band
2026-07-27T16:39:59Z,91.0582,0.000000,0.000000,0.000000,in_band
2026-07-27T16:40:00Z,91.0582,0.000000,0.000000,0.000000,in_band
2026-07-27T16:40:59Z,91.0689,0.000000,0.000000,0.000000,in_band
2026-07-27T16:41:00Z,91.0689,0.000000,0.000000,0.000000,in_band
2026-07-27T16:41:59Z,91.0582,0.000000,0.000000,0.000000,in_band
2026-07-27T16:42:00Z,91.0582,0.000000,0.000000,0.000000,in_band
2026-07-27T16:42:59Z,91.1131,0.000000,0.000000,0.000000,in_band
2026-07-27T16:43:00Z,91.1131,0.000000,0.000000,0.000000,in_band
2026-07-27T16:43:59Z,91.1284,0.000000,0.000000,0.000000,in_band
2026-07-27T16:44:00Z,91.1284,0.000000,0.000000,0.000000,in_band
2026-07-27T16:44:59Z,91.1360,0.000000,0.000000,0.000000,in_band
2026-07-27T16:45:00Z,91.1360,0.000000,0.000000,0.000000,in_band
2026-07-27T16:45:59Z,91.2108,0.000000,0.000000,0.000000,in_band
2026-07-27T16:46:00Z,91.2108,0.000000,0.000000,0.000000,in_band
2026-07-27T16:46:59Z,91.2154,0.000000,0.000000,0.000000,in_band
2026-07-27T16:47:00Z,91.2154,0.000000,0.000000,0.000000,in_band
2026-07-27T16:47:59Z,91.2093,0.000000,0.000000,0.000000,in_band
2026-07-27T16:48:00Z,91.2093,0.000000,0.000000,0.000000,in_band
2026-07-27T16:48:59Z,91.2322,0.000000,0.000000,0.000000,in_band
2026-07-27T16:49:00Z,91.2322,0.000000,0.000000,0.000000,in_band
2026-07-27T16:49:59Z,91.2276,0.000000,0.000000,0.000000,in_band
2026-07-27T16:50:00Z,91.2276,0.000000,0.000000,0.000000,in_band
2026-07-27T16:50:59Z,91.2245,0.000000,0.000000,0.000000,in_band
2026-07-27T16:51:00Z,91.2245,0.000000,0.000000,0.000000,in_band
2026-07-27T16:51:59Z,91.2612,0.000000,0.000000,0.000000,in_band
2026-07-27T16:52:00Z,91.2612,0.000000,0.000000,0.000000,in_band
2026-07-27T16:52:59Z,91.2322,0.000000,0.000000,0.000000,in_band
2026-07-27T16:53:00Z,91.2322,0.000000,0.000000,0.000000,in_band
2026-07-27T16:53:59Z,91.1910,0.000000,0.000000,0.000000,in_band
2026-07-27T16:54:00Z,91.1910,0.000000,0.000000,0.000000,in_band
2026-07-27T16:54:59Z,91.2200,0.000000,0.000000,0.000000,in_band
2026-07-27T16:55:00Z,91.2200,0.000000,0.000000,0.000000,in_band
2026-07-27T16:55:59Z,91.1772,0.000000,0.000000,0.000000,in_band
2026-07-27T16:56:00Z,91.1772,0.000000,0.000000,0.000000,in_band
2026-07-27T16:56:59Z,91.1543,0.000000,0.000000,0.000000,in_band
2026-07-27T16:57:00Z,91.1543,0.000000,0.000000,0.000000,in_band
2026-07-27T16:57:59Z,91.1788,0.000000,0.000000,0.000000,in_band
2026-07-27T16:58:00Z,91.1788,0.000000,0.000000,0.000000,in_band
2026-07-27T16:58:59Z,91.1269,0.000000,0.000000,0.000000,in_band
2026-07-27T16:59:00Z,91.1269,0.000000,0.000000,0.000000,in_band
2026-07-27T16:59:59Z,91.1421,0.000000,0.000000,0.000000,in_band
2026-07-27T17:00:00Z,91.1421,0.000000,0.000000,0.000000,in_band
2026-07-27T17:00:59Z,91.0964,0.000000,0.000000,0.000000,in_band
2026-07-27T17:01:00Z,91.0964,0.000000,0.000000,0.000000,in_band
2026-07-27T17:01:59Z,91.1223,0.000000,0.000000,0.000000,in_band
2026-07-27T17:02:00Z,91.1223,0.000000,0.000000,0.000000,in_band
2026-07-27T17:02:59Z,91.0964,0.000000,0.000000,0.000000,in_band
2026-07-27T17:03:00Z,91.0964,0.000000,0.000000,0.000000,in_band
2026-07-27T17:03:59Z,91.0719,0.000000,0.000000,0.000000,in_band
2026-07-27T17:04:00Z,91.0719,0.000000,0.000000,0.000000,in_band
2026-07-27T17:04:59Z,91.0765,0.000000,0.000000,0.000000,in_band
2026-07-27T17:05:00Z,91.0765,0.000000,0.000000,0.000000,in_band
2026-07-27T17:05:59Z,91.1009,0.000000,0.000000,0.000000,in_band
2026-07-27T17:06:00Z,91.1009,0.000000,0.000000,0.000000,in_band
2026-07-27T17:06:59Z,91.0918,0.000000,0.000000,0.000000,in_band
2026-07-27T17:07:00Z,91.0918,0.000000,0.000000,0.000000,in_band
2026-07-27T17:07:59Z,91.1147,0.000000,0.000000,0.000000,in_band
2026-07-27T17:08:00Z,91.1147,0.000000,0.000000,0.000000,in_band
2026-07-27T17:08:59Z,91.1009,0.000000,0.000000,0.000000,in_band
2026-07-27T17:09:00Z,91.1009,0.000000,0.000000,0.000000,in_band
2026-07-27T17:09:59Z,91.1223,0.000000,0.000000,0.000000,in_band
2026-07-27T17:10:00Z,91.1223,0.000000,0.000000,0.000000,in_band
2026-07-27T17:10:59Z,91.1009,0.000000,0.000000,0.000000,in_band
2026-07-27T17:11:00Z,91.1009,0.000000,0.000000,0.000000,in_band
2026-07-27T17:11:59Z,91.1467,0.000000,0.000000,0.000000,in_band
2026-07-27T17:12:00Z,91.1467,0.000000,0.000000,0.000000,in_band
2026-07-27T17:12:59Z,91.1833,0.000000,0.000000,0.000000,in_band
2026-07-27T17:13:00Z,91.1833,0.000000,0.000000,0.000000,in_band
2026-07-27T17:13:59Z,91.1681,0.000000,0.000000,0.000000,in_band
2026-07-27T17:14:00Z,91.1681,0.000000,0.000000,0.000000,in_band
2026-07-27T17:14:59Z,91.2062,0.000000,0.000000,0.000000,in_band
2026-07-27T17:15:00Z,91.2062,0.000000,0.000000,0.000000,in_band
2026-07-27T17:15:59Z,91.2047,0.000000,0.000000,0.000000,in_band
2026-07-27T17:16:00Z,91.2047,0.000000,0.000000,0.000000,in_band
2026-07-27T17:16:59Z,91.2291,0.000000,0.000000,0.000000,in_band
2026-07-27T17:17:00Z,91.2291,0.000000,0.000000,0.000000,in_band
2026-07-27T17:17:59Z,91.2703,0.000000,0.000000,0.000000,in_band
2026-07-27T17:18:00Z,91.2703,0.000000,0.000000,0.000000,in_band
2026-07-27T17:18:59Z,91.2367,0.000000,0.000000,0.000000,in_band
2026-07-27T17:19:00Z,91.2367,0.000000,0.000000,0.000000,in_band
2026-07-27T17:19:59Z,91.2596,0.000000,0.000000,0.000000,in_band
2026-07-27T17:20:00Z,91.2596,0.000000,0.000000,0.000000,in_band
2026-07-27T17:20:59Z,91.2520,0.000000,0.000000,0.000000,in_band
2026-07-27T17:21:00Z,91.2520,0.000000,0.000000,0.000000,in_band
2026-07-27T17:21:59Z,91.2184,0.000000,0.000000,0.000000,in_band
2026-07-27T17:22:00Z,91.2184,0.000000,0.000000,0.000000,in_band
2026-07-27T17:22:59Z,91.2642,0.000000,0.000000,0.000000,in_band
2026-07-27T17:23:00Z,91.2642,0.000000,0.000000,0.000000,in_band
2026-07-27T17:23:59Z,91.3054,0.000000,0.000000,0.000000,in_band
2026-07-27T17:24:00Z,91.3054,0.000000,0.000000,0.000000,in_band
2026-07-27T17:24:59Z,91.2551,0.000000,0.000000,0.000000,in_band
2026-07-27T17:25:00Z,91.2551,0.000000,0.000000,0.000000,in_band
2026-07-27T17:25:59Z,91.2932,0.000000,0.000000,0.000000,in_band
2026-07-27T17:26:00Z,91.2932,0.000000,0.000000,0.000000,in_band
2026-07-27T17:26:59Z,91.3115,0.000000,0.000000,0.000000,in_band
2026-07-27T17:27:00Z,91.3115,0.000000,0.000000,0.000000,in_band
2026-07-27T17:27:59Z,91.3420,0.000000,0.000000,0.000000,in_band
2026-07-27T17:28:00Z,91.3420,0.000000,0.000000,0.000000,in_band
2026-07-27T17:28:59Z,91.3466,0.000000,0.000000,0.000000,in_band
2026-07-27T17:29:00Z,91.3466,0.000000,0.000000,0.000000,in_band
2026-07-27T17:29:59Z,91.3710,0.000000,0.000000,0.000000,in_band
2026-07-27T17:30:00Z,91.3710,0.000000,0.000000,0.000000,in_band
2026-07-27T17:30:59Z,91.3832,0.000000,0.000000,0.000000,in_band
2026-07-27T17:31:00Z,91.3832,0.000000,0.000000,0.000000,in_band
2026-07-27T17:31:59Z,91.3649,0.000000,0.000000,0.000000,in_band
2026-07-27T17:32:00Z,91.3649,0.000000,0.000000,0.000000,in_band
2026-07-27T17:32:59Z,91.3558,0.000000,0.000000,0.000000,in_band
2026-07-27T17:33:00Z,91.3558,0.000000,0.000000,0.000000,in_band
2026-07-27T17:33:59Z,91.3649,0.000000,0.000000,0.000000,in_band
2026-07-27T17:34:00Z,91.3649,0.000000,0.000000,0.000000,in_band
2026-07-27T17:34:59Z,91.3939,0.000000,0.000000,0.000000,in_band
2026-07-27T17:35:00Z,91.3939,0.000000,0.000000,0.000000,in_band
2026-07-27T17:35:59Z,91.4397,0.000000,0.000000,0.000000,in_band
2026-07-27T17:36:00Z,91.4397,0.000000,0.000000,0.000000,in_band
2026-07-27T17:36:59Z,91.4305,0.000000,0.000000,0.000000,in_band
2026-07-27T17:37:00Z,91.4305,0.000000,0.000000,0.000000,in_band
2026-07-27T17:37:59Z,91.4488,0.000000,0.000000,0.000000,in_band
2026-07-27T17:38:00Z,91.4488,0.000000,0.000000,0.000000,in_band
2026-07-27T17:38:59Z,91.4443,0.000000,0.000000,0.000000,in_band
2026-07-27T17:39:00Z,91.4443,0.000000,0.000000,0.000000,in_band
2026-07-27T17:39:59Z,91.4488,0.000000,0.000000,0.000000,in_band
2026-07-27T17:40:00Z,91.4488,0.000000,0.000000,0.000000,in_band
2026-07-27T17:40:59Z,91.4488,0.000000,0.000000,0.000000,in_band
2026-07-27T17:41:00Z,91.4488,0.000000,0.000000,0.000000,in_band
2026-07-27T17:41:59Z,91.4946,0.000000,0.000000,0.000000,in_band
2026-07-27T17:42:23Z,91.5114,0.000000,0.000000,0.000000,above_band_high
2026-07-27T17:42:25Z,91.4809,0.000000,0.000024,0.000024,in_band
2026-07-27T17:43:00Z,91.4443,0.000000,0.000014,0.000014,in_band
2026-07-27T17:43:59Z,91.4900,0.000000,0.000005,0.000005,in_band
2026-07-27T17:44:05Z,91.5114,0.000000,0.000000,0.000000,above_band_high
2026-07-27T17:44:59Z,91.4809,0.000000,0.000059,0.000059,in_band
2026-07-27T17:45:00Z,91.4809,0.000000,0.000058,0.000058,in_band
2026-07-27T17:45:05Z,91.5114,0.000000,0.000000,0.000000,above_band_high
2026-07-27T17:48:07Z,91.5480,0.000000,0.000000,0.000000,above_band_high
2026-07-27T17:48:17Z,91.4931,0.000000,0.001364,0.001364,in_band
2026-07-27T17:49:00Z,91.5343,0.000000,0.000000,0.000000,above_band_high
2026-07-27T17:49:29Z,91.4977,0.000000,0.002129,0.002129,in_band
2026-07-27T17:50:00Z,91.5496,0.000000,0.000000,0.000000,above_band_high
2026-07-27T17:51:00Z,91.5755,0.000000,0.000000,0.000000,above_band_high
2026-07-27T17:52:00Z,91.5908,0.000000,0.000000,0.000000,above_band_high
2026-07-27T17:53:00Z,91.6258,0.000000,0.000000,0.000000,above_band_high
2026-07-27T17:54:00Z,91.6533,0.000000,0.000000,0.000000,above_band_high
2026-07-27T17:55:00Z,91.6274,0.000000,0.000000,0.000000,above_band_high
2026-07-27T17:56:00Z,91.6716,0.000000,0.000000,0.000000,above_band_high
2026-07-27T17:57:00Z,91.6960,0.000000,0.000000,0.000000,above_band_high
2026-07-27T17:58:00Z,91.7266,0.000000,0.000000,0.000000,above_band_high
2026-07-27T17:59:00Z,91.7128,0.000000,0.000000,0.000000,above_band_high
2026-07-27T18:00:00Z,91.6960,0.000000,0.000000,0.000000,above_band_high
2026-07-27T18:01:00Z,91.7006,0.000000,0.000000,0.000000,above_band_high
2026-07-27T18:02:00Z,91.7037,0.000000,0.000000,0.000000,above_band_high
2026-07-27T18:03:00Z,91.6899,0.000000,0.000000,0.000000,above_band_high
2026-07-27T18:04:00Z,91.6823,0.000000,0.000000,0.000000,above_band_high
2026-07-27T18:05:00Z,91.6594,0.000000,0.000000,0.000000,above_band_high
2026-07-27T18:06:00Z,91.7098,0.000000,0.000000,0.000000,above_band_high
2026-07-27T18:07:00Z,91.6991,0.000000,0.000000,0.000000,above_band_high
2026-07-27T18:08:00Z,91.6777,0.000000,0.000000,0.000000,above_band_high
2026-07-27T18:09:00Z,91.7220,0.000000,0.000000,0.000000,above_band_high
2026-07-27T18:10:00Z,91.6823,0.000000,0.000000,0.000000,above_band_high
2026-07-27T18:11:00Z,91.6960,0.000000,0.000000,0.000000,above_band_high
2026-07-27T18:12:00Z,91.7510,0.000000,0.000000,0.000000,above_band_high
2026-07-27T18:13:00Z,91.7403,0.000000,0.000000,0.000000,above_band_high
2026-07-27T18:14:00Z,91.7464,0.000000,0.000000,0.000000,above_band_high
2026-07-27T18:15:00Z,91.7647,0.000000,0.000000,0.000000,above_band_high
2026-07-27T18:16:00Z,91.7464,0.000000,0.000000,0.000000,above_band_high
2026-07-27T18:17:00Z,91.7784,0.000000,0.000000,0.000000,above_band_high
2026-07-27T18:18:00Z,91.7769,0.000000,0.000000,0.000000,above_band_high
2026-07-27T18:19:00Z,91.8013,0.000000,0.000000,0.000000,above_band_high
2026-07-27T18:20:00Z,91.8090,0.000000,0.000000,0.000000,above_band_high
2026-07-27T18:21:00Z,91.8196,0.000000,0.000000,0.000000,above_band_high
2026-07-27T18:22:00Z,91.7861,0.000000,0.000000,0.000000,above_band_high
2026-07-27T18:23:00Z,91.8151,0.000000,0.000000,0.000000,above_band_high
2026-07-27T18:24:00Z,91.7922,0.000000,0.000000,0.000000,above_band_high
2026-07-27T18:25:00Z,91.7861,0.000000,0.000000,0.000000,above_band_high
2026-07-27T18:26:00Z,91.7769,0.000000,0.000000,0.000000,above_band_high
2026-07-27T18:27:00Z,91.7906,0.000000,0.000000,0.000000,above_band_high
2026-07-27T18:28:00Z,91.7693,0.000000,0.000000,0.000000,above_band_high
2026-07-27T18:29:00Z,91.8151,0.000000,0.000000,0.000000,above_band_high
2026-07-27T18:30:00Z,91.8105,0.000000,0.000000,0.000000,above_band_high
2026-07-27T18:31:00Z,91.8105,0.000000,0.000000,0.000000,above_band_high
2026-07-27T18:32:00Z,91.7998,0.000000,0.000000,0.000000,above_band_high
2026-07-27T18:33:00Z,91.8151,0.000000,0.000000,0.000000,above_band_high
2026-07-27T18:34:00Z,91.8227,0.000000,0.000000,0.000000,above_band_high
2026-07-27T18:35:00Z,91.8273,0.000000,0.000000,0.000000,above_band_high
2026-07-27T18:36:00Z,91.8105,0.000000,0.000000,0.000000,above_band_high
2026-07-27T18:37:00Z,91.8105,0.000000,0.000000,0.000000,above_band_high
2026-07-27T18:38:00Z,91.8364,0.000000,0.000000,0.000000,above_band_high
2026-07-27T18:39:00Z,91.8334,0.000000,0.000000,0.000000,above_band_high
2026-07-27T18:40:00Z,91.8334,0.000000,0.000000,0.000000,above_band_high
2026-07-27T18:41:00Z,91.8822,0.000000,0.000000,0.000000,above_band_high
2026-07-27T18:42:00Z,91.8608,0.000000,0.000000,0.000000,above_band_high
2026-07-27T18:43:00Z,91.9097,0.000000,0.000000,0.000000,above_band_high
2026-07-27T18:44:00Z,91.9280,0.000000,0.000000,0.000000,above_band_high
2026-07-27T18:45:00Z,91.9188,0.000000,0.000000,0.000000,above_band_high
2026-07-27T18:46:00Z,91.9188,0.000000,0.000000,0.000000,above_band_high
2026-07-27T18:47:00Z,91.8975,0.000000,0.000000,0.000000,above_band_high
2026-07-27T18:48:00Z,91.9570,0.000000,0.000000,0.000000,above_band_high
2026-07-27T18:49:00Z,91.9783,0.000000,0.000000,0.000000,above_band_high
2026-07-27T18:50:00Z,92.0195,0.000000,0.000000,0.000000,above_band_high
2026-07-27T18:51:00Z,91.9783,0.000000,0.000000,0.000000,above_band_high
2026-07-27T18:52:00Z,92.0333,0.000000,0.000000,0.000000,above_band_high
2026-07-27T18:53:00Z,92.0058,0.000000,0.000000,0.000000,above_band_high
2026-07-27T18:54:00Z,92.0211,0.000000,0.000000,0.000000,above_band_high
2026-07-27T18:55:00Z,92.0211,0.000000,0.000000,0.000000,above_band_high
2026-07-27T18:56:00Z,92.0211,0.000000,0.000000,0.000000,above_band_high
2026-07-27T18:57:00Z,92.0378,0.000000,0.000000,0.000000,above_band_high
2026-07-27T18:58:00Z,92.0256,0.000000,0.000000,0.000000,above_band_high
2026-07-27T18:59:00Z,92.0150,0.000000,0.000000,0.000000,above_band_high
2026-07-27T19:00:00Z,92.0623,0.000000,0.000000,0.000000,above_band_high
2026-07-27T19:01:00Z,92.0577,0.000000,0.000000,0.000000,above_band_high
2026-07-27T19:02:00Z,92.0439,0.000000,0.000000,0.000000,above_band_high
2026-07-27T19:03:00Z,92.0378,0.000000,0.000000,0.000000,above_band_high
2026-07-27T19:04:00Z,92.0745,0.000000,0.000000,0.000000,above_band_high
2026-07-27T19:05:00Z,92.0256,0.000000,0.000000,0.000000,above_band_high
2026-07-27T19:06:00Z,92.0577,0.000000,0.000000,0.000000,above_band_high
2026-07-27T19:07:00Z,92.1019,0.000000,0.000000,0.000000,above_band_high
2026-07-27T19:08:00Z,92.0531,0.000000,0.000000,0.000000,above_band_high
2026-07-27T19:09:00Z,92.0943,0.000000,0.000000,0.000000,above_band_high
2026-07-27T19:10:00Z,92.1111,0.000000,0.000000,0.000000,above_band_high
2026-07-27T19:11:00Z,92.1355,0.000000,0.000000,0.000000,above_band_high
2026-07-27T19:12:00Z,92.1111,0.000000,0.000000,0.000000,above_band_high
2026-07-27T19:13:00Z,92.1202,0.000000,0.000000,0.000000,above_band_high
2026-07-27T19:14:00Z,92.1569,0.000000,0.000000,0.000000,above_band_high
2026-07-27T19:15:00Z,92.1538,0.000000,0.000000,0.000000,above_band_high
2026-07-27T19:16:00Z,92.1569,0.000000,0.000000,0.000000,above_band_high
2026-07-27T19:17:00Z,92.1950,0.000000,0.000000,0.000000,above_band_high
2026-07-27T19:18:00Z,92.1675,0.000000,0.000000,0.000000,above_band_high
2026-07-27T19:19:00Z,92.2210,0.000000,0.000000,0.000000,above_band_high
2026-07-27T19:20:00Z,92.2255,0.000000,0.000000,0.000000,above_band_high
2026-07-27T19:21:00Z,92.2347,0.000000,0.000000,0.000000,above_band_high
2026-07-27T19:22:00Z,92.2820,0.000000,0.000000,0.000000,above_band_high
2026-07-27T19:23:00Z,92.2499,0.000000,0.000000,0.000000,above_band_high
2026-07-27T19:24:00Z,92.3049,0.000000,0.000000,0.000000,above_band_high
2026-07-27T19:25:00Z,92.2805,0.000000,0.000000,0.000000,above_band_high
2026-07-27T19:26:00Z,92.2728,0.000000,0.000000,0.000000,above_band_high
2026-07-27T19:27:00Z,92.3049,0.000000,0.000000,0.000000,above_band_high
2026-07-27T19:28:00Z,92.3049,0.000000,0.000000,0.000000,above_band_high
2026-07-27T19:29:00Z,92.3461,0.000000,0.000000,0.000000,above_band_high
2026-07-27T19:30:00Z,92.3232,0.000000,0.000000,0.000000,above_band_high
2026-07-27T19:31:00Z,92.3262,0.000000,0.000000,0.000000,above_band_high
2026-07-27T19:32:00Z,92.3033,0.000000,0.000000,0.000000,above_band_high
2026-07-27T19:33:00Z,92.3323,0.000000,0.000000,0.000000,above_band_high
2026-07-27T19:34:00Z,92.3415,0.000000,0.000000,0.000000,above_band_high
2026-07-27T19:35:00Z,92.3323,0.000000,0.000000,0.000000,above_band_high
2026-07-27T19:36:00Z,92.3537,0.000000,0.000000,0.000000,above_band_high
2026-07-27T19:37:00Z,92.3674,0.000000,0.000000,0.000000,above_band_high
2026-07-27T19:38:00Z,92.3491,0.000000,0.000000,0.000000,above_band_high
2026-07-27T19:39:00Z,92.3598,0.000000,0.000000,0.000000,above_band_high
2026-07-27T19:40:00Z,92.3308,0.000000,0.000000,0.000000,above_band_high
2026-07-27T19:41:00Z,92.3461,0.000000,0.000000,0.000000,above_band_high
2026-07-27T19:42:00Z,92.3232,0.000000,0.000000,0.000000,above_band_high
2026-07-27T19:43:00Z,92.3095,0.000000,0.000000,0.000000,above_band_high
2026-07-27T19:44:00Z,92.2942,0.000000,0.000000,0.000000,above_band_high
2026-07-27T19:45:00Z,92.2683,0.000000,0.000000,0.000000,above_band_high
2026-07-27T19:46:00Z,92.2988,0.000000,0.000000,0.000000,above_band_high
2026-07-27T19:47:00Z,92.2499,0.000000,0.000000,0.000000,above_band_high
2026-07-27T19:48:00Z,92.2362,0.000000,0.000000,0.000000,above_band_high
2026-07-27T19:49:00Z,92.2728,0.000000,0.000000,0.000000,above_band_high
2026-07-27T19:50:00Z,92.2347,0.000000,0.000000,0.000000,above_band_high
2026-07-27T19:51:00Z,92.2911,0.000000,0.000000,0.000000,above_band_high
2026-07-27T19:52:00Z,92.2591,0.000000,0.000000,0.000000,above_band_high
2026-07-27T19:53:00Z,92.2957,0.000000,0.000000,0.000000,above_band_high
2026-07-27T19:54:00Z,92.3186,0.000000,0.000000,0.000000,above_band_high
2026-07-27T19:55:00Z,92.2911,0.000000,0.000000,0.000000,above_band_high
2026-07-27T19:56:00Z,92.2988,0.000000,0.000000,0.000000,above_band_high
2026-07-27T19:57:00Z,92.2820,0.000000,0.000000,0.000000,above_band_high
2026-07-27T19:58:00Z,92.2667,0.000000,0.000000,0.000000,above_band_high
2026-07-27T19:59:00Z,92.2316,0.000000,0.000000,0.000000,above_band_high
2026-07-27T20:00:00Z,92.2683,0.000000,0.000000,0.000000,above_band_high
2026-07-27T20:01:00Z,92.2438,0.000000,0.000000,0.000000,above_band_high
2026-07-27T20:02:00Z,92.2667,0.000000,0.000000,0.000000,above_band_high
2026-07-27T20:03:00Z,92.2667,0.000000,0.000000,0.000000,above_band_high
2026-07-27T20:04:00Z,92.2362,0.000000,0.000000,0.000000,above_band_high
2026-07-27T20:05:00Z,92.2667,0.000000,0.000000,0.000000,above_band_high
2026-07-27T20:06:00Z,92.3049,0.000000,0.000000,0.000000,above_band_high
2026-07-27T20:07:00Z,92.2728,0.000000,0.000000,0.000000,above_band_high
2026-07-27T20:08:00Z,92.2499,0.000000,0.000000,0.000000,above_band_high
2026-07-27T20:09:00Z,92.2408,0.000000,0.000000,0.000000,above_band_high
2026-07-27T20:10:00Z,92.2210,0.000000,0.000000,0.000000,above_band_high
2026-07-27T20:11:00Z,92.2118,0.000000,0.000000,0.000000,above_band_high
2026-07-27T20:12:00Z,92.2118,0.000000,0.000000,0.000000,above_band_high
2026-07-27T20:13:00Z,92.2164,0.000000,0.000000,0.000000,above_band_high
2026-07-27T20:14:00Z,92.2301,0.000000,0.000000,0.000000,above_band_high
2026-07-27T20:15:00Z,92.2225,0.000000,0.000000,0.000000,above_band_high
2026-07-27T20:16:00Z,92.2362,0.000000,0.000000,0.000000,above_band_high
2026-07-27T20:17:00Z,92.2408,0.000000,0.000000,0.000000,above_band_high
2026-07-27T20:18:00Z,92.2301,0.000000,0.000000,0.000000,above_band_high
2026-07-27T20:19:00Z,92.2545,0.000000,0.000000,0.000000,above_band_high
2026-07-27T20:20:00Z,92.2347,0.000000,0.000000,0.000000,above_band_high
2026-07-27T20:21:00Z,92.2667,0.000000,0.000000,0.000000,above_band_high
2026-07-27T20:22:00Z,92.2362,0.000000,0.000000,0.000000,above_band_high
2026-07-27T20:23:00Z,92.2759,0.000000,0.000000,0.000000,above_band_high
2026-07-27T20:24:00Z,92.2667,0.000000,0.000000,0.000000,above_band_high
2026-07-27T20:25:00Z,92.2301,0.000000,0.000000,0.000000,above_band_high
2026-07-27T20:26:00Z,92.2545,0.000000,0.000000,0.000000,above_band_high
2026-07-27T20:27:00Z,92.2759,0.000000,0.000000,0.000000,above_band_high
2026-07-27T20:28:00Z,92.2362,0.000000,0.000000,0.000000,above_band_high
2026-07-27T20:29:00Z,92.2683,0.000000,0.000000,0.000000,above_band_high
2026-07-27T20:30:00Z,92.2499,0.000000,0.000000,0.000000,above_band_high
2026-07-27T20:31:00Z,92.2545,0.000000,0.000000,0.000000,above_band_high
2026-07-27T20:32:00Z,92.2408,0.000000,0.000000,0.000000,above_band_high
2026-07-27T20:33:00Z,92.2683,0.000000,0.000000,0.000000,above_band_high
2026-07-27T20:34:00Z,92.2591,0.000000,0.000000,0.000000,above_band_high
2026-07-27T20:35:00Z,92.2118,0.000000,0.000000,0.000000,above_band_high
2026-07-27T20:36:00Z,92.2255,0.000000,0.000000,0.000000,above_band_high
2026-07-27T20:37:00Z,92.2210,0.000000,0.000000,0.000000,above_band_high
2026-07-27T20:38:00Z,92.2454,0.000000,0.000000,0.000000,above_band_high
2026-07-27T20:39:00Z,92.2362,0.000000,0.000000,0.000000,above_band_high
2026-07-27T20:40:00Z,92.2362,0.000000,0.000000,0.000000,above_band_high
2026-07-27T20:41:00Z,92.2408,0.000000,0.000000,0.000000,above_band_high
2026-07-27T20:42:00Z,92.2438,0.000000,0.000000,0.000000,above_band_high
2026-07-27T20:43:00Z,92.2499,0.000000,0.000000,0.000000,above_band_high
2026-07-27T20:44:00Z,92.2347,0.000000,0.000000,0.000000,above_band_high
2026-07-27T20:45:00Z,92.1996,0.000000,0.000000,0.000000,above_band_high
2026-07-27T20:46:00Z,92.2347,0.000000,0.000000,0.000000,above_band_high
2026-07-27T20:47:00Z,92.2225,0.000000,0.000000,0.000000,above_band_high
2026-07-27T20:48:00Z,92.2347,0.000000,0.000000,0.000000,above_band_high
2026-07-27T20:49:00Z,92.2545,0.000000,0.000000,0.000000,above_band_high
2026-07-27T20:50:00Z,92.2545,0.000000,0.000000,0.000000,above_band_high
2026-07-27T20:51:00Z,92.2866,0.000000,0.000000,0.000000,above_band_high
2026-07-27T20:52:00Z,92.3232,0.000000,0.000000,0.000000,above_band_high
2026-07-27T20:53:00Z,92.2866,0.000000,0.000000,0.000000,above_band_high
2026-07-27T20:54:00Z,92.2805,0.000000,0.000000,0.000000,above_band_high
2026-07-27T20:55:00Z,92.2911,0.000000,0.000000,0.000000,above_band_high
2026-07-27T20:56:00Z,92.2988,0.000000,0.000000,0.000000,above_band_high
2026-07-27T20:57:00Z,92.2911,0.000000,0.000000,0.000000,above_band_high
2026-07-27T20:58:00Z,92.2728,0.000000,0.000000,0.000000,above_band_high
2026-07-27T20:59:00Z,92.3125,0.000000,0.000000,0.000000,above_band_high
2026-07-27T21:00:00Z,92.3323,0.000000,0.000000,0.000000,above_band_high
2026-07-27T21:01:00Z,92.3049,0.000000,0.000000,0.000000,above_band_high
2026-07-27T21:02:00Z,92.3400,0.000000,0.000000,0.000000,above_band_high
2026-07-27T21:03:00Z,92.3186,0.000000,0.000000,0.000000,above_band_high
2026-07-27T21:04:00Z,92.3186,0.000000,0.000000,0.000000,above_band_high
2026-07-27T21:05:00Z,92.3186,0.000000,0.000000,0.000000,above_band_high
2026-07-27T21:06:00Z,92.3171,0.000000,0.000000,0.000000,above_band_high
2026-07-27T21:07:00Z,92.3125,0.000000,0.000000,0.000000,above_band_high
2026-07-27T21:08:00Z,92.3323,0.000000,0.000000,0.000000,above_band_high
2026-07-27T21:09:00Z,92.3033,0.000000,0.000000,0.000000,above_band_high
2026-07-27T21:10:00Z,92.3033,0.000000,0.000000,0.000000,above_band_high
2026-07-27T21:11:00Z,92.3537,0.000000,0.000000,0.000000,above_band_high
2026-07-27T21:12:00Z,92.3095,0.000000,0.000000,0.000000,above_band_high
2026-07-27T21:13:00Z,92.3308,0.000000,0.000000,0.000000,above_band_high
2026-07-27T21:14:00Z,92.3308,0.000000,0.000000,0.000000,above_band_high
2026-07-27T21:15:00Z,92.3537,0.000000,0.000000,0.000000,above_band_high
2026-07-27T21:16:00Z,92.3232,0.000000,0.000000,0.000000,above_band_high
2026-07-27T21:17:00Z,92.3232,0.000000,0.000000,0.000000,above_band_high
2026-07-27T21:18:00Z,92.3125,0.000000,0.000000,0.000000,above_band_high
2026-07-27T21:19:00Z,92.2988,0.000000,0.000000,0.000000,above_band_high
2026-07-27T21:20:00Z,92.3171,0.000000,0.000000,0.000000,above_band_high
2026-07-27T21:21:00Z,92.3354,0.000000,0.000000,0.000000,above_band_high
2026-07-27T21:22:00Z,92.3491,0.000000,0.000000,0.000000,above_band_high
2026-07-27T21:23:00Z,92.3415,0.000000,0.000000,0.000000,above_band_high
2026-07-27T21:24:00Z,92.3400,0.000000,0.000000,0.000000,above_band_high
2026-07-27T21:25:00Z,92.3964,0.000000,0.000000,0.000000,above_band_high
2026-07-27T21:26:00Z,92.3552,0.000000,0.000000,0.000000,above_band_high
2026-07-27T21:27:00Z,92.3400,0.000000,0.000000,0.000000,above_band_high
2026-07-27T21:28:00Z,92.3354,0.000000,0.000000,0.000000,above_band_high
2026-07-27T21:29:00Z,92.3186,0.000000,0.000000,0.000000,above_band_high
2026-07-27T21:30:00Z,92.3812,0.000000,0.000000,0.000000,above_band_high
2026-07-27T21:31:00Z,92.3903,0.000000,0.000000,0.000000,above_band_high
2026-07-27T21:32:00Z,92.3232,0.000000,0.000000,0.000000,above_band_high
2026-07-27T21:33:00Z,92.3415,0.000000,0.000000,0.000000,above_band_high
2026-07-27T21:34:00Z,92.3781,0.000000,0.000000,0.000000,above_band_high
2026-07-27T21:35:00Z,92.3552,0.000000,0.000000,0.000000,above_band_high
2026-07-27T21:36:00Z,92.3735,0.000000,0.000000,0.000000,above_band_high
2026-07-27T21:37:00Z,92.3598,0.000000,0.000000,0.000000,above_band_high
2026-07-27T21:38:00Z,92.3598,0.000000,0.000000,0.000000,above_band_high
2026-07-27T21:39:00Z,92.3552,0.000000,0.000000,0.000000,above_band_high
2026-07-27T21:40:00Z,92.3629,0.000000,0.000000,0.000000,above_band_high
2026-07-27T21:41:00Z,92.3781,0.000000,0.000000,0.000000,above_band_high
2026-07-27T21:42:00Z,92.3735,0.000000,0.000000,0.000000,above_band_high
2026-07-27T21:43:00Z,92.3964,0.000000,0.000000,0.000000,above_band_high
2026-07-27T21:44:00Z,92.3919,0.000000,0.000000,0.000000,above_band_high
2026-07-27T21:45:00Z,92.4193,0.000000,0.000000,0.000000,above_band_high
2026-07-27T21:46:00Z,92.3919,0.000000,0.000000,0.000000,above_band_high
2026-07-27T21:47:00Z,92.3964,0.000000,0.000000,0.000000,above_band_high
2026-07-27T21:48:00Z,92.4147,0.000000,0.000000,0.000000,above_band_high
2026-07-27T21:49:00Z,92.3720,0.000000,0.000000,0.000000,above_band_high
2026-07-27T21:50:00Z,92.4331,0.000000,0.000000,0.000000,above_band_high
2026-07-27T21:51:00Z,92.4147,0.000000,0.000000,0.000000,above_band_high
2026-07-27T21:52:00Z,92.4453,0.000000,0.000000,0.000000,above_band_high
2026-07-27T21:53:00Z,92.4285,0.000000,0.000000,0.000000,above_band_high
2026-07-27T21:54:00Z,92.4468,0.000000,0.000000,0.000000,above_band_high
2026-07-27T21:55:00Z,92.4376,0.000000,0.000000,0.000000,above_band_high
2026-07-27T21:56:00Z,92.4544,0.000000,0.000000,0.000000,above_band_high
2026-07-27T21:57:00Z,92.4605,0.000000,0.000000,0.000000,above_band_high
2026-07-27T21:58:00Z,92.4376,0.000000,0.000000,0.000000,above_band_high
2026-07-27T21:59:00Z,92.4651,0.000000,0.000000,0.000000,above_band_high
2026-07-27T22:00:00Z,92.4727,0.000000,0.000000,0.000000,above_band_high
2026-07-27T22:01:00Z,92.4834,0.000000,0.000000,0.000000,above_band_high
2026-07-27T22:02:00Z,92.4834,0.000000,0.000000,0.000000,above_band_high
2026-07-27T22:03:00Z,92.4834,0.000000,0.000000,0.000000,above_band_high
2026-07-27T22:04:00Z,92.4590,0.000000,0.000000,0.000000,above_band_high
2026-07-27T22:05:00Z,92.4544,0.000000,0.000000,0.000000,above_band_high
2026-07-27T22:06:00Z,92.4819,0.000000,0.000000,0.000000,above_band_high
2026-07-27T22:07:00Z,92.4910,0.000000,0.000000,0.000000,above_band_high
2026-07-27T22:08:00Z,92.5185,0.000000,0.000000,0.000000,above_band_high
2026-07-27T22:09:00Z,92.4743,0.000000,0.000000,0.000000,above_band_high
2026-07-27T22:10:00Z,92.4956,0.000000,0.000000,0.000000,above_band_high
2026-07-27T22:11:00Z,92.5246,0.000000,0.000000,0.000000,above_band_high
2026-07-27T22:12:00Z,92.5017,0.000000,0.000000,0.000000,above_band_high
2026-07-27T22:13:00Z,92.5154,0.000000,0.000000,0.000000,above_band_high
2026-07-27T22:14:00Z,92.5246,0.000000,0.000000,0.000000,above_band_high
2026-07-27T22:15:00Z,92.5109,0.000000,0.000000,0.000000,above_band_high
2026-07-27T22:16:00Z,92.5322,0.000000,0.000000,0.000000,above_band_high
2026-07-27T22:17:00Z,92.5048,0.000000,0.000000,0.000000,above_band_high
2026-07-27T22:18:00Z,92.4971,0.000000,0.000000,0.000000,above_band_high
2026-07-27T22:19:00Z,92.4773,0.000000,0.000000,0.000000,above_band_high
2026-07-27T22:20:00Z,92.5154,0.000000,0.000000,0.000000,above_band_high
2026-07-27T22:21:00Z,92.4773,0.000000,0.000000,0.000000,above_band_high
2026-07-27T22:22:00Z,92.4971,0.000000,0.000000,0.000000,above_band_high
2026-07-27T22:23:00Z,92.5277,0.000000,0.000000,0.000000,above_band_high
2026-07-27T22:24:00Z,92.5200,0.000000,0.000000,0.000000,above_band_high
2026-07-27T22:25:00Z,92.5246,0.000000,0.000000,0.000000,above_band_high
2026-07-27T22:26:00Z,92.5185,0.000000,0.000000,0.000000,above_band_high
2026-07-27T22:27:00Z,92.5093,0.000000,0.000000,0.000000,above_band_high
2026-07-27T22:28:00Z,92.5246,0.000000,0.000000,0.000000,above_band_high
2026-07-27T22:29:00Z,92.5704,0.000000,0.000000,0.000000,above_band_high
2026-07-27T22:30:00Z,92.5658,0.000000,0.000000,0.000000,above_band_high
2026-07-27T22:31:00Z,92.5566,0.000000,0.000000,0.000000,above_band_high
2026-07-27T22:32:00Z,92.5414,0.000000,0.000000,0.000000,above_band_high
2026-07-27T22:33:00Z,92.5521,0.000000,0.000000,0.000000,above_band_high
2026-07-27T22:34:00Z,92.5338,0.000000,0.000000,0.000000,above_band_high
2026-07-27T22:35:00Z,92.5460,0.000000,0.000000,0.000000,above_band_high
2026-07-27T22:36:00Z,92.5460,0.000000,0.000000,0.000000,above_band_high
2026-07-27T22:37:00Z,92.5414,0.000000,0.000000,0.000000,above_band_high
2026-07-27T22:38:00Z,92.5200,0.000000,0.000000,0.000000,above_band_high
2026-07-27T22:39:00Z,92.5643,0.000000,0.000000,0.000000,above_band_high
2026-07-27T22:40:00Z,92.5109,0.000000,0.000000,0.000000,above_band_high
2026-07-27T22:41:00Z,92.5200,0.000000,0.000000,0.000000,above_band_high
2026-07-27T22:42:00Z,92.5200,0.000000,0.000000,0.000000,above_band_high
2026-07-27T22:43:00Z,92.5246,0.000000,0.000000,0.000000,above_band_high
2026-07-27T22:44:00Z,92.5383,0.000000,0.000000,0.000000,above_band_high
2026-07-27T22:45:00Z,92.5246,0.000000,0.000000,0.000000,above_band_high
2026-07-27T22:46:00Z,92.5154,0.000000,0.000000,0.000000,above_band_high
2026-07-27T22:47:00Z,92.4834,0.000000,0.000000,0.000000,above_band_high
2026-07-27T22:48:00Z,92.4971,0.000000,0.000000,0.000000,above_band_high
2026-07-27T22:49:00Z,92.5338,0.000000,0.000000,0.000000,above_band_high
2026-07-27T22:50:00Z,92.5246,0.000000,0.000000,0.000000,above_band_high
2026-07-27T22:51:00Z,92.5383,0.000000,0.000000,0.000000,above_band_high
2026-07-27T22:52:00Z,92.5551,0.000000,0.000000,0.000000,above_band_high
2026-07-27T22:53:00Z,92.5383,0.000000,0.000000,0.000000,above_band_high
2026-07-27T22:54:00Z,92.5643,0.000000,0.000000,0.000000,above_band_high
2026-07-27T22:55:00Z,92.5460,0.000000,0.000000,0.000000,above_band_high
2026-07-27T22:56:00Z,92.5597,0.000000,0.000000,0.000000,above_band_high
2026-07-27T22:57:00Z,92.5597,0.000000,0.000000,0.000000,above_band_high
2026-07-27T22:58:00Z,92.5917,0.000000,0.000000,0.000000,above_band_high
2026-07-27T22:59:00Z,92.5689,0.000000,0.000000,0.000000,above_band_high
2026-07-27T23:00:00Z,92.5978,0.000000,0.000000,0.000000,above_band_high
2026-07-27T23:01:00Z,92.5826,0.000000,0.000000,0.000000,above_band_high
2026-07-27T23:02:00Z,92.5689,0.000000,0.000000,0.000000,above_band_high
2026-07-27T23:03:00Z,92.5917,0.000000,0.000000,0.000000,above_band_high
2026-07-27T23:04:00Z,92.6116,0.000000,0.000000,0.000000,above_band_high
2026-07-27T23:05:00Z,92.5704,0.000000,0.000000,0.000000,above_band_high
2026-07-27T23:06:00Z,92.5750,0.000000,0.000000,0.000000,above_band_high
2026-07-27T23:07:00Z,92.6101,0.000000,0.000000,0.000000,above_band_high
2026-07-27T23:08:00Z,92.6146,0.000000,0.000000,0.000000,above_band_high
2026-07-27T23:09:00Z,92.5963,0.000000,0.000000,0.000000,above_band_high
2026-07-27T23:10:00Z,92.6024,0.000000,0.000000,0.000000,above_band_high
2026-07-27T23:11:00Z,92.5917,0.000000,0.000000,0.000000,above_band_high
2026-07-27T23:12:00Z,92.5978,0.000000,0.000000,0.000000,above_band_high
2026-07-27T23:13:00Z,92.5750,0.000000,0.000000,0.000000,above_band_high
2026-07-27T23:14:00Z,92.5826,0.000000,0.000000,0.000000,above_band_high
2026-07-27T23:15:00Z,92.5917,0.000000,0.000000,0.000000,above_band_high
2026-07-27T23:16:00Z,92.5887,0.000000,0.000000,0.000000,above_band_high
2026-07-27T23:17:00Z,92.5826,0.000000,0.000000,0.000000,above_band_high
2026-07-27T23:18:00Z,92.5841,0.000000,0.000000,0.000000,above_band_high
2026-07-27T23:19:00Z,92.5917,0.000000,0.000000,0.000000,above_band_high
2026-07-27T23:20:00Z,92.5475,0.000000,0.000000,0.000000,above_band_high
2026-07-27T23:21:00Z,92.5597,0.000000,0.000000,0.000000,above_band_high
2026-07-27T23:22:00Z,92.5521,0.000000,0.000000,0.000000,above_band_high
2026-07-27T23:23:00Z,92.5734,0.000000,0.000000,0.000000,above_band_high
2026-07-27T23:24:00Z,92.5475,0.000000,0.000000,0.000000,above_band_high
2026-07-27T23:25:00Z,92.5383,0.000000,0.000000,0.000000,above_band_high
2026-07-27T23:26:00Z,92.5185,0.000000,0.000000,0.000000,above_band_high
2026-07-27T23:27:00Z,92.5338,0.000000,0.000000,0.000000,above_band_high
2026-07-27T23:28:00Z,92.5292,0.000000,0.000000,0.000000,above_band_high
2026-07-27T23:29:00Z,92.5338,0.000000,0.000000,0.000000,above_band_high
2026-07-27T23:30:00Z,92.5460,0.000000,0.000000,0.000000,above_band_high
2026-07-27T23:31:00Z,92.5689,0.000000,0.000000,0.000000,above_band_high
2026-07-27T23:32:00Z,92.6024,0.000000,0.000000,0.000000,above_band_high
2026-07-27T23:33:00Z,92.5887,0.000000,0.000000,0.000000,above_band_high
2026-07-27T23:34:00Z,92.6162,0.000000,0.000000,0.000000,above_band_high
2026-07-27T23:35:00Z,92.6329,0.000000,0.000000,0.000000,above_band_high
2026-07-27T23:36:00Z,92.6467,0.000000,0.000000,0.000000,above_band_high
2026-07-27T23:37:00Z,92.6528,0.000000,0.000000,0.000000,above_band_high
2026-07-27T23:38:00Z,92.6879,0.000000,0.000000,0.000000,above_band_high
2026-07-27T23:39:00Z,92.6940,0.000000,0.000000,0.000000,above_band_high
2026-07-27T23:40:00Z,92.6833,0.000000,0.000000,0.000000,above_band_high
2026-07-27T23:41:00Z,92.6802,0.000000,0.000000,0.000000,above_band_high
2026-07-27T23:42:00Z,92.7016,0.000000,0.000000,0.000000,above_band_high
2026-07-27T23:43:00Z,92.7474,0.000000,0.000000,0.000000,above_band_high
2026-07-27T23:44:00Z,92.7520,0.000000,0.000000,0.000000,above_band_high
2026-07-27T23:45:00Z,92.7749,0.000000,0.000000,0.000000,above_band_high
2026-07-27T23:46:00Z,92.7886,0.000000,0.000000,0.000000,above_band_high
2026-07-27T23:47:00Z,92.7749,0.000000,0.000000,0.000000,above_band_high
2026-07-27T23:48:00Z,92.8069,0.000000,0.000000,0.000000,above_band_high
2026-07-27T23:49:00Z,92.7886,0.000000,0.000000,0.000000,above_band_high
2026-07-27T23:50:00Z,92.8069,0.000000,0.000000,0.000000,above_band_high
2026-07-27T23:51:00Z,92.8496,0.000000,0.000000,0.000000,above_band_high
2026-07-27T23:52:00Z,92.8298,0.000000,0.000000,0.000000,above_band_high
2026-07-27T23:53:00Z,92.8527,0.000000,0.000000,0.000000,above_band_high
2026-07-27T23:54:00Z,92.8725,0.000000,0.000000,0.000000,above_band_high
2026-07-27T23:55:00Z,92.8725,0.000000,0.000000,0.000000,above_band_high
2026-07-27T23:56:00Z,92.8435,0.000000,0.000000,0.000000,above_band_high
2026-07-27T23:57:00Z,92.8756,0.000000,0.000000,0.000000,above_band_high
2026-07-27T23:58:00Z,92.9030,0.000000,0.000000,0.000000,above_band_high
2026-07-27T23:59:00Z,92.8801,0.000000,0.000000,0.000000,above_band_high
2026-07-28T00:00:00Z,92.8954,0.000000,0.000000,0.000000,above_band_high
2026-07-28T00:01:00Z,92.8588,0.000000,0.000000,0.000000,above_band_high
2026-07-28T00:02:00Z,92.9030,0.000000,0.000000,0.000000,above_band_high
2026-07-28T00:03:00Z,92.9046,0.000000,0.000000,0.000000,above_band_high
2026-07-28T00:04:00Z,92.9412,0.000000,0.000000,0.000000,above_band_high
2026-07-28T00:05:00Z,92.8893,0.000000,0.000000,0.000000,above_band_high
2026-07-28T00:06:00Z,92.9030,0.000000,0.000000,0.000000,above_band_high
2026-07-28T00:07:00Z,92.8985,0.000000,0.000000,0.000000,above_band_high
2026-07-28T00:08:00Z,92.9046,0.000000,0.000000,0.000000,above_band_high
2026-07-28T00:09:00Z,92.8939,0.000000,0.000000,0.000000,above_band_high
2026-07-28T00:10:00Z,92.8801,0.000000,0.000000,0.000000,above_band_high
2026-07-28T00:11:00Z,92.9046,0.000000,0.000000,0.000000,above_band_high
2026-07-28T00:12:00Z,92.8939,0.000000,0.000000,0.000000,above_band_high
2026-07-28T00:13:00Z,92.9030,0.000000,0.000000,0.000000,above_band_high
2026-07-28T00:14:00Z,92.9183,0.000000,0.000000,0.000000,above_band_high
2026-07-28T00:15:00Z,92.9030,0.000000,0.000000,0.000000,above_band_high
2026-07-28T00:16:00Z,92.8756,0.000000,0.000000,0.000000,above_band_high
2026-07-28T00:17:00Z,92.8862,0.000000,0.000000,0.000000,above_band_high
2026-07-28T00:18:00Z,92.8862,0.000000,0.000000,0.000000,above_band_high
2026-07-28T00:19:00Z,92.9030,0.000000,0.000000,0.000000,above_band_high
2026-07-28T00:20:00Z,92.8679,0.000000,0.000000,0.000000,above_band_high
2026-07-28T00:21:00Z,92.9091,0.000000,0.000000,0.000000,above_band_high
2026-07-28T00:22:00Z,92.8985,0.000000,0.000000,0.000000,above_band_high
2026-07-28T00:23:00Z,92.8817,0.000000,0.000000,0.000000,above_band_high
2026-07-28T00:24:00Z,92.9030,0.000000,0.000000,0.000000,above_band_high
2026-07-28T00:25:00Z,92.9000,0.000000,0.000000,0.000000,above_band_high
2026-07-28T00:26:00Z,92.8634,0.000000,0.000000,0.000000,above_band_high
2026-07-28T00:27:00Z,92.8862,0.000000,0.000000,0.000000,above_band_high
2026-07-28T00:28:00Z,92.9091,0.000000,0.000000,0.000000,above_band_high
2026-07-28T00:29:00Z,92.8862,0.000000,0.000000,0.000000,above_band_high
2026-07-28T00:30:00Z,92.8618,0.000000,0.000000,0.000000,above_band_high
2026-07-28T00:31:00Z,92.8985,0.000000,0.000000,0.000000,above_band_high
2026-07-28T00:32:00Z,92.9122,0.000000,0.000000,0.000000,above_band_high
2026-07-28T00:33:00Z,92.8893,0.000000,0.000000,0.000000,above_band_high
2026-07-28T00:34:00Z,92.8985,0.000000,0.000000,0.000000,above_band_high
2026-07-28T00:35:00Z,92.8801,0.000000,0.000000,0.000000,above_band_high
2026-07-28T00:36:00Z,92.8756,0.000000,0.000000,0.000000,above_band_high
2026-07-28T00:37:00Z,92.8985,0.000000,0.000000,0.000000,above_band_high
2026-07-28T00:38:00Z,92.8893,0.000000,0.000000,0.000000,above_band_high
2026-07-28T00:39:00Z,92.8939,0.000000,0.000000,0.000000,above_band_high
2026-07-28T00:40:00Z,92.8756,0.000000,0.000000,0.000000,above_band_high
2026-07-28T00:41:00Z,92.8725,0.000000,0.000000,0.000000,above_band_high
2026-07-28T00:42:00Z,92.8862,0.000000,0.000000,0.000000,above_band_high
2026-07-28T00:43:00Z,92.8862,0.000000,0.000000,0.000000,above_band_high
2026-07-28T00:44:00Z,92.8756,0.000000,0.000000,0.000000,above_band_high
2026-07-28T00:45:00Z,92.8618,0.000000,0.000000,0.000000,above_band_high
2026-07-28T00:46:00Z,92.8481,0.000000,0.000000,0.000000,above_band_high
2026-07-28T00:47:00Z,92.8939,0.000000,0.000000,0.000000,above_band_high
2026-07-28T00:48:00Z,92.8634,0.000000,0.000000,0.000000,above_band_high
2026-07-28T00:49:00Z,92.8496,0.000000,0.000000,0.000000,above_band_high
2026-07-28T00:50:00Z,92.8893,0.000000,0.000000,0.000000,above_band_high
2026-07-28T00:51:00Z,92.8710,0.000000,0.000000,0.000000,above_band_high
2026-07-28T00:52:00Z,92.8801,0.000000,0.000000,0.000000,above_band_high
2026-07-28T00:53:00Z,92.8573,0.000000,0.000000,0.000000,above_band_high
2026-07-28T00:54:00Z,92.8817,0.000000,0.000000,0.000000,above_band_high
2026-07-28T00:55:00Z,92.8893,0.000000,0.000000,0.000000,above_band_high
2026-07-28T00:56:00Z,92.8939,0.000000,0.000000,0.000000,above_band_high
2026-07-28T00:57:00Z,92.9000,0.000000,0.000000,0.000000,above_band_high
2026-07-28T00:58:00Z,92.9320,0.000000,0.000000,0.000000,above_band_high
2026-07-28T00:59:00Z,92.9229,0.000000,0.000000,0.000000,above_band_high
2026-07-28T01:00:00Z,92.9122,0.000000,0.000000,0.000000,above_band_high
2026-07-28T01:01:00Z,92.9259,0.000000,0.000000,0.000000,above_band_high
2026-07-28T01:02:00Z,92.9122,0.000000,0.000000,0.000000,above_band_high
2026-07-28T01:03:00Z,92.8939,0.000000,0.000000,0.000000,above_band_high
2026-07-28T01:04:00Z,92.8954,0.000000,0.000000,0.000000,above_band_high
2026-07-28T01:05:00Z,92.9000,0.000000,0.000000,0.000000,above_band_high
2026-07-28T01:06:00Z,92.9122,0.000000,0.000000,0.000000,above_band_high
2026-07-28T01:07:00Z,92.9046,0.000000,0.000000,0.000000,above_band_high
2026-07-28T01:08:00Z,92.9137,0.000000,0.000000,0.000000,above_band_high
2026-07-28T01:09:00Z,92.8985,0.000000,0.000000,0.000000,above_band_high
2026-07-28T01:10:00Z,92.8908,0.000000,0.000000,0.000000,above_band_high
2026-07-28T01:11:00Z,92.8893,0.000000,0.000000,0.000000,above_band_high
2026-07-28T01:12:00Z,92.8908,0.000000,0.000000,0.000000,above_band_high
2026-07-28T01:13:00Z,92.8756,0.000000,0.000000,0.000000,above_band_high
2026-07-28T01:14:00Z,92.8527,0.000000,0.000000,0.000000,above_band_high
2026-07-28T01:15:00Z,92.8618,0.000000,0.000000,0.000000,above_band_high
2026-07-28T01:16:00Z,92.8481,0.000000,0.000000,0.000000,above_band_high
2026-07-28T01:17:00Z,92.8618,0.000000,0.000000,0.000000,above_band_high
2026-07-28T01:18:00Z,92.8359,0.000000,0.000000,0.000000,above_band_high
2026-07-28T01:19:00Z,92.8573,0.000000,0.000000,0.000000,above_band_high
2026-07-28T01:20:00Z,92.8252,0.000000,0.000000,0.000000,above_band_high
2026-07-28T01:21:00Z,92.8115,0.000000,0.000000,0.000000,above_band_high
2026-07-28T01:22:00Z,92.8588,0.000000,0.000000,0.000000,above_band_high
2026-07-28T01:23:00Z,92.8161,0.000000,0.000000,0.000000,above_band_high
2026-07-28T01:24:00Z,92.8756,0.000000,0.000000,0.000000,above_band_high
2026-07-28T01:25:00Z,92.8588,0.000000,0.000000,0.000000,above_band_high
2026-07-28T01:26:00Z,92.8573,0.000000,0.000000,0.000000,above_band_high
2026-07-28T01:27:00Z,92.8573,0.000000,0.000000,0.000000,above_band_high
2026-07-28T01:28:00Z,92.8893,0.000000,0.000000,0.000000,above_band_high
2026-07-28T01:29:00Z,92.8954,0.000000,0.000000,0.000000,above_band_high
2026-07-28T01:30:00Z,92.8908,0.000000,0.000000,0.000000,above_band_high
2026-07-28T01:31:00Z,92.8893,0.000000,0.000000,0.000000,above_band_high
2026-07-28T01:32:00Z,92.9137,0.000000,0.000000,0.000000,above_band_high
2026-07-28T01:33:00Z,92.9000,0.000000,0.000000,0.000000,above_band_high
2026-07-28T01:34:00Z,92.9183,0.000000,0.000000,0.000000,above_band_high
2026-07-28T01:35:00Z,92.9488,0.000000,0.000000,0.000000,above_band_high
2026-07-28T01:36:00Z,92.9503,0.000000,0.000000,0.000000,above_band_high
2026-07-28T01:37:00Z,92.9351,0.000000,0.000000,0.000000,above_band_high
2026-07-28T01:38:00Z,92.9854,0.000000,0.000000,0.000000,above_band_high
2026-07-28T01:39:00Z,92.9870,0.000000,0.000000,0.000000,above_band_high
2026-07-28T01:40:00Z,92.9808,0.000000,0.000000,0.000000,above_band_high
2026-07-28T01:41:00Z,92.9992,0.000000,0.000000,0.000000,above_band_high
2026-07-28T01:42:00Z,93.0404,0.000000,0.000000,0.000000,above_band_high
2026-07-28T01:43:00Z,93.0129,0.000000,0.000000,0.000000,above_band_high
2026-07-28T01:44:00Z,93.0236,0.000000,0.000000,0.000000,above_band_high
2026-07-28T01:45:00Z,93.0327,0.000000,0.000000,0.000000,above_band_high
2026-07-28T01:46:00Z,93.0556,0.000000,0.000000,0.000000,above_band_high
2026-07-28T01:47:00Z,93.0465,0.000000,0.000000,0.000000,above_band_high
2026-07-28T01:48:00Z,93.0556,0.000000,0.000000,0.000000,above_band_high
2026-07-28T01:49:00Z,93.0724,0.000000,0.000000,0.000000,above_band_high
2026-07-28T01:50:00Z,93.0953,0.000000,0.000000,0.000000,above_band_high
2026-07-28T01:51:00Z,93.0816,0.000000,0.000000,0.000000,above_band_high
2026-07-28T01:52:00Z,93.0739,0.000000,0.000000,0.000000,above_band_high
2026-07-28T01:53:00Z,93.1090,0.000000,0.000000,0.000000,above_band_high
2026-07-28T01:54:00Z,93.0785,0.000000,0.000000,0.000000,above_band_high
2026-07-28T01:55:00Z,93.0922,0.000000,0.000000,0.000000,above_band_high
2026-07-28T01:56:00Z,93.1090,0.000000,0.000000,0.000000,above_band_high
2026-07-28T01:57:00Z,93.1106,0.000000,0.000000,0.000000,above_band_high
2026-07-28T01:58:00Z,93.1365,0.000000,0.000000,0.000000,above_band_high
2026-07-28T01:59:00Z,93.1243,0.000000,0.000000,0.000000,above_band_high
2026-07-28T02:00:00Z,93.1472,0.000000,0.000000,0.000000,above_band_high
2026-07-28T02:01:00Z,93.1456,0.000000,0.000000,0.000000,above_band_high
2026-07-28T02:02:00Z,93.1472,0.000000,0.000000,0.000000,above_band_high
2026-07-28T02:03:00Z,93.1594,0.000000,0.000000,0.000000,above_band_high
2026-07-28T02:04:00Z,93.1518,0.000000,0.000000,0.000000,above_band_high
2026-07-28T02:05:00Z,93.1609,0.000000,0.000000,0.000000,above_band_high
2026-07-28T02:06:00Z,93.1792,0.000000,0.000000,0.000000,above_band_high
2026-07-28T02:07:00Z,93.1456,0.000000,0.000000,0.000000,above_band_high
2026-07-28T02:08:00Z,93.1777,0.000000,0.000000,0.000000,above_band_high
2026-07-28T02:09:00Z,93.1594,0.000000,0.000000,0.000000,above_band_high
2026-07-28T02:10:00Z,93.1380,0.000000,0.000000,0.000000,above_band_high
2026-07-28T02:11:00Z,93.1518,0.000000,0.000000,0.000000,above_band_high
2026-07-28T02:12:00Z,93.1319,0.000000,0.000000,0.000000,above_band_high
2026-07-28T02:13:00Z,93.1609,0.000000,0.000000,0.000000,above_band_high
2026-07-28T02:14:00Z,93.1182,0.000000,0.000000,0.000000,above_band_high
2026-07-28T02:15:00Z,93.1701,0.000000,0.000000,0.000000,above_band_high
2026-07-28T02:16:00Z,93.1289,0.000000,0.000000,0.000000,above_band_high
2026-07-28T02:17:00Z,93.1411,0.000000,0.000000,0.000000,above_band_high
2026-07-28T02:18:00Z,93.1228,0.000000,0.000000,0.000000,above_band_high
2026-07-28T02:19:00Z,93.1548,0.000000,0.000000,0.000000,above_band_high
2026-07-28T02:20:00Z,93.1594,0.000000,0.000000,0.000000,above_band_high
2026-07-28T02:21:00Z,93.1731,0.000000,0.000000,0.000000,above_band_high
2026-07-28T02:22:00Z,93.1548,0.000000,0.000000,0.000000,above_band_high
2026-07-28T02:23:00Z,93.1975,0.000000,0.000000,0.000000,above_band_high
2026-07-28T02:24:00Z,93.1838,0.000000,0.000000,0.000000,above_band_high
2026-07-28T02:25:00Z,93.2006,0.000000,0.000000,0.000000,above_band_high
2026-07-28T02:26:00Z,93.1960,0.000000,0.000000,0.000000,above_band_high
2026-07-28T02:27:00Z,93.1868,0.000000,0.000000,0.000000,above_band_high
2026-07-28T02:28:00Z,93.2204,0.000000,0.000000,0.000000,above_band_high
2026-07-28T02:29:00Z,93.2235,0.000000,0.000000,0.000000,above_band_high
2026-07-28T02:30:00Z,93.2387,0.000000,0.000000,0.000000,above_band_high
2026-07-28T02:31:00Z,93.2097,0.000000,0.000000,0.000000,above_band_high
2026-07-28T02:32:00Z,93.2280,0.000000,0.000000,0.000000,above_band_high
2026-07-28T02:33:00Z,93.2647,0.000000,0.000000,0.000000,above_band_high
2026-07-28T02:34:00Z,93.2647,0.000000,0.000000,0.000000,above_band_high
2026-07-28T02:35:00Z,93.2601,0.000000,0.000000,0.000000,above_band_high
2026-07-28T02:36:00Z,93.2845,0.000000,0.000000,0.000000,above_band_high
2026-07-28T02:37:00Z,93.2784,0.000000,0.000000,0.000000,above_band_high
2026-07-28T02:38:00Z,93.2525,0.000000,0.000000,0.000000,above_band_high
2026-07-28T02:39:00Z,93.3074,0.000000,0.000000,0.000000,above_band_high
2026-07-28T02:40:00Z,93.3257,0.000000,0.000000,0.000000,above_band_high
2026-07-28T02:41:00Z,93.2921,0.000000,0.000000,0.000000,above_band_high
2026-07-28T02:42:00Z,93.3303,0.000000,0.000000,0.000000,above_band_high
2026-07-28T02:43:00Z,93.3303,0.000000,0.000000,0.000000,above_band_high
2026-07-28T02:44:00Z,93.3257,0.000000,0.000000,0.000000,above_band_high
2026-07-28T02:45:00Z,93.3379,0.000000,0.000000,0.000000,above_band_high
2026-07-28T02:46:00Z,93.3577,0.000000,0.000000,0.000000,above_band_high
2026-07-28T02:47:00Z,93.3608,0.000000,0.000000,0.000000,above_band_high
2026-07-28T02:48:00Z,93.3669,0.000000,0.000000,0.000000,above_band_high
2026-07-28T02:49:00Z,93.3974,0.000000,0.000000,0.000000,above_band_high
2026-07-28T02:50:00Z,93.4264,0.000000,0.000000,0.000000,above_band_high
2026-07-28T02:51:00Z,93.3608,0.000000,0.000000,0.000000,above_band_high
2026-07-28T02:52:00Z,93.3898,0.000000,0.000000,0.000000,above_band_high
2026-07-28T02:53:00Z,93.3944,0.000000,0.000000,0.000000,above_band_high
2026-07-28T02:54:00Z,93.4249,0.000000,0.000000,0.000000,above_band_high
2026-07-28T02:55:00Z,93.3989,0.000000,0.000000,0.000000,above_band_high
2026-07-28T02:56:00Z,93.4401,0.000000,0.000000,0.000000,above_band_high
2026-07-28T02:57:00Z,93.4310,0.000000,0.000000,0.000000,above_band_high
2026-07-28T02:58:00Z,93.4066,0.000000,0.000000,0.000000,above_band_high
2026-07-28T02:59:00Z,93.4066,0.000000,0.000000,0.000000,above_band_high
2026-07-28T03:00:00Z,93.4249,0.000000,0.000000,0.000000,above_band_high
2026-07-28T03:01:00Z,93.4615,0.000000,0.000000,0.000000,above_band_high
2026-07-28T03:02:00Z,93.4356,0.000000,0.000000,0.000000,above_band_high
2026-07-28T03:03:00Z,93.4615,0.000000,0.000000,0.000000,above_band_high
2026-07-28T03:04:00Z,93.4432,0.000000,0.000000,0.000000,above_band_high
2026-07-28T03:05:00Z,93.4264,0.000000,0.000000,0.000000,above_band_high
2026-07-28T03:06:00Z,93.4447,0.000000,0.000000,0.000000,above_band_high
2026-07-28T03:07:00Z,93.4493,0.000000,0.000000,0.000000,above_band_high
2026-07-28T03:08:00Z,93.4264,0.000000,0.000000,0.000000,above_band_high
2026-07-28T03:09:00Z,93.4401,0.000000,0.000000,0.000000,above_band_high
2026-07-28T03:10:00Z,93.4447,0.000000,0.000000,0.000000,above_band_high
2026-07-28T03:11:00Z,93.4356,0.000000,0.000000,0.000000,above_band_high
2026-07-28T03:12:00Z,93.4249,0.000000,0.000000,0.000000,above_band_high
2026-07-28T03:13:00Z,93.4112,0.000000,0.000000,0.000000,above_band_high
2026-07-28T03:14:00Z,93.4157,0.000000,0.000000,0.000000,above_band_high
2026-07-28T03:15:00Z,93.4203,0.000000,0.000000,0.000000,above_band_high
2026-07-28T03:16:00Z,93.4264,0.000000,0.000000,0.000000,above_band_high
2026-07-28T03:17:00Z,93.4203,0.000000,0.000000,0.000000,above_band_high
2026-07-28T03:18:00Z,93.4127,0.000000,0.000000,0.000000,above_band_high
2026-07-28T03:19:00Z,93.4127,0.000000,0.000000,0.000000,above_band_high
2026-07-28T03:20:00Z,93.4310,0.000000,0.000000,0.000000,above_band_high
2026-07-28T03:21:00Z,93.4493,0.000000,0.000000,0.000000,above_band_high
2026-07-28T03:22:00Z,93.4157,0.000000,0.000000,0.000000,above_band_high
2026-07-28T03:23:00Z,93.4081,0.000000,0.000000,0.000000,above_band_high
2026-07-28T03:24:00Z,93.4295,0.000000,0.000000,0.000000,above_band_high
2026-07-28T03:25:00Z,93.4524,0.000000,0.000000,0.000000,above_band_high
2026-07-28T03:26:00Z,93.4310,0.000000,0.000000,0.000000,above_band_high
2026-07-28T03:27:00Z,93.4218,0.000000,0.000000,0.000000,above_band_high
2026-07-28T03:28:00Z,93.4524,0.000000,0.000000,0.000000,above_band_high
2026-07-28T03:29:00Z,93.4310,0.000000,0.000000,0.000000,above_band_high
2026-07-28T03:30:00Z,93.4676,0.000000,0.000000,0.000000,above_band_high
2026-07-28T03:31:00Z,93.4493,0.000000,0.000000,0.000000,above_band_high
2026-07-28T03:32:00Z,93.4752,0.000000,0.000000,0.000000,above_band_high
2026-07-28T03:33:00Z,93.4722,0.000000,0.000000,0.000000,above_band_high
2026-07-28T03:34:00Z,93.4859,0.000000,0.000000,0.000000,above_band_high
2026-07-28T03:35:00Z,93.4859,0.000000,0.000000,0.000000,above_band_high
2026-07-28T03:36:00Z,93.4493,0.000000,0.000000,0.000000,above_band_high
2026-07-28T03:37:00Z,93.4752,0.000000,0.000000,0.000000,above_band_high
2026-07-28T03:38:00Z,93.5073,0.000000,0.000000,0.000000,above_band_high
2026-07-28T03:39:00Z,93.5042,0.000000,0.000000,0.000000,above_band_high
2026-07-28T03:40:00Z,93.4813,0.000000,0.000000,0.000000,above_band_high
2026-07-28T03:41:00Z,93.5393,0.000000,0.000000,0.000000,above_band_high
2026-07-28T03:42:00Z,93.5439,0.000000,0.000000,0.000000,above_band_high
2026-07-28T03:43:00Z,93.5500,0.000000,0.000000,0.000000,above_band_high
2026-07-28T03:44:00Z,93.5439,0.000000,0.000000,0.000000,above_band_high
2026-07-28T03:45:00Z,93.5775,0.000000,0.000000,0.000000,above_band_high
2026-07-28T03:46:00Z,93.5775,0.000000,0.000000,0.000000,above_band_high
2026-07-28T03:47:00Z,93.5485,0.000000,0.000000,0.000000,above_band_high
2026-07-28T03:48:00Z,93.5683,0.000000,0.000000,0.000000,above_band_high
2026-07-28T03:49:00Z,93.5683,0.000000,0.000000,0.000000,above_band_high
2026-07-28T03:50:00Z,93.6126,0.000000,0.000000,0.000000,above_band_high
2026-07-28T03:51:00Z,93.6217,0.000000,0.000000,0.000000,above_band_high
2026-07-28T03:52:00Z,93.6126,0.000000,0.000000,0.000000,above_band_high
2026-07-28T03:53:00Z,93.6126,0.000000,0.000000,0.000000,above_band_high
2026-07-28T03:54:00Z,93.6004,0.000000,0.000000,0.000000,above_band_high
2026-07-28T03:55:00Z,93.6507,0.000000,0.000000,0.000000,above_band_high
2026-07-28T03:56:00Z,93.6629,0.000000,0.000000,0.000000,above_band_high
2026-07-28T03:57:00Z,93.7057,0.000000,0.000000,0.000000,above_band_high
2026-07-28T03:58:00Z,93.6782,0.000000,0.000000,0.000000,above_band_high
2026-07-28T03:59:00Z,93.6965,0.000000,0.000000,0.000000,above_band_high
2026-07-28T04:00:00Z,93.6736,0.000000,0.000000,0.000000,above_band_high
2026-07-28T04:01:00Z,93.6736,0.000000,0.000000,0.000000,above_band_high
2026-07-28T04:02:00Z,93.6446,0.000000,0.000000,0.000000,above_band_high
2026-07-28T04:03:00Z,93.6828,0.000000,0.000000,0.000000,above_band_high
2026-07-28T04:04:00Z,93.6736,0.000000,0.000000,0.000000,above_band_high
2026-07-28T04:05:00Z,93.6873,0.000000,0.000000,0.000000,above_band_high
2026-07-28T04:06:00Z,93.6904,0.000000,0.000000,0.000000,above_band_high
2026-07-28T04:07:00Z,93.6828,0.000000,0.000000,0.000000,above_band_high
2026-07-28T04:08:00Z,93.6995,0.000000,0.000000,0.000000,above_band_high
2026-07-28T04:09:00Z,93.6492,0.000000,0.000000,0.000000,above_band_high
2026-07-28T04:10:00Z,93.6721,0.000000,0.000000,0.000000,above_band_high
2026-07-28T04:11:00Z,93.6599,0.000000,0.000000,0.000000,above_band_high
2026-07-28T04:12:00Z,93.6263,0.000000,0.000000,0.000000,above_band_high
2026-07-28T04:13:00Z,93.6446,0.000000,0.000000,0.000000,above_band_high
2026-07-28T04:14:00Z,93.6553,0.000000,0.000000,0.000000,above_band_high
2026-07-28T04:15:00Z,93.6416,0.000000,0.000000,0.000000,above_band_high
2026-07-28T04:16:00Z,93.6187,0.000000,0.000000,0.000000,above_band_high
2026-07-28T04:17:00Z,93.6095,0.000000,0.000000,0.000000,above_band_high
2026-07-28T04:18:00Z,93.6355,0.000000,0.000000,0.000000,above_band_high
2026-07-28T04:19:00Z,93.6233,0.000000,0.000000,0.000000,above_band_high
2026-07-28T04:20:00Z,93.6187,0.000000,0.000000,0.000000,above_band_high
2026-07-28T04:21:00Z,93.6126,0.000000,0.000000,0.000000,above_band_high
2026-07-28T04:22:00Z,93.6507,0.000000,0.000000,0.000000,above_band_high
2026-07-28T04:23:00Z,93.6187,0.000000,0.000000,0.000000,above_band_high
2026-07-28T04:24:00Z,93.6233,0.000000,0.000000,0.000000,above_band_high
2026-07-28T04:25:00Z,93.6309,0.000000,0.000000,0.000000,above_band_high
2026-07-28T04:26:00Z,93.6553,0.000000,0.000000,0.000000,above_band_high
2026-07-28T04:27:00Z,93.6416,0.000000,0.000000,0.000000,above_band_high
2026-07-28T04:28:00Z,93.6950,0.000000,0.000000,0.000000,above_band_high
2026-07-28T04:29:00Z,93.7011,0.000000,0.000000,0.000000,above_band_high
2026-07-28T04:30:00Z,93.6767,0.000000,0.000000,0.000000,above_band_high
2026-07-28T04:31:00Z,93.7041,0.000000,0.000000,0.000000,above_band_high
2026-07-28T04:32:00Z,93.7148,0.000000,0.000000,0.000000,above_band_high
2026-07-28T04:33:00Z,93.6645,0.000000,0.000000,0.000000,above_band_high
2026-07-28T04:34:00Z,93.7041,0.000000,0.000000,0.000000,above_band_high
2026-07-28T04:35:00Z,93.7362,0.000000,0.000000,0.000000,above_band_high
2026-07-28T04:36:00Z,93.7041,0.000000,0.000000,0.000000,above_band_high
2026-07-28T04:37:00Z,93.7240,0.000000,0.000000,0.000000,above_band_high
2026-07-28T04:38:00Z,93.7285,0.000000,0.000000,0.000000,above_band_high
2026-07-28T04:39:00Z,93.7316,0.000000,0.000000,0.000000,above_band_high
2026-07-28T04:40:00Z,93.7514,0.000000,0.000000,0.000000,above_band_high
2026-07-28T04:41:00Z,93.8140,0.000000,0.000000,0.000000,above_band_high
2026-07-28T04:42:00Z,93.7636,0.000000,0.000000,0.000000,above_band_high
2026-07-28T04:43:00Z,93.7957,0.000000,0.000000,0.000000,above_band_high
2026-07-28T04:44:00Z,93.8415,0.000000,0.000000,0.000000,above_band_high
2026-07-28T04:45:00Z,93.7865,0.000000,0.000000,0.000000,above_band_high
2026-07-28T04:46:00Z,93.8109,0.000000,0.000000,0.000000,above_band_high
2026-07-28T04:47:00Z,93.8384,0.000000,0.000000,0.000000,above_band_high
2026-07-28T04:48:00Z,93.8231,0.000000,0.000000,0.000000,above_band_high
2026-07-28T04:49:00Z,93.8430,0.000000,0.000000,0.000000,above_band_high
2026-07-28T04:50:00Z,93.8643,0.000000,0.000000,0.000000,above_band_high
2026-07-28T04:51:00Z,93.8613,0.000000,0.000000,0.000000,above_band_high
2026-07-28T04:52:00Z,93.8552,0.000000,0.000000,0.000000,above_band_high
2026-07-28T04:53:00Z,93.8705,0.000000,0.000000,0.000000,above_band_high
2026-07-28T04:54:00Z,93.8872,0.000000,0.000000,0.000000,above_band_high
2026-07-28T04:55:00Z,93.9055,0.000000,0.000000,0.000000,above_band_high
2026-07-28T04:56:00Z,93.9391,0.000000,0.000000,0.000000,above_band_high
2026-07-28T04:57:00Z,93.9193,0.000000,0.000000,0.000000,above_band_high
2026-07-28T04:58:00Z,93.9696,0.000000,0.000000,0.000000,above_band_high
2026-07-28T04:59:00Z,93.9071,0.000000,0.000000,0.000000,above_band_high
2026-07-28T05:00:00Z,93.9467,0.000000,0.000000,0.000000,above_band_high
2026-07-28T05:01:00Z,93.9239,0.000000,0.000000,0.000000,above_band_high
2026-07-28T05:02:00Z,93.9391,0.000000,0.000000,0.000000,above_band_high
2026-07-28T05:03:00Z,93.9742,0.000000,0.000000,0.000000,above_band_high
2026-07-28T05:04:00Z,93.9605,0.000000,0.000000,0.000000,above_band_high
2026-07-28T05:05:00Z,93.9666,0.000000,0.000000,0.000000,above_band_high
2026-07-28T05:06:00Z,93.9330,0.000000,0.000000,0.000000,above_band_high
2026-07-28T05:07:00Z,93.9742,0.000000,0.000000,0.000000,above_band_high
2026-07-28T05:08:00Z,93.9742,0.000000,0.000000,0.000000,above_band_high
2026-07-28T05:09:00Z,93.9284,0.000000,0.000000,0.000000,above_band_high
2026-07-28T05:10:00Z,93.9803,0.000000,0.000000,0.000000,above_band_high
2026-07-28T05:11:00Z,94.0169,0.000000,0.000000,0.000000,above_band_high
2026-07-28T05:12:00Z,94.0063,0.000000,0.000000,0.000000,above_band_high
2026-07-28T05:13:00Z,93.9712,0.000000,0.000000,0.000000,above_band_high
2026-07-28T05:14:00Z,93.9834,0.000000,0.000000,0.000000,above_band_high
2026-07-28T05:15:00Z,94.0352,0.000000,0.000000,0.000000,above_band_high
2026-07-28T05:16:00Z,93.9834,0.000000,0.000000,0.000000,above_band_high
2026-07-28T05:17:00Z,94.0078,0.000000,0.000000,0.000000,above_band_high
2026-07-28T05:18:00Z,94.0612,0.000000,0.000000,0.000000,above_band_high
2026-07-28T05:19:00Z,94.0810,0.000000,0.000000,0.000000,above_band_high
2026-07-28T05:20:00Z,94.0658,0.000000,0.000000,0.000000,above_band_high
2026-07-28T05:21:00Z,94.0444,0.000000,0.000000,0.000000,above_band_high
2026-07-28T05:22:00Z,94.0948,0.000000,0.000000,0.000000,above_band_high
2026-07-28T05:23:00Z,94.1024,0.000000,0.000000,0.000000,above_band_high
2026-07-28T05:24:00Z,94.0673,0.000000,0.000000,0.000000,above_band_high
2026-07-28T05:25:00Z,94.1680,0.000000,0.000000,0.000000,above_band_high
2026-07-28T05:26:00Z,94.0978,0.000000,0.000000,0.000000,above_band_high
2026-07-28T05:27:00Z,94.1314,0.000000,0.000000,0.000000,above_band_high
2026-07-28T05:28:00Z,94.1436,0.000000,0.000000,0.000000,above_band_high
2026-07-28T05:29:00Z,94.1390,0.000000,0.000000,0.000000,above_band_high
2026-07-28T05:30:00Z,94.1634,0.000000,0.000000,0.000000,above_band_high
2026-07-28T05:31:00Z,94.1711,0.000000,0.000000,0.000000,above_band_high
2026-07-28T05:32:00Z,94.1756,0.000000,0.000000,0.000000,above_band_high
2026-07-28T05:33:00Z,94.1482,0.000000,0.000000,0.000000,above_band_high
2026-07-28T05:34:00Z,94.1955,0.000000,0.000000,0.000000,above_band_high
2026-07-28T05:35:00Z,94.2367,0.000000,0.000000,0.000000,above_band_high
2026-07-28T05:36:00Z,94.1756,0.000000,0.000000,0.000000,above_band_high
2026-07-28T05:37:00Z,94.1985,0.000000,0.000000,0.000000,above_band_high
2026-07-28T05:38:00Z,94.2260,0.000000,0.000000,0.000000,above_band_high
2026-07-28T05:39:00Z,94.2260,0.000000,0.000000,0.000000,above_band_high
2026-07-28T05:40:00Z,94.2321,0.000000,0.000000,0.000000,above_band_high
2026-07-28T05:41:00Z,94.2367,0.000000,0.000000,0.000000,above_band_high
2026-07-28T05:42:00Z,94.2443,0.000000,0.000000,0.000000,above_band_high
2026-07-28T05:43:00Z,94.2687,0.000000,0.000000,0.000000,above_band_high
2026-07-28T05:44:00Z,94.2641,0.000000,0.000000,0.000000,above_band_high
2026-07-28T05:45:00Z,94.2901,0.000000,0.000000,0.000000,above_band_high
2026-07-28T05:46:00Z,94.2596,0.000000,0.000000,0.000000,above_band_high
2026-07-28T05:47:00Z,94.3221,0.000000,0.000000,0.000000,above_band_high
2026-07-28T05:48:00Z,94.3099,0.000000,0.000000,0.000000,above_band_high
2026-07-28T05:49:00Z,94.3099,0.000000,0.000000,0.000000,above_band_high
2026-07-28T05:50:00Z,94.3236,0.000000,0.000000,0.000000,above_band_high
2026-07-28T05:51:00Z,94.3053,0.000000,0.000000,0.000000,above_band_high
2026-07-28T05:52:00Z,94.3313,0.000000,0.000000,0.000000,above_band_high
2026-07-28T05:53:00Z,94.3557,0.000000,0.000000,0.000000,above_band_high
2026-07-28T05:54:00Z,94.3175,0.000000,0.000000,0.000000,above_band_high
2026-07-28T05:55:00Z,94.3557,0.000000,0.000000,0.000000,above_band_high
2026-07-28T05:56:00Z,94.3786,0.000000,0.000000,0.000000,above_band_high
2026-07-28T05:57:00Z,94.3786,0.000000,0.000000,0.000000,above_band_high
2026-07-28T05:58:00Z,94.4152,0.000000,0.000000,0.000000,above_band_high
2026-07-28T05:59:00Z,94.3954,0.000000,0.000000,0.000000,above_band_high
2026-07-28T06:00:00Z,94.3908,0.000000,0.000000,0.000000,above_band_high
2026-07-28T06:01:00Z,94.4060,0.000000,0.000000,0.000000,above_band_high
2026-07-28T06:02:00Z,94.4015,0.000000,0.000000,0.000000,above_band_high
2026-07-28T06:03:00Z,94.4335,0.000000,0.000000,0.000000,above_band_high
2026-07-28T06:04:00Z,94.4289,0.000000,0.000000,0.000000,above_band_high
2026-07-28T06:05:00Z,94.4549,0.000000,0.000000,0.000000,above_band_high
2026-07-28T06:06:00Z,94.4366,0.000000,0.000000,0.000000,above_band_high
2026-07-28T06:07:00Z,94.4182,0.000000,0.000000,0.000000,above_band_high
2026-07-28T06:08:00Z,94.4472,0.000000,0.000000,0.000000,above_band_high
2026-07-28T06:09:00Z,94.4549,0.000000,0.000000,0.000000,above_band_high
2026-07-28T06:10:00Z,94.4411,0.000000,0.000000,0.000000,above_band_high
2026-07-28T06:11:00Z,94.4472,0.000000,0.000000,0.000000,above_band_high
2026-07-28T06:12:00Z,94.3969,0.000000,0.000000,0.000000,above_band_high
2026-07-28T06:13:00Z,94.4198,0.000000,0.000000,0.000000,above_band_high
2026-07-28T06:14:00Z,94.4015,0.000000,0.000000,0.000000,above_band_high
2026-07-28T06:15:00Z,94.3908,0.000000,0.000000,0.000000,above_band_high
2026-07-28T06:16:00Z,94.3908,0.000000,0.000000,0.000000,above_band_high
2026-07-28T06:17:00Z,94.3862,0.000000,0.000000,0.000000,above_band_high
2026-07-28T06:18:00Z,94.3786,0.000000,0.000000,0.000000,above_band_high
2026-07-28T06:19:00Z,94.4015,0.000000,0.000000,0.000000,above_band_high
2026-07-28T06:20:00Z,94.3908,0.000000,0.000000,0.000000,above_band_high
2026-07-28T06:21:00Z,94.3908,0.000000,0.000000,0.000000,above_band_high
2026-07-28T06:22:00Z,94.3587,0.000000,0.000000,0.000000,above_band_high
2026-07-28T06:23:00Z,94.3557,0.000000,0.000000,0.000000,above_band_high
2026-07-28T06:24:00Z,94.3816,0.000000,0.000000,0.000000,above_band_high
2026-07-28T06:25:00Z,94.3557,0.000000,0.000000,0.000000,above_band_high
2026-07-28T06:26:00Z,94.3633,0.000000,0.000000,0.000000,above_band_high
2026-07-28T06:27:00Z,94.3557,0.000000,0.000000,0.000000,above_band_high
2026-07-28T06:28:00Z,94.3633,0.000000,0.000000,0.000000,above_band_high
2026-07-28T06:29:00Z,94.3496,0.000000,0.000000,0.000000,above_band_high
2026-07-28T06:30:00Z,94.3450,0.000000,0.000000,0.000000,above_band_high
2026-07-28T06:31:00Z,94.3236,0.000000,0.000000,0.000000,above_band_high
2026-07-28T06:32:00Z,94.3313,0.000000,0.000000,0.000000,above_band_high
2026-07-28T06:33:00Z,94.3450,0.000000,0.000000,0.000000,above_band_high
2026-07-28T06:34:00Z,94.3267,0.000000,0.000000,0.000000,above_band_high
2026-07-28T06:35:00Z,94.3557,0.000000,0.000000,0.000000,above_band_high
2026-07-28T06:36:00Z,94.2992,0.000000,0.000000,0.000000,above_band_high
2026-07-28T06:37:00Z,94.3511,0.000000,0.000000,0.000000,above_band_high
2026-07-28T06:38:00Z,94.3374,0.000000,0.000000,0.000000,above_band_high
2026-07-28T06:39:00Z,94.3145,0.000000,0.000000,0.000000,above_band_high
2026-07-28T06:40:00Z,94.3145,0.000000,0.000000,0.000000,above_band_high
2026-07-28T06:41:00Z,94.3313,0.000000,0.000000,0.000000,above_band_high
2026-07-28T06:42:00Z,94.3008,0.000000,0.000000,0.000000,above_band_high
2026-07-28T06:43:00Z,94.3328,0.000000,0.000000,0.000000,above_band_high
2026-07-28T06:44:00Z,94.3420,0.000000,0.000000,0.000000,above_band_high
2026-07-28T06:45:00Z,94.3191,0.000000,0.000000,0.000000,above_band_high
2026-07-28T06:46:00Z,94.3694,0.000000,0.000000,0.000000,above_band_high
2026-07-28T06:47:00Z,94.3175,0.000000,0.000000,0.000000,above_band_high
2026-07-28T06:48:00Z,94.3511,0.000000,0.000000,0.000000,above_band_high
2026-07-28T06:49:00Z,94.3603,0.000000,0.000000,0.000000,above_band_high
2026-07-28T06:50:00Z,94.4091,0.000000,0.000000,0.000000,above_band_high
2026-07-28T06:51:00Z,94.4182,0.000000,0.000000,0.000000,above_band_high
2026-07-28T06:52:00Z,94.4274,0.000000,0.000000,0.000000,above_band_high
2026-07-28T06:53:00Z,94.4198,0.000000,0.000000,0.000000,above_band_high
2026-07-28T06:54:00Z,94.4198,0.000000,0.000000,0.000000,above_band_high
2026-07-28T06:55:00Z,94.4640,0.000000,0.000000,0.000000,above_band_high
2026-07-28T06:56:00Z,94.5113,0.000000,0.000000,0.000000,above_band_high
2026-07-28T06:57:00Z,94.4793,0.000000,0.000000,0.000000,above_band_high
2026-07-28T06:58:00Z,94.4915,0.000000,0.000000,0.000000,above_band_high
2026-07-28T06:59:00Z,94.4793,0.000000,0.000000,0.000000,above_band_high
2026-07-28T07:00:00Z,94.5052,0.000000,0.000000,0.000000,above_band_high
2026-07-28T07:01:00Z,94.4961,0.000000,0.000000,0.000000,above_band_high
2026-07-28T07:02:00Z,94.4961,0.000000,0.000000,0.000000,above_band_high
2026-07-28T07:03:00Z,94.5098,0.000000,0.000000,0.000000,above_band_high
2026-07-28T07:04:00Z,94.5418,0.000000,0.000000,0.000000,above_band_high
2026-07-28T07:05:00Z,94.4701,0.000000,0.000000,0.000000,above_band_high
2026-07-28T07:06:00Z,94.5159,0.000000,0.000000,0.000000,above_band_high
2026-07-28T07:07:00Z,94.5373,0.000000,0.000000,0.000000,above_band_high
2026-07-28T07:08:00Z,94.5190,0.000000,0.000000,0.000000,above_band_high
2026-07-28T07:09:00Z,94.4732,0.000000,0.000000,0.000000,above_band_high
2026-07-28T07:10:00Z,94.4427,0.000000,0.000000,0.000000,above_band_high
2026-07-28T07:11:00Z,94.4457,0.000000,0.000000,0.000000,above_band_high
2026-07-28T07:12:00Z,94.4778,0.000000,0.000000,0.000000,above_band_high
2026-07-28T07:13:00Z,94.4503,0.000000,0.000000,0.000000,above_band_high
2026-07-28T07:14:00Z,94.4686,0.000000,0.000000,0.000000,above_band_high
2026-07-28T07:15:00Z,94.4518,0.000000,0.000000,0.000000,above_band_high
2026-07-28T07:16:00Z,94.4503,0.000000,0.000000,0.000000,above_band_high
2026-07-28T07:17:00Z,94.4701,0.000000,0.000000,0.000000,above_band_high
2026-07-28T07:18:00Z,94.4503,0.000000,0.000000,0.000000,above_band_high
2026-07-28T07:19:00Z,94.4228,0.000000,0.000000,0.000000,above_band_high
2026-07-28T07:20:00Z,94.4518,0.000000,0.000000,0.000000,above_band_high
2026-07-28T07:21:00Z,94.4289,0.000000,0.000000,0.000000,above_band_high
2026-07-28T07:22:00Z,94.4427,0.000000,0.000000,0.000000,above_band_high
2026-07-28T07:23:00Z,94.4686,0.000000,0.000000,0.000000,above_band_high
2026-07-28T07:24:00Z,94.4503,0.000000,0.000000,0.000000,above_band_high
2026-07-28T07:25:00Z,94.4472,0.000000,0.000000,0.000000,above_band_high
2026-07-28T07:26:00Z,94.4503,0.000000,0.000000,0.000000,above_band_high
2026-07-28T07:27:00Z,94.4564,0.000000,0.000000,0.000000,above_band_high
2026-07-28T07:28:00Z,94.4564,0.000000,0.000000,0.000000,above_band_high
2026-07-28T07:29:00Z,94.4366,0.000000,0.000000,0.000000,above_band_high
2026-07-28T07:30:00Z,94.4869,0.000000,0.000000,0.000000,above_band_high
2026-07-28T07:31:00Z,94.4640,0.000000,0.000000,0.000000,above_band_high
2026-07-28T07:32:00Z,94.4411,0.000000,0.000000,0.000000,above_band_high
2026-07-28T07:33:00Z,94.4976,0.000000,0.000000,0.000000,above_band_high
2026-07-28T07:34:00Z,94.4747,0.000000,0.000000,0.000000,above_band_high
2026-07-28T07:35:00Z,94.4701,0.000000,0.000000,0.000000,above_band_high
2026-07-28T07:36:00Z,94.4640,0.000000,0.000000,0.000000,above_band_high
2026-07-28T07:37:00Z,94.4869,0.000000,0.000000,0.000000,above_band_high
2026-07-28T07:38:00Z,94.4961,0.000000,0.000000,0.000000,above_band_high
2026-07-28T07:39:00Z,94.4823,0.000000,0.000000,0.000000,above_band_high
2026-07-28T07:40:00Z,94.4915,0.000000,0.000000,0.000000,above_band_high
2026-07-28T07:41:00Z,94.5068,0.000000,0.000000,0.000000,above_band_high
2026-07-28T07:42:00Z,94.4915,0.000000,0.000000,0.000000,above_band_high
2026-07-28T07:43:00Z,94.4915,0.000000,0.000000,0.000000,above_band_high
2026-07-28T07:44:00Z,94.5098,0.000000,0.000000,0.000000,above_band_high
2026-07-28T07:45:00Z,94.5068,0.000000,0.000000,0.000000,above_band_high
2026-07-28T07:46:00Z,94.5068,0.000000,0.000000,0.000000,above_band_high
2026-07-28T07:47:00Z,94.4915,0.000000,0.000000,0.000000,above_band_high
2026-07-28T07:48:00Z,94.5235,0.000000,0.000000,0.000000,above_band_high
2026-07-28T07:49:00Z,94.5327,0.000000,0.000000,0.000000,above_band_high
2026-07-28T07:50:00Z,94.5525,0.000000,0.000000,0.000000,above_band_high
2026-07-28T07:51:00Z,94.4915,0.000000,0.000000,0.000000,above_band_high
2026-07-28T07:52:00Z,94.5373,0.000000,0.000000,0.000000,above_band_high
2026-07-28T07:53:00Z,94.5373,0.000000,0.000000,0.000000,above_band_high
2026-07-28T07:54:00Z,94.5068,0.000000,0.000000,0.000000,above_band_high
2026-07-28T07:55:00Z,94.5281,0.000000,0.000000,0.000000,above_band_high
2026-07-28T07:56:00Z,94.5159,0.000000,0.000000,0.000000,above_band_high
2026-07-28T07:57:00Z,94.5281,0.000000,0.000000,0.000000,above_band_high
2026-07-28T07:58:00Z,94.5235,0.000000,0.000000,0.000000,above_band_high
2026-07-28T07:59:00Z,94.5480,0.000000,0.000000,0.000000,above_band_high
2026-07-28T08:00:00Z,94.5144,0.000000,0.000000,0.000000,above_band_high
2026-07-28T08:01:00Z,94.5022,0.000000,0.000000,0.000000,above_band_high
2026-07-28T08:02:00Z,94.5144,0.000000,0.000000,0.000000,above_band_high
2026-07-28T08:03:00Z,94.5205,0.000000,0.000000,0.000000,above_band_high
2026-07-28T08:04:00Z,94.5144,0.000000,0.000000,0.000000,above_band_high
2026-07-28T08:05:00Z,94.5159,0.000000,0.000000,0.000000,above_band_high
2026-07-28T08:06:00Z,94.5144,0.000000,0.000000,0.000000,above_band_high
2026-07-28T08:07:00Z,94.5327,0.000000,0.000000,0.000000,above_band_high
2026-07-28T08:08:00Z,94.4976,0.000000,0.000000,0.000000,above_band_high
2026-07-28T08:09:00Z,94.5159,0.000000,0.000000,0.000000,above_band_high
2026-07-28T08:10:00Z,94.4823,0.000000,0.000000,0.000000,above_band_high
2026-07-28T08:11:00Z,94.4884,0.000000,0.000000,0.000000,above_band_high
2026-07-28T08:12:00Z,94.4610,0.000000,0.000000,0.000000,above_band_high
2026-07-28T08:13:00Z,94.4747,0.000000,0.000000,0.000000,above_band_high
2026-07-28T08:14:00Z,94.4228,0.000000,0.000000,0.000000,above_band_high
2026-07-28T08:15:00Z,94.4686,0.000000,0.000000,0.000000,above_band_high
2026-07-28T08:16:00Z,94.4518,0.000000,0.000000,0.000000,above_band_high
2026-07-28T08:17:00Z,94.4289,0.000000,0.000000,0.000000,above_band_high
2026-07-28T08:18:00Z,94.4518,0.000000,0.000000,0.000000,above_band_high
2026-07-28T08:19:00Z,94.4656,0.000000,0.000000,0.000000,above_band_high
2026-07-28T08:20:00Z,94.4472,0.000000,0.000000,0.000000,above_band_high
2026-07-28T08:21:00Z,94.4610,0.000000,0.000000,0.000000,above_band_high
2026-07-28T08:22:00Z,94.4518,0.000000,0.000000,0.000000,above_band_high
2026-07-28T08:23:00Z,94.4366,0.000000,0.000000,0.000000,above_band_high
2026-07-28T08:24:00Z,94.4366,0.000000,0.000000,0.000000,above_band_high
2026-07-28T08:25:00Z,94.4320,0.000000,0.000000,0.000000,above_band_high
2026-07-28T08:26:00Z,94.4549,0.000000,0.000000,0.000000,above_band_high
2026-07-28T08:27:00Z,94.4198,0.000000,0.000000,0.000000,above_band_high
2026-07-28T08:28:00Z,94.4747,0.000000,0.000000,0.000000,above_band_high
2026-07-28T08:29:00Z,94.4411,0.000000,0.000000,0.000000,above_band_high
2026-07-28T08:30:00Z,94.4549,0.000000,0.000000,0.000000,above_band_high
2026-07-28T08:31:00Z,94.4320,0.000000,0.000000,0.000000,above_band_high
2026-07-28T08:32:00Z,94.4610,0.000000,0.000000,0.000000,above_band_high
2026-07-28T08:33:00Z,94.4549,0.000000,0.000000,0.000000,above_band_high
2026-07-28T08:34:00Z,94.4869,0.000000,0.000000,0.000000,above_band_high
2026-07-28T08:35:00Z,94.4869,0.000000,0.000000,0.000000,above_band_high
2026-07-28T08:36:00Z,94.5098,0.000000,0.000000,0.000000,above_band_high
2026-07-28T08:37:00Z,94.5144,0.000000,0.000000,0.000000,above_band_high
2026-07-28T08:38:00Z,94.5281,0.000000,0.000000,0.000000,above_band_high
2026-07-28T08:39:00Z,94.5205,0.000000,0.000000,0.000000,above_band_high
2026-07-28T08:40:00Z,94.5052,0.000000,0.000000,0.000000,above_band_high
2026-07-28T08:41:00Z,94.5144,0.000000,0.000000,0.000000,above_band_high
2026-07-28T08:42:00Z,94.5144,0.000000,0.000000,0.000000,above_band_high
2026-07-28T08:43:00Z,94.5327,0.000000,0.000000,0.000000,above_band_high
2026-07-28T08:44:00Z,94.5281,0.000000,0.000000,0.000000,above_band_high
2026-07-28T08:45:00Z,94.5251,0.000000,0.000000,0.000000,above_band_high
2026-07-28T08:46:00Z,94.5464,0.000000,0.000000,0.000000,above_band_high
2026-07-28T08:47:00Z,94.5617,0.000000,0.000000,0.000000,above_band_high
2026-07-28T08:48:00Z,94.5388,0.000000,0.000000,0.000000,above_band_high
2026-07-28T08:49:00Z,94.5739,0.000000,0.000000,0.000000,above_band_high
2026-07-28T08:50:00Z,94.5525,0.000000,0.000000,0.000000,above_band_high
2026-07-28T08:51:00Z,94.5846,0.000000,0.000000,0.000000,above_band_high
2026-07-28T08:52:00Z,94.5525,0.000000,0.000000,0.000000,above_band_high
2026-07-28T08:53:00Z,94.5342,0.000000,0.000000,0.000000,above_band_high
2026-07-28T08:54:00Z,94.5602,0.000000,0.000000,0.000000,above_band_high
2026-07-28T08:55:00Z,94.5739,0.000000,0.000000,0.000000,above_band_high
2026-07-28T08:56:00Z,94.5342,0.000000,0.000000,0.000000,above_band_high
2026-07-28T08:57:00Z,94.5602,0.000000,0.000000,0.000000,above_band_high
2026-07-28T08:58:00Z,94.5510,0.000000,0.000000,0.000000,above_band_high
2026-07-28T08:59:00Z,94.5602,0.000000,0.000000,0.000000,above_band_high
2026-07-28T09:00:00Z,94.5281,0.000000,0.000000,0.000000,above_band_high
2026-07-28T09:01:00Z,94.5113,0.000000,0.000000,0.000000,above_band_high
2026-07-28T09:02:00Z,94.5418,0.000000,0.000000,0.000000,above_band_high
2026-07-28T09:03:00Z,94.5281,0.000000,0.000000,0.000000,above_band_high
2026-07-28T09:04:00Z,94.5418,0.000000,0.000000,0.000000,above_band_high
2026-07-28T09:05:00Z,94.5159,0.000000,0.000000,0.000000,above_band_high
2026-07-28T09:06:00Z,94.5342,0.000000,0.000000,0.000000,above_band_high
2026-07-28T09:07:00Z,94.5342,0.000000,0.000000,0.000000,above_band_high
2026-07-28T09:08:00Z,94.5006,0.000000,0.000000,0.000000,above_band_high
2026-07-28T09:09:00Z,94.4884,0.000000,0.000000,0.000000,above_band_high
2026-07-28T09:10:00Z,94.5006,0.000000,0.000000,0.000000,above_band_high
2026-07-28T09:11:00Z,94.5052,0.000000,0.000000,0.000000,above_band_high
2026-07-28T09:12:00Z,94.4686,0.000000,0.000000,0.000000,above_band_high
2026-07-28T09:13:00Z,94.5235,0.000000,0.000000,0.000000,above_band_high
2026-07-28T09:14:00Z,94.5235,0.000000,0.000000,0.000000,above_band_high
2026-07-28T09:15:00Z,94.4884,0.000000,0.000000,0.000000,above_band_high
2026-07-28T09:16:00Z,94.5052,0.000000,0.000000,0.000000,above_band_high
2026-07-28T09:17:00Z,94.4656,0.000000,0.000000,0.000000,above_band_high
2026-07-28T09:18:00Z,94.4884,0.000000,0.000000,0.000000,above_band_high
2026-07-28T09:19:00Z,94.4732,0.000000,0.000000,0.000000,above_band_high
2026-07-28T09:20:00Z,94.5235,0.000000,0.000000,0.000000,above_band_high
2026-07-28T09:21:00Z,94.5281,0.000000,0.000000,0.000000,above_band_high
2026-07-28T09:22:00Z,94.5510,0.000000,0.000000,0.000000,above_band_high
2026-07-28T09:23:00Z,94.5388,0.000000,0.000000,0.000000,above_band_high
2026-07-28T09:24:00Z,94.5510,0.000000,0.000000,0.000000,above_band_high
2026-07-28T09:25:00Z,94.5251,0.000000,0.000000,0.000000,above_band_high
2026-07-28T09:26:00Z,94.5617,0.000000,0.000000,0.000000,above_band_high
2026-07-28T09:27:00Z,94.5617,0.000000,0.000000,0.000000,above_band_high
2026-07-28T09:28:00Z,94.5892,0.000000,0.000000,0.000000,above_band_high
2026-07-28T09:29:00Z,94.5800,0.000000,0.000000,0.000000,above_band_high
2026-07-28T09:30:00Z,94.6059,0.000000,0.000000,0.000000,above_band_high
2026-07-28T09:31:00Z,94.6029,0.000000,0.000000,0.000000,above_band_high
2026-07-28T09:32:00Z,94.6380,0.000000,0.000000,0.000000,above_band_high
2026-07-28T09:33:00Z,94.6578,0.000000,0.000000,0.000000,above_band_high
2026-07-28T09:34:00Z,94.6700,0.000000,0.000000,0.000000,above_band_high
2026-07-28T09:35:00Z,94.6700,0.000000,0.000000,0.000000,above_band_high
2026-07-28T09:36:00Z,94.6883,0.000000,0.000000,0.000000,above_band_high
2026-07-28T09:37:00Z,94.6578,0.000000,0.000000,0.000000,above_band_high
2026-07-28T09:38:00Z,94.6700,0.000000,0.000000,0.000000,above_band_high
2026-07-28T09:39:00Z,94.6853,0.000000,0.000000,0.000000,above_band_high
2026-07-28T09:40:00Z,94.7082,0.000000,0.000000,0.000000,above_band_high
2026-07-28T09:41:00Z,94.7311,0.000000,0.000000,0.000000,above_band_high
2026-07-28T09:42:00Z,94.7219,0.000000,0.000000,0.000000,above_band_high
2026-07-28T09:43:00Z,94.6975,0.000000,0.000000,0.000000,above_band_high
2026-07-28T09:44:00Z,94.7524,0.000000,0.000000,0.000000,above_band_high
2026-07-28T09:45:00Z,94.7539,0.000000,0.000000,0.000000,above_band_high
2026-07-28T09:46:00Z,94.7387,0.000000,0.000000,0.000000,above_band_high
2026-07-28T09:47:00Z,94.7585,0.000000,0.000000,0.000000,above_band_high
2026-07-28T09:48:00Z,94.7662,0.000000,0.000000,0.000000,above_band_high
2026-07-28T09:49:00Z,94.7890,0.000000,0.000000,0.000000,above_band_high
2026-07-28T09:50:00Z,94.7768,0.000000,0.000000,0.000000,above_band_high
2026-07-28T09:51:00Z,94.7997,0.000000,0.000000,0.000000,above_band_high
2026-07-28T09:52:00Z,94.7906,0.000000,0.000000,0.000000,above_band_high
2026-07-28T09:53:00Z,94.7890,0.000000,0.000000,0.000000,above_band_high
2026-07-28T09:54:00Z,94.7768,0.000000,0.000000,0.000000,above_band_high
2026-07-28T09:55:00Z,94.8180,0.000000,0.000000,0.000000,above_band_high
2026-07-28T09:56:00Z,94.7982,0.000000,0.000000,0.000000,above_band_high
2026-07-28T09:57:00Z,94.8119,0.000000,0.000000,0.000000,above_band_high
2026-07-28T09:58:00Z,94.7814,0.000000,0.000000,0.000000,above_band_high
2026-07-28T09:59:00Z,94.7723,0.000000,0.000000,0.000000,above_band_high
2026-07-28T10:00:00Z,94.7951,0.000000,0.000000,0.000000,above_band_high
2026-07-28T10:01:00Z,94.7951,0.000000,0.000000,0.000000,above_band_high
2026-07-28T10:02:00Z,94.7585,0.000000,0.000000,0.000000,above_band_high
2026-07-28T10:03:00Z,94.7662,0.000000,0.000000,0.000000,above_band_high
2026-07-28T10:04:00Z,94.7112,0.000000,0.000000,0.000000,above_band_high
2026-07-28T10:05:00Z,94.6838,0.000000,0.000000,0.000000,above_band_high
2026-07-28T10:06:00Z,94.7311,0.000000,0.000000,0.000000,above_band_high
2026-07-28T10:07:00Z,94.7173,0.000000,0.000000,0.000000,above_band_high
2026-07-28T10:08:00Z,94.6990,0.000000,0.000000,0.000000,above_band_high
2026-07-28T10:09:00Z,94.7112,0.000000,0.000000,0.000000,above_band_high
2026-07-28T10:10:00Z,94.6929,0.000000,0.000000,0.000000,above_band_high
2026-07-28T10:11:00Z,94.6517,0.000000,0.000000,0.000000,above_band_high
2026-07-28T10:12:00Z,94.6853,0.000000,0.000000,0.000000,above_band_high
2026-07-28T10:13:00Z,94.6624,0.000000,0.000000,0.000000,above_band_high
2026-07-28T10:14:00Z,94.6532,0.000000,0.000000,0.000000,above_band_high
2026-07-28T10:15:00Z,94.6899,0.000000,0.000000,0.000000,above_band_high
2026-07-28T10:16:00Z,94.6899,0.000000,0.000000,0.000000,above_band_high
2026-07-28T10:17:00Z,94.6746,0.000000,0.000000,0.000000,above_band_high
2026-07-28T10:18:00Z,94.6746,0.000000,0.000000,0.000000,above_band_high
2026-07-28T10:19:00Z,94.7127,0.000000,0.000000,0.000000,above_band_high
2026-07-28T10:20:00Z,94.6975,0.000000,0.000000,0.000000,above_band_high
2026-07-28T10:21:00Z,94.7204,0.000000,0.000000,0.000000,above_band_high
2026-07-28T10:22:00Z,94.7204,0.000000,0.000000,0.000000,above_band_high
2026-07-28T10:23:00Z,94.7250,0.000000,0.000000,0.000000,above_band_high
2026-07-28T10:24:00Z,94.7402,0.000000,0.000000,0.000000,above_band_high
2026-07-28T10:25:00Z,94.7173,0.000000,0.000000,0.000000,above_band_high
2026-07-28T10:26:00Z,94.7341,0.000000,0.000000,0.000000,above_band_high
2026-07-28T10:27:00Z,94.7585,0.000000,0.000000,0.000000,above_band_high
2026-07-28T10:28:00Z,94.7478,0.000000,0.000000,0.000000,above_band_high
2026-07-28T10:29:00Z,94.7753,0.000000,0.000000,0.000000,above_band_high
2026-07-28T10:30:00Z,94.7662,0.000000,0.000000,0.000000,above_band_high
2026-07-28T10:31:00Z,94.7860,0.000000,0.000000,0.000000,above_band_high
2026-07-28T10:32:00Z,94.8135,0.000000,0.000000,0.000000,above_band_high
2026-07-28T10:33:00Z,94.8089,0.000000,0.000000,0.000000,above_band_high
2026-07-28T10:34:00Z,94.8272,0.000000,0.000000,0.000000,above_band_high
2026-07-28T10:35:00Z,94.8257,0.000000,0.000000,0.000000,above_band_high
2026-07-28T10:36:00Z,94.8440,0.000000,0.000000,0.000000,above_band_high
2026-07-28T10:37:00Z,94.8211,0.000000,0.000000,0.000000,above_band_high
2026-07-28T10:38:00Z,94.8669,0.000000,0.000000,0.000000,above_band_high
2026-07-28T10:39:00Z,94.8455,0.000000,0.000000,0.000000,above_band_high
2026-07-28T10:40:00Z,94.8547,0.000000,0.000000,0.000000,above_band_high
2026-07-28T10:41:00Z,94.8989,0.000000,0.000000,0.000000,above_band_high
2026-07-28T10:42:00Z,94.8898,0.000000,0.000000,0.000000,above_band_high
2026-07-28T10:43:00Z,94.9004,0.000000,0.000000,0.000000,above_band_high
2026-07-28T10:44:00Z,94.8913,0.000000,0.000000,0.000000,above_band_high
2026-07-28T10:45:00Z,94.8913,0.000000,0.000000,0.000000,above_band_high
2026-07-28T10:46:00Z,94.9050,0.000000,0.000000,0.000000,above_band_high
2026-07-28T10:47:00Z,94.9050,0.000000,0.000000,0.000000,above_band_high
2026-07-28T10:48:00Z,94.8989,0.000000,0.000000,0.000000,above_band_high
2026-07-28T10:49:00Z,94.9645,0.000000,0.000000,0.000000,above_band_high
2026-07-28T10:50:00Z,94.9371,0.000000,0.000000,0.000000,above_band_high
2026-07-28T10:51:00Z,94.9554,0.000000,0.000000,0.000000,above_band_high
2026-07-28T10:52:00Z,94.9325,0.000000,0.000000,0.000000,above_band_high
2026-07-28T10:53:00Z,94.9371,0.000000,0.000000,0.000000,above_band_high
2026-07-28T10:54:00Z,94.9126,0.000000,0.000000,0.000000,above_band_high
2026-07-28T10:55:00Z,94.9371,0.000000,0.000000,0.000000,above_band_high
2026-07-28T10:56:00Z,94.9554,0.000000,0.000000,0.000000,above_band_high
2026-07-28T10:57:00Z,94.9691,0.000000,0.000000,0.000000,above_band_high
2026-07-28T10:58:00Z,94.9462,0.000000,0.000000,0.000000,above_band_high
2026-07-28T10:59:00Z,94.9401,0.000000,0.000000,0.000000,above_band_high
2026-07-28T11:00:00Z,94.9187,0.000000,0.000000,0.000000,above_band_high
2026-07-28T11:01:00Z,94.9233,0.000000,0.000000,0.000000,above_band_high
2026-07-28T11:02:00Z,94.9310,0.000000,0.000000,0.000000,above_band_high
2026-07-28T11:03:00Z,94.9355,0.000000,0.000000,0.000000,above_band_high
2026-07-28T11:04:00Z,94.9691,0.000000,0.000000,0.000000,above_band_high
2026-07-28T11:05:00Z,94.9096,0.000000,0.000000,0.000000,above_band_high
2026-07-28T11:06:00Z,94.9462,0.000000,0.000000,0.000000,above_band_high
2026-07-28T11:07:00Z,94.9126,0.000000,0.000000,0.000000,above_band_high
2026-07-28T11:08:00Z,94.8852,0.000000,0.000000,0.000000,above_band_high
2026-07-28T11:09:00Z,94.9416,0.000000,0.000000,0.000000,above_band_high
2026-07-28T11:10:00Z,94.9126,0.000000,0.000000,0.000000,above_band_high
2026-07-28T11:11:00Z,94.9187,0.000000,0.000000,0.000000,above_band_high
2026-07-28T11:12:00Z,94.9371,0.000000,0.000000,0.000000,above_band_high
2026-07-28T11:13:00Z,94.8959,0.000000,0.000000,0.000000,above_band_high
2026-07-28T11:14:00Z,94.9371,0.000000,0.000000,0.000000,above_band_high
2026-07-28T11:15:00Z,94.9172,0.000000,0.000000,0.000000,above_band_high
2026-07-28T11:16:00Z,94.9126,0.000000,0.000000,0.000000,above_band_high
2026-07-28T11:17:00Z,94.9279,0.000000,0.000000,0.000000,above_band_high
2026-07-28T11:18:00Z,94.9187,0.000000,0.000000,0.000000,above_band_high
2026-07-28T11:19:00Z,94.9401,0.000000,0.000000,0.000000,above_band_high
2026-07-28T11:20:00Z,94.9187,0.000000,0.000000,0.000000,above_band_high
2026-07-28T11:21:00Z,94.9050,0.000000,0.000000,0.000000,above_band_high
2026-07-28T11:22:00Z,94.9584,0.000000,0.000000,0.000000,above_band_high
2026-07-28T11:23:00Z,95.0011,0.000000,0.000000,0.000000,above_band_high
2026-07-28T11:24:00Z,94.9630,0.000000,0.000000,0.000000,above_band_high
2026-07-28T11:25:00Z,94.9905,0.000000,0.000000,0.000000,above_band_high
2026-07-28T11:26:00Z,94.9920,0.000000,0.000000,0.000000,above_band_high
2026-07-28T11:27:00Z,94.9691,0.000000,0.000000,0.000000,above_band_high
2026-07-28T11:28:00Z,95.0134,0.000000,0.000000,0.000000,above_band_high
2026-07-28T11:29:00Z,95.0240,0.000000,0.000000,0.000000,above_band_high
2026-07-28T11:30:00Z,95.0179,0.000000,0.000000,0.000000,above_band_high
2026-07-28T11:31:00Z,95.0637,0.000000,0.000000,0.000000,above_band_high
2026-07-28T11:32:00Z,95.0179,0.000000,0.000000,0.000000,above_band_high
2026-07-28T11:33:00Z,95.0500,0.000000,0.000000,0.000000,above_band_high
2026-07-28T11:34:00Z,95.0591,0.000000,0.000000,0.000000,above_band_high
2026-07-28T11:35:00Z,95.0881,0.000000,0.000000,0.000000,above_band_high
2026-07-28T11:36:00Z,95.0591,0.000000,0.000000,0.000000,above_band_high
2026-07-28T11:37:00Z,95.1156,0.000000,0.000000,0.000000,above_band_high
2026-07-28T11:38:00Z,95.1095,0.000000,0.000000,0.000000,above_band_high
2026-07-28T11:39:00Z,95.1385,0.000000,0.000000,0.000000,above_band_high
2026-07-28T11:40:00Z,95.1461,0.000000,0.000000,0.000000,above_band_high
2026-07-28T11:41:00Z,95.1232,0.000000,0.000000,0.000000,above_band_high
2026-07-28T11:42:00Z,95.1415,0.000000,0.000000,0.000000,above_band_high
2026-07-28T11:43:00Z,95.1507,0.000000,0.000000,0.000000,above_band_high
2026-07-28T11:44:00Z,95.1751,0.000000,0.000000,0.000000,above_band_high
2026-07-28T11:45:00Z,95.1659,0.000000,0.000000,0.000000,above_band_high
2026-07-28T11:46:00Z,95.1614,0.000000,0.000000,0.000000,above_band_high
2026-07-28T11:47:00Z,95.1659,0.000000,0.000000,0.000000,above_band_high
2026-07-28T11:48:00Z,95.1568,0.000000,0.000000,0.000000,above_band_high
2026-07-28T11:49:00Z,95.2071,0.000000,0.000000,0.000000,above_band_high
2026-07-28T11:50:00Z,95.1843,0.000000,0.000000,0.000000,above_band_high
2026-07-28T11:51:00Z,95.2010,0.000000,0.000000,0.000000,above_band_high
2026-07-28T11:52:00Z,95.1934,0.000000,0.000000,0.000000,above_band_high
2026-07-28T11:53:00Z,95.1659,0.000000,0.000000,0.000000,above_band_high
2026-07-28T11:54:00Z,95.1553,0.000000,0.000000,0.000000,above_band_high
2026-07-28T11:55:00Z,95.1919,0.000000,0.000000,0.000000,above_band_high
2026-07-28T11:56:00Z,95.1568,0.000000,0.000000,0.000000,above_band_high
2026-07-28T11:57:00Z,95.1797,0.000000,0.000000,0.000000,above_band_high
2026-07-28T11:58:00Z,95.1797,0.000000,0.000000,0.000000,above_band_high
2026-07-28T11:59:00Z,95.1919,0.000000,0.000000,0.000000,above_band_high
2026-07-28T12:00:00Z,95.1553,0.000000,0.000000,0.000000,above_band_high
2026-07-28T12:01:00Z,95.1476,0.000000,0.000000,0.000000,above_band_high
2026-07-28T12:02:00Z,95.1202,0.000000,0.000000,0.000000,above_band_high
2026-07-28T12:03:00Z,95.1232,0.000000,0.000000,0.000000,above_band_high
2026-07-28T12:04:00Z,95.1339,0.000000,0.000000,0.000000,above_band_high
2026-07-28T12:05:00Z,95.1156,0.000000,0.000000,0.000000,above_band_high
2026-07-28T12:06:00Z,95.1278,0.000000,0.000000,0.000000,above_band_high
2026-07-28T12:07:00Z,95.0820,0.000000,0.000000,0.000000,above_band_high
2026-07-28T12:08:00Z,95.1141,0.000000,0.000000,0.000000,above_band_high
2026-07-28T12:09:00Z,95.1522,0.000000,0.000000,0.000000,above_band_high
2026-07-28T12:10:00Z,95.0698,0.000000,0.000000,0.000000,above_band_high
2026-07-28T12:11:00Z,95.0958,0.000000,0.000000,0.000000,above_band_high
2026-07-28T12:12:00Z,95.1278,0.000000,0.000000,0.000000,above_band_high
2026-07-28T12:13:00Z,95.1110,0.000000,0.000000,0.000000,above_band_high
2026-07-28T12:14:00Z,95.1019,0.000000,0.000000,0.000000,above_band_high
2026-07-28T12:15:00Z,95.1003,0.000000,0.000000,0.000000,above_band_high
2026-07-28T12:16:00Z,95.0958,0.000000,0.000000,0.000000,above_band_high
2026-07-28T12:17:00Z,95.1232,0.000000,0.000000,0.000000,above_band_high
2026-07-28T12:18:00Z,95.0835,0.000000,0.000000,0.000000,above_band_high
2026-07-28T12:19:00Z,95.1019,0.000000,0.000000,0.000000,above_band_high
2026-07-28T12:20:00Z,95.0652,0.000000,0.000000,0.000000,above_band_high
2026-07-28T12:21:00Z,95.0958,0.000000,0.000000,0.000000,above_band_high
2026-07-28T12:22:00Z,95.0500,0.000000,0.000000,0.000000,above_band_high
2026-07-28T12:23:00Z,95.1156,0.000000,0.000000,0.000000,above_band_high
2026-07-28T12:24:00Z,95.0820,0.000000,0.000000,0.000000,above_band_high
2026-07-28T12:25:00Z,95.0835,0.000000,0.000000,0.000000,above_band_high
2026-07-28T12:26:00Z,95.1232,0.000000,0.000000,0.000000,above_band_high
2026-07-28T12:27:00Z,95.1003,0.000000,0.000000,0.000000,above_band_high
2026-07-28T12:28:00Z,95.1019,0.000000,0.000000,0.000000,above_band_high
2026-07-28T12:29:00Z,95.0744,0.000000,0.000000,0.000000,above_band_high
2026-07-28T12:30:00Z,95.0835,0.000000,0.000000,0.000000,above_band_high
2026-07-28T12:31:00Z,95.1141,0.000000,0.000000,0.000000,above_band_high
2026-07-28T12:32:00Z,95.1019,0.000000,0.000000,0.000000,above_band_high
2026-07-28T12:33:00Z,95.0881,0.000000,0.000000,0.000000,above_band_high
2026-07-28T12:34:00Z,95.1003,0.000000,0.000000,0.000000,above_band_high
2026-07-28T12:35:00Z,95.0729,0.000000,0.000000,0.000000,above_band_high
2026-07-28T12:36:00Z,95.0500,0.000000,0.000000,0.000000,above_band_high
2026-07-28T12:37:00Z,95.0225,0.000000,0.000000,0.000000,above_band_high
2026-07-28T12:38:00Z,95.0729,0.000000,0.000000,0.000000,above_band_high
2026-07-28T12:39:00Z,95.0332,0.000000,0.000000,0.000000,above_band_high
2026-07-28T12:40:00Z,95.0057,0.000000,0.000000,0.000000,above_band_high
2026-07-28T12:41:00Z,95.0011,0.000000,0.000000,0.000000,above_band_high
2026-07-28T12:42:00Z,94.9950,0.000000,0.000000,0.000000,above_band_high
2026-07-28T12:43:00Z,95.0088,0.000000,0.000000,0.000000,above_band_high
2026-07-28T12:44:00Z,94.9737,0.000000,0.000000,0.000000,above_band_high
2026-07-28T12:45:00Z,94.9645,0.000000,0.000000,0.000000,above_band_high
2026-07-28T12:46:00Z,94.9737,0.000000,0.000000,0.000000,above_band_high
2026-07-28T12:47:00Z,94.9538,0.000000,0.000000,0.000000,above_band_high
2026-07-28T12:48:00Z,94.9325,0.000000,0.000000,0.000000,above_band_high
2026-07-28T12:49:00Z,94.9279,0.000000,0.000000,0.000000,above_band_high
2026-07-28T12:50:00Z,94.9264,0.000000,0.000000,0.000000,above_band_high
2026-07-28T12:51:00Z,94.9081,0.000000,0.000000,0.000000,above_band_high
2026-07-28T12:52:00Z,94.8943,0.000000,0.000000,0.000000,above_band_high
2026-07-28T12:53:00Z,94.8623,0.000000,0.000000,0.000000,above_band_high
2026-07-28T12:54:00Z,94.8913,0.000000,0.000000,0.000000,above_band_high
2026-07-28T12:55:00Z,94.8943,0.000000,0.000000,0.000000,above_band_high
2026-07-28T12:56:00Z,94.8135,0.000000,0.000000,0.000000,above_band_high
2026-07-28T12:57:00Z,94.8074,0.000000,0.000000,0.000000,above_band_high
2026-07-28T12:58:00Z,94.8226,0.000000,0.000000,0.000000,above_band_high
2026-07-28T12:59:00Z,94.7982,0.000000,0.000000,0.000000,above_band_high
2026-07-28T13:00:00Z,94.8089,0.000000,0.000000,0.000000,above_band_high
2026-07-28T13:01:00Z,94.8028,0.000000,0.000000,0.000000,above_band_high
2026-07-28T13:02:00Z,94.7448,0.000000,0.000000,0.000000,above_band_high
2026-07-28T13:03:00Z,94.7814,0.000000,0.000000,0.000000,above_band_high
2026-07-28T13:04:00Z,94.7723,0.000000,0.000000,0.000000,above_band_high
2026-07-28T13:05:00Z,94.7616,0.000000,0.000000,0.000000,above_band_high
2026-07-28T13:06:00Z,94.7616,0.000000,0.000000,0.000000,above_band_high
2026-07-28T13:07:00Z,94.7158,0.000000,0.000000,0.000000,above_band_high
2026-07-28T13:08:00Z,94.7112,0.000000,0.000000,0.000000,above_band_high
2026-07-28T13:09:00Z,94.7036,0.000000,0.000000,0.000000,above_band_high
2026-07-28T13:10:00Z,94.7158,0.000000,0.000000,0.000000,above_band_high
2026-07-28T13:11:00Z,94.6990,0.000000,0.000000,0.000000,above_band_high
2026-07-28T13:12:00Z,94.6807,0.000000,0.000000,0.000000,above_band_high
2026-07-28T13:13:00Z,94.6761,0.000000,0.000000,0.000000,above_band_high
2026-07-28T13:14:00Z,94.7036,0.000000,0.000000,0.000000,above_band_high
2026-07-28T13:15:00Z,94.6563,0.000000,0.000000,0.000000,above_band_high
2026-07-28T13:16:00Z,94.6304,0.000000,0.000000,0.000000,above_band_high
2026-07-28T13:17:00Z,94.6761,0.000000,0.000000,0.000000,above_band_high
2026-07-28T13:18:00Z,94.6441,0.000000,0.000000,0.000000,above_band_high
2026-07-28T13:19:00Z,94.6517,0.000000,0.000000,0.000000,above_band_high
2026-07-28T13:20:00Z,94.6380,0.000000,0.000000,0.000000,above_band_high
2026-07-28T13:21:00Z,94.6838,0.000000,0.000000,0.000000,above_band_high
2026-07-28T13:22:00Z,94.6426,0.000000,0.000000,0.000000,above_band_high
2026-07-28T13:23:00Z,94.6380,0.000000,0.000000,0.000000,above_band_high
2026-07-28T13:24:00Z,94.6304,0.000000,0.000000,0.000000,above_band_high
2026-07-28T13:25:00Z,94.6380,0.000000,0.000000,0.000000,above_band_high
2026-07-28T13:26:00Z,94.5968,0.000000,0.000000,0.000000,above_band_high
2026-07-28T13:27:00Z,94.6212,0.000000,0.000000,0.000000,above_band_high
2026-07-28T13:28:00Z,94.6029,0.000000,0.000000,0.000000,above_band_high
2026-07-28T13:29:00Z,94.6166,0.000000,0.000000,0.000000,above_band_high
2026-07-28T13:30:00Z,94.6151,0.000000,0.000000,0.000000,above_band_high
2026-07-28T13:31:00Z,94.6258,0.000000,0.000000,0.000000,above_band_high
2026-07-28T13:32:00Z,94.5785,0.000000,0.000000,0.000000,above_band_high
2026-07-28T13:33:00Z,94.6105,0.000000,0.000000,0.000000,above_band_high
2026-07-28T13:34:00Z,94.6075,0.000000,0.000000,0.000000,above_band_high
2026-07-28T13:35:00Z,94.6105,0.000000,0.000000,0.000000,above_band_high
2026-07-28T13:36:00Z,94.6212,0.000000,0.000000,0.000000,above_band_high
2026-07-28T13:37:00Z,94.5785,0.000000,0.000000,0.000000,above_band_high
2026-07-28T13:38:00Z,94.6166,0.000000,0.000000,0.000000,above_band_high
2026-07-28T13:39:00Z,94.5968,0.000000,0.000000,0.000000,above_band_high
2026-07-28T13:40:00Z,94.5876,0.000000,0.000000,0.000000,above_band_high
2026-07-28T13:41:00Z,94.5876,0.000000,0.000000,0.000000,above_band_high
2026-07-28T13:42:00Z,94.5754,0.000000,0.000000,0.000000,above_band_high
2026-07-28T13:43:00Z,94.5968,0.000000,0.000000,0.000000,above_band_high
2026-07-28T13:44:00Z,94.5708,0.000000,0.000000,0.000000,above_band_high
2026-07-28T13:45:00Z,94.5342,0.000000,0.000000,0.000000,above_band_high
2026-07-28T13:46:00Z,94.6105,0.000000,0.000000,0.000000,above_band_high
2026-07-28T13:47:00Z,94.5434,0.000000,0.000000,0.000000,above_band_high
2026-07-28T13:48:00Z,94.5525,0.000000,0.000000,0.000000,above_band_high
2026-07-28T13:49:00Z,94.5647,0.000000,0.000000,0.000000,above_band_high
2026-07-28T13:50:00Z,94.5510,0.000000,0.000000,0.000000,above_band_high
2026-07-28T13:51:00Z,94.5937,0.000000,0.000000,0.000000,above_band_high
2026-07-28T13:52:00Z,94.5708,0.000000,0.000000,0.000000,above_band_high
2026-07-28T13:53:00Z,94.5830,0.000000,0.000000,0.000000,above_band_high
2026-07-28T13:54:00Z,94.5800,0.000000,0.000000,0.000000,above_band_high
2026-07-28T13:55:00Z,94.5892,0.000000,0.000000,0.000000,above_band_high
2026-07-28T13:56:00Z,94.5892,0.000000,0.000000,0.000000,above_band_high
2026-07-28T13:57:00Z,94.5968,0.000000,0.000000,0.000000,above_band_high
2026-07-28T13:58:00Z,94.5693,0.000000,0.000000,0.000000,above_band_high
2026-07-28T13:59:00Z,94.5830,0.000000,0.000000,0.000000,above_band_high
2026-07-28T14:00:00Z,94.5785,0.000000,0.000000,0.000000,above_band_high
2026-07-28T14:01:00Z,94.5739,0.000000,0.000000,0.000000,above_band_high
2026-07-28T14:02:00Z,94.5739,0.000000,0.000000,0.000000,above_band_high
2026-07-28T14:03:00Z,94.5785,0.000000,0.000000,0.000000,above_band_high
2026-07-28T14:04:00Z,94.5739,0.000000,0.000000,0.000000,above_band_high
2026-07-28T14:05:00Z,94.5663,0.000000,0.000000,0.000000,above_band_high
2026-07-28T14:06:00Z,94.5892,0.000000,0.000000,0.000000,above_band_high
2026-07-28T14:07:00Z,94.5693,0.000000,0.000000,0.000000,above_band_high
2026-07-28T14:08:00Z,94.5663,0.000000,0.000000,0.000000,above_band_high
2026-07-28T14:09:00Z,94.5571,0.000000,0.000000,0.000000,above_band_high
2026-07-28T14:10:00Z,94.5464,0.000000,0.000000,0.000000,above_band_high
2026-07-28T14:11:00Z,94.5510,0.000000,0.000000,0.000000,above_band_high
2026-07-28T14:12:00Z,94.5647,0.000000,0.000000,0.000000,above_band_high
2026-07-28T14:13:00Z,94.5235,0.000000,0.000000,0.000000,above_band_high
2026-07-28T14:14:00Z,94.5571,0.000000,0.000000,0.000000,above_band_high
2026-07-28T14:15:00Z,94.5235,0.000000,0.000000,0.000000,above_band_high
2026-07-28T14:16:00Z,94.5327,0.000000,0.000000,0.000000,above_band_high
2026-07-28T14:17:00Z,94.5525,0.000000,0.000000,0.000000,above_band_high
2026-07-28T14:18:00Z,94.5571,0.000000,0.000000,0.000000,above_band_high
2026-07-28T14:19:00Z,94.5418,0.000000,0.000000,0.000000,above_band_high
2026-07-28T14:20:00Z,94.5418,0.000000,0.000000,0.000000,above_band_high
2026-07-28T14:21:00Z,94.5922,0.000000,0.000000,0.000000,above_band_high
2026-07-28T14:22:00Z,94.5647,0.000000,0.000000,0.000000,above_band_high
2026-07-28T14:23:00Z,94.5525,0.000000,0.000000,0.000000,above_band_high
2026-07-28T14:24:00Z,94.5663,0.000000,0.000000,0.000000,above_band_high
2026-07-28T14:25:00Z,94.7707,0.000000,0.000000,0.000000,above_band_high
2026-07-28T14:26:00Z,95.1141,0.000000,0.000000,0.000000,above_band_high
2026-07-28T14:27:00Z,95.0561,0.000000,0.000000,0.000000,above_band_high
2026-07-28T14:28:00Z,94.9310,0.000000,0.000000,0.000000,above_band_high
2026-07-28T14:29:00Z,94.8409,0.000000,0.000000,0.000000,above_band_high
2026-07-28T14:30:00Z,94.7341,0.000000,0.000000,0.000000,above_band_high
2026-07-28T14:31:00Z,94.7112,0.000000,0.000000,0.000000,above_band_high
2026-07-28T14:32:00Z,94.6609,0.000000,0.000000,0.000000,above_band_high
2026-07-28T14:33:00Z,94.6700,0.000000,0.000000,0.000000,above_band_high
2026-07-28T14:34:00Z,94.6212,0.000000,0.000000,0.000000,above_band_high
2026-07-28T14:35:00Z,94.6212,0.000000,0.000000,0.000000,above_band_high
2026-07-28T14:36:00Z,94.5968,0.000000,0.000000,0.000000,above_band_high
2026-07-28T14:37:00Z,94.6288,0.000000,0.000000,0.000000,above_band_high
2026-07-28T14:38:00Z,94.6166,0.000000,0.000000,0.000000,above_band_high
2026-07-28T14:39:00Z,94.6242,0.000000,0.000000,0.000000,above_band_high
2026-07-28T14:40:00Z,94.6014,0.000000,0.000000,0.000000,above_band_high
2026-07-28T14:41:00Z,94.6212,0.000000,0.000000,0.000000,above_band_high
2026-07-28T14:42:00Z,94.6151,0.000000,0.000000,0.000000,above_band_high
2026-07-28T14:43:00Z,94.6166,0.000000,0.000000,0.000000,above_band_high
2026-07-28T14:44:00Z,94.6395,0.000000,0.000000,0.000000,above_band_high
2026-07-28T14:45:00Z,94.5968,0.000000,0.000000,0.000000,above_band_high
2026-07-28T14:46:00Z,94.6395,0.000000,0.000000,0.000000,above_band_high
2026-07-28T14:47:00Z,94.6395,0.000000,0.000000,0.000000,above_band_high
2026-07-28T14:48:00Z,94.6624,0.000000,0.000000,0.000000,above_band_high
2026-07-28T14:49:00Z,94.6853,0.000000,0.000000,0.000000,above_band_high
2026-07-28T14:50:00Z,94.6883,0.000000,0.000000,0.000000,above_band_high
2026-07-28T14:51:00Z,94.6792,0.000000,0.000000,0.000000,above_band_high
2026-07-28T14:52:00Z,94.7204,0.000000,0.000000,0.000000,above_band_high
2026-07-28T14:53:00Z,94.7265,0.000000,0.000000,0.000000,above_band_high
2026-07-28T14:54:00Z,94.7768,0.000000,0.000000,0.000000,above_band_high
2026-07-28T14:55:00Z,94.7539,0.000000,0.000000,0.000000,above_band_high
2026-07-28T14:56:00Z,94.7723,0.000000,0.000000,0.000000,above_band_high
2026-07-28T14:57:00Z,94.7768,0.000000,0.000000,0.000000,above_band_high
2026-07-28T14:58:00Z,94.8165,0.000000,0.000000,0.000000,above_band_high
2026-07-28T14:59:00Z,94.8409,0.000000,0.000000,0.000000,above_band_high
2026-07-28T15:00:00Z,94.8623,0.000000,0.000000,0.000000,above_band_high
2026-07-28T15:01:00Z,94.8547,0.000000,0.000000,0.000000,above_band_high
2026-07-28T15:02:00Z,94.8638,0.000000,0.000000,0.000000,above_band_high
2026-07-28T15:03:00Z,94.8486,0.000000,0.000000,0.000000,above_band_high
2026-07-28T15:04:00Z,94.8211,0.000000,0.000000,0.000000,above_band_high
2026-07-28T15:05:00Z,94.7845,0.000000,0.000000,0.000000,above_band_high
2026-07-28T15:06:00Z,94.7250,0.000000,0.000000,0.000000,above_band_high
2026-07-28T15:07:00Z,94.7356,0.000000,0.000000,0.000000,above_band_high
2026-07-28T15:08:00Z,94.7066,0.000000,0.000000,0.000000,above_band_high
2026-07-28T15:09:00Z,94.6944,0.000000,0.000000,0.000000,above_band_high
2026-07-28T15:10:00Z,94.7158,0.000000,0.000000,0.000000,above_band_high
2026-07-28T15:11:00Z,94.7295,0.000000,0.000000,0.000000,above_band_high
2026-07-28T15:12:00Z,94.7036,0.000000,0.000000,0.000000,above_band_high
2026-07-28T15:13:00Z,94.6700,0.000000,0.000000,0.000000,above_band_high
2026-07-28T15:14:00Z,94.6624,0.000000,0.000000,0.000000,above_band_high
2026-07-28T15:15:00Z,94.6746,0.000000,0.000000,0.000000,above_band_high
2026-07-28T15:16:00Z,94.6578,0.000000,0.000000,0.000000,above_band_high
2026-07-28T15:17:00Z,94.6471,0.000000,0.000000,0.000000,above_band_high
2026-07-28T15:18:00Z,94.6487,0.000000,0.000000,0.000000,above_band_high
2026-07-28T15:19:00Z,94.6242,0.000000,0.000000,0.000000,above_band_high
2026-07-28T15:20:00Z,94.6197,0.000000,0.000000,0.000000,above_band_high
2026-07-28T15:21:00Z,94.6151,0.000000,0.000000,0.000000,above_band_high
2026-07-28T15:22:00Z,94.5708,0.000000,0.000000,0.000000,above_band_high
2026-07-28T15:23:00Z,94.5800,0.000000,0.000000,0.000000,above_band_high
2026-07-28T15:24:00Z,94.6075,0.000000,0.000000,0.000000,above_band_high
2026-07-28T15:25:00Z,94.5892,0.000000,0.000000,0.000000,above_band_high
2026-07-28T15:26:00Z,94.5556,0.000000,0.000000,0.000000,above_band_high
2026-07-28T15:27:00Z,94.5434,0.000000,0.000000,0.000000,above_band_high
2026-07-28T15:28:00Z,94.5693,0.000000,0.000000,0.000000,above_band_high
2026-07-28T15:29:00Z,94.5800,0.000000,0.000000,0.000000,above_band_high
2026-07-28T15:30:00Z,94.5052,0.000000,0.000000,0.000000,above_band_high
2026-07-28T15:31:00Z,94.5296,0.000000,0.000000,0.000000,above_band_high
2026-07-28T15:32:00Z,94.5296,0.000000,0.000000,0.000000,above_band_high
2026-07-28T15:33:00Z,94.5480,0.000000,0.000000,0.000000,above_band_high
2026-07-28T15:34:00Z,94.5342,0.000000,0.000000,0.000000,above_band_high
2026-07-28T15:35:00Z,94.4961,0.000000,0.000000,0.000000,above_band_high
2026-07-28T15:36:00Z,94.5190,0.000000,0.000000,0.000000,above_band_high
2026-07-28T15:37:00Z,94.5480,0.000000,0.000000,0.000000,above_band_high
2026-07-28T15:38:00Z,94.5022,0.000000,0.000000,0.000000,above_band_high
2026-07-28T15:39:00Z,94.5556,0.000000,0.000000,0.000000,above_band_high
2026-07-28T15:40:00Z,94.5739,0.000000,0.000000,0.000000,above_band_high
2026-07-28T15:41:00Z,94.5205,0.000000,0.000000,0.000000,above_band_high
2026-07-28T15:42:00Z,94.5144,0.000000,0.000000,0.000000,above_band_high
2026-07-28T15:43:00Z,94.5159,0.000000,0.000000,0.000000,above_band_high
2026-07-28T15:44:00Z,94.4869,0.000000,0.000000,0.000000,above_band_high
2026-07-28T15:45:00Z,94.4976,0.000000,0.000000,0.000000,above_band_high
2026-07-28T15:46:00Z,94.4961,0.000000,0.000000,0.000000,above_band_high
2026-07-28T15:47:00Z,94.4549,0.000000,0.000000,0.000000,above_band_high
2026-07-28T15:48:00Z,94.4549,0.000000,0.000000,0.000000,above_band_high
2026-07-28T15:49:00Z,94.4289,0.000000,0.000000,0.000000,above_band_high
2026-07-28T15:50:00Z,94.4427,0.000000,0.000000,0.000000,above_band_high
2026-07-28T15:51:00Z,94.3908,0.000000,0.000000,0.000000,above_band_high
2026-07-28T15:52:00Z,94.4472,0.000000,0.000000,0.000000,above_band_high
2026-07-28T15:53:00Z,94.4366,0.000000,0.000000,0.000000,above_band_high
2026-07-28T15:54:00Z,94.3557,0.000000,0.000000,0.000000,above_band_high
2026-07-28T15:55:00Z,94.4015,0.000000,0.000000,0.000000,above_band_high
2026-07-28T15:56:00Z,94.3511,0.000000,0.000000,0.000000,above_band_high
2026-07-28T15:57:00Z,94.3374,0.000000,0.000000,0.000000,above_band_high
2026-07-28T15:58:00Z,94.3679,0.000000,0.000000,0.000000,above_band_high
2026-07-28T15:59:00Z,94.3694,0.000000,0.000000,0.000000,above_band_high
2026-07-28T16:00:00Z,94.3465,0.000000,0.000000,0.000000,above_band_high
2026-07-28T16:01:00Z,94.3587,0.000000,0.000000,0.000000,above_band_high
2026-07-28T16:02:00Z,94.3191,0.000000,0.000000,0.000000,above_band_high
2026-07-28T16:03:00Z,94.3359,0.000000,0.000000,0.000000,above_band_high
2026-07-28T16:04:00Z,94.3053,0.000000,0.000000,0.000000,above_band_high
2026-07-28T16:05:00Z,94.3084,0.000000,0.000000,0.000000,above_band_high
2026-07-28T16:06:00Z,94.3008,0.000000,0.000000,0.000000,above_band_high
2026-07-28T16:07:00Z,94.3084,0.000000,0.000000,0.000000,above_band_high
2026-07-28T16:08:00Z,94.2916,0.000000,0.000000,0.000000,above_band_high
2026-07-28T16:09:00Z,94.2397,0.000000,0.000000,0.000000,above_band_high
2026-07-28T16:10:00Z,94.2779,0.000000,0.000000,0.000000,above_band_high
2026-07-28T16:11:00Z,94.2275,0.000000,0.000000,0.000000,above_band_high
2026-07-28T16:12:00Z,94.2535,0.000000,0.000000,0.000000,above_band_high
2026-07-28T16:13:00Z,94.2596,0.000000,0.000000,0.000000,above_band_high
2026-07-28T16:14:00Z,94.2275,0.000000,0.000000,0.000000,above_band_high
2026-07-28T16:15:00Z,94.2397,0.000000,0.000000,0.000000,above_band_high
2026-07-28T16:16:00Z,94.2550,0.000000,0.000000,0.000000,above_band_high
2026-07-28T16:17:00Z,94.2397,0.000000,0.000000,0.000000,above_band_high
2026-07-28T16:18:00Z,94.2397,0.000000,0.000000,0.000000,above_band_high
2026-07-28T16:19:00Z,94.2596,0.000000,0.000000,0.000000,above_band_high
2026-07-28T16:20:00Z,94.2214,0.000000,0.000000,0.000000,above_band_high
2026-07-28T16:21:00Z,94.2458,0.000000,0.000000,0.000000,above_band_high
2026-07-28T16:22:00Z,94.2138,0.000000,0.000000,0.000000,above_band_high
2026-07-28T16:23:00Z,94.2412,0.000000,0.000000,0.000000,above_band_high
2026-07-28T16:24:00Z,94.2168,0.000000,0.000000,0.000000,above_band_high
2026-07-28T16:25:00Z,94.2321,0.000000,0.000000,0.000000,above_band_high
2026-07-28T16:26:00Z,94.2321,0.000000,0.000000,0.000000,above_band_high
2026-07-28T16:27:00Z,94.2168,0.000000,0.000000,0.000000,above_band_high
2026-07-28T16:28:00Z,94.2077,0.000000,0.000000,0.000000,above_band_high
2026-07-28T16:29:00Z,94.1955,0.000000,0.000000,0.000000,above_band_high
2026-07-28T16:30:00Z,94.1863,0.000000,0.000000,0.000000,above_band_high
2026-07-28T16:31:00Z,94.2550,0.000000,0.000000,0.000000,above_band_high
2026-07-28T16:32:00Z,94.2000,0.000000,0.000000,0.000000,above_band_high
2026-07-28T16:33:00Z,94.2077,0.000000,0.000000,0.000000,above_band_high
2026-07-28T16:34:00Z,94.2138,0.000000,0.000000,0.000000,above_band_high
2026-07-28T16:35:00Z,94.2458,0.000000,0.000000,0.000000,above_band_high
2026-07-28T16:36:00Z,94.2229,0.000000,0.000000,0.000000,above_band_high
2026-07-28T16:37:00Z,94.2489,0.000000,0.000000,0.000000,above_band_high
2026-07-28T16:38:00Z,94.2306,0.000000,0.000000,0.000000,above_band_high
2026-07-28T16:39:00Z,94.2077,0.000000,0.000000,0.000000,above_band_high
2026-07-28T16:40:00Z,94.2397,0.000000,0.000000,0.000000,above_band_high
2026-07-28T16:41:00Z,94.2184,0.000000,0.000000,0.000000,above_band_high
2026-07-28T16:42:00Z,94.2397,0.000000,0.000000,0.000000,above_band_high
2026-07-28T16:43:00Z,94.2489,0.000000,0.000000,0.000000,above_band_high
2026-07-28T16:44:00Z,94.2947,0.000000,0.000000,0.000000,above_band_high
2026-07-28T16:45:00Z,94.2489,0.000000,0.000000,0.000000,above_band_high
2026-07-28T16:46:00Z,94.2550,0.000000,0.000000,0.000000,above_band_high
2026-07-28T16:47:00Z,94.3008,0.000000,0.000000,0.000000,above_band_high
2026-07-28T16:48:00Z,94.2870,0.000000,0.000000,0.000000,above_band_high
2026-07-28T16:49:00Z,94.3008,0.000000,0.000000,0.000000,above_band_high
2026-07-28T16:50:00Z,94.2824,0.000000,0.000000,0.000000,above_band_high
2026-07-28T16:51:00Z,94.3313,0.000000,0.000000,0.000000,above_band_high
2026-07-28T16:52:00Z,94.3359,0.000000,0.000000,0.000000,above_band_high
2026-07-28T16:53:00Z,94.3465,0.000000,0.000000,0.000000,above_band_high
2026-07-28T16:54:00Z,94.3542,0.000000,0.000000,0.000000,above_band_high
2026-07-28T16:55:00Z,94.3679,0.000000,0.000000,0.000000,above_band_high
2026-07-28T16:56:00Z,94.3862,0.000000,0.000000,0.000000,above_band_high
2026-07-28T16:57:00Z,94.3786,0.000000,0.000000,0.000000,above_band_high
2026-07-28T16:58:00Z,94.4015,0.000000,0.000000,0.000000,above_band_high
2026-07-28T16:59:00Z,94.4091,0.000000,0.000000,0.000000,above_band_high
2026-07-28T17:00:00Z,94.3862,0.000000,0.000000,0.000000,above_band_high
2026-07-28T17:01:00Z,94.3908,0.000000,0.000000,0.000000,above_band_high
2026-07-28T17:02:00Z,94.4198,0.000000,0.000000,0.000000,above_band_high
2026-07-28T17:03:00Z,94.4152,0.000000,0.000000,0.000000,above_band_high
2026-07-28T17:04:00Z,94.4228,0.000000,0.000000,0.000000,above_band_high
2026-07-28T17:05:00Z,94.4091,0.000000,0.000000,0.000000,above_band_high
2026-07-28T17:06:00Z,94.4335,0.000000,0.000000,0.000000,above_band_high
2026-07-28T17:07:00Z,94.4182,0.000000,0.000000,0.000000,above_band_high
2026-07-28T17:08:00Z,94.4060,0.000000,0.000000,0.000000,above_band_high
2026-07-28T17:09:00Z,94.3832,0.000000,0.000000,0.000000,above_band_high
2026-07-28T17:10:00Z,94.4152,0.000000,0.000000,0.000000,above_band_high
2026-07-28T17:11:00Z,94.3908,0.000000,0.000000,0.000000,above_band_high
2026-07-28T17:12:00Z,94.4457,0.000000,0.000000,0.000000,above_band_high
2026-07-28T17:13:00Z,94.4182,0.000000,0.000000,0.000000,above_band_high
2026-07-28T17:14:00Z,94.4457,0.000000,0.000000,0.000000,above_band_high
2026-07-28T17:15:00Z,94.4381,0.000000,0.000000,0.000000,above_band_high
2026-07-28T17:16:00Z,94.4182,0.000000,0.000000,0.000000,above_band_high
2026-07-28T17:17:00Z,94.4182,0.000000,0.000000,0.000000,above_band_high
2026-07-28T17:18:00Z,94.4045,0.000000,0.000000,0.000000,above_band_high
2026-07-28T17:19:00Z,94.4152,0.000000,0.000000,0.000000,above_band_high
2026-07-28T17:20:00Z,94.4366,0.000000,0.000000,0.000000,above_band_high
2026-07-28T17:21:00Z,94.4274,0.000000,0.000000,0.000000,above_band_high
2026-07-28T17:22:00Z,94.4610,0.000000,0.000000,0.000000,above_band_high
2026-07-28T17:23:00Z,94.4778,0.000000,0.000000,0.000000,above_band_high
2026-07-28T17:24:00Z,94.4701,0.000000,0.000000,0.000000,above_band_high
2026-07-28T17:25:00Z,94.4656,0.000000,0.000000,0.000000,above_band_high
2026-07-28T17:26:00Z,94.4823,0.000000,0.000000,0.000000,above_band_high
2026-07-28T17:27:00Z,94.4564,0.000000,0.000000,0.000000,above_band_high
2026-07-28T17:28:00Z,94.5052,0.000000,0.000000,0.000000,above_band_high
2026-07-28T17:29:00Z,94.4961,0.000000,0.000000,0.000000,above_band_high
2026-07-28T17:30:00Z,94.5113,0.000000,0.000000,0.000000,above_band_high
2026-07-28T17:31:00Z,94.5281,0.000000,0.000000,0.000000,above_band_high
2026-07-28T17:32:00Z,94.4976,0.000000,0.000000,0.000000,above_band_high
2026-07-28T17:33:00Z,94.5052,0.000000,0.000000,0.000000,above_band_high
2026-07-28T17:34:00Z,94.5205,0.000000,0.000000,0.000000,above_band_high
2026-07-28T17:35:00Z,94.5480,0.000000,0.000000,0.000000,above_band_high
2026-07-28T17:36:00Z,94.5327,0.000000,0.000000,0.000000,above_band_high
2026-07-28T17:37:00Z,94.5235,0.000000,0.000000,0.000000,above_band_high
2026-07-28T17:38:00Z,94.5388,0.000000,0.000000,0.000000,above_band_high
2026-07-28T17:39:00Z,94.5693,0.000000,0.000000,0.000000,above_band_high
2026-07-28T17:40:00Z,94.5892,0.000000,0.000000,0.000000,above_band_high
2026-07-28T17:41:00Z,94.5754,0.000000,0.000000,0.000000,above_band_high
2026-07-28T17:42:00Z,94.6059,0.000000,0.000000,0.000000,above_band_high
2026-07-28T17:43:00Z,94.5388,0.000000,0.000000,0.000000,above_band_high
2026-07-28T17:44:00Z,94.5830,0.000000,0.000000,0.000000,above_band_high
2026-07-28T17:45:00Z,94.5785,0.000000,0.000000,0.000000,above_band_high
2026-07-28T17:46:00Z,94.6059,0.000000,0.000000,0.000000,above_band_high
2026-07-28T17:47:00Z,94.5708,0.000000,0.000000,0.000000,above_band_high
2026-07-28T17:48:00Z,94.6426,0.000000,0.000000,0.000000,above_band_high
2026-07-28T17:49:00Z,94.6334,0.000000,0.000000,0.000000,above_band_high
2026-07-28T17:50:00Z,94.6242,0.000000,0.000000,0.000000,above_band_high
2026-07-28T17:51:00Z,94.6059,0.000000,0.000000,0.000000,above_band_high
2026-07-28T17:52:00Z,94.6334,0.000000,0.000000,0.000000,above_band_high
2026-07-28T17:53:00Z,94.6426,0.000000,0.000000,0.000000,above_band_high
2026-07-28T17:54:00Z,94.6807,0.000000,0.000000,0.000000,above_band_high
2026-07-28T17:55:00Z,94.6838,0.000000,0.000000,0.000000,above_band_high
2026-07-28T17:56:00Z,94.6258,0.000000,0.000000,0.000000,above_band_high
2026-07-28T17:57:00Z,94.6654,0.000000,0.000000,0.000000,above_band_high
2026-07-28T17:58:00Z,94.6807,0.000000,0.000000,0.000000,above_band_high
2026-07-28T17:59:00Z,94.7173,0.000000,0.000000,0.000000,above_band_high
2026-07-28T18:00:00Z,94.7036,0.000000,0.000000,0.000000,above_band_high
2026-07-28T18:01:00Z,94.6853,0.000000,0.000000,0.000000,above_band_high
2026-07-28T18:02:00Z,94.6715,0.000000,0.000000,0.000000,above_band_high
2026-07-28T18:03:00Z,94.7158,0.000000,0.000000,0.000000,above_band_high
2026-07-28T18:04:00Z,94.6838,0.000000,0.000000,0.000000,above_band_high
2026-07-28T18:05:00Z,94.6990,0.000000,0.000000,0.000000,above_band_high
2026-07-28T18:06:00Z,94.6990,0.000000,0.000000,0.000000,above_band_high
2026-07-28T18:07:00Z,94.6990,0.000000,0.000000,0.000000,above_band_high
2026-07-28T18:08:00Z,94.6838,0.000000,0.000000,0.000000,above_band_high
2026-07-28T18:09:00Z,94.6654,0.000000,0.000000,0.000000,above_band_high
2026-07-28T18:10:00Z,94.6838,0.000000,0.000000,0.000000,above_band_high
2026-07-28T18:11:00Z,94.6532,0.000000,0.000000,0.000000,above_band_high
2026-07-28T18:12:00Z,94.6990,0.000000,0.000000,0.000000,above_band_high
2026-07-28T18:13:00Z,94.6975,0.000000,0.000000,0.000000,above_band_high
2026-07-28T18:14:00Z,94.7219,0.000000,0.000000,0.000000,above_band_high
2026-07-28T18:15:00Z,94.7173,0.000000,0.000000,0.000000,above_band_high
2026-07-28T18:16:00Z,94.7173,0.000000,0.000000,0.000000,above_band_high
2026-07-28T18:17:00Z,94.7158,0.000000,0.000000,0.000000,above_band_high
2026-07-28T18:18:00Z,94.7387,0.000000,0.000000,0.000000,above_band_high
2026-07-28T18:19:00Z,94.7158,0.000000,0.000000,0.000000,above_band_high
2026-07-28T18:20:00Z,94.6990,0.000000,0.000000,0.000000,above_band_high
2026-07-28T18:21:00Z,94.7066,0.000000,0.000000,0.000000,above_band_high
2026-07-28T18:22:00Z,94.7539,0.000000,0.000000,0.000000,above_band_high
2026-07-28T18:23:00Z,94.7311,0.000000,0.000000,0.000000,above_band_high
2026-07-28T18:24:00Z,94.7036,0.000000,0.000000,0.000000,above_band_high
2026-07-28T18:25:00Z,94.7158,0.000000,0.000000,0.000000,above_band_high
2026-07-28T18:26:00Z,94.7265,0.000000,0.000000,0.000000,above_band_high
2026-07-28T18:27:00Z,94.7066,0.000000,0.000000,0.000000,above_band_high
2026-07-28T18:28:00Z,94.7341,0.000000,0.000000,0.000000,above_band_high
2026-07-28T18:29:00Z,94.7204,0.000000,0.000000,0.000000,above_band_high
2026-07-28T18:30:00Z,94.7936,0.000000,0.000000,0.000000,above_band_high
2026-07-28T18:31:00Z,94.7585,0.000000,0.000000,0.000000,above_band_high
2026-07-28T18:32:00Z,94.7585,0.000000,0.000000,0.000000,above_band_high
2026-07-28T18:33:00Z,94.7707,0.000000,0.000000,0.000000,above_band_high
2026-07-28T18:34:00Z,94.7433,0.000000,0.000000,0.000000,above_band_high
2026-07-28T18:35:00Z,94.8165,0.000000,0.000000,0.000000,above_band_high
2026-07-28T18:36:00Z,94.8089,0.000000,0.000000,0.000000,above_band_high
2026-07-28T18:37:00Z,94.7723,0.000000,0.000000,0.000000,above_band_high
2026-07-28T18:38:00Z,94.7860,0.000000,0.000000,0.000000,above_band_high
2026-07-28T18:39:00Z,94.7997,0.000000,0.000000,0.000000,above_band_high
2026-07-28T18:40:00Z,94.8363,0.000000,0.000000,0.000000,above_band_high
2026-07-28T18:41:00Z,94.8211,0.000000,0.000000,0.000000,above_band_high
2026-07-28T18:42:00Z,94.8180,0.000000,0.000000,0.000000,above_band_high
2026-07-28T18:43:00Z,94.8180,0.000000,0.000000,0.000000,above_band_high
2026-07-28T18:44:00Z,94.8363,0.000000,0.000000,0.000000,above_band_high
2026-07-28T18:45:00Z,94.8257,0.000000,0.000000,0.000000,above_band_high
2026-07-28T18:46:00Z,94.8409,0.000000,0.000000,0.000000,above_band_high
2026-07-28T18:47:00Z,94.8730,0.000000,0.000000,0.000000,above_band_high
2026-07-28T18:48:00Z,94.8547,0.000000,0.000000,0.000000,above_band_high
2026-07-28T18:49:00Z,94.8714,0.000000,0.000000,0.000000,above_band_high
2026-07-28T18:50:00Z,94.8989,0.000000,0.000000,0.000000,above_band_high
2026-07-28T18:51:00Z,94.8714,0.000000,0.000000,0.000000,above_band_high
2026-07-28T18:52:00Z,94.8989,0.000000,0.000000,0.000000,above_band_high
2026-07-28T18:53:00Z,94.8989,0.000000,0.000000,0.000000,above_band_high
2026-07-28T18:54:00Z,94.9279,0.000000,0.000000,0.000000,above_band_high
2026-07-28T18:55:00Z,94.9508,0.000000,0.000000,0.000000,above_band_high
2026-07-28T18:56:00Z,94.9172,0.000000,0.000000,0.000000,above_band_high
2026-07-28T18:57:00Z,94.9218,0.000000,0.000000,0.000000,above_band_high
2026-07-28T18:58:00Z,94.9325,0.000000,0.000000,0.000000,above_band_high
2026-07-28T18:59:00Z,94.9371,0.000000,0.000000,0.000000,above_band_high
2026-07-28T19:00:00Z,94.9401,0.000000,0.000000,0.000000,above_band_high
2026-07-28T19:01:00Z,94.9554,0.000000,0.000000,0.000000,above_band_high
2026-07-28T19:02:00Z,94.9325,0.000000,0.000000,0.000000,above_band_high
2026-07-28T19:03:00Z,94.9584,0.000000,0.000000,0.000000,above_band_high
2026-07-28T19:04:00Z,94.9584,0.000000,0.000000,0.000000,above_band_high
2026-07-28T19:05:00Z,94.9371,0.000000,0.000000,0.000000,above_band_high
2026-07-28T19:06:00Z,94.9447,0.000000,0.000000,0.000000,above_band_high
2026-07-28T19:07:00Z,94.9584,0.000000,0.000000,0.000000,above_band_high
2026-07-28T19:08:00Z,94.9630,0.000000,0.000000,0.000000,above_band_high
2026-07-28T19:09:00Z,94.9538,0.000000,0.000000,0.000000,above_band_high
2026-07-28T19:10:00Z,94.9737,0.000000,0.000000,0.000000,above_band_high
2026-07-28T19:11:00Z,94.9783,0.000000,0.000000,0.000000,above_band_high
2026-07-28T19:12:00Z,94.9828,0.000000,0.000000,0.000000,above_band_high
2026-07-28T19:13:00Z,94.9508,0.000000,0.000000,0.000000,above_band_high
2026-07-28T19:14:00Z,94.9325,0.000000,0.000000,0.000000,above_band_high
2026-07-28T19:15:00Z,94.9401,0.000000,0.000000,0.000000,above_band_high
2026-07-28T19:16:00Z,94.9737,0.000000,0.000000,0.000000,above_band_high
2026-07-28T19:17:00Z,94.9767,0.000000,0.000000,0.000000,above_band_high
2026-07-28T19:18:00Z,94.9691,0.000000,0.000000,0.000000,above_band_high
2026-07-28T19:19:00Z,94.9508,0.000000,0.000000,0.000000,above_band_high
2026-07-28T19:20:00Z,94.9401,0.000000,0.000000,0.000000,above_band_high
2026-07-28T19:21:00Z,94.9447,0.000000,0.000000,0.000000,above_band_high
2026-07-28T19:22:00Z,94.8959,0.000000,0.000000,0.000000,above_band_high
2026-07-28T19:23:00Z,94.9172,0.000000,0.000000,0.000000,above_band_high
2026-07-28T19:24:00Z,94.9630,0.000000,0.000000,0.000000,above_band_high
2026-07-28T19:25:00Z,94.9462,0.000000,0.000000,0.000000,above_band_high
2026-07-28T19:26:00Z,94.9416,0.000000,0.000000,0.000000,above_band_high
2026-07-28T19:27:00Z,94.9035,0.000000,0.000000,0.000000,above_band_high
2026-07-28T19:28:00Z,94.9310,0.000000,0.000000,0.000000,above_band_high
2026-07-28T19:29:00Z,94.8913,0.000000,0.000000,0.000000,above_band_high
2026-07-28T19:30:00Z,94.9233,0.000000,0.000000,0.000000,above_band_high
2026-07-28T19:31:00Z,94.8959,0.000000,0.000000,0.000000,above_band_high
2026-07-28T19:32:00Z,94.9233,0.000000,0.000000,0.000000,above_band_high
2026-07-28T19:33:00Z,94.9233,0.000000,0.000000,0.000000,above_band_high
2026-07-28T19:34:00Z,94.9126,0.000000,0.000000,0.000000,above_band_high
2026-07-28T19:35:00Z,94.8913,0.000000,0.000000,0.000000,above_band_high
2026-07-28T19:36:00Z,94.8821,0.000000,0.000000,0.000000,above_band_high
2026-07-28T19:37:00Z,94.8959,0.000000,0.000000,0.000000,above_band_high
2026-07-28T19:38:00Z,94.8913,0.000000,0.000000,0.000000,above_band_high
2026-07-28T19:39:00Z,94.8821,0.000000,0.000000,0.000000,above_band_high
2026-07-28T19:40:00Z,94.8547,0.000000,0.000000,0.000000,above_band_high
2026-07-28T19:41:00Z,94.8623,0.000000,0.000000,0.000000,above_band_high
2026-07-28T19:42:00Z,94.8821,0.000000,0.000000,0.000000,above_band_high
2026-07-28T19:43:00Z,94.8318,0.000000,0.000000,0.000000,above_band_high
2026-07-28T19:44:00Z,94.8363,0.000000,0.000000,0.000000,above_band_high
2026-07-28T19:45:00Z,94.8577,0.000000,0.000000,0.000000,above_band_high
2026-07-28T19:46:00Z,94.8577,0.000000,0.000000,0.000000,above_band_high
2026-07-28T19:47:00Z,94.8440,0.000000,0.000000,0.000000,above_band_high
2026-07-28T19:48:00Z,94.8318,0.000000,0.000000,0.000000,above_band_high
2026-07-28T19:49:00Z,94.8501,0.000000,0.000000,0.000000,above_band_high
2026-07-28T19:50:00Z,94.8257,0.000000,0.000000,0.000000,above_band_high
2026-07-28T19:51:00Z,94.8394,0.000000,0.000000,0.000000,above_band_high
2026-07-28T19:52:00Z,94.8623,0.000000,0.000000,0.000000,above_band_high
2026-07-28T19:53:00Z,94.8363,0.000000,0.000000,0.000000,above_band_high
2026-07-28T19:54:00Z,94.8211,0.000000,0.000000,0.000000,above_band_high
2026-07-28T19:55:00Z,94.8501,0.000000,0.000000,0.000000,above_band_high
2026-07-28T19:56:00Z,94.8272,0.000000,0.000000,0.000000,above_band_high
2026-07-28T19:57:00Z,94.8501,0.000000,0.000000,0.000000,above_band_high
2026-07-28T19:58:00Z,94.8531,0.000000,0.000000,0.000000,above_band_high
2026-07-28T19:59:00Z,94.8455,0.000000,0.000000,0.000000,above_band_high
2026-07-28T20:00:00Z,94.8486,0.000000,0.000000,0.000000,above_band_high
2026-07-28T20:01:00Z,94.8455,0.000000,0.000000,0.000000,above_band_high
2026-07-28T20:02:00Z,94.8669,0.000000,0.000000,0.000000,above_band_high
2026-07-28T20:03:00Z,94.8531,0.000000,0.000000,0.000000,above_band_high
2026-07-28T20:04:00Z,94.8806,0.000000,0.000000,0.000000,above_band_high
2026-07-28T20:05:00Z,94.8852,0.000000,0.000000,0.000000,above_band_high
2026-07-28T20:06:00Z,94.9004,0.000000,0.000000,0.000000,above_band_high
2026-07-28T20:07:00Z,94.9187,0.000000,0.000000,0.000000,above_band_high
2026-07-28T20:08:00Z,94.9004,0.000000,0.000000,0.000000,above_band_high
2026-07-28T20:09:00Z,94.8867,0.000000,0.000000,0.000000,above_band_high
2026-07-28T20:10:00Z,94.8760,0.000000,0.000000,0.000000,above_band_high
2026-07-28T20:11:00Z,94.8898,0.000000,0.000000,0.000000,above_band_high
2026-07-28T20:12:00Z,94.9096,0.000000,0.000000,0.000000,above_band_high
2026-07-28T20:13:00Z,94.8867,0.000000,0.000000,0.000000,above_band_high
2026-07-28T20:14:00Z,94.8943,0.000000,0.000000,0.000000,above_band_high
2026-07-28T20:15:00Z,94.8821,0.000000,0.000000,0.000000,above_band_high
2026-07-28T20:16:00Z,94.9126,0.000000,0.000000,0.000000,above_band_high
2026-07-28T20:17:00Z,94.8989,0.000000,0.000000,0.000000,above_band_high
2026-07-28T20:18:00Z,94.9447,0.000000,0.000000,0.000000,above_band_high
2026-07-28T20:19:00Z,94.9187,0.000000,0.000000,0.000000,above_band_high
2026-07-28T20:20:00Z,94.9554,0.000000,0.000000,0.000000,above_band_high
2026-07-28T20:21:00Z,94.9050,0.000000,0.000000,0.000000,above_band_high
2026-07-28T20:22:00Z,94.9447,0.000000,0.000000,0.000000,above_band_high
2026-07-28T20:23:00Z,94.8821,0.000000,0.000000,0.000000,above_band_high
2026-07-28T20:24:00Z,94.9279,0.000000,0.000000,0.000000,above_band_high
2026-07-28T20:25:00Z,94.8989,0.000000,0.000000,0.000000,above_band_high
2026-07-28T20:26:00Z,94.9447,0.000000,0.000000,0.000000,above_band_high
2026-07-28T20:27:00Z,94.9279,0.000000,0.000000,0.000000,above_band_high
2026-07-28T20:28:00Z,94.9264,0.000000,0.000000,0.000000,above_band_high
2026-07-28T20:29:00Z,94.9004,0.000000,0.000000,0.000000,above_band_high
2026-07-28T20:30:00Z,94.9325,0.000000,0.000000,0.000000,above_band_high
2026-07-28T20:31:00Z,94.9325,0.000000,0.000000,0.000000,above_band_high
2026-07-28T20:32:00Z,94.9325,0.000000,0.000000,0.000000,above_band_high
2026-07-28T20:33:00Z,94.9554,0.000000,0.000000,0.000000,above_band_high
2026-07-28T20:34:00Z,94.9081,0.000000,0.000000,0.000000,above_band_high
2026-07-28T20:35:00Z,94.9218,0.000000,0.000000,0.000000,above_band_high
2026-07-28T20:36:00Z,94.9462,0.000000,0.000000,0.000000,above_band_high
2026-07-28T20:37:00Z,94.9142,0.000000,0.000000,0.000000,above_band_high
2026-07-28T20:38:00Z,94.9447,0.000000,0.000000,0.000000,above_band_high
2026-07-28T20:39:00Z,94.9401,0.000000,0.000000,0.000000,above_band_high
2026-07-28T20:40:00Z,94.9172,0.000000,0.000000,0.000000,above_band_high
2026-07-28T20:41:00Z,94.9279,0.000000,0.000000,0.000000,above_band_high
2026-07-28T20:42:00Z,94.9554,0.000000,0.000000,0.000000,above_band_high
2026-07-28T20:43:00Z,94.9371,0.000000,0.000000,0.000000,above_band_high
2026-07-28T20:44:00Z,94.9279,0.000000,0.000000,0.000000,above_band_high
2026-07-28T20:45:00Z,94.9554,0.000000,0.000000,0.000000,above_band_high
2026-07-28T20:46:00Z,94.9050,0.000000,0.000000,0.000000,above_band_high
2026-07-28T20:47:00Z,94.9371,0.000000,0.000000,0.000000,above_band_high
2026-07-28T20:48:00Z,94.9371,0.000000,0.000000,0.000000,above_band_high
2026-07-28T20:49:00Z,94.9325,0.000000,0.000000,0.000000,above_band_high
2026-07-28T20:50:00Z,94.9447,0.000000,0.000000,0.000000,above_band_high
2026-07-28T20:51:00Z,94.9264,0.000000,0.000000,0.000000,above_band_high
2026-07-28T20:52:00Z,94.9462,0.000000,0.000000,0.000000,above_band_high
2026-07-28T20:53:00Z,94.8867,0.000000,0.000000,0.000000,above_band_high
2026-07-28T20:54:00Z,94.9493,0.000000,0.000000,0.000000,above_band_high
2026-07-28T20:55:00Z,94.9447,0.000000,0.000000,0.000000,above_band_high
2026-07-28T20:56:00Z,94.9447,0.000000,0.000000,0.000000,above_band_high
2026-07-28T20:57:00Z,94.9325,0.000000,0.000000,0.000000,above_band_high
2026-07-28T20:58:00Z,94.9645,0.000000,0.000000,0.000000,above_band_high
2026-07-28T20:59:00Z,94.9538,0.000000,0.000000,0.000000,above_band_high
2026-07-28T21:00:00Z,94.9264,0.000000,0.000000,0.000000,above_band_high
2026-07-28T21:01:00Z,94.9645,0.000000,0.000000,0.000000,above_band_high
2026-07-28T21:02:00Z,94.9447,0.000000,0.000000,0.000000,above_band_high
2026-07-28T21:03:00Z,94.9447,0.000000,0.000000,0.000000,above_band_high
2026-07-28T21:04:00Z,94.9462,0.000000,0.000000,0.000000,above_band_high
2026-07-28T21:05:00Z,94.9493,0.000000,0.000000,0.000000,above_band_high
2026-07-28T21:06:00Z,94.9645,0.000000,0.000000,0.000000,above_band_high
2026-07-28T21:07:00Z,94.9676,0.000000,0.000000,0.000000,above_band_high
2026-07-28T21:08:00Z,94.9325,0.000000,0.000000,0.000000,above_band_high
2026-07-28T21:09:00Z,94.9645,0.000000,0.000000,0.000000,above_band_high
2026-07-28T21:10:00Z,94.9325,0.000000,0.000000,0.000000,above_band_high
2026-07-28T21:11:00Z,94.9447,0.000000,0.000000,0.000000,above_band_high
2026-07-28T21:12:00Z,94.8943,0.000000,0.000000,0.000000,above_band_high
2026-07-28T21:13:00Z,94.9142,0.000000,0.000000,0.000000,above_band_high
2026-07-28T21:14:00Z,94.9187,0.000000,0.000000,0.000000,above_band_high
2026-07-28T21:15:00Z,94.8867,0.000000,0.000000,0.000000,above_band_high
2026-07-28T21:16:00Z,94.9325,0.000000,0.000000,0.000000,above_band_high
2026-07-28T21:17:00Z,94.9493,0.000000,0.000000,0.000000,above_band_high
2026-07-28T21:18:00Z,94.9187,0.000000,0.000000,0.000000,above_band_high
2026-07-28T21:19:00Z,94.9355,0.000000,0.000000,0.000000,above_band_high
2026-07-28T21:20:00Z,94.9035,0.000000,0.000000,0.000000,above_band_high
2026-07-28T21:21:00Z,94.9462,0.000000,0.000000,0.000000,above_band_high
2026-07-28T21:22:00Z,94.8959,0.000000,0.000000,0.000000,above_band_high
2026-07-28T21:23:00Z,94.9355,0.000000,0.000000,0.000000,above_band_high
2026-07-28T21:24:00Z,94.9081,0.000000,0.000000,0.000000,above_band_high
2026-07-28T21:25:00Z,94.8852,0.000000,0.000000,0.000000,above_band_high
2026-07-28T21:26:00Z,94.8959,0.000000,0.000000,0.000000,above_band_high
2026-07-28T21:27:00Z,94.9126,0.000000,0.000000,0.000000,above_band_high
2026-07-29T03:36:01Z,95.4223,0.000000,0.000000,0.000000,above_band_high
2026-07-29T03:37:00Z,95.3857,0.000000,0.000000,0.000000,above_band_high
2026-07-29T03:38:00Z,95.3765,0.000000,0.000000,0.000000,above_band_high
2026-07-29T03:39:00Z,95.4116,0.000000,0.000000,0.000000,above_band_high
2026-07-29T03:40:00Z,95.3796,0.000000,0.000000,0.000000,above_band_high
2026-07-29T03:41:00Z,95.3902,0.000000,0.000000,0.000000,above_band_high
2026-07-29T03:42:00Z,95.4086,0.000000,0.000000,0.000000,above_band_high
2026-07-29T03:43:00Z,95.4086,0.000000,0.000000,0.000000,above_band_high
2026-07-29T03:44:00Z,95.4162,0.000000,0.000000,0.000000,above_band_high
2026-07-29T03:45:00Z,95.4345,0.000000,0.000000,0.000000,above_band_high
2026-07-29T03:46:00Z,95.4086,0.000000,0.000000,0.000000,above_band_high
2026-07-29T03:47:00Z,95.4437,0.000000,0.000000,0.000000,above_band_high
2026-07-29T03:48:00Z,95.3979,0.000000,0.000000,0.000000,above_band_high
2026-07-29T03:49:00Z,95.4589,0.000000,0.000000,0.000000,above_band_high
2026-07-29T03:50:00Z,95.4269,0.000000,0.000000,0.000000,above_band_high
2026-07-29T03:51:00Z,95.4437,0.000000,0.000000,0.000000,above_band_high
2026-07-29T03:52:00Z,95.4437,0.000000,0.000000,0.000000,above_band_high
2026-07-29T03:53:00Z,95.4543,0.000000,0.000000,0.000000,above_band_high
2026-07-29T03:54:00Z,95.4803,0.000000,0.000000,0.000000,above_band_high
2026-07-29T03:55:00Z,95.4406,0.000000,0.000000,0.000000,above_band_high
2026-07-29T03:56:00Z,95.4757,0.000000,0.000000,0.000000,above_band_high
2026-07-29T03:57:00Z,95.4620,0.000000,0.000000,0.000000,above_band_high
2026-07-29T03:58:00Z,95.4849,0.000000,0.000000,0.000000,above_band_high
2026-07-29T03:59:00Z,95.4757,0.000000,0.000000,0.000000,above_band_high
2026-07-29T04:00:00Z,95.4849,0.000000,0.000000,0.000000,above_band_high
2026-07-29T04:01:00Z,95.5077,0.000000,0.000000,0.000000,above_band_high
2026-07-29T04:02:00Z,95.4894,0.000000,0.000000,0.000000,above_band_high
2026-07-29T04:03:00Z,95.4818,0.000000,0.000000,0.000000,above_band_high
2026-07-29T04:04:00Z,95.5352,0.000000,0.000000,0.000000,above_band_high
2026-07-29T04:05:00Z,95.5230,0.000000,0.000000,0.000000,above_band_high
2026-07-29T04:06:00Z,95.5367,0.000000,0.000000,0.000000,above_band_high
2026-07-29T04:07:00Z,95.4894,0.000000,0.000000,0.000000,above_band_high
2026-07-29T04:08:00Z,95.5184,0.000000,0.000000,0.000000,above_band_high
2026-07-29T04:09:00Z,95.5550,0.000000,0.000000,0.000000,above_band_high
2026-07-29T04:10:00Z,95.5306,0.000000,0.000000,0.000000,above_band_high
2026-07-29T04:11:00Z,95.5261,0.000000,0.000000,0.000000,above_band_high
2026-07-29T04:12:00Z,95.5093,0.000000,0.000000,0.000000,above_band_high
2026-07-29T04:13:00Z,95.5077,0.000000,0.000000,0.000000,above_band_high
2026-07-29T04:14:00Z,95.5138,0.000000,0.000000,0.000000,above_band_high
2026-07-29T04:15:00Z,95.5138,0.000000,0.000000,0.000000,above_band_high
2026-07-29T04:16:00Z,95.5230,0.000000,0.000000,0.000000,above_band_high
2026-07-29T04:17:00Z,95.5123,0.000000,0.000000,0.000000,above_band_high
2026-07-29T04:18:00Z,95.5413,0.000000,0.000000,0.000000,above_band_high
2026-07-29T04:19:00Z,95.5169,0.000000,0.000000,0.000000,above_band_high
2026-07-29T04:20:00Z,95.5169,0.000000,0.000000,0.000000,above_band_high
2026-07-29T04:21:00Z,95.4955,0.000000,0.000000,0.000000,above_band_high
2026-07-29T04:22:00Z,95.5306,0.000000,0.000000,0.000000,above_band_high
2026-07-29T04:23:00Z,95.5642,0.000000,0.000000,0.000000,above_band_high
2026-07-29T04:24:00Z,95.5398,0.000000,0.000000,0.000000,above_band_high
2026-07-29T04:25:00Z,95.5413,0.000000,0.000000,0.000000,above_band_high
2026-07-29T04:26:00Z,95.5398,0.000000,0.000000,0.000000,above_band_high
2026-07-29T04:27:00Z,95.5322,0.000000,0.000000,0.000000,above_band_high
2026-07-29T04:28:00Z,95.5718,0.000000,0.000000,0.000000,above_band_high
2026-07-29T04:29:00Z,95.5306,0.000000,0.000000,0.000000,above_band_high
2026-07-29T04:30:00Z,95.5306,0.000000,0.000000,0.000000,above_band_high
2026-07-29T04:31:00Z,95.5184,0.000000,0.000000,0.000000,above_band_high
2026-07-29T04:32:00Z,95.5489,0.000000,0.000000,0.000000,above_band_high
2026-07-29T04:33:00Z,95.5459,0.000000,0.000000,0.000000,above_band_high
2026-07-29T04:34:00Z,95.5764,0.000000,0.000000,0.000000,above_band_high
2026-07-29T04:35:00Z,95.5673,0.000000,0.000000,0.000000,above_band_high
2026-07-29T04:36:00Z,95.5459,0.000000,0.000000,0.000000,above_band_high
2026-07-29T04:37:00Z,95.5550,0.000000,0.000000,0.000000,above_band_high
2026-07-29T04:38:00Z,95.5459,0.000000,0.000000,0.000000,above_band_high
2026-07-29T04:39:00Z,95.5734,0.000000,0.000000,0.000000,above_band_high
2026-07-29T04:40:00Z,95.5673,0.000000,0.000000,0.000000,above_band_high
2026-07-29T04:41:00Z,95.5947,0.000000,0.000000,0.000000,above_band_high
2026-07-29T04:42:00Z,95.5550,0.000000,0.000000,0.000000,above_band_high
2026-07-29T04:43:00Z,95.5993,0.000000,0.000000,0.000000,above_band_high
2026-07-29T04:44:00Z,95.5734,0.000000,0.000000,0.000000,above_band_high
2026-07-29T04:45:00Z,95.5962,0.000000,0.000000,0.000000,above_band_high
2026-07-29T04:46:00Z,95.5764,0.000000,0.000000,0.000000,above_band_high
2026-07-29T04:47:00Z,95.5901,0.000000,0.000000,0.000000,above_band_high
2026-07-29T04:48:00Z,95.5917,0.000000,0.000000,0.000000,above_band_high
2026-07-29T04:49:00Z,95.5550,0.000000,0.000000,0.000000,above_band_high
2026-07-29T04:50:00Z,95.5962,0.000000,0.000000,0.000000,above_band_high
2026-07-29T04:51:00Z,95.6283,0.000000,0.000000,0.000000,above_band_high
2026-07-29T04:52:00Z,95.6222,0.000000,0.000000,0.000000,above_band_high
2026-07-29T04:53:00Z,95.6176,0.000000,0.000000,0.000000,above_band_high
2026-07-29T04:54:00Z,95.6283,0.000000,0.000000,0.000000,above_band_high
2026-07-29T04:55:00Z,95.6283,0.000000,0.000000,0.000000,above_band_high
2026-07-29T04:56:00Z,95.6374,0.000000,0.000000,0.000000,above_band_high
2026-07-29T04:57:00Z,95.6176,0.000000,0.000000,0.000000,above_band_high
2026-07-29T04:58:00Z,95.6329,0.000000,0.000000,0.000000,above_band_high
2026-07-29T04:59:00Z,95.6176,0.000000,0.000000,0.000000,above_band_high
2026-07-29T05:00:00Z,95.6634,0.000000,0.000000,0.000000,above_band_high
2026-07-29T05:01:00Z,95.6237,0.000000,0.000000,0.000000,above_band_high
2026-07-29T05:02:00Z,95.6405,0.000000,0.000000,0.000000,above_band_high
2026-07-29T05:03:00Z,95.6695,0.000000,0.000000,0.000000,above_band_high
2026-07-29T05:04:00Z,95.6405,0.000000,0.000000,0.000000,above_band_high
2026-07-29T05:05:00Z,95.6680,0.000000,0.000000,0.000000,above_band_high
2026-07-29T05:06:00Z,95.6924,0.000000,0.000000,0.000000,above_band_high
2026-07-29T05:07:00Z,95.6588,0.000000,0.000000,0.000000,above_band_high
2026-07-29T05:08:00Z,95.6405,0.000000,0.000000,0.000000,above_band_high
2026-07-29T05:09:00Z,95.6497,0.000000,0.000000,0.000000,above_band_high
2026-07-29T05:10:00Z,95.6558,0.000000,0.000000,0.000000,above_band_high
2026-07-29T05:11:00Z,95.6283,0.000000,0.000000,0.000000,above_band_high
2026-07-29T05:12:00Z,95.6405,0.000000,0.000000,0.000000,above_band_high
2026-07-29T05:13:00Z,95.6466,0.000000,0.000000,0.000000,above_band_high
2026-07-29T05:14:00Z,95.6588,0.000000,0.000000,0.000000,above_band_high
2026-07-29T05:15:00Z,95.6741,0.000000,0.000000,0.000000,above_band_high
2026-07-29T05:16:00Z,95.6558,0.000000,0.000000,0.000000,above_band_high
2026-07-29T05:17:00Z,95.6512,0.000000,0.000000,0.000000,above_band_high
2026-07-29T05:18:00Z,95.6649,0.000000,0.000000,0.000000,above_band_high
2026-07-29T05:19:00Z,95.6786,0.000000,0.000000,0.000000,above_band_high
2026-07-29T05:20:00Z,95.6786,0.000000,0.000000,0.000000,above_band_high
2026-07-29T05:21:00Z,95.6649,0.000000,0.000000,0.000000,above_band_high
2026-07-29T05:22:00Z,95.6512,0.000000,0.000000,0.000000,above_band_high
2026-07-29T05:23:00Z,95.6634,0.000000,0.000000,0.000000,above_band_high
2026-07-29T05:24:00Z,95.6634,0.000000,0.000000,0.000000,above_band_high
2026-07-29T05:25:00Z,95.6741,0.000000,0.000000,0.000000,above_band_high
2026-07-29T05:26:00Z,95.6970,0.000000,0.000000,0.000000,above_band_high
2026-07-29T05:27:00Z,95.6649,0.000000,0.000000,0.000000,above_band_high
2026-07-29T05:28:00Z,95.6588,0.000000,0.000000,0.000000,above_band_high
2026-07-29T05:29:00Z,95.6512,0.000000,0.000000,0.000000,above_band_high
2026-07-29T05:30:00Z,95.6863,0.000000,0.000000,0.000000,above_band_high
2026-07-29T05:31:00Z,95.7244,0.000000,0.000000,0.000000,above_band_high
2026-07-29T05:32:00Z,95.6863,0.000000,0.000000,0.000000,above_band_high
2026-07-29T05:33:00Z,95.7046,0.000000,0.000000,0.000000,above_band_high
2026-07-29T05:34:00Z,95.6634,0.000000,0.000000,0.000000,above_band_high
2026-07-29T05:35:00Z,95.6786,0.000000,0.000000,0.000000,above_band_high
2026-07-29T05:36:00Z,95.6634,0.000000,0.000000,0.000000,above_band_high
2026-07-29T05:37:00Z,95.6878,0.000000,0.000000,0.000000,above_band_high
2026-07-29T05:38:00Z,95.7000,0.000000,0.000000,0.000000,above_band_high
2026-07-29T05:39:00Z,95.6588,0.000000,0.000000,0.000000,above_band_high
2026-07-29T05:40:00Z,95.6970,0.000000,0.000000,0.000000,above_band_high
2026-07-29T05:41:00Z,95.7015,0.000000,0.000000,0.000000,above_band_high
2026-07-29T05:42:00Z,95.6786,0.000000,0.000000,0.000000,above_band_high
2026-07-29T05:43:00Z,95.7229,0.000000,0.000000,0.000000,above_band_high
2026-07-29T05:44:00Z,95.7275,0.000000,0.000000,0.000000,above_band_high
2026-07-29T05:45:00Z,95.7015,0.000000,0.000000,0.000000,above_band_high
2026-07-29T05:46:00Z,95.7229,0.000000,0.000000,0.000000,above_band_high
2026-07-29T05:47:00Z,95.7015,0.000000,0.000000,0.000000,above_band_high
2026-07-29T05:48:00Z,95.6817,0.000000,0.000000,0.000000,above_band_high
2026-07-29T05:49:00Z,95.7046,0.000000,0.000000,0.000000,above_band_high
2026-07-29T05:50:00Z,95.7275,0.000000,0.000000,0.000000,above_band_high
2026-07-29T05:51:00Z,95.6924,0.000000,0.000000,0.000000,above_band_high
2026-07-29T05:52:00Z,95.7015,0.000000,0.000000,0.000000,above_band_high
2026-07-29T05:53:00Z,95.7015,0.000000,0.000000,0.000000,above_band_high
2026-07-29T05:54:00Z,95.7458,0.000000,0.000000,0.000000,above_band_high
2026-07-29T05:55:00Z,95.7092,0.000000,0.000000,0.000000,above_band_high
2026-07-29T05:56:00Z,95.7336,0.000000,0.000000,0.000000,above_band_high
2026-07-29T05:57:00Z,95.7427,0.000000,0.000000,0.000000,above_band_high
2026-07-29T05:58:00Z,95.7610,0.000000,0.000000,0.000000,above_band_high
2026-07-29T05:59:00Z,95.7549,0.000000,0.000000,0.000000,above_band_high
2026-07-29T06:00:00Z,95.7473,0.000000,0.000000,0.000000,above_band_high
2026-07-29T06:01:00Z,95.7473,0.000000,0.000000,0.000000,above_band_high
2026-07-29T06:02:00Z,95.7504,0.000000,0.000000,0.000000,above_band_high
2026-07-29T06:03:00Z,95.7565,0.000000,0.000000,0.000000,above_band_high
2026-07-29T06:04:00Z,95.7839,0.000000,0.000000,0.000000,above_band_high
2026-07-29T06:05:00Z,95.7565,0.000000,0.000000,0.000000,above_band_high
2026-07-29T06:06:00Z,95.7733,0.000000,0.000000,0.000000,above_band_high
2026-07-29T06:07:00Z,95.7794,0.000000,0.000000,0.000000,above_band_high
2026-07-29T06:08:00Z,95.7610,0.000000,0.000000,0.000000,above_band_high
2026-07-29T06:09:00Z,95.7549,0.000000,0.000000,0.000000,above_band_high
2026-07-29T06:10:00Z,95.7565,0.000000,0.000000,0.000000,above_band_high
2026-07-29T06:11:00Z,95.7549,0.000000,0.000000,0.000000,above_band_high
2026-07-29T06:12:00Z,95.7656,0.000000,0.000000,0.000000,above_band_high
2026-07-29T06:13:00Z,95.7610,0.000000,0.000000,0.000000,above_band_high
2026-07-29T06:14:00Z,95.7458,0.000000,0.000000,0.000000,above_band_high
2026-07-29T06:15:00Z,95.7610,0.000000,0.000000,0.000000,above_band_high
2026-07-29T06:16:00Z,95.7504,0.000000,0.000000,0.000000,above_band_high
2026-07-29T06:17:00Z,95.7229,0.000000,0.000000,0.000000,above_band_high
2026-07-29T06:18:00Z,95.7153,0.000000,0.000000,0.000000,above_band_high
2026-07-29T06:19:00Z,95.7275,0.000000,0.000000,0.000000,above_band_high
2026-07-29T06:20:00Z,95.7412,0.000000,0.000000,0.000000,above_band_high
2026-07-29T06:21:00Z,95.7321,0.000000,0.000000,0.000000,above_band_high
2026-07-29T06:22:00Z,95.7382,0.000000,0.000000,0.000000,above_band_high
2026-07-29T06:23:00Z,95.7565,0.000000,0.000000,0.000000,above_band_high
2026-07-29T06:24:00Z,95.7458,0.000000,0.000000,0.000000,above_band_high
2026-07-29T06:25:00Z,95.7610,0.000000,0.000000,0.000000,above_band_high
2026-07-29T06:26:00Z,95.7458,0.000000,0.000000,0.000000,above_band_high
2026-07-29T06:27:00Z,95.7458,0.000000,0.000000,0.000000,above_band_high
2026-07-29T06:28:00Z,95.7046,0.000000,0.000000,0.000000,above_band_high
2026-07-29T06:29:00Z,95.7427,0.000000,0.000000,0.000000,above_band_high
2026-07-29T06:30:00Z,95.7137,0.000000,0.000000,0.000000,above_band_high
2026-07-29T06:31:00Z,95.7198,0.000000,0.000000,0.000000,above_band_high
2026-07-29T06:32:00Z,95.7382,0.000000,0.000000,0.000000,above_band_high
2026-07-29T06:33:00Z,95.7549,0.000000,0.000000,0.000000,above_band_high
2026-07-29T06:34:00Z,95.7153,0.000000,0.000000,0.000000,above_band_high
2026-07-29T06:35:00Z,95.7336,0.000000,0.000000,0.000000,above_band_high
2026-07-29T06:36:00Z,95.7427,0.000000,0.000000,0.000000,above_band_high
2026-07-29T06:37:00Z,95.7412,0.000000,0.000000,0.000000,above_band_high
2026-07-29T06:38:00Z,95.7565,0.000000,0.000000,0.000000,above_band_high
2026-07-29T06:39:00Z,95.7198,0.000000,0.000000,0.000000,above_band_high
2026-07-29T06:40:00Z,95.7656,0.000000,0.000000,0.000000,above_band_high
2026-07-29T06:41:00Z,95.7290,0.000000,0.000000,0.000000,above_band_high
2026-07-29T06:42:00Z,95.7412,0.000000,0.000000,0.000000,above_band_high
2026-07-29T06:43:00Z,95.7610,0.000000,0.000000,0.000000,above_band_high
2026-07-29T06:44:00Z,95.7549,0.000000,0.000000,0.000000,above_band_high
2026-07-29T06:45:00Z,95.7794,0.000000,0.000000,0.000000,above_band_high
2026-07-29T06:48:30Z,95.8068,0.000000,0.000000,0.000000,above_band_high
2026-07-29T06:49:00Z,95.7549,0.000000,0.000000,0.000000,above_band_high
2026-07-29T06:50:00Z,95.7916,0.000000,0.000000,0.000000,above_band_high
2026-07-29T06:51:00Z,95.7961,0.000000,0.000000,0.000000,above_band_high
2026-07-29T06:52:00Z,95.7656,0.000000,0.000000,0.000000,above_band_high
2026-07-29T06:53:00Z,95.7778,0.000000,0.000000,0.000000,above_band_high
2026-07-29T06:54:00Z,95.7961,0.000000,0.000000,0.000000,above_band_high
2026-07-29T06:55:00Z,95.8206,0.000000,0.000000,0.000000,above_band_high
2026-07-29T06:56:00Z,95.8465,0.000000,0.000000,0.000000,above_band_high
2026-07-29T06:57:00Z,95.8007,0.000000,0.000000,0.000000,above_band_high
2026-07-29T06:58:00Z,95.8251,0.000000,0.000000,0.000000,above_band_high
2026-07-29T06:59:00Z,95.8465,0.000000,0.000000,0.000000,above_band_high
2026-07-29T07:00:00Z,95.8251,0.000000,0.000000,0.000000,above_band_high
2026-07-29T07:01:00Z,95.8419,0.000000,0.000000,0.000000,above_band_high
2026-07-29T07:02:00Z,95.8297,0.000000,0.000000,0.000000,above_band_high
2026-07-29T07:03:00Z,95.8602,0.000000,0.000000,0.000000,above_band_high
2026-07-29T07:04:00Z,95.8328,0.000000,0.000000,0.000000,above_band_high
2026-07-29T07:05:00Z,95.8114,0.000000,0.000000,0.000000,above_band_high
2026-07-29T07:06:00Z,95.8648,0.000000,0.000000,0.000000,above_band_high
2026-07-29T07:07:00Z,95.8511,0.000000,0.000000,0.000000,above_band_high
2026-07-29T07:08:00Z,95.8572,0.000000,0.000000,0.000000,above_band_high
2026-07-29T07:09:00Z,95.8511,0.000000,0.000000,0.000000,above_band_high
2026-07-29T07:10:00Z,95.8694,0.000000,0.000000,0.000000,above_band_high
2026-07-29T07:11:00Z,95.8511,0.000000,0.000000,0.000000,above_band_high
2026-07-29T07:12:00Z,95.8343,0.000000,0.000000,0.000000,above_band_high
2026-07-29T07:13:00Z,95.8968,0.000000,0.000000,0.000000,above_band_high
2026-07-29T07:14:00Z,95.8419,0.000000,0.000000,0.000000,above_band_high
2026-07-29T07:15:00Z,95.8480,0.000000,0.000000,0.000000,above_band_high
2026-07-29T07:16:00Z,95.8755,0.000000,0.000000,0.000000,above_band_high
2026-07-29T07:17:00Z,95.8801,0.000000,0.000000,0.000000,above_band_high
2026-07-29T07:18:00Z,95.8511,0.000000,0.000000,0.000000,above_band_high
2026-07-29T07:19:00Z,95.8465,0.000000,0.000000,0.000000,above_band_high
2026-07-29T07:20:00Z,95.8892,0.000000,0.000000,0.000000,above_band_high
2026-07-29T07:21:00Z,95.8526,0.000000,0.000000,0.000000,above_band_high
2026-07-29T07:22:00Z,95.8877,0.000000,0.000000,0.000000,above_band_high
2026-07-29T07:23:00Z,95.8801,0.000000,0.000000,0.000000,above_band_high
2026-07-29T07:24:00Z,95.8877,0.000000,0.000000,0.000000,above_band_high
2026-07-29T07:25:00Z,95.8618,0.000000,0.000000,0.000000,above_band_high
2026-07-29T07:26:00Z,95.8938,0.000000,0.000000,0.000000,above_band_high
2026-07-29T07:27:00Z,95.8694,0.000000,0.000000,0.000000,above_band_high
2026-07-29T07:28:00Z,95.8968,0.000000,0.000000,0.000000,above_band_high
2026-07-29T07:29:00Z,95.8968,0.000000,0.000000,0.000000,above_band_high
2026-07-29T07:30:00Z,95.8709,0.000000,0.000000,0.000000,above_band_high
2026-07-29T07:31:00Z,95.8968,0.000000,0.000000,0.000000,above_band_high
2026-07-29T07:32:00Z,95.9243,0.000000,0.000000,0.000000,above_band_high
2026-07-29T07:33:00Z,95.9167,0.000000,0.000000,0.000000,above_band_high
2026-07-29T07:34:00Z,95.9167,0.000000,0.000000,0.000000,above_band_high
2026-07-29T07:35:00Z,95.9075,0.000000,0.000000,0.000000,above_band_high
2026-07-29T07:36:00Z,95.9213,0.000000,0.000000,0.000000,above_band_high
2026-07-29T07:37:00Z,95.9213,0.000000,0.000000,0.000000,above_band_high
2026-07-29T07:38:00Z,95.9396,0.000000,0.000000,0.000000,above_band_high
2026-07-29T07:39:00Z,95.9335,0.000000,0.000000,0.000000,above_band_high
2026-07-29T07:40:00Z,95.9884,0.000000,0.000000,0.000000,above_band_high
2026-07-29T07:41:00Z,95.9213,0.000000,0.000000,0.000000,above_band_high
2026-07-29T07:42:00Z,95.9396,0.000000,0.000000,0.000000,above_band_high
2026-07-29T07:43:00Z,95.9762,0.000000,0.000000,0.000000,above_band_high
2026-07-29T07:44:00Z,95.9472,0.000000,0.000000,0.000000,above_band_high
2026-07-29T07:45:00Z,95.9579,0.000000,0.000000,0.000000,above_band_high
2026-07-29T07:46:00Z,95.9579,0.000000,0.000000,0.000000,above_band_high
2026-07-29T07:47:00Z,95.9655,0.000000,0.000000,0.000000,above_band_high
2026-07-29T07:48:00Z,95.9838,0.000000,0.000000,0.000000,above_band_high
2026-07-29T07:49:00Z,95.9747,0.000000,0.000000,0.000000,above_band_high
2026-07-29T07:50:00Z,95.9701,0.000000,0.000000,0.000000,above_band_high
2026-07-29T07:51:00Z,95.9670,0.000000,0.000000,0.000000,above_band_high
2026-07-29T07:52:00Z,95.9380,0.000000,0.000000,0.000000,above_band_high
2026-07-29T07:53:00Z,95.9838,0.000000,0.000000,0.000000,above_band_high
2026-07-29T07:54:00Z,96.0067,0.000000,0.000000,0.000000,above_band_high
2026-07-29T07:55:00Z,95.9930,0.000000,0.000000,0.000000,above_band_high
2026-07-29T07:56:00Z,95.9747,0.000000,0.000000,0.000000,above_band_high
2026-07-29T07:57:00Z,95.9884,0.000000,0.000000,0.000000,above_band_high
2026-07-29T07:58:00Z,95.9854,0.000000,0.000000,0.000000,above_band_high
2026-07-29T07:59:00Z,95.9884,0.000000,0.000000,0.000000,above_band_high
2026-07-29T08:00:00Z,95.9930,0.000000,0.000000,0.000000,above_band_high
2026-07-29T08:01:00Z,96.0067,0.000000,0.000000,0.000000,above_band_high
2026-07-29T08:02:00Z,95.9854,0.000000,0.000000,0.000000,above_band_high
2026-07-29T08:03:00Z,95.9930,0.000000,0.000000,0.000000,above_band_high
2026-07-29T08:04:00Z,95.9976,0.000000,0.000000,0.000000,above_band_high
2026-07-29T08:05:00Z,95.9991,0.000000,0.000000,0.000000,above_band_high
2026-07-29T08:06:00Z,95.9945,0.000000,0.000000,0.000000,above_band_high
2026-07-29T08:07:00Z,95.9991,0.000000,0.000000,0.000000,above_band_high
2026-07-29T08:08:00Z,95.9991,0.000000,0.000000,0.000000,above_band_high
2026-07-29T08:09:00Z,95.9838,0.000000,0.000000,0.000000,above_band_high
2026-07-29T08:10:00Z,95.9747,0.000000,0.000000,0.000000,above_band_high
2026-07-29T08:11:00Z,96.0204,0.000000,0.000000,0.000000,above_band_high
2026-07-29T08:12:00Z,96.0113,0.000000,0.000000,0.000000,above_band_high
2026-07-29T08:13:00Z,95.9884,0.000000,0.000000,0.000000,above_band_high
2026-07-29T08:14:00Z,95.9991,0.000000,0.000000,0.000000,above_band_high
2026-07-29T08:15:00Z,95.9670,0.000000,0.000000,0.000000,above_band_high
2026-07-29T08:16:00Z,96.0037,0.000000,0.000000,0.000000,above_band_high
2026-07-29T08:17:00Z,95.9945,0.000000,0.000000,0.000000,above_band_high
2026-07-29T08:18:00Z,95.9991,0.000000,0.000000,0.000000,above_band_high
2026-07-29T08:19:00Z,96.0204,0.000000,0.000000,0.000000,above_band_high
2026-07-29T08:20:00Z,95.9670,0.000000,0.000000,0.000000,above_band_high
2026-07-29T08:21:00Z,95.9945,0.000000,0.000000,0.000000,above_band_high
2026-07-29T08:22:00Z,95.9884,0.000000,0.000000,0.000000,above_band_high
2026-07-29T08:23:00Z,95.9762,0.000000,0.000000,0.000000,above_band_high
2026-07-29T08:24:00Z,96.0159,0.000000,0.000000,0.000000,above_band_high
2026-07-29T08:25:00Z,96.0067,0.000000,0.000000,0.000000,above_band_high
2026-07-29T08:26:00Z,95.9747,0.000000,0.000000,0.000000,above_band_high
2026-07-29T08:27:00Z,96.0067,0.000000,0.000000,0.000000,above_band_high
2026-07-29T08:28:00Z,95.9701,0.000000,0.000000,0.000000,above_band_high
2026-07-29T08:29:00Z,95.9808,0.000000,0.000000,0.000000,above_band_high
2026-07-29T08:30:00Z,95.9655,0.000000,0.000000,0.000000,above_band_high
2026-07-29T08:31:00Z,96.0021,0.000000,0.000000,0.000000,above_band_high
2026-07-29T08:32:00Z,96.0357,0.000000,0.000000,0.000000,above_band_high
2026-07-29T08:33:00Z,96.0220,0.000000,0.000000,0.000000,above_band_high
2026-07-29T08:34:00Z,96.0266,0.000000,0.000000,0.000000,above_band_high
2026-07-29T08:35:00Z,96.0204,0.000000,0.000000,0.000000,above_band_high
2026-07-29T08:36:00Z,96.0342,0.000000,0.000000,0.000000,above_band_high
2026-07-29T08:37:00Z,96.0128,0.000000,0.000000,0.000000,above_band_high
2026-07-29T08:38:00Z,96.0571,0.000000,0.000000,0.000000,above_band_high
2026-07-29T08:39:00Z,96.0479,0.000000,0.000000,0.000000,above_band_high
2026-07-29T08:40:00Z,96.0311,0.000000,0.000000,0.000000,above_band_high
2026-07-29T08:41:00Z,96.0388,0.000000,0.000000,0.000000,above_band_high
2026-07-29T08:42:00Z,96.0174,0.000000,0.000000,0.000000,above_band_high
2026-07-29T08:43:00Z,96.0311,0.000000,0.000000,0.000000,above_band_high
2026-07-29T08:44:00Z,96.0708,0.000000,0.000000,0.000000,above_band_high
2026-07-29T08:45:00Z,96.0494,0.000000,0.000000,0.000000,above_band_high
2026-07-29T08:46:00Z,96.0632,0.000000,0.000000,0.000000,above_band_high
2026-07-29T08:47:00Z,96.0632,0.000000,0.000000,0.000000,above_band_high
2026-07-29T08:48:00Z,96.0845,0.000000,0.000000,0.000000,above_band_high
2026-07-29T08:49:00Z,96.0906,0.000000,0.000000,0.000000,above_band_high
2026-07-29T08:50:00Z,96.0815,0.000000,0.000000,0.000000,above_band_high
2026-07-29T08:51:00Z,96.0403,0.000000,0.000000,0.000000,above_band_high
2026-07-29T08:52:00Z,96.1028,0.000000,0.000000,0.000000,above_band_high
2026-07-29T08:53:00Z,96.0891,0.000000,0.000000,0.000000,above_band_high
2026-07-29T08:54:00Z,96.1089,0.000000,0.000000,0.000000,above_band_high
2026-07-29T08:55:00Z,96.0983,0.000000,0.000000,0.000000,above_band_high
2026-07-29T08:56:00Z,96.0861,0.000000,0.000000,0.000000,above_band_high
2026-07-29T08:57:00Z,96.1089,0.000000,0.000000,0.000000,above_band_high
2026-07-29T08:58:00Z,96.0983,0.000000,0.000000,0.000000,above_band_high
2026-07-29T08:59:00Z,96.1181,0.000000,0.000000,0.000000,above_band_high
2026-07-29T09:00:00Z,96.0952,0.000000,0.000000,0.000000,above_band_high
2026-07-29T09:01:00Z,96.1120,0.000000,0.000000,0.000000,above_band_high
2026-07-29T09:02:00Z,96.0754,0.000000,0.000000,0.000000,above_band_high
2026-07-29T09:03:00Z,96.0952,0.000000,0.000000,0.000000,above_band_high
2026-07-29T09:04:00Z,96.1227,0.000000,0.000000,0.000000,above_band_high
2026-07-29T09:05:00Z,96.0632,0.000000,0.000000,0.000000,above_band_high
2026-07-29T09:06:00Z,96.0815,0.000000,0.000000,0.000000,above_band_high
2026-07-29T09:07:00Z,96.0861,0.000000,0.000000,0.000000,above_band_high
2026-07-29T09:08:00Z,96.0616,0.000000,0.000000,0.000000,above_band_high
2026-07-29T09:09:00Z,96.0861,0.000000,0.000000,0.000000,above_band_high
2026-07-29T09:10:00Z,96.0983,0.000000,0.000000,0.000000,above_band_high
2026-07-29T09:11:00Z,96.0815,0.000000,0.000000,0.000000,above_band_high
2026-07-29T09:12:00Z,96.0754,0.000000,0.000000,0.000000,above_band_high
2026-07-29T09:13:00Z,96.0815,0.000000,0.000000,0.000000,above_band_high
2026-07-29T09:14:00Z,96.0525,0.000000,0.000000,0.000000,above_band_high
2026-07-29T09:15:00Z,96.0525,0.000000,0.000000,0.000000,above_band_high
2026-07-29T09:16:00Z,96.0754,0.000000,0.000000,0.000000,above_band_high
2026-07-29T09:17:00Z,96.0937,0.000000,0.000000,0.000000,above_band_high
2026-07-29T09:18:00Z,96.0678,0.000000,0.000000,0.000000,above_band_high
2026-07-29T09:19:00Z,96.0861,0.000000,0.000000,0.000000,above_band_high
2026-07-29T09:20:00Z,96.0678,0.000000,0.000000,0.000000,above_band_high
2026-07-29T09:21:00Z,96.0403,0.000000,0.000000,0.000000,above_band_high
2026-07-29T09:22:00Z,96.0723,0.000000,0.000000,0.000000,above_band_high
2026-07-29T09:23:00Z,96.0800,0.000000,0.000000,0.000000,above_band_high
2026-07-29T09:24:00Z,96.0525,0.000000,0.000000,0.000000,above_band_high
2026-07-29T09:25:00Z,96.0342,0.000000,0.000000,0.000000,above_band_high
2026-07-29T09:26:00Z,96.0937,0.000000,0.000000,0.000000,above_band_high
2026-07-29T09:27:00Z,96.0403,0.000000,0.000000,0.000000,above_band_high
2026-07-29T09:28:00Z,96.0815,0.000000,0.000000,0.000000,above_band_high
2026-07-29T09:29:00Z,96.0861,0.000000,0.000000,0.000000,above_band_high
2026-07-29T09:30:00Z,96.0342,0.000000,0.000000,0.000000,above_band_high
2026-07-29T09:31:00Z,96.0678,0.000000,0.000000,0.000000,above_band_high
2026-07-29T09:32:00Z,96.0525,0.000000,0.000000,0.000000,above_band_high
2026-07-29T09:33:00Z,96.0296,0.000000,0.000000,0.000000,above_band_high
2026-07-29T09:34:00Z,96.0525,0.000000,0.000000,0.000000,above_band_high
2026-07-29T09:35:00Z,96.0494,0.000000,0.000000,0.000000,above_band_high
2026-07-29T09:36:00Z,96.0861,0.000000,0.000000,0.000000,above_band_high
2026-07-29T09:37:00Z,96.0678,0.000000,0.000000,0.000000,above_band_high
2026-07-29T09:38:00Z,96.0494,0.000000,0.000000,0.000000,above_band_high
2026-07-29T09:39:00Z,96.0403,0.000000,0.000000,0.000000,above_band_high
2026-07-29T09:40:00Z,96.0525,0.000000,0.000000,0.000000,above_band_high
2026-07-29T09:41:00Z,96.0449,0.000000,0.000000,0.000000,above_band_high
2026-07-29T09:42:00Z,96.0678,0.000000,0.000000,0.000000,above_band_high
2026-07-29T09:43:00Z,96.0494,0.000000,0.000000,0.000000,above_band_high
2026-07-29T09:44:00Z,96.0449,0.000000,0.000000,0.000000,above_band_high
2026-07-29T09:45:00Z,96.0220,0.000000,0.000000,0.000000,above_band_high
2026-07-29T09:46:00Z,96.0525,0.000000,0.000000,0.000000,above_band_high
2026-07-29T09:47:00Z,96.0632,0.000000,0.000000,0.000000,above_band_high
2026-07-29T09:48:00Z,96.0433,0.000000,0.000000,0.000000,above_band_high
2026-07-29T09:49:00Z,96.0754,0.000000,0.000000,0.000000,above_band_high
2026-07-29T09:50:00Z,96.0525,0.000000,0.000000,0.000000,above_band_high
2026-07-29T09:51:00Z,96.0388,0.000000,0.000000,0.000000,above_band_high
2026-07-29T09:52:00Z,96.0433,0.000000,0.000000,0.000000,above_band_high
2026-07-29T09:53:00Z,96.0525,0.000000,0.000000,0.000000,above_band_high
2026-07-29T09:54:00Z,96.0754,0.000000,0.000000,0.000000,above_band_high
2026-07-29T09:55:00Z,96.0678,0.000000,0.000000,0.000000,above_band_high
2026-07-29T09:56:00Z,96.0525,0.000000,0.000000,0.000000,above_band_high
2026-07-29T09:57:00Z,96.0449,0.000000,0.000000,0.000000,above_band_high
2026-07-29T09:58:00Z,96.0571,0.000000,0.000000,0.000000,above_band_high
2026-07-29T09:59:00Z,96.0845,0.000000,0.000000,0.000000,above_band_high
2026-07-29T10:00:00Z,96.0632,0.000000,0.000000,0.000000,above_band_high
2026-07-29T10:01:00Z,96.0708,0.000000,0.000000,0.000000,above_band_high
2026-07-29T10:02:00Z,96.0525,0.000000,0.000000,0.000000,above_band_high
2026-07-29T10:03:00Z,96.0754,0.000000,0.000000,0.000000,above_band_high
2026-07-29T10:04:00Z,96.0403,0.000000,0.000000,0.000000,above_band_high
2026-07-29T10:05:00Z,96.0632,0.000000,0.000000,0.000000,above_band_high
2026-07-29T10:06:00Z,96.0708,0.000000,0.000000,0.000000,above_band_high
2026-07-29T10:07:00Z,96.0845,0.000000,0.000000,0.000000,above_band_high
2026-07-29T10:08:00Z,96.0388,0.000000,0.000000,0.000000,above_band_high
2026-07-29T10:09:00Z,96.0449,0.000000,0.000000,0.000000,above_band_high
2026-07-29T10:10:00Z,96.0525,0.000000,0.000000,0.000000,above_band_high
2026-07-29T10:11:00Z,96.0449,0.000000,0.000000,0.000000,above_band_high
2026-07-29T10:12:00Z,96.0449,0.000000,0.000000,0.000000,above_band_high
2026-07-29T10:13:00Z,96.0571,0.000000,0.000000,0.000000,above_band_high
2026-07-29T10:14:00Z,96.0525,0.000000,0.000000,0.000000,above_band_high
2026-07-29T10:15:00Z,96.0311,0.000000,0.000000,0.000000,above_band_high
2026-07-29T10:16:00Z,96.0266,0.000000,0.000000,0.000000,above_band_high
2026-07-29T10:17:00Z,96.0540,0.000000,0.000000,0.000000,above_band_high
2026-07-29T10:18:00Z,96.0266,0.000000,0.000000,0.000000,above_band_high
2026-07-29T10:19:00Z,96.0266,0.000000,0.000000,0.000000,above_band_high
2026-07-29T10:20:00Z,96.0113,0.000000,0.000000,0.000000,above_band_high
2026-07-29T10:21:00Z,96.0388,0.000000,0.000000,0.000000,above_band_high
2026-07-29T10:22:00Z,96.0678,0.000000,0.000000,0.000000,above_band_high
2026-07-29T10:23:00Z,96.0571,0.000000,0.000000,0.000000,above_band_high
2026-07-29T10:24:00Z,96.0678,0.000000,0.000000,0.000000,above_band_high
2026-07-29T10:25:00Z,96.0113,0.000000,0.000000,0.000000,above_band_high
2026-07-29T10:26:00Z,96.0342,0.000000,0.000000,0.000000,above_band_high
2026-07-29T10:27:00Z,96.0632,0.000000,0.000000,0.000000,above_band_high
2026-07-29T10:28:00Z,96.0388,0.000000,0.000000,0.000000,above_band_high
2026-07-29T10:29:00Z,96.0571,0.000000,0.000000,0.000000,above_band_high
2026-07-29T10:30:00Z,96.0586,0.000000,0.000000,0.000000,above_band_high
2026-07-29T10:31:00Z,96.0220,0.000000,0.000000,0.000000,above_band_high
2026-07-29T10:32:00Z,96.0342,0.000000,0.000000,0.000000,above_band_high
2026-07-29T10:33:00Z,96.0449,0.000000,0.000000,0.000000,above_band_high
2026-07-29T10:34:00Z,96.0449,0.000000,0.000000,0.000000,above_band_high
2026-07-29T10:35:00Z,96.0494,0.000000,0.000000,0.000000,above_band_high
2026-07-29T10:36:00Z,96.0708,0.000000,0.000000,0.000000,above_band_high
2026-07-29T10:37:00Z,96.0433,0.000000,0.000000,0.000000,above_band_high
2026-07-29T10:38:00Z,96.0708,0.000000,0.000000,0.000000,above_band_high
2026-07-29T10:39:00Z,96.0678,0.000000,0.000000,0.000000,above_band_high
2026-07-29T10:40:00Z,96.1120,0.000000,0.000000,0.000000,above_band_high
2026-07-29T10:41:00Z,96.0586,0.000000,0.000000,0.000000,above_band_high
2026-07-29T10:42:00Z,96.1074,0.000000,0.000000,0.000000,above_band_high
2026-07-29T10:43:00Z,96.0754,0.000000,0.000000,0.000000,above_band_high
2026-07-29T10:44:00Z,96.1089,0.000000,0.000000,0.000000,above_band_high
2026-07-29T10:45:00Z,96.0708,0.000000,0.000000,0.000000,above_band_high
2026-07-29T10:46:00Z,96.0449,0.000000,0.000000,0.000000,above_band_high
2026-07-29T10:47:00Z,96.0678,0.000000,0.000000,0.000000,above_band_high
2026-07-29T10:48:00Z,96.0708,0.000000,0.000000,0.000000,above_band_high
2026-07-29T10:49:00Z,96.0708,0.000000,0.000000,0.000000,above_band_high
2026-07-29T10:50:00Z,96.0861,0.000000,0.000000,0.000000,above_band_high
2026-07-29T10:51:00Z,96.0906,0.000000,0.000000,0.000000,above_band_high
2026-07-29T10:52:00Z,96.0906,0.000000,0.000000,0.000000,above_band_high
2026-07-29T10:53:00Z,96.0983,0.000000,0.000000,0.000000,above_band_high
2026-07-29T10:54:00Z,96.1135,0.000000,0.000000,0.000000,above_band_high
2026-07-29T10:55:00Z,96.0983,0.000000,0.000000,0.000000,above_band_high
2026-07-29T10:56:00Z,96.1089,0.000000,0.000000,0.000000,above_band_high
2026-07-29T10:57:00Z,96.1212,0.000000,0.000000,0.000000,above_band_high
2026-07-29T10:58:00Z,96.0998,0.000000,0.000000,0.000000,above_band_high
2026-07-29T10:59:00Z,96.1166,0.000000,0.000000,0.000000,above_band_high
2026-07-29T11:00:00Z,96.1318,0.000000,0.000000,0.000000,above_band_high
2026-07-29T11:01:00Z,96.1318,0.000000,0.000000,0.000000,above_band_high
2026-07-29T11:02:00Z,96.0998,0.000000,0.000000,0.000000,above_band_high
2026-07-29T11:03:00Z,96.1257,0.000000,0.000000,0.000000,above_band_high
2026-07-29T11:04:00Z,96.0937,0.000000,0.000000,0.000000,above_band_high
2026-07-29T11:05:00Z,96.1089,0.000000,0.000000,0.000000,above_band_high
2026-07-29T11:06:00Z,96.0937,0.000000,0.000000,0.000000,above_band_high
2026-07-29T11:07:00Z,96.1135,0.000000,0.000000,0.000000,above_band_high
2026-07-29T11:08:00Z,96.1257,0.000000,0.000000,0.000000,above_band_high
2026-07-29T11:09:00Z,96.1074,0.000000,0.000000,0.000000,above_band_high
2026-07-29T11:10:00Z,96.1089,0.000000,0.000000,0.000000,above_band_high
2026-07-29T11:11:00Z,96.1364,0.000000,0.000000,0.000000,above_band_high
2026-07-29T11:12:00Z,96.1089,0.000000,0.000000,0.000000,above_band_high
2026-07-29T11:13:00Z,96.1074,0.000000,0.000000,0.000000,above_band_high
2026-07-29T11:14:00Z,96.1318,0.000000,0.000000,0.000000,above_band_high
2026-07-29T11:15:00Z,96.0983,0.000000,0.000000,0.000000,above_band_high
2026-07-29T11:16:00Z,96.1166,0.000000,0.000000,0.000000,above_band_high
2026-07-29T11:17:00Z,96.0754,0.000000,0.000000,0.000000,above_band_high
2026-07-29T11:18:00Z,96.1135,0.000000,0.000000,0.000000,above_band_high
2026-07-29T11:19:00Z,96.1028,0.000000,0.000000,0.000000,above_band_high
2026-07-29T11:20:00Z,96.1364,0.000000,0.000000,0.000000,above_band_high
2026-07-29T11:21:00Z,96.1227,0.000000,0.000000,0.000000,above_band_high
2026-07-29T11:22:00Z,96.1410,0.000000,0.000000,0.000000,above_band_high
2026-07-29T11:23:00Z,96.1227,0.000000,0.000000,0.000000,above_band_high
2026-07-29T11:24:00Z,96.1028,0.000000,0.000000,0.000000,above_band_high
2026-07-29T11:25:00Z,96.1166,0.000000,0.000000,0.000000,above_band_high
2026-07-29T11:26:00Z,96.1135,0.000000,0.000000,0.000000,above_band_high
2026-07-29T11:27:00Z,96.1318,0.000000,0.000000,0.000000,above_band_high
2026-07-29T11:28:00Z,96.1410,0.000000,0.000000,0.000000,above_band_high
2026-07-29T11:29:00Z,96.1410,0.000000,0.000000,0.000000,above_band_high
2026-07-29T11:30:00Z,96.1501,0.000000,0.000000,0.000000,above_band_high
2026-07-29T11:31:00Z,96.1181,0.000000,0.000000,0.000000,above_band_high
2026-07-29T11:32:00Z,96.1364,0.000000,0.000000,0.000000,above_band_high
2026-07-29T11:33:00Z,96.1410,0.000000,0.000000,0.000000,above_band_high
2026-07-29T11:34:00Z,96.1578,0.000000,0.000000,0.000000,above_band_high
2026-07-29T11:35:00Z,96.1120,0.000000,0.000000,0.000000,above_band_high
2026-07-29T11:36:00Z,96.1303,0.000000,0.000000,0.000000,above_band_high
2026-07-29T17:37:48Z,91.9753,0.514446,0.498436,-0.016010,above_band_high
2026-07-29T17:37:58Z,91.8837,0.521079,0.533681,0.012602,above_band_high
2026-07-29T17:38:00Z,91.8975,0.520312,0.527047,0.006735,above_band_high
2026-07-29T17:38:03Z,91.9417,0.523063,0.507013,-0.016050,above_band_high
2026-07-29T17:39:01Z,91.9478,0.466642,0.481056,0.014414,above_band_high
2026-07-29T17:39:30Z,92.0256,0.448243,0.435238,-0.013005,above_band_high
2026-07-29T17:40:31Z,91.9799,0.438660,0.426214,-0.012446,above_band_high
2026-07-29T17:40:54Z,91.9280,0.422532,0.437457,0.014925,above_band_high
2026-07-29T17:41:32Z,91.8975,0.415661,0.432603,0.016942,above_band_high
2026-07-29T17:41:39Z,91.9371,0.426705,0.412415,-0.014290,above_band_high
2026-07-29T17:42:34Z,91.8456,0.439836,0.427729,-0.012107,above_band_high
2026-07-29T17:42:44Z,91.8013,0.424204,0.442727,0.018523,above_band_high
2026-07-29T17:43:24Z,91.8685,0.426307,0.399407,-0.026900,above_band_high
2026-07-29T17:43:48Z,91.7922,0.412757,0.423634,0.010877,above_band_high
2026-07-29T17:44:20Z,91.8563,0.395479,0.385493,-0.009986,above_band_high
2026-07-29T17:44:41Z,91.8273,0.373515,0.390826,0.017311,above_band_high
2026-07-29T17:45:08Z,91.9432,0.353837,0.332054,-0.021783,above_band_high
2026-07-29T17:45:38Z,91.9249,0.313577,0.328806,0.015229,above_band_high
2026-07-29T17:46:12Z,91.9799,0.284338,0.291662,0.007324,above_band_high
2026-07-29T17:46:28Z,92.0485,0.270287,0.255443,-0.014844,above_band_high
2026-07-29T17:47:07Z,92.0989,0.237917,0.215786,-0.022132,above_band_high
2026-07-29T17:47:17Z,92.0562,0.221951,0.229068,0.007117,above_band_high
2026-07-29T17:48:08Z,92.0516,0.193480,0.204283,0.010803,above_band_high
2026-07-29T17:48:50Z,92.1172,0.165699,0.152954,-0.012745,above_band_high
2026-07-29T17:49:48Z,91.9844,0.154662,0.176327,0.021665,above_band_high
2026-07-29T17:49:56Z,92.0516,0.159871,0.143135,-0.016736,above_band_high
2026-07-29T17:50:07Z,92.0394,0.156939,0.142178,-0.014761,above_band_high
2026-07-29T17:50:36Z,91.9753,0.137130,0.153645,0.016515,above_band_high
2026-07-29T17:51:30Z,92.0302,0.122449,0.101922,-0.020527,above_band_high
2026-07-29T17:51:58Z,91.9707,0.096471,0.113057,0.016585,above_band_high
2026-07-29T17:52:30Z,91.9570,0.084845,0.102755,0.017911,above_band_high
2026-07-29T17:52:40Z,92.0195,0.083731,0.071054,-0.012677,above_band_high
2026-07-29T17:53:21Z,92.0150,0.065283,0.052701,-0.012582,above_band_high
2026-07-29T17:53:47Z,91.9570,0.047911,0.064648,0.016736,above_band_high
2026-07-29T17:54:16Z,92.0485,0.028361,0.011281,-0.017080,above_band_high
2026-07-29T17:54:22Z,92.0058,0.009101,0.026532,0.017431,above_band_high
2026-07-29T17:55:00Z,92.0607,0.000000,0.000000,0.000000,above_band_high
2026-07-29T17:56:00Z,92.1248,0.000000,0.000000,0.000000,above_band_high
2026-07-29T17:57:00Z,92.1630,0.000000,0.000000,0.000000,above_band_high
2026-07-29T17:58:00Z,92.2499,0.000000,0.000000,0.000000,above_band_high
2026-07-29T17:59:00Z,92.2805,0.000000,0.000000,0.000000,above_band_high
2026-07-29T18:00:00Z,92.3629,0.000000,0.000000,0.000000,above_band_high
2026-07-29T18:01:00Z,92.4086,0.000000,0.000000,0.000000,above_band_high
2026-07-29T18:02:00Z,92.4651,0.000000,0.000000,0.000000,above_band_high
2026-07-29T18:03:00Z,92.4285,0.000000,0.000000,0.000000,above_band_high
2026-07-29T18:04:00Z,92.2621,0.000000,0.000000,0.000000,above_band_high
2026-07-29T18:05:00Z,92.1111,0.000000,0.000000,0.000000,above_band_high
2026-07-29T18:06:00Z,91.9432,0.000000,0.000000,0.000000,above_band_high
2026-07-29T18:07:00Z,91.8013,0.000000,0.000000,0.000000,above_band_high
2026-07-29T18:08:12Z,91.5160,0.000000,0.008559,0.008559,above_band_high
2026-07-29T18:08:19Z,91.4900,0.014452,0.013737,-0.000715,in_band
2026-07-29T18:10:18Z,91.7723,0.000000,0.000000,0.000000,above_band_high
2026-07-29T18:11:00Z,91.8502,0.000000,0.000000,0.000000,above_band_high
2026-07-29T18:12:00Z,91.9524,0.000000,0.000000,0.000000,above_band_high
2026-07-29T18:13:00Z,92.0211,0.000000,0.000000,0.000000,above_band_high
2026-07-29T18:14:00Z,92.0104,0.000000,0.000000,0.000000,above_band_high
2026-07-29T18:15:00Z,92.0470,0.000000,0.000000,0.000000,above_band_high
2026-07-29T18:16:00Z,92.0745,0.000000,0.000000,0.000000,above_band_high
2026-07-29T18:17:00Z,92.1798,0.000000,0.000000,0.000000,above_band_high
2026-07-29T18:18:00Z,92.2484,0.000000,0.000000,0.000000,above_band_high
2026-07-29T18:19:00Z,92.3033,0.000000,0.000000,0.000000,above_band_high
2026-07-29T18:20:00Z,92.3400,0.000000,0.000000,0.000000,above_band_high
2026-07-29T18:21:00Z,92.3812,0.000000,0.000000,0.000000,above_band_high
2026-07-29T18:22:00Z,92.4285,0.000000,0.000000,0.000000,above_band_high
2026-07-29T18:23:00Z,92.4788,0.000000,0.000000,0.000000,above_band_high
2026-07-29T18:24:00Z,92.5002,0.000000,0.000000,0.000000,above_band_high
2026-07-29T18:25:00Z,92.5246,0.000000,0.000000,0.000000,above_band_high
2026-07-29T18:26:00Z,92.4788,0.000000,0.000000,0.000000,above_band_high
2026-07-29T18:27:00Z,92.5093,0.000000,0.000000,0.000000,above_band_high
2026-07-29T18:28:00Z,92.4910,0.000000,0.000000,0.000000,above_band_high
2026-07-29T18:29:00Z,92.4743,0.000000,0.000000,0.000000,above_band_high
2026-07-29T18:30:00Z,92.4453,0.000000,0.000000,0.000000,above_band_high
2026-07-29T18:31:00Z,92.4269,0.000000,0.000000,0.000000,above_band_high
2026-07-29T18:32:00Z,92.3812,0.000000,0.000000,0.000000,above_band_high
2026-07-29T18:33:00Z,92.3735,0.000000,0.000000,0.000000,above_band_high
2026-07-29T18:34:00Z,92.3644,0.000000,0.000000,0.000000,above_band_high
2026-07-29T18:35:00Z,92.3720,0.000000,0.000000,0.000000,above_band_high
2026-07-29T18:36:00Z,92.3537,0.000000,0.000000,0.000000,above_band_high
2026-07-29T18:37:00Z,92.3507,0.000000,0.000000,0.000000,above_band_high
2026-07-29T18:38:00Z,92.3507,0.000000,0.000000,0.000000,above_band_high
2026-07-29T18:39:00Z,92.3461,0.000000,0.000000,0.000000,above_band_high
2026-07-29T18:40:00Z,92.2957,0.000000,0.000000,0.000000,above_band_high
2026-07-29T18:41:00Z,92.2820,0.000000,0.000000,0.000000,above_band_high
2026-07-29T18:42:00Z,92.3125,0.000000,0.000000,0.000000,above_band_high
2026-07-29T18:43:00Z,92.3033,0.000000,0.000000,0.000000,above_band_high
2026-07-29T18:44:00Z,92.2942,0.000000,0.000000,0.000000,above_band_high
2026-07-29T18:45:00Z,92.3049,0.000000,0.000000,0.000000,above_band_high
2026-07-29T18:46:00Z,92.3140,0.000000,0.000000,0.000000,above_band_high
2026-07-29T18:47:00Z,92.3400,0.000000,0.000000,0.000000,above_band_high
2026-07-29T18:48:00Z,92.3552,0.000000,0.000000,0.000000,above_band_high
2026-07-29T18:49:00Z,92.3445,0.000000,0.000000,0.000000,above_band_high
2026-07-29T18:50:00Z,92.4086,0.000000,0.000000,0.000000,above_band_high
2026-07-29T18:51:00Z,92.4056,0.000000,0.000000,0.000000,above_band_high
2026-07-29T18:52:00Z,92.4086,0.000000,0.000000,0.000000,above_band_high
2026-07-29T18:53:00Z,92.3964,0.000000,0.000000,0.000000,above_band_high
2026-07-29T18:54:00Z,92.3445,0.000000,0.000000,0.000000,above_band_high
2026-07-29T18:55:00Z,92.1355,0.000000,0.000000,0.000000,above_band_high
2026-07-29T18:56:00Z,91.7739,0.000000,0.000000,0.000000,above_band_high
2026-07-29T18:56:58Z,91.5267,0.000000,0.008342,0.008342,above_band_high
2026-07-29T18:57:00Z,91.5129,0.000762,0.013603,0.012842,above_band_high
2026-07-29T18:57:03Z,91.5404,0.007724,0.001061,-0.006664,above_band_high
2026-07-29T18:58:45Z,91.2703,0.003572,0.003416,-0.000156,in_band
2026-07-29T18:58:59Z,91.2840,0.002834,0.002711,-0.000124,in_band
2026-07-29T18:59:00Z,91.2795,0.002788,0.002666,-0.000122,in_band
2026-07-29T18:59:59Z,91.2016,0.001051,0.001005,-0.000046,in_band
2026-07-29T19:00:00Z,91.2154,0.001034,0.000989,-0.000045,in_band
2026-07-29T19:00:59Z,91.2322,0.000390,0.000373,-0.000017,in_band
2026-07-29T19:01:00Z,91.2062,0.000384,0.000367,-0.000017,in_band
2026-07-29T19:01:59Z,91.1955,0.000145,0.000138,-0.000006,in_band
2026-07-29T19:02:00Z,91.1955,0.000142,0.000136,-0.000006,in_band
2026-07-29T19:02:59Z,91.1833,0.000054,0.000051,-0.000002,in_band
2026-07-29T19:03:00Z,91.2062,0.000053,0.000050,-0.000002,in_band
2026-07-29T19:03:59Z,91.0872,0.000020,0.000019,-0.000001,in_band
2026-07-29T19:04:00Z,91.0826,0.000020,0.000019,-0.000001,in_band
2026-07-29T19:04:59Z,90.7439,0.000007,0.000007,-0.000000,in_band
2026-07-29T19:05:00Z,90.7851,0.000007,0.000007,-0.000000,in_band
2026-07-29T19:05:59Z,90.4921,0.000003,0.000003,-0.000000,in_band
2026-07-29T19:06:00Z,90.5043,0.000003,0.000003,-0.000000,in_band
2026-07-29T19:06:59Z,90.1808,0.000001,0.000001,-0.000000,in_band
2026-07-29T19:07:37Z,89.9016,0.001378,0.001377,-0.000000,below_midpoint_feather
2026-07-29T19:07:58Z,89.7139,0.007308,0.011651,0.004343,below_midpoint_feather
2026-07-29T19:08:27Z,89.6849,0.019026,0.014359,-0.004667,below_midpoint_feather
2026-07-29T19:08:48Z,89.5171,0.026810,0.033811,0.007001,below_midpoint_feather
2026-07-29T19:09:24Z,89.4163,0.040507,0.050496,0.009989,below_midpoint_feather
2026-07-29T19:09:56Z,89.4942,0.051635,0.040577,-0.011058,below_midpoint_feather
2026-07-29T19:10:06Z,89.5705,0.040496,0.031253,-0.009243,below_midpoint_feather
2026-07-29T19:10:21Z,89.6391,0.022991,0.024760,0.001770,below_midpoint_feather
2026-07-29T19:11:04Z,89.9519,0.009748,0.009267,-0.000481,below_midpoint_feather
2026-07-29T19:11:07Z,89.9245,0.009598,0.009884,0.000287,below_midpoint_feather
2026-07-29T19:12:00Z,90.2586,0.010289,0.010323,0.000034,in_band
2026-07-29T19:12:59Z,90.2998,0.010645,0.010645,-0.000000,in_band
2026-07-29T19:13:00Z,90.3212,0.010646,0.010646,-0.000001,in_band
2026-07-29T19:13:59Z,90.3304,0.010558,0.010545,-0.000013,in_band
2026-07-29T19:14:00Z,90.3532,0.010555,0.010542,-0.000013,in_band
2026-07-29T19:14:59Z,90.3960,0.010309,0.010292,-0.000017,in_band
2026-07-29T19:15:00Z,90.3960,0.010304,0.010287,-0.000017,in_band
2026-07-29T19:15:16Z,90.4448,0.010231,0.010209,-0.000023,in_band
2026-07-29T19:16:00Z,90.5241,0.010002,0.009983,-0.000018,in_band
2026-07-29T19:16:31Z,90.5135,0.009840,0.009821,-0.000019,in_band
2026-07-29T19:17:00Z,90.5776,0.009687,0.009669,-0.000019,in_band
2026-07-29T19:17:59Z,90.5425,0.009380,0.009361,-0.000018,in_band
2026-07-29T19:18:00Z,90.5425,0.009374,0.009356,-0.000018,in_band
2026-07-29T19:18:59Z,90.5425,0.009074,0.009056,-0.000018,in_band
2026-07-29T19:19:00Z,90.5318,0.009069,0.009051,-0.000018,in_band
2026-07-29T19:19:59Z,90.4738,0.008777,0.008760,-0.000017,in_band
2026-07-29T19:20:00Z,90.4646,0.008772,0.008755,-0.000017,in_band
2026-07-29T19:20:59Z,90.4234,0.008490,0.008473,-0.000017,in_band
2026-07-29T19:21:00Z,90.4356,0.008485,0.008468,-0.000017,in_band
2026-07-29T19:21:59Z,90.4051,0.008211,0.008195,-0.000016,in_band
2026-07-29T19:22:00Z,90.3670,0.008207,0.008191,-0.000016,in_band
2026-07-29T19:22:59Z,90.3182,0.007942,0.007927,-0.000015,in_band
2026-07-29T19:23:00Z,90.2861,0.007938,0.007922,-0.000015,in_band
2026-07-29T19:23:59Z,90.2800,0.007682,0.007667,-0.000015,in_band
2026-07-29T19:24:00Z,90.2617,0.007678,0.007663,-0.000015,in_band
2026-07-29T19:24:59Z,90.1610,0.007430,0.007416,-0.000014,in_band
2026-07-29T19:25:00Z,90.1793,0.007426,0.007411,-0.000014,in_band
2026-07-29T19:25:59Z,90.1717,0.007186,0.007172,-0.000014,in_band
2026-07-29T19:26:00Z,90.1396,0.007182,0.007168,-0.000014,in_band
2026-07-29T19:26:59Z,90.0755,0.006951,0.006937,-0.000014,in_band
2026-07-29T19:27:00Z,90.1259,0.006947,0.006933,-0.000014,in_band
2026-07-29T19:27:59Z,90.0572,0.006723,0.006710,-0.000013,in_band
2026-07-29T19:28:00Z,90.0923,0.006719,0.006706,-0.000013,in_band
2026-07-29T19:28:59Z,90.0511,0.006503,0.006490,-0.000013,in_band
2026-07-29T19:29:00Z,90.0481,0.006499,0.006486,-0.000013,in_band
2026-07-29T19:29:44Z,89.9428,0.006342,0.006820,0.000478,below_midpoint_feather
2026-07-29T19:30:45Z,90.0053,0.006199,0.006196,-0.000003,in_band
2026-07-29T19:30:47Z,89.9596,0.006172,0.006428,0.000257,below_midpoint_feather
2026-07-29T19:31:34Z,89.9428,0.006131,0.006596,0.000465,below_midpoint_feather
2026-07-29T19:31:42Z,90.0069,0.006320,0.006121,-0.000199,in_band
2026-07-29T19:32:38Z,89.9687,0.006943,0.006273,-0.000670,below_midpoint_feather
2026-07-29T19:32:53Z,89.9001,0.006856,0.007565,0.000709,below_midpoint_feather
2026-07-29T19:33:37Z,89.8451,0.007672,0.009612,0.001940,below_midpoint_feather
2026-07-29T19:33:39Z,89.9428,0.008104,0.006670,-0.001434,below_midpoint_feather
2026-07-29T19:34:33Z,89.8680,0.010514,0.008852,-0.001661,below_midpoint_feather
2026-07-29T19:34:58Z,89.7871,0.010648,0.012959,0.002311,below_midpoint_feather
2026-07-29T19:35:10Z,89.7597,0.011752,0.014814,0.003062,below_midpoint_feather
2026-07-29T19:35:23Z,89.8054,0.014337,0.012092,-0.002246,below_midpoint_feather
2026-07-29T19:36:30Z,89.7627,0.017678,0.015592,-0.002086,below_midpoint_feather
2026-07-29T19:36:47Z,89.7032,0.016412,0.020415,0.004004,below_midpoint_feather
2026-07-29T19:37:16Z,89.7414,0.020720,0.017967,-0.002753,below_midpoint_feather
2026-07-29T19:37:19Z,89.6849,0.019777,0.022636,0.002859,below_midpoint_feather
2026-07-29T19:38:37Z,89.6757,0.022199,0.025295,0.003096,below_midpoint_feather
2026-07-29T19:38:54Z,89.7398,0.023538,0.020412,-0.003126,below_midpoint_feather
2026-07-29T19:39:35Z,89.6544,0.025750,0.028933,0.003182,below_midpoint_feather
2026-07-29T19:39:37Z,89.6941,0.027204,0.025317,-0.001886,below_midpoint_feather
2026-07-29T19:40:11Z,89.6620,0.031718,0.029324,-0.002393,below_midpoint_feather
2026-07-29T19:40:44Z,89.5933,0.033027,0.037759,0.004732,below_midpoint_feather
2026-07-29T19:41:10Z,89.6254,0.038037,0.035223,-0.002814,below_midpoint_feather
2026-07-29T19:41:17Z,89.5659,0.036789,0.042364,0.005575,below_midpoint_feather
2026-07-29T19:42:00Z,89.5155,0.042297,0.050972,0.008675,below_midpoint_feather
2026-07-29T19:42:36Z,89.5567,0.052470,0.047520,-0.004949,below_midpoint_feather
2026-07-29T19:43:18Z,89.5171,0.060598,0.055470,-0.005128,below_midpoint_feather
2026-07-29T19:43:34Z,89.4072,0.064297,0.073463,0.009166,below_midpoint_feather
2026-07-29T19:44:29Z,89.4285,0.080204,0.074738,-0.005466,below_midpoint_feather
2026-07-29T19:44:36Z,89.3294,0.081157,0.092956,0.011799,below_midpoint_feather
2026-07-29T19:45:04Z,89.3431,0.096653,0.093369,-0.003284,below_midpoint_feather
2026-07-29T19:45:49Z,89.2546,0.107610,0.116673,0.009063,below_midpoint_feather
2026-07-29T19:46:25Z,89.2653,0.129253,0.119708,-0.009545,below_midpoint_feather
2026-07-29T19:46:53Z,89.1539,0.136876,0.149363,0.012487,below_midpoint_feather
2026-07-29T19:47:14Z,89.1676,0.137179,0.149861,0.012681,below_midpoint_feather
2026-07-29T19:47:21Z,89.2241,0.143975,0.138250,-0.005725,below_midpoint_feather
2026-07-29T19:48:45Z,89.1814,0.171547,0.164796,-0.006751,below_midpoint_feather
2026-07-29T19:48:55Z,89.1127,0.173712,0.183617,0.009904,below_midpoint_feather
2026-07-29T19:49:20Z,89.1905,0.178920,0.170434,-0.008486,below_midpoint_feather
2026-07-29T19:49:56Z,89.1508,0.180998,0.188025,0.007027,below_midpoint_feather
2026-07-29T19:50:20Z,89.1234,0.192663,0.200245,0.007583,below_midpoint_feather
2026-07-29T19:50:30Z,89.1676,0.197187,0.191792,-0.005394,below_midpoint_feather
2026-07-29T19:51:06Z,89.1127,0.202304,0.213666,0.011363,below_midpoint_feather
2026-07-29T19:51:14Z,89.1737,0.214712,0.200683,-0.014030,below_midpoint_feather
2026-07-29T19:52:05Z,89.2271,0.209007,0.200550,-0.008458,below_midpoint_feather
2026-07-29T19:52:28Z,89.1310,0.213195,0.228236,0.015041,below_midpoint_feather
2026-07-29T19:53:30Z,89.2821,0.218689,0.208285,-0.010404,below_midpoint_feather
2026-07-29T19:53:35Z,89.1997,0.216834,0.227202,0.010369,below_midpoint_feather
2026-07-29T19:54:16Z,89.2546,0.235159,0.223966,-0.011194,below_midpoint_feather
2026-07-29T19:54:48Z,89.1371,0.244677,0.257561,0.012884,below_midpoint_feather
2026-07-29T19:55:22Z,89.1997,0.262138,0.250138,-0.012001,below_midpoint_feather
2026-07-29T19:55:47Z,89.2500,0.235794,0.244642,0.008848,below_midpoint_feather
2026-07-29T19:56:42Z,89.1966,0.274491,0.267894,-0.006597,below_midpoint_feather
2026-07-29T19:56:56Z,89.1051,0.280739,0.292961,0.012222,below_midpoint_feather
2026-07-29T19:57:06Z,89.1173,0.285115,0.292038,0.006923,below_midpoint_feather
2026-07-29T19:57:42Z,89.2729,0.276418,0.264528,-0.011890,below_midpoint_feather
2026-07-29T19:58:46Z,89.1691,0.288565,0.300969,0.012404,below_midpoint_feather
2026-07-29T19:58:53Z,89.2042,0.301507,0.294261,-0.007246,below_midpoint_feather
2026-07-29T19:59:06Z,89.1051,0.308883,0.320767,0.011884,below_midpoint_feather
2026-07-29T19:59:50Z,89.2226,0.314844,0.302557,-0.012287,below_midpoint_feather
2026-07-29T20:00:05Z,89.2454,0.309084,0.301013,-0.008071,below_midpoint_feather
2026-07-29T20:00:07Z,89.1997,0.304098,0.311587,0.007489,below_midpoint_feather
2026-07-29T20:01:26Z,89.1173,0.337947,0.348304,0.010356,below_midpoint_feather
2026-07-29T20:01:54Z,89.2088,0.337627,0.332723,-0.004904,below_midpoint_feather
2026-07-29T20:02:00Z,89.2454,0.334085,0.326033,-0.008051,below_midpoint_feather
2026-07-29T20:02:40Z,89.2592,0.325738,0.331770,0.006032,below_midpoint_feather
2026-07-29T20:03:22Z,89.1722,0.343955,0.359401,0.015446,below_midpoint_feather
2026-07-29T20:03:59Z,89.0318,0.407255,0.402778,-0.004477,below_midpoint_feather
2026-07-29T20:04:00Z,88.9708,0.407474,0.420338,0.012864,below_midpoint_feather
2026-07-29T20:04:28Z,89.0639,0.406194,0.401214,-0.004980,below_midpoint_feather
2026-07-29T20:05:30Z,88.5863,0.535783,0.578567,0.042784,below_midpoint_feather
2026-07-29T20:05:56Z,88.4718,0.650597,0.636858,-0.013739,below_midpoint_feather
2026-07-29T20:06:22Z,88.7922,0.560066,0.526245,-0.033821,below_midpoint_feather
2026-07-29T20:06:25Z,88.7617,0.536341,0.538561,0.002219,below_midpoint_feather
2026-07-29T20:07:04Z,89.0806,0.471447,0.461635,-0.009812,below_midpoint_feather
2026-07-29T20:07:48Z,88.6412,0.590069,0.623316,0.033247,below_midpoint_feather
2026-07-29T20:08:14Z,88.4169,0.698141,0.728222,0.030081,below_midpoint_feather
2026-07-29T20:08:38Z,88.6839,0.671931,0.632731,-0.039200,below_midpoint_feather
2026-07-29T20:09:11Z,88.8563,0.601355,0.592127,-0.009228,below_midpoint_feather
2026-07-29T20:09:56Z,88.6641,0.663181,0.684176,0.020995,below_midpoint_feather
2026-07-29T20:10:25Z,88.6015,0.711458,0.724011,0.012553,below_midpoint_feather
2026-07-29T20:10:46Z,88.7251,0.710335,0.688940,-0.021395,below_midpoint_feather
2026-07-29T20:11:10Z,88.8243,0.677630,0.668111,-0.009519,below_midpoint_feather
2026-07-29T20:11:29Z,88.8243,0.662658,0.678513,0.015855,below_midpoint_feather
2026-07-29T20:12:21Z,88.8243,0.685298,0.704419,0.019121,below_midpoint_feather
2026-07-29T20:12:44Z,88.9906,0.676526,0.663382,-0.013144,below_midpoint_feather
2026-07-29T20:13:08Z,89.0227,0.650706,0.664758,0.014052,below_midpoint_feather
2026-07-29T20:13:17Z,89.0669,0.661763,0.656356,-0.005407,below_midpoint_feather
2026-07-29T20:14:26Z,88.8746,0.722851,0.738165,0.015314,below_midpoint_feather
2026-07-29T20:14:58Z,88.9021,0.752600,0.741461,-0.011139,below_midpoint_feather
2026-07-29T20:15:00Z,88.9158,0.747001,0.737979,-0.009023,below_midpoint_feather
2026-07-29T20:15:07Z,88.8808,0.738728,0.751705,0.012976,below_midpoint_feather
2026-07-29T20:16:26Z,88.9906,0.741904,0.749068,0.007164,below_midpoint_feather
2026-07-29T20:16:58Z,89.0898,0.742509,0.733511,-0.008998,below_midpoint_feather
2026-07-29T20:17:05Z,89.0318,0.742073,0.751420,0.009347,below_midpoint_feather
2026-07-29T20:17:12Z,89.1096,0.743657,0.733237,-0.010420,below_midpoint_feather
2026-07-29T20:18:06Z,89.1371,0.733313,0.743481,0.010168,below_midpoint_feather
2026-07-29T20:18:25Z,89.1920,0.745329,0.735818,-0.009511,below_midpoint_feather
2026-07-29T20:19:14Z,89.2332,0.750453,0.739622,-0.010830,below_midpoint_feather
2026-07-29T20:19:51Z,89.2012,0.742643,0.755854,0.013211,below_midpoint_feather
2026-07-29T20:20:39Z,89.3645,0.739778,0.732891,-0.006887,below_midpoint_feather
2026-07-29T20:20:49Z,89.3065,0.738229,0.745769,0.007540,below_midpoint_feather
2026-07-29T20:21:20Z,89.3736,0.731806,0.738671,0.006864,below_midpoint_feather
2026-07-29T20:21:36Z,89.4621,0.734140,0.726582,-0.007558,below_midpoint_feather
2026-07-29T20:22:42Z,89.5399,0.720063,0.724105,0.004042,below_midpoint_feather
2026-07-29T20:22:49Z,89.6086,0.720806,0.716519,-0.004287,below_midpoint_feather
2026-07-29T20:23:44Z,89.7642,0.711199,0.707308,-0.003891,below_midpoint_feather
2026-07-29T20:23:50Z,89.7093,0.709139,0.711818,0.002679,below_midpoint_feather
2026-07-29T20:24:10Z,89.8283,0.707926,0.705149,-0.002777,below_midpoint_feather
2026-07-29T20:24:47Z,89.8375,0.704244,0.706271,0.002027,below_midpoint_feather
2026-07-29T20:25:20Z,89.9153,0.702806,0.704416,0.001610,below_midpoint_feather
2026-07-29T20:25:44Z,90.0420,0.703014,0.701858,-0.001156,in_band
2026-07-29T20:26:00Z,90.0710,0.696993,0.695838,-0.001154,in_band
2026-07-29T20:26:59Z,90.1289,0.674926,0.673789,-0.001137,in_band
2026-07-29T20:27:00Z,90.1854,0.674555,0.673419,-0.001137,in_band
2026-07-29T20:27:59Z,90.3502,0.652955,0.651848,-0.001108,in_band
2026-07-29T20:28:46Z,90.4814,0.636529,0.635095,-0.001434,in_band
2026-07-29T20:28:59Z,90.4463,0.631607,0.630533,-0.001074,in_band
2026-07-29T20:29:00Z,90.4768,0.631257,0.630183,-0.001074,in_band
2026-07-29T20:29:59Z,90.5913,0.610922,0.609882,-0.001040,in_band
2026-07-29T20:30:00Z,90.6188,0.610583,0.609543,-0.001040,in_band
2026-07-29T20:30:59Z,90.7439,0.590901,0.589895,-0.001006,in_band
2026-07-29T20:31:00Z,90.7652,0.590573,0.589567,-0.001006,in_band
2026-07-29T20:31:59Z,90.8904,0.571532,0.570559,-0.000974,in_band
2026-07-29T20:32:00Z,90.8721,0.571215,0.570242,-0.000973,in_band
2026-07-29T20:32:59Z,91.0002,0.552796,0.551854,-0.000942,in_band
2026-07-29T20:33:00Z,91.0033,0.552489,0.551548,-0.000941,in_band
2026-07-29T20:33:59Z,91.0994,0.534674,0.533763,-0.000911,in_band
2026-07-29T20:34:00Z,91.1177,0.534377,0.533466,-0.000911,in_band
2026-07-29T20:34:59Z,91.2383,0.517145,0.516264,-0.000881,in_band
2026-07-29T20:35:00Z,91.2367,0.516858,0.515978,-0.000881,in_band
2026-07-29T20:35:59Z,91.3512,0.500191,0.499339,-0.000852,in_band
2026-07-29T20:36:57Z,91.4473,0.484331,0.483506,-0.000825,in_band
2026-07-29T20:36:58Z,91.5038,0.484062,0.481895,-0.002167,above_band_high
2026-07-29T20:37:02Z,91.5023,0.482987,0.482009,-0.000978,above_band_high
2026-07-29T20:37:05Z,91.4809,0.481491,0.482433,0.000942,in_band
2026-07-29T20:38:47Z,91.6457,0.414548,0.416438,0.001890,above_band_high
2026-07-29T20:38:51Z,91.6854,0.411666,0.399221,-0.012446,above_band_high
2026-07-29T20:39:41Z,91.7281,0.371231,0.375503,0.004273,above_band_high
2026-07-29T20:39:58Z,91.8044,0.355629,0.340289,-0.015340,above_band_high
2026-07-29T20:40:21Z,91.8105,0.324027,0.333281,0.009254,above_band_high
2026-07-29T20:40:40Z,91.8929,0.311975,0.293769,-0.018206,above_band_high
2026-07-29T20:41:05Z,91.8654,0.287860,0.298794,0.010934,above_band_high
2026-07-29T20:41:58Z,91.9936,0.247464,0.226888,-0.020576,above_band_high
2026-07-29T20:42:52Z,92.0699,0.192096,0.172563,-0.019534,above_band_high
2026-07-29T20:42:56Z,92.0256,0.182522,0.189656,0.007134,above_band_high
2026-07-29T20:43:39Z,92.1248,0.152375,0.126760,-0.025615,above_band_high
2026-07-29T20:43:41Z,92.0516,0.141606,0.156991,0.015385,above_band_high
2026-07-29T20:44:28Z,92.1813,0.095112,0.076448,-0.018664,above_band_high
2026-07-29T20:44:34Z,92.1340,0.084542,0.093187,0.008645,above_band_high
2026-07-29T20:45:02Z,92.2210,0.057565,0.039411,-0.018155,above_band_high
2026-07-29T20:45:07Z,92.1721,0.047345,0.057161,0.009816,above_band_high
2026-07-29T20:46:00Z,92.3171,0.000000,0.000000,0.000000,above_band_high
2026-07-29T20:47:00Z,92.3857,0.000000,0.000000,0.000000,above_band_high
2026-07-29T20:48:00Z,92.4788,0.000000,0.000000,0.000000,above_band_high
2026-07-29T20:49:00Z,92.5048,0.000000,0.000000,0.000000,above_band_high
2026-07-29T20:50:00Z,92.5734,0.000000,0.000000,0.000000,above_band_high
2026-07-29T20:51:00Z,92.6253,0.000000,0.000000,0.000000,above_band_high
2026-07-29T20:52:00Z,92.6238,0.000000,0.000000,0.000000,above_band_high
2026-07-29T20:53:00Z,92.6879,0.000000,0.000000,0.000000,above_band_high
2026-07-29T20:54:00Z,92.6665,0.000000,0.000000,0.000000,above_band_high
2026-07-29T20:55:00Z,92.7382,0.000000,0.000000,0.000000,above_band_high
2026-07-29T20:56:00Z,92.7199,0.000000,0.000000,0.000000,above_band_high
2026-07-29T20:57:00Z,92.7214,0.000000,0.000000,0.000000,above_band_high
2026-07-29T20:58:00Z,92.7443,0.000000,0.000000,0.000000,above_band_high
2026-07-29T20:59:00Z,92.7199,0.000000,0.000000,0.000000,above_band_high
2026-07-29T21:00:00Z,92.7382,0.000000,0.000000,0.000000,above_band_high
2026-07-29T21:01:00Z,92.6940,0.000000,0.000000,0.000000,above_band_high
2026-07-29T21:02:00Z,92.7260,0.000000,0.000000,0.000000,above_band_high
2026-07-29T21:03:00Z,92.7169,0.000000,0.000000,0.000000,above_band_high
2026-07-29T21:04:00Z,92.7474,0.000000,0.000000,0.000000,above_band_high
2026-07-29T21:05:00Z,92.7626,0.000000,0.000000,0.000000,above_band_high
2026-07-29T21:06:00Z,92.7565,0.000000,0.000000,0.000000,above_band_high
2026-07-29T21:07:00Z,92.8130,0.000000,0.000000,0.000000,above_band_high
2026-07-29T21:08:00Z,92.7810,0.000000,0.000000,0.000000,above_band_high
2026-07-29T21:09:00Z,92.8298,0.000000,0.000000,0.000000,above_band_high
2026-07-29T21:10:00Z,92.8359,0.000000,0.000000,0.000000,above_band_high
2026-07-29T21:11:00Z,92.8161,0.000000,0.000000,0.000000,above_band_high
2026-07-29T21:12:00Z,92.8634,0.000000,0.000000,0.000000,above_band_high
2026-07-29T21:13:00Z,92.8985,0.000000,0.000000,0.000000,above_band_high
2026-07-29T21:14:00Z,92.8634,0.000000,0.000000,0.000000,above_band_high
2026-07-29T21:15:00Z,92.8618,0.000000,0.000000,0.000000,above_band_high
2026-07-29T21:16:00Z,92.8725,0.000000,0.000000,0.000000,above_band_high
2026-07-29T21:17:00Z,92.9397,0.000000,0.000000,0.000000,above_band_high
2026-07-29T21:18:00Z,92.8954,0.000000,0.000000,0.000000,above_band_high
2026-07-29T21:19:00Z,92.9183,0.000000,0.000000,0.000000,above_band_high
2026-07-29T21:20:00Z,92.9366,0.000000,0.000000,0.000000,above_band_high
2026-07-29T21:21:00Z,92.9549,0.000000,0.000000,0.000000,above_band_high
2026-07-29T21:22:00Z,92.9595,0.000000,0.000000,0.000000,above_band_high
2026-07-29T21:23:00Z,92.9717,0.000000,0.000000,0.000000,above_band_high
2026-07-29T21:24:00Z,92.9854,0.000000,0.000000,0.000000,above_band_high
2026-07-29T21:25:00Z,92.9549,0.000000,0.000000,0.000000,above_band_high
2026-07-29T21:26:00Z,92.9717,0.000000,0.000000,0.000000,above_band_high
2026-07-29T21:27:00Z,92.9549,0.000000,0.000000,0.000000,above_band_high
2026-07-29T21:28:00Z,92.9091,0.000000,0.000000,0.000000,above_band_high
2026-07-29T21:29:00Z,92.9183,0.000000,0.000000,0.000000,above_band_high
2026-07-29T21:30:00Z,92.8725,0.000000,0.000000,0.000000,above_band_high
2026-07-29T21:31:00Z,92.8435,0.000000,0.000000,0.000000,above_band_high
2026-07-29T21:32:00Z,92.8542,0.000000,0.000000,0.000000,above_band_high
2026-07-29T21:33:00Z,92.8161,0.000000,0.000000,0.000000,above_band_high
2026-07-29T21:34:00Z,92.8023,0.000000,0.000000,0.000000,above_band_high
2026-07-29T21:35:00Z,92.8634,0.000000,0.000000,0.000000,above_band_high
2026-07-29T21:36:00Z,92.8405,0.000000,0.000000,0.000000,above_band_high
2026-07-29T21:37:00Z,92.8817,0.000000,0.000000,0.000000,above_band_high
2026-07-29T21:38:00Z,92.8679,0.000000,0.000000,0.000000,above_band_high
2026-07-29T21:39:00Z,92.8862,0.000000,0.000000,0.000000,above_band_high
2026-07-29T21:40:00Z,92.9229,0.000000,0.000000,0.000000,above_band_high
2026-07-29T21:41:00Z,92.9137,0.000000,0.000000,0.000000,above_band_high
2026-07-29T21:42:00Z,92.9397,0.000000,0.000000,0.000000,above_band_high
2026-07-29T21:43:00Z,92.9641,0.000000,0.000000,0.000000,above_band_high
2026-07-29T21:44:00Z,92.9442,0.000000,0.000000,0.000000,above_band_high
2026-07-29T21:45:00Z,92.9717,0.000000,0.000000,0.000000,above_band_high
2026-07-29T21:46:00Z,93.0053,0.000000,0.000000,0.000000,above_band_high
2026-07-29T21:47:00Z,93.0129,0.000000,0.000000,0.000000,above_band_high
2026-07-29T21:48:00Z,93.0327,0.000000,0.000000,0.000000,above_band_high
2026-07-29T21:49:00Z,93.0449,0.000000,0.000000,0.000000,above_band_high
2026-07-29T21:50:00Z,93.0404,0.000000,0.000000,0.000000,above_band_high
2026-07-29T21:51:00Z,93.0739,0.000000,0.000000,0.000000,above_band_high
2026-07-29T21:52:00Z,93.0404,0.000000,0.000000,0.000000,above_band_high
2026-07-29T21:53:00Z,93.1014,0.000000,0.000000,0.000000,above_band_high
2026-07-29T21:54:00Z,93.1197,0.000000,0.000000,0.000000,above_band_high
2026-07-29T21:55:00Z,93.1151,0.000000,0.000000,0.000000,above_band_high
2026-07-29T21:56:00Z,93.1228,0.000000,0.000000,0.000000,above_band_high
2026-07-29T21:57:00Z,93.0877,0.000000,0.000000,0.000000,above_band_high
2026-07-29T21:58:00Z,93.1594,0.000000,0.000000,0.000000,above_band_high
2026-07-29T21:59:00Z,93.1289,0.000000,0.000000,0.000000,above_band_high
2026-07-29T22:00:00Z,93.1228,0.000000,0.000000,0.000000,above_band_high
2026-07-29T22:01:00Z,93.1518,0.000000,0.000000,0.000000,above_band_high
2026-07-29T22:02:00Z,93.1151,0.000000,0.000000,0.000000,above_band_high
2026-07-29T22:03:00Z,93.0877,0.000000,0.000000,0.000000,above_band_high
2026-07-29T22:04:00Z,93.0831,0.000000,0.000000,0.000000,above_band_high
2026-07-29T22:05:00Z,93.1106,0.000000,0.000000,0.000000,above_band_high
2026-07-29T22:06:00Z,93.0724,0.000000,0.000000,0.000000,above_band_high
2026-07-29T22:07:00Z,93.0968,0.000000,0.000000,0.000000,above_band_high
2026-07-29T22:08:00Z,93.0648,0.000000,0.000000,0.000000,above_band_high
2026-07-29T22:09:00Z,93.0999,0.000000,0.000000,0.000000,above_band_high
2026-07-29T22:10:00Z,93.0465,0.000000,0.000000,0.000000,above_band_high
2026-07-29T22:11:00Z,93.0190,0.000000,0.000000,0.000000,above_band_high
2026-07-29T22:12:00Z,92.9763,0.000000,0.000000,0.000000,above_band_high
2026-07-29T22:13:00Z,92.8679,0.000000,0.000000,0.000000,above_band_high
2026-07-29T22:14:00Z,92.8161,0.000000,0.000000,0.000000,above_band_high
2026-07-29T22:15:00Z,92.6894,0.000000,0.000000,0.000000,above_band_high
2026-07-29T22:16:00Z,92.6009,0.000000,0.000000,0.000000,above_band_high
2026-07-29T22:17:00Z,92.5200,0.000000,0.000000,0.000000,above_band_high
2026-07-29T22:18:00Z,92.4178,0.000000,0.000000,0.000000,above_band_high
2026-07-29T22:19:00Z,92.3827,0.000000,0.000000,0.000000,above_band_high
2026-07-29T22:20:00Z,92.2484,0.000000,0.000000,0.000000,above_band_high
2026-07-29T22:21:00Z,92.1904,0.000000,0.000000,0.000000,above_band_high
2026-07-29T22:22:00Z,92.1401,0.000000,0.000000,0.000000,above_band_high
2026-07-29T22:23:00Z,92.0623,0.000000,0.000000,0.000000,above_band_high
2026-07-29T22:24:00Z,92.0211,0.000000,0.000000,0.000000,above_band_high
2026-07-29T22:25:00Z,91.9051,0.000000,0.000000,0.000000,above_band_high
2026-07-29T22:26:00Z,91.9142,0.000000,0.000000,0.000000,above_band_high
2026-07-29T22:27:00Z,91.8196,0.000000,0.000000,0.000000,above_band_high
2026-07-29T22:28:00Z,91.7647,0.000000,0.000000,0.000000,above_band_high
2026-07-29T22:29:00Z,91.7266,0.000000,0.000000,0.000000,above_band_high
2026-07-29T23:21:14Z,93.1136,0.000000,0.000000,0.000000,above_band_high
2026-07-29T23:22:00Z,93.1273,0.000000,0.000000,0.000000,above_band_high
2026-07-29T23:23:00Z,93.1518,0.000000,0.000000,0.000000,above_band_high
2026-07-29T23:24:00Z,93.1136,0.000000,0.000000,0.000000,above_band_high
2026-07-29T23:25:00Z,93.1273,0.000000,0.000000,0.000000,above_band_high
2026-07-29T23:26:00Z,93.1060,0.000000,0.000000,0.000000,above_band_high
2026-07-29T23:27:00Z,93.1380,0.000000,0.000000,0.000000,above_band_high
2026-07-29T23:28:00Z,93.1106,0.000000,0.000000,0.000000,above_band_high
2026-07-29T23:29:00Z,93.0587,0.000000,0.000000,0.000000,above_band_high
2026-07-29T23:30:00Z,93.0831,0.000000,0.000000,0.000000,above_band_high
2026-07-29T23:31:00Z,93.1151,0.000000,0.000000,0.000000,above_band_high
2026-07-29T23:32:00Z,93.0999,0.000000,0.000000,0.000000,above_band_high
2026-07-29T23:33:00Z,93.1228,0.000000,0.000000,0.000000,above_band_high
2026-07-29T23:34:00Z,93.1060,0.000000,0.000000,0.000000,above_band_high
2026-07-29T23:35:00Z,93.0877,0.000000,0.000000,0.000000,above_band_high
2026-07-29T23:36:00Z,93.1289,0.000000,0.000000,0.000000,above_band_high
2026-07-29T23:37:00Z,93.0556,0.000000,0.000000,0.000000,above_band_high
2026-07-29T23:38:00Z,93.0282,0.000000,0.000000,0.000000,above_band_high
2026-07-29T23:39:00Z,93.0220,0.000000,0.000000,0.000000,above_band_high
2026-07-29T23:40:00Z,92.9900,0.000000,0.000000,0.000000,above_band_high
2026-07-29T23:41:00Z,93.0083,0.000000,0.000000,0.000000,above_band_high
2026-07-29T23:42:00Z,92.9671,0.000000,0.000000,0.000000,above_band_high
2026-07-29T23:43:00Z,92.9732,0.000000,0.000000,0.000000,above_band_high
2026-07-29T23:44:00Z,92.9259,0.000000,0.000000,0.000000,above_band_high
2026-07-29T23:45:00Z,92.9442,0.000000,0.000000,0.000000,above_band_high
2026-07-29T23:46:00Z,92.9259,0.000000,0.000000,0.000000,above_band_high
2026-07-29T23:47:00Z,92.9076,0.000000,0.000000,0.000000,above_band_high
2026-07-29T23:48:00Z,92.8435,0.000000,0.000000,0.000000,above_band_high
2026-07-29T23:49:00Z,92.8267,0.000000,0.000000,0.000000,above_band_high
2026-07-29T23:50:00Z,92.8206,0.000000,0.000000,0.000000,above_band_high
2026-07-29T23:51:00Z,92.7947,0.000000,0.000000,0.000000,above_band_high
2026-07-29T23:52:00Z,92.7749,0.000000,0.000000,0.000000,above_band_high
2026-07-29T23:53:00Z,92.7565,0.000000,0.000000,0.000000,above_band_high
2026-07-29T23:54:00Z,92.6787,0.000000,0.000000,0.000000,above_band_high
2026-07-29T23:55:00Z,92.6513,0.000000,0.000000,0.000000,above_band_high
2026-07-29T23:56:00Z,92.6009,0.000000,0.000000,0.000000,above_band_high
2026-07-29T23:57:00Z,92.5612,0.000000,0.000000,0.000000,above_band_high
2026-07-29T23:58:00Z,92.5109,0.000000,0.000000,0.000000,above_band_high
2026-07-29T23:59:00Z,92.4697,0.000000,0.000000,0.000000,above_band_high
2026-07-30T00:00:00Z,92.4453,0.000000,0.000000,0.000000,above_band_high
2026-07-30T00:01:00Z,92.3949,0.000000,0.000000,0.000000,above_band_high
2026-07-30T00:02:00Z,92.3415,0.000000,0.000000,0.000000,above_band_high
2026-07-30T00:03:00Z,92.3278,0.000000,0.000000,0.000000,above_band_high
2026-07-30T00:04:00Z,92.3079,0.000000,0.000000,0.000000,above_band_high
2026-07-30T00:05:00Z,92.2667,0.000000,0.000000,0.000000,above_band_high
2026-07-30T00:06:00Z,92.2393,0.000000,0.000000,0.000000,above_band_high
2026-07-30T00:07:00Z,92.2255,0.000000,0.000000,0.000000,above_band_high
2026-07-30T00:08:00Z,92.2454,0.000000,0.000000,0.000000,above_band_high
2026-07-30T00:09:00Z,92.2179,0.000000,0.000000,0.000000,above_band_high
2026-07-30T00:10:00Z,92.1630,0.000000,0.000000,0.000000,above_band_high
2026-07-30T00:11:00Z,92.1996,0.000000,0.000000,0.000000,above_band_high
2026-07-30T00:12:00Z,92.2087,0.000000,0.000000,0.000000,above_band_high
2026-07-30T00:13:00Z,92.1950,0.000000,0.000000,0.000000,above_band_high
2026-07-30T00:14:00Z,92.1675,0.000000,0.000000,0.000000,above_band_high
2026-07-30T00:15:00Z,92.2042,0.000000,0.000000,0.000000,above_band_high
2026-07-30T00:16:00Z,92.1843,0.000000,0.000000,0.000000,above_band_high
2026-07-30T00:17:00Z,92.1904,0.000000,0.000000,0.000000,above_band_high
2026-07-30T00:18:00Z,92.1523,0.000000,0.000000,0.000000,above_band_high
2026-07-30T00:19:00Z,92.1386,0.000000,0.000000,0.000000,above_band_high
2026-07-30T00:20:00Z,92.1309,0.000000,0.000000,0.000000,above_band_high
2026-07-30T00:21:00Z,92.1721,0.000000,0.000000,0.000000,above_band_high
2026-07-30T00:22:00Z,92.1614,0.000000,0.000000,0.000000,above_band_high
2026-07-30T00:23:00Z,92.1584,0.000000,0.000000,0.000000,above_band_high
2026-07-30T00:24:00Z,92.1218,0.000000,0.000000,0.000000,above_band_high
2026-07-30T00:25:00Z,92.1431,0.000000,0.000000,0.000000,above_band_high
2026-07-30T00:26:00Z,92.1706,0.000000,0.000000,0.000000,above_band_high
2026-07-30T00:27:00Z,92.1614,0.000000,0.000000,0.000000,above_band_high
2026-07-30T00:28:00Z,92.1386,0.000000,0.000000,0.000000,above_band_high
2026-07-30T00:29:00Z,92.1706,0.000000,0.000000,0.000000,above_band_high
2026-07-30T00:30:00Z,92.1721,0.000000,0.000000,0.000000,above_band_high
2026-07-30T00:31:00Z,92.1523,0.000000,0.000000,0.000000,above_band_high
2026-07-30T00:32:00Z,92.2026,0.000000,0.000000,0.000000,above_band_high
2026-07-30T00:33:00Z,92.1721,0.000000,0.000000,0.000000,above_band_high
2026-07-30T00:34:00Z,92.1477,0.000000,0.000000,0.000000,above_band_high
2026-07-30T00:35:00Z,92.1614,0.000000,0.000000,0.000000,above_band_high
2026-07-30T00:36:00Z,92.1477,0.000000,0.000000,0.000000,above_band_high
2026-07-30T00:37:00Z,92.1660,0.000000,0.000000,0.000000,above_band_high
2026-07-30T00:38:00Z,92.1843,0.000000,0.000000,0.000000,above_band_high
2026-07-30T00:39:00Z,92.1660,0.000000,0.000000,0.000000,above_band_high
2026-07-30T00:40:00Z,92.1538,0.000000,0.000000,0.000000,above_band_high
2026-07-30T00:41:00Z,92.1523,0.000000,0.000000,0.000000,above_band_high
2026-07-30T00:42:00Z,92.1523,0.000000,0.000000,0.000000,above_band_high
2026-07-30T00:43:00Z,92.1538,0.000000,0.000000,0.000000,above_band_high
2026-07-30T00:44:00Z,92.1248,0.000000,0.000000,0.000000,above_band_high
2026-07-30T00:45:00Z,92.1523,0.000000,0.000000,0.000000,above_band_high
2026-07-30T00:46:00Z,92.1019,0.000000,0.000000,0.000000,above_band_high
2026-07-30T00:47:00Z,92.0897,0.000000,0.000000,0.000000,above_band_high
2026-07-30T00:48:00Z,92.0623,0.000000,0.000000,0.000000,above_band_high
2026-07-30T00:49:00Z,92.0790,0.000000,0.000000,0.000000,above_band_high
2026-07-30T00:50:00Z,92.0516,0.000000,0.000000,0.000000,above_band_high
2026-07-30T00:51:00Z,92.0485,0.000000,0.000000,0.000000,above_band_high
2026-07-30T00:52:00Z,92.0485,0.000000,0.000000,0.000000,above_band_high
2026-07-30T00:53:00Z,92.0424,0.000000,0.000000,0.000000,above_band_high
2026-07-30T00:54:00Z,92.0058,0.000000,0.000000,0.000000,above_band_high
2026-07-30T00:55:00Z,91.9921,0.000000,0.000000,0.000000,above_band_high
2026-07-30T00:56:00Z,91.9646,0.000000,0.000000,0.000000,above_band_high
2026-07-30T00:57:00Z,91.9524,0.000000,0.000000,0.000000,above_band_high
2026-07-30T00:58:00Z,91.9066,0.000000,0.000000,0.000000,above_band_high
2026-07-30T00:59:00Z,91.8883,0.000000,0.000000,0.000000,above_band_high
2026-07-30T01:00:00Z,91.8746,0.000000,0.000000,0.000000,above_band_high
2026-07-30T01:01:00Z,91.8288,0.000000,0.000000,0.000000,above_band_high
2026-07-30T01:02:00Z,91.7998,0.000000,0.000000,0.000000,above_band_high
2026-07-30T01:03:00Z,91.7998,0.000000,0.000000,0.000000,above_band_high
2026-07-30T01:04:00Z,91.7693,0.000000,0.000000,0.000000,above_band_high
2026-07-30T01:05:00Z,91.7647,0.000000,0.000000,0.000000,above_band_high
2026-07-30T01:06:00Z,91.6960,0.000000,0.000000,0.000000,above_band_high
2026-07-30T01:07:00Z,91.7144,0.000000,0.000000,0.000000,above_band_high
2026-07-30T01:08:00Z,91.6899,0.000000,0.000000,0.000000,above_band_high
2026-07-30T01:09:00Z,91.6625,0.000000,0.000000,0.000000,above_band_high
2026-07-30T01:10:00Z,91.6823,0.000000,0.000000,0.000000,above_band_high
2026-07-30T01:11:00Z,91.6686,0.000000,0.000000,0.000000,above_band_high
2026-07-30T01:12:00Z,91.6945,0.000000,0.000000,0.000000,above_band_high
2026-07-30T01:13:00Z,91.7082,0.000000,0.000000,0.000000,above_band_high
2026-07-30T01:14:00Z,91.6487,0.000000,0.000000,0.000000,above_band_high
2026-07-30T01:15:00Z,91.6625,0.000000,0.000000,0.000000,above_band_high
2026-07-30T01:16:00Z,91.6548,0.000000,0.000000,0.000000,above_band_high
2026-07-30T01:17:00Z,91.6258,0.000000,0.000000,0.000000,above_band_high
2026-07-30T01:18:00Z,91.6182,0.000000,0.000000,0.000000,above_band_high
2026-07-30T01:19:00Z,91.6594,0.000000,0.000000,0.000000,above_band_high
2026-07-30T01:20:00Z,91.6320,0.000000,0.000000,0.000000,above_band_high
2026-07-30T01:21:00Z,91.5862,0.000000,0.000000,0.000000,above_band_high
2026-07-30T01:22:00Z,91.5953,0.000000,0.000000,0.000000,above_band_high
2026-07-30T01:23:00Z,91.5496,0.000000,0.000000,0.000000,above_band_high
2026-07-30T01:24:00Z,91.5541,0.000000,0.000000,0.000000,above_band_high
2026-07-30T01:24:51Z,91.5038,0.000000,0.002119,0.002119,above_band_high
2026-07-30T01:25:00Z,91.5267,0.000000,0.000000,0.000000,above_band_high
2026-07-30T01:25:59Z,91.4931,0.000000,0.002666,0.002666,in_band
2026-07-30T01:26:00Z,91.4931,0.000000,0.002623,0.002623,in_band
2026-07-30T01:26:05Z,91.4946,0.002497,0.002481,-0.000016,in_band
2026-07-30T01:28:28Z,91.4763,0.000285,0.000346,0.000061,in_band
2026-07-30T01:28:59Z,91.4763,0.000171,0.000207,0.000036,in_band
2026-07-30T01:29:00Z,91.4763,0.000168,0.000204,0.000036,in_band
2026-07-30T01:29:59Z,91.4122,0.000063,0.000077,0.000013,in_band
2026-07-30T01:30:00Z,91.4122,0.000062,0.000076,0.000013,in_band
2026-07-30T01:30:59Z,91.3664,0.000024,0.000029,0.000005,in_band
2026-07-30T01:31:00Z,91.3664,0.000023,0.000028,0.000005,in_band
2026-07-30T01:31:59Z,91.3420,0.000009,0.000011,0.000002,in_band
2026-07-30T01:32:00Z,91.3420,0.000009,0.000010,0.000002,in_band
2026-07-30T01:32:59Z,91.3146,0.000003,0.000004,0.000001,in_band
2026-07-30T01:33:00Z,91.3146,0.000003,0.000004,0.000001,in_band
2026-07-30T01:33:59Z,91.3146,0.000001,0.000001,0.000000,in_band
2026-07-30T01:34:00Z,91.3146,0.000001,0.000001,0.000000,in_band
2026-07-30T01:34:59Z,91.2566,0.000000,0.000001,0.000000,in_band
2026-07-30T01:35:00Z,91.2566,0.000000,0.000001,0.000000,in_band
2026-07-30T01:35:59Z,91.2642,0.000000,0.000000,0.000000,in_band
2026-07-30T01:36:00Z,91.2642,0.000000,0.000000,0.000000,in_band
2026-07-30T01:36:59Z,91.2245,0.000000,0.000000,0.000000,in_band
2026-07-30T01:37:00Z,91.2245,0.000000,0.000000,0.000000,in_band
2026-07-30T01:37:59Z,91.1452,0.000000,0.000000,0.000000,in_band
2026-07-30T01:38:00Z,91.1452,0.000000,0.000000,0.000000,in_band
2026-07-30T01:38:59Z,91.1543,0.000000,0.000000,0.000000,in_band
2026-07-30T01:39:00Z,91.1543,0.000000,0.000000,0.000000,in_band
2026-07-30T01:39:59Z,91.1376,0.000000,0.000000,0.000000,in_band
2026-07-30T01:40:00Z,91.1376,0.000000,0.000000,0.000000,in_band
2026-07-30T01:40:59Z,91.1086,0.000000,0.000000,0.000000,in_band
2026-07-30T01:41:00Z,91.1086,0.000000,0.000000,0.000000,in_band
2026-07-30T01:41:59Z,91.0674,0.000000,0.000000,0.000000,in_band
2026-07-30T01:42:00Z,91.0674,0.000000,0.000000,0.000000,in_band
2026-07-30T01:42:59Z,91.0506,0.000000,0.000000,0.000000,in_band
2026-07-30T01:43:00Z,91.0506,0.000000,0.000000,0.000000,in_band
2026-07-30T01:43:59Z,91.0170,0.000000,0.000000,0.000000,in_band
2026-07-30T01:44:00Z,91.0170,0.000000,0.000000,0.000000,in_band
2026-07-30T01:44:59Z,90.9957,0.000000,0.000000,0.000000,in_band
2026-07-30T01:45:00Z,90.9957,0.000000,0.000000,0.000000,in_band
2026-07-30T01:45:59Z,90.9773,0.000000,0.000000,0.000000,in_band
2026-07-30T01:46:00Z,90.9773,0.000000,0.000000,0.000000,in_band
2026-07-30T01:46:59Z,90.9453,0.000000,0.000000,0.000000,in_band
2026-07-30T01:47:00Z,90.9453,0.000000,0.000000,0.000000,in_band
2026-07-30T01:47:59Z,90.8934,0.000000,0.000000,0.000000,in_band
2026-07-30T01:48:00Z,90.8934,0.000000,0.000000,0.000000,in_band
2026-07-30T01:48:59Z,90.8080,0.000000,0.000000,0.000000,in_band
2026-07-30T01:49:00Z,90.8080,0.000000,0.000000,0.000000,in_band
2026-07-30T01:49:59Z,90.7790,0.000000,0.000000,0.000000,in_band
2026-07-30T01:50:00Z,90.7790,0.000000,0.000000,0.000000,in_band
2026-07-30T01:50:59Z,90.7256,0.000000,0.000000,0.000000,in_band
2026-07-30T01:51:00Z,90.7256,0.000000,0.000000,0.000000,in_band
2026-07-30T01:51:59Z,90.6737,0.000000,0.000000,0.000000,in_band
2026-07-30T01:52:00Z,90.6737,0.000000,0.000000,0.000000,in_band
2026-07-30T01:52:59Z,90.6142,0.000000,0.000000,0.000000,in_band
2026-07-30T01:53:00Z,90.6142,0.000000,0.000000,0.000000,in_band
2026-07-30T01:53:59Z,90.5638,0.000000,0.000000,0.000000,in_band
2026-07-30T01:54:00Z,90.5638,0.000000,0.000000,0.000000,in_band
2026-07-30T01:54:59Z,90.5318,0.000000,0.000000,0.000000,in_band
2026-07-30T01:55:00Z,90.5318,0.000000,0.000000,0.000000,in_band
2026-07-30T01:55:59Z,90.4280,0.000000,0.000000,0.000000,in_band
2026-07-30T01:56:00Z,90.4280,0.000000,0.000000,0.000000,in_band
2026-07-30T01:56:59Z,90.4356,0.000000,0.000000,0.000000,in_band
2026-07-30T01:57:00Z,90.4356,0.000000,0.000000,0.000000,in_band
2026-07-30T01:57:59Z,90.3624,0.000000,0.000000,0.000000,in_band
2026-07-30T01:58:00Z,90.3624,0.000000,0.000000,0.000000,in_band
2026-07-30T01:58:59Z,90.2770,0.000000,0.000000,0.000000,in_band
2026-07-30T01:59:00Z,90.2770,0.000000,0.000000,0.000000,in_band
2026-07-30T01:59:59Z,90.2266,0.000000,0.000000,0.000000,in_band
2026-07-30T02:00:00Z,90.2266,0.000000,0.000000,0.000000,in_band
2026-07-30T02:00:59Z,90.1701,0.000000,0.000000,0.000000,in_band
2026-07-30T02:01:00Z,90.1701,0.000000,0.000000,0.000000,in_band
2026-07-30T02:01:59Z,90.1350,0.000000,0.000000,0.000000,in_band
2026-07-30T02:02:00Z,90.1350,0.000000,0.000000,0.000000,in_band
2026-07-30T02:02:59Z,90.1030,0.000000,0.000000,0.000000,in_band
2026-07-30T02:03:00Z,90.1030,0.000000,0.000000,0.000000,in_band
2026-07-30T02:03:59Z,90.0481,0.000000,0.000000,0.000000,in_band
2026-07-30T02:04:00Z,90.0481,0.000000,0.000000,0.000000,in_band
2026-07-30T02:04:59Z,90.0145,0.000000,0.000000,0.000000,in_band
2026-07-30T02:05:07Z,90.0206,0.000000,0.000000,-0.000000,in_band
2026-07-30T02:05:19Z,89.9641,0.000000,0.000183,0.000183,below_midpoint_feather
2026-07-30T02:06:35Z,89.9550,0.000019,0.000290,0.000271,below_midpoint_feather
2026-07-30T02:06:45Z,90.0099,0.000102,0.000002,-0.000100,in_band
2026-07-30T02:07:33Z,90.0023,0.000220,0.000008,-0.000212,in_band
2026-07-30T02:07:45Z,89.9153,0.000356,0.001030,0.000674,below_midpoint_feather
2026-07-30T02:08:18Z,89.9336,0.000197,0.000647,0.000451,below_midpoint_feather
2026-07-30T02:08:49Z,89.9779,0.000372,0.000102,-0.000270,below_midpoint_feather
2026-07-30T02:09:41Z,89.8924,0.000796,0.001709,0.000913,below_midpoint_feather
2026-07-30T02:09:59Z,89.9641,0.001122,0.000265,-0.000857,below_midpoint_feather
2026-07-30T02:10:00Z,89.9641,0.001123,0.000266,-0.000857,below_midpoint_feather
2026-07-30T02:10:47Z,89.9046,0.000601,0.001448,0.000846,below_midpoint_feather
2026-07-30T02:11:25Z,89.9657,0.001004,0.000379,-0.000624,below_midpoint_feather
2026-07-30T02:11:57Z,89.9245,0.000407,0.001069,0.000662,below_midpoint_feather
2026-07-30T02:12:47Z,89.9275,0.000645,0.001062,0.000417,below_midpoint_feather
2026-07-30T02:12:55Z,89.9886,0.000720,0.000341,-0.000379,below_midpoint_feather
2026-07-30T02:13:45Z,89.9733,0.000761,0.000469,-0.000293,below_midpoint_feather
2026-07-30T02:13:59Z,89.9275,0.000538,0.001126,0.000588,below_midpoint_feather
2026-07-30T02:14:00Z,89.9275,0.000539,0.001126,0.000588,below_midpoint_feather
2026-07-30T02:14:37Z,89.9886,0.000651,0.000427,-0.000224,below_midpoint_feather
2026-07-30T02:15:37Z,89.9733,0.000912,0.000553,-0.000359,below_midpoint_feather
2026-07-30T02:15:49Z,89.9275,0.000698,0.001208,0.000509,below_midpoint_feather
2026-07-30T02:16:43Z,89.9565,0.001222,0.000777,-0.000445,below_midpoint_feather
2026-07-30T02:16:49Z,89.8955,0.001137,0.002069,0.000932,below_midpoint_feather
2026-07-30T02:17:21Z,89.9062,0.001013,0.001810,0.000797,below_midpoint_feather
2026-07-30T02:17:31Z,89.9458,0.001592,0.000989,-0.000603,below_midpoint_feather
2026-07-30T02:18:25Z,89.8741,0.001754,0.002917,0.001163,below_midpoint_feather
2026-07-30T02:18:47Z,89.9458,0.001795,0.001125,-0.000670,below_midpoint_feather
2026-07-30T02:19:23Z,89.8741,0.001914,0.003047,0.001133,below_midpoint_feather
2026-07-30T02:19:47Z,89.9138,0.003222,0.001915,-0.001307,below_midpoint_feather
2026-07-30T02:20:01Z,89.8360,0.002832,0.004729,0.001897,below_midpoint_feather
2026-07-30T02:20:19Z,89.8863,0.003926,0.002808,-0.001118,below_midpoint_feather
2026-07-30T02:21:21Z,89.7902,0.004759,0.007552,0.002793,below_midpoint_feather
2026-07-30T02:21:49Z,89.8421,0.006365,0.005038,-0.001327,below_midpoint_feather
2026-07-30T02:22:20Z,89.7444,0.007823,0.011051,0.003228,below_midpoint_feather
2026-07-30T02:22:23Z,89.8100,0.010532,0.006923,-0.003609,below_midpoint_feather
2026-07-30T02:23:20Z,89.7215,0.010576,0.013526,0.002950,below_midpoint_feather
2026-07-30T02:23:59Z,89.7673,0.014260,0.010850,-0.003410,below_midpoint_feather
2026-07-30T02:24:00Z,89.7673,0.014278,0.010870,-0.003408,below_midpoint_feather
2026-07-30T02:24:19Z,89.6544,0.015907,0.020537,0.004630,below_midpoint_feather
2026-07-30T02:25:35Z,89.7078,0.020980,0.017674,-0.003306,below_midpoint_feather
2026-07-30T02:25:43Z,89.6025,0.022243,0.028244,0.006001,below_midpoint_feather
2026-07-30T02:26:19Z,89.5979,0.025099,0.029973,0.004874,below_midpoint_feather
2026-07-30T02:26:49Z,89.6620,0.029802,0.024366,-0.005436,below_midpoint_feather
2026-07-30T02:27:10Z,89.5537,0.032222,0.037322,0.005100,below_midpoint_feather
2026-07-30T02:27:43Z,89.6040,0.037005,0.032828,-0.004177,below_midpoint_feather
2026-07-30T02:28:51Z,89.5293,0.049382,0.046004,-0.003378,below_midpoint_feather
2026-07-30T02:28:59Z,89.4530,0.051005,0.057591,0.006586,below_midpoint_feather
2026-07-30T02:29:00Z,89.4530,0.051073,0.057658,0.006585,below_midpoint_feather
2026-07-30T02:29:51Z,89.4667,0.063204,0.059411,-0.003793,below_midpoint_feather
2026-07-30T02:30:33Z,89.3736,0.070111,0.078498,0.008386,below_midpoint_feather
2026-07-30T02:30:39Z,89.4255,0.074273,0.070216,-0.004057,below_midpoint_feather
2026-07-30T02:31:09Z,89.3416,0.078075,0.087988,0.009913,below_midpoint_feather
2026-07-30T02:31:53Z,89.3507,0.093796,0.091317,-0.002478,below_midpoint_feather
2026-07-30T02:32:18Z,89.2775,0.101649,0.108801,0.007152,below_midpoint_feather
2026-07-30T02:32:25Z,89.3111,0.106838,0.103009,-0.003830,below_midpoint_feather
2026-07-30T02:33:18Z,89.2134,0.123216,0.131431,0.008215,below_midpoint_feather
2026-07-30T02:33:21Z,89.2699,0.129689,0.119744,-0.009944,below_midpoint_feather
2026-07-30T02:34:03Z,89.2241,0.147428,0.136881,-0.010547,below_midpoint_feather
2026-07-30T02:34:29Z,89.1630,0.147437,0.155861,0.008423,below_midpoint_feather
2026-07-30T02:35:03Z,89.1234,0.164050,0.172495,0.008445,below_midpoint_feather
2026-07-30T02:35:53Z,89.1218,0.190761,0.184033,-0.006728,below_midpoint_feather
2026-07-30T02:36:03Z,89.1417,0.195490,0.181503,-0.013987,below_midpoint_feather
2026-07-30T02:36:25Z,89.0318,0.204496,0.215442,0.010946,below_midpoint_feather
2026-07-30T02:37:43Z,88.9754,0.238372,0.252510,0.014138,below_midpoint_feather
2026-07-30T02:37:51Z,89.0257,0.248439,0.240531,-0.007907,below_midpoint_feather
2026-07-30T02:38:48Z,88.8838,0.283256,0.300595,0.017338,below_midpoint_feather
2026-07-30T02:38:53Z,88.9479,0.293815,0.282519,-0.011296,below_midpoint_feather
2026-07-30T02:39:21Z,88.9158,0.308746,0.302010,-0.006736,below_midpoint_feather
2026-07-30T02:39:52Z,88.8106,0.333430,0.347602,0.014172,below_midpoint_feather
2026-07-30T02:40:35Z,88.8472,0.360395,0.352915,-0.007479,below_midpoint_feather
2026-07-30T02:40:38Z,88.7617,0.365778,0.383245,0.017467,below_midpoint_feather
2026-07-30T02:41:49Z,88.7648,0.424000,0.414492,-0.009508,below_midpoint_feather
2026-07-30T02:41:54Z,88.6793,0.434748,0.447985,0.013236,below_midpoint_feather
2026-07-30T02:42:31Z,88.7617,0.445010,0.436685,-0.008325,below_midpoint_feather
2026-07-30T02:42:49Z,88.7022,0.453765,0.467471,0.013706,below_midpoint_feather
2026-07-30T02:43:23Z,88.7648,0.482137,0.462798,-0.019339,below_midpoint_feather
2026-07-30T02:43:49Z,88.6732,0.485405,0.510003,0.024598,below_midpoint_feather
2026-07-30T02:44:27Z,88.7160,0.498048,0.514464,0.016417,below_midpoint_feather
2026-07-30T02:44:39Z,88.7739,0.507139,0.500166,-0.006973,below_midpoint_feather
2026-07-30T02:45:01Z,88.7282,0.513915,0.528072,0.014157,below_midpoint_feather
2026-07-30T02:45:31Z,88.7984,0.525343,0.519111,-0.006233,below_midpoint_feather
2026-07-30T02:46:18Z,88.8884,0.525653,0.513535,-0.012118,below_midpoint_feather
2026-07-30T02:46:51Z,88.8609,0.525454,0.538206,0.012751,below_midpoint_feather
2026-07-30T02:47:37Z,88.9220,0.528459,0.539559,0.011101,below_midpoint_feather
2026-07-30T02:47:52Z,89.0669,0.522762,0.504388,-0.018374,below_midpoint_feather
2026-07-30T02:48:16Z,89.1447,0.508104,0.494025,-0.014079,below_midpoint_feather
2026-07-30T02:48:59Z,89.1539,0.498652,0.506560,0.007908,below_midpoint_feather
2026-07-30T02:49:14Z,89.2561,0.499057,0.487974,-0.011083,below_midpoint_feather
2026-07-30T02:49:15Z,89.1630,0.499353,0.509189,0.009836,below_midpoint_feather
2026-07-30T02:50:20Z,89.4011,0.487883,0.476816,-0.011067,below_midpoint_feather
2026-07-30T02:50:41Z,89.3797,0.481408,0.484717,0.003308,below_midpoint_feather
2026-07-30T02:51:05Z,89.4438,0.473149,0.478185,0.005036,below_midpoint_feather
2026-07-30T02:51:20Z,89.5293,0.473031,0.468010,-0.005020,below_midpoint_feather
2026-07-30T02:52:03Z,89.5933,0.462734,0.465364,0.002629,below_midpoint_feather
2026-07-30T02:52:08Z,89.6574,0.463262,0.459046,-0.004216,below_midpoint_feather
2026-07-30T02:53:36Z,89.8329,0.455775,0.452458,-0.003317,below_midpoint_feather
2026-07-30T02:53:47Z,89.7688,0.454384,0.456550,0.002166,below_midpoint_feather
2026-07-30T02:54:00Z,89.7948,0.454543,0.455422,0.000879,below_midpoint_feather
2026-07-30T02:54:06Z,89.8634,0.454099,0.452286,-0.001813,below_midpoint_feather
2026-07-30T02:55:00Z,89.9153,0.451366,0.451924,0.000558,below_midpoint_feather
2026-07-30T02:55:30Z,90.0053,0.451128,0.450286,-0.000841,in_band
2026-07-30T02:56:00Z,90.0343,0.444401,0.444551,0.000150,in_band
2026-07-30T02:56:59Z,90.1472,0.430304,0.430434,0.000130,in_band
2026-07-30T02:57:00Z,90.1472,0.430067,0.430197,0.000130,in_band
2026-07-30T02:57:59Z,90.2174,0.416286,0.416406,0.000120,in_band
2026-07-30T02:58:00Z,90.2174,0.416055,0.416175,0.000120,in_band
2026-07-30T02:58:59Z,90.3212,0.402671,0.402785,0.000114,in_band
2026-07-30T02:59:00Z,90.3212,0.402448,0.402562,0.000114,in_band
2026-07-30T02:59:59Z,90.3868,0.389482,0.389592,0.000110,in_band
2026-07-30T03:00:00Z,90.3868,0.389266,0.389375,0.000110,in_band
2026-07-30T03:00:59Z,90.4326,0.376718,0.376824,0.000106,in_band
2026-07-30T03:01:00Z,90.4326,0.376509,0.376614,0.000106,in_band
2026-07-30T03:01:59Z,90.5058,0.364369,0.364471,0.000102,in_band
2026-07-30T03:02:00Z,90.5058,0.364167,0.364269,0.000102,in_band
2026-07-30T03:02:59Z,90.5653,0.352424,0.352523,0.000099,in_band
2026-07-30T03:03:00Z,90.5653,0.352229,0.352327,0.000099,in_band
2026-07-30T03:03:59Z,90.6188,0.340871,0.340966,0.000095,in_band
2026-07-30T03:04:00Z,90.6188,0.340682,0.340777,0.000095,in_band
2026-07-30T03:04:57Z,90.6844,0.330062,0.330155,0.000092,in_band
2026-07-30T03:05:00Z,90.7073,0.329513,0.329605,0.000092,in_band
2026-07-30T03:05:59Z,90.7576,0.318887,0.318976,0.000089,in_band
2026-07-30T03:06:00Z,90.7576,0.318710,0.318799,0.000089,in_band
2026-07-30T03:06:59Z,90.7897,0.308433,0.308519,0.000086,in_band
2026-07-30T03:07:00Z,90.7897,0.308262,0.308348,0.000086,in_band
2026-07-30T03:07:59Z,90.8705,0.298321,0.298405,0.000084,in_band
2026-07-30T03:08:00Z,90.8705,0.298155,0.298239,0.000083,in_band
2026-07-30T03:08:59Z,90.9392,0.288541,0.288622,0.000081,in_band
2026-07-30T03:09:00Z,90.9392,0.288381,0.288462,0.000081,in_band
2026-07-30T03:09:59Z,90.9850,0.279082,0.279160,0.000078,in_band
2026-07-30T03:10:00Z,90.9850,0.278927,0.279005,0.000078,in_band
2026-07-30T03:10:59Z,91.0231,0.269932,0.270008,0.000076,in_band
2026-07-30T03:11:00Z,91.0231,0.269782,0.269858,0.000076,in_band
2026-07-30T03:11:59Z,91.1131,0.261083,0.261156,0.000073,in_band
2026-07-30T03:12:00Z,91.1131,0.260938,0.261011,0.000073,in_band
2026-07-30T03:12:59Z,91.1681,0.252523,0.252594,0.000071,in_band
2026-07-30T03:13:00Z,91.1681,0.252383,0.252454,0.000071,in_band
2026-07-30T03:13:59Z,91.2062,0.244245,0.244313,0.000068,in_band
2026-07-30T03:14:00Z,91.2062,0.244109,0.244177,0.000068,in_band
2026-07-30T03:14:59Z,91.2383,0.236237,0.236304,0.000066,in_band
2026-07-30T03:15:00Z,91.2383,0.236106,0.236172,0.000066,in_band
2026-07-30T03:15:58Z,91.2657,0.228620,0.228684,0.000064,in_band
2026-07-30T03:16:00Z,91.2734,0.228366,0.228430,0.000064,in_band
2026-07-30T03:16:59Z,91.3054,0.221002,0.221064,0.000062,in_band
2026-07-30T03:17:00Z,91.3054,0.220879,0.220941,0.000062,in_band
2026-07-30T03:17:59Z,91.3832,0.213756,0.213816,0.000060,in_band
2026-07-30T03:18:00Z,91.3832,0.213638,0.213698,0.000060,in_band
2026-07-30T03:18:59Z,91.4107,0.206749,0.206807,0.000058,in_band
2026-07-30T03:19:00Z,91.4107,0.206634,0.206692,0.000058,in_band
2026-07-30T03:19:59Z,91.4672,0.199971,0.200027,0.000056,in_band
2026-07-30T03:20:00Z,91.4672,0.199860,0.199916,0.000056,in_band
2026-07-30T03:20:59Z,91.4534,0.193415,0.193469,0.000054,in_band
2026-07-30T03:21:35Z,91.5068,0.189585,0.186831,-0.002754,above_band_high
2026-07-30T03:21:57Z,91.4702,0.187282,0.187957,0.000675,in_band
2026-07-30T03:22:25Z,91.5175,0.184391,0.178094,-0.006297,above_band_high
2026-07-30T03:22:27Z,91.4794,0.184186,0.185461,0.001274,in_band
2026-07-30T03:25:33Z,91.5114,0.158115,0.173595,0.015479,above_band_high
2026-07-30T03:25:51Z,91.5709,0.159607,0.147701,-0.011907,above_band_high
2026-07-30T03:26:13Z,91.5663,0.162863,0.148964,-0.013899,above_band_high
2026-07-30T03:26:45Z,91.5206,0.152003,0.167370,0.015366,above_band_high
2026-07-30T03:27:47Z,91.6045,0.152514,0.128852,-0.023662,above_band_high
2026-07-30T03:27:57Z,91.5267,0.148770,0.161554,0.012784,above_band_high
2026-07-30T03:28:25Z,91.5801,0.147317,0.137303,-0.010014,above_band_high
2026-07-30T03:28:45Z,91.5450,0.138446,0.151204,0.012758,above_band_high
2026-07-30T03:29:29Z,91.6228,0.139755,0.115370,-0.024385,above_band_high
2026-07-30T03:29:57Z,91.5663,0.124188,0.137497,0.013309,above_band_high
2026-07-30T03:30:35Z,91.5709,0.119312,0.132589,0.013276,above_band_high
2026-07-30T03:30:43Z,91.6304,0.118004,0.106534,-0.011470,above_band_high
2026-07-30T03:31:13Z,91.6808,0.100328,0.082304,-0.018024,above_band_high
2026-07-30T03:31:23Z,91.6167,0.096708,0.108600,0.011892,above_band_high
2026-07-30T03:32:41Z,91.6304,0.087864,0.093025,0.005161,above_band_high
2026-07-30T03:32:56Z,91.6869,0.085191,0.066891,-0.018300,above_band_high
2026-07-30T03:33:03Z,91.6304,0.073177,0.089999,0.016822,above_band_high
2026-07-30T03:33:11Z,91.7098,0.072064,0.055009,-0.017055,above_band_high
2026-07-30T03:34:33Z,91.6670,0.041712,0.060347,0.018635,above_band_high
2026-07-30T03:34:39Z,91.7174,0.051735,0.037811,-0.013924,above_band_high
2026-07-30T03:35:25Z,91.7586,0.029663,0.011772,-0.017891,above_band_high
2026-07-30T03:35:39Z,91.7052,0.021054,0.031780,0.010727,above_band_high
2026-07-30T03:36:05Z,91.7769,0.003953,0.000000,-0.003953,above_band_high
2026-07-30T03:36:15Z,91.7220,0.002401,0.016920,0.014519,above_band_high
2026-07-30T03:37:00Z,91.7830,0.000000,0.000000,0.000000,above_band_high
2026-07-30T03:38:00Z,91.7906,0.000000,0.000000,0.000000,above_band_high
2026-07-30T03:39:00Z,91.8379,0.000000,0.000000,0.000000,above_band_high
2026-07-30T03:40:00Z,91.8502,0.000000,0.000000,0.000000,above_band_high
2026-07-30T03:41:00Z,91.8471,0.000000,0.000000,0.000000,above_band_high
2026-07-30T03:42:00Z,91.8593,0.000000,0.000000,0.000000,above_band_high
2026-07-30T03:43:00Z,91.8563,0.000000,0.000000,0.000000,above_band_high
2026-07-30T03:44:00Z,91.8242,0.000000,0.000000,0.000000,above_band_high
2026-07-30T03:45:00Z,91.8334,0.000000,0.000000,0.000000,above_band_high
2026-07-30T03:46:00Z,91.8364,0.000000,0.000000,0.000000,above_band_high
2026-07-30T03:47:00Z,91.8242,0.000000,0.000000,0.000000,above_band_high
2026-07-30T03:48:00Z,91.7678,0.000000,0.000000,0.000000,above_band_high
2026-07-30T03:49:00Z,91.6899,0.000000,0.000000,0.000000,above_band_high
2026-07-30T03:50:00Z,91.6716,0.000000,0.000000,0.000000,above_band_high
2026-07-30T03:51:00Z,91.6182,0.000000,0.000000,0.000000,above_band_high
2026-07-30T03:52:00Z,91.5343,0.000000,0.000000,0.000000,above_band_high
2026-07-30T03:52:01Z,91.4992,0.000000,0.006253,0.006253,in_band
2026-07-30T03:53:00Z,91.5129,0.000000,0.000000,0.000000,above_band_high
2026-07-30T03:53:03Z,91.4839,0.003232,0.003026,-0.000205,in_band
2026-07-30T03:54:31Z,91.4061,0.000755,0.000711,-0.000044,in_band
2026-07-30T03:54:59Z,91.4122,0.000475,0.000447,-0.000028,in_band
2026-07-30T03:55:00Z,91.4122,0.000467,0.000440,-0.000027,in_band
2026-07-30T03:55:59Z,91.3481,0.000176,0.000166,-0.000010,in_band
2026-07-30T03:56:00Z,91.3481,0.000173,0.000163,-0.000010,in_band
2026-07-30T03:56:59Z,91.2932,0.000065,0.000062,-0.000004,in_band
2026-07-30T03:57:00Z,91.2932,0.000064,0.000061,-0.000004,in_band
2026-07-30T03:57:59Z,91.2505,0.000024,0.000023,-0.000001,in_band
2026-07-30T03:58:00Z,91.2505,0.000024,0.000022,-0.000001,in_band
2026-07-30T03:58:59Z,91.2551,0.000009,0.000008,-0.000001,in_band
2026-07-30T03:59:00Z,91.2551,0.000009,0.000008,-0.000001,in_band
2026-07-30T03:59:59Z,91.1727,0.000003,0.000003,-0.000000,in_band
2026-07-30T04:00:00Z,91.1727,0.000003,0.000003,-0.000000,in_band
2026-07-30T04:00:59Z,91.1543,0.000001,0.000001,-0.000000,in_band
2026-07-30T04:01:00Z,91.1543,0.000001,0.000001,-0.000000,in_band
2026-07-30T04:01:59Z,91.1147,0.000000,0.000000,-0.000000,in_band
2026-07-30T04:02:00Z,91.1147,0.000000,0.000000,-0.000000,in_band
2026-07-30T04:02:59Z,91.0994,0.000000,0.000000,-0.000000,in_band
2026-07-30T04:03:00Z,91.0994,0.000000,0.000000,-0.000000,in_band
2026-07-30T04:03:59Z,91.0765,0.000000,0.000000,-0.000000,in_band
2026-07-30T04:04:00Z,91.0765,0.000000,0.000000,-0.000000,in_band
2026-07-30T04:04:59Z,91.0536,0.000000,0.000000,-0.000000,in_band
2026-07-30T04:05:00Z,91.0536,0.000000,0.000000,-0.000000,in_band
2026-07-30T04:05:59Z,91.0353,0.000000,0.000000,-0.000000,in_band
2026-07-30T04:06:00Z,91.0353,0.000000,0.000000,-0.000000,in_band
2026-07-30T04:06:59Z,90.9712,0.000000,0.000000,-0.000000,in_band
2026-07-30T04:07:00Z,90.9712,0.000000,0.000000,-0.000000,in_band
2026-07-30T04:07:59Z,90.9895,0.000000,0.000000,-0.000000,in_band
2026-07-30T04:08:00Z,90.9895,0.000000,0.000000,-0.000000,in_band
2026-07-30T04:08:59Z,90.9499,0.000000,0.000000,-0.000000,in_band
2026-07-30T04:09:00Z,90.9499,0.000000,0.000000,-0.000000,in_band
2026-07-30T04:09:59Z,90.8934,0.000000,0.000000,-0.000000,in_band
2026-07-30T04:10:00Z,90.8934,0.000000,0.000000,-0.000000,in_band
2026-07-30T04:10:59Z,90.8431,0.000000,0.000000,-0.000000,in_band
2026-07-30T04:11:00Z,90.8431,0.000000,0.000000,-0.000000,in_band
2026-07-30T04:11:59Z,90.7897,0.000000,0.000000,-0.000000,in_band
2026-07-30T04:12:00Z,90.7897,0.000000,0.000000,-0.000000,in_band
2026-07-30T04:12:59Z,90.7576,0.000000,0.000000,-0.000000,in_band
2026-07-30T04:13:00Z,90.7576,0.000000,0.000000,-0.000000,in_band
2026-07-30T04:13:59Z,90.6157,0.000000,0.000000,-0.000000,in_band
2026-07-30T04:14:00Z,90.6157,0.000000,0.000000,-0.000000,in_band
2026-07-30T04:14:59Z,90.5516,0.000000,0.000000,-0.000000,in_band
2026-07-30T04:15:00Z,90.5516,0.000000,0.000000,-0.000000,in_band
2026-07-30T04:15:59Z,90.4601,0.000000,0.000000,-0.000000,in_band
2026-07-30T04:16:00Z,90.4601,0.000000,0.000000,-0.000000,in_band
2026-07-30T04:16:59Z,90.4463,0.000000,0.000000,-0.000000,in_band
2026-07-30T04:17:00Z,90.4463,0.000000,0.000000,-0.000000,in_band
2026-07-30T04:17:59Z,90.4677,0.000000,0.000000,-0.000000,in_band
2026-07-30T04:18:00Z,90.4677,0.000000,0.000000,-0.000000,in_band
2026-07-30T04:18:59Z,90.4738,0.000000,0.000000,-0.000000,in_band
2026-07-30T04:19:00Z,90.4738,0.000000,0.000000,-0.000000,in_band
2026-07-30T04:19:59Z,90.5058,0.000000,0.000000,-0.000000,in_band
2026-07-30T04:20:00Z,90.5058,0.000000,0.000000,-0.000000,in_band
2026-07-30T04:20:59Z,90.5409,0.000000,0.000000,-0.000000,in_band
2026-07-30T04:21:00Z,90.5409,0.000000,0.000000,-0.000000,in_band
2026-07-30T04:21:59Z,90.5699,0.000000,0.000000,-0.000000,in_band
2026-07-30T04:22:00Z,90.5699,0.000000,0.000000,-0.000000,in_band
2026-07-30T04:22:59Z,90.5638,0.000000,0.000000,-0.000000,in_band
2026-07-30T04:23:00Z,90.5638,0.000000,0.000000,-0.000000,in_band
2026-07-30T04:23:59Z,90.5867,0.000000,0.000000,-0.000000,in_band
2026-07-30T04:24:00Z,90.5867,0.000000,0.000000,-0.000000,in_band
2026-07-30T04:24:59Z,90.6020,0.000000,0.000000,-0.000000,in_band
2026-07-30T04:25:00Z,90.6020,0.000000,0.000000,-0.000000,in_band
2026-07-30T04:25:59Z,90.5699,0.000000,0.000000,-0.000000,in_band
2026-07-30T04:26:00Z,90.5699,0.000000,0.000000,-0.000000,in_band
2026-07-30T04:26:59Z,90.6233,0.000000,0.000000,-0.000000,in_band
2026-07-30T04:27:00Z,90.6233,0.000000,0.000000,-0.000000,in_band
2026-07-30T04:27:59Z,90.6050,0.000000,0.000000,-0.000000,in_band
2026-07-30T04:28:00Z,90.6050,0.000000,0.000000,-0.000000,in_band
2026-07-30T04:28:59Z,90.6249,0.000000,0.000000,-0.000000,in_band
2026-07-30T04:29:00Z,90.6249,0.000000,0.000000,-0.000000,in_band
2026-07-30T04:29:59Z,90.6340,0.000000,0.000000,-0.000000,in_band
2026-07-30T04:30:00Z,90.6340,0.000000,0.000000,-0.000000,in_band
2026-07-30T04:30:59Z,90.6477,0.000000,0.000000,-0.000000,in_band
2026-07-30T04:31:00Z,90.6477,0.000000,0.000000,-0.000000,in_band
2026-07-30T04:31:59Z,90.6828,0.000000,0.000000,-0.000000,in_band
2026-07-30T04:32:00Z,90.6828,0.000000,0.000000,-0.000000,in_band
2026-07-30T04:32:59Z,90.6203,0.000000,0.000000,-0.000000,in_band
2026-07-30T04:33:00Z,90.6203,0.000000,0.000000,-0.000000,in_band
2026-07-30T04:33:59Z,90.6416,0.000000,0.000000,-0.000000,in_band
2026-07-30T04:34:00Z,90.6416,0.000000,0.000000,-0.000000,in_band
2026-07-30T04:34:59Z,90.6554,0.000000,0.000000,-0.000000,in_band
2026-07-30T04:35:00Z,90.6554,0.000000,0.000000,-0.000000,in_band
2026-07-30T04:35:59Z,90.6279,0.000000,0.000000,-0.000000,in_band
2026-07-30T04:36:00Z,90.6279,0.000000,0.000000,-0.000000,in_band
2026-07-30T04:36:59Z,90.6889,0.000000,0.000000,-0.000000,in_band
2026-07-30T04:37:00Z,90.6889,0.000000,0.000000,-0.000000,in_band
2026-07-30T04:37:59Z,90.6554,0.000000,0.000000,-0.000000,in_band
2026-07-30T04:38:00Z,90.6554,0.000000,0.000000,-0.000000,in_band
2026-07-30T04:38:59Z,90.7057,0.000000,0.000000,-0.000000,in_band
2026-07-30T04:39:00Z,90.7057,0.000000,0.000000,-0.000000,in_band
2026-07-30T04:39:59Z,90.7149,0.000000,0.000000,-0.000000,in_band
2026-07-30T04:40:00Z,90.7149,0.000000,0.000000,-0.000000,in_band
2026-07-30T04:40:59Z,90.6874,0.000000,0.000000,-0.000000,in_band
2026-07-30T04:41:00Z,90.6874,0.000000,0.000000,-0.000000,in_band
2026-07-30T04:41:59Z,90.7057,0.000000,0.000000,-0.000000,in_band
2026-07-30T04:42:00Z,90.7057,0.000000,0.000000,-0.000000,in_band
2026-07-30T04:42:59Z,90.6874,0.000000,0.000000,-0.000000,in_band
2026-07-30T04:43:00Z,90.6874,0.000000,0.000000,-0.000000,in_band
2026-07-30T04:43:59Z,90.6981,0.000000,0.000000,-0.000000,in_band
2026-07-30T04:44:00Z,90.6981,0.000000,0.000000,-0.000000,in_band
2026-07-30T04:44:59Z,90.6935,0.000000,0.000000,-0.000000,in_band
2026-07-30T04:45:00Z,90.6935,0.000000,0.000000,-0.000000,in_band
2026-07-30T04:45:59Z,90.6844,0.000000,0.000000,-0.000000,in_band
2026-07-30T04:46:00Z,90.6844,0.000000,0.000000,-0.000000,in_band
2026-07-30T04:46:59Z,90.6935,0.000000,0.000000,-0.000000,in_band
2026-07-30T04:47:00Z,90.6935,0.000000,0.000000,-0.000000,in_band
2026-07-30T04:47:59Z,90.6691,0.000000,0.000000,-0.000000,in_band
2026-07-30T04:48:00Z,90.6691,0.000000,0.000000,-0.000000,in_band
2026-07-30T04:48:59Z,90.6462,0.000000,0.000000,-0.000000,in_band
2026-07-30T04:49:00Z,90.6462,0.000000,0.000000,-0.000000,in_band
2026-07-30T04:49:59Z,90.6386,0.000000,0.000000,-0.000000,in_band
2026-07-30T04:50:00Z,90.6386,0.000000,0.000000,-0.000000,in_band
2026-07-30T04:50:59Z,90.6157,0.000000,0.000000,-0.000000,in_band
2026-07-30T04:51:00Z,90.6157,0.000000,0.000000,-0.000000,in_band
2026-07-30T04:51:59Z,90.5776,0.000000,0.000000,-0.000000,in_band
2026-07-30T04:52:00Z,90.5776,0.000000,0.000000,-0.000000,in_band
2026-07-30T04:52:59Z,90.5837,0.000000,0.000000,-0.000000,in_band
2026-07-30T04:53:00Z,90.5837,0.000000,0.000000,-0.000000,in_band
2026-07-30T04:53:59Z,90.5959,0.000000,0.000000,-0.000000,in_band
2026-07-30T04:54:00Z,90.5959,0.000000,0.000000,-0.000000,in_band
2026-07-30T04:54:59Z,90.5196,0.000000,0.000000,-0.000000,in_band
2026-07-30T04:55:00Z,90.5196,0.000000,0.000000,-0.000000,in_band
2026-07-30T04:55:59Z,90.4601,0.000000,0.000000,-0.000000,in_band
2026-07-30T04:56:00Z,90.4601,0.000000,0.000000,-0.000000,in_band
2026-07-30T04:56:59Z,90.4463,0.000000,0.000000,-0.000000,in_band
2026-07-30T04:57:00Z,90.4463,0.000000,0.000000,-0.000000,in_band
2026-07-30T04:57:59Z,90.4280,0.000000,0.000000,-0.000000,in_band
2026-07-30T04:58:00Z,90.4280,0.000000,0.000000,-0.000000,in_band
2026-07-30T04:58:59Z,90.3868,0.000000,0.000000,-0.000000,in_band
2026-07-30T04:59:00Z,90.3868,0.000000,0.000000,-0.000000,in_band
2026-07-30T04:59:59Z,90.3624,0.000000,0.000000,-0.000000,in_band
2026-07-30T05:00:00Z,90.3624,0.000000,0.000000,-0.000000,in_band
2026-07-30T05:00:59Z,90.3502,0.000000,0.000000,-0.000000,in_band
2026-07-30T05:01:00Z,90.3502,0.000000,0.000000,-0.000000,in_band
2026-07-30T05:01:59Z,90.3502,0.000000,0.000000,-0.000000,in_band
2026-07-30T05:02:00Z,90.3502,0.000000,0.000000,-0.000000,in_band
2026-07-30T05:02:59Z,90.3227,0.000000,0.000000,-0.000000,in_band
2026-07-30T05:03:00Z,90.3227,0.000000,0.000000,-0.000000,in_band
2026-07-30T05:03:59Z,90.3166,0.000000,0.000000,-0.000000,in_band
2026-07-30T05:04:00Z,90.3166,0.000000,0.000000,-0.000000,in_band
2026-07-30T05:04:59Z,90.2724,0.000000,0.000000,-0.000000,in_band
2026-07-30T05:05:00Z,90.2724,0.000000,0.000000,-0.000000,in_band
2026-07-30T05:05:59Z,90.2586,0.000000,0.000000,-0.000000,in_band
2026-07-30T05:06:00Z,90.2586,0.000000,0.000000,-0.000000,in_band
2026-07-30T05:06:59Z,90.2205,0.000000,0.000000,-0.000000,in_band
2026-07-30T05:07:00Z,90.2205,0.000000,0.000000,-0.000000,in_band
2026-07-30T05:07:59Z,90.2022,0.000000,0.000000,-0.000000,in_band
2026-07-30T05:08:00Z,90.2022,0.000000,0.000000,-0.000000,in_band
2026-07-30T05:08:59Z,90.2159,0.000000,0.000000,-0.000000,in_band
2026-07-30T05:09:00Z,90.2159,0.000000,0.000000,-0.000000,in_band
2026-07-30T05:09:59Z,90.1762,0.000000,0.000000,-0.000000,in_band
2026-07-30T05:10:00Z,90.1762,0.000000,0.000000,-0.000000,in_band
2026-07-30T05:10:59Z,90.2113,0.000000,0.000000,-0.000000,in_band
2026-07-30T05:11:00Z,90.2113,0.000000,0.000000,-0.000000,in_band
2026-07-30T05:11:59Z,90.1701,0.000000,0.000000,-0.000000,in_band
2026-07-30T05:12:00Z,90.1701,0.000000,0.000000,-0.000000,in_band
2026-07-30T05:12:59Z,90.1244,0.000000,0.000000,-0.000000,in_band
2026-07-30T05:13:00Z,90.1244,0.000000,0.000000,-0.000000,in_band
2026-07-30T05:13:59Z,90.0740,0.000000,0.000000,-0.000000,in_band
2026-07-30T05:14:00Z,90.0740,0.000000,0.000000,-0.000000,in_band
2026-07-30T05:14:59Z,90.0984,0.000000,0.000000,-0.000000,in_band
2026-07-30T05:15:00Z,90.0984,0.000000,0.000000,-0.000000,in_band
2026-07-30T05:15:59Z,90.0557,0.000000,0.000000,-0.000000,in_band
2026-07-30T05:16:00Z,90.0557,0.000000,0.000000,-0.000000,in_band
2026-07-30T05:16:59Z,90.0710,0.000000,0.000000,-0.000000,in_band
2026-07-30T05:17:00Z,90.0710,0.000000,0.000000,-0.000000,in_band
2026-07-30T05:17:59Z,90.0389,0.000000,0.000000,-0.000000,in_band
2026-07-30T05:18:00Z,90.0389,0.000000,0.000000,-0.000000,in_band
2026-07-30T05:18:59Z,90.0099,0.000000,0.000000,-0.000000,in_band
2026-07-30T05:19:13Z,89.9886,0.000000,0.000019,0.000019,below_midpoint_feather
2026-07-30T05:19:15Z,90.0618,0.000000,0.000000,-0.000000,in_band
2026-07-30T05:20:00Z,90.0526,0.000000,0.000000,0.000000,in_band
2026-07-30T05:20:59Z,90.0389,0.000000,0.000000,0.000000,in_band
2026-07-30T05:21:00Z,90.0389,0.000000,0.000000,0.000000,in_band
2026-07-30T05:21:59Z,90.0237,0.000000,0.000000,0.000000,in_band
2026-07-30T05:22:51Z,89.9886,0.000002,0.000019,0.000017,below_midpoint_feather
2026-07-30T05:22:53Z,90.0069,0.000002,0.000000,-0.000002,in_band
2026-07-30T05:23:07Z,89.9794,0.000000,0.000060,0.000060,below_midpoint_feather
2026-07-30T05:23:15Z,90.0053,0.000007,0.000000,-0.000007,in_band
2026-07-30T05:24:23Z,89.9413,0.000000,0.000492,0.000491,below_midpoint_feather
2026-07-30T05:24:33Z,90.0023,0.000024,0.000001,-0.000023,in_band
2026-07-30T05:25:33Z,89.9870,0.000185,0.000031,-0.000154,below_midpoint_feather
2026-07-30T05:25:51Z,89.9199,0.000293,0.000923,0.000630,below_midpoint_feather
2026-07-30T05:26:09Z,89.9092,0.000404,0.001189,0.000785,below_midpoint_feather
2026-07-30T05:26:45Z,89.9550,0.000683,0.000327,-0.000356,below_midpoint_feather
2026-07-30T05:27:23Z,89.8863,0.001010,0.001916,0.000906,below_midpoint_feather
2026-07-30T05:27:37Z,89.9550,0.001332,0.000387,-0.000946,below_midpoint_feather
2026-07-30T05:28:11Z,89.8726,0.001272,0.002469,0.001197,below_midpoint_feather
2026-07-30T05:28:51Z,89.9184,0.002071,0.001207,-0.000864,below_midpoint_feather
2026-07-30T05:29:05Z,89.9016,0.002365,0.001678,-0.000687,below_midpoint_feather
2026-07-30T05:29:55Z,89.8222,0.003104,0.004979,0.001876,below_midpoint_feather
2026-07-30T05:30:02Z,89.8314,0.003134,0.004561,0.001426,below_midpoint_feather
2026-07-30T05:30:25Z,89.9138,0.004005,0.001694,-0.002311,below_midpoint_feather
2026-07-30T05:31:07Z,89.8680,0.004248,0.003367,-0.000881,below_midpoint_feather
2026-07-30T05:31:49Z,89.7871,0.005103,0.007646,0.002543,below_midpoint_feather
2026-07-30T05:32:32Z,89.7551,0.008240,0.010139,0.001899,below_midpoint_feather
2026-07-30T05:32:55Z,89.8039,0.009683,0.007351,-0.002332,below_midpoint_feather
2026-07-30T05:33:39Z,89.7765,0.010705,0.009616,-0.001088,below_midpoint_feather
2026-07-30T05:33:41Z,89.7093,0.010736,0.014558,0.003822,below_midpoint_feather
2026-07-30T05:34:27Z,89.7551,0.013874,0.011882,-0.001992,below_midpoint_feather
2026-07-30T05:34:45Z,89.7002,0.013183,0.016495,0.003313,below_midpoint_feather
2026-07-30T05:35:15Z,89.7124,0.017770,0.016125,-0.001645,below_midpoint_feather
2026-07-30T05:35:41Z,89.6483,0.018948,0.022596,0.003648,below_midpoint_feather
2026-07-30T05:36:11Z,89.6864,0.022630,0.019821,-0.002809,below_midpoint_feather
2026-07-30T05:36:24Z,89.6300,0.022278,0.025707,0.003429,below_midpoint_feather
2026-07-30T05:37:01Z,89.5979,0.025166,0.030478,0.005312,below_midpoint_feather
2026-07-30T05:37:47Z,89.6269,0.030812,0.029079,-0.001733,below_midpoint_feather
2026-07-30T05:38:29Z,89.6223,0.033164,0.031440,-0.001724,below_midpoint_feather
2026-07-30T05:38:33Z,89.5659,0.033351,0.038146,0.004795,below_midpoint_feather
2026-07-30T05:39:03Z,89.5354,0.038570,0.043535,0.004965,below_midpoint_feather
2026-07-30T05:39:59Z,89.5903,0.045301,0.039840,-0.005461,below_midpoint_feather
2026-07-30T05:40:00Z,89.5903,0.045360,0.039901,-0.005459,below_midpoint_feather
2026-07-30T05:40:15Z,89.5109,0.045084,0.050955,0.005871,below_midpoint_feather
2026-07-30T05:41:05Z,89.5262,0.054875,0.052138,-0.002737,below_midpoint_feather
2026-07-30T05:41:27Z,89.4575,0.057330,0.063658,0.006328,below_midpoint_feather
2026-07-30T05:42:07Z,89.4118,0.064279,0.074197,0.009918,below_midpoint_feather
2026-07-30T05:42:51Z,89.4377,0.076811,0.073856,-0.002954,below_midpoint_feather
2026-07-30T05:43:03Z,89.4285,0.080243,0.076482,-0.003762,below_midpoint_feather
2026-07-30T05:43:23Z,89.3690,0.077904,0.088653,0.010750,below_midpoint_feather
2026-07-30T05:44:43Z,89.3874,0.102881,0.094420,-0.008462,below_midpoint_feather
2026-07-30T05:44:55Z,89.2775,0.103263,0.116807,0.013544,below_midpoint_feather
2026-07-30T05:45:21Z,89.2638,0.113144,0.123130,0.009986,below_midpoint_feather
2026-07-30T05:45:29Z,89.2973,0.119442,0.117378,-0.002064,below_midpoint_feather
2026-07-30T05:46:53Z,89.2561,0.142060,0.138997,-0.003063,below_midpoint_feather
2026-07-30T05:46:59Z,89.1539,0.148470,0.163153,0.014684,below_midpoint_feather
2026-07-30T05:47:00Z,89.1539,0.148643,0.163327,0.014684,below_midpoint_feather
2026-07-30T05:47:27Z,89.2134,0.164040,0.154450,-0.009591,below_midpoint_feather
2026-07-30T05:48:54Z,89.0547,0.197849,0.211793,0.013944,below_midpoint_feather
2026-07-30T05:48:57Z,89.1173,0.198540,0.196230,-0.002309,below_midpoint_feather
2026-07-30T05:49:09Z,89.1173,0.204888,0.199090,-0.005798,below_midpoint_feather
2026-07-30T05:49:52Z,89.0181,0.225312,0.236250,0.010938,below_midpoint_feather
2026-07-30T05:50:15Z,89.0257,0.244134,0.240403,-0.003731,below_midpoint_feather
2026-07-30T05:50:58Z,88.8899,0.276428,0.293512,0.017083,below_midpoint_feather
2026-07-30T05:51:08Z,88.8838,0.283780,0.298680,0.014900,below_midpoint_feather
2026-07-30T05:51:25Z,88.9174,0.302723,0.293915,-0.008808,below_midpoint_feather
2026-07-30T05:52:01Z,88.8884,0.329943,0.316003,-0.013940,below_midpoint_feather
2026-07-30T05:52:35Z,88.8106,0.334219,0.354798,0.020579,below_midpoint_feather
2026-07-30T05:53:19Z,88.7831,0.369010,0.382515,0.013505,below_midpoint_feather
2026-07-30T05:53:29Z,88.8716,0.367697,0.357316,-0.010381,below_midpoint_feather
2026-07-30T05:54:19Z,88.7572,0.403248,0.418157,0.014910,below_midpoint_feather
2026-07-30T05:54:33Z,88.8334,0.411226,0.398449,-0.012777,below_midpoint_feather
2026-07-30T05:55:17Z,88.8396,0.425398,0.416874,-0.008524,below_midpoint_feather
2026-07-30T05:55:43Z,88.7785,0.435006,0.449727,0.014722,below_midpoint_feather
2026-07-30T05:56:33Z,88.8151,0.446204,0.460533,0.014329,below_midpoint_feather
2026-07-30T05:56:55Z,88.8609,0.460294,0.455491,-0.004803,below_midpoint_feather
2026-07-30T05:57:03Z,88.8212,0.456460,0.472224,0.015764,below_midpoint_feather
2026-07-30T05:57:11Z,88.9158,0.457628,0.445414,-0.012214,below_midpoint_feather
2026-07-30T05:58:15Z,88.9525,0.472929,0.462594,-0.010336,below_midpoint_feather
2026-07-30T05:58:23Z,88.8930,0.474959,0.484253,0.009295,below_midpoint_feather
2026-07-30T05:59:49Z,88.9723,0.480038,0.494651,0.014613,below_midpoint_feather
2026-07-30T05:59:59Z,89.0349,0.492442,0.480632,-0.011810,below_midpoint_feather
2026-07-30T06:00:39Z,89.0089,0.486504,0.502165,0.015660,below_midpoint_feather
2026-07-30T06:00:59Z,89.0944,0.498257,0.485895,-0.012362,below_midpoint_feather
2026-07-30T06:01:00Z,89.0944,0.498592,0.486231,-0.012361,below_midpoint_feather
2026-07-30T06:01:11Z,89.0410,0.490453,0.504022,0.013569,below_midpoint_feather
2026-07-30T06:02:24Z,89.1768,0.504492,0.492103,-0.012389,below_midpoint_feather
2026-07-30T06:02:49Z,89.1173,0.501920,0.513615,0.011696,below_midpoint_feather
2026-07-30T06:03:25Z,89.1508,0.499883,0.514905,0.015022,below_midpoint_feather
2026-07-30T06:03:48Z,89.2470,0.505633,0.498718,-0.006915,below_midpoint_feather
2026-07-30T06:04:52Z,89.3431,0.503397,0.493697,-0.009700,below_midpoint_feather
2026-07-30T06:04:53Z,89.2378,0.504534,0.515147,0.010612,below_midpoint_feather
2026-07-30T06:05:04Z,89.3690,0.502167,0.491352,-0.010815,below_midpoint_feather
2026-07-30T06:05:05Z,89.2699,0.502366,0.510746,0.008380,below_midpoint_feather
2026-07-30T06:06:01Z,89.3431,0.497273,0.506373,0.009100,below_midpoint_feather
2026-07-30T06:06:07Z,89.4392,0.499596,0.490701,-0.008895,below_midpoint_feather
2026-07-30T06:07:03Z,89.4667,0.487680,0.494427,0.006746,below_midpoint_feather
2026-07-30T06:07:14Z,89.5491,0.489024,0.484217,-0.004807,below_midpoint_feather
2026-07-30T06:08:20Z,89.6269,0.484332,0.481638,-0.002693,below_midpoint_feather
2026-07-30T06:08:21Z,89.5628,0.484416,0.489106,0.004690,below_midpoint_feather
2026-07-30T06:09:07Z,89.6407,0.479850,0.483641,0.003790,below_midpoint_feather
2026-07-30T06:09:50Z,89.7505,0.478118,0.476460,-0.001658,below_midpoint_feather
2026-07-30T06:10:18Z,89.7688,0.478027,0.476399,-0.001628,below_midpoint_feather
2026-07-30T06:10:27Z,89.7230,0.477368,0.480047,0.002679,below_midpoint_feather
2026-07-30T06:11:09Z,89.7826,0.475387,0.477174,0.001787,below_midpoint_feather
2026-07-30T06:11:22Z,89.8589,0.475044,0.473605,-0.001439,below_midpoint_feather
2026-07-30T06:12:00Z,89.9062,0.473612,0.472765,-0.000847,below_midpoint_feather
2026-07-30T06:12:13Z,89.8909,0.472098,0.473398,0.001300,below_midpoint_feather
2026-07-30T06:13:06Z,90.0160,0.467394,0.467505,0.000110,in_band
2026-07-30T06:13:08Z,89.9962,0.466887,0.467519,0.000631,below_midpoint_feather
2026-07-30T06:14:00Z,90.0603,0.453799,0.454398,0.000599,in_band
2026-07-30T06:14:59Z,90.1701,0.439260,0.439834,0.000574,in_band
2026-07-30T06:15:00Z,90.1701,0.439017,0.439591,0.000574,in_band
2026-07-30T06:15:59Z,90.2388,0.424895,0.425448,0.000553,in_band
2026-07-30T06:16:00Z,90.2388,0.424659,0.425212,0.000553,in_band
2026-07-30T06:16:59Z,90.3258,0.410979,0.411513,0.000534,in_band
2026-07-30T06:17:00Z,90.3258,0.410750,0.411285,0.000534,in_band
2026-07-30T06:17:59Z,90.3761,0.397510,0.398027,0.000517,in_band
2026-07-30T06:18:00Z,90.3761,0.397289,0.397806,0.000516,in_band
2026-07-30T06:18:59Z,90.4372,0.384480,0.384979,0.000499,in_band
2026-07-30T06:19:00Z,90.4372,0.384266,0.384766,0.000499,in_band
2026-07-30T06:19:59Z,90.5150,0.371876,0.372359,0.000483,in_band
2026-07-30T06:20:00Z,90.5150,0.371669,0.372152,0.000483,in_band
2026-07-30T06:20:59Z,90.5867,0.359684,0.360152,0.000467,in_band
2026-07-30T06:21:00Z,90.5867,0.359485,0.359952,0.000467,in_band
2026-07-30T06:21:59Z,90.6569,0.347893,0.348345,0.000452,in_band
2026-07-30T06:22:00Z,90.6569,0.347699,0.348151,0.000452,in_band
2026-07-30T06:22:59Z,90.6844,0.336488,0.336925,0.000437,in_band
2026-07-30T06:23:00Z,90.6844,0.336301,0.336738,0.000437,in_band
2026-07-30T06:23:59Z,90.7439,0.325456,0.325879,0.000423,in_band
2026-07-30T06:24:00Z,90.7439,0.325275,0.325698,0.000423,in_band
2026-07-30T06:24:59Z,90.7881,0.314786,0.315195,0.000409,in_band
2026-07-30T06:25:00Z,90.7881,0.314612,0.315020,0.000409,in_band
2026-07-30T06:25:59Z,90.8446,0.304467,0.304862,0.000396,in_band
2026-07-30T06:26:00Z,90.8446,0.304297,0.304693,0.000395,in_band
2026-07-30T06:26:59Z,90.8980,0.294485,0.294867,0.000383,in_band
2026-07-30T06:27:00Z,90.8980,0.294321,0.294704,0.000382,in_band
2026-07-30T06:27:59Z,90.9407,0.284831,0.285201,0.000370,in_band
2026-07-30T06:28:00Z,90.9407,0.284672,0.285042,0.000370,in_band
2026-07-30T06:28:59Z,90.9758,0.275493,0.275851,0.000358,in_band
2026-07-30T06:29:00Z,90.9758,0.275340,0.275697,0.000358,in_band
2026-07-30T06:29:59Z,91.0124,0.266461,0.266807,0.000346,in_band
2026-07-30T06:30:00Z,91.0124,0.266313,0.266659,0.000346,in_band
2026-07-30T06:30:59Z,91.0536,0.257725,0.258060,0.000335,in_band
2026-07-30T06:31:00Z,91.0536,0.257582,0.257917,0.000335,in_band
2026-07-30T06:31:59Z,91.0994,0.249276,0.249600,0.000324,in_band
2026-07-30T06:32:00Z,91.0994,0.249138,0.249461,0.000324,in_band
2026-07-30T06:32:59Z,91.1284,0.241104,0.241417,0.000313,in_band
2026-07-30T06:33:00Z,91.1284,0.240970,0.241283,0.000313,in_band
2026-07-30T06:33:59Z,91.1589,0.233200,0.233502,0.000303,in_band
2026-07-30T06:34:00Z,91.1589,0.233070,0.233373,0.000303,in_band
2026-07-30T06:34:59Z,91.1864,0.225554,0.225847,0.000293,in_band
2026-07-30T06:35:00Z,91.1864,0.225429,0.225722,0.000293,in_band
2026-07-30T06:35:59Z,91.1788,0.218160,0.218443,0.000283,in_band
2026-07-30T06:36:00Z,91.1788,0.218039,0.218322,0.000283,in_band
2026-07-30T06:36:59Z,91.2230,0.211008,0.211282,0.000274,in_band
2026-07-30T06:37:00Z,91.2230,0.210890,0.211164,0.000274,in_band
2026-07-30T06:37:59Z,91.2413,0.204090,0.204355,0.000265,in_band
2026-07-30T06:38:00Z,91.2413,0.203977,0.204242,0.000265,in_band
2026-07-30T06:38:59Z,91.2703,0.197399,0.197656,0.000256,in_band
2026-07-30T06:39:00Z,91.2703,0.197289,0.197546,0.000256,in_band
2026-07-30T06:39:59Z,91.2825,0.190928,0.191176,0.000248,in_band
2026-07-30T06:40:00Z,91.2825,0.190822,0.191069,0.000248,in_band
2026-07-30T06:40:59Z,91.2932,0.184668,0.184908,0.000240,in_band
2026-07-30T06:41:00Z,91.2932,0.184566,0.184805,0.000240,in_band
2026-07-30T06:41:59Z,91.2963,0.178614,0.178846,0.000232,in_band
2026-07-30T06:42:00Z,91.2963,0.178515,0.178747,0.000232,in_band
2026-07-30T06:42:59Z,91.2505,0.172758,0.172983,0.000224,in_band
2026-07-30T06:43:00Z,91.2505,0.172662,0.172887,0.000224,in_band
2026-07-30T06:43:59Z,91.2200,0.167095,0.167312,0.000217,in_band
2026-07-30T06:44:00Z,91.2200,0.167002,0.167219,0.000217,in_band
2026-07-30T06:44:59Z,91.2413,0.161617,0.161827,0.000210,in_band
2026-07-30T06:45:00Z,91.2413,0.161527,0.161737,0.000210,in_band
2026-07-30T06:45:59Z,91.2093,0.156318,0.156521,0.000203,in_band
2026-07-30T06:46:00Z,91.2093,0.156231,0.156434,0.000203,in_band
2026-07-30T06:46:59Z,91.2505,0.151194,0.151390,0.000196,in_band
2026-07-30T06:47:00Z,91.2505,0.151110,0.151306,0.000196,in_band
2026-07-30T06:47:59Z,91.2047,0.146237,0.146427,0.000190,in_band
2026-07-30T06:48:00Z,91.2047,0.146156,0.146346,0.000190,in_band
2026-07-30T06:48:59Z,91.1910,0.141443,0.141626,0.000184,in_band
2026-07-30T06:49:00Z,91.1910,0.141364,0.141548,0.000184,in_band
2026-07-30T06:49:59Z,91.1498,0.136806,0.136983,0.000178,in_band
2026-07-30T06:50:00Z,91.1498,0.136730,0.136907,0.000178,in_band
2026-07-30T06:50:59Z,91.1269,0.132321,0.132493,0.000172,in_band
2026-07-30T06:51:00Z,91.1269,0.132247,0.132419,0.000172,in_band
2026-07-30T06:51:59Z,91.0948,0.127983,0.128149,0.000166,in_band
2026-07-30T06:52:00Z,91.0948,0.127912,0.128078,0.000166,in_band
2026-07-30T06:52:59Z,91.0491,0.123787,0.123948,0.000161,in_band
2026-07-30T06:53:00Z,91.0491,0.123718,0.123879,0.000161,in_band
2026-07-30T06:53:59Z,91.0048,0.119729,0.119884,0.000156,in_band
2026-07-30T06:54:00Z,91.0048,0.119662,0.119818,0.000155,in_band
2026-07-30T06:54:59Z,90.9712,0.115803,0.115954,0.000150,in_band
2026-07-30T06:55:00Z,90.9712,0.115739,0.115890,0.000150,in_band
2026-07-30T06:55:59Z,90.9865,0.112007,0.112152,0.000146,in_band
2026-07-30T06:56:00Z,90.9865,0.111945,0.112090,0.000145,in_band
2026-07-30T06:56:59Z,90.8843,0.108335,0.108476,0.000141,in_band
2026-07-30T06:57:00Z,90.8843,0.108275,0.108415,0.000141,in_band
2026-07-30T06:57:59Z,90.8629,0.104783,0.104919,0.000136,in_band
2026-07-30T06:58:00Z,90.8629,0.104725,0.104861,0.000136,in_band
2026-07-30T06:58:59Z,90.8125,0.101348,0.101480,0.000132,in_band
2026-07-30T06:59:00Z,90.8125,0.101292,0.101423,0.000132,in_band
2026-07-30T06:59:59Z,90.7576,0.098026,0.098153,0.000127,in_band
2026-07-30T07:00:00Z,90.7576,0.097971,0.098098,0.000127,in_band
2026-07-30T07:00:59Z,90.7378,0.094812,0.094935,0.000123,in_band
2026-07-30T07:01:00Z,90.7378,0.094759,0.094882,0.000123,in_band
2026-07-30T07:01:59Z,90.6889,0.091704,0.091823,0.000119,in_band
2026-07-30T07:02:00Z,90.6889,0.091653,0.091772,0.000119,in_band
2026-07-30T07:02:59Z,90.6523,0.088697,0.088812,0.000115,in_band
2026-07-30T07:03:00Z,90.6523,0.088648,0.088763,0.000115,in_band
2026-07-30T07:03:59Z,90.6432,0.085789,0.085901,0.000111,in_band
2026-07-30T07:04:00Z,90.6432,0.085742,0.085853,0.000111,in_band
2026-07-30T07:04:59Z,90.6386,0.082977,0.083085,0.000108,in_band
2026-07-30T07:05:00Z,90.6386,0.082931,0.083038,0.000108,in_band
2026-07-30T07:05:59Z,90.5730,0.080256,0.080361,0.000104,in_band
2026-07-30T07:06:00Z,90.5730,0.080212,0.080316,0.000104,in_band
2026-07-30T07:06:59Z,90.5150,0.077625,0.077726,0.000101,in_band
2026-07-30T07:07:00Z,90.5150,0.077582,0.077683,0.000101,in_band
2026-07-30T07:07:59Z,90.5226,0.075081,0.075178,0.000098,in_band
2026-07-30T07:08:00Z,90.5226,0.075039,0.075136,0.000097,in_band
2026-07-30T07:08:59Z,90.4906,0.072619,0.072713,0.000094,in_band
2026-07-30T07:09:00Z,90.4906,0.072579,0.072673,0.000094,in_band
2026-07-30T07:09:59Z,90.3899,0.070238,0.070330,0.000091,in_band
2026-07-30T07:10:00Z,90.3899,0.070199,0.070291,0.000091,in_band
2026-07-30T07:10:59Z,90.3761,0.067936,0.068024,0.000088,in_band
2026-07-30T07:11:00Z,90.3761,0.067898,0.067986,0.000088,in_band
2026-07-30T07:11:59Z,90.3761,0.065708,0.065794,0.000085,in_band
2026-07-30T07:12:00Z,90.3761,0.065672,0.065757,0.000085,in_band
2026-07-30T07:12:59Z,90.3395,0.063554,0.063637,0.000083,in_band
2026-07-30T07:13:00Z,90.3395,0.063519,0.063602,0.000083,in_band
2026-07-30T07:13:59Z,90.2937,0.061471,0.061551,0.000080,in_band
2026-07-30T07:14:00Z,90.2937,0.061437,0.061516,0.000080,in_band
2026-07-30T07:14:59Z,90.2251,0.059455,0.059533,0.000077,in_band
2026-07-30T07:15:00Z,90.2251,0.059422,0.059500,0.000077,in_band
2026-07-30T07:15:59Z,90.1518,0.057506,0.057581,0.000075,in_band
2026-07-30T07:16:00Z,90.1518,0.057474,0.057549,0.000075,in_band
2026-07-30T07:16:59Z,90.1076,0.055621,0.055693,0.000072,in_band
2026-07-30T07:17:00Z,90.1076,0.055590,0.055662,0.000072,in_band
2026-07-30T07:17:59Z,90.1076,0.053798,0.053867,0.000070,in_band
2026-07-30T07:18:00Z,90.1076,0.053768,0.053838,0.000070,in_band
2026-07-30T07:18:59Z,90.0832,0.052034,0.052101,0.000068,in_band
2026-07-30T07:19:00Z,90.0832,0.052005,0.052073,0.000068,in_band
2026-07-30T07:19:59Z,90.0984,0.050328,0.050393,0.000065,in_band
2026-07-30T07:20:00Z,90.0984,0.050300,0.050365,0.000065,in_band
2026-07-30T07:20:59Z,90.1244,0.048678,0.048741,0.000063,in_band
2026-07-30T07:21:00Z,90.1244,0.048651,0.048714,0.000063,in_band
2026-07-30T07:21:59Z,90.1198,0.047082,0.047143,0.000061,in_band
2026-07-30T07:22:00Z,90.1198,0.047056,0.047117,0.000061,in_band
2026-07-30T07:22:59Z,90.1396,0.045539,0.045598,0.000059,in_band
2026-07-30T07:23:00Z,90.1396,0.045513,0.045572,0.000059,in_band
2026-07-30T07:23:59Z,90.0923,0.044046,0.044103,0.000057,in_band
2026-07-30T07:24:00Z,90.0923,0.044021,0.044078,0.000057,in_band
2026-07-30T07:24:59Z,90.0740,0.042602,0.042657,0.000055,in_band
2026-07-30T07:25:28Z,90.0328,0.041921,0.041975,0.000054,in_band
2026-07-30T07:25:40Z,89.9886,0.041642,0.041808,0.000165,below_midpoint_feather
2026-07-30T07:26:57Z,89.9245,0.041125,0.041867,0.000742,below_midpoint_feather
2026-07-30T07:26:59Z,89.9825,0.041093,0.041100,0.000007,below_midpoint_feather
2026-07-30T07:27:13Z,89.9611,0.041483,0.041275,-0.000208,below_midpoint_feather
2026-07-30T07:27:57Z,89.9107,0.041227,0.042222,0.000996,below_midpoint_feather
2026-07-30T07:28:03Z,89.9229,0.041232,0.041939,0.000707,below_midpoint_feather
2026-07-30T07:28:15Z,89.9886,0.041445,0.041125,-0.000320,below_midpoint_feather
2026-07-30T07:29:09Z,89.9229,0.041275,0.042006,0.000731,below_midpoint_feather
2026-07-30T07:29:41Z,89.9962,0.041322,0.041193,-0.000129,below_midpoint_feather
2026-07-30T07:30:09Z,89.9504,0.041683,0.041565,-0.000118,below_midpoint_feather
2026-07-30T07:30:59Z,89.9062,0.041446,0.042511,0.001065,below_midpoint_feather
2026-07-30T07:31:00Z,89.9062,0.041447,0.042511,0.001065,below_midpoint_feather
2026-07-30T07:31:35Z,89.9687,0.041615,0.041430,-0.000185,below_midpoint_feather
2026-07-30T07:32:19Z,89.9290,0.041260,0.042045,0.000785,below_midpoint_feather
2026-07-30T07:32:54Z,90.0008,0.041396,0.041217,-0.000179,in_band
2026-07-30T07:33:00Z,89.9596,0.041195,0.041454,0.000259,below_midpoint_feather
2026-07-30T07:33:42Z,90.0008,0.041305,0.041013,-0.000292,in_band
2026-07-30T07:34:05Z,89.9519,0.041235,0.041259,0.000024,below_midpoint_feather
2026-07-30T07:34:28Z,90.0023,0.041226,0.040846,-0.000380,in_band
2026-07-30T07:35:00Z,90.0328,0.040495,0.040312,-0.000183,in_band
2026-07-30T07:35:59Z,90.0069,0.039194,0.039018,-0.000176,in_band
2026-07-30T07:36:00Z,90.0069,0.039172,0.038996,-0.000176,in_band
2026-07-30T07:36:53Z,89.9687,0.038065,0.038238,0.000173,below_midpoint_feather
2026-07-30T07:37:49Z,89.9458,0.037849,0.038140,0.000291,below_midpoint_feather
2026-07-30T07:37:57Z,89.9779,0.037891,0.037793,-0.000098,below_midpoint_feather
2026-07-30T07:38:09Z,89.9336,0.037794,0.038351,0.000557,below_midpoint_feather
2026-07-30T07:38:21Z,89.9840,0.037994,0.037763,-0.000231,below_midpoint_feather
2026-07-30T07:39:20Z,89.9565,0.037809,0.038014,0.000205,below_midpoint_feather
2026-07-30T07:39:27Z,89.9870,0.038010,0.037772,-0.000238,below_midpoint_feather
2026-07-30T07:40:04Z,89.9550,0.037879,0.037966,0.000087,below_midpoint_feather
2026-07-30T07:40:57Z,89.9840,0.037998,0.037688,-0.000310,below_midpoint_feather
2026-07-30T07:41:19Z,89.9367,0.037863,0.038230,0.000367,below_midpoint_feather
2026-07-30T07:41:27Z,89.9733,0.038169,0.037764,-0.000405,below_midpoint_feather
2026-07-30T07:42:33Z,89.9870,0.037889,0.037671,-0.000218,below_midpoint_feather
2026-07-30T07:42:56Z,89.9428,0.037973,0.038120,0.000147,below_midpoint_feather
2026-07-30T07:43:17Z,89.9138,0.038140,0.038718,0.000578,below_midpoint_feather
2026-07-30T07:43:39Z,89.9733,0.038447,0.037774,-0.000673,below_midpoint_feather
2026-07-30T07:44:40Z,89.9016,0.038606,0.039093,0.000487,below_midpoint_feather
2026-07-30T07:44:47Z,89.9413,0.038921,0.038212,-0.000709,below_midpoint_feather
2026-07-30T07:45:39Z,89.9336,0.039306,0.038423,-0.000884,below_midpoint_feather
2026-07-30T07:45:53Z,89.8695,0.039335,0.040246,0.000912,below_midpoint_feather
2026-07-30T07:46:01Z,89.9062,0.039962,0.039096,-0.000866,below_midpoint_feather
2026-07-30T07:46:59Z,89.8360,0.040568,0.041858,0.001290,below_midpoint_feather
2026-07-30T07:47:51Z,89.8558,0.042204,0.041237,-0.000967,below_midpoint_feather
2026-07-30T07:47:59Z,89.7963,0.042614,0.044229,0.001614,below_midpoint_feather
2026-07-30T07:48:27Z,89.8512,0.043024,0.041667,-0.001358,below_midpoint_feather
2026-07-30T07:48:55Z,89.7856,0.043555,0.045285,0.001730,below_midpoint_feather
2026-07-30T07:49:03Z,89.8283,0.044621,0.043011,-0.001610,below_midpoint_feather
2026-07-30T07:49:14Z,89.7826,0.044379,0.045648,0.001269,below_midpoint_feather
2026-07-30T07:50:29Z,89.7917,0.048048,0.045946,-0.002103,below_midpoint_feather
2026-07-30T07:50:59Z,89.7536,0.046512,0.048833,0.002321,below_midpoint_feather
2026-07-30T07:51:49Z,89.8054,0.049333,0.046352,-0.002981,below_midpoint_feather
2026-07-30T07:51:57Z,89.6941,0.050326,0.054413,0.004087,below_midpoint_feather
2026-07-30T07:52:38Z,89.7261,0.050199,0.052514,0.002316,below_midpoint_feather
2026-07-30T07:52:45Z,89.7856,0.050648,0.048517,-0.002131,below_midpoint_feather
2026-07-30T07:53:17Z,89.7688,0.052484,0.050213,-0.002271,below_midpoint_feather
2026-07-30T07:53:43Z,89.7078,0.052788,0.055295,0.002507,below_midpoint_feather
2026-07-30T07:54:11Z,89.7078,0.053390,0.055903,0.002514,below_midpoint_feather
2026-07-30T07:54:43Z,89.7490,0.055145,0.053446,-0.001699,below_midpoint_feather
2026-07-30T07:55:05Z,89.7490,0.055650,0.053960,-0.001690,below_midpoint_feather
2026-07-30T07:55:22Z,89.6986,0.056776,0.058319,0.001543,below_midpoint_feather
2026-07-30T07:56:07Z,89.7459,0.059415,0.055709,-0.003706,below_midpoint_feather
2026-07-30T07:56:47Z,89.6757,0.060466,0.062535,0.002069,below_midpoint_feather
2026-07-30T07:57:43Z,89.7169,0.064336,0.060533,-0.003802,below_midpoint_feather
2026-07-30T07:57:57Z,89.6407,0.063630,0.067911,0.004282,below_midpoint_feather
2026-07-30T07:58:27Z,89.6574,0.063723,0.067143,0.003420,below_midpoint_feather
2026-07-30T07:58:47Z,89.7185,0.065016,0.062349,-0.002666,below_midpoint_feather
2026-07-30T07:59:37Z,89.6574,0.065923,0.069360,0.003437,below_midpoint_feather
2026-07-30T07:59:45Z,89.7169,0.066987,0.064326,-0.002661,below_midpoint_feather
2026-07-30T08:00:45Z,89.6941,0.070543,0.068280,-0.002262,below_midpoint_feather
2026-07-30T08:00:53Z,89.6345,0.069694,0.074245,0.004551,below_midpoint_feather
2026-07-30T08:01:39Z,89.6529,0.071613,0.074039,0.002426,below_midpoint_feather
2026-07-30T08:01:57Z,89.7093,0.072825,0.069566,-0.003259,below_midpoint_feather
2026-07-30T08:02:07Z,89.7032,0.074945,0.070437,-0.004509,below_midpoint_feather
2026-07-30T08:02:21Z,89.6407,0.073553,0.076783,0.003230,below_midpoint_feather
2026-07-30T08:03:13Z,89.7002,0.076452,0.073087,-0.003365,below_midpoint_feather
2026-07-30T08:03:21Z,89.6712,0.073810,0.075969,0.002159,below_midpoint_feather
2026-07-30T08:04:19Z,89.6712,0.074319,0.077992,0.003673,below_midpoint_feather
2026-07-30T08:04:55Z,89.7581,0.075099,0.072073,-0.003026,below_midpoint_feather
2026-07-30T08:05:41Z,89.7765,0.075228,0.072161,-0.003067,below_midpoint_feather
2026-07-30T08:05:47Z,89.6956,0.075042,0.078391,0.003349,below_midpoint_feather
2026-07-30T08:06:01Z,89.7215,0.074735,0.076601,0.001866,below_midpoint_feather
2026-07-30T08:06:09Z,89.7719,0.075956,0.073173,-0.002782,below_midpoint_feather
2026-07-30T08:07:11Z,89.7444,0.074896,0.076486,0.001590,below_midpoint_feather
2026-07-30T08:07:13Z,89.7948,0.074638,0.073228,-0.001411,below_midpoint_feather
2026-07-30T08:08:21Z,89.8680,0.073465,0.070955,-0.002510,below_midpoint_feather
2026-07-30T08:08:47Z,89.7810,0.073370,0.075668,0.002298,below_midpoint_feather
2026-07-30T08:09:07Z,89.8634,0.073555,0.071762,-0.001793,below_midpoint_feather
2026-07-30T08:09:43Z,89.8085,0.072958,0.074729,0.001771,below_midpoint_feather
2026-07-30T08:10:29Z,89.7963,0.073829,0.075873,0.002044,below_midpoint_feather
2026-07-30T08:10:57Z,89.8817,0.074030,0.072240,-0.001790,below_midpoint_feather
2026-07-30T08:11:07Z,89.8238,0.073203,0.074766,0.001562,below_midpoint_feather
2026-07-30T08:11:47Z,89.8405,0.075703,0.074336,-0.001366,below_midpoint_feather
2026-07-30T08:12:09Z,89.7902,0.075364,0.077196,0.001832,below_midpoint_feather
2026-07-30T08:12:51Z,89.8375,0.076343,0.075130,-0.001213,below_midpoint_feather
2026-07-30T08:13:35Z,89.7597,0.077853,0.080084,0.002230,below_midpoint_feather
2026-07-30T08:13:47Z,89.8192,0.078448,0.076664,-0.001784,below_midpoint_feather
2026-07-30T08:14:21Z,89.7993,0.079538,0.078176,-0.001362,below_midpoint_feather
2026-07-30T08:14:39Z,89.7505,0.078399,0.081546,0.003147,below_midpoint_feather
2026-07-30T08:15:35Z,89.7993,0.080550,0.079213,-0.001336,below_midpoint_feather
2026-07-30T08:15:57Z,89.7551,0.079230,0.082343,0.003113,below_midpoint_feather
2026-07-30T08:16:27Z,89.8039,0.081202,0.079726,-0.001476,below_midpoint_feather
2026-07-30T08:16:33Z,89.7444,0.081387,0.083639,0.002252,below_midpoint_feather
2026-07-30T08:17:34Z,89.7505,0.082230,0.084171,0.001941,below_midpoint_feather
2026-07-30T08:17:41Z,89.7765,0.084184,0.082542,-0.001642,below_midpoint_feather
2026-07-30T08:18:01Z,89.7948,0.084626,0.081768,-0.002858,below_midpoint_feather
2026-07-30T08:18:53Z,89.7353,0.083897,0.086683,0.002786,below_midpoint_feather
2026-07-30T08:19:45Z,89.7536,0.088840,0.086344,-0.002496,below_midpoint_feather
2026-07-30T08:19:59Z,89.6864,0.088062,0.091991,0.003929,below_midpoint_feather
2026-07-30T08:20:00Z,89.6864,0.088084,0.092013,0.003929,below_midpoint_feather
2026-07-30T08:20:45Z,89.7307,0.091713,0.089413,-0.002300,below_midpoint_feather
2026-07-30T08:21:09Z,89.7215,0.092852,0.090752,-0.002100,below_midpoint_feather
2026-07-30T08:21:21Z,89.6483,0.094258,0.097641,0.003383,below_midpoint_feather
2026-07-30T08:22:21Z,89.7185,0.096027,0.093113,-0.002914,below_midpoint_feather
2026-07-30T08:22:47Z,89.6361,0.097401,0.101495,0.004094,below_midpoint_feather
2026-07-30T08:23:05Z,89.7078,0.100016,0.095390,-0.004625,below_midpoint_feather
2026-07-30T08:23:41Z,89.6132,0.101239,0.105758,0.004519,below_midpoint_feather
2026-07-30T08:24:09Z,89.6498,0.105056,0.102941,-0.002115,below_midpoint_feather
2026-07-30T08:24:39Z,89.5979,0.105894,0.109670,0.003776,below_midpoint_feather
2026-07-30T08:25:21Z,89.6254,0.111159,0.108403,-0.002756,below_midpoint_feather
2026-07-30T08:25:31Z,89.5857,0.109555,0.113299,0.003744,below_midpoint_feather
2026-07-30T08:26:41Z,89.6483,0.115836,0.109863,-0.005974,below_midpoint_feather
2026-07-30T08:26:43Z,89.5537,0.116475,0.120703,0.004228,below_midpoint_feather
2026-07-30T08:27:41Z,89.5933,0.125310,0.119050,-0.006261,below_midpoint_feather
2026-07-30T08:27:57Z,89.5262,0.124685,0.128411,0.003725,below_midpoint_feather
2026-07-30T08:28:29Z,89.4835,0.130912,0.136434,0.005522,below_midpoint_feather
2026-07-30T08:28:49Z,89.5476,0.133927,0.128950,-0.004977,below_midpoint_feather
2026-07-30T08:29:09Z,89.4209,0.135326,0.148940,0.013614,below_midpoint_feather
2026-07-30T08:29:15Z,89.5033,0.141301,0.136769,-0.004532,below_midpoint_feather
2026-07-30T08:30:09Z,89.4942,0.147663,0.142403,-0.005260,below_midpoint_feather
2026-07-30T08:30:17Z,89.4118,0.149063,0.155916,0.006853,below_midpoint_feather
2026-07-30T08:31:11Z,89.3523,0.162314,0.171471,0.009157,below_midpoint_feather
2026-07-30T08:31:29Z,89.3980,0.169513,0.165233,-0.004280,below_midpoint_feather
2026-07-30T08:32:25Z,89.3660,0.182157,0.177414,-0.004743,below_midpoint_feather
2026-07-30T08:32:59Z,89.2927,0.186237,0.195773,0.009536,below_midpoint_feather
2026-07-30T08:33:19Z,89.3523,0.193627,0.187039,-0.006589,below_midpoint_feather
2026-07-30T08:33:25Z,89.2653,0.194468,0.204983,0.010515,below_midpoint_feather
2026-07-30T08:34:03Z,89.3248,0.204522,0.198621,-0.005902,below_midpoint_feather
2026-07-30T08:34:52Z,89.2287,0.218453,0.226114,0.007661,below_midpoint_feather
2026-07-30T08:35:37Z,89.1920,0.230392,0.242126,0.011734,below_midpoint_feather
2026-07-30T08:35:43Z,89.2638,0.233468,0.227468,-0.006000,below_midpoint_feather
2026-07-30T08:36:47Z,89.2149,0.260348,0.250418,-0.009930,below_midpoint_feather
2026-07-30T08:36:49Z,89.1325,0.260755,0.270193,0.009438,below_midpoint_feather
2026-07-30T08:37:05Z,89.1127,0.266251,0.278472,0.012221,below_midpoint_feather
2026-07-30T08:37:11Z,89.1508,0.273826,0.270328,-0.003498,below_midpoint_feather
2026-07-30T08:38:09Z,89.0547,0.294357,0.308239,0.013882,below_midpoint_feather
2026-07-30T08:38:43Z,89.0806,0.314434,0.309971,-0.004463,below_midpoint_feather
2026-07-30T08:39:24Z,88.9860,0.336792,0.347198,0.010406,below_midpoint_feather
2026-07-30T08:39:51Z,89.0135,0.353772,0.347349,-0.006423,below_midpoint_feather
2026-07-30T08:40:21Z,89.0227,0.363059,0.354136,-0.008922,below_midpoint_feather
2026-07-30T08:40:37Z,88.9387,0.370828,0.383601,0.012773,below_midpoint_feather
2026-07-30T08:41:29Z,88.9494,0.404762,0.398035,-0.006727,below_midpoint_feather
2026-07-30T08:41:54Z,88.8716,0.419362,0.431144,0.011782,below_midpoint_feather
2026-07-30T08:42:21Z,88.9357,0.431272,0.421237,-0.010035,below_midpoint_feather
2026-07-30T08:42:45Z,88.8670,0.439943,0.451881,0.011938,below_midpoint_feather
2026-07-30T08:43:03Z,88.8533,0.448832,0.463321,0.014489,below_midpoint_feather
2026-07-30T08:43:41Z,88.8884,0.475182,0.467222,-0.007960,below_midpoint_feather
2026-07-30T08:44:05Z,88.8853,0.487059,0.478121,-0.008938,below_midpoint_feather
2026-07-30T08:44:53Z,88.8121,0.505995,0.522565,0.016570,below_midpoint_feather
2026-07-30T08:45:19Z,88.8014,0.523293,0.537513,0.014220,below_midpoint_feather
2026-07-30T08:45:51Z,88.8380,0.547655,0.539442,-0.008213,below_midpoint_feather
2026-07-30T08:46:27Z,88.8060,0.553216,0.566505,0.013289,below_midpoint_feather
2026-07-30T08:46:37Z,88.8792,0.565864,0.546916,-0.018948,below_midpoint_feather
2026-07-30T08:47:00Z,88.8838,0.568625,0.555859,-0.012767,below_midpoint_feather
2026-07-30T08:47:15Z,88.8151,0.567888,0.585054,0.017167,below_midpoint_feather
2026-07-30T08:48:31Z,88.8899,0.603148,0.594474,-0.008674,below_midpoint_feather
2026-07-30T08:48:35Z,88.8350,0.597551,0.614022,0.016471,below_midpoint_feather
2026-07-30T08:49:11Z,88.8716,0.608927,0.617819,0.008892,below_midpoint_feather
2026-07-30T08:49:49Z,88.9799,0.613270,0.600860,-0.012410,below_midpoint_feather
2026-07-30T08:50:04Z,88.9952,0.613954,0.602641,-0.011312,below_midpoint_feather
2026-07-30T08:50:59Z,88.9982,0.614613,0.622970,0.008357,below_midpoint_feather
2026-07-30T08:51:07Z,89.0089,0.613322,0.622849,0.009527,below_midpoint_feather
2026-07-30T08:51:16Z,89.0806,0.617808,0.606569,-0.011239,below_midpoint_feather
2026-07-30T08:52:12Z,89.1279,0.622243,0.613098,-0.009145,below_midpoint_feather
2026-07-30T08:52:41Z,89.1188,0.617322,0.624233,0.006911,below_midpoint_feather
2026-07-30T08:53:11Z,89.1279,0.619348,0.630497,0.011149,below_midpoint_feather
2026-07-30T08:53:24Z,89.1859,0.626175,0.620116,-0.006059,below_midpoint_feather
2026-07-30T08:54:03Z,89.1554,0.627304,0.637330,0.010026,below_midpoint_feather
2026-07-30T08:54:17Z,89.2638,0.628995,0.616398,-0.012597,below_midpoint_feather
2026-07-30T08:55:01Z,89.2653,0.634748,0.626215,-0.008533,below_midpoint_feather
2026-07-30T08:55:29Z,89.2241,0.633849,0.641080,0.007231,below_midpoint_feather
2026-07-30T08:56:09Z,89.2332,0.639449,0.647184,0.007735,below_midpoint_feather
2026-07-30T08:56:28Z,89.3477,0.636299,0.627792,-0.008507,below_midpoint_feather
2026-07-30T08:57:23Z,89.3187,0.635707,0.643139,0.007432,below_midpoint_feather
2026-07-30T08:57:57Z,89.4148,0.637111,0.631339,-0.005773,below_midpoint_feather
2026-07-30T08:58:25Z,89.4118,0.631262,0.636033,0.004771,below_midpoint_feather
2026-07-30T08:58:46Z,89.4804,0.635162,0.628098,-0.007064,below_midpoint_feather
2026-07-30T08:59:07Z,89.4118,0.637154,0.641610,0.004456,below_midpoint_feather
2026-07-30T08:59:12Z,89.4743,0.636801,0.632319,-0.004482,below_midpoint_feather
2026-07-30T09:00:29Z,89.4392,0.639555,0.646505,0.006951,below_midpoint_feather
2026-07-30T09:00:47Z,89.5109,0.642600,0.637678,-0.004922,below_midpoint_feather
2026-07-30T09:01:09Z,89.4942,0.637822,0.642260,0.004438,below_midpoint_feather
2026-07-30T09:01:53Z,89.5613,0.641225,0.637242,-0.003983,below_midpoint_feather
2026-07-30T09:02:09Z,89.5308,0.636684,0.642517,0.005834,below_midpoint_feather
2026-07-30T09:02:39Z,89.6498,0.635254,0.630972,-0.004282,below_midpoint_feather
2026-07-30T09:03:16Z,89.6681,0.633351,0.631670,-0.001681,below_midpoint_feather
2026-07-30T09:03:23Z,89.6025,0.634559,0.638895,0.004336,below_midpoint_feather
2026-07-30T09:04:03Z,89.6208,0.634605,0.639042,0.004436,below_midpoint_feather
2026-07-30T09:04:37Z,89.7002,0.635193,0.632991,-0.002202,below_midpoint_feather
2026-07-30T09:05:41Z,89.6773,0.638838,0.637645,-0.001194,below_midpoint_feather
2026-07-30T09:05:55Z,89.6178,0.638789,0.644157,0.005368,below_midpoint_feather
2026-07-30T09:06:11Z,89.6941,0.640746,0.637319,-0.003427,below_midpoint_feather
2026-07-30T09:06:21Z,89.6178,0.641137,0.645181,0.004044,below_midpoint_feather
2026-07-30T09:07:37Z,89.6529,0.640110,0.644382,0.004272,below_midpoint_feather
2026-07-30T09:07:53Z,89.7215,0.641467,0.638818,-0.002649,below_midpoint_feather
2026-07-30T09:08:33Z,89.7032,0.639795,0.641638,0.001843,below_midpoint_feather
2026-07-30T09:08:44Z,89.7780,0.638944,0.636463,-0.002481,below_midpoint_feather
2026-07-30T09:09:15Z,89.7459,0.635808,0.639500,0.003692,below_midpoint_feather
2026-07-30T09:09:28Z,89.8268,0.636126,0.634897,-0.001229,below_midpoint_feather
2026-07-30T09:10:33Z,89.8924,0.634631,0.633521,-0.001110,below_midpoint_feather
2026-07-30T09:10:45Z,89.8192,0.634235,0.636704,0.002470,below_midpoint_feather
2026-07-30T09:11:04Z,89.9092,0.633643,0.633475,-0.000167,below_midpoint_feather
2026-07-30T09:11:43Z,89.9062,0.632886,0.633933,0.001047,below_midpoint_feather
2026-07-30T09:12:21Z,89.9275,0.632493,0.633656,0.001163,below_midpoint_feather
2026-07-30T09:12:50Z,90.0069,0.632492,0.631613,-0.000879,in_band
2026-07-30T09:13:03Z,89.9474,0.632518,0.632043,-0.000475,below_midpoint_feather
2026-07-30T09:13:45Z,89.9565,0.633165,0.631297,-0.001867,below_midpoint_feather
2026-07-30T09:14:07Z,89.8955,0.633083,0.632614,-0.000469,below_midpoint_feather
2026-07-30T09:14:19Z,89.9458,0.633367,0.631494,-0.001873,below_midpoint_feather
2026-07-30T09:15:01Z,89.9382,0.632846,0.631679,-0.001166,below_midpoint_feather
2026-07-30T09:15:45Z,89.9794,0.632822,0.630539,-0.002284,below_midpoint_feather
2026-07-30T09:16:15Z,89.9229,0.632943,0.631344,-0.001598,below_midpoint_feather
2026-07-30T09:16:46Z,90.0053,0.632693,0.629121,-0.003572,in_band
2026-07-30T09:17:00Z,90.0374,0.629193,0.625643,-0.003550,in_band
2026-07-30T09:17:59Z,90.0389,0.608918,0.608182,-0.000736,in_band
2026-07-30T09:18:00Z,90.0389,0.608580,0.607845,-0.000735,in_band
2026-07-30T09:18:59Z,90.1061,0.588961,0.588250,-0.000711,in_band
2026-07-30T09:19:00Z,90.1061,0.588634,0.587924,-0.000710,in_band
2026-07-30T09:19:59Z,90.1350,0.569655,0.568968,-0.000687,in_band
2026-07-30T09:20:00Z,90.1350,0.569338,0.568652,-0.000687,in_band
2026-07-30T09:20:59Z,90.2220,0.550980,0.550316,-0.000664,in_band
2026-07-30T09:21:00Z,90.2220,0.550674,0.550010,-0.000664,in_band
2026-07-30T09:21:59Z,90.1900,0.532917,0.532275,-0.000642,in_band
2026-07-30T09:22:00Z,90.1900,0.532621,0.531979,-0.000642,in_band
2026-07-30T09:22:59Z,90.1442,0.515446,0.514825,-0.000621,in_band
2026-07-30T09:23:00Z,90.1442,0.515160,0.514539,-0.000621,in_band
2026-07-30T09:23:59Z,90.1518,0.498548,0.497947,-0.000601,in_band
2026-07-30T09:24:00Z,90.1518,0.498271,0.497670,-0.000601,in_band
2026-07-30T09:24:59Z,90.1167,0.482203,0.481622,-0.000581,in_band
2026-07-30T09:25:00Z,90.1167,0.481936,0.481355,-0.000581,in_band
2026-07-30T09:25:59Z,90.1198,0.466395,0.465833,-0.000562,in_band
2026-07-30T09:26:00Z,90.1198,0.466136,0.465574,-0.000562,in_band
2026-07-30T09:26:59Z,90.1350,0.451105,0.450561,-0.000544,in_band
2026-07-30T09:27:00Z,90.1350,0.450854,0.450311,-0.000543,in_band
2026-07-30T09:27:59Z,90.0786,0.436316,0.435790,-0.000526,in_band
2026-07-30T09:28:00Z,90.0786,0.436073,0.435548,-0.000526,in_band
2026-07-30T09:28:59Z,90.0237,0.422012,0.421503,-0.000509,in_band
2026-07-30T09:29:00Z,90.0237,0.421777,0.421269,-0.000509,in_band
2026-07-30T09:29:53Z,89.9611,0.412990,0.414522,0.001532,below_midpoint_feather
2026-07-30T09:30:02Z,89.9931,0.412990,0.413853,0.000863,below_midpoint_feather
2026-07-30T09:30:57Z,89.9687,0.413321,0.413076,-0.000245,below_midpoint_feather
2026-07-30T09:31:29Z,89.8878,0.413641,0.414745,0.001104,below_midpoint_feather
2026-07-30T09:31:59Z,89.9153,0.415273,0.414016,-0.001256,below_midpoint_feather
2026-07-30T09:32:00Z,89.9153,0.415274,0.414018,-0.001256,below_midpoint_feather
2026-07-30T09:32:15Z,89.8421,0.414890,0.416579,0.001690,below_midpoint_feather
2026-07-30T09:33:04Z,89.8085,0.416967,0.418416,0.001449,below_midpoint_feather
2026-07-30T09:33:09Z,89.8650,0.417650,0.415818,-0.001832,below_midpoint_feather
2026-07-30T09:34:47Z,89.7673,0.424673,0.421847,-0.002826,below_midpoint_feather
2026-07-30T09:34:57Z,89.6849,0.423905,0.428425,0.004520,below_midpoint_feather
2026-07-30T09:35:11Z,89.7353,0.427691,0.424514,-0.003177,below_midpoint_feather
2026-07-30T09:35:38Z,89.6483,0.429873,0.432705,0.002832,below_midpoint_feather
2026-07-30T09:36:01Z,89.6803,0.433523,0.430228,-0.003295,below_midpoint_feather
2026-07-30T09:36:22Z,89.5995,0.434752,0.439133,0.004381,below_midpoint_feather
2026-07-30T09:37:05Z,89.6071,0.441289,0.439859,-0.001430,below_midpoint_feather
2026-07-30T09:37:09Z,89.5308,0.441454,0.449381,0.007927,below_midpoint_feather
2026-07-30T09:38:00Z,89.4896,0.453600,0.457695,0.004096,below_midpoint_feather
2026-07-30T09:38:53Z,89.4743,0.468942,0.463576,-0.005366,below_midpoint_feather
2026-07-30T09:39:37Z,89.3828,0.486632,0.482362,-0.004270,below_midpoint_feather
2026-07-30T09:39:56Z,89.2927,0.491106,0.501298,0.010192,below_midpoint_feather
2026-07-30T09:40:08Z,89.2866,0.495900,0.503890,0.007990,below_midpoint_feather
2026-07-30T09:40:21Z,89.3156,0.505892,0.499699,-0.006193,below_midpoint_feather
2026-07-30T09:41:18Z,89.2012,0.519614,0.531978,0.012363,below_midpoint_feather
2026-07-30T09:41:57Z,89.2287,0.541403,0.532531,-0.008872,below_midpoint_feather
2026-07-30T09:42:36Z,89.1554,0.550620,0.556879,0.006259,below_midpoint_feather
2026-07-30T09:42:49Z,89.2103,0.557566,0.546753,-0.010813,below_midpoint_feather
2026-07-30T09:43:07Z,89.1722,0.561316,0.559294,-0.002022,below_midpoint_feather
2026-07-30T09:43:25Z,89.1173,0.567767,0.576545,0.008778,below_midpoint_feather
2026-07-30T09:44:43Z,89.1173,0.604192,0.595055,-0.009137,below_midpoint_feather
2026-07-30T09:44:51Z,89.0578,0.601493,0.612571,0.011078,below_midpoint_feather
2026-07-30T09:45:17Z,89.1325,0.607152,0.600187,-0.006965,below_midpoint_feather
2026-07-30T09:45:27Z,89.0852,0.605555,0.614827,0.009272,below_midpoint_feather
2026-07-30T09:46:07Z,89.0532,0.618459,0.633914,0.015455,below_midpoint_feather
2026-07-30T09:46:43Z,89.1035,0.642509,0.630474,-0.012035,below_midpoint_feather
2026-07-30T09:47:05Z,89.0227,0.649871,0.658176,0.008305,below_midpoint_feather
2026-07-30T09:47:11Z,89.0547,0.657841,0.651119,-0.006722,below_midpoint_feather
2026-07-30T09:48:01Z,88.9860,0.671250,0.684931,0.013682,below_midpoint_feather
2026-07-30T09:48:43Z,89.0440,0.690502,0.681578,-0.008924,below_midpoint_feather
2026-07-30T09:49:07Z,88.9494,0.701943,0.716103,0.014161,below_midpoint_feather
2026-07-30T09:49:31Z,89.0166,0.714471,0.704391,-0.010080,below_midpoint_feather
2026-07-30T09:50:03Z,88.9387,0.725464,0.737593,0.012129,below_midpoint_feather
2026-07-30T09:50:41Z,89.0135,0.741937,0.728737,-0.013200,below_midpoint_feather
2026-07-30T09:51:27Z,89.0349,0.745912,0.738684,-0.007228,below_midpoint_feather
2026-07-30T09:51:43Z,88.9860,0.746696,0.757911,0.011215,below_midpoint_feather
2026-07-30T09:52:27Z,89.0898,0.757556,0.744172,-0.013384,below_midpoint_feather
2026-07-30T09:52:57Z,89.1051,0.741701,0.749795,0.008094,below_midpoint_feather
2026-07-30T09:53:38Z,89.1829,0.749685,0.742843,-0.006842,below_midpoint_feather
2026-07-30T09:53:43Z,89.1325,0.747428,0.756298,0.008869,below_midpoint_feather
2026-07-30T09:54:21Z,89.1371,0.754724,0.765278,0.010554,below_midpoint_feather
2026-07-30T09:54:31Z,89.2103,0.759074,0.750611,-0.008463,below_midpoint_feather
2026-07-30T09:55:31Z,89.1463,0.764381,0.779945,0.015565,below_midpoint_feather
2026-07-30T09:55:37Z,89.2287,0.772738,0.762259,-0.010480,below_midpoint_feather
2026-07-30T09:56:21Z,89.1905,0.774233,0.780683,0.006450,below_midpoint_feather
2026-07-30T09:56:47Z,89.2882,0.774234,0.765240,-0.008994,below_midpoint_feather
2026-07-30T09:57:00Z,89.2927,0.772777,0.767069,-0.005708,below_midpoint_feather
2026-07-30T09:57:33Z,89.3004,0.762200,0.772101,0.009901,below_midpoint_feather
2026-07-30T09:58:39Z,89.4057,0.771781,0.763893,-0.007888,below_midpoint_feather
2026-07-30T09:58:55Z,89.3477,0.770393,0.776609,0.006216,below_midpoint_feather
2026-07-30T09:59:12Z,89.4331,0.770242,0.764290,-0.005952,below_midpoint_feather
2026-07-30T09:59:21Z,89.3553,0.772328,0.778974,0.006646,below_midpoint_feather
2026-07-30T10:00:01Z,89.3751,0.776209,0.780818,0.004609,below_midpoint_feather
2026-07-30T10:00:39Z,89.4530,0.779013,0.772702,-0.006311,below_midpoint_feather
2026-07-30T10:01:30Z,89.5430,0.771469,0.765738,-0.005731,below_midpoint_feather
2026-07-30T10:01:43Z,89.4606,0.771536,0.778755,0.007218,below_midpoint_feather
2026-07-30T10:02:10Z,89.5537,0.772713,0.768335,-0.004378,below_midpoint_feather
2026-07-30T10:02:35Z,89.5201,0.770931,0.774999,0.004068,below_midpoint_feather
2026-07-30T10:03:05Z,89.5567,0.769266,0.772645,0.003380,below_midpoint_feather
2026-07-30T10:03:18Z,89.6345,0.769183,0.764681,-0.004503,below_midpoint_feather
2026-07-30T10:04:34Z,89.6620,0.771722,0.766815,-0.004907,below_midpoint_feather
2026-07-30T10:04:45Z,89.6162,0.769906,0.772137,0.002231,below_midpoint_feather
2026-07-30T10:05:49Z,89.6590,0.768176,0.770803,0.002627,below_midpoint_feather
2026-07-30T10:05:57Z,89.7078,0.769200,0.766735,-0.002465,below_midpoint_feather
2026-07-30T10:06:25Z,89.6590,0.769076,0.772230,0.003154,below_midpoint_feather
2026-07-30T10:06:53Z,89.7307,0.768933,0.767037,-0.001895,below_midpoint_feather
2026-07-30T10:07:35Z,89.7276,0.766870,0.768627,0.001757,below_midpoint_feather
2026-07-30T10:07:40Z,89.7902,0.766693,0.764482,-0.002211,below_midpoint_feather
2026-07-30T10:08:23Z,89.7765,0.768733,0.766478,-0.002255,below_midpoint_feather
2026-07-30T10:08:45Z,89.7002,0.767383,0.772710,0.005328,below_midpoint_feather
2026-07-30T10:09:21Z,89.8238,0.768007,0.765163,-0.002844,below_midpoint_feather
2026-07-30T10:09:37Z,89.7826,0.765827,0.767798,0.001971,below_midpoint_feather
2026-07-30T10:10:19Z,89.8741,0.766096,0.764055,-0.002041,below_midpoint_feather
2026-07-30T10:10:55Z,89.8146,0.764664,0.767185,0.002522,below_midpoint_feather
2026-07-30T10:11:11Z,89.8512,0.764310,0.765628,0.001318,below_midpoint_feather
2026-07-30T10:11:25Z,89.9092,0.765108,0.763794,-0.001313,below_midpoint_feather
2026-07-30T10:12:17Z,89.8604,0.764305,0.765798,0.001493,below_midpoint_feather
2026-07-30T10:12:37Z,89.9550,0.764060,0.763425,-0.000635,below_midpoint_feather
2026-07-30T10:13:05Z,89.9657,0.763232,0.763425,0.000193,below_midpoint_feather
2026-07-30T10:13:16Z,90.0206,0.763222,0.761598,-0.001624,in_band
2026-07-30T10:14:00Z,90.0603,0.744858,0.743295,-0.001563,in_band
2026-07-30T10:14:59Z,90.1213,0.720891,0.719378,-0.001513,in_band
2026-07-30T10:15:00Z,90.1213,0.720492,0.718979,-0.001513,in_band
2026-07-30T10:15:59Z,90.2312,0.697277,0.695813,-0.001464,in_band
2026-07-30T10:16:00Z,90.2312,0.696890,0.695427,-0.001463,in_band
2026-07-30T10:16:59Z,90.3273,0.674425,0.673009,-0.001416,in_band
2026-07-30T10:17:00Z,90.3273,0.674051,0.672635,-0.001415,in_band
2026-07-30T10:17:59Z,90.3502,0.652318,0.650948,-0.001370,in_band
2026-07-30T10:18:00Z,90.3502,0.651955,0.650586,-0.001369,in_band
2026-07-30T10:18:59Z,90.4143,0.630933,0.629608,-0.001325,in_band
2026-07-30T10:19:00Z,90.4143,0.630583,0.629259,-0.001324,in_band
2026-07-30T10:19:59Z,90.5043,0.610249,0.608968,-0.001281,in_band
2026-07-30T10:20:00Z,90.5043,0.609910,0.608629,-0.001281,in_band
2026-07-30T10:20:59Z,90.5058,0.590243,0.589004,-0.001239,in_band
2026-07-30T10:21:00Z,90.5058,0.589915,0.588676,-0.001239,in_band
2026-07-30T10:21:59Z,90.5364,0.570892,0.569694,-0.001199,in_band
2026-07-30T10:22:00Z,90.5364,0.570575,0.569377,-0.001198,in_band
2026-07-30T10:22:59Z,90.5821,0.552176,0.551017,-0.001160,in_band
2026-07-30T10:23:00Z,90.5821,0.551870,0.550711,-0.001159,in_band
2026-07-30T10:23:59Z,90.6371,0.534074,0.532952,-0.001121,in_band
2026-07-30T10:24:00Z,90.6371,0.533777,0.532656,-0.001121,in_band
2026-07-30T10:24:59Z,90.6798,0.516565,0.515480,-0.001085,in_band
2026-07-30T10:25:00Z,90.6798,0.516278,0.515194,-0.001084,in_band
2026-07-30T10:25:50Z,90.6691,0.502134,0.501080,-0.001054,in_band
2026-07-30T19:20:51Z,88.8716,0.302801,0.312937,0.010136,below_midpoint_feather
2026-07-30T19:20:59Z,88.8991,0.313618,0.307326,-0.006291,below_midpoint_feather
2026-07-30T19:21:20Z,88.8487,0.324319,0.331726,0.007408,below_midpoint_feather
2026-07-30T19:21:47Z,88.9525,0.320755,0.310195,-0.010560,below_midpoint_feather
2026-07-30T19:22:33Z,88.9937,0.321522,0.316294,-0.005228,below_midpoint_feather
2026-07-30T19:22:39Z,88.8853,0.330128,0.351250,0.021122,below_midpoint_feather
2026-07-30T19:23:04Z,88.7297,0.390120,0.413620,0.023500,below_midpoint_feather
2026-07-30T19:23:41Z,88.7465,0.435021,0.423552,-0.011469,below_midpoint_feather
2026-07-30T19:24:03Z,88.7343,0.423613,0.438482,0.014868,below_midpoint_feather
2026-07-30T19:24:23Z,88.7785,0.443058,0.432616,-0.010442,below_midpoint_feather
2026-07-30T19:25:03Z,88.6778,0.468476,0.489033,0.020557,below_midpoint_feather
2026-07-30T19:25:49Z,88.8289,0.477702,0.459459,-0.018242,below_midpoint_feather
2026-07-30T19:26:08Z,88.8945,0.464291,0.448111,-0.016180,below_midpoint_feather
2026-07-30T19:26:51Z,88.8945,0.451558,0.468813,0.017255,below_midpoint_feather
2026-07-30T19:27:19Z,88.8670,0.475559,0.489811,0.014252,below_midpoint_feather
2026-07-30T19:27:29Z,88.9387,0.483629,0.471675,-0.011954,below_midpoint_feather
2026-07-30T19:28:31Z,88.9906,0.472670,0.481499,0.008829,below_midpoint_feather
2026-07-30T19:28:59Z,89.0669,0.481354,0.470704,-0.010650,below_midpoint_feather
2026-07-30T19:29:00Z,89.0669,0.481712,0.471062,-0.010650,below_midpoint_feather
2026-07-30T19:29:51Z,89.0669,0.478160,0.488141,0.009981,below_midpoint_feather
2026-07-30T19:30:07Z,89.1035,0.475126,0.483591,0.008465,below_midpoint_feather
2026-07-30T19:30:30Z,89.1875,0.478630,0.470010,-0.008620,below_midpoint_feather
2026-07-30T19:31:27Z,89.2134,0.471844,0.479190,0.007346,below_midpoint_feather
2026-07-30T19:31:56Z,89.3202,0.474008,0.463539,-0.010468,below_midpoint_feather
2026-07-30T19:32:47Z,89.3751,0.458172,0.463404,0.005231,below_midpoint_feather
2026-07-30T19:32:54Z,89.4530,0.455574,0.451641,-0.003933,below_midpoint_feather
2026-07-30T19:33:49Z,89.4560,0.455878,0.459212,0.003334,below_midpoint_feather
2026-07-30T19:33:52Z,89.5155,0.456266,0.450889,-0.005377,below_midpoint_feather
2026-07-30T19:34:21Z,89.5247,0.450142,0.453041,0.002899,below_midpoint_feather
2026-07-30T19:34:36Z,89.6040,0.448267,0.444761,-0.003505,below_midpoint_feather
2026-07-30T19:35:26Z,89.6818,0.443926,0.441058,-0.002869,below_midpoint_feather
2026-07-30T19:35:59Z,89.6620,0.441633,0.444973,0.003341,below_midpoint_feather
2026-07-30T19:36:28Z,89.7581,0.440631,0.438520,-0.002110,below_midpoint_feather
2026-07-30T19:36:29Z,89.6773,0.440677,0.445059,0.004381,below_midpoint_feather
2026-07-30T19:37:15Z,89.7490,0.439461,0.441021,0.001560,below_midpoint_feather
2026-07-30T19:37:26Z,89.8100,0.441076,0.437549,-0.003527,below_midpoint_feather
2026-07-30T19:38:28Z,89.9336,0.436065,0.434573,-0.001492,below_midpoint_feather
2026-07-30T19:38:43Z,89.8741,0.435123,0.436441,0.001318,below_midpoint_feather
2026-07-30T19:39:27Z,89.9138,0.434969,0.435732,0.000762,below_midpoint_feather
2026-07-30T19:39:52Z,90.0160,0.434752,0.433394,-0.001358,in_band
2026-07-30T19:40:00Z,90.0099,0.432864,0.431512,-0.001353,in_band
2026-07-30T19:40:59Z,90.1396,0.419086,0.417768,-0.001318,in_band
2026-07-30T19:41:00Z,90.1396,0.418855,0.417538,-0.001317,in_band
2026-07-30T19:41:59Z,90.2480,0.405415,0.404137,-0.001278,in_band
2026-07-30T19:42:00Z,90.2480,0.405190,0.403913,-0.001277,in_band
2026-07-30T19:42:59Z,90.2800,0.392149,0.390912,-0.001237,in_band
2026-07-30T19:43:00Z,90.2800,0.391932,0.390695,-0.001237,in_band
2026-07-30T19:43:59Z,90.3716,0.379303,0.378105,-0.001197,in_band
2026-07-30T19:44:00Z,90.3716,0.379092,0.377895,-0.001197,in_band
2026-07-30T19:44:59Z,90.4326,0.366871,0.365713,-0.001158,in_band
2026-07-30T19:45:00Z,90.4326,0.366667,0.365510,-0.001157,in_band
2026-07-30T19:45:59Z,90.5608,0.354845,0.353725,-0.001120,in_band
2026-07-30T19:46:00Z,90.5608,0.354648,0.353528,-0.001120,in_band
2026-07-30T19:46:59Z,90.6706,0.343212,0.342129,-0.001084,in_band
2026-07-30T19:47:00Z,90.6706,0.343022,0.341939,-0.001083,in_band
2026-07-30T19:47:59Z,90.6874,0.331960,0.330912,-0.001048,in_band
2026-07-30T19:48:00Z,90.6874,0.331776,0.330729,-0.001047,in_band
2026-07-30T19:48:59Z,90.7195,0.321078,0.320064,-0.001014,in_band
2026-07-30T19:49:00Z,90.7195,0.320899,0.319886,-0.001013,in_band
2026-07-30T19:49:59Z,90.8354,0.310551,0.309571,-0.000980,in_band
2026-07-30T19:50:00Z,90.8354,0.310379,0.309399,-0.000980,in_band
2026-07-30T19:50:59Z,90.8171,0.300370,0.299422,-0.000948,in_band
2026-07-30T19:51:00Z,90.8171,0.300204,0.299256,-0.000948,in_band
2026-07-30T19:51:59Z,90.8537,0.290523,0.289606,-0.000917,in_band
2026-07-30T19:52:00Z,90.8537,0.290362,0.289445,-0.000917,in_band
2026-07-30T19:52:59Z,90.8980,0.280999,0.280111,-0.000887,in_band
2026-07-30T19:53:00Z,90.8980,0.280843,0.279956,-0.000887,in_band
2026-07-30T19:53:59Z,90.8797,0.271786,0.270928,-0.000858,in_band
2026-07-30T19:54:00Z,90.8797,0.271635,0.270778,-0.000858,in_band
2026-07-30T19:54:59Z,90.8995,0.262876,0.262046,-0.000830,in_band
2026-07-30T19:55:00Z,90.8995,0.262730,0.261901,-0.000829,in_band
2026-07-30T19:55:59Z,90.9255,0.254258,0.253455,-0.000803,in_band
2026-07-30T19:56:00Z,90.9255,0.254117,0.253315,-0.000802,in_band
2026-07-30T19:56:59Z,90.9316,0.245922,0.245146,-0.000776,in_band
2026-07-30T19:57:00Z,90.9316,0.245786,0.245010,-0.000776,in_band
2026-07-30T19:57:59Z,90.9316,0.237860,0.237109,-0.000751,in_band
2026-07-30T19:58:00Z,90.9316,0.237728,0.236978,-0.000751,in_band
2026-07-30T19:58:59Z,91.0002,0.230062,0.229336,-0.000726,in_band
2026-07-30T19:59:00Z,91.0002,0.229934,0.229208,-0.000726,in_band
2026-07-30T19:59:59Z,91.0124,0.222520,0.221817,-0.000702,in_band
2026-07-30T20:00:00Z,91.0124,0.222396,0.221694,-0.000702,in_band
2026-07-30T20:00:59Z,91.0353,0.215225,0.214545,-0.000679,in_band
2026-07-30T20:01:00Z,91.0353,0.215105,0.214426,-0.000679,in_band
2026-07-30T20:01:59Z,91.0262,0.208169,0.207512,-0.000657,in_band
2026-07-30T20:02:00Z,91.0262,0.208053,0.207396,-0.000657,in_band
2026-07-30T20:02:59Z,91.1192,0.201344,0.200709,-0.000636,in_band
2026-07-30T20:03:00Z,91.1192,0.201232,0.200597,-0.000635,in_band
2026-07-30T20:03:59Z,91.0918,0.194743,0.194129,-0.000615,in_band
2026-07-30T20:04:00Z,91.0918,0.194635,0.194021,-0.000614,in_band
2026-07-30T20:04:59Z,91.1192,0.188359,0.187764,-0.000595,in_band
2026-07-30T20:05:00Z,91.1192,0.188254,0.187660,-0.000594,in_band
2026-07-30T20:05:59Z,91.1864,0.182184,0.181609,-0.000575,in_band
2026-07-30T20:06:00Z,91.1864,0.182083,0.181508,-0.000575,in_band
2026-07-30T20:06:59Z,91.1772,0.176211,0.175655,-0.000556,in_band
2026-07-30T20:07:00Z,91.1772,0.176113,0.175557,-0.000556,in_band
2026-07-30T20:07:59Z,91.2383,0.170434,0.169896,-0.000538,in_band
2026-07-30T20:08:00Z,91.2383,0.170340,0.169802,-0.000538,in_band
2026-07-30T20:08:59Z,91.2108,0.164847,0.164326,-0.000520,in_band
2026-07-30T20:09:00Z,91.2108,0.164755,0.164235,-0.000520,in_band
2026-07-30T20:09:59Z,91.2505,0.159442,0.158939,-0.000503,in_band
2026-07-30T20:10:00Z,91.2505,0.159354,0.158851,-0.000503,in_band
2026-07-30T20:10:59Z,91.2276,0.154215,0.153728,-0.000487,in_band
2026-07-30T20:11:00Z,91.2276,0.154130,0.153643,-0.000487,in_band
2026-07-30T20:11:59Z,91.3054,0.149160,0.148689,-0.000471,in_band
2026-07-30T20:12:00Z,91.3054,0.149077,0.148606,-0.000471,in_band
2026-07-30T20:12:59Z,91.2337,0.144269,0.143814,-0.000455,in_band
2026-07-30T20:13:00Z,91.2337,0.144189,0.143734,-0.000455,in_band
2026-07-30T20:13:59Z,91.2932,0.139540,0.139099,-0.000441,in_band
2026-07-30T20:14:00Z,91.2932,0.139462,0.139022,-0.000440,in_band
2026-07-30T20:14:59Z,91.2703,0.134965,0.134539,-0.000426,in_band
2026-07-30T20:15:00Z,91.2703,0.134890,0.134464,-0.000426,in_band
2026-07-30T20:15:59Z,91.2337,0.130540,0.130128,-0.000412,in_band
2026-07-30T20:16:00Z,91.2337,0.130468,0.130056,-0.000412,in_band
2026-07-30T20:16:59Z,91.2001,0.126261,0.125862,-0.000399,in_band
2026-07-30T20:17:00Z,91.2001,0.126191,0.125792,-0.000398,in_band
2026-07-30T20:17:59Z,91.2200,0.122121,0.121736,-0.000386,in_band
2026-07-30T20:18:00Z,91.2200,0.122054,0.121668,-0.000385,in_band
2026-07-30T20:18:59Z,91.0552,0.118118,0.117745,-0.000373,in_band
2026-07-30T20:19:00Z,91.0552,0.118052,0.117680,-0.000373,in_band
2026-07-30T20:19:59Z,91.0460,0.114245,0.113885,-0.000361,in_band
2026-07-30T20:20:00Z,91.0460,0.114182,0.113822,-0.000360,in_band
2026-07-30T20:20:59Z,90.9316,0.110500,0.110151,-0.000349,in_band
2026-07-30T20:21:00Z,90.9316,0.110439,0.110090,-0.000349,in_band
2026-07-30T20:21:59Z,90.9804,0.106877,0.106540,-0.000337,in_band
2026-07-30T20:22:00Z,90.9804,0.106818,0.106481,-0.000337,in_band
2026-07-30T20:22:59Z,90.9850,0.103374,0.103047,-0.000326,in_band
2026-07-30T20:23:00Z,90.9850,0.103316,0.102990,-0.000326,in_band
2026-07-30T20:23:59Z,90.9911,0.099985,0.099669,-0.000316,in_band
2026-07-30T20:24:00Z,90.9911,0.099929,0.099614,-0.000315,in_band
2026-07-30T20:24:59Z,90.9957,0.096707,0.096401,-0.000305,in_band
2026-07-30T20:25:00Z,90.9957,0.096653,0.096348,-0.000305,in_band
2026-07-30T20:25:59Z,91.0140,0.093536,0.093241,-0.000295,in_band
2026-07-30T20:26:00Z,91.0140,0.093484,0.093189,-0.000295,in_band
2026-07-30T20:26:59Z,90.8721,0.090470,0.090184,-0.000286,in_band
2026-07-30T20:27:00Z,90.8721,0.090420,0.090134,-0.000285,in_band
2026-07-30T20:27:59Z,90.9163,0.087504,0.087228,-0.000276,in_band
2026-07-30T20:28:00Z,90.9163,0.087455,0.087179,-0.000276,in_band
2026-07-30T20:28:59Z,90.8400,0.084635,0.084368,-0.000267,in_band
2026-07-30T20:29:00Z,90.8400,0.084588,0.084321,-0.000267,in_band
2026-07-30T20:29:59Z,90.8797,0.081860,0.081602,-0.000258,in_band
2026-07-30T20:30:00Z,90.8797,0.081815,0.081557,-0.000258,in_band
2026-07-30T20:30:59Z,90.8446,0.079177,0.078927,-0.000250,in_band
2026-07-30T20:31:00Z,90.8446,0.079133,0.078883,-0.000250,in_band
2026-07-30T20:31:59Z,90.8629,0.076581,0.076339,-0.000242,in_band
2026-07-30T20:32:00Z,90.8629,0.076539,0.076297,-0.000242,in_band
2026-07-30T20:32:59Z,90.7530,0.074070,0.073837,-0.000234,in_band
2026-07-30T20:33:00Z,90.7530,0.074029,0.073796,-0.000234,in_band
2026-07-30T20:33:59Z,90.6600,0.071642,0.071416,-0.000226,in_band
2026-07-30T20:34:00Z,90.6600,0.071602,0.071376,-0.000226,in_band
2026-07-30T20:34:59Z,90.5562,0.069293,0.069075,-0.000219,in_band
2026-07-30T20:35:00Z,90.5562,0.069255,0.069036,-0.000219,in_band
2026-07-30T20:35:59Z,90.4768,0.067022,0.066810,-0.000212,in_band
2026-07-30T20:36:00Z,90.4768,0.066984,0.066773,-0.000211,in_band
2026-07-30T20:36:59Z,90.3532,0.064824,0.064620,-0.000205,in_band
2026-07-30T20:37:00Z,90.3532,0.064788,0.064584,-0.000205,in_band
2026-07-30T20:37:59Z,90.3532,0.062699,0.062501,-0.000198,in_band
2026-07-30T20:38:00Z,90.3532,0.062664,0.062467,-0.000198,in_band
2026-07-30T20:38:59Z,90.2754,0.060644,0.060452,-0.000191,in_band
2026-07-30T20:39:00Z,90.2754,0.060610,0.060419,-0.000191,in_band
2026-07-30T20:39:59Z,90.1198,0.058656,0.058470,-0.000185,in_band
2026-07-30T20:40:00Z,90.1198,0.058623,0.058438,-0.000185,in_band
2026-07-30T20:40:54Z,89.9794,0.056890,0.056834,-0.000056,below_midpoint_feather
2026-07-30T20:41:00Z,90.0328,0.056701,0.056585,-0.000116,in_band
2026-07-30T20:41:35Z,89.9428,0.055974,0.056550,0.000576,below_midpoint_feather
2026-07-30T20:42:02Z,89.9733,0.055958,0.056063,0.000105,below_midpoint_feather
2026-07-30T20:42:56Z,90.0069,0.056024,0.055471,-0.000553,in_band
2026-07-30T20:43:27Z,89.9931,0.056140,0.055421,-0.000719,below_midpoint_feather
2026-07-30T20:43:58Z,89.8909,0.056807,0.057116,0.000308,below_midpoint_feather
2026-07-30T20:44:03Z,89.9458,0.057136,0.055843,-0.001294,below_midpoint_feather
2026-07-30T20:44:11Z,89.8589,0.057221,0.058264,0.001043,below_midpoint_feather
2026-07-30T20:45:29Z,89.9046,0.058612,0.056909,-0.001703,below_midpoint_feather
2026-07-30T20:45:43Z,89.8192,0.058437,0.060318,0.001880,below_midpoint_feather
2026-07-30T20:46:45Z,89.9565,0.057983,0.056198,-0.001785,below_midpoint_feather
2026-07-30T20:46:49Z,89.8695,0.057696,0.058364,0.000668,below_midpoint_feather
2026-07-30T20:47:01Z,89.9428,0.057780,0.056453,-0.001327,below_midpoint_feather
2026-07-30T20:47:53Z,89.8268,0.059144,0.060438,0.001294,below_midpoint_feather
2026-07-30T20:48:29Z,89.8558,0.061546,0.059295,-0.002251,below_midpoint_feather
2026-07-30T20:48:38Z,89.7810,0.061284,0.063209,0.001924,below_midpoint_feather
2026-07-30T20:49:09Z,89.7780,0.061351,0.063633,0.002283,below_midpoint_feather
2026-07-30T20:49:33Z,89.8039,0.064306,0.062314,-0.001993,below_midpoint_feather
2026-07-30T20:50:13Z,89.7917,0.065445,0.063474,-0.001971,below_midpoint_feather
2026-07-30T20:50:58Z,89.7078,0.068224,0.070087,0.001862,below_midpoint_feather
2026-07-30T20:51:02Z,89.6773,0.069828,0.072819,0.002992,below_midpoint_feather
2026-07-30T20:51:29Z,89.7322,0.071708,0.068717,-0.002991,below_midpoint_feather
2026-07-30T20:52:13Z,89.6986,0.075758,0.072486,-0.003272,below_midpoint_feather
2026-07-30T20:52:59Z,89.6300,0.077819,0.080391,0.002572,below_midpoint_feather
2026-07-30T20:53:45Z,89.6483,0.082656,0.080129,-0.002528,below_midpoint_feather
2026-07-30T20:53:49Z,89.5995,0.082488,0.085509,0.003021,below_midpoint_feather
2026-07-30T20:54:13Z,89.5995,0.089477,0.086486,-0.002992,below_midpoint_feather
2026-07-30T20:54:56Z,89.4850,0.097521,0.103450,0.005929,below_midpoint_feather
2026-07-30T20:55:05Z,89.5155,0.104208,0.099611,-0.004596,below_midpoint_feather
2026-07-30T20:55:54Z,89.3782,0.119284,0.124642,0.005358,below_midpoint_feather
2026-07-30T20:56:20Z,89.3919,0.120071,0.124606,0.004535,below_midpoint_feather
2026-07-30T20:56:21Z,89.4789,0.120166,0.110737,-0.009428,below_midpoint_feather
2026-07-30T20:57:23Z,89.3919,0.123939,0.130707,0.006768,below_midpoint_feather
2026-07-30T20:57:53Z,89.3965,0.136201,0.132935,-0.003266,below_midpoint_feather
2026-07-30T20:58:35Z,89.3706,0.136884,0.142176,0.005292,below_midpoint_feather
2026-07-30T20:58:41Z,89.4560,0.135769,0.128607,-0.007163,below_midpoint_feather
2026-07-30T20:59:32Z,89.3324,0.147023,0.155645,0.008622,below_midpoint_feather
2026-07-30T20:59:37Z,89.3889,0.150865,0.145954,-0.004911,below_midpoint_feather
2026-07-30T21:00:31Z,89.4011,0.146316,0.150407,0.004092,below_midpoint_feather
2026-07-30T21:00:35Z,89.4789,0.146807,0.138501,-0.008306,below_midpoint_feather
2026-07-30T21:01:51Z,89.5033,0.147009,0.143437,-0.003572,below_midpoint_feather
2026-07-30T21:01:59Z,89.4438,0.145818,0.153161,0.007344,below_midpoint_feather
2026-07-30T21:02:00Z,89.4438,0.145919,0.153261,0.007342,below_midpoint_feather
2026-07-30T21:02:47Z,89.5796,0.144746,0.138932,-0.005814,below_midpoint_feather
2026-07-30T21:03:07Z,89.5399,0.140187,0.145646,0.005459,below_midpoint_feather
2026-07-30T21:03:43Z,89.6025,0.145213,0.140820,-0.004393,below_midpoint_feather
2026-07-30T21:04:01Z,89.5338,0.145763,0.150552,0.004789,below_midpoint_feather
2026-07-30T21:04:03Z,89.6071,0.145904,0.141745,-0.004160,below_midpoint_feather
2026-07-30T21:05:13Z,89.5659,0.147203,0.151115,0.003912,below_midpoint_feather
2026-07-30T21:05:51Z,89.6529,0.148305,0.143596,-0.004709,below_midpoint_feather
2026-07-30T21:06:30Z,89.7124,0.144691,0.140285,-0.004407,below_midpoint_feather
2026-07-30T21:06:57Z,89.6773,0.141144,0.144578,0.003433,below_midpoint_feather
2026-07-30T21:07:01Z,89.6910,0.140956,0.143514,0.002558,below_midpoint_feather
2026-07-30T21:07:30Z,89.7581,0.143345,0.139383,-0.003962,below_midpoint_feather
2026-07-30T21:08:00Z,89.6986,0.142562,0.144997,0.002435,below_midpoint_feather
2026-07-30T21:08:18Z,89.8054,0.141127,0.138019,-0.003108,below_midpoint_feather
2026-07-30T21:09:21Z,89.8405,0.139725,0.137750,-0.001975,below_midpoint_feather
2026-07-30T21:09:45Z,89.7810,0.139190,0.141376,0.002186,below_midpoint_feather
2026-07-30T21:10:13Z,89.8558,0.140177,0.137949,-0.002228,below_midpoint_feather
2026-07-30T21:10:37Z,89.8466,0.137851,0.138666,0.000815,below_midpoint_feather
2026-07-30T21:11:26Z,89.9336,0.137336,0.136437,-0.000899,below_midpoint_feather
2026-07-30T21:11:59Z,89.8878,0.137208,0.137811,0.000603,below_midpoint_feather
2026-07-30T21:12:00Z,89.8878,0.137213,0.137816,0.000603,below_midpoint_feather
2026-07-30T21:12:21Z,89.9474,0.137282,0.136524,-0.000759,below_midpoint_feather
2026-07-30T21:13:02Z,89.9977,0.136700,0.136122,-0.000578,below_midpoint_feather
2026-07-30T21:13:41Z,89.9474,0.136669,0.136596,-0.000073,below_midpoint_feather
2026-07-30T21:14:09Z,89.9428,0.136727,0.136553,-0.000174,below_midpoint_feather
2026-07-30T21:14:32Z,90.0191,0.136677,0.135807,-0.000870,in_band
2026-07-30T21:15:00Z,90.0465,0.134567,0.133878,-0.000689,in_band
2026-07-30T21:15:59Z,90.0801,0.130247,0.129580,-0.000667,in_band
2026-07-30T21:16:00Z,90.0801,0.130175,0.129508,-0.000666,in_band
2026-07-30T21:16:59Z,90.1656,0.125984,0.125339,-0.000645,in_band
2026-07-30T21:17:00Z,90.1656,0.125914,0.125270,-0.000644,in_band
2026-07-30T21:17:59Z,90.1976,0.121856,0.121233,-0.000624,in_band
2026-07-30T21:18:00Z,90.1976,0.121789,0.121165,-0.000623,in_band
2026-07-30T21:18:59Z,90.2800,0.117862,0.117259,-0.000603,in_band
2026-07-30T21:19:00Z,90.2800,0.117797,0.117194,-0.000603,in_band
2026-07-30T21:19:59Z,90.2525,0.113999,0.113415,-0.000583,in_band
2026-07-30T21:20:00Z,90.2525,0.113936,0.113352,-0.000583,in_band
2026-07-30T21:20:59Z,90.3944,0.110262,0.109697,-0.000564,in_band
2026-07-30T21:21:00Z,90.3944,0.110200,0.109636,-0.000564,in_band
2026-07-30T21:21:59Z,90.4234,0.106647,0.106101,-0.000546,in_band
2026-07-30T21:22:00Z,90.4234,0.106588,0.106042,-0.000545,in_band
2026-07-30T21:22:59Z,90.4738,0.103151,0.102623,-0.000528,in_band
2026-07-30T21:23:00Z,90.4738,0.103093,0.102566,-0.000528,in_band
2026-07-30T21:23:59Z,90.4906,0.099769,0.099258,-0.000511,in_band
2026-07-30T21:24:00Z,90.4906,0.099714,0.099203,-0.000510,in_band
2026-07-30T21:24:59Z,90.5379,0.096498,0.096004,-0.000494,in_band
2026-07-30T21:25:00Z,90.5379,0.096445,0.095951,-0.000494,in_band
2026-07-30T21:25:59Z,90.5135,0.093335,0.092857,-0.000478,in_band
2026-07-30T21:26:00Z,90.5135,0.093283,0.092805,-0.000477,in_band
2026-07-30T21:26:59Z,90.6142,0.090275,0.089813,-0.000462,in_band
2026-07-30T21:27:00Z,90.6142,0.090225,0.089763,-0.000462,in_band
2026-07-30T21:27:59Z,90.5699,0.087315,0.086868,-0.000447,in_band
2026-07-30T21:28:00Z,90.5699,0.087267,0.086820,-0.000447,in_band
2026-07-30T21:28:59Z,90.5913,0.084453,0.084020,-0.000432,in_band
2026-07-30T21:29:00Z,90.5913,0.084406,0.083974,-0.000432,in_band
2026-07-30T21:29:59Z,90.6249,0.081684,0.081266,-0.000418,in_band
2026-07-30T21:30:00Z,90.6249,0.081639,0.081221,-0.000418,in_band
2026-07-30T21:30:59Z,90.6294,0.079006,0.078602,-0.000404,in_band
2026-07-30T21:31:00Z,90.6294,0.078962,0.078558,-0.000404,in_band
2026-07-30T21:31:59Z,90.6844,0.076416,0.076025,-0.000391,in_band
2026-07-30T21:32:00Z,90.6844,0.076373,0.075983,-0.000391,in_band
2026-07-30T21:32:59Z,90.7118,0.073911,0.073532,-0.000378,in_band
2026-07-30T21:33:00Z,90.7118,0.073870,0.073492,-0.000378,in_band
2026-07-30T21:33:59Z,90.7149,0.071488,0.071122,-0.000366,in_band
2026-07-30T21:34:00Z,90.7149,0.071448,0.071082,-0.000366,in_band
2026-07-30T21:34:59Z,90.6783,0.069144,0.068790,-0.000354,in_band
2026-07-30T21:35:00Z,90.6783,0.069106,0.068752,-0.000354,in_band
2026-07-30T21:35:59Z,90.7530,0.066877,0.066535,-0.000342,in_band
2026-07-30T21:36:00Z,90.7530,0.066840,0.066498,-0.000342,in_band
2026-07-30T21:36:59Z,90.7103,0.064685,0.064354,-0.000331,in_band
2026-07-30T21:37:00Z,90.7103,0.064649,0.064318,-0.000331,in_band
2026-07-30T21:37:59Z,90.6645,0.062564,0.062244,-0.000320,in_band
2026-07-30T21:38:00Z,90.6645,0.062529,0.062209,-0.000320,in_band
2026-07-30T21:38:59Z,90.6706,0.060513,0.060203,-0.000310,in_band
2026-07-30T21:39:00Z,90.6706,0.060479,0.060170,-0.000310,in_band
2026-07-30T21:39:59Z,90.5882,0.058529,0.058230,-0.000300,in_band
2026-07-30T21:40:00Z,90.5882,0.058497,0.058197,-0.000299,in_band
2026-07-30T21:40:59Z,90.5379,0.056610,0.056321,-0.000290,in_band
2026-07-30T21:41:00Z,90.5379,0.056579,0.056289,-0.000290,in_band
2026-07-30T21:41:59Z,90.4997,0.054754,0.054474,-0.000280,in_band
2026-07-30T21:42:00Z,90.4997,0.054724,0.054444,-0.000280,in_band
2026-07-30T21:42:59Z,90.5013,0.052959,0.052688,-0.000271,in_band
2026-07-30T21:43:00Z,90.5013,0.052930,0.052659,-0.000271,in_band
2026-07-30T21:43:59Z,90.4646,0.051223,0.050961,-0.000262,in_band
2026-07-30T21:44:00Z,90.4646,0.051195,0.050933,-0.000262,in_band
2026-07-30T21:44:59Z,90.3761,0.049544,0.049290,-0.000254,in_band
2026-07-30T21:45:00Z,90.3761,0.049516,0.049263,-0.000253,in_band
2026-07-30T21:45:59Z,90.4005,0.047920,0.047674,-0.000245,in_band
2026-07-30T21:46:00Z,90.4005,0.047893,0.047648,-0.000245,in_band
2026-07-30T21:46:59Z,90.3944,0.046349,0.046111,-0.000237,in_band
2026-07-30T21:47:00Z,90.3944,0.046323,0.046086,-0.000237,in_band
2026-07-30T21:47:59Z,90.2861,0.044829,0.044600,-0.000229,in_band
2026-07-30T21:48:00Z,90.2861,0.044804,0.044575,-0.000229,in_band
2026-07-30T21:48:59Z,90.2754,0.043359,0.043138,-0.000222,in_band
2026-07-30T21:49:00Z,90.2754,0.043335,0.043114,-0.000222,in_band
2026-07-30T21:49:59Z,90.1900,0.041938,0.041723,-0.000215,in_band
2026-07-30T21:50:00Z,90.1900,0.041915,0.041700,-0.000214,in_band
2026-07-30T21:50:59Z,90.1717,0.040563,0.040355,-0.000208,in_band
2026-07-30T21:51:00Z,90.1717,0.040540,0.040333,-0.000207,in_band
2026-07-30T21:51:59Z,90.1625,0.039233,0.039032,-0.000201,in_band
2026-07-30T21:52:00Z,90.1625,0.039211,0.039011,-0.000201,in_band
2026-07-30T21:52:59Z,90.1717,0.037947,0.037753,-0.000194,in_band
2026-07-30T21:53:00Z,90.1717,0.037926,0.037732,-0.000194,in_band
2026-07-30T21:53:59Z,90.1564,0.036703,0.036515,-0.000188,in_band
2026-07-30T21:54:00Z,90.1564,0.036683,0.036495,-0.000188,in_band
2026-07-30T21:54:59Z,90.1976,0.035500,0.035318,-0.000182,in_band
2026-07-30T21:55:00Z,90.1976,0.035480,0.035298,-0.000182,in_band
2026-07-30T21:55:59Z,90.2586,0.034336,0.034160,-0.000176,in_band
2026-07-30T21:56:00Z,90.2586,0.034317,0.034141,-0.000176,in_band
2026-07-30T21:56:59Z,90.2937,0.033210,0.033040,-0.000170,in_band
2026-07-30T21:57:00Z,90.2937,0.033192,0.033022,-0.000170,in_band
2026-07-30T21:57:59Z,90.2983,0.032121,0.031957,-0.000164,in_band
2026-07-30T21:58:00Z,90.2983,0.032104,0.031939,-0.000164,in_band
2026-07-30T21:58:59Z,90.2632,0.031068,0.030909,-0.000159,in_band
2026-07-30T21:59:00Z,90.2632,0.031051,0.030892,-0.000159,in_band
2026-07-30T21:59:59Z,90.2937,0.030050,0.029896,-0.000154,in_band
2026-07-30T22:00:00Z,90.2937,0.030033,0.029879,-0.000154,in_band
2026-07-30T22:00:59Z,90.2998,0.029065,0.028916,-0.000149,in_band
2026-07-30T22:01:00Z,90.2998,0.029049,0.028900,-0.000149,in_band
2026-07-30T22:01:59Z,90.3304,0.028112,0.027968,-0.000144,in_band
2026-07-30T22:02:00Z,90.3304,0.028096,0.027952,-0.000144,in_band
2026-07-30T22:02:59Z,90.3227,0.027190,0.027051,-0.000139,in_band
2026-07-30T22:03:00Z,90.3227,0.027175,0.027036,-0.000139,in_band
2026-07-30T22:03:59Z,90.2892,0.026299,0.026164,-0.000135,in_band
2026-07-30T22:04:00Z,90.2892,0.026284,0.026150,-0.000135,in_band
2026-07-30T22:04:59Z,90.2708,0.025437,0.025306,-0.000130,in_band
2026-07-30T22:05:00Z,90.2708,0.025422,0.025292,-0.000130,in_band
2026-07-30T22:05:59Z,90.2586,0.024603,0.024477,-0.000126,in_band
2026-07-30T22:06:00Z,90.2586,0.024589,0.024463,-0.000126,in_band
2026-07-30T22:06:59Z,90.2724,0.023796,0.023674,-0.000122,in_band
2026-07-30T22:07:00Z,90.2724,0.023783,0.023661,-0.000122,in_band
2026-07-30T22:07:59Z,90.2861,0.023016,0.022898,-0.000118,in_band
2026-07-30T22:08:00Z,90.2861,0.023003,0.022886,-0.000118,in_band
2026-07-30T22:08:59Z,90.3456,0.022261,0.022148,-0.000114,in_band
2026-07-30T22:09:00Z,90.3456,0.022249,0.022135,-0.000114,in_band
2026-07-30T22:09:59Z,90.3548,0.021532,0.021421,-0.000110,in_band
2026-07-30T22:10:00Z,90.3548,0.021520,0.021410,-0.000110,in_band
2026-07-30T22:10:59Z,90.3349,0.020826,0.020719,-0.000107,in_band
2026-07-30T22:11:00Z,90.3349,0.020814,0.020708,-0.000107,in_band
2026-07-30T22:11:59Z,90.3273,0.020143,0.020040,-0.000103,in_band
2026-07-30T22:12:00Z,90.3273,0.020132,0.020029,-0.000103,in_band
2026-07-30T22:12:59Z,90.3136,0.019483,0.019383,-0.000100,in_band
2026-07-30T22:13:00Z,90.3136,0.019472,0.019372,-0.000100,in_band
2026-07-30T22:13:59Z,90.3136,0.018844,0.018747,-0.000096,in_band
2026-07-30T22:14:00Z,90.3136,0.018833,0.018737,-0.000096,in_band
2026-07-30T22:14:59Z,90.2296,0.018226,0.018133,-0.000093,in_band
2026-07-30T22:15:00Z,90.2296,0.018216,0.018123,-0.000093,in_band
2026-07-30T22:15:59Z,90.2754,0.017629,0.017538,-0.000090,in_band
2026-07-30T22:16:00Z,90.2754,0.017619,0.017529,-0.000090,in_band
2026-07-30T22:16:59Z,90.2388,0.017051,0.016963,-0.000087,in_band
2026-07-30T22:17:00Z,90.2388,0.017041,0.016954,-0.000087,in_band
2026-07-30T22:17:59Z,90.2388,0.016492,0.016407,-0.000084,in_band
2026-07-30T22:18:00Z,90.2388,0.016483,0.016398,-0.000084,in_band
2026-07-30T22:18:59Z,90.2495,0.015951,0.015869,-0.000082,in_band
2026-07-30T22:19:00Z,90.2495,0.015942,0.015861,-0.000082,in_band
2026-07-30T22:19:59Z,90.2174,0.015428,0.015349,-0.000079,in_band
2026-07-30T22:20:00Z,90.2174,0.015420,0.015341,-0.000079,in_band
2026-07-30T22:20:59Z,90.2159,0.014922,0.014846,-0.000076,in_band
2026-07-30T22:21:00Z,90.2159,0.014914,0.014838,-0.000076,in_band
2026-07-30T22:21:59Z,90.2220,0.014433,0.014359,-0.000074,in_band
2026-07-30T22:22:00Z,90.2220,0.014425,0.014351,-0.000074,in_band
2026-07-30T22:22:59Z,90.2022,0.013960,0.013888,-0.000071,in_band
2026-07-30T22:23:00Z,90.2022,0.013952,0.013881,-0.000071,in_band
2026-07-30T22:23:59Z,90.2251,0.013502,0.013433,-0.000069,in_band
2026-07-30T22:24:00Z,90.2251,0.013495,0.013426,-0.000069,in_band
2026-07-30T22:24:59Z,90.2174,0.013060,0.012993,-0.000067,in_band
2026-07-30T22:25:00Z,90.2174,0.013052,0.012986,-0.000067,in_band
2026-07-30T22:25:59Z,90.2037,0.012631,0.012567,-0.000065,in_band
2026-07-30T22:26:00Z,90.2037,0.012624,0.012560,-0.000065,in_band
2026-07-30T22:26:59Z,90.2159,0.012217,0.012155,-0.000063,in_band
2026-07-30T22:27:00Z,90.2159,0.012211,0.012148,-0.000062,in_band
2026-07-30T22:27:59Z,90.1793,0.011817,0.011756,-0.000060,in_band
2026-07-30T22:28:00Z,90.1793,0.011810,0.011750,-0.000060,in_band
2026-07-30T22:28:59Z,90.2022,0.011429,0.011371,-0.000058,in_band
2026-07-30T22:29:00Z,90.2022,0.011423,0.011365,-0.000058,in_band
2026-07-30T22:29:59Z,90.1854,0.011055,0.010998,-0.000057,in_band
2026-07-30T22:30:00Z,90.1854,0.011049,0.010992,-0.000057,in_band
2026-07-30T22:30:59Z,90.2113,0.010692,0.010638,-0.000055,in_band
2026-07-30T22:31:00Z,90.2113,0.010686,0.010632,-0.000055,in_band
2026-07-30T22:31:59Z,90.2312,0.010342,0.010289,-0.000053,in_band
2026-07-30T22:32:00Z,90.2312,0.010336,0.010283,-0.000053,in_band
2026-07-30T22:32:59Z,90.2403,0.010003,0.009952,-0.000051,in_band
2026-07-30T22:33:00Z,90.2403,0.009997,0.009946,-0.000051,in_band
2026-07-30T22:33:59Z,90.2342,0.009675,0.009625,-0.000050,in_band
2026-07-30T22:34:00Z,90.2342,0.009669,0.009620,-0.000049,in_band
2026-07-30T22:34:59Z,90.2022,0.009358,0.009310,-0.000048,in_band
2026-07-30T22:35:00Z,90.2022,0.009352,0.009305,-0.000048,in_band
2026-07-30T22:35:59Z,90.2388,0.009051,0.009005,-0.000046,in_band
2026-07-30T22:36:00Z,90.2388,0.009046,0.009000,-0.000046,in_band
2026-07-30T22:36:59Z,90.2220,0.008754,0.008709,-0.000045,in_band
2026-07-30T22:37:00Z,90.2220,0.008749,0.008704,-0.000045,in_band
2026-07-30T22:37:59Z,90.2220,0.008467,0.008424,-0.000043,in_band
2026-07-30T22:38:00Z,90.2220,0.008462,0.008419,-0.000043,in_band
2026-07-30T22:38:59Z,90.1946,0.008190,0.008148,-0.000042,in_band
2026-07-30T22:39:00Z,90.1946,0.008185,0.008143,-0.000042,in_band
2026-07-30T22:39:59Z,90.2083,0.007921,0.007881,-0.000041,in_band
2026-07-30T22:40:00Z,90.2083,0.007917,0.007876,-0.000041,in_band
2026-07-30T22:40:59Z,90.2403,0.007661,0.007622,-0.000039,in_band
2026-07-30T22:41:00Z,90.2403,0.007657,0.007618,-0.000039,in_band
2026-07-30T22:41:59Z,90.2586,0.007410,0.007372,-0.000038,in_band
2026-07-30T22:42:00Z,90.2586,0.007406,0.007368,-0.000038,in_band
2026-07-30T22:42:59Z,90.3090,0.007167,0.007131,-0.000037,in_band
2026-07-30T22:43:00Z,90.3090,0.007163,0.007127,-0.000037,in_band
2026-07-30T22:43:59Z,90.2312,0.006932,0.006897,-0.000035,in_band
2026-07-30T22:44:00Z,90.2312,0.006928,0.006893,-0.000035,in_band
2026-07-30T22:44:59Z,90.2266,0.006705,0.006671,-0.000034,in_band
2026-07-30T22:45:00Z,90.2266,0.006701,0.006667,-0.000034,in_band
2026-07-30T22:45:59Z,90.2571,0.006485,0.006452,-0.000033,in_band
2026-07-30T22:46:00Z,90.2571,0.006482,0.006448,-0.000033,in_band
2026-07-30T22:46:59Z,90.2449,0.006273,0.006240,-0.000032,in_band
2026-07-30T22:47:00Z,90.2449,0.006269,0.006237,-0.000032,in_band
2026-07-30T22:47:59Z,90.2342,0.006067,0.006036,-0.000031,in_band
2026-07-30T22:48:00Z,90.2342,0.006064,0.006033,-0.000031,in_band
2026-07-30T22:48:59Z,90.2525,0.005868,0.005838,-0.000030,in_band
2026-07-30T22:49:00Z,90.2525,0.005865,0.005835,-0.000030,in_band
2026-07-30T22:49:59Z,90.2632,0.005676,0.005647,-0.000029,in_band
2026-07-30T22:50:00Z,90.2632,0.005673,0.005643,-0.000029,in_band
2026-07-30T22:50:59Z,90.2403,0.005490,0.005462,-0.000028,in_band
2026-07-30T22:51:00Z,90.2403,0.005487,0.005458,-0.000028,in_band
2026-07-30T22:51:59Z,90.2251,0.005310,0.005282,-0.000027,in_band
2026-07-30T22:52:00Z,90.2251,0.005307,0.005280,-0.000027,in_band
2026-07-30T22:52:59Z,90.2205,0.005136,0.005109,-0.000026,in_band
2026-07-30T22:53:00Z,90.2205,0.005133,0.005106,-0.000026,in_band
2026-07-30T22:53:59Z,90.2495,0.004967,0.004942,-0.000025,in_band
2026-07-30T22:54:00Z,90.2495,0.004964,0.004939,-0.000025,in_band
2026-07-30T22:54:59Z,90.2937,0.004804,0.004780,-0.000025,in_band
2026-07-30T22:55:00Z,90.2937,0.004802,0.004777,-0.000025,in_band
2026-07-30T22:55:59Z,90.3212,0.004647,0.004623,-0.000024,in_band
2026-07-30T22:56:00Z,90.3212,0.004644,0.004621,-0.000024,in_band
2026-07-30T22:56:59Z,90.3944,0.004495,0.004472,-0.000023,in_band
2026-07-30T22:57:00Z,90.3944,0.004492,0.004469,-0.000023,in_band
2026-07-30T22:57:59Z,90.4402,0.004347,0.004325,-0.000022,in_band
2026-07-30T22:58:00Z,90.4402,0.004345,0.004323,-0.000022,in_band
2026-07-30T22:58:59Z,90.4463,0.004205,0.004183,-0.000022,in_band
2026-07-30T22:59:00Z,90.4463,0.004202,0.004181,-0.000022,in_band
2026-07-30T22:59:59Z,90.4265,0.004067,0.004046,-0.000021,in_band
2026-07-30T23:00:00Z,90.4265,0.004065,0.004044,-0.000021,in_band
2026-07-30T23:00:59Z,90.4143,0.003933,0.003913,-0.000020,in_band
2026-07-30T23:01:00Z,90.4143,0.003931,0.003911,-0.000020,in_band
2026-07-30T23:01:59Z,90.3899,0.003805,0.003785,-0.000019,in_band
2026-07-30T23:02:00Z,90.3899,0.003802,0.003783,-0.000019,in_band
2026-07-30T23:02:59Z,90.4143,0.003680,0.003661,-0.000019,in_band
2026-07-30T23:03:00Z,90.4143,0.003678,0.003659,-0.000019,in_band
2026-07-30T23:03:59Z,90.4128,0.003559,0.003541,-0.000018,in_band
2026-07-30T23:04:00Z,90.4128,0.003557,0.003539,-0.000018,in_band
2026-07-30T23:04:59Z,90.4692,0.003442,0.003425,-0.000018,in_band
2026-07-30T23:05:00Z,90.4692,0.003441,0.003423,-0.000018,in_band
2026-07-30T23:05:59Z,90.4234,0.003330,0.003313,-0.000017,in_band
2026-07-30T23:06:00Z,90.4234,0.003328,0.003311,-0.000017,in_band
2026-07-30T23:06:59Z,90.4509,0.003220,0.003204,-0.000016,in_band
2026-07-30T23:07:00Z,90.4509,0.003219,0.003202,-0.000016,in_band
2026-07-30T23:07:59Z,90.4509,0.003115,0.003099,-0.000016,in_band
2026-07-30T23:08:00Z,90.4509,0.003113,0.003097,-0.000016,in_band
2026-07-30T23:08:59Z,90.4402,0.003013,0.002997,-0.000015,in_band
2026-07-30T23:09:00Z,90.4402,0.003011,0.002996,-0.000015,in_band
2026-07-30T23:09:59Z,90.4631,0.002914,0.002899,-0.000015,in_band
2026-07-30T23:10:00Z,90.4631,0.002912,0.002897,-0.000015,in_band
2026-07-30T23:10:59Z,90.4631,0.002818,0.002804,-0.000014,in_band
2026-07-30T23:11:00Z,90.4631,0.002817,0.002802,-0.000014,in_band
2026-07-30T23:11:59Z,90.4372,0.002726,0.002712,-0.000014,in_band
2026-07-30T23:12:00Z,90.4372,0.002725,0.002711,-0.000014,in_band
2026-07-30T23:12:59Z,90.4814,0.002637,0.002623,-0.000013,in_band
2026-07-30T23:13:00Z,90.4814,0.002635,0.002622,-0.000013,in_band
2026-07-30T23:13:59Z,90.4768,0.002550,0.002537,-0.000013,in_band
2026-07-30T23:14:00Z,90.4768,0.002549,0.002536,-0.000013,in_band
2026-07-30T23:14:59Z,90.5013,0.002467,0.002454,-0.000013,in_band
2026-07-30T23:15:00Z,90.5013,0.002465,0.002453,-0.000013,in_band
2026-07-30T23:15:59Z,90.5043,0.002386,0.002374,-0.000012,in_band
2026-07-30T23:16:00Z,90.5043,0.002384,0.002372,-0.000012,in_band
2026-07-30T23:16:59Z,90.5043,0.002308,0.002296,-0.000012,in_band
2026-07-30T23:17:00Z,90.5043,0.002306,0.002294,-0.000012,in_band
2026-07-30T23:17:59Z,90.5409,0.002232,0.002220,-0.000011,in_band
2026-07-30T23:18:00Z,90.5409,0.002231,0.002219,-0.000011,in_band
2026-07-30T23:18:59Z,90.5333,0.002159,0.002148,-0.000011,in_band
2026-07-30T23:19:00Z,90.5333,0.002158,0.002146,-0.000011,in_band
2026-07-30T23:19:59Z,90.5501,0.002088,0.002077,-0.000011,in_band
2026-07-30T23:20:00Z,90.5501,0.002087,0.002076,-0.000011,in_band
2026-07-30T23:20:59Z,90.5547,0.002020,0.002009,-0.000010,in_band
2026-07-30T23:21:00Z,90.5547,0.002018,0.002008,-0.000010,in_band
2026-07-30T23:21:59Z,90.5379,0.001953,0.001943,-0.000010,in_band
2026-07-30T23:22:00Z,90.5379,0.001952,0.001942,-0.000010,in_band
2026-07-30T23:22:59Z,90.5333,0.001889,0.001880,-0.000010,in_band
2026-07-30T23:23:00Z,90.5333,0.001888,0.001879,-0.000010,in_band
2026-07-30T23:23:59Z,90.5501,0.001827,0.001818,-0.000009,in_band
2026-07-30T23:24:00Z,90.5501,0.001826,0.001817,-0.000009,in_band
2026-07-30T23:24:59Z,90.5745,0.001767,0.001758,-0.000009,in_band
2026-07-30T23:25:00Z,90.5745,0.001766,0.001757,-0.000009,in_band
2026-07-30T23:25:59Z,90.5928,0.001709,0.001701,-0.000009,in_band
2026-07-30T23:26:00Z,90.5928,0.001709,0.001700,-0.000009,in_band
2026-07-30T23:26:59Z,90.6020,0.001653,0.001645,-0.000008,in_band
2026-07-30T23:27:00Z,90.6020,0.001653,0.001644,-0.000008,in_band
2026-07-30T23:27:59Z,90.6340,0.001599,0.001591,-0.000008,in_band
2026-07-30T23:28:00Z,90.6340,0.001598,0.001590,-0.000008,in_band
2026-07-30T23:28:59Z,90.6050,0.001547,0.001539,-0.000008,in_band
2026-07-30T23:29:00Z,90.6050,0.001546,0.001538,-0.000008,in_band
2026-07-30T23:29:59Z,90.6188,0.001496,0.001488,-0.000008,in_band
2026-07-30T23:30:00Z,90.6188,0.001495,0.001488,-0.000008,in_band
2026-07-30T23:30:59Z,90.6203,0.001447,0.001440,-0.000007,in_band
2026-07-30T23:31:00Z,90.6203,0.001446,0.001439,-0.000007,in_band
2026-07-30T23:31:59Z,90.6432,0.001400,0.001392,-0.000007,in_band
2026-07-30T23:32:00Z,90.6432,0.001399,0.001392,-0.000007,in_band
2026-07-30T23:32:59Z,90.6371,0.001354,0.001347,-0.000007,in_band
2026-07-30T23:33:00Z,90.6371,0.001353,0.001346,-0.000007,in_band
2026-07-30T23:33:59Z,90.6615,0.001309,0.001303,-0.000007,in_band
2026-07-30T23:34:00Z,90.6615,0.001309,0.001302,-0.000007,in_band
2026-07-30T23:34:59Z,90.6874,0.001266,0.001260,-0.000006,in_band
2026-07-30T23:35:00Z,90.6874,0.001266,0.001259,-0.000006,in_band
2026-07-30T23:35:59Z,90.6844,0.001225,0.001219,-0.000006,in_band
2026-07-30T23:36:00Z,90.6844,0.001224,0.001218,-0.000006,in_band
2026-07-30T23:36:59Z,90.7027,0.001185,0.001179,-0.000006,in_band
2026-07-30T23:37:00Z,90.7027,0.001184,0.001178,-0.000006,in_band
2026-07-30T23:37:59Z,90.7378,0.001146,0.001140,-0.000006,in_band
2026-07-30T23:38:00Z,90.7378,0.001145,0.001139,-0.000006,in_band
2026-07-30T23:38:59Z,90.7378,0.001108,0.001103,-0.000006,in_band
2026-07-30T23:39:00Z,90.7378,0.001108,0.001102,-0.000006,in_band
2026-07-30T23:39:59Z,90.7286,0.001072,0.001067,-0.000005,in_band
2026-07-30T23:40:00Z,90.7286,0.001071,0.001066,-0.000005,in_band
2026-07-30T23:40:59Z,90.7515,0.001037,0.001032,-0.000005,in_band
2026-07-30T23:41:00Z,90.7515,0.001036,0.001031,-0.000005,in_band
2026-07-30T23:41:59Z,90.7668,0.001003,0.000998,-0.000005,in_band
2026-07-30T23:42:00Z,90.7668,0.001002,0.000997,-0.000005,in_band
2026-07-30T23:42:59Z,90.7927,0.000970,0.000965,-0.000005,in_band
2026-07-30T23:43:00Z,90.7927,0.000969,0.000964,-0.000005,in_band
2026-07-30T23:43:59Z,90.7790,0.000938,0.000933,-0.000005,in_band
2026-07-30T23:44:00Z,90.7790,0.000938,0.000933,-0.000005,in_band
2026-07-30T23:44:59Z,90.7836,0.000907,0.000903,-0.000005,in_band
2026-07-30T23:45:00Z,90.7836,0.000907,0.000902,-0.000005,in_band
2026-07-30T23:45:59Z,90.7988,0.000878,0.000873,-0.000004,in_band
2026-07-30T23:46:00Z,90.7988,0.000877,0.000873,-0.000004,in_band
2026-07-30T23:46:59Z,90.8339,0.000849,0.000845,-0.000004,in_band
2026-07-30T23:47:00Z,90.8339,0.000848,0.000844,-0.000004,in_band
2026-07-30T23:47:59Z,90.8309,0.000821,0.000817,-0.000004,in_band
2026-07-30T23:48:00Z,90.8309,0.000821,0.000816,-0.000004,in_band
2026-07-30T23:48:59Z,90.7988,0.000794,0.000790,-0.000004,in_band
2026-07-30T23:49:00Z,90.7988,0.000794,0.000790,-0.000004,in_band
2026-07-30T23:49:59Z,90.8492,0.000768,0.000764,-0.000004,in_band
2026-07-30T23:50:00Z,90.8492,0.000768,0.000764,-0.000004,in_band
2026-07-30T23:50:59Z,90.8614,0.000743,0.000739,-0.000004,in_band
2026-07-30T23:51:00Z,90.8614,0.000743,0.000739,-0.000004,in_band
2026-07-30T23:51:59Z,90.8751,0.000719,0.000715,-0.000004,in_band
2026-07-30T23:52:00Z,90.8751,0.000718,0.000715,-0.000004,in_band
2026-07-30T23:52:59Z,90.9071,0.000695,0.000691,-0.000004,in_band
2026-07-30T23:53:00Z,90.9071,0.000695,0.000691,-0.000004,in_band
2026-07-30T23:53:59Z,90.8995,0.000672,0.000669,-0.000003,in_band
2026-07-30T23:54:00Z,90.8995,0.000672,0.000668,-0.000003,in_band
2026-07-30T23:54:59Z,90.9178,0.000650,0.000647,-0.000003,in_band
2026-07-30T23:55:00Z,90.9178,0.000650,0.000647,-0.000003,in_band
2026-07-30T23:55:59Z,90.9270,0.000629,0.000626,-0.000003,in_band
2026-07-30T23:56:00Z,90.9270,0.000629,0.000625,-0.000003,in_band
2026-07-30T23:56:59Z,90.9270,0.000608,0.000605,-0.000003,in_band
2026-07-30T23:57:00Z,90.9270,0.000608,0.000605,-0.000003,in_band
2026-07-30T23:57:59Z,90.9682,0.000588,0.000585,-0.000003,in_band
2026-07-30T23:58:00Z,90.9682,0.000588,0.000585,-0.000003,in_band
2026-07-30T23:58:59Z,90.9911,0.000569,0.000566,-0.000003,in_band
2026-07-30T23:59:00Z,90.9911,0.000569,0.000566,-0.000003,in_band
2026-07-30T23:59:59Z,91.0094,0.000550,0.000548,-0.000003,in_band
2026-07-31T00:00:00Z,91.0094,0.000550,0.000547,-0.000003,in_band
2026-07-31T00:00:59Z,91.0048,0.000532,0.000530,-0.000003,in_band
2026-07-31T00:01:00Z,91.0048,0.000532,0.000529,-0.000003,in_band
2026-07-31T00:01:59Z,91.0170,0.000515,0.000512,-0.000003,in_band
2026-07-31T00:02:00Z,91.0170,0.000515,0.000512,-0.000003,in_band
2026-07-31T00:02:59Z,91.0231,0.000498,0.000495,-0.000003,in_band
2026-07-31T00:03:00Z,91.0231,0.000498,0.000495,-0.000003,in_band
2026-07-31T00:03:59Z,91.0552,0.000482,0.000479,-0.000002,in_band
2026-07-31T00:04:00Z,91.0552,0.000481,0.000479,-0.000002,in_band
2026-07-31T00:04:59Z,91.0811,0.000466,0.000464,-0.000002,in_band
2026-07-31T00:05:00Z,91.0811,0.000466,0.000463,-0.000002,in_band
2026-07-31T00:05:59Z,91.0719,0.000451,0.000448,-0.000002,in_band
2026-07-31T00:06:00Z,91.0719,0.000450,0.000448,-0.000002,in_band
2026-07-31T00:06:59Z,91.1406,0.000436,0.000434,-0.000002,in_band
2026-07-31T00:07:00Z,91.1406,0.000436,0.000433,-0.000002,in_band
2026-07-31T00:07:59Z,91.1131,0.000422,0.000419,-0.000002,in_band
2026-07-31T00:08:00Z,91.1131,0.000421,0.000419,-0.000002,in_band
2026-07-31T00:08:59Z,91.1055,0.000408,0.000406,-0.000002,in_band
2026-07-31T00:09:00Z,91.1055,0.000408,0.000405,-0.000002,in_band
2026-07-31T00:09:59Z,91.1192,0.000394,0.000392,-0.000002,in_band
2026-07-31T00:10:00Z,91.1192,0.000394,0.000392,-0.000002,in_band
2026-07-31T00:10:59Z,91.1360,0.000381,0.000379,-0.000002,in_band
2026-07-31T00:11:00Z,91.1360,0.000381,0.000379,-0.000002,in_band
2026-07-31T00:11:59Z,91.1681,0.000369,0.000367,-0.000002,in_band
2026-07-31T00:12:00Z,91.1681,0.000369,0.000367,-0.000002,in_band
2026-07-31T00:12:59Z,91.1360,0.000357,0.000355,-0.000002,in_band
2026-07-31T00:13:00Z,91.1360,0.000357,0.000355,-0.000002,in_band
2026-07-31T00:13:59Z,91.1971,0.000345,0.000343,-0.000002,in_band
2026-07-31T00:14:00Z,91.1971,0.000345,0.000343,-0.000002,in_band
2026-07-31T00:14:59Z,91.2200,0.000334,0.000332,-0.000002,in_band
2026-07-31T00:15:00Z,91.2200,0.000334,0.000332,-0.000002,in_band
2026-07-31T00:15:59Z,91.1971,0.000323,0.000321,-0.000002,in_band
2026-07-31T00:16:00Z,91.1971,0.000323,0.000321,-0.000002,in_band
2026-07-31T00:16:59Z,91.1772,0.000312,0.000311,-0.000002,in_band
2026-07-31T00:17:00Z,91.1772,0.000312,0.000311,-0.000002,in_band
2026-07-31T00:17:59Z,91.2184,0.000302,0.000301,-0.000002,in_band
2026-07-31T00:18:00Z,91.2184,0.000302,0.000300,-0.000002,in_band
2026-07-31T00:18:59Z,91.2367,0.000292,0.000291,-0.000001,in_band
2026-07-31T00:19:00Z,91.2367,0.000292,0.000290,-0.000001,in_band
2026-07-31T00:19:59Z,91.2062,0.000283,0.000281,-0.000001,in_band
2026-07-31T00:20:00Z,91.2062,0.000282,0.000281,-0.000001,in_band
2026-07-31T00:20:59Z,91.2749,0.000273,0.000272,-0.000001,in_band
2026-07-31T00:21:00Z,91.2749,0.000273,0.000272,-0.000001,in_band
2026-07-31T00:21:59Z,91.2230,0.000264,0.000263,-0.000001,in_band
2026-07-31T00:22:00Z,91.2230,0.000264,0.000263,-0.000001,in_band
2026-07-31T00:22:59Z,91.2688,0.000256,0.000254,-0.000001,in_band
2026-07-31T00:23:00Z,91.2688,0.000256,0.000254,-0.000001,in_band
2026-07-31T00:23:59Z,91.2795,0.000247,0.000246,-0.000001,in_band
2026-07-31T00:24:00Z,91.2795,0.000247,0.000246,-0.000001,in_band
2026-07-31T00:24:59Z,91.2932,0.000239,0.000238,-0.000001,in_band
2026-07-31T00:25:00Z,91.2932,0.000239,0.000238,-0.000001,in_band
2026-07-31T00:25:59Z,91.2978,0.000231,0.000230,-0.000001,in_band
2026-07-31T00:26:00Z,91.2978,0.000231,0.000230,-0.000001,in_band
2026-07-31T00:26:59Z,91.3115,0.000224,0.000223,-0.000001,in_band
2026-07-31T00:27:00Z,91.3115,0.000224,0.000222,-0.000001,in_band
2026-07-31T00:27:59Z,91.3054,0.000216,0.000215,-0.000001,in_band
2026-07-31T00:28:00Z,91.3054,0.000216,0.000215,-0.000001,in_band
2026-07-31T00:28:59Z,91.3466,0.000209,0.000208,-0.000001,in_band
2026-07-31T00:29:00Z,91.3466,0.000209,0.000208,-0.000001,in_band
2026-07-31T00:29:59Z,91.3375,0.000202,0.000201,-0.000001,in_band
2026-07-31T00:30:00Z,91.3375,0.000202,0.000201,-0.000001,in_band
2026-07-31T00:30:59Z,91.3603,0.000196,0.000195,-0.000001,in_band
2026-07-31T00:31:00Z,91.3603,0.000196,0.000195,-0.000001,in_band
2026-07-31T00:31:59Z,91.3619,0.000189,0.000188,-0.000001,in_band
2026-07-31T00:32:00Z,91.3619,0.000189,0.000188,-0.000001,in_band
2026-07-31T00:32:59Z,91.3710,0.000183,0.000182,-0.000001,in_band
2026-07-31T00:33:00Z,91.3710,0.000183,0.000182,-0.000001,in_band
2026-07-31T00:33:59Z,91.3573,0.000177,0.000176,-0.000001,in_band
2026-07-31T00:34:00Z,91.3573,0.000177,0.000176,-0.000001,in_band
2026-07-31T00:34:59Z,91.4122,0.000171,0.000171,-0.000001,in_band
2026-07-31T00:35:00Z,91.4122,0.000171,0.000170,-0.000001,in_band
2026-07-31T00:35:59Z,91.3710,0.000166,0.000165,-0.000001,in_band
2026-07-31T00:36:00Z,91.3710,0.000166,0.000165,-0.000001,in_band
2026-07-31T00:36:59Z,91.4443,0.000160,0.000160,-0.000001,in_band
2026-07-31T00:37:00Z,91.4443,0.000160,0.000159,-0.000001,in_band
2026-07-31T00:37:59Z,91.4580,0.000155,0.000154,-0.000001,in_band
2026-07-31T00:38:00Z,91.4580,0.000155,0.000154,-0.000001,in_band
2026-07-31T00:38:59Z,91.4199,0.000150,0.000149,-0.000001,in_band
2026-07-31T00:39:00Z,91.4199,0.000150,0.000149,-0.000001,in_band
2026-07-31T00:39:59Z,91.4702,0.000145,0.000144,-0.000001,in_band
2026-07-31T00:40:00Z,91.4702,0.000145,0.000144,-0.000001,in_band
2026-07-31T00:40:59Z,91.4580,0.000140,0.000140,-0.000001,in_band
2026-07-31T00:41:33Z,91.5038,0.000138,0.000000,-0.000138,above_band_high
2026-07-31T00:41:35Z,91.4946,0.000138,0.000137,-0.000000,in_band
2026-07-31T00:42:00Z,91.4885,0.000136,0.000134,-0.000002,in_band
2026-07-31T00:42:31Z,91.5068,0.000133,0.000000,-0.000133,above_band_high
2026-07-31T00:43:00Z,91.4855,0.000131,0.000117,-0.000014,in_band
2026-07-31T00:43:21Z,91.5129,0.000130,0.000000,-0.000130,above_band_high
2026-07-31T00:44:05Z,91.5114,0.000127,0.000000,-0.000127,above_band_high
2026-07-31T00:44:09Z,91.5251,0.000000,0.000000,0.000000,above_band_high
2026-07-31T00:47:10Z,91.5114,0.000000,0.000000,0.000000,above_band_high
2026-07-31T00:47:45Z,91.4992,0.000000,0.001209,0.001209,in_band
2026-07-31T00:48:00Z,91.5312,0.000000,0.000000,0.000000,above_band_high
2026-07-31T00:49:00Z,91.5572,0.000000,0.000000,0.000000,above_band_high
2026-07-31T00:49:39Z,91.4977,0.000000,0.001701,0.001701,in_band
2026-07-31T00:50:00Z,91.5343,0.000000,0.000000,0.000000,above_band_high
2026-07-31T00:50:35Z,91.4931,0.000000,0.001493,0.001493,in_band
2026-07-31T00:51:00Z,91.5450,0.000000,0.000000,0.000000,above_band_high
2026-07-31T00:51:29Z,91.4992,0.000000,0.001659,0.001659,in_band
2026-07-31T00:52:00Z,91.5389,0.000000,0.000000,0.000000,above_band_high
2026-07-31T00:52:03Z,91.4992,0.000000,0.002024,0.002024,in_band
2026-07-31T00:53:00Z,91.5450,0.000000,0.000000,0.000000,above_band_high
2026-07-31T00:53:11Z,91.5038,0.000000,0.000361,0.000361,above_band_high
2026-07-31T00:54:00Z,91.5679,0.000000,0.000000,0.000000,above_band_high
2026-07-31T00:55:00Z,91.5221,0.000000,0.000000,0.000000,above_band_high
2026-07-31T00:55:47Z,91.4992,0.000000,0.002140,0.002140,in_band
2026-07-31T00:56:00Z,91.5572,0.000000,0.000000,0.000000,above_band_high
2026-07-31T00:56:49Z,91.4992,0.000000,0.002212,0.002212,in_band
2026-07-31T00:57:00Z,91.5435,0.000000,0.000000,0.000000,above_band_high
2026-07-31T00:57:33Z,91.5038,0.000000,0.000827,0.000827,above_band_high
2026-07-31T00:58:00Z,91.5297,0.000000,0.000000,0.000000,above_band_high
2026-07-31T00:59:00Z,91.5496,0.000000,0.000000,0.000000,above_band_high
2026-07-31T01:00:00Z,91.5358,0.000000,0.000000,0.000000,above_band_high
2026-07-31T01:00:41Z,91.5023,0.000000,0.001711,0.001711,above_band_high
2026-07-31T01:01:00Z,91.5221,0.000000,0.000000,0.000000,above_band_high
2026-07-31T01:01:33Z,91.5023,0.000000,0.001478,0.001478,above_band_high
2026-07-31T01:02:00Z,91.5084,0.000000,0.000000,0.000000,above_band_high
2026-07-31T01:02:41Z,91.4885,0.000000,0.002255,0.002255,in_band
2026-07-31T01:03:00Z,91.5251,0.000000,0.000000,0.000000,above_band_high
2026-07-31T01:03:05Z,91.5023,0.000000,0.000989,0.000989,above_band_high
2026-07-31T01:04:00Z,91.5679,0.000000,0.000000,0.000000,above_band_high
2026-07-31T01:05:00Z,91.5480,0.000000,0.000000,0.000000,above_band_high
2026-07-31T01:06:00Z,91.5297,0.000000,0.000000,0.000000,above_band_high
2026-07-31T01:06:31Z,91.4992,0.000000,0.002140,0.002140,in_band
2026-07-31T01:07:07Z,91.4992,0.000000,0.002039,0.002039,in_band
2026-07-31T01:07:13Z,91.5297,0.000382,0.000000,-0.000382,above_band_high
2026-07-31T01:08:01Z,91.5160,0.000000,0.000000,0.000000,above_band_high
2026-07-31T01:08:05Z,91.4977,0.000000,0.001422,0.001422,in_band
2026-07-31T01:09:57Z,91.5404,0.000000,0.000000,0.000000,above_band_high
2026-07-31T01:10:00Z,91.5267,0.000000,0.000000,0.000000,above_band_high
2026-07-31T01:10:01Z,91.4992,0.000000,0.001032,0.001032,in_band
2026-07-31T01:15:10Z,91.4885,0.000056,0.000174,0.000119,in_band
2026-07-31T01:15:59Z,91.5038,0.000025,0.000000,-0.000025,above_band_high
2026-07-31T01:16:00Z,91.5038,0.000024,0.000000,-0.000024,above_band_high
2026-07-31T01:16:01Z,91.4672,0.000024,0.000083,0.000059,in_band
2026-07-31T01:17:00Z,91.4946,0.000009,0.000048,0.000039,in_band
2026-07-31T01:17:23Z,91.5023,0.000006,0.000000,-0.000006,above_band_high
2026-07-31T01:18:00Z,91.4717,0.000003,0.000035,0.000032,in_band
2026-07-31T01:18:33Z,91.5038,0.000002,0.000000,-0.000002,above_band_high
2026-07-31T01:19:29Z,91.5038,0.000001,0.000000,-0.000001,above_band_high
2026-07-31T01:19:31Z,91.4611,0.000001,0.000019,0.000018,in_band
2026-07-31T01:20:00Z,91.4351,0.000000,0.000012,0.000011,in_band
2026-07-31T01:20:59Z,91.4443,0.000000,0.000004,0.000004,in_band
2026-07-31T01:21:00Z,91.4443,0.000000,0.000004,0.000004,in_band
2026-07-31T01:21:59Z,91.4519,0.000000,0.000002,0.000002,in_band
2026-07-31T01:22:00Z,91.4519,0.000000,0.000002,0.000002,in_band
2026-07-31T01:22:59Z,91.4580,0.000000,0.000001,0.000001,in_band
2026-07-31T01:23:00Z,91.4580,0.000000,0.000001,0.000001,in_band
2026-07-31T01:23:59Z,91.4611,0.000000,0.000000,0.000000,in_band
2026-07-31T01:24:00Z,91.4611,0.000000,0.000000,0.000000,in_band
2026-07-31T01:24:59Z,91.4290,0.000000,0.000000,0.000000,in_band
2026-07-31T01:25:00Z,91.4290,0.000000,0.000000,0.000000,in_band
2026-07-31T01:25:59Z,91.4199,0.000000,0.000000,0.000000,in_band
2026-07-31T01:26:00Z,91.4199,0.000000,0.000000,0.000000,in_band
2026-07-31T01:26:59Z,91.4473,0.000000,0.000000,0.000000,in_band
2026-07-31T01:27:00Z,91.4473,0.000000,0.000000,0.000000,in_band
2026-07-31T01:27:59Z,91.4076,0.000000,0.000000,0.000000,in_band
2026-07-31T01:28:00Z,91.4076,0.000000,0.000000,0.000000,in_band
2026-07-31T01:28:59Z,91.4153,0.000000,0.000000,0.000000,in_band
2026-07-31T01:29:00Z,91.4153,0.000000,0.000000,0.000000,in_band
2026-07-31T01:29:59Z,91.4107,0.000000,0.000000,0.000000,in_band
2026-07-31T01:30:00Z,91.4107,0.000000,0.000000,0.000000,in_band
2026-07-31T01:30:59Z,91.4260,0.000000,0.000000,0.000000,in_band
2026-07-31T01:31:00Z,91.4260,0.000000,0.000000,0.000000,in_band
2026-07-31T01:31:59Z,91.4168,0.000000,0.000000,0.000000,in_band
2026-07-31T01:32:00Z,91.4168,0.000000,0.000000,0.000000,in_band
2026-07-31T01:32:59Z,91.3878,0.000000,0.000000,0.000000,in_band
2026-07-31T01:33:00Z,91.3878,0.000000,0.000000,0.000000,in_band
2026-07-31T01:33:59Z,91.3893,0.000000,0.000000,0.000000,in_band
2026-07-31T01:34:00Z,91.3893,0.000000,0.000000,0.000000,in_band
2026-07-31T01:34:59Z,91.3970,0.000000,0.000000,0.000000,in_band
2026-07-31T01:35:00Z,91.3970,0.000000,0.000000,0.000000,in_band
2026-07-31T01:35:59Z,91.4153,0.000000,0.000000,0.000000,in_band
2026-07-31T01:36:00Z,91.4153,0.000000,0.000000,0.000000,in_band
2026-07-31T01:36:59Z,91.4153,0.000000,0.000000,0.000000,in_band
2026-07-31T01:37:00Z,91.4153,0.000000,0.000000,0.000000,in_band
2026-07-31T01:37:59Z,91.3878,0.000000,0.000000,0.000000,in_band
2026-07-31T01:38:00Z,91.3878,0.000000,0.000000,0.000000,in_band
2026-07-31T01:38:59Z,91.4015,0.000000,0.000000,0.000000,in_band
2026-07-31T01:39:00Z,91.4015,0.000000,0.000000,0.000000,in_band
2026-07-31T01:39:59Z,91.4122,0.000000,0.000000,0.000000,in_band
2026-07-31T01:40:00Z,91.4122,0.000000,0.000000,0.000000,in_band
2026-07-31T01:40:59Z,91.4122,0.000000,0.000000,0.000000,in_band
2026-07-31T01:41:00Z,91.4122,0.000000,0.000000,0.000000,in_band
2026-07-31T01:41:59Z,91.3664,0.000000,0.000000,0.000000,in_band
2026-07-31T01:42:00Z,91.3664,0.000000,0.000000,0.000000,in_band
2026-07-31T01:42:59Z,91.4397,0.000000,0.000000,0.000000,in_band
2026-07-31T01:43:00Z,91.4397,0.000000,0.000000,0.000000,in_band
2026-07-31T01:43:59Z,91.4519,0.000000,0.000000,0.000000,in_band
2026-07-31T01:44:00Z,91.4519,0.000000,0.000000,0.000000,in_band
2026-07-31T01:44:59Z,91.4153,0.000000,0.000000,0.000000,in_band
2026-07-31T01:45:00Z,91.4153,0.000000,0.000000,0.000000,in_band
2026-07-31T01:45:59Z,91.4015,0.000000,0.000000,0.000000,in_band
2026-07-31T01:46:00Z,91.4015,0.000000,0.000000,0.000000,in_band
2026-07-31T01:46:59Z,91.4443,0.000000,0.000000,0.000000,in_band
2026-07-31T01:47:00Z,91.4443,0.000000,0.000000,0.000000,in_band
2026-07-31T01:47:59Z,91.4290,0.000000,0.000000,0.000000,in_band
2026-07-31T01:48:00Z,91.4290,0.000000,0.000000,0.000000,in_band
2026-07-31T01:48:59Z,91.4580,0.000000,0.000000,0.000000,in_band
2026-07-31T01:49:00Z,91.4580,0.000000,0.000000,0.000000,in_band
2026-07-31T01:49:59Z,91.4260,0.000000,0.000000,0.000000,in_band
2026-07-31T01:50:00Z,91.4260,0.000000,0.000000,0.000000,in_band
2026-07-31T01:50:59Z,91.4580,0.000000,0.000000,0.000000,in_band
2026-07-31T01:51:00Z,91.4580,0.000000,0.000000,0.000000,in_band
2026-07-31T01:51:59Z,91.4519,0.000000,0.000000,0.000000,in_band
2026-07-31T01:52:00Z,91.4519,0.000000,0.000000,0.000000,in_band
2026-07-31T01:52:59Z,91.4534,0.000000,0.000000,0.000000,in_band
2026-07-31T01:53:00Z,91.4534,0.000000,0.000000,0.000000,in_band
2026-07-31T01:53:59Z,91.4397,0.000000,0.000000,0.000000,in_band
2026-07-31T01:54:00Z,91.4397,0.000000,0.000000,0.000000,in_band
2026-07-31T01:54:59Z,91.4336,0.000000,0.000000,0.000000,in_band
2026-07-31T01:55:29Z,91.5160,0.000000,0.000000,-0.000000,above_band_high
2026-07-31T01:55:31Z,91.4839,0.000000,0.000034,0.000034,in_band
2026-07-31T01:56:31Z,91.5297,0.000014,0.000000,-0.000014,above_band_high
2026-07-31T01:56:33Z,91.4855,0.000014,0.000143,0.000129,in_band
2026-07-31T01:59:25Z,91.4977,0.000000,0.000727,0.000727,in_band
2026-07-31T01:59:29Z,91.5160,0.000000,0.000000,0.000000,above_band_high
2026-07-31T02:02:06Z,91.5160,0.000000,0.000000,0.000000,above_band_high
2026-07-31T02:02:13Z,91.4931,0.000000,0.000834,0.000834,in_band
2026-07-31T02:03:00Z,91.5160,0.000000,0.000000,0.000000,above_band_high
2026-07-31T02:03:33Z,91.4900,0.000000,0.001123,0.001123,in_band
2026-07-31T02:04:00Z,91.5114,0.000000,0.000000,0.000000,above_band_high
2026-07-31T02:04:03Z,91.4763,0.000000,0.001403,0.001403,in_band
2026-07-31T02:05:00Z,91.5267,0.000000,0.000000,0.000000,above_band_high
2026-07-31T02:05:49Z,91.4992,0.000000,0.001521,0.001521,in_band
2026-07-31T02:06:00Z,91.5038,0.000000,0.000000,0.000000,above_band_high
2026-07-31T02:06:47Z,91.4992,0.000000,0.001965,0.001965,in_band
2026-07-31T02:07:00Z,91.5404,0.000000,0.000000,0.000000,above_band_high
2026-07-31T02:07:21Z,91.4794,0.000000,0.002062,0.002062,in_band
2026-07-31T02:08:00Z,91.5496,0.000000,0.000000,0.000000,above_band_high
2026-07-31T02:08:47Z,91.4946,0.000000,0.002236,0.002236,in_band
2026-07-31T02:09:00Z,91.5267,0.000000,0.000000,0.000000,above_band_high
2026-07-31T02:09:45Z,91.4885,0.000000,0.002413,0.002413,in_band
2026-07-31T02:10:00Z,91.5068,0.000000,0.000000,0.000000,above_band_high
2026-07-31T02:10:05Z,91.4992,0.000000,0.002321,0.002321,in_band
2026-07-31T02:11:13Z,91.4885,0.000000,0.002193,0.002193,in_band
2026-07-31T02:11:55Z,91.5175,0.000219,0.000000,-0.000219,above_band_high
2026-07-31T02:12:00Z,91.5358,0.000000,0.000000,0.000000,above_band_high
2026-07-31T02:12:21Z,91.4992,0.000000,0.001709,0.001709,in_band
2026-07-31T02:13:00Z,91.5358,0.000000,0.000000,0.000000,above_band_high
2026-07-31T02:13:17Z,91.4855,0.000000,0.001454,0.001454,in_band
2026-07-31T02:14:00Z,91.4992,0.000000,0.001122,0.001122,in_band
2026-07-31T02:14:01Z,91.5084,0.000000,0.000000,0.000000,above_band_high
2026-07-31T02:15:09Z,91.5160,0.000000,0.000000,0.000000,above_band_high
2026-07-31T02:15:57Z,91.4946,0.000000,0.001172,0.001172,in_band
2026-07-31T02:16:00Z,91.5068,0.000000,0.000000,0.000000,above_band_high
2026-07-31T02:16:35Z,91.4992,0.000000,0.001528,0.001528,in_band
2026-07-31T02:17:00Z,91.5160,0.000000,0.000000,0.000000,above_band_high
2026-07-31T02:17:05Z,91.4855,0.000000,0.001688,0.001688,in_band
2026-07-31T02:18:00Z,91.5435,0.000000,0.000000,0.000000,above_band_high
2026-07-31T02:18:23Z,91.4992,0.000000,0.002029,0.002029,in_band
2026-07-31T02:19:01Z,91.5435,0.000000,0.000000,0.000000,above_band_high
2026-07-31T02:19:45Z,91.4977,0.000000,0.002091,0.002091,in_band
2026-07-31T02:20:00Z,91.5297,0.000000,0.000000,0.000000,above_band_high
2026-07-31T02:21:11Z,91.4931,0.000000,0.001989,0.001989,in_band
2026-07-31T02:21:23Z,91.5038,0.000339,0.000179,-0.000160,above_band_high
2026-07-31T02:22:00Z,91.5297,0.000000,0.000000,0.000000,above_band_high
2026-07-31T02:22:39Z,91.4977,0.000000,0.002020,0.002020,in_band
2026-07-31T02:23:01Z,91.5251,0.000000,0.000000,0.000000,above_band_high
2026-07-31T02:23:23Z,91.4992,0.000000,0.001831,0.001831,in_band
2026-07-31T02:24:01Z,91.5129,0.000000,0.000000,0.000000,above_band_high
2026-07-31T02:24:29Z,91.4946,0.000000,0.001665,0.001665,in_band
2026-07-31T02:25:00Z,91.5129,0.000000,0.000000,0.000000,above_band_high
2026-07-31T02:25:21Z,91.4977,0.000000,0.001784,0.001784,in_band
2026-07-31T02:26:00Z,91.5587,0.000000,0.000000,0.000000,above_band_high
2026-07-31T02:26:49Z,91.4931,0.000000,0.002165,0.002165,in_band
2026-07-31T02:27:00Z,91.5114,0.000000,0.000000,0.000000,above_band_high
2026-07-31T02:27:31Z,91.5038,0.000000,0.000643,0.000643,above_band_high
2026-07-31T02:28:00Z,91.5206,0.000000,0.000000,0.000000,above_band_high
2026-07-31T02:28:51Z,91.4885,0.000000,0.002314,0.002314,in_band
2026-07-31T02:29:00Z,91.5496,0.000000,0.000000,0.000000,above_band_high
2026-07-31T02:29:15Z,91.4931,0.000000,0.002317,0.002317,in_band
2026-07-31T02:30:00Z,91.5450,0.000000,0.000000,0.000000,above_band_high
2026-07-31T02:31:00Z,91.5251,0.000000,0.000000,0.000000,above_band_high
2026-07-31T02:31:37Z,91.5023,0.000000,0.001501,0.001501,above_band_high
2026-07-31T02:32:00Z,91.5267,0.000000,0.000000,0.000000,above_band_high
2026-07-31T02:32:45Z,91.4885,0.000000,0.002549,0.002549,in_band
2026-07-31T02:33:00Z,91.5251,0.000000,0.000000,0.000000,above_band_high
2026-07-31T02:34:00Z,91.5251,0.000000,0.000000,0.000000,above_band_high
2026-07-31T02:34:15Z,91.4931,0.000000,0.001978,0.001978,in_band
2026-07-31T02:35:30Z,91.5129,0.000000,0.000000,0.000000,above_band_high
2026-07-31T02:35:31Z,91.5023,0.000000,0.000434,0.000434,above_band_high
2026-07-31T02:36:00Z,91.5267,0.000000,0.000000,0.000000,above_band_high
2026-07-31T02:36:37Z,91.4809,0.000000,0.001621,0.001621,in_band
2026-07-31T02:37:33Z,91.4839,0.000000,0.001477,0.001477,in_band
2026-07-31T02:37:41Z,91.5023,0.000454,0.000426,-0.000028,above_band_high
2026-07-31T02:38:03Z,91.5435,0.000000,0.000000,0.000000,above_band_high
2026-07-31T02:38:45Z,91.4946,0.000000,0.001610,0.001610,in_band
2026-07-31T02:39:00Z,91.5526,0.000000,0.000000,0.000000,above_band_high
2026-07-31T02:39:15Z,91.4977,0.000000,0.001765,0.001765,in_band
2026-07-31T02:40:00Z,91.5450,0.000000,0.000000,0.000000,above_band_high
2026-07-31T02:40:19Z,91.5023,0.000000,0.001017,0.001017,above_band_high
2026-07-31T02:41:00Z,91.5435,0.000000,0.000000,0.000000,above_band_high
2026-07-31T02:42:00Z,91.5709,0.000000,0.000000,0.000000,above_band_high
2026-07-31T02:43:00Z,91.5404,0.000000,0.000000,0.000000,above_band_high
2026-07-31T02:44:00Z,91.5587,0.000000,0.000000,0.000000,above_band_high
2026-07-31T02:45:00Z,91.5663,0.000000,0.000000,0.000000,above_band_high
2026-07-31T02:46:00Z,91.5709,0.000000,0.000000,0.000000,above_band_high
2026-07-31T02:47:00Z,91.5846,0.000000,0.000000,0.000000,above_band_high
2026-07-31T02:48:00Z,91.5862,0.000000,0.000000,0.000000,above_band_high
2026-07-31T02:49:00Z,91.5984,0.000000,0.000000,0.000000,above_band_high
2026-07-31T02:50:00Z,91.6365,0.000000,0.000000,0.000000,above_band_high
2026-07-31T02:51:00Z,91.5770,0.000000,0.000000,0.000000,above_band_high
2026-07-31T02:52:00Z,91.5892,0.000000,0.000000,0.000000,above_band_high
2026-07-31T02:53:00Z,91.6091,0.000000,0.000000,0.000000,above_band_high
2026-07-31T02:54:00Z,91.6304,0.000000,0.000000,0.000000,above_band_high
2026-07-31T02:55:00Z,91.6350,0.000000,0.000000,0.000000,above_band_high
2026-07-31T02:56:00Z,91.6533,0.000000,0.000000,0.000000,above_band_high
2026-07-31T02:57:00Z,91.6228,0.000000,0.000000,0.000000,above_band_high
2026-07-31T02:58:00Z,91.6732,0.000000,0.000000,0.000000,above_band_high
2026-07-31T02:59:00Z,91.6960,0.000000,0.000000,0.000000,above_band_high
2026-07-31T03:00:00Z,91.7189,0.000000,0.000000,0.000000,above_band_high
2026-07-31T03:01:00Z,91.7098,0.000000,0.000000,0.000000,above_band_high
2026-07-31T03:02:00Z,91.7418,0.000000,0.000000,0.000000,above_band_high
2026-07-31T03:03:00Z,91.7647,0.000000,0.000000,0.000000,above_band_high
2026-07-31T03:04:00Z,91.7678,0.000000,0.000000,0.000000,above_band_high
2026-07-31T03:05:00Z,91.7922,0.000000,0.000000,0.000000,above_band_high
2026-07-31T03:06:00Z,91.8547,0.000000,0.000000,0.000000,above_band_high
2026-07-31T03:07:00Z,91.8364,0.000000,0.000000,0.000000,above_band_high
2026-07-31T03:08:00Z,91.8318,0.000000,0.000000,0.000000,above_band_high
2026-07-31T03:09:00Z,91.8746,0.000000,0.000000,0.000000,above_band_high
2026-07-31T03:10:00Z,91.9066,0.000000,0.000000,0.000000,above_band_high
2026-07-31T03:11:00Z,91.9158,0.000000,0.000000,0.000000,above_band_high
2026-07-31T03:12:00Z,91.9753,0.000000,0.000000,0.000000,above_band_high
2026-07-31T03:13:00Z,91.9692,0.000000,0.000000,0.000000,above_band_high
2026-07-31T03:14:00Z,91.9921,0.000000,0.000000,0.000000,above_band_high
2026-07-31T03:15:00Z,92.0073,0.000000,0.000000,0.000000,above_band_high
2026-07-31T03:16:00Z,92.0653,0.000000,0.000000,0.000000,above_band_high
2026-07-31T03:17:00Z,92.0928,0.000000,0.000000,0.000000,above_band_high
2026-07-31T03:18:00Z,92.0851,0.000000,0.000000,0.000000,above_band_high
2026-07-31T03:19:00Z,92.1065,0.000000,0.000000,0.000000,above_band_high
2026-07-31T03:20:00Z,92.1202,0.000000,0.000000,0.000000,above_band_high
2026-07-31T03:21:00Z,92.1355,0.000000,0.000000,0.000000,above_band_high
2026-07-31T03:22:00Z,92.1584,0.000000,0.000000,0.000000,above_band_high
2026-07-31T03:23:00Z,92.1904,0.000000,0.000000,0.000000,above_band_high
2026-07-31T03:24:00Z,92.1752,0.000000,0.000000,0.000000,above_band_high
2026-07-31T03:25:00Z,92.2164,0.000000,0.000000,0.000000,above_band_high
2026-07-31T03:26:00Z,92.2225,0.000000,0.000000,0.000000,above_band_high
2026-07-31T03:27:00Z,92.2896,0.000000,0.000000,0.000000,above_band_high
2026-07-31T03:28:00Z,92.2637,0.000000,0.000000,0.000000,above_band_high
2026-07-31T03:29:00Z,92.2850,0.000000,0.000000,0.000000,above_band_high
2026-07-31T03:30:00Z,92.2896,0.000000,0.000000,0.000000,above_band_high
2026-07-31T03:31:00Z,92.3186,0.000000,0.000000,0.000000,above_band_high
2026-07-31T03:32:00Z,92.3354,0.000000,0.000000,0.000000,above_band_high
2026-07-31T03:33:00Z,92.3354,0.000000,0.000000,0.000000,above_band_high
2026-07-31T03:34:00Z,92.3629,0.000000,0.000000,0.000000,above_band_high
2026-07-31T03:35:00Z,92.3674,0.000000,0.000000,0.000000,above_band_high
2026-07-31T03:36:00Z,92.3919,0.000000,0.000000,0.000000,above_band_high
2026-07-31T03:37:00Z,92.3873,0.000000,0.000000,0.000000,above_band_high
2026-07-31T03:38:00Z,92.4102,0.000000,0.000000,0.000000,above_band_high
2026-07-31T03:39:00Z,92.4315,0.000000,0.000000,0.000000,above_band_high
2026-07-31T03:40:00Z,92.4605,0.000000,0.000000,0.000000,above_band_high
2026-07-31T03:41:00Z,92.4407,0.000000,0.000000,0.000000,above_band_high
2026-07-31T03:42:00Z,92.4361,0.000000,0.000000,0.000000,above_band_high
2026-07-31T03:43:00Z,92.4544,0.000000,0.000000,0.000000,above_band_high
2026-07-31T03:44:00Z,92.4651,0.000000,0.000000,0.000000,above_band_high
2026-07-31T03:45:00Z,92.4544,0.000000,0.000000,0.000000,above_band_high
2026-07-31T03:46:00Z,92.4788,0.000000,0.000000,0.000000,above_band_high
2026-07-31T03:47:00Z,92.4544,0.000000,0.000000,0.000000,above_band_high
2026-07-31T03:48:00Z,92.4544,0.000000,0.000000,0.000000,above_band_high
2026-07-31T03:49:00Z,92.4743,0.000000,0.000000,0.000000,above_band_high
2026-07-31T03:50:00Z,92.4773,0.000000,0.000000,0.000000,above_band_high
2026-07-31T03:51:00Z,92.4788,0.000000,0.000000,0.000000,above_band_high
2026-07-31T03:52:00Z,92.4834,0.000000,0.000000,0.000000,above_band_high
2026-07-31T03:53:00Z,92.4605,0.000000,0.000000,0.000000,above_band_high
2026-07-31T03:54:00Z,92.4681,0.000000,0.000000,0.000000,above_band_high
2026-07-31T03:55:00Z,92.4910,0.000000,0.000000,0.000000,above_band_high
2026-07-31T03:56:00Z,92.4697,0.000000,0.000000,0.000000,above_band_high
2026-07-31T03:57:00Z,92.4971,0.000000,0.000000,0.000000,above_band_high
2026-07-31T03:58:00Z,92.5002,0.000000,0.000000,0.000000,above_band_high
2026-07-31T03:59:00Z,92.5063,0.000000,0.000000,0.000000,above_band_high
2026-07-31T04:00:00Z,92.5002,0.000000,0.000000,0.000000,above_band_high
2026-07-31T04:01:00Z,92.5368,0.000000,0.000000,0.000000,above_band_high
2026-07-31T04:02:00Z,92.5521,0.000000,0.000000,0.000000,above_band_high
2026-07-31T04:03:00Z,92.5460,0.000000,0.000000,0.000000,above_band_high
2026-07-31T04:04:00Z,92.5566,0.000000,0.000000,0.000000,above_band_high
2026-07-31T04:05:00Z,92.5933,0.000000,0.000000,0.000000,above_band_high
2026-07-31T04:06:00Z,92.5734,0.000000,0.000000,0.000000,above_band_high
2026-07-31T04:07:00Z,92.6009,0.000000,0.000000,0.000000,above_band_high
2026-07-31T04:08:00Z,92.5933,0.000000,0.000000,0.000000,above_band_high
2026-07-31T04:09:00Z,92.5917,0.000000,0.000000,0.000000,above_band_high
2026-07-31T04:10:00Z,92.6009,0.000000,0.000000,0.000000,above_band_high
2026-07-31T04:11:00Z,92.6116,0.000000,0.000000,0.000000,above_band_high
2026-07-31T04:12:00Z,92.6467,0.000000,0.000000,0.000000,above_band_high
2026-07-31T04:13:00Z,92.5978,0.000000,0.000000,0.000000,above_band_high
2026-07-31T04:14:00Z,92.6116,0.000000,0.000000,0.000000,above_band_high
2026-07-31T04:15:00Z,92.5978,0.000000,0.000000,0.000000,above_band_high
2026-07-31T04:16:00Z,92.6253,0.000000,0.000000,0.000000,above_band_high
2026-07-31T04:17:00Z,92.6009,0.000000,0.000000,0.000000,above_band_high
2026-07-31T04:18:00Z,92.6238,0.000000,0.000000,0.000000,above_band_high
2026-07-31T04:19:00Z,92.6375,0.000000,0.000000,0.000000,above_band_high
2026-07-31T04:20:00Z,92.6192,0.000000,0.000000,0.000000,above_band_high
2026-07-31T04:21:00Z,92.6467,0.000000,0.000000,0.000000,above_band_high
2026-07-31T04:22:00Z,92.6238,0.000000,0.000000,0.000000,above_band_high
2026-07-31T04:23:00Z,92.5978,0.000000,0.000000,0.000000,above_band_high
2026-07-31T04:24:00Z,92.6436,0.000000,0.000000,0.000000,above_band_high
2026-07-31T04:25:00Z,92.6345,0.000000,0.000000,0.000000,above_band_high
2026-07-31T04:26:00Z,92.6421,0.000000,0.000000,0.000000,above_band_high
2026-07-31T04:27:00Z,92.6253,0.000000,0.000000,0.000000,above_band_high
2026-07-31T04:28:00Z,92.6146,0.000000,0.000000,0.000000,above_band_high
2026-07-31T04:29:00Z,92.6513,0.000000,0.000000,0.000000,above_band_high
2026-07-31T04:30:00Z,92.6253,0.000000,0.000000,0.000000,above_band_high
2026-07-31T04:31:00Z,92.6375,0.000000,0.000000,0.000000,above_band_high
2026-07-31T04:32:00Z,92.6329,0.000000,0.000000,0.000000,above_band_high
2026-07-31T04:33:00Z,92.6253,0.000000,0.000000,0.000000,above_band_high
2026-07-31T04:34:00Z,92.6299,0.000000,0.000000,0.000000,above_band_high
2026-07-31T04:35:00Z,92.6146,0.000000,0.000000,0.000000,above_band_high
2026-07-31T04:36:00Z,92.6101,0.000000,0.000000,0.000000,above_band_high
2026-07-31T04:37:00Z,92.5872,0.000000,0.000000,0.000000,above_band_high
2026-07-31T04:38:00Z,92.5750,0.000000,0.000000,0.000000,above_band_high
2026-07-31T04:39:00Z,92.5643,0.000000,0.000000,0.000000,above_band_high
2026-07-31T04:40:00Z,92.5475,0.000000,0.000000,0.000000,above_band_high
2026-07-31T04:41:00Z,92.5383,0.000000,0.000000,0.000000,above_band_high
2026-07-31T04:42:00Z,92.5017,0.000000,0.000000,0.000000,above_band_high
2026-07-31T04:43:00Z,92.5429,0.000000,0.000000,0.000000,above_band_high
2026-07-31T04:44:00Z,92.4834,0.000000,0.000000,0.000000,above_band_high
2026-07-31T04:45:00Z,92.5185,0.000000,0.000000,0.000000,above_band_high
2026-07-31T04:46:00Z,92.5139,0.000000,0.000000,0.000000,above_band_high
2026-07-31T04:47:00Z,92.5002,0.000000,0.000000,0.000000,above_band_high
2026-07-31T04:48:00Z,92.4544,0.000000,0.000000,0.000000,above_band_high
2026-07-31T04:49:00Z,92.4727,0.000000,0.000000,0.000000,above_band_high
2026-07-31T04:50:00Z,92.4743,0.000000,0.000000,0.000000,above_band_high
2026-07-31T04:51:00Z,92.4422,0.000000,0.000000,0.000000,above_band_high
2026-07-31T04:52:00Z,92.4147,0.000000,0.000000,0.000000,above_band_high
2026-07-31T04:53:00Z,92.4361,0.000000,0.000000,0.000000,above_band_high
2026-07-31T04:54:00Z,92.3995,0.000000,0.000000,0.000000,above_band_high
2026-07-31T04:55:00Z,92.3735,0.000000,0.000000,0.000000,above_band_high
2026-07-31T04:56:00Z,92.3598,0.000000,0.000000,0.000000,above_band_high
2026-07-31T04:57:00Z,92.3629,0.000000,0.000000,0.000000,above_band_high
2026-07-31T04:58:00Z,92.3690,0.000000,0.000000,0.000000,above_band_high
2026-07-31T04:59:00Z,92.3232,0.000000,0.000000,0.000000,above_band_high
2026-07-31T05:00:00Z,92.3629,0.000000,0.000000,0.000000,above_band_high
2026-07-31T05:01:00Z,92.3415,0.000000,0.000000,0.000000,above_band_high
2026-07-31T05:02:00Z,92.3354,0.000000,0.000000,0.000000,above_band_high
2026-07-31T05:03:00Z,92.2667,0.000000,0.000000,0.000000,above_band_high
2026-07-31T05:04:00Z,92.2759,0.000000,0.000000,0.000000,above_band_high
2026-07-31T05:05:00Z,92.2988,0.000000,0.000000,0.000000,above_band_high
2026-07-31T05:06:00Z,92.2530,0.000000,0.000000,0.000000,above_band_high
2026-07-31T05:07:00Z,92.2866,0.000000,0.000000,0.000000,above_band_high
2026-07-31T05:08:00Z,92.2484,0.000000,0.000000,0.000000,above_band_high
2026-07-31T05:09:00Z,92.2179,0.000000,0.000000,0.000000,above_band_high
2026-07-31T05:10:00Z,92.2179,0.000000,0.000000,0.000000,above_band_high
2026-07-31T05:11:00Z,92.2118,0.000000,0.000000,0.000000,above_band_high
2026-07-31T05:12:00Z,92.1721,0.000000,0.000000,0.000000,above_band_high
2026-07-31T05:13:00Z,92.1752,0.000000,0.000000,0.000000,above_band_high
2026-07-31T05:14:00Z,92.1752,0.000000,0.000000,0.000000,above_band_high
2026-07-31T05:15:00Z,92.1660,0.000000,0.000000,0.000000,above_band_high
2026-07-31T05:16:00Z,92.1218,0.000000,0.000000,0.000000,above_band_high
2026-07-31T05:17:00Z,92.1218,0.000000,0.000000,0.000000,above_band_high
2026-07-31T05:18:00Z,92.1340,0.000000,0.000000,0.000000,above_band_high
2026-07-31T05:19:00Z,92.1355,0.000000,0.000000,0.000000,above_band_high
2026-07-31T05:20:00Z,92.1065,0.000000,0.000000,0.000000,above_band_high
2026-07-31T05:21:00Z,92.0653,0.000000,0.000000,0.000000,above_band_high
2026-07-31T05:22:00Z,92.0577,0.000000,0.000000,0.000000,above_band_high
2026-07-31T05:23:00Z,92.0516,0.000000,0.000000,0.000000,above_band_high
2026-07-31T05:24:00Z,92.0287,0.000000,0.000000,0.000000,above_band_high
2026-07-31T05:25:00Z,92.0790,0.000000,0.000000,0.000000,above_band_high
2026-07-31T05:26:00Z,92.0287,0.000000,0.000000,0.000000,above_band_high
2026-07-31T05:27:00Z,92.0119,0.000000,0.000000,0.000000,above_band_high
2026-07-31T05:28:00Z,92.0165,0.000000,0.000000,0.000000,above_band_high
2026-07-31T05:29:00Z,91.9829,0.000000,0.000000,0.000000,above_band_high
2026-07-31T05:30:00Z,91.9982,0.000000,0.000000,0.000000,above_band_high
2026-07-31T05:31:00Z,91.9600,0.000000,0.000000,0.000000,above_band_high
2026-07-31T05:32:00Z,91.9341,0.000000,0.000000,0.000000,above_band_high
2026-07-31T05:33:00Z,91.9280,0.000000,0.000000,0.000000,above_band_high
2026-07-31T05:34:00Z,91.9158,0.000000,0.000000,0.000000,above_band_high
2026-07-31T05:35:00Z,91.9112,0.000000,0.000000,0.000000,above_band_high
2026-07-31T05:36:00Z,91.9234,0.000000,0.000000,0.000000,above_band_high
2026-07-31T05:37:00Z,91.9158,0.000000,0.000000,0.000000,above_band_high
2026-07-31T05:38:00Z,91.9112,0.000000,0.000000,0.000000,above_band_high
2026-07-31T05:39:00Z,91.9280,0.000000,0.000000,0.000000,above_band_high
2026-07-31T05:40:00Z,91.9554,0.000000,0.000000,0.000000,above_band_high
2026-07-31T05:41:00Z,91.9341,0.000000,0.000000,0.000000,above_band_high
2026-07-31T05:42:00Z,91.9020,0.000000,0.000000,0.000000,above_band_high
2026-07-31T05:43:00Z,91.8914,0.000000,0.000000,0.000000,above_band_high
2026-07-31T05:44:00Z,91.8868,0.000000,0.000000,0.000000,above_band_high
2026-07-31T05:45:00Z,91.8502,0.000000,0.000000,0.000000,above_band_high
2026-07-31T05:46:00Z,91.8791,0.000000,0.000000,0.000000,above_band_high
2026-07-31T05:47:00Z,91.8502,0.000000,0.000000,0.000000,above_band_high
2026-07-31T05:48:00Z,91.8547,0.000000,0.000000,0.000000,above_band_high
2026-07-31T05:49:00Z,91.8288,0.000000,0.000000,0.000000,above_band_high
2026-07-31T05:50:00Z,91.8181,0.000000,0.000000,0.000000,above_band_high
2026-07-31T05:51:00Z,91.8044,0.000000,0.000000,0.000000,above_band_high
2026-07-31T05:52:00Z,91.7784,0.000000,0.000000,0.000000,above_band_high
2026-07-31T05:53:00Z,91.7494,0.000000,0.000000,0.000000,above_band_high
2026-07-31T05:54:00Z,91.7739,0.000000,0.000000,0.000000,above_band_high
2026-07-31T05:55:00Z,91.7739,0.000000,0.000000,0.000000,above_band_high
2026-07-31T05:56:00Z,91.7586,0.000000,0.000000,0.000000,above_band_high
2026-07-31T05:57:00Z,91.7052,0.000000,0.000000,0.000000,above_band_high
2026-07-31T05:58:00Z,91.7281,0.000000,0.000000,0.000000,above_band_high
2026-07-31T05:59:00Z,91.7235,0.000000,0.000000,0.000000,above_band_high
2026-07-31T06:00:00Z,91.7403,0.000000,0.000000,0.000000,above_band_high
2026-07-31T06:01:00Z,91.7220,0.000000,0.000000,0.000000,above_band_high
2026-07-31T06:02:00Z,91.7174,0.000000,0.000000,0.000000,above_band_high
2026-07-31T06:03:00Z,91.6854,0.000000,0.000000,0.000000,above_band_high
2026-07-31T06:04:00Z,91.6960,0.000000,0.000000,0.000000,above_band_high
2026-07-31T06:05:00Z,91.7128,0.000000,0.000000,0.000000,above_band_high
2026-07-31T06:06:00Z,91.6854,0.000000,0.000000,0.000000,above_band_high
2026-07-31T06:07:00Z,91.6823,0.000000,0.000000,0.000000,above_band_high
2026-07-31T06:08:00Z,91.6915,0.000000,0.000000,0.000000,above_band_high
2026-07-31T06:09:00Z,91.6823,0.000000,0.000000,0.000000,above_band_high
2026-07-31T06:10:00Z,91.7128,0.000000,0.000000,0.000000,above_band_high
2026-07-31T06:11:00Z,91.6823,0.000000,0.000000,0.000000,above_band_high
2026-07-31T06:12:00Z,91.7189,0.000000,0.000000,0.000000,above_band_high
2026-07-31T06:13:00Z,91.6991,0.000000,0.000000,0.000000,above_band_high
2026-07-31T06:14:00Z,91.7403,0.000000,0.000000,0.000000,above_band_high
2026-07-31T06:15:00Z,91.7281,0.000000,0.000000,0.000000,above_band_high
2026-07-31T06:16:00Z,91.6899,0.000000,0.000000,0.000000,above_band_high
2026-07-31T06:17:00Z,91.7449,0.000000,0.000000,0.000000,above_band_high
2026-07-31T06:18:00Z,91.7098,0.000000,0.000000,0.000000,above_band_high
2026-07-31T06:19:00Z,91.7082,0.000000,0.000000,0.000000,above_band_high
2026-07-31T06:20:00Z,91.7403,0.000000,0.000000,0.000000,above_band_high
2026-07-31T06:21:00Z,91.7235,0.000000,0.000000,0.000000,above_band_high
2026-07-31T06:22:00Z,91.7464,0.000000,0.000000,0.000000,above_band_high
2026-07-31T06:23:00Z,91.7403,0.000000,0.000000,0.000000,above_band_high
2026-07-31T06:24:00Z,91.7082,0.000000,0.000000,0.000000,above_band_high
2026-07-31T06:25:00Z,91.7403,0.000000,0.000000,0.000000,above_band_high
2026-07-31T06:26:00Z,91.7403,0.000000,0.000000,0.000000,above_band_high
2026-07-31T06:27:00Z,91.7464,0.000000,0.000000,0.000000,above_band_high
2026-07-31T06:28:00Z,91.7266,0.000000,0.000000,0.000000,above_band_high
2026-07-31T06:29:00Z,91.7723,0.000000,0.000000,0.000000,above_band_high
2026-07-31T06:30:00Z,91.7586,0.000000,0.000000,0.000000,above_band_high
2026-07-31T06:31:00Z,91.7723,0.000000,0.000000,0.000000,above_band_high
2026-07-31T06:32:00Z,91.7906,0.000000,0.000000,0.000000,above_band_high
2026-07-31T06:33:00Z,91.7647,0.000000,0.000000,0.000000,above_band_high
2026-07-31T06:34:00Z,91.7876,0.000000,0.000000,0.000000,above_band_high
2026-07-31T06:35:00Z,91.8090,0.000000,0.000000,0.000000,above_band_high
2026-07-31T06:36:00Z,91.7647,0.000000,0.000000,0.000000,above_band_high
2026-07-31T06:37:00Z,91.7647,0.000000,0.000000,0.000000,above_band_high
2026-07-31T06:38:00Z,91.7967,0.000000,0.000000,0.000000,above_band_high
2026-07-31T06:39:00Z,91.8135,0.000000,0.000000,0.000000,above_band_high
2026-07-31T06:40:00Z,91.8151,0.000000,0.000000,0.000000,above_band_high
2026-07-31T06:41:00Z,91.8135,0.000000,0.000000,0.000000,above_band_high
2026-07-31T06:42:00Z,91.7967,0.000000,0.000000,0.000000,above_band_high
2026-07-31T06:43:00Z,91.8334,0.000000,0.000000,0.000000,above_band_high
2026-07-31T06:44:00Z,91.8364,0.000000,0.000000,0.000000,above_band_high
2026-07-31T06:45:00Z,91.8639,0.000000,0.000000,0.000000,above_band_high
2026-07-31T06:46:00Z,91.9112,0.000000,0.000000,0.000000,above_band_high
2026-07-31T06:47:00Z,91.8700,0.000000,0.000000,0.000000,above_band_high
2026-07-31T06:48:00Z,91.8654,0.000000,0.000000,0.000000,above_band_high
2026-07-31T06:49:00Z,91.8700,0.000000,0.000000,0.000000,above_band_high
2026-07-31T06:50:00Z,91.8654,0.000000,0.000000,0.000000,above_band_high
2026-07-31T06:51:00Z,91.8593,0.000000,0.000000,0.000000,above_band_high
2026-07-31T06:52:00Z,91.8776,0.000000,0.000000,0.000000,above_band_high
2026-07-31T06:53:00Z,91.8837,0.000000,0.000000,0.000000,above_band_high
2026-07-31T06:54:00Z,91.8471,0.000000,0.000000,0.000000,above_band_high
2026-07-31T06:55:00Z,91.9051,0.000000,0.000000,0.000000,above_band_high
2026-07-31T06:56:00Z,91.8791,0.000000,0.000000,0.000000,above_band_high
2026-07-31T06:57:00Z,91.8791,0.000000,0.000000,0.000000,above_band_high
2026-07-31T06:58:00Z,91.8730,0.000000,0.000000,0.000000,above_band_high
2026-07-31T06:59:00Z,91.8929,0.000000,0.000000,0.000000,above_band_high
2026-07-31T07:00:00Z,91.8563,0.000000,0.000000,0.000000,above_band_high
2026-07-31T07:01:00Z,91.8929,0.000000,0.000000,0.000000,above_band_high
2026-07-31T07:02:00Z,91.8730,0.000000,0.000000,0.000000,above_band_high
2026-07-31T07:03:00Z,91.8517,0.000000,0.000000,0.000000,above_band_high
2026-07-31T07:04:00Z,91.8914,0.000000,0.000000,0.000000,above_band_high
2026-07-31T07:05:00Z,91.8791,0.000000,0.000000,0.000000,above_band_high
2026-07-31T07:06:00Z,91.8837,0.000000,0.000000,0.000000,above_band_high
2026-07-31T07:07:00Z,91.9203,0.000000,0.000000,0.000000,above_band_high
2026-07-31T07:08:00Z,91.9203,0.000000,0.000000,0.000000,above_band_high
2026-07-31T07:09:00Z,91.9203,0.000000,0.000000,0.000000,above_band_high
2026-07-31T07:10:00Z,91.9295,0.000000,0.000000,0.000000,above_band_high
2026-07-31T07:11:00Z,91.9341,0.000000,0.000000,0.000000,above_band_high
2026-07-31T07:12:00Z,91.9203,0.000000,0.000000,0.000000,above_band_high
2026-07-31T07:13:00Z,91.9554,0.000000,0.000000,0.000000,above_band_high
2026-07-31T07:14:00Z,91.9432,0.000000,0.000000,0.000000,above_band_high
2026-07-31T07:15:00Z,91.9371,0.000000,0.000000,0.000000,above_band_high
2026-07-31T07:16:00Z,91.9341,0.000000,0.000000,0.000000,above_band_high
2026-07-31T07:17:00Z,91.9875,0.000000,0.000000,0.000000,above_band_high
2026-07-31T07:18:00Z,91.9692,0.000000,0.000000,0.000000,above_band_high
2026-07-31T07:19:00Z,92.0073,0.000000,0.000000,0.000000,above_band_high
2026-07-31T07:20:00Z,92.0119,0.000000,0.000000,0.000000,above_band_high
2026-07-31T07:21:00Z,92.0150,0.000000,0.000000,0.000000,above_band_high
2026-07-31T07:22:00Z,91.9936,0.000000,0.000000,0.000000,above_band_high
2026-07-31T07:23:00Z,91.9509,0.000000,0.000000,0.000000,above_band_high
2026-07-31T07:24:00Z,91.9982,0.000000,0.000000,0.000000,above_band_high
2026-07-31T07:25:00Z,91.9982,0.000000,0.000000,0.000000,above_band_high
2026-07-31T07:26:00Z,92.0531,0.000000,0.000000,0.000000,above_band_high
2026-07-31T07:27:00Z,92.0516,0.000000,0.000000,0.000000,above_band_high
2026-07-31T07:28:00Z,92.0256,0.000000,0.000000,0.000000,above_band_high
2026-07-31T07:29:00Z,92.0470,0.000000,0.000000,0.000000,above_band_high
2026-07-31T07:30:00Z,92.0623,0.000000,0.000000,0.000000,above_band_high
2026-07-31T07:31:00Z,92.0943,0.000000,0.000000,0.000000,above_band_high
2026-07-31T07:32:00Z,92.1111,0.000000,0.000000,0.000000,above_band_high
2026-07-31T07:33:00Z,92.1111,0.000000,0.000000,0.000000,above_band_high
2026-07-31T07:34:00Z,92.1660,0.000000,0.000000,0.000000,above_band_high
2026-07-31T07:35:00Z,92.2210,0.000000,0.000000,0.000000,above_band_high
2026-07-31T07:36:00Z,92.1889,0.000000,0.000000,0.000000,above_band_high
2026-07-31T07:37:00Z,92.1813,0.000000,0.000000,0.000000,above_band_high
2026-07-31T07:38:00Z,92.2133,0.000000,0.000000,0.000000,above_band_high
2026-07-31T07:39:00Z,92.2271,0.000000,0.000000,0.000000,above_band_high
2026-07-31T07:40:00Z,92.2087,0.000000,0.000000,0.000000,above_band_high
2026-07-31T07:41:00Z,92.1996,0.000000,0.000000,0.000000,above_band_high
2026-07-31T07:42:00Z,92.2087,0.000000,0.000000,0.000000,above_band_high
2026-07-31T07:43:00Z,92.1889,0.000000,0.000000,0.000000,above_band_high
2026-07-31T07:44:00Z,92.2210,0.000000,0.000000,0.000000,above_band_high
2026-07-31T07:45:00Z,92.2316,0.000000,0.000000,0.000000,above_band_high
2026-07-31T07:46:00Z,92.2454,0.000000,0.000000,0.000000,above_band_high
2026-07-31T07:47:00Z,92.2454,0.000000,0.000000,0.000000,above_band_high
2026-07-31T07:48:00Z,92.2454,0.000000,0.000000,0.000000,above_band_high
2026-07-31T07:49:00Z,92.2545,0.000000,0.000000,0.000000,above_band_high
2026-07-31T07:50:00Z,92.2454,0.000000,0.000000,0.000000,above_band_high
2026-07-31T07:51:00Z,92.2820,0.000000,0.000000,0.000000,above_band_high
2026-07-31T07:52:00Z,92.2911,0.000000,0.000000,0.000000,above_band_high
2026-07-31T07:53:00Z,92.2988,0.000000,0.000000,0.000000,above_band_high
2026-07-31T07:54:00Z,92.3308,0.000000,0.000000,0.000000,above_band_high
2026-07-31T07:55:00Z,92.3598,0.000000,0.000000,0.000000,above_band_high
2026-07-31T07:56:00Z,92.3690,0.000000,0.000000,0.000000,above_band_high
2026-07-31T07:57:00Z,92.3690,0.000000,0.000000,0.000000,above_band_high
2026-07-31T07:58:00Z,92.3735,0.000000,0.000000,0.000000,above_band_high
2026-07-31T07:59:00Z,92.3903,0.000000,0.000000,0.000000,above_band_high
2026-07-31T08:00:00Z,92.3873,0.000000,0.000000,0.000000,above_band_high
2026-07-31T08:01:00Z,92.4086,0.000000,0.000000,0.000000,above_band_high
2026-07-31T08:02:00Z,92.4193,0.000000,0.000000,0.000000,above_band_high
2026-07-31T08:03:00Z,92.3949,0.000000,0.000000,0.000000,above_band_high
2026-07-31T08:04:00Z,92.4636,0.000000,0.000000,0.000000,above_band_high
2026-07-31T08:05:00Z,92.4590,0.000000,0.000000,0.000000,above_band_high
2026-07-31T08:06:00Z,92.4910,0.000000,0.000000,0.000000,above_band_high
2026-07-31T08:07:00Z,92.4880,0.000000,0.000000,0.000000,above_band_high
2026-07-31T08:08:00Z,92.4834,0.000000,0.000000,0.000000,above_band_high
2026-07-31T08:09:00Z,92.5185,0.000000,0.000000,0.000000,above_band_high
2026-07-31T08:10:00Z,92.4910,0.000000,0.000000,0.000000,above_band_high
2026-07-31T08:11:00Z,92.5704,0.000000,0.000000,0.000000,above_band_high
2026-07-31T08:12:00Z,92.5597,0.000000,0.000000,0.000000,above_band_high
2026-07-31T08:13:00Z,92.5841,0.000000,0.000000,0.000000,above_band_high
2026-07-31T08:14:00Z,92.6009,0.000000,0.000000,0.000000,above_band_high
2026-07-31T08:15:00Z,92.5612,0.000000,0.000000,0.000000,above_band_high
2026-07-31T08:16:00Z,92.5917,0.000000,0.000000,0.000000,above_band_high
2026-07-31T08:17:00Z,92.6009,0.000000,0.000000,0.000000,above_band_high
2026-07-31T08:18:00Z,92.6162,0.000000,0.000000,0.000000,above_band_high
2026-07-31T08:19:00Z,92.5978,0.000000,0.000000,0.000000,above_band_high
2026-07-31T08:20:00Z,92.6299,0.000000,0.000000,0.000000,above_band_high
2026-07-31T08:21:00Z,92.6390,0.000000,0.000000,0.000000,above_band_high
2026-07-31T08:22:00Z,92.6558,0.000000,0.000000,0.000000,above_band_high
2026-07-31T08:23:00Z,92.6665,0.000000,0.000000,0.000000,above_band_high
2026-07-31T08:24:00Z,92.6848,0.000000,0.000000,0.000000,above_band_high
2026-07-31T08:25:00Z,92.6986,0.000000,0.000000,0.000000,above_band_high
2026-07-31T08:26:00Z,92.7153,0.000000,0.000000,0.000000,above_band_high
2026-07-31T08:27:00Z,92.7214,0.000000,0.000000,0.000000,above_band_high
2026-07-31T08:28:00Z,92.7260,0.000000,0.000000,0.000000,above_band_high
2026-07-31T08:29:00Z,92.7947,0.000000,0.000000,0.000000,above_band_high
2026-07-31T08:30:00Z,92.7932,0.000000,0.000000,0.000000,above_band_high
2026-07-31T08:31:00Z,92.7749,0.000000,0.000000,0.000000,above_band_high
2026-07-31T08:32:00Z,92.7977,0.000000,0.000000,0.000000,above_band_high
2026-07-31T08:33:00Z,92.7901,0.000000,0.000000,0.000000,above_band_high
2026-07-31T08:34:00Z,92.8161,0.000000,0.000000,0.000000,above_band_high
2026-07-31T08:35:00Z,92.8206,0.000000,0.000000,0.000000,above_band_high
2026-07-31T08:36:00Z,92.8405,0.000000,0.000000,0.000000,above_band_high
2026-07-31T08:37:00Z,92.8573,0.000000,0.000000,0.000000,above_band_high
2026-07-31T08:38:00Z,92.9000,0.000000,0.000000,0.000000,above_band_high
2026-07-31T08:39:00Z,92.8801,0.000000,0.000000,0.000000,above_band_high
2026-07-31T08:40:00Z,92.8771,0.000000,0.000000,0.000000,above_band_high
2026-07-31T08:41:00Z,92.9046,0.000000,0.000000,0.000000,above_band_high
2026-07-31T08:42:00Z,92.9046,0.000000,0.000000,0.000000,above_band_high
2026-07-31T08:43:00Z,92.9183,0.000000,0.000000,0.000000,above_band_high
2026-07-31T08:44:00Z,92.9046,0.000000,0.000000,0.000000,above_band_high
2026-07-31T08:45:00Z,92.9366,0.000000,0.000000,0.000000,above_band_high
2026-07-31T08:46:00Z,92.9351,0.000000,0.000000,0.000000,above_band_high
2026-07-31T08:47:00Z,92.9488,0.000000,0.000000,0.000000,above_band_high
2026-07-31T08:48:00Z,92.9625,0.000000,0.000000,0.000000,above_band_high
2026-07-31T08:49:00Z,92.9458,0.000000,0.000000,0.000000,above_band_high
2026-07-31T08:50:00Z,92.9442,0.000000,0.000000,0.000000,above_band_high
2026-07-31T08:51:00Z,93.0037,0.000000,0.000000,0.000000,above_band_high
2026-07-31T08:52:00Z,92.9824,0.000000,0.000000,0.000000,above_band_high
2026-07-31T08:53:00Z,92.9961,0.000000,0.000000,0.000000,above_band_high
2026-07-31T08:54:00Z,92.9915,0.000000,0.000000,0.000000,above_band_high
2026-07-31T08:55:00Z,93.0266,0.000000,0.000000,0.000000,above_band_high
2026-07-31T08:56:00Z,93.0556,0.000000,0.000000,0.000000,above_band_high
2026-07-31T08:57:00Z,93.0602,0.000000,0.000000,0.000000,above_band_high
2026-07-31T08:58:00Z,93.0175,0.000000,0.000000,0.000000,above_band_high
2026-07-31T08:59:00Z,92.9915,0.000000,0.000000,0.000000,above_band_high
2026-07-31T09:00:00Z,93.0419,0.000000,0.000000,0.000000,above_band_high
2026-07-31T09:01:00Z,93.0358,0.000000,0.000000,0.000000,above_band_high
2026-07-31T09:02:00Z,93.0724,0.000000,0.000000,0.000000,above_band_high
2026-07-31T09:03:00Z,93.0266,0.000000,0.000000,0.000000,above_band_high
2026-07-31T09:04:00Z,93.0556,0.000000,0.000000,0.000000,above_band_high
2026-07-31T09:05:00Z,93.0556,0.000000,0.000000,0.000000,above_band_high
2026-07-31T09:06:00Z,93.0358,0.000000,0.000000,0.000000,above_band_high
2026-07-31T09:07:00Z,93.0739,0.000000,0.000000,0.000000,above_band_high
2026-07-31T09:08:00Z,93.0556,0.000000,0.000000,0.000000,above_band_high
2026-07-31T09:09:00Z,93.0739,0.000000,0.000000,0.000000,above_band_high
2026-07-31T09:10:00Z,93.0724,0.000000,0.000000,0.000000,above_band_high
2026-07-31T09:11:00Z,93.0404,0.000000,0.000000,0.000000,above_band_high
2026-07-31T09:12:00Z,93.0739,0.000000,0.000000,0.000000,above_band_high
2026-07-31T09:13:00Z,93.0999,0.000000,0.000000,0.000000,above_band_high
2026-07-31T09:14:00Z,93.0877,0.000000,0.000000,0.000000,above_band_high
2026-07-31T09:15:00Z,93.0861,0.000000,0.000000,0.000000,above_band_high
2026-07-31T09:16:00Z,93.1182,0.000000,0.000000,0.000000,above_band_high
2026-07-31T09:17:00Z,93.0999,0.000000,0.000000,0.000000,above_band_high
2026-07-31T09:18:00Z,93.0861,0.000000,0.000000,0.000000,above_band_high
2026-07-31T09:19:00Z,93.1090,0.000000,0.000000,0.000000,above_band_high
2026-07-31T09:20:00Z,93.1197,0.000000,0.000000,0.000000,above_band_high
2026-07-31T09:21:00Z,93.1060,0.000000,0.000000,0.000000,above_band_high
2026-07-31T09:22:00Z,93.1456,0.000000,0.000000,0.000000,above_band_high
2026-07-31T09:23:00Z,93.1334,0.000000,0.000000,0.000000,above_band_high
2026-07-31T09:24:00Z,93.1319,0.000000,0.000000,0.000000,above_band_high
2026-07-31T09:25:00Z,93.1334,0.000000,0.000000,0.000000,above_band_high
2026-07-31T09:26:00Z,93.1197,0.000000,0.000000,0.000000,above_band_high
2026-07-31T09:27:00Z,93.1426,0.000000,0.000000,0.000000,above_band_high
2026-07-31T09:28:00Z,93.1518,0.000000,0.000000,0.000000,above_band_high
2026-07-31T09:29:00Z,93.1731,0.000000,0.000000,0.000000,above_band_high
2026-07-31T09:30:00Z,93.1548,0.000000,0.000000,0.000000,above_band_high
2026-07-31T09:31:00Z,93.1701,0.000000,0.000000,0.000000,above_band_high
2026-07-31T09:32:00Z,93.1731,0.000000,0.000000,0.000000,above_band_high
2026-07-31T09:33:00Z,93.1609,0.000000,0.000000,0.000000,above_band_high
2026-07-31T09:34:00Z,93.1975,0.000000,0.000000,0.000000,above_band_high
2026-07-31T09:35:00Z,93.1884,0.000000,0.000000,0.000000,above_band_high
2026-07-31T09:36:00Z,93.2006,0.000000,0.000000,0.000000,above_band_high
2026-07-31T09:37:00Z,93.2113,0.000000,0.000000,0.000000,above_band_high
2026-07-31T09:38:00Z,93.2113,0.000000,0.000000,0.000000,above_band_high
2026-07-31T09:39:00Z,93.2601,0.000000,0.000000,0.000000,above_band_high
2026-07-31T09:40:00Z,93.1975,0.000000,0.000000,0.000000,above_band_high
2026-07-31T09:41:00Z,93.2464,0.000000,0.000000,0.000000,above_band_high
2026-07-31T09:42:00Z,93.2113,0.000000,0.000000,0.000000,above_band_high
2026-07-31T09:43:00Z,93.2235,0.000000,0.000000,0.000000,above_band_high
2026-07-31T09:44:00Z,93.2296,0.000000,0.000000,0.000000,above_band_high
2026-07-31T09:45:00Z,93.2509,0.000000,0.000000,0.000000,above_band_high
2026-07-31T09:46:00Z,93.2509,0.000000,0.000000,0.000000,above_band_high
2026-07-31T09:47:00Z,93.2982,0.000000,0.000000,0.000000,above_band_high
2026-07-31T09:48:00Z,93.2891,0.000000,0.000000,0.000000,above_band_high
2026-07-31T09:49:00Z,93.3257,0.000000,0.000000,0.000000,above_band_high
2026-07-31T09:50:00Z,93.3333,0.000000,0.000000,0.000000,above_band_high
2026-07-31T09:51:00Z,93.3211,0.000000,0.000000,0.000000,above_band_high
2026-07-31T09:52:00Z,93.3669,0.000000,0.000000,0.000000,above_band_high
2026-07-31T09:53:00Z,93.3440,0.000000,0.000000,0.000000,above_band_high
2026-07-31T09:54:00Z,93.3791,0.000000,0.000000,0.000000,above_band_high
2026-07-31T09:55:00Z,93.3791,0.000000,0.000000,0.000000,above_band_high
2026-07-31T09:56:00Z,93.3700,0.000000,0.000000,0.000000,above_band_high
2026-07-31T09:57:00Z,93.3791,0.000000,0.000000,0.000000,above_band_high
2026-07-31T09:58:00Z,93.4218,0.000000,0.000000,0.000000,above_band_high
2026-07-31T09:59:00Z,93.4173,0.000000,0.000000,0.000000,above_band_high
2026-07-31T10:00:00Z,93.4218,0.000000,0.000000,0.000000,above_band_high
2026-07-31T10:01:00Z,93.4478,0.000000,0.000000,0.000000,above_band_high
2026-07-31T10:02:00Z,93.4081,0.000000,0.000000,0.000000,above_band_high
2026-07-31T10:03:00Z,93.4173,0.000000,0.000000,0.000000,above_band_high
2026-07-31T10:04:00Z,93.4295,0.000000,0.000000,0.000000,above_band_high
2026-07-31T10:05:00Z,93.4432,0.000000,0.000000,0.000000,above_band_high
2026-07-31T10:06:00Z,93.4539,0.000000,0.000000,0.000000,above_band_high
2026-07-31T10:07:00Z,93.4432,0.000000,0.000000,0.000000,above_band_high
2026-07-31T10:08:00Z,93.4081,0.000000,0.000000,0.000000,above_band_high
2026-07-31T10:09:00Z,93.4752,0.000000,0.000000,0.000000,above_band_high
2026-07-31T10:10:00Z,93.4997,0.000000,0.000000,0.000000,above_band_high
2026-07-31T10:11:00Z,93.4249,0.000000,0.000000,0.000000,above_band_high
2026-07-31T10:12:00Z,93.4478,0.000000,0.000000,0.000000,above_band_high
2026-07-31T10:13:00Z,93.4707,0.000000,0.000000,0.000000,above_band_high
2026-07-31T10:14:00Z,93.4661,0.000000,0.000000,0.000000,above_band_high
2026-07-31T10:15:00Z,93.4997,0.000000,0.000000,0.000000,above_band_high
2026-07-31T10:16:00Z,93.5348,0.000000,0.000000,0.000000,above_band_high
2026-07-31T10:17:00Z,93.4890,0.000000,0.000000,0.000000,above_band_high
2026-07-31T10:18:00Z,93.4585,0.000000,0.000000,0.000000,above_band_high
2026-07-31T10:19:00Z,93.4997,0.000000,0.000000,0.000000,above_band_high
2026-07-31T10:20:00Z,93.4890,0.000000,0.000000,0.000000,above_band_high
2026-07-31T10:21:00Z,93.4813,0.000000,0.000000,0.000000,above_band_high
2026-07-31T10:22:00Z,93.5073,0.000000,0.000000,0.000000,above_band_high
2026-07-31T10:23:00Z,93.5210,0.000000,0.000000,0.000000,above_band_high
2026-07-31T10:24:00Z,93.5454,0.000000,0.000000,0.000000,above_band_high
2026-07-31T10:25:00Z,93.5271,0.000000,0.000000,0.000000,above_band_high
2026-07-31T10:26:00Z,93.5729,0.000000,0.000000,0.000000,above_band_high
2026-07-31T10:27:00Z,93.5683,0.000000,0.000000,0.000000,above_band_high
2026-07-31T10:28:00Z,93.5271,0.000000,0.000000,0.000000,above_band_high
2026-07-31T10:29:00Z,93.5454,0.000000,0.000000,0.000000,above_band_high
2026-07-31T10:30:00Z,93.5409,0.000000,0.000000,0.000000,above_band_high
2026-07-31T10:31:00Z,93.5454,0.000000,0.000000,0.000000,above_band_high
2026-07-31T10:32:00Z,93.5760,0.000000,0.000000,0.000000,above_band_high
2026-07-31T10:33:00Z,93.5409,0.000000,0.000000,0.000000,above_band_high
2026-07-31T10:34:00Z,93.5760,0.000000,0.000000,0.000000,above_band_high
2026-07-31T10:35:00Z,93.5531,0.000000,0.000000,0.000000,above_band_high
2026-07-31T10:36:00Z,93.5485,0.000000,0.000000,0.000000,above_band_high
2026-07-31T10:37:00Z,93.5576,0.000000,0.000000,0.000000,above_band_high
2026-07-31T10:38:00Z,93.5225,0.000000,0.000000,0.000000,above_band_high
2026-07-31T10:39:00Z,93.5409,0.000000,0.000000,0.000000,above_band_high
2026-07-31T10:40:00Z,93.5668,0.000000,0.000000,0.000000,above_band_high
2026-07-31T10:41:00Z,93.5363,0.000000,0.000000,0.000000,above_band_high
2026-07-31T10:42:00Z,93.5439,0.000000,0.000000,0.000000,above_band_high
2026-07-31T10:43:00Z,93.5668,0.000000,0.000000,0.000000,above_band_high
2026-07-31T10:44:00Z,93.5897,0.000000,0.000000,0.000000,above_band_high
2026-07-31T10:45:00Z,93.5485,0.000000,0.000000,0.000000,above_band_high
2026-07-31T10:46:00Z,93.5897,0.000000,0.000000,0.000000,above_band_high
2026-07-31T10:47:00Z,93.5943,0.000000,0.000000,0.000000,above_band_high
2026-07-31T10:48:00Z,93.6126,0.000000,0.000000,0.000000,above_band_high
2026-07-31T10:49:00Z,93.6461,0.000000,0.000000,0.000000,above_band_high
2026-07-31T10:50:00Z,93.5897,0.000000,0.000000,0.000000,above_band_high
2026-07-31T10:51:00Z,93.6095,0.000000,0.000000,0.000000,above_band_high
2026-07-31T10:52:00Z,93.6049,0.000000,0.000000,0.000000,above_band_high
2026-07-31T10:53:00Z,93.6233,0.000000,0.000000,0.000000,above_band_high
2026-07-31T10:54:00Z,93.6461,0.000000,0.000000,0.000000,above_band_high
2026-07-31T10:55:00Z,93.6492,0.000000,0.000000,0.000000,above_band_high
2026-07-31T10:56:00Z,93.6736,0.000000,0.000000,0.000000,above_band_high
2026-07-31T10:57:00Z,93.6446,0.000000,0.000000,0.000000,above_band_high
2026-07-31T10:58:00Z,93.6492,0.000000,0.000000,0.000000,above_band_high
2026-07-31T10:59:00Z,93.6538,0.000000,0.000000,0.000000,above_band_high
2026-07-31T11:00:00Z,93.6629,0.000000,0.000000,0.000000,above_band_high
2026-07-31T11:01:00Z,93.6767,0.000000,0.000000,0.000000,above_band_high
2026-07-31T11:02:00Z,93.6492,0.000000,0.000000,0.000000,above_band_high
2026-07-31T11:03:00Z,93.6355,0.000000,0.000000,0.000000,above_band_high
2026-07-31T11:04:00Z,93.6492,0.000000,0.000000,0.000000,above_band_high
2026-07-31T11:05:00Z,93.6355,0.000000,0.000000,0.000000,above_band_high
2026-07-31T11:06:00Z,93.6553,0.000000,0.000000,0.000000,above_band_high
2026-07-31T11:07:00Z,93.6416,0.000000,0.000000,0.000000,above_band_high
2026-07-31T11:08:00Z,93.6416,0.000000,0.000000,0.000000,above_band_high
2026-07-31T11:09:00Z,93.7057,0.000000,0.000000,0.000000,above_band_high
2026-07-31T11:10:00Z,93.6553,0.000000,0.000000,0.000000,above_band_high
2026-07-31T11:11:00Z,93.6309,0.000000,0.000000,0.000000,above_band_high
2026-07-31T11:12:00Z,93.6812,0.000000,0.000000,0.000000,above_band_high
2026-07-31T11:13:00Z,93.6599,0.000000,0.000000,0.000000,above_band_high
2026-07-31T11:14:00Z,93.6446,0.000000,0.000000,0.000000,above_band_high
2026-07-31T11:15:00Z,93.6675,0.000000,0.000000,0.000000,above_band_high
2026-07-31T11:16:00Z,93.6828,0.000000,0.000000,0.000000,above_band_high
2026-07-31T11:17:00Z,93.6675,0.000000,0.000000,0.000000,above_band_high
2026-07-31T11:18:00Z,93.6721,0.000000,0.000000,0.000000,above_band_high
2026-07-31T11:19:00Z,93.6492,0.000000,0.000000,0.000000,above_band_high
2026-07-31T11:20:00Z,93.6461,0.000000,0.000000,0.000000,above_band_high
2026-07-31T11:21:00Z,93.6812,0.000000,0.000000,0.000000,above_band_high
2026-07-31T11:22:00Z,93.6919,0.000000,0.000000,0.000000,above_band_high
2026-07-31T11:23:00Z,93.7057,0.000000,0.000000,0.000000,above_band_high
2026-07-31T11:24:00Z,93.7087,0.000000,0.000000,0.000000,above_band_high
2026-07-31T11:25:00Z,93.6919,0.000000,0.000000,0.000000,above_band_high
2026-07-31T11:26:00Z,93.7240,0.000000,0.000000,0.000000,above_band_high
2026-07-31T11:27:00Z,93.7560,0.000000,0.000000,0.000000,above_band_high
2026-07-31T11:28:00Z,93.7774,0.000000,0.000000,0.000000,above_band_high
2026-07-31T11:29:00Z,93.7377,0.000000,0.000000,0.000000,above_band_high
2026-07-31T11:30:00Z,93.7835,0.000000,0.000000,0.000000,above_band_high
2026-07-31T11:31:00Z,93.8369,0.000000,0.000000,0.000000,above_band_high
2026-07-31T11:32:00Z,93.8231,0.000000,0.000000,0.000000,above_band_high
2026-07-31T11:33:00Z,93.8323,0.000000,0.000000,0.000000,above_band_high
2026-07-31T11:34:00Z,93.9055,0.000000,0.000000,0.000000,above_band_high
2026-07-31T11:35:00Z,93.8964,0.000000,0.000000,0.000000,above_band_high
2026-07-31T11:36:00Z,93.8964,0.000000,0.000000,0.000000,above_band_high
2026-07-31T11:37:00Z,93.9254,0.000000,0.000000,0.000000,above_band_high
2026-07-31T11:38:00Z,93.8964,0.000000,0.000000,0.000000,above_band_high
2026-07-31T11:39:00Z,93.8827,0.000000,0.000000,0.000000,above_band_high
2026-07-31T11:40:00Z,93.8750,0.000000,0.000000,0.000000,above_band_high
2026-07-31T11:41:00Z,93.8781,0.000000,0.000000,0.000000,above_band_high
2026-07-31T11:42:00Z,93.8781,0.000000,0.000000,0.000000,above_band_high
2026-07-31T11:43:00Z,93.8613,0.000000,0.000000,0.000000,above_band_high
2026-07-31T11:44:00Z,93.9010,0.000000,0.000000,0.000000,above_band_high
2026-07-31T11:45:00Z,93.9025,0.000000,0.000000,0.000000,above_band_high
2026-07-31T11:46:00Z,93.9422,0.000000,0.000000,0.000000,above_band_high
2026-07-31T11:47:00Z,93.9025,0.000000,0.000000,0.000000,above_band_high
2026-07-31T11:48:00Z,93.9025,0.000000,0.000000,0.000000,above_band_high
2026-07-31T11:49:00Z,93.8796,0.000000,0.000000,0.000000,above_band_high
2026-07-31T11:50:00Z,93.8659,0.000000,0.000000,0.000000,above_band_high
2026-07-31T11:51:00Z,93.9391,0.000000,0.000000,0.000000,above_band_high
2026-07-31T11:52:00Z,93.8872,0.000000,0.000000,0.000000,above_band_high
2026-07-31T11:53:00Z,93.9025,0.000000,0.000000,0.000000,above_band_high
2026-07-31T11:54:00Z,93.9330,0.000000,0.000000,0.000000,above_band_high
2026-07-31T11:55:00Z,93.9254,0.000000,0.000000,0.000000,above_band_high
2026-07-31T11:56:00Z,93.9208,0.000000,0.000000,0.000000,above_band_high
2026-07-31T11:57:00Z,93.9437,0.000000,0.000000,0.000000,above_band_high
2026-07-31T11:58:00Z,93.9117,0.000000,0.000000,0.000000,above_band_high
2026-07-31T11:59:00Z,93.9437,0.000000,0.000000,0.000000,above_band_high
2026-07-31T12:00:00Z,93.9574,0.000000,0.000000,0.000000,above_band_high
2026-07-31T12:01:00Z,93.9467,0.000000,0.000000,0.000000,above_band_high
2026-07-31T12:02:00Z,93.9757,0.000000,0.000000,0.000000,above_band_high
2026-07-31T12:03:00Z,93.9712,0.000000,0.000000,0.000000,above_band_high
2026-07-31T12:04:00Z,93.9925,0.000000,0.000000,0.000000,above_band_high
2026-07-31T12:05:00Z,93.9757,0.000000,0.000000,0.000000,above_band_high
2026-07-31T12:06:00Z,93.9696,0.000000,0.000000,0.000000,above_band_high
2026-07-31T12:07:00Z,93.9742,0.000000,0.000000,0.000000,above_band_high
2026-07-31T12:08:00Z,93.9971,0.000000,0.000000,0.000000,above_band_high
2026-07-31T12:09:00Z,94.0017,0.000000,0.000000,0.000000,above_band_high
2026-07-31T12:10:00Z,94.0154,0.000000,0.000000,0.000000,above_band_high
2026-07-31T12:11:00Z,94.0108,0.000000,0.000000,0.000000,above_band_high
2026-07-31T12:12:00Z,93.9925,0.000000,0.000000,0.000000,above_band_high
2026-07-31T12:13:00Z,94.0032,0.000000,0.000000,0.000000,above_band_high
2026-07-31T12:14:00Z,94.0383,0.000000,0.000000,0.000000,above_band_high
2026-07-31T12:15:00Z,94.0017,0.000000,0.000000,0.000000,above_band_high
2026-07-31T12:16:00Z,94.0154,0.000000,0.000000,0.000000,above_band_high
2026-07-31T12:17:00Z,94.0612,0.000000,0.000000,0.000000,above_band_high
2026-07-31T12:18:00Z,94.0490,0.000000,0.000000,0.000000,above_band_high
2026-07-31T12:19:00Z,94.0475,0.000000,0.000000,0.000000,above_band_high
2026-07-31T12:20:00Z,94.0337,0.000000,0.000000,0.000000,above_band_high
2026-07-31T12:21:00Z,94.0291,0.000000,0.000000,0.000000,above_band_high
2026-07-31T12:22:00Z,93.9986,0.000000,0.000000,0.000000,above_band_high
2026-07-31T12:23:00Z,94.0536,0.000000,0.000000,0.000000,above_band_high
2026-07-31T12:24:00Z,94.0520,0.000000,0.000000,0.000000,above_band_high
2026-07-31T12:25:00Z,94.0841,0.000000,0.000000,0.000000,above_band_high
2026-07-31T12:26:00Z,94.0993,0.000000,0.000000,0.000000,above_band_high
2026-07-31T12:27:00Z,94.0810,0.000000,0.000000,0.000000,above_band_high
2026-07-31T12:28:00Z,94.0902,0.000000,0.000000,0.000000,above_band_high
2026-07-31T12:29:00Z,94.1207,0.000000,0.000000,0.000000,above_band_high
2026-07-31T12:30:00Z,94.0703,0.000000,0.000000,0.000000,above_band_high
2026-07-31T12:31:00Z,94.0841,0.000000,0.000000,0.000000,above_band_high
2026-07-31T12:32:00Z,94.0978,0.000000,0.000000,0.000000,above_band_high
2026-07-31T12:33:00Z,94.1222,0.000000,0.000000,0.000000,above_band_high
2026-07-31T12:34:00Z,94.0658,0.000000,0.000000,0.000000,above_band_high
2026-07-31T12:35:00Z,94.0810,0.000000,0.000000,0.000000,above_band_high
2026-07-31T12:36:00Z,94.0719,0.000000,0.000000,0.000000,above_band_high
2026-07-31T12:37:00Z,94.0658,0.000000,0.000000,0.000000,above_band_high
2026-07-31T12:38:00Z,94.0581,0.000000,0.000000,0.000000,above_band_high
2026-07-31T12:39:00Z,94.0490,0.000000,0.000000,0.000000,above_band_high
2026-07-31T12:40:00Z,94.0490,0.000000,0.000000,0.000000,above_band_high
2026-07-31T12:41:00Z,94.0520,0.000000,0.000000,0.000000,above_band_high
2026-07-31T12:42:00Z,94.0429,0.000000,0.000000,0.000000,above_band_high
2026-07-31T12:43:00Z,94.0444,0.000000,0.000000,0.000000,above_band_high
2026-07-31T12:44:00Z,94.0444,0.000000,0.000000,0.000000,above_band_high
2026-07-31T12:45:00Z,94.0490,0.000000,0.000000,0.000000,above_band_high
2026-07-31T12:46:00Z,94.0352,0.000000,0.000000,0.000000,above_band_high
2026-07-31T12:47:00Z,94.0444,0.000000,0.000000,0.000000,above_band_high
2026-07-31T12:48:00Z,94.0581,0.000000,0.000000,0.000000,above_band_high
2026-07-31T12:49:00Z,94.0703,0.000000,0.000000,0.000000,above_band_high
2026-07-31T12:50:00Z,94.0398,0.000000,0.000000,0.000000,above_band_high
2026-07-31T12:51:00Z,94.0520,0.000000,0.000000,0.000000,above_band_high
2026-07-31T12:52:00Z,94.0352,0.000000,0.000000,0.000000,above_band_high
2026-07-31T12:53:00Z,94.0246,0.000000,0.000000,0.000000,above_band_high
2026-07-31T12:54:00Z,94.0993,0.000000,0.000000,0.000000,above_band_high
2026-07-31T12:55:00Z,94.0810,0.000000,0.000000,0.000000,above_band_high
2026-07-31T12:56:00Z,94.1207,0.000000,0.000000,0.000000,above_band_high
2026-07-31T12:57:00Z,94.1207,0.000000,0.000000,0.000000,above_band_high
2026-07-31T12:58:00Z,94.1588,0.000000,0.000000,0.000000,above_band_high
2026-07-31T12:59:00Z,94.1390,0.000000,0.000000,0.000000,above_band_high
2026-07-31T13:00:00Z,94.1527,0.000000,0.000000,0.000000,above_band_high
2026-07-31T13:01:00Z,94.2321,0.000000,0.000000,0.000000,above_band_high
2026-07-31T13:02:00Z,94.1817,0.000000,0.000000,0.000000,above_band_high
2026-07-31T13:03:00Z,94.2397,0.000000,0.000000,0.000000,above_band_high
2026-07-31T13:04:00Z,94.2306,0.000000,0.000000,0.000000,above_band_high
2026-07-31T13:05:00Z,94.2214,0.000000,0.000000,0.000000,above_band_high
2026-07-31T13:06:00Z,94.2351,0.000000,0.000000,0.000000,above_band_high
2026-07-31T13:07:00Z,94.2092,0.000000,0.000000,0.000000,above_band_high
2026-07-31T13:08:00Z,94.2275,0.000000,0.000000,0.000000,above_band_high
2026-07-31T13:09:00Z,94.1711,0.000000,0.000000,0.000000,above_band_high
2026-07-31T13:10:00Z,94.1222,0.000000,0.000000,0.000000,above_band_high
2026-07-31T13:11:00Z,94.1527,0.000000,0.000000,0.000000,above_band_high
2026-07-31T13:12:00Z,94.1131,0.000000,0.000000,0.000000,above_band_high
2026-07-31T13:13:00Z,94.1176,0.000000,0.000000,0.000000,above_band_high
2026-07-31T13:14:00Z,94.1085,0.000000,0.000000,0.000000,above_band_high
2026-07-31T13:15:00Z,94.0932,0.000000,0.000000,0.000000,above_band_high
2026-07-31T13:16:00Z,94.0902,0.000000,0.000000,0.000000,above_band_high
2026-07-31T13:17:00Z,94.0856,0.000000,0.000000,0.000000,above_band_high
2026-07-31T13:18:00Z,94.0841,0.000000,0.000000,0.000000,above_band_high
2026-07-31T13:19:00Z,94.1024,0.000000,0.000000,0.000000,above_band_high
2026-07-31T13:20:00Z,94.1390,0.000000,0.000000,0.000000,above_band_high
2026-07-31T13:21:00Z,94.1207,0.000000,0.000000,0.000000,above_band_high
2026-07-31T13:22:00Z,94.1482,0.000000,0.000000,0.000000,above_band_high
2026-07-31T13:23:00Z,94.1817,0.000000,0.000000,0.000000,above_band_high
2026-07-31T13:24:00Z,94.1680,0.000000,0.000000,0.000000,above_band_high
2026-07-31T13:25:00Z,94.1848,0.000000,0.000000,0.000000,above_band_high
2026-07-31T13:26:00Z,94.2000,0.000000,0.000000,0.000000,above_band_high
2026-07-31T13:27:00Z,94.1863,0.000000,0.000000,0.000000,above_band_high
2026-07-31T13:28:00Z,94.1619,0.000000,0.000000,0.000000,above_band_high
2026-07-31T13:29:00Z,94.1756,0.000000,0.000000,0.000000,above_band_high
2026-07-31T13:30:00Z,94.1955,0.000000,0.000000,0.000000,above_band_high
2026-07-31T13:31:00Z,94.1619,0.000000,0.000000,0.000000,above_band_high
2026-07-31T13:32:00Z,94.1955,0.000000,0.000000,0.000000,above_band_high
2026-07-31T13:33:00Z,94.2138,0.000000,0.000000,0.000000,above_band_high
2026-07-31T13:34:00Z,94.1802,0.000000,0.000000,0.000000,above_band_high
2026-07-31T13:35:00Z,94.2306,0.000000,0.000000,0.000000,above_band_high
2026-07-31T13:36:00Z,94.1802,0.000000,0.000000,0.000000,above_band_high
2026-07-31T13:37:00Z,94.2184,0.000000,0.000000,0.000000,above_band_high
2026-07-31T13:38:00Z,94.2443,0.000000,0.000000,0.000000,above_band_high
2026-07-31T13:39:00Z,94.2489,0.000000,0.000000,0.000000,above_band_high
2026-07-31T13:40:00Z,94.2550,0.000000,0.000000,0.000000,above_band_high
2026-07-31T13:41:00Z,94.2580,0.000000,0.000000,0.000000,above_band_high
2026-07-31T13:42:00Z,94.2123,0.000000,0.000000,0.000000,above_band_high
2026-07-31T13:43:00Z,94.1894,0.000000,0.000000,0.000000,above_band_high
2026-07-31T13:44:00Z,94.2275,0.000000,0.000000,0.000000,above_band_high
2026-07-31T13:45:00Z,94.2184,0.000000,0.000000,0.000000,above_band_high
2026-07-31T13:46:00Z,94.2123,0.000000,0.000000,0.000000,above_band_high
2026-07-31T13:47:00Z,94.2168,0.000000,0.000000,0.000000,above_band_high
2026-07-31T13:48:00Z,94.2596,0.000000,0.000000,0.000000,above_band_high
2026-07-31T13:49:00Z,94.2168,0.000000,0.000000,0.000000,above_band_high
2026-07-31T13:50:00Z,94.2351,0.000000,0.000000,0.000000,above_band_high
2026-07-31T13:51:00Z,94.2550,0.000000,0.000000,0.000000,above_band_high
2026-07-31T13:52:00Z,94.2550,0.000000,0.000000,0.000000,above_band_high
2026-07-31T13:53:00Z,94.2321,0.000000,0.000000,0.000000,above_band_high
2026-07-31T13:54:00Z,94.2489,0.000000,0.000000,0.000000,above_band_high
2026-07-31T13:55:00Z,94.2580,0.000000,0.000000,0.000000,above_band_high
2026-07-31T13:56:00Z,94.2733,0.000000,0.000000,0.000000,above_band_high
2026-07-31T13:57:00Z,94.2718,0.000000,0.000000,0.000000,above_band_high
2026-07-31T13:58:00Z,94.2443,0.000000,0.000000,0.000000,above_band_high
2026-07-31T13:59:00Z,94.2596,0.000000,0.000000,0.000000,above_band_high
2026-07-31T14:00:00Z,94.2626,0.000000,0.000000,0.000000,above_band_high
2026-07-31T14:01:00Z,94.2641,0.000000,0.000000,0.000000,above_band_high
2026-07-31T14:02:00Z,94.2855,0.000000,0.000000,0.000000,above_band_high
2026-07-31T14:03:00Z,94.2580,0.000000,0.000000,0.000000,above_band_high
2026-07-31T14:04:00Z,94.2718,0.000000,0.000000,0.000000,above_band_high
2026-07-31T14:05:00Z,94.2306,0.000000,0.000000,0.000000,above_band_high
2026-07-31T14:06:00Z,94.1909,0.000000,0.000000,0.000000,above_band_high
2026-07-31T14:07:00Z,94.1817,0.000000,0.000000,0.000000,above_band_high
2026-07-31T14:08:00Z,94.1588,0.000000,0.000000,0.000000,above_band_high
2026-07-31T14:09:00Z,94.1268,0.000000,0.000000,0.000000,above_band_high
2026-07-31T14:10:00Z,94.1131,0.000000,0.000000,0.000000,above_band_high
2026-07-31T14:11:00Z,94.1070,0.000000,0.000000,0.000000,above_band_high
2026-07-31T14:12:00Z,94.0993,0.000000,0.000000,0.000000,above_band_high
2026-07-31T14:13:00Z,94.0841,0.000000,0.000000,0.000000,above_band_high
2026-07-31T14:14:00Z,94.0948,0.000000,0.000000,0.000000,above_band_high
2026-07-31T14:15:00Z,94.0673,0.000000,0.000000,0.000000,above_band_high
2026-07-31T14:16:00Z,94.0444,0.000000,0.000000,0.000000,above_band_high
2026-07-31T14:17:00Z,94.0215,0.000000,0.000000,0.000000,above_band_high
2026-07-31T14:18:00Z,93.9620,0.000000,0.000000,0.000000,above_band_high
2026-07-31T14:19:00Z,94.0291,0.000000,0.000000,0.000000,above_band_high
2026-07-31T14:20:00Z,93.9940,0.000000,0.000000,0.000000,above_band_high
2026-07-31T14:21:00Z,93.9849,0.000000,0.000000,0.000000,above_band_high
2026-07-31T14:22:00Z,94.0078,0.000000,0.000000,0.000000,above_band_high
2026-07-31T14:23:00Z,93.9651,0.000000,0.000000,0.000000,above_band_high
2026-07-31T14:24:00Z,93.9986,0.000000,0.000000,0.000000,above_band_high
2026-07-31T14:25:00Z,93.9742,0.000000,0.000000,0.000000,above_band_high
2026-07-31T14:26:00Z,94.0307,0.000000,0.000000,0.000000,above_band_high
2026-07-31T14:27:00Z,94.0444,0.000000,0.000000,0.000000,above_band_high
2026-07-31T14:28:00Z,94.0078,0.000000,0.000000,0.000000,above_band_high
2026-07-31T14:29:00Z,94.0261,0.000000,0.000000,0.000000,above_band_high
2026-07-31T14:30:00Z,94.0154,0.000000,0.000000,0.000000,above_band_high
2026-07-31T14:31:00Z,94.0673,0.000000,0.000000,0.000000,above_band_high
2026-07-31T14:32:00Z,94.0566,0.000000,0.000000,0.000000,above_band_high
2026-07-31T14:33:00Z,94.0902,0.000000,0.000000,0.000000,above_band_high
2026-07-31T14:34:00Z,94.0841,0.000000,0.000000,0.000000,above_band_high
2026-07-31T14:35:00Z,94.1176,0.000000,0.000000,0.000000,above_band_high
2026-07-31T14:36:00Z,94.1131,0.000000,0.000000,0.000000,above_band_high
2026-07-31T14:37:00Z,94.1085,0.000000,0.000000,0.000000,above_band_high
2026-07-31T14:38:00Z,94.0902,0.000000,0.000000,0.000000,above_band_high
2026-07-31T14:39:00Z,94.0475,0.000000,0.000000,0.000000,above_band_high
2026-07-31T14:40:00Z,94.1024,0.000000,0.000000,0.000000,above_band_high
2026-07-31T14:41:00Z,94.0902,0.000000,0.000000,0.000000,above_band_high
2026-07-31T14:42:00Z,94.0887,0.000000,0.000000,0.000000,above_band_high
2026-07-31T14:43:00Z,94.0536,0.000000,0.000000,0.000000,above_band_high
2026-07-31T14:44:00Z,94.0444,0.000000,0.000000,0.000000,above_band_high
2026-07-31T14:45:00Z,94.0444,0.000000,0.000000,0.000000,above_band_high
2026-07-31T14:46:00Z,94.0444,0.000000,0.000000,0.000000,above_band_high
2026-07-31T14:47:00Z,94.0581,0.000000,0.000000,0.000000,above_band_high
2026-07-31T14:48:00Z,94.0261,0.000000,0.000000,0.000000,above_band_high
2026-07-31T14:49:00Z,94.0673,0.000000,0.000000,0.000000,above_band_high
2026-07-31T14:50:00Z,94.0307,0.000000,0.000000,0.000000,above_band_high
2026-07-31T14:51:00Z,94.0078,0.000000,0.000000,0.000000,above_band_high
2026-07-31T14:52:00Z,93.9605,0.000000,0.000000,0.000000,above_band_high
2026-07-31T14:53:00Z,93.9971,0.000000,0.000000,0.000000,above_band_high
2026-07-31T14:54:00Z,93.9620,0.000000,0.000000,0.000000,above_band_high
2026-07-31T14:55:00Z,93.9574,0.000000,0.000000,0.000000,above_band_high
2026-07-31T14:56:00Z,93.9483,0.000000,0.000000,0.000000,above_band_high
2026-07-31T14:57:00Z,93.9742,0.000000,0.000000,0.000000,above_band_high
2026-07-31T14:58:00Z,93.9330,0.000000,0.000000,0.000000,above_band_high
2026-07-31T14:59:00Z,93.9162,0.000000,0.000000,0.000000,above_band_high
2026-07-31T15:00:00Z,93.9284,0.000000,0.000000,0.000000,above_band_high
2026-07-31T15:01:00Z,93.9483,0.000000,0.000000,0.000000,above_band_high
2026-07-31T15:02:00Z,93.9055,0.000000,0.000000,0.000000,above_band_high
2026-07-31T15:03:00Z,93.9376,0.000000,0.000000,0.000000,above_band_high
2026-07-31T15:04:00Z,93.9162,0.000000,0.000000,0.000000,above_band_high
2026-07-31T15:05:00Z,93.9208,0.000000,0.000000,0.000000,above_band_high
2026-07-31T15:06:00Z,93.9345,0.000000,0.000000,0.000000,above_band_high
2026-07-31T15:07:00Z,93.9208,0.000000,0.000000,0.000000,above_band_high
2026-07-31T15:08:00Z,93.9345,0.000000,0.000000,0.000000,above_band_high
2026-07-31T15:09:00Z,93.9193,0.000000,0.000000,0.000000,above_band_high
2026-07-31T15:10:00Z,93.9193,0.000000,0.000000,0.000000,above_band_high
2026-07-31T15:11:00Z,93.9254,0.000000,0.000000,0.000000,above_band_high
2026-07-31T15:12:00Z,93.9193,0.000000,0.000000,0.000000,above_band_high
2026-07-31T15:13:00Z,93.9300,0.000000,0.000000,0.000000,above_band_high
2026-07-31T15:14:00Z,93.9483,0.000000,0.000000,0.000000,above_band_high
2026-07-31T15:15:00Z,93.9071,0.000000,0.000000,0.000000,above_band_high
2026-07-31T15:16:00Z,93.8918,0.000000,0.000000,0.000000,above_band_high
2026-07-31T15:17:00Z,93.8872,0.000000,0.000000,0.000000,above_band_high
2026-07-31T15:18:00Z,93.8338,0.000000,0.000000,0.000000,above_band_high
2026-07-31T15:19:00Z,93.8094,0.000000,0.000000,0.000000,above_band_high
2026-07-31T15:20:00Z,93.8094,0.000000,0.000000,0.000000,above_band_high
2026-07-31T15:21:00Z,93.7743,0.000000,0.000000,0.000000,above_band_high
2026-07-31T15:22:00Z,93.7270,0.000000,0.000000,0.000000,above_band_high
2026-07-31T15:23:00Z,93.7316,0.000000,0.000000,0.000000,above_band_high
2026-07-31T15:24:00Z,93.6645,0.000000,0.000000,0.000000,above_band_high
2026-07-31T15:25:00Z,93.5988,0.000000,0.000000,0.000000,above_band_high
2026-07-31T15:26:00Z,93.6049,0.000000,0.000000,0.000000,above_band_high
2026-07-31T15:27:00Z,93.5546,0.000000,0.000000,0.000000,above_band_high
2026-07-31T15:28:00Z,93.5622,0.000000,0.000000,0.000000,above_band_high
2026-07-31T15:29:00Z,93.5531,0.000000,0.000000,0.000000,above_band_high
2026-07-31T15:30:00Z,93.5225,0.000000,0.000000,0.000000,above_band_high
2026-07-31T15:31:00Z,93.4951,0.000000,0.000000,0.000000,above_band_high
2026-07-31T15:32:00Z,93.4585,0.000000,0.000000,0.000000,above_band_high
2026-07-31T15:33:00Z,93.4295,0.000000,0.000000,0.000000,above_band_high
2026-07-31T15:34:00Z,93.4432,0.000000,0.000000,0.000000,above_band_high
2026-07-31T15:35:00Z,93.4386,0.000000,0.000000,0.000000,above_band_high
2026-07-31T15:36:00Z,93.3852,0.000000,0.000000,0.000000,above_band_high
2026-07-31T15:37:00Z,93.3532,0.000000,0.000000,0.000000,above_band_high
2026-07-31T15:38:00Z,93.3562,0.000000,0.000000,0.000000,above_band_high
2026-07-31T15:39:00Z,93.3211,0.000000,0.000000,0.000000,above_band_high
2026-07-31T15:40:00Z,93.3104,0.000000,0.000000,0.000000,above_band_high
2026-07-31T15:41:00Z,93.2784,0.000000,0.000000,0.000000,above_band_high
2026-07-31T15:42:00Z,93.3425,0.000000,0.000000,0.000000,above_band_high
2026-07-31T15:43:00Z,93.3028,0.000000,0.000000,0.000000,above_band_high
2026-07-31T15:44:00Z,93.3059,0.000000,0.000000,0.000000,above_band_high
2026-07-31T15:45:00Z,93.3425,0.000000,0.000000,0.000000,above_band_high
2026-07-31T15:46:00Z,93.2738,0.000000,0.000000,0.000000,above_band_high
2026-07-31T15:47:00Z,93.3150,0.000000,0.000000,0.000000,above_band_high
2026-07-31T15:48:00Z,93.3288,0.000000,0.000000,0.000000,above_band_high
2026-07-31T15:49:00Z,93.3257,0.000000,0.000000,0.000000,above_band_high
2026-07-31T15:50:00Z,93.3608,0.000000,0.000000,0.000000,above_band_high
2026-07-31T15:51:00Z,93.3623,0.000000,0.000000,0.000000,above_band_high
2026-07-31T15:52:00Z,93.3379,0.000000,0.000000,0.000000,above_band_high
2026-07-31T15:53:00Z,93.3745,0.000000,0.000000,0.000000,above_band_high
2026-07-31T15:54:00Z,93.3989,0.000000,0.000000,0.000000,above_band_high
2026-07-31T15:55:00Z,93.3928,0.000000,0.000000,0.000000,above_band_high
2026-07-31T15:56:00Z,93.3928,0.000000,0.000000,0.000000,above_band_high
2026-07-31T15:57:00Z,93.4310,0.000000,0.000000,0.000000,above_band_high
2026-07-31T15:58:00Z,93.4401,0.000000,0.000000,0.000000,above_band_high
2026-07-31T15:59:00Z,93.4112,0.000000,0.000000,0.000000,above_band_high
2026-07-31T16:00:00Z,93.4432,0.000000,0.000000,0.000000,above_band_high
2026-07-31T16:01:00Z,93.4478,0.000000,0.000000,0.000000,above_band_high
2026-07-31T16:02:00Z,93.4447,0.000000,0.000000,0.000000,above_band_high
2026-07-31T16:03:00Z,93.4813,0.000000,0.000000,0.000000,above_band_high
2026-07-31T16:04:00Z,93.4981,0.000000,0.000000,0.000000,above_band_high
2026-07-31T16:05:00Z,93.4981,0.000000,0.000000,0.000000,above_band_high
2026-07-31T16:06:00Z,93.5027,0.000000,0.000000,0.000000,above_band_high
2026-07-31T16:07:00Z,93.5256,0.000000,0.000000,0.000000,above_band_high
2026-07-31T16:08:00Z,93.5271,0.000000,0.000000,0.000000,above_band_high
2026-07-31T16:09:00Z,93.5393,0.000000,0.000000,0.000000,above_band_high
2026-07-31T16:10:00Z,93.5363,0.000000,0.000000,0.000000,above_band_high
2026-07-31T16:11:00Z,93.5897,0.000000,0.000000,0.000000,above_band_high
2026-07-31T16:12:00Z,93.5805,0.000000,0.000000,0.000000,above_band_high
2026-07-31T16:13:00Z,93.5668,0.000000,0.000000,0.000000,above_band_high
2026-07-31T16:14:00Z,93.5866,0.000000,0.000000,0.000000,above_band_high
2026-07-31T16:15:00Z,93.5866,0.000000,0.000000,0.000000,above_band_high
2026-07-31T16:16:00Z,93.6324,0.000000,0.000000,0.000000,above_band_high
2026-07-31T16:17:00Z,93.6278,0.000000,0.000000,0.000000,above_band_high
2026-07-31T16:18:00Z,93.6538,0.000000,0.000000,0.000000,above_band_high
2026-07-31T16:19:00Z,93.6858,0.000000,0.000000,0.000000,above_band_high
2026-07-31T16:20:00Z,93.6858,0.000000,0.000000,0.000000,above_band_high
2026-07-31T16:21:00Z,93.7011,0.000000,0.000000,0.000000,above_band_high
2026-07-31T16:22:00Z,93.7591,0.000000,0.000000,0.000000,above_band_high
2026-07-31T16:23:00Z,93.7407,0.000000,0.000000,0.000000,above_band_high
2026-07-31T16:24:00Z,93.7545,0.000000,0.000000,0.000000,above_band_high
2026-07-31T16:25:00Z,93.7514,0.000000,0.000000,0.000000,above_band_high
2026-07-31T16:26:00Z,93.7407,0.000000,0.000000,0.000000,above_band_high
2026-07-31T16:27:00Z,93.7697,0.000000,0.000000,0.000000,above_band_high
2026-07-31T16:28:00Z,93.7926,0.000000,0.000000,0.000000,above_band_high
2026-07-31T16:29:00Z,93.8277,0.000000,0.000000,0.000000,above_band_high
2026-07-31T16:30:00Z,93.8277,0.000000,0.000000,0.000000,above_band_high
2026-07-31T16:31:00Z,93.8430,0.000000,0.000000,0.000000,above_band_high
2026-07-31T16:32:00Z,93.8293,0.000000,0.000000,0.000000,above_band_high
2026-07-31T16:33:00Z,93.8552,0.000000,0.000000,0.000000,above_band_high
2026-07-31T16:34:00Z,93.8979,0.000000,0.000000,0.000000,above_band_high
2026-07-31T16:35:00Z,93.8659,0.000000,0.000000,0.000000,above_band_high
2026-07-31T16:36:00Z,93.8872,0.000000,0.000000,0.000000,above_band_high
2026-07-31T16:37:00Z,93.9055,0.000000,0.000000,0.000000,above_band_high
2026-07-31T16:38:00Z,93.9101,0.000000,0.000000,0.000000,above_band_high
2026-07-31T16:39:00Z,93.9422,0.000000,0.000000,0.000000,above_band_high
2026-07-31T16:40:00Z,93.9239,0.000000,0.000000,0.000000,above_band_high
2026-07-31T16:41:00Z,93.9803,0.000000,0.000000,0.000000,above_band_high
2026-07-31T16:42:00Z,93.9879,0.000000,0.000000,0.000000,above_band_high
2026-07-31T16:43:00Z,94.0200,0.000000,0.000000,0.000000,above_band_high
2026-07-31T16:44:00Z,93.9742,0.000000,0.000000,0.000000,above_band_high
2026-07-31T16:45:00Z,94.0154,0.000000,0.000000,0.000000,above_band_high
2026-07-31T16:46:00Z,93.9742,0.000000,0.000000,0.000000,above_band_high
2026-07-31T16:47:00Z,94.0383,0.000000,0.000000,0.000000,above_band_high
2026-07-31T16:48:00Z,94.0246,0.000000,0.000000,0.000000,above_band_high
2026-07-31T16:49:00Z,94.0536,0.000000,0.000000,0.000000,above_band_high
2026-07-31T16:50:00Z,94.0658,0.000000,0.000000,0.000000,above_band_high
2026-07-31T16:51:00Z,94.0749,0.000000,0.000000,0.000000,above_band_high
2026-07-31T16:52:00Z,94.0581,0.000000,0.000000,0.000000,above_band_high
2026-07-31T16:53:00Z,94.0703,0.000000,0.000000,0.000000,above_band_high
2026-07-31T16:54:00Z,94.1024,0.000000,0.000000,0.000000,above_band_high
2026-07-31T16:55:00Z,94.1024,0.000000,0.000000,0.000000,above_band_high
2026-07-31T16:56:00Z,94.1207,0.000000,0.000000,0.000000,above_band_high
2026-07-31T16:57:00Z,94.1711,0.000000,0.000000,0.000000,above_band_high
2026-07-31T16:58:00Z,94.1619,0.000000,0.000000,0.000000,above_band_high
2026-07-31T16:59:00Z,94.1817,0.000000,0.000000,0.000000,above_band_high
2026-07-31T17:00:00Z,94.1909,0.000000,0.000000,0.000000,above_band_high
2026-07-31T17:01:00Z,94.2077,0.000000,0.000000,0.000000,above_band_high
2026-07-31T17:02:00Z,94.1939,0.000000,0.000000,0.000000,above_band_high
2026-07-31T17:03:00Z,94.2489,0.000000,0.000000,0.000000,above_band_high
2026-07-31T17:04:00Z,94.2077,0.000000,0.000000,0.000000,above_band_high
2026-07-31T17:05:00Z,94.2123,0.000000,0.000000,0.000000,above_band_high
2026-07-31T17:06:00Z,94.2275,0.000000,0.000000,0.000000,above_band_high
2026-07-31T17:07:00Z,94.2489,0.000000,0.000000,0.000000,above_band_high
2026-07-31T17:08:00Z,94.3099,0.000000,0.000000,0.000000,above_band_high
2026-07-31T17:09:00Z,94.2718,0.000000,0.000000,0.000000,above_band_high
2026-07-31T17:10:00Z,94.2763,0.000000,0.000000,0.000000,above_band_high
2026-07-31T17:11:00Z,94.3145,0.000000,0.000000,0.000000,above_band_high
2026-07-31T17:12:00Z,94.3221,0.000000,0.000000,0.000000,above_band_high
2026-07-31T17:13:00Z,94.3282,0.000000,0.000000,0.000000,above_band_high
2026-07-31T17:14:00Z,94.3328,0.000000,0.000000,0.000000,above_band_high
2026-07-31T17:15:00Z,94.3404,0.000000,0.000000,0.000000,above_band_high
2026-07-31T17:16:00Z,94.3679,0.000000,0.000000,0.000000,above_band_high
2026-07-31T17:17:00Z,94.3679,0.000000,0.000000,0.000000,above_band_high
2026-07-31T17:18:00Z,94.3359,0.000000,0.000000,0.000000,above_band_high
2026-08-01T22:33:34Z,94.4915,0.000000,0.000000,0.000000,above_band_high
2026-08-01T22:34:00Z,94.4915,0.000000,0.000000,0.000000,above_band_high
2026-08-01T22:35:00Z,94.4961,0.000000,0.000000,0.000000,above_band_high
2026-08-01T22:36:00Z,94.5327,0.000000,0.000000,0.000000,above_band_high
2026-08-01T22:37:00Z,94.5068,0.000000,0.000000,0.000000,above_band_high
2026-08-01T22:38:00Z,94.5480,0.000000,0.000000,0.000000,above_band_high
2026-08-01T22:39:00Z,94.5556,0.000000,0.000000,0.000000,above_band_high
2026-08-01T22:40:00Z,94.5159,0.000000,0.000000,0.000000,above_band_high
2026-08-01T22:41:00Z,94.5647,0.000000,0.000000,0.000000,above_band_high
2026-08-01T22:42:00Z,94.5602,0.000000,0.000000,0.000000,above_band_high
2026-08-01T22:43:00Z,94.5510,0.000000,0.000000,0.000000,above_band_high
2026-08-01T22:44:00Z,94.5937,0.000000,0.000000,0.000000,above_band_high
2026-08-01T22:45:00Z,94.5968,0.000000,0.000000,0.000000,above_band_high
2026-08-01T22:46:00Z,94.6242,0.000000,0.000000,0.000000,above_band_high
2026-08-01T22:47:00Z,94.5785,0.000000,0.000000,0.000000,above_band_high
2026-08-01T22:48:00Z,94.5968,0.000000,0.000000,0.000000,above_band_high
2026-08-01T22:49:00Z,94.6395,0.000000,0.000000,0.000000,above_band_high
2026-08-01T22:50:00Z,94.6105,0.000000,0.000000,0.000000,above_band_high
2026-08-01T22:51:00Z,94.6166,0.000000,0.000000,0.000000,above_band_high
2026-08-01T22:52:00Z,94.6517,0.000000,0.000000,0.000000,above_band_high
2026-08-01T22:53:00Z,94.6395,0.000000,0.000000,0.000000,above_band_high
2026-08-01T22:54:00Z,94.6304,0.000000,0.000000,0.000000,above_band_high
2026-08-01T22:55:00Z,94.6487,0.000000,0.000000,0.000000,above_band_high
2026-08-01T22:56:00Z,94.6563,0.000000,0.000000,0.000000,above_band_high
2026-08-01T22:57:00Z,94.6517,0.000000,0.000000,0.000000,above_band_high
2026-08-01T22:58:00Z,94.6487,0.000000,0.000000,0.000000,above_band_high
2026-08-01T22:59:00Z,94.6258,0.000000,0.000000,0.000000,above_band_high
2026-08-01T23:00:00Z,94.6517,0.000000,0.000000,0.000000,above_band_high
2026-08-01T23:01:00Z,94.6609,0.000000,0.000000,0.000000,above_band_high
2026-08-01T23:02:00Z,94.6761,0.000000,0.000000,0.000000,above_band_high
2026-08-01T23:03:00Z,94.6929,0.000000,0.000000,0.000000,above_band_high
2026-08-01T23:04:00Z,94.7112,0.000000,0.000000,0.000000,above_band_high
2026-08-01T23:05:00Z,94.6853,0.000000,0.000000,0.000000,above_band_high
2026-08-01T23:06:00Z,94.6929,0.000000,0.000000,0.000000,above_band_high
2026-08-01T23:07:00Z,94.6838,0.000000,0.000000,0.000000,above_band_high
2026-08-01T23:08:00Z,94.6929,0.000000,0.000000,0.000000,above_band_high
2026-08-01T23:09:00Z,94.7021,0.000000,0.000000,0.000000,above_band_high
2026-08-01T23:10:00Z,94.6944,0.000000,0.000000,0.000000,above_band_high
2026-08-01T23:11:00Z,94.6990,0.000000,0.000000,0.000000,above_band_high
2026-08-01T23:12:00Z,94.6746,0.000000,0.000000,0.000000,above_band_high
2026-08-01T23:13:00Z,94.7173,0.000000,0.000000,0.000000,above_band_high
2026-08-01T23:14:00Z,94.6944,0.000000,0.000000,0.000000,above_band_high
2026-08-01T23:15:00Z,94.7204,0.000000,0.000000,0.000000,above_band_high
2026-08-01T23:16:00Z,94.7402,0.000000,0.000000,0.000000,above_band_high
2026-08-01T23:17:00Z,94.7112,0.000000,0.000000,0.000000,above_band_high
2026-08-01T23:18:00Z,94.7158,0.000000,0.000000,0.000000,above_band_high
2026-08-01T23:19:00Z,94.6899,0.000000,0.000000,0.000000,above_band_high
2026-08-01T23:20:00Z,94.7402,0.000000,0.000000,0.000000,above_band_high
2026-08-01T23:21:00Z,94.7341,0.000000,0.000000,0.000000,above_band_high
2026-08-01T23:22:00Z,94.7341,0.000000,0.000000,0.000000,above_band_high
2026-08-01T23:23:00Z,94.7341,0.000000,0.000000,0.000000,above_band_high
2026-08-01T23:24:00Z,94.7494,0.000000,0.000000,0.000000,above_band_high
2026-08-01T23:25:00Z,94.7158,0.000000,0.000000,0.000000,above_band_high
2026-08-01T23:26:00Z,94.7356,0.000000,0.000000,0.000000,above_band_high
2026-08-01T23:27:00Z,94.7524,0.000000,0.000000,0.000000,above_band_high
2026-08-01T23:28:00Z,94.7173,0.000000,0.000000,0.000000,above_band_high
2026-08-01T23:29:00Z,94.7753,0.000000,0.000000,0.000000,above_band_high
2026-08-01T23:30:00Z,94.7753,0.000000,0.000000,0.000000,above_band_high
2026-08-01T23:31:00Z,94.7387,0.000000,0.000000,0.000000,above_band_high
2026-08-01T23:32:00Z,94.7906,0.000000,0.000000,0.000000,above_band_high
2026-08-01T23:33:00Z,94.7707,0.000000,0.000000,0.000000,above_band_high
2026-08-01T23:34:00Z,94.7845,0.000000,0.000000,0.000000,above_band_high
2026-08-01T23:35:00Z,94.7677,0.000000,0.000000,0.000000,above_band_high
2026-08-01T23:36:00Z,94.7845,0.000000,0.000000,0.000000,above_band_high
2026-08-01T23:37:00Z,94.8165,0.000000,0.000000,0.000000,above_band_high
2026-08-01T23:38:00Z,94.7951,0.000000,0.000000,0.000000,above_band_high
2026-08-01T23:39:00Z,94.7662,0.000000,0.000000,0.000000,above_band_high
2026-08-01T23:40:00Z,94.8043,0.000000,0.000000,0.000000,above_band_high
2026-08-01T23:41:00Z,94.8318,0.000000,0.000000,0.000000,above_band_high
2026-08-01T23:42:00Z,94.8455,0.000000,0.000000,0.000000,above_band_high
2026-08-01T23:43:00Z,94.8501,0.000000,0.000000,0.000000,above_band_high
2026-08-01T23:44:00Z,94.8394,0.000000,0.000000,0.000000,above_band_high
2026-08-01T23:45:00Z,94.8348,0.000000,0.000000,0.000000,above_band_high
2026-08-01T23:46:00Z,94.8684,0.000000,0.000000,0.000000,above_band_high
2026-08-01T23:47:00Z,94.8867,0.000000,0.000000,0.000000,above_band_high
2026-08-01T23:48:00Z,94.8684,0.000000,0.000000,0.000000,above_band_high
2026-08-01T23:49:00Z,94.8684,0.000000,0.000000,0.000000,above_band_high
2026-08-01T23:50:00Z,94.9096,0.000000,0.000000,0.000000,above_band_high
2026-08-01T23:51:00Z,94.8852,0.000000,0.000000,0.000000,above_band_high
2026-08-01T23:52:00Z,94.8867,0.000000,0.000000,0.000000,above_band_high
2026-08-01T23:53:00Z,94.8867,0.000000,0.000000,0.000000,above_band_high
2026-08-01T23:54:00Z,94.9096,0.000000,0.000000,0.000000,above_band_high
2026-08-01T23:55:00Z,94.8989,0.000000,0.000000,0.000000,above_band_high
2026-08-01T23:56:00Z,94.9264,0.000000,0.000000,0.000000,above_band_high
2026-08-01T23:57:00Z,94.9538,0.000000,0.000000,0.000000,above_band_high
2026-08-01T23:58:00Z,94.9676,0.000000,0.000000,0.000000,above_band_high
2026-08-01T23:59:00Z,94.9599,0.000000,0.000000,0.000000,above_band_high
2026-08-02T00:00:00Z,94.9325,0.000000,0.000000,0.000000,above_band_high
2026-08-02T00:01:00Z,94.9142,0.000000,0.000000,0.000000,above_band_high
2026-08-02T00:02:00Z,94.9035,0.000000,0.000000,0.000000,above_band_high
2026-08-02T00:03:00Z,94.9493,0.000000,0.000000,0.000000,above_band_high
2026-08-02T00:04:00Z,94.9462,0.000000,0.000000,0.000000,above_band_high
2026-08-02T00:05:00Z,94.9325,0.000000,0.000000,0.000000,above_band_high
2026-08-02T00:06:00Z,94.9462,0.000000,0.000000,0.000000,above_band_high
2026-08-02T00:07:00Z,94.9599,0.000000,0.000000,0.000000,above_band_high
2026-08-02T00:08:00Z,94.9599,0.000000,0.000000,0.000000,above_band_high
2026-08-02T00:09:00Z,94.9599,0.000000,0.000000,0.000000,above_band_high
2026-08-02T00:10:00Z,94.9737,0.000000,0.000000,0.000000,above_band_high
2026-08-02T00:11:00Z,94.9599,0.000000,0.000000,0.000000,above_band_high
2026-08-02T00:12:00Z,94.9462,0.000000,0.000000,0.000000,above_band_high
2026-08-02T00:13:00Z,94.9676,0.000000,0.000000,0.000000,above_band_high
2026-08-02T00:14:00Z,94.9813,0.000000,0.000000,0.000000,above_band_high
2026-08-02T00:15:00Z,94.9493,0.000000,0.000000,0.000000,above_band_high
2026-08-02T00:16:00Z,94.9737,0.000000,0.000000,0.000000,above_band_high
2026-08-02T00:17:00Z,94.9828,0.000000,0.000000,0.000000,above_band_high
2026-08-02T00:18:00Z,94.9554,0.000000,0.000000,0.000000,above_band_high
2026-08-02T00:19:00Z,94.9676,0.000000,0.000000,0.000000,above_band_high
2026-08-02T00:20:00Z,94.9767,0.000000,0.000000,0.000000,above_band_high
2026-08-02T00:21:00Z,95.0103,0.000000,0.000000,0.000000,above_band_high
2026-08-02T00:22:00Z,94.9966,0.000000,0.000000,0.000000,above_band_high
2026-08-02T00:23:00Z,94.9920,0.000000,0.000000,0.000000,above_band_high
2026-08-02T00:24:00Z,95.0332,0.000000,0.000000,0.000000,above_band_high
2026-08-02T00:25:00Z,95.0179,0.000000,0.000000,0.000000,above_band_high
2026-08-02T00:26:00Z,95.0042,0.000000,0.000000,0.000000,above_band_high
2026-08-02T00:27:00Z,94.9767,0.000000,0.000000,0.000000,above_band_high
2026-08-02T00:28:00Z,95.0179,0.000000,0.000000,0.000000,above_band_high
2026-08-02T00:29:00Z,94.9950,0.000000,0.000000,0.000000,above_band_high
2026-08-02T00:30:00Z,95.0042,0.000000,0.000000,0.000000,above_band_high
2026-08-02T00:31:00Z,95.0042,0.000000,0.000000,0.000000,above_band_high
2026-08-02T00:32:00Z,95.0179,0.000000,0.000000,0.000000,above_band_high
2026-08-02T00:33:00Z,94.9950,0.000000,0.000000,0.000000,above_band_high
2026-08-02T00:34:00Z,95.0179,0.000000,0.000000,0.000000,above_band_high
2026-08-02T00:35:00Z,95.0362,0.000000,0.000000,0.000000,above_band_high
2026-08-02T00:36:00Z,94.9813,0.000000,0.000000,0.000000,above_band_high
2026-08-02T00:37:00Z,95.0286,0.000000,0.000000,0.000000,above_band_high
2026-08-02T00:38:00Z,95.0637,0.000000,0.000000,0.000000,above_band_high
2026-08-02T00:39:00Z,95.0454,0.000000,0.000000,0.000000,above_band_high
2026-08-02T00:40:00Z,95.0332,0.000000,0.000000,0.000000,above_band_high
2026-08-02T00:41:00Z,95.0561,0.000000,0.000000,0.000000,above_band_high
2026-08-02T00:42:00Z,95.0378,0.000000,0.000000,0.000000,above_band_high
2026-08-02T00:43:00Z,95.0729,0.000000,0.000000,0.000000,above_band_high
2026-08-02T00:44:00Z,95.0958,0.000000,0.000000,0.000000,above_band_high
2026-08-02T00:45:00Z,95.1141,0.000000,0.000000,0.000000,above_band_high
2026-08-02T00:46:00Z,95.0774,0.000000,0.000000,0.000000,above_band_high
2026-08-02T00:47:00Z,95.0790,0.000000,0.000000,0.000000,above_band_high
2026-08-02T00:48:00Z,95.0958,0.000000,0.000000,0.000000,above_band_high
2026-08-02T00:49:00Z,95.0912,0.000000,0.000000,0.000000,above_band_high
2026-08-02T00:50:00Z,95.1095,0.000000,0.000000,0.000000,above_band_high
2026-08-02T00:51:00Z,95.0835,0.000000,0.000000,0.000000,above_band_high
2026-08-02T00:52:00Z,95.0958,0.000000,0.000000,0.000000,above_band_high
2026-08-02T00:53:00Z,95.1019,0.000000,0.000000,0.000000,above_band_high
2026-08-02T00:54:00Z,95.1247,0.000000,0.000000,0.000000,above_band_high
2026-08-02T00:55:00Z,95.1507,0.000000,0.000000,0.000000,above_band_high
2026-08-02T00:56:00Z,95.1385,0.000000,0.000000,0.000000,above_band_high
2026-08-02T00:57:00Z,95.1385,0.000000,0.000000,0.000000,above_band_high
2026-08-02T00:58:00Z,95.0973,0.000000,0.000000,0.000000,above_band_high
2026-08-02T00:59:00Z,95.1598,0.000000,0.000000,0.000000,above_band_high
2026-08-02T01:00:00Z,95.1247,0.000000,0.000000,0.000000,above_band_high
2026-08-02T01:01:00Z,95.1507,0.000000,0.000000,0.000000,above_band_high
2026-08-02T01:02:00Z,95.1385,0.000000,0.000000,0.000000,above_band_high
2026-08-02T01:03:00Z,95.1385,0.000000,0.000000,0.000000,above_band_high
2026-08-02T01:04:00Z,95.1019,0.000000,0.000000,0.000000,above_band_high
2026-08-02T01:05:00Z,95.1095,0.000000,0.000000,0.000000,above_band_high
2026-08-02T01:06:00Z,95.1293,0.000000,0.000000,0.000000,above_band_high
2026-08-02T01:07:00Z,95.0958,0.000000,0.000000,0.000000,above_band_high
2026-08-02T01:08:00Z,95.1324,0.000000,0.000000,0.000000,above_band_high
2026-08-02T01:09:00Z,95.1827,0.000000,0.000000,0.000000,above_band_high
2026-08-02T01:10:00Z,95.1369,0.000000,0.000000,0.000000,above_band_high
2026-08-02T01:11:00Z,95.1141,0.000000,0.000000,0.000000,above_band_high
2026-08-02T01:12:00Z,95.1293,0.000000,0.000000,0.000000,above_band_high
2026-08-02T01:13:00Z,95.1431,0.000000,0.000000,0.000000,above_band_high
2026-08-02T01:14:00Z,95.1110,0.000000,0.000000,0.000000,above_band_high
2026-08-02T01:15:00Z,95.1293,0.000000,0.000000,0.000000,above_band_high
2026-08-02T01:16:00Z,95.1476,0.000000,0.000000,0.000000,above_band_high
2026-08-02T01:17:00Z,95.1369,0.000000,0.000000,0.000000,above_band_high
2026-08-02T01:18:00Z,95.1644,0.000000,0.000000,0.000000,above_band_high
2026-08-02T01:19:00Z,95.1522,0.000000,0.000000,0.000000,above_band_high
2026-08-02T01:20:00Z,95.1843,0.000000,0.000000,0.000000,above_band_high
2026-08-02T01:21:00Z,95.1644,0.000000,0.000000,0.000000,above_band_high
2026-08-02T01:22:00Z,95.1644,0.000000,0.000000,0.000000,above_band_high
2026-08-02T01:23:00Z,95.1934,0.000000,0.000000,0.000000,above_band_high
2026-08-02T01:24:00Z,95.1827,0.000000,0.000000,0.000000,above_band_high
2026-08-02T01:25:00Z,95.1476,0.000000,0.000000,0.000000,above_band_high
2026-08-02T01:26:00Z,95.1781,0.000000,0.000000,0.000000,above_band_high
2026-08-02T01:27:00Z,95.1980,0.000000,0.000000,0.000000,above_band_high
2026-08-02T01:28:00Z,95.1843,0.000000,0.000000,0.000000,above_band_high
2026-08-02T01:29:00Z,95.2285,0.000000,0.000000,0.000000,above_band_high
2026-08-02T01:30:00Z,95.1598,0.000000,0.000000,0.000000,above_band_high
2026-08-02T01:31:00Z,95.1751,0.000000,0.000000,0.000000,above_band_high
2026-08-02T01:32:00Z,95.1827,0.000000,0.000000,0.000000,above_band_high
2026-08-02T01:33:00Z,95.1705,0.000000,0.000000,0.000000,above_band_high
2026-08-02T01:34:00Z,95.1873,0.000000,0.000000,0.000000,above_band_high
2026-08-02T01:35:00Z,95.1644,0.000000,0.000000,0.000000,above_band_high
2026-08-02T01:36:00Z,95.2010,0.000000,0.000000,0.000000,above_band_high
2026-08-02T01:37:00Z,95.2239,0.000000,0.000000,0.000000,above_band_high
2026-08-02T01:38:00Z,95.1781,0.000000,0.000000,0.000000,above_band_high
2026-08-02T01:39:00Z,95.2117,0.000000,0.000000,0.000000,above_band_high
2026-08-02T01:40:00Z,95.2010,0.000000,0.000000,0.000000,above_band_high
2026-08-02T01:41:00Z,95.1919,0.000000,0.000000,0.000000,above_band_high
2026-08-02T01:42:00Z,95.2239,0.000000,0.000000,0.000000,above_band_high
2026-08-02T01:43:00Z,95.2117,0.000000,0.000000,0.000000,above_band_high
2026-08-02T01:44:00Z,95.2712,0.000000,0.000000,0.000000,above_band_high
2026-08-02T01:45:00Z,95.1797,0.000000,0.000000,0.000000,above_band_high
2026-08-02T01:46:00Z,95.2285,0.000000,0.000000,0.000000,above_band_high
2026-08-02T01:47:00Z,95.2712,0.000000,0.000000,0.000000,above_band_high
2026-08-02T01:48:00Z,95.2193,0.000000,0.000000,0.000000,above_band_high
2026-08-02T01:49:00Z,95.2255,0.000000,0.000000,0.000000,above_band_high
2026-08-02T01:50:00Z,95.2209,0.000000,0.000000,0.000000,above_band_high
2026-08-02T01:51:00Z,95.2468,0.000000,0.000000,0.000000,above_band_high
2026-08-02T01:52:00Z,95.2392,0.000000,0.000000,0.000000,above_band_high
2026-08-02T01:53:00Z,95.2377,0.000000,0.000000,0.000000,above_band_high
2026-08-02T01:54:00Z,95.2712,0.000000,0.000000,0.000000,above_band_high
2026-08-02T01:55:00Z,95.2712,0.000000,0.000000,0.000000,above_band_high
2026-08-02T01:56:00Z,95.2468,0.000000,0.000000,0.000000,above_band_high
2026-08-02T01:57:00Z,95.2529,0.000000,0.000000,0.000000,above_band_high
2026-08-02T01:58:00Z,95.2239,0.000000,0.000000,0.000000,above_band_high
2026-08-02T01:59:00Z,95.2377,0.000000,0.000000,0.000000,above_band_high
2026-08-02T02:00:00Z,95.2514,0.000000,0.000000,0.000000,above_band_high
2026-08-02T02:01:00Z,95.2575,0.000000,0.000000,0.000000,above_band_high
2026-08-02T02:02:00Z,95.2377,0.000000,0.000000,0.000000,above_band_high
2026-08-02T02:03:00Z,95.2438,0.000000,0.000000,0.000000,above_band_high
2026-08-02T02:04:00Z,95.2163,0.000000,0.000000,0.000000,above_band_high
2026-08-02T02:05:00Z,95.2468,0.000000,0.000000,0.000000,above_band_high
2026-08-02T02:06:00Z,95.2148,0.000000,0.000000,0.000000,above_band_high
2026-08-02T02:07:00Z,95.2148,0.000000,0.000000,0.000000,above_band_high
2026-08-02T02:08:00Z,95.2209,0.000000,0.000000,0.000000,above_band_high
2026-08-02T02:09:00Z,95.2209,0.000000,0.000000,0.000000,above_band_high
2026-08-02T02:10:00Z,95.1797,0.000000,0.000000,0.000000,above_band_high
2026-08-02T02:11:00Z,95.2285,0.000000,0.000000,0.000000,above_band_high
2026-08-02T02:12:00Z,95.1980,0.000000,0.000000,0.000000,above_band_high
2026-08-02T02:13:00Z,95.2239,0.000000,0.000000,0.000000,above_band_high
2026-08-02T02:14:00Z,95.2560,0.000000,0.000000,0.000000,above_band_high
2026-08-02T02:15:00Z,95.2285,0.000000,0.000000,0.000000,above_band_high
2026-08-02T02:16:00Z,95.2148,0.000000,0.000000,0.000000,above_band_high
2026-08-02T02:17:00Z,95.2102,0.000000,0.000000,0.000000,above_band_high
2026-08-02T02:18:00Z,95.2148,0.000000,0.000000,0.000000,above_band_high
2026-08-02T02:19:00Z,95.2071,0.000000,0.000000,0.000000,above_band_high
2026-08-02T02:20:00Z,95.2163,0.000000,0.000000,0.000000,above_band_high
2026-08-02T02:21:00Z,95.2071,0.000000,0.000000,0.000000,above_band_high
2026-08-02T02:22:00Z,95.2056,0.000000,0.000000,0.000000,above_band_high
2026-08-02T02:23:00Z,95.2163,0.000000,0.000000,0.000000,above_band_high
2026-08-02T02:24:00Z,95.2056,0.000000,0.000000,0.000000,above_band_high
2026-08-02T02:25:00Z,95.1843,0.000000,0.000000,0.000000,above_band_high
2026-08-02T02:26:00Z,95.2163,0.000000,0.000000,0.000000,above_band_high
2026-08-02T02:27:00Z,95.2300,0.000000,0.000000,0.000000,above_band_high
2026-08-02T02:28:00Z,95.2117,0.000000,0.000000,0.000000,above_band_high
2026-08-02T02:29:00Z,95.2209,0.000000,0.000000,0.000000,above_band_high
2026-08-02T02:30:00Z,95.2071,0.000000,0.000000,0.000000,above_band_high
2026-08-02T02:31:00Z,95.1873,0.000000,0.000000,0.000000,above_band_high
2026-08-02T02:32:00Z,95.1690,0.000000,0.000000,0.000000,above_band_high
2026-08-02T02:33:00Z,95.2010,0.000000,0.000000,0.000000,above_band_high
2026-08-02T02:34:00Z,95.1751,0.000000,0.000000,0.000000,above_band_high
2026-08-02T02:35:00Z,95.2117,0.000000,0.000000,0.000000,above_band_high
2026-08-02T02:36:00Z,95.2117,0.000000,0.000000,0.000000,above_band_high
2026-08-02T02:37:00Z,95.2117,0.000000,0.000000,0.000000,above_band_high
2026-08-02T02:38:00Z,95.2117,0.000000,0.000000,0.000000,above_band_high
2026-08-02T02:39:00Z,95.2010,0.000000,0.000000,0.000000,above_band_high
2026-08-02T02:40:00Z,95.2193,0.000000,0.000000,0.000000,above_band_high
2026-08-02T02:41:00Z,95.2117,0.000000,0.000000,0.000000,above_band_high
2026-08-02T02:42:00Z,95.1888,0.000000,0.000000,0.000000,above_band_high
2026-08-02T02:43:00Z,95.2239,0.000000,0.000000,0.000000,above_band_high
2026-08-02T02:44:00Z,95.2300,0.000000,0.000000,0.000000,above_band_high
2026-08-02T02:45:00Z,95.2117,0.000000,0.000000,0.000000,above_band_high
2026-08-02T02:46:00Z,95.2255,0.000000,0.000000,0.000000,above_band_high
2026-08-02T02:47:00Z,95.2285,0.000000,0.000000,0.000000,above_band_high
2026-08-02T02:48:00Z,95.2071,0.000000,0.000000,0.000000,above_band_high
2026-08-02T02:49:00Z,95.2346,0.000000,0.000000,0.000000,above_band_high
2026-08-02T02:50:00Z,95.2529,0.000000,0.000000,0.000000,above_band_high
2026-08-02T02:51:00Z,95.2529,0.000000,0.000000,0.000000,above_band_high
2026-08-02T02:52:00Z,95.2514,0.000000,0.000000,0.000000,above_band_high
2026-08-02T02:53:00Z,95.2697,0.000000,0.000000,0.000000,above_band_high
2026-08-02T02:54:00Z,95.2422,0.000000,0.000000,0.000000,above_band_high
2026-08-02T02:55:00Z,95.2239,0.000000,0.000000,0.000000,above_band_high
2026-08-02T02:56:00Z,95.2239,0.000000,0.000000,0.000000,above_band_high
2026-08-02T02:57:00Z,95.2468,0.000000,0.000000,0.000000,above_band_high
2026-08-02T02:58:00Z,95.2697,0.000000,0.000000,0.000000,above_band_high
2026-08-02T02:59:00Z,95.2697,0.000000,0.000000,0.000000,above_band_high
2026-08-02T03:00:00Z,95.2514,0.000000,0.000000,0.000000,above_band_high
2026-08-02T03:01:00Z,95.2346,0.000000,0.000000,0.000000,above_band_high
2026-08-02T03:02:00Z,95.2438,0.000000,0.000000,0.000000,above_band_high
2026-08-02T03:03:00Z,95.2483,0.000000,0.000000,0.000000,above_band_high
2026-08-02T03:04:00Z,95.2163,0.000000,0.000000,0.000000,above_band_high
2026-08-02T03:05:00Z,95.2392,0.000000,0.000000,0.000000,above_band_high
2026-08-02T03:06:00Z,95.2026,0.000000,0.000000,0.000000,above_band_high
2026-08-02T03:07:00Z,95.2285,0.000000,0.000000,0.000000,above_band_high
2026-08-02T03:08:00Z,95.1873,0.000000,0.000000,0.000000,above_band_high
2026-08-02T09:08:17Z,95.5718,0.000000,0.000000,0.000000,above_band_high
2026-08-02T09:09:00Z,95.6085,0.000000,0.000000,0.000000,above_band_high
2026-08-02T09:10:00Z,95.5764,0.000000,0.000000,0.000000,above_band_high
2026-08-02T09:11:00Z,95.5810,0.000000,0.000000,0.000000,above_band_high
2026-08-02T09:12:00Z,95.5642,0.000000,0.000000,0.000000,above_band_high
2026-08-02T09:13:00Z,95.5871,0.000000,0.000000,0.000000,above_band_high
2026-08-02T09:14:00Z,95.5810,0.000000,0.000000,0.000000,above_band_high
2026-08-02T09:15:00Z,95.6222,0.000000,0.000000,0.000000,above_band_high
2026-08-02T09:16:00Z,95.5673,0.000000,0.000000,0.000000,above_band_high
2026-08-02T09:17:00Z,95.6008,0.000000,0.000000,0.000000,above_band_high
2026-08-02T09:18:00Z,95.5825,0.000000,0.000000,0.000000,above_band_high
2026-08-02T09:19:00Z,95.5673,0.000000,0.000000,0.000000,above_band_high
2026-08-02T09:20:00Z,95.5734,0.000000,0.000000,0.000000,above_band_high
2026-08-02T09:21:00Z,95.5993,0.000000,0.000000,0.000000,above_band_high
2026-08-02T09:22:00Z,95.6039,0.000000,0.000000,0.000000,above_band_high
2026-08-02T09:23:00Z,95.5856,0.000000,0.000000,0.000000,above_band_high
2026-08-02T09:24:00Z,95.5642,0.000000,0.000000,0.000000,above_band_high
2026-08-02T09:25:00Z,95.5993,0.000000,0.000000,0.000000,above_band_high
2026-08-02T09:26:00Z,95.5962,0.000000,0.000000,0.000000,above_band_high
2026-08-02T09:27:00Z,95.5718,0.000000,0.000000,0.000000,above_band_high
2026-08-02T09:28:00Z,95.5779,0.000000,0.000000,0.000000,above_band_high
2026-08-02T09:29:00Z,95.5917,0.000000,0.000000,0.000000,above_band_high
2026-08-02T09:30:00Z,95.5993,0.000000,0.000000,0.000000,above_band_high
2026-08-02T09:31:00Z,95.6039,0.000000,0.000000,0.000000,above_band_high
2026-08-02T09:32:00Z,95.5779,0.000000,0.000000,0.000000,above_band_high
2026-08-02T09:33:00Z,95.5962,0.000000,0.000000,0.000000,above_band_high
2026-08-02T09:34:00Z,95.5856,0.000000,0.000000,0.000000,above_band_high
2026-08-02T09:35:00Z,95.6313,0.000000,0.000000,0.000000,above_band_high
2026-08-02T09:36:00Z,95.6039,0.000000,0.000000,0.000000,above_band_high
2026-08-02T09:37:00Z,95.6085,0.000000,0.000000,0.000000,above_band_high
2026-08-02T09:38:00Z,95.5917,0.000000,0.000000,0.000000,above_band_high
2026-08-02T09:39:00Z,95.6085,0.000000,0.000000,0.000000,above_band_high
2026-08-02T09:40:00Z,95.6146,0.000000,0.000000,0.000000,above_band_high
2026-08-02T09:41:00Z,95.6100,0.000000,0.000000,0.000000,above_band_high
2026-08-02T09:42:00Z,95.5993,0.000000,0.000000,0.000000,above_band_high
2026-08-02T09:43:00Z,95.5901,0.000000,0.000000,0.000000,above_band_high
2026-08-02T09:44:00Z,95.6451,0.000000,0.000000,0.000000,above_band_high
2026-08-02T09:45:00Z,95.6100,0.000000,0.000000,0.000000,above_band_high
2026-08-02T09:46:00Z,95.6497,0.000000,0.000000,0.000000,above_band_high
2026-08-02T09:47:00Z,95.6130,0.000000,0.000000,0.000000,above_band_high
2026-08-02T09:48:00Z,95.6100,0.000000,0.000000,0.000000,above_band_high
2026-08-02T09:49:00Z,95.6588,0.000000,0.000000,0.000000,above_band_high
2026-08-02T09:50:00Z,95.6191,0.000000,0.000000,0.000000,above_band_high
2026-08-02T09:51:00Z,95.5856,0.000000,0.000000,0.000000,above_band_high
2026-08-02T09:52:00Z,95.6237,0.000000,0.000000,0.000000,above_band_high
2026-08-02T09:53:00Z,95.6741,0.000000,0.000000,0.000000,above_band_high
2026-08-02T09:54:00Z,95.6237,0.000000,0.000000,0.000000,above_band_high
2026-08-02T09:55:00Z,95.6374,0.000000,0.000000,0.000000,above_band_high
2026-08-02T09:56:00Z,95.6268,0.000000,0.000000,0.000000,above_band_high
2026-08-02T09:57:00Z,95.6603,0.000000,0.000000,0.000000,above_band_high
2026-08-02T09:58:00Z,95.6542,0.000000,0.000000,0.000000,above_band_high
2026-08-02T09:59:00Z,95.6374,0.000000,0.000000,0.000000,above_band_high
2026-08-02T10:00:00Z,95.6222,0.000000,0.000000,0.000000,above_band_high
2026-08-02T10:01:00Z,95.6542,0.000000,0.000000,0.000000,above_band_high
2026-08-02T10:02:00Z,95.6832,0.000000,0.000000,0.000000,above_band_high
2026-08-02T10:03:00Z,95.6420,0.000000,0.000000,0.000000,above_band_high
2026-08-02T10:04:00Z,95.6512,0.000000,0.000000,0.000000,above_band_high
2026-08-02T10:05:00Z,95.6466,0.000000,0.000000,0.000000,above_band_high
2026-08-02T10:06:00Z,95.6771,0.000000,0.000000,0.000000,above_band_high
2026-08-02T10:07:00Z,95.6558,0.000000,0.000000,0.000000,above_band_high
2026-08-02T10:08:00Z,95.6497,0.000000,0.000000,0.000000,above_band_high
2026-08-02T10:09:00Z,95.6558,0.000000,0.000000,0.000000,above_band_high
2026-08-02T10:10:00Z,95.6970,0.000000,0.000000,0.000000,above_band_high
2026-08-02T10:11:00Z,95.6832,0.000000,0.000000,0.000000,above_band_high
2026-08-02T10:12:00Z,95.6420,0.000000,0.000000,0.000000,above_band_high
2026-08-02T10:13:00Z,95.6771,0.000000,0.000000,0.000000,above_band_high
2026-08-02T10:14:00Z,95.7015,0.000000,0.000000,0.000000,above_band_high
2026-08-02T10:15:00Z,95.6649,0.000000,0.000000,0.000000,above_band_high
2026-08-02T10:16:00Z,95.6832,0.000000,0.000000,0.000000,above_band_high
2026-08-02T10:17:00Z,95.6771,0.000000,0.000000,0.000000,above_band_high
2026-08-02T10:18:00Z,95.6237,0.000000,0.000000,0.000000,above_band_high
2026-08-02T10:19:00Z,95.6558,0.000000,0.000000,0.000000,above_band_high
2026-08-02T10:20:00Z,95.6786,0.000000,0.000000,0.000000,above_band_high
2026-08-02T10:21:00Z,95.6924,0.000000,0.000000,0.000000,above_band_high
2026-08-02T10:22:00Z,95.6725,0.000000,0.000000,0.000000,above_band_high
2026-08-02T10:23:00Z,95.6786,0.000000,0.000000,0.000000,above_band_high
2026-08-02T10:24:00Z,95.7092,0.000000,0.000000,0.000000,above_band_high
2026-08-02T10:25:00Z,95.6832,0.000000,0.000000,0.000000,above_band_high
2026-08-02T10:26:00Z,95.6954,0.000000,0.000000,0.000000,above_band_high
2026-08-02T10:27:00Z,95.6786,0.000000,0.000000,0.000000,above_band_high
2026-08-02T10:28:00Z,95.6863,0.000000,0.000000,0.000000,above_band_high
2026-08-02T10:29:00Z,95.6909,0.000000,0.000000,0.000000,above_band_high
2026-08-02T10:30:00Z,95.6970,0.000000,0.000000,0.000000,above_band_high
2026-08-02T10:31:00Z,95.7137,0.000000,0.000000,0.000000,above_band_high
2026-08-02T10:32:00Z,95.6832,0.000000,0.000000,0.000000,above_band_high
2026-08-02T10:33:00Z,95.6863,0.000000,0.000000,0.000000,above_band_high
2026-08-02T10:34:00Z,95.7107,0.000000,0.000000,0.000000,above_band_high
2026-08-02T10:35:00Z,95.7061,0.000000,0.000000,0.000000,above_band_high
2026-08-02T10:36:00Z,95.6542,0.000000,0.000000,0.000000,above_band_high
2026-08-02T10:37:00Z,95.6909,0.000000,0.000000,0.000000,above_band_high
2026-08-02T10:38:00Z,95.7183,0.000000,0.000000,0.000000,above_band_high
2026-08-02T10:39:00Z,95.6909,0.000000,0.000000,0.000000,above_band_high
2026-08-02T10:40:00Z,95.7183,0.000000,0.000000,0.000000,above_band_high
2026-08-02T10:41:00Z,95.7046,0.000000,0.000000,0.000000,above_band_high
2026-08-02T10:42:00Z,95.6832,0.000000,0.000000,0.000000,above_band_high
2026-08-02T10:43:00Z,95.7137,0.000000,0.000000,0.000000,above_band_high
2026-08-02T10:44:00Z,95.6954,0.000000,0.000000,0.000000,above_band_high
2026-08-02T10:45:00Z,95.7092,0.000000,0.000000,0.000000,above_band_high
2026-08-02T10:46:00Z,95.7275,0.000000,0.000000,0.000000,above_band_high
2026-08-02T10:47:00Z,95.7183,0.000000,0.000000,0.000000,above_band_high
2026-08-02T10:48:00Z,95.6909,0.000000,0.000000,0.000000,above_band_high
2026-08-02T10:49:00Z,95.7244,0.000000,0.000000,0.000000,above_band_high
2026-08-02T10:50:00Z,95.7137,0.000000,0.000000,0.000000,above_band_high
2026-08-02T10:51:00Z,95.7595,0.000000,0.000000,0.000000,above_band_high
2026-08-02T10:52:00Z,95.7473,0.000000,0.000000,0.000000,above_band_high
2026-08-02T10:53:00Z,95.7321,0.000000,0.000000,0.000000,above_band_high
2026-08-02T10:54:00Z,95.7824,0.000000,0.000000,0.000000,above_band_high
2026-08-02T10:55:00Z,95.7321,0.000000,0.000000,0.000000,above_band_high
2026-08-02T10:56:00Z,95.7321,0.000000,0.000000,0.000000,above_band_high
2026-08-02T10:57:00Z,95.7321,0.000000,0.000000,0.000000,above_band_high
2026-08-02T10:58:00Z,95.7427,0.000000,0.000000,0.000000,above_band_high
2026-08-02T10:59:00Z,95.7321,0.000000,0.000000,0.000000,above_band_high
2026-08-02T11:00:00Z,95.7336,0.000000,0.000000,0.000000,above_band_high
2026-08-02T11:01:00Z,95.7427,0.000000,0.000000,0.000000,above_band_high
2026-08-02T11:02:00Z,95.7473,0.000000,0.000000,0.000000,above_band_high
2026-08-02T11:03:00Z,95.7321,0.000000,0.000000,0.000000,above_band_high
2026-08-02T11:04:00Z,95.7504,0.000000,0.000000,0.000000,above_band_high
2026-08-02T11:05:00Z,95.7656,0.000000,0.000000,0.000000,above_band_high
2026-08-02T11:06:00Z,95.7702,0.000000,0.000000,0.000000,above_band_high
2026-08-02T11:07:00Z,95.7656,0.000000,0.000000,0.000000,above_band_high
2026-08-02T11:08:00Z,95.7885,0.000000,0.000000,0.000000,above_band_high
2026-08-02T11:09:00Z,95.7778,0.000000,0.000000,0.000000,above_band_high
2026-08-02T11:10:00Z,95.7595,0.000000,0.000000,0.000000,above_band_high
2026-08-02T11:11:00Z,95.8053,0.000000,0.000000,0.000000,above_band_high
2026-08-02T11:12:00Z,95.8297,0.000000,0.000000,0.000000,above_band_high
2026-08-02T11:13:00Z,95.8434,0.000000,0.000000,0.000000,above_band_high
2026-08-02T11:14:00Z,95.8480,0.000000,0.000000,0.000000,above_band_high
2026-08-02T11:15:00Z,95.8343,0.000000,0.000000,0.000000,above_band_high
2026-08-02T11:16:00Z,95.8740,0.000000,0.000000,0.000000,above_band_high
2026-08-02T11:17:00Z,95.8602,0.000000,0.000000,0.000000,above_band_high
2026-08-02T11:18:00Z,95.8740,0.000000,0.000000,0.000000,above_band_high
2026-08-02T11:19:00Z,95.8877,0.000000,0.000000,0.000000,above_band_high
2026-08-02T11:20:00Z,95.9396,0.000000,0.000000,0.000000,above_band_high
2026-08-02T11:21:00Z,95.9579,0.000000,0.000000,0.000000,above_band_high
2026-08-02T11:22:00Z,95.9762,0.000000,0.000000,0.000000,above_band_high
2026-08-02T11:23:00Z,95.9808,0.000000,0.000000,0.000000,above_band_high
2026-08-02T11:24:00Z,95.9579,0.000000,0.000000,0.000000,above_band_high
2026-08-02T11:25:00Z,96.0128,0.000000,0.000000,0.000000,above_band_high
2026-08-02T11:26:00Z,96.0159,0.000000,0.000000,0.000000,above_band_high
2026-08-02T11:27:00Z,96.0449,0.000000,0.000000,0.000000,above_band_high
2026-08-02T11:28:00Z,96.0540,0.000000,0.000000,0.000000,above_band_high
2026-08-02T11:29:00Z,96.0632,0.000000,0.000000,0.000000,above_band_high
2026-08-02T11:30:00Z,96.0494,0.000000,0.000000,0.000000,above_band_high
2026-08-02T11:31:00Z,96.1120,0.000000,0.000000,0.000000,above_band_high
2026-08-02T11:32:00Z,96.0983,0.000000,0.000000,0.000000,above_band_high
2026-08-02T11:33:00Z,96.0952,0.000000,0.000000,0.000000,above_band_high
2026-08-02T11:34:00Z,96.0983,0.000000,0.000000,0.000000,above_band_high
2026-08-02T11:35:00Z,96.0983,0.000000,0.000000,0.000000,above_band_high
2026-08-02T11:36:00Z,96.1212,0.000000,0.000000,0.000000,above_band_high
2026-08-02T11:37:00Z,96.1547,0.000000,0.000000,0.000000,above_band_high
2026-08-02T11:38:00Z,96.1532,0.000000,0.000000,0.000000,above_band_high
2026-08-02T11:39:00Z,96.1364,0.000000,0.000000,0.000000,above_band_high
2026-08-02T11:40:00Z,96.1501,0.000000,0.000000,0.000000,above_band_high
2026-08-02T11:41:00Z,96.1685,0.000000,0.000000,0.000000,above_band_high
2026-08-02T11:42:00Z,96.1593,0.000000,0.000000,0.000000,above_band_high
2026-08-02T11:43:00Z,96.1730,0.000000,0.000000,0.000000,above_band_high
2026-08-02T11:44:00Z,96.1852,0.000000,0.000000,0.000000,above_band_high
2026-08-02T11:45:00Z,96.1624,0.000000,0.000000,0.000000,above_band_high
2026-08-02T11:46:00Z,96.2127,0.000000,0.000000,0.000000,above_band_high
2026-08-02T11:47:00Z,96.1669,0.000000,0.000000,0.000000,above_band_high
2026-08-02T11:48:00Z,96.1685,0.000000,0.000000,0.000000,above_band_high
2026-08-02T11:49:00Z,96.1624,0.000000,0.000000,0.000000,above_band_high
2026-08-02T11:50:00Z,96.1898,0.000000,0.000000,0.000000,above_band_high
2026-08-02T11:51:00Z,96.1730,0.000000,0.000000,0.000000,above_band_high
2026-08-02T11:52:00Z,96.1486,0.000000,0.000000,0.000000,above_band_high
2026-08-02T11:53:00Z,96.1181,0.000000,0.000000,0.000000,above_band_high
2026-08-02T11:54:00Z,96.0983,0.000000,0.000000,0.000000,above_band_high
2026-08-02T11:55:00Z,96.0815,0.000000,0.000000,0.000000,above_band_high
2026-08-02T11:56:00Z,96.0113,0.000000,0.000000,0.000000,above_band_high
2026-08-02T11:57:00Z,95.9945,0.000000,0.000000,0.000000,above_band_high
2026-08-02T11:58:00Z,95.9030,0.000000,0.000000,0.000000,above_band_high
2026-08-02T11:59:00Z,95.9289,0.000000,0.000000,0.000000,above_band_high
2026-08-02T12:00:00Z,95.8068,0.000000,0.000000,0.000000,above_band_high
2026-08-02T12:01:00Z,95.7504,0.000000,0.000000,0.000000,above_band_high
2026-08-02T12:02:00Z,95.7015,0.000000,0.000000,0.000000,above_band_high
2026-08-02T12:03:00Z,95.6085,0.000000,0.000000,0.000000,above_band_high
2026-08-02T12:04:00Z,95.5627,0.000000,0.000000,0.000000,above_band_high
2026-08-02T12:05:00Z,95.5138,0.000000,0.000000,0.000000,above_band_high
2026-08-02T12:06:00Z,95.4314,0.000000,0.000000,0.000000,above_band_high
2026-08-02T12:07:00Z,95.3292,0.000000,0.000000,0.000000,above_band_high
2026-08-02T12:08:00Z,95.2789,0.000000,0.000000,0.000000,above_band_high
2026-08-02T12:09:00Z,95.1568,0.000000,0.000000,0.000000,above_band_high
2026-08-02T12:10:00Z,95.0683,0.000000,0.000000,0.000000,above_band_high
2026-08-02T12:11:00Z,94.9783,0.000000,0.000000,0.000000,above_band_high
2026-08-02T12:12:00Z,94.8898,0.000000,0.000000,0.000000,above_band_high
2026-08-02T12:13:00Z,94.8226,0.000000,0.000000,0.000000,above_band_high
2026-08-02T12:14:00Z,94.7311,0.000000,0.000000,0.000000,above_band_high
2026-08-02T12:15:00Z,94.6395,0.000000,0.000000,0.000000,above_band_high
2026-08-02T12:16:00Z,94.5525,0.000000,0.000000,0.000000,above_band_high
2026-08-02T12:17:00Z,94.4320,0.000000,0.000000,0.000000,above_band_high
2026-08-02T12:18:00Z,94.3633,0.000000,0.000000,0.000000,above_band_high
2026-08-02T12:19:00Z,94.2687,0.000000,0.000000,0.000000,above_band_high
2026-08-02T12:20:00Z,94.1390,0.000000,0.000000,0.000000,above_band_high
2026-08-02T12:21:00Z,94.0810,0.000000,0.000000,0.000000,above_band_high
2026-08-02T12:22:00Z,93.9422,0.000000,0.000000,0.000000,above_band_high
2026-08-02T12:23:00Z,93.8598,0.000000,0.000000,0.000000,above_band_high
2026-08-02T12:24:00Z,93.7377,0.000000,0.000000,0.000000,above_band_high
2026-08-02T12:25:00Z,93.6309,0.000000,0.000000,0.000000,above_band_high
2026-08-02T12:26:00Z,93.5042,0.000000,0.000000,0.000000,above_band_high
2026-08-02T12:27:00Z,93.3745,0.000000,0.000000,0.000000,above_band_high
2026-08-02T12:28:00Z,93.2662,0.000000,0.000000,0.000000,above_band_high
2026-08-02T12:29:00Z,93.1609,0.000000,0.000000,0.000000,above_band_high
2026-08-02T12:30:00Z,93.1182,0.000000,0.000000,0.000000,above_band_high
2026-08-02T12:31:00Z,93.0449,0.000000,0.000000,0.000000,above_band_high
2026-08-02T12:32:00Z,92.9671,0.000000,0.000000,0.000000,above_band_high
2026-08-02T12:33:00Z,92.9259,0.000000,0.000000,0.000000,above_band_high
2026-08-02T12:34:00Z,92.8908,0.000000,0.000000,0.000000,above_band_high
2026-08-02T12:35:00Z,92.8313,0.000000,0.000000,0.000000,above_band_high
2026-08-02T12:36:00Z,92.8588,0.000000,0.000000,0.000000,above_band_high
2026-08-02T12:37:00Z,92.8252,0.000000,0.000000,0.000000,above_band_high
2026-08-02T12:38:00Z,92.8908,0.000000,0.000000,0.000000,above_band_high
2026-08-02T12:39:00Z,92.8954,0.000000,0.000000,0.000000,above_band_high
2026-08-02T12:40:00Z,92.9488,0.000000,0.000000,0.000000,above_band_high
2026-08-02T12:41:00Z,92.9778,0.000000,0.000000,0.000000,above_band_high
2026-08-02T12:42:00Z,93.0236,0.000000,0.000000,0.000000,above_band_high
2026-08-02T12:43:00Z,93.0419,0.000000,0.000000,0.000000,above_band_high
2026-08-02T12:44:00Z,92.9992,0.000000,0.000000,0.000000,above_band_high
2026-08-02T12:45:00Z,93.0449,0.000000,0.000000,0.000000,above_band_high
2026-08-02T12:46:00Z,93.0083,0.000000,0.000000,0.000000,above_band_high
2026-08-02T12:47:00Z,93.0465,0.000000,0.000000,0.000000,above_band_high
2026-08-02T12:48:00Z,93.0312,0.000000,0.000000,0.000000,above_band_high
2026-08-02T12:49:00Z,92.9808,0.000000,0.000000,0.000000,above_band_high
2026-08-02T12:50:00Z,92.9870,0.000000,0.000000,0.000000,above_band_high
2026-08-02T12:51:00Z,92.9641,0.000000,0.000000,0.000000,above_band_high
2026-08-02T12:52:00Z,92.9488,0.000000,0.000000,0.000000,above_band_high
2026-08-02T12:53:00Z,92.8908,0.000000,0.000000,0.000000,above_band_high
2026-08-02T12:54:00Z,92.8344,0.000000,0.000000,0.000000,above_band_high
2026-08-02T12:55:00Z,92.7306,0.000000,0.000000,0.000000,above_band_high
2026-08-02T12:56:00Z,92.6558,0.000000,0.000000,0.000000,above_band_high
2026-08-02T12:57:00Z,92.5460,0.000000,0.000000,0.000000,above_band_high
2026-08-02T12:58:00Z,92.4926,0.000000,0.000000,0.000000,above_band_high
2026-08-02T12:59:00Z,92.3735,0.000000,0.000000,0.000000,above_band_high
2026-08-02T13:00:00Z,92.2759,0.000000,0.000000,0.000000,above_band_high
2026-08-02T13:01:00Z,92.2118,0.000000,0.000000,0.000000,above_band_high
2026-08-02T13:02:00Z,92.1569,0.000000,0.000000,0.000000,above_band_high
2026-08-02T13:03:00Z,92.0851,0.000000,0.000000,0.000000,above_band_high
2026-08-02T13:04:00Z,91.9799,0.000000,0.000000,0.000000,above_band_high
2026-08-02T13:05:00Z,91.9524,0.000000,0.000000,0.000000,above_band_high
2026-08-02T13:06:00Z,91.9051,0.000000,0.000000,0.000000,above_band_high
2026-08-02T13:07:00Z,91.8654,0.000000,0.000000,0.000000,above_band_high
2026-08-02T13:08:00Z,91.7494,0.000000,0.000000,0.000000,above_band_high
2026-08-02T13:09:00Z,91.7357,0.000000,0.000000,0.000000,above_band_high
2026-08-02T13:10:00Z,91.6442,0.000000,0.000000,0.000000,above_band_high
2026-08-02T13:11:00Z,91.5801,0.000000,0.000000,0.000000,above_band_high
2026-08-02T13:11:50Z,91.4839,0.000000,0.006970,0.006970,in_band
2026-08-02T13:12:00Z,91.4931,0.000000,0.006168,0.006168,in_band
2026-08-02T13:12:06Z,91.4946,0.006063,0.005665,-0.000397,in_band
2026-08-02T13:13:47Z,91.3649,0.001172,0.001101,-0.000071,in_band
2026-08-02T13:13:59Z,91.3893,0.000961,0.000903,-0.000058,in_band
2026-08-02T13:14:00Z,91.3558,0.000945,0.000888,-0.000057,in_band
2026-08-02T13:14:59Z,91.2871,0.000356,0.000335,-0.000021,in_band
2026-08-02T13:15:00Z,91.3146,0.000351,0.000329,-0.000021,in_band
2026-08-02T13:15:59Z,91.2459,0.000132,0.000124,-0.000008,in_band
2026-08-02T13:16:00Z,91.1879,0.000130,0.000122,-0.000008,in_band
2026-08-02T13:16:59Z,91.1101,0.000049,0.000046,-0.000003,in_band
2026-08-02T13:17:00Z,91.1101,0.000048,0.000045,-0.000003,in_band
2026-08-02T13:17:59Z,91.0231,0.000018,0.000017,-0.000001,in_band
2026-08-02T13:18:00Z,91.0033,0.000018,0.000017,-0.000001,in_band
2026-08-02T13:18:59Z,90.9041,0.000007,0.000006,-0.000000,in_band
2026-08-02T13:19:00Z,90.9316,0.000007,0.000006,-0.000000,in_band
2026-08-02T13:19:59Z,90.8537,0.000003,0.000002,-0.000000,in_band
2026-08-02T13:20:00Z,90.8446,0.000002,0.000002,-0.000000,in_band
2026-08-02T13:20:59Z,90.7393,0.000001,0.000001,-0.000000,in_band
2026-08-02T13:21:00Z,90.7530,0.000001,0.000001,-0.000000,in_band
2026-08-02T13:21:59Z,90.6569,0.000000,0.000000,-0.000000,in_band
2026-08-02T13:22:00Z,90.6462,0.000000,0.000000,-0.000000,in_band
2026-08-02T13:22:59Z,90.5837,0.000000,0.000000,-0.000000,in_band
2026-08-02T13:23:00Z,90.5867,0.000000,0.000000,-0.000000,in_band
2026-08-02T13:23:59Z,90.5150,0.000000,0.000000,-0.000000,in_band
2026-08-02T13:24:00Z,90.4677,0.000000,0.000000,-0.000000,in_band
2026-08-02T13:24:59Z,90.3990,0.000000,0.000000,-0.000000,in_band
2026-08-02T13:25:00Z,90.4173,0.000000,0.000000,-0.000000,in_band
2026-08-02T13:25:59Z,90.3502,0.000000,0.000000,-0.000000,in_band
2026-08-02T13:26:00Z,90.3532,0.000000,0.000000,-0.000000,in_band
2026-08-02T13:26:59Z,90.3136,0.000000,0.000000,-0.000000,in_band
2026-08-02T13:27:00Z,90.2937,0.000000,0.000000,-0.000000,in_band
2026-08-02T13:27:59Z,90.2937,0.000000,0.000000,-0.000000,in_band
2026-08-02T13:28:00Z,90.2815,0.000000,0.000000,-0.000000,in_band
2026-08-02T13:28:59Z,90.2953,0.000000,0.000000,-0.000000,in_band
2026-08-02T13:29:00Z,90.3136,0.000000,0.000000,-0.000000,in_band
2026-08-02T13:29:59Z,90.3212,0.000000,0.000000,-0.000000,in_band
2026-08-02T13:30:00Z,90.3120,0.000000,0.000000,-0.000000,in_band
2026-08-02T13:30:59Z,90.2892,0.000000,0.000000,-0.000000,in_band
2026-08-02T13:31:00Z,90.3212,0.000000,0.000000,-0.000000,in_band
2026-08-02T13:31:59Z,90.2892,0.000000,0.000000,-0.000000,in_band
2026-08-02T13:32:00Z,90.3212,0.000000,0.000000,-0.000000,in_band
2026-08-02T13:32:59Z,90.3029,0.000000,0.000000,-0.000000,in_band
2026-08-02T13:33:00Z,90.2632,0.000000,0.000000,-0.000000,in_band
2026-08-02T13:33:59Z,90.2724,0.000000,0.000000,-0.000000,in_band
2026-08-02T13:34:00Z,90.2861,0.000000,0.000000,-0.000000,in_band
2026-08-02T13:34:59Z,90.2983,0.000000,0.000000,-0.000000,in_band
2026-08-02T13:35:00Z,90.2937,0.000000,0.000000,-0.000000,in_band
2026-08-02T13:35:59Z,90.2800,0.000000,0.000000,-0.000000,in_band
2026-08-02T13:36:00Z,90.2892,0.000000,0.000000,-0.000000,in_band
2026-08-02T13:36:59Z,90.2449,0.000000,0.000000,-0.000000,in_band
2026-08-02T13:37:00Z,90.2388,0.000000,0.000000,-0.000000,in_band
2026-08-02T13:37:59Z,90.2586,0.000000,0.000000,-0.000000,in_band
2026-08-02T13:38:00Z,90.2174,0.000000,0.000000,-0.000000,in_band
2026-08-02T13:38:59Z,90.2617,0.000000,0.000000,-0.000000,in_band
2026-08-02T13:39:00Z,90.2220,0.000000,0.000000,-0.000000,in_band
2026-08-02T13:39:59Z,90.1747,0.000000,0.000000,-0.000000,in_band
2026-08-02T13:40:00Z,90.2037,0.000000,0.000000,-0.000000,in_band
2026-08-02T13:40:59Z,90.1747,0.000000,0.000000,-0.000000,in_band
2026-08-02T13:41:00Z,90.1381,0.000000,0.000000,-0.000000,in_band
2026-08-02T13:41:59Z,90.0938,0.000000,0.000000,-0.000000,in_band
2026-08-02T13:42:40Z,89.9977,0.000000,0.000001,0.000001,below_midpoint_feather
2026-08-02T13:42:42Z,90.0343,0.000000,0.000000,-0.000000,in_band
2026-08-02T13:43:22Z,90.0023,0.000010,0.000000,-0.000010,in_band
2026-08-02T13:43:32Z,89.9687,0.000000,0.000139,0.000139,below_midpoint_feather
2026-08-02T13:44:49Z,89.9153,0.000419,0.001023,0.000605,below_midpoint_feather
2026-08-02T13:44:54Z,89.9596,0.000813,0.000238,-0.000576,below_midpoint_feather
2026-08-02T13:45:36Z,89.9519,0.001817,0.000364,-0.001453,below_midpoint_feather
2026-08-02T13:45:52Z,89.8375,0.001840,0.003815,0.001976,below_midpoint_feather
2026-08-02T13:46:40Z,89.7917,0.003342,0.006385,0.003043,below_midpoint_feather
2026-08-02T13:46:46Z,89.8314,0.005688,0.004287,-0.001401,below_midpoint_feather
2026-08-02T13:47:46Z,89.8054,0.007973,0.006100,-0.001873,below_midpoint_feather
2026-08-02T13:47:56Z,89.7353,0.007220,0.010794,0.003574,below_midpoint_feather
2026-08-02T13:48:34Z,89.7444,0.011579,0.010630,-0.000950,below_midpoint_feather
2026-08-02T13:48:38Z,89.6757,0.011526,0.016358,0.004832,below_midpoint_feather
2026-08-02T13:49:44Z,89.6956,0.017884,0.015972,-0.001913,below_midpoint_feather
2026-08-02T13:49:53Z,89.6437,0.016459,0.021087,0.004628,below_midpoint_feather
2026-08-02T13:50:04Z,89.6666,0.022007,0.019150,-0.002857,below_midpoint_feather
2026-08-02T13:50:51Z,89.5201,0.030964,0.037706,0.006742,below_midpoint_feather
2026-08-02T13:51:04Z,89.5399,0.037389,0.035615,-0.001773,below_midpoint_feather
2026-08-02T13:51:59Z,89.4057,0.052642,0.059015,0.006373,below_midpoint_feather
2026-08-02T13:52:29Z,89.3339,0.066299,0.074315,0.008016,below_midpoint_feather
2026-08-02T13:52:52Z,89.3690,0.075182,0.070102,-0.005080,below_midpoint_feather
2026-08-02T13:53:14Z,89.3233,0.084681,0.081096,-0.003585,below_midpoint_feather
2026-08-02T13:53:29Z,89.2561,0.086512,0.096529,0.010017,below_midpoint_feather
2026-08-02T13:54:36Z,89.1768,0.129112,0.124521,-0.004591,below_midpoint_feather
2026-08-02T13:54:45Z,89.1142,0.129655,0.141393,0.011738,below_midpoint_feather
2026-08-02T13:55:11Z,89.0730,0.143743,0.157225,0.013482,below_midpoint_feather
2026-08-02T13:55:56Z,89.0806,0.171714,0.165514,-0.006200,below_midpoint_feather
2026-08-02T13:56:19Z,88.9860,0.186274,0.197384,0.011110,below_midpoint_feather
2026-08-02T13:56:58Z,89.0074,0.207501,0.202271,-0.005230,below_midpoint_feather
2026-08-02T13:57:13Z,88.9067,0.222318,0.236688,0.014371,below_midpoint_feather
2026-08-02T13:57:50Z,88.9128,0.257026,0.246986,-0.010040,below_midpoint_feather
2026-08-02T13:58:13Z,88.7968,0.280718,0.293090,0.012371,below_midpoint_feather
2026-08-02T13:58:54Z,88.8426,0.301639,0.294195,-0.007444,below_midpoint_feather
2026-08-02T13:59:44Z,88.8167,0.331272,0.324779,-0.006493,below_midpoint_feather
2026-08-02T13:59:56Z,88.7327,0.343085,0.359517,0.016432,below_midpoint_feather
2026-08-02T14:00:08Z,88.7114,0.352906,0.372851,0.019946,below_midpoint_feather
2026-08-02T14:00:50Z,88.7602,0.392909,0.375690,-0.017219,below_midpoint_feather
2026-08-02T14:01:04Z,88.7465,0.399983,0.387668,-0.012315,below_midpoint_feather
2026-08-02T14:01:24Z,88.6778,0.407522,0.423181,0.015659,below_midpoint_feather
2026-08-02T14:02:09Z,88.6137,0.457421,0.472077,0.014656,below_midpoint_feather
2026-08-02T14:02:40Z,88.6275,0.496601,0.484407,-0.012194,below_midpoint_feather
2026-08-02T14:03:30Z,88.5832,0.514124,0.532291,0.018166,below_midpoint_feather
2026-08-02T14:03:40Z,88.6336,0.525109,0.518568,-0.006541,below_midpoint_feather
2026-08-02T14:04:11Z,88.5634,0.546932,0.566008,0.019075,below_midpoint_feather
2026-08-02T14:04:16Z,88.5908,0.566672,0.558060,-0.008613,below_midpoint_feather
2026-08-02T14:05:03Z,88.5237,0.600814,0.616148,0.015334,below_midpoint_feather
2026-08-02T14:05:46Z,88.5817,0.632809,0.621275,-0.011533,below_midpoint_feather
2026-08-02T14:06:18Z,88.5969,0.647780,0.637057,-0.010723,below_midpoint_feather
2026-08-02T14:06:40Z,88.5588,0.651701,0.667498,0.015797,below_midpoint_feather
2026-08-02T14:07:45Z,88.6732,0.675639,0.666140,-0.009499,below_midpoint_feather
2026-08-02T14:07:48Z,88.6198,0.677623,0.688675,0.011052,below_midpoint_feather
2026-08-02T14:08:02Z,88.6336,0.678032,0.692448,0.014415,below_midpoint_feather
2026-08-02T14:08:21Z,88.7068,0.686763,0.676889,-0.009874,below_midpoint_feather
2026-08-02T14:09:00Z,88.6931,0.695132,0.706087,0.010955,below_midpoint_feather
2026-08-02T14:09:25Z,88.7739,0.705110,0.691843,-0.013267,below_midpoint_feather
2026-08-02T14:10:39Z,88.9158,0.694779,0.685365,-0.009414,below_midpoint_feather
2026-08-02T14:10:54Z,88.8899,0.688814,0.700758,0.011944,below_midpoint_feather
2026-08-02T14:11:11Z,88.9769,0.693100,0.682278,-0.010822,below_midpoint_feather
2026-08-02T14:11:24Z,88.9799,0.681450,0.687187,0.005736,below_midpoint_feather
2026-08-02T14:12:16Z,89.0684,0.673924,0.683309,0.009385,below_midpoint_feather
2026-08-02T14:12:27Z,89.1371,0.677861,0.669667,-0.008193,below_midpoint_feather
2026-08-02T14:13:13Z,89.2638,0.666969,0.655500,-0.011468,below_midpoint_feather
2026-08-02T14:13:52Z,89.3141,0.649119,0.655579,0.006460,below_midpoint_feather
2026-08-02T14:14:54Z,89.4148,0.645305,0.649667,0.004361,below_midpoint_feather
2026-08-02T14:14:57Z,89.5064,0.645809,0.636115,-0.009694,below_midpoint_feather
2026-08-02T14:15:45Z,89.6040,0.635070,0.630432,-0.004638,below_midpoint_feather
2026-08-02T14:15:50Z,89.5567,0.633243,0.636651,0.003408,below_midpoint_feather
2026-08-02T14:16:02Z,89.5842,0.631921,0.634585,0.002665,below_midpoint_feather
2026-08-02T14:16:43Z,89.7368,0.630018,0.623449,-0.006568,below_midpoint_feather
2026-08-02T14:17:01Z,89.7414,0.627002,0.624345,-0.002657,below_midpoint_feather
2026-08-02T14:17:10Z,89.7002,0.625489,0.628166,0.002677,below_midpoint_feather
2026-08-02T14:18:07Z,89.8604,0.622037,0.620654,-0.001384,below_midpoint_feather
2026-08-02T14:18:14Z,89.8177,0.620411,0.622820,0.002409,below_midpoint_feather
2026-08-02T14:19:00Z,89.9367,0.619141,0.619643,0.000503,below_midpoint_feather
2026-08-02T14:19:27Z,90.0160,0.619417,0.618023,-0.001394,in_band
2026-08-02T14:20:00Z,90.0755,0.608351,0.607030,-0.001321,in_band
2026-08-02T14:20:59Z,90.1396,0.588943,0.587655,-0.001288,in_band
2026-08-02T14:21:00Z,90.1152,0.588618,0.587331,-0.001288,in_band
2026-08-02T14:21:59Z,90.2113,0.569715,0.568465,-0.001250,in_band
2026-08-02T14:22:00Z,90.2251,0.569400,0.568150,-0.001249,in_band
2026-08-02T14:22:59Z,90.2937,0.551067,0.549857,-0.001210,in_band
2026-08-02T14:23:00Z,90.3456,0.550762,0.549552,-0.001210,in_band
2026-08-02T14:23:59Z,90.4097,0.533012,0.531841,-0.001171,in_band
2026-08-02T14:24:00Z,90.4219,0.532716,0.531546,-0.001170,in_band
2026-08-02T14:24:59Z,90.9773,0.515542,0.514409,-0.001133,in_band
2026-08-02T14:25:00Z,90.9712,0.515256,0.514123,-0.001132,in_band
2026-08-02T14:25:59Z,91.1543,0.498642,0.497546,-0.001096,in_band
2026-08-02T14:26:00Z,91.1604,0.498365,0.497270,-0.001095,in_band
2026-08-02T14:26:59Z,91.1315,0.482295,0.481235,-0.001060,in_band
2026-08-02T14:27:00Z,91.1101,0.482027,0.480968,-0.001059,in_band
2026-08-02T14:27:59Z,91.0811,0.466484,0.465459,-0.001025,in_band
2026-08-02T14:28:00Z,91.0414,0.466225,0.465200,-0.001025,in_band
2026-08-02T14:28:59Z,91.0460,0.451191,0.450199,-0.000992,in_band
2026-08-02T14:29:00Z,91.0643,0.450940,0.449949,-0.000991,in_band
2026-08-02T14:29:59Z,91.0460,0.436399,0.435440,-0.000959,in_band
2026-08-02T14:30:00Z,91.0140,0.436157,0.435198,-0.000958,in_band
2026-08-02T14:30:59Z,90.9667,0.422092,0.421165,-0.000928,in_band
2026-08-02T14:31:00Z,91.0048,0.421858,0.420931,-0.000927,in_band
2026-08-02T14:31:59Z,90.9911,0.408254,0.407357,-0.000897,in_band
2026-08-02T14:32:00Z,90.9300,0.408028,0.407131,-0.000897,in_band
2026-08-02T14:32:59Z,91.0048,0.394870,0.394002,-0.000868,in_band
2026-08-02T14:33:00Z,90.9270,0.394651,0.393784,-0.000867,in_band
2026-08-02T14:33:59Z,90.9361,0.381925,0.381085,-0.000839,in_band
2026-08-02T14:34:00Z,90.9575,0.381713,0.380874,-0.000839,in_band
2026-08-02T14:34:59Z,90.9911,0.369404,0.368592,-0.000812,in_band
2026-08-02T14:35:00Z,90.9911,0.369199,0.368387,-0.000811,in_band
2026-08-02T14:35:59Z,91.0491,0.357293,0.356508,-0.000785,in_band
2026-08-02T14:36:00Z,91.0780,0.357095,0.356310,-0.000785,in_band
2026-08-02T14:36:59Z,91.1177,0.345580,0.344820,-0.000759,in_band
2026-08-02T14:37:00Z,91.1238,0.345388,0.344629,-0.000759,in_band
2026-08-02T14:37:59Z,91.1543,0.334250,0.333516,-0.000735,in_band
2026-08-02T14:38:00Z,91.1681,0.334065,0.333331,-0.000734,in_band
2026-08-02T14:38:59Z,91.1513,0.323292,0.322582,-0.000710,in_band
2026-08-02T14:39:00Z,91.1467,0.323113,0.322403,-0.000710,in_band
2026-08-02T14:39:59Z,91.1788,0.312694,0.312006,-0.000687,in_band
2026-08-02T14:40:00Z,91.1421,0.312520,0.311833,-0.000687,in_band
2026-08-02T14:40:59Z,91.1315,0.302442,0.301778,-0.000665,in_band
2026-08-02T14:41:00Z,91.1223,0.302274,0.301610,-0.000664,in_band
2026-08-02T14:41:59Z,91.1559,0.292527,0.291884,-0.000643,in_band
2026-08-02T14:42:00Z,91.1086,0.292365,0.291722,-0.000643,in_band
2026-08-02T14:42:59Z,91.1131,0.282937,0.282315,-0.000622,in_band
2026-08-02T14:43:00Z,91.1223,0.282780,0.282158,-0.000622,in_band
2026-08-02T14:43:59Z,91.0399,0.273661,0.273060,-0.000601,in_band
2026-08-02T14:44:00Z,91.0643,0.273509,0.272908,-0.000601,in_band
2026-08-02T14:44:59Z,91.0140,0.264689,0.264108,-0.000582,in_band
2026-08-02T14:45:00Z,91.0216,0.264542,0.263961,-0.000581,in_band
2026-08-02T14:45:59Z,90.9804,0.256012,0.255449,-0.000563,in_band
2026-08-02T14:46:00Z,90.9545,0.255870,0.255307,-0.000562,in_band
2026-08-02T14:46:59Z,90.9529,0.247619,0.247075,-0.000544,in_band
2026-08-02T14:47:00Z,90.9209,0.247481,0.246937,-0.000544,in_band
2026-08-02T14:47:59Z,90.8843,0.239501,0.238975,-0.000526,in_band
2026-08-02T14:48:00Z,90.8888,0.239368,0.238842,-0.000526,in_band
2026-08-02T14:48:59Z,90.7881,0.231649,0.231140,-0.000509,in_band
2026-08-02T14:49:00Z,90.8080,0.231520,0.231012,-0.000509,in_band
2026-08-02T14:49:59Z,90.8263,0.224055,0.223562,-0.000492,in_band
2026-08-02T14:50:00Z,90.8248,0.223930,0.223438,-0.000492,in_band
2026-08-02T14:50:59Z,90.8476,0.216709,0.216233,-0.000476,in_band
2026-08-02T14:51:00Z,90.8202,0.216589,0.216113,-0.000476,in_band
2026-08-02T14:51:59Z,90.8339,0.209605,0.209144,-0.000461,in_band
2026-08-02T14:52:00Z,90.8583,0.209488,0.209028,-0.000460,in_band
2026-08-02T14:52:59Z,90.8858,0.202733,0.202288,-0.000446,in_band
2026-08-02T14:53:00Z,90.8766,0.202621,0.202175,-0.000445,in_band
2026-08-02T14:53:59Z,90.8537,0.196087,0.195656,-0.000431,in_band
2026-08-02T14:54:00Z,90.8354,0.195978,0.195547,-0.000431,in_band
2026-08-02T14:54:59Z,90.8354,0.189658,0.189241,-0.000417,in_band
2026-08-02T14:55:00Z,90.8583,0.189553,0.189136,-0.000417,in_band
2026-08-02T14:55:59Z,90.8492,0.183440,0.183037,-0.000403,in_band
2026-08-02T14:56:00Z,90.8583,0.183339,0.182936,-0.000403,in_band
2026-08-02T14:56:59Z,90.8934,0.177427,0.177037,-0.000390,in_band
2026-08-02T14:57:00Z,90.8476,0.177328,0.176938,-0.000390,in_band
2026-08-02T14:57:59Z,90.7301,0.171610,0.171233,-0.000377,in_band
2026-08-02T14:58:00Z,90.7607,0.171515,0.171138,-0.000377,in_band
2026-08-02T14:58:59Z,90.8263,0.165984,0.165619,-0.000365,in_band
2026-08-02T14:59:00Z,90.8492,0.165892,0.165527,-0.000365,in_band
2026-08-02T14:59:59Z,90.7897,0.160542,0.160189,-0.000353,in_band
2026-08-02T15:00:00Z,90.7378,0.160453,0.160100,-0.000353,in_band
2026-08-02T15:00:59Z,90.8034,0.155279,0.154938,-0.000341,in_band
2026-08-02T15:01:00Z,90.8171,0.155193,0.154852,-0.000341,in_band
2026-08-02T15:01:59Z,90.6981,0.150188,0.149858,-0.000330,in_band
2026-08-02T15:02:00Z,90.6874,0.150105,0.149775,-0.000330,in_band
2026-08-02T15:02:59Z,90.7149,0.145265,0.144945,-0.000319,in_band
2026-08-02T15:03:00Z,90.7027,0.145184,0.144865,-0.000319,in_band
2026-08-02T15:03:59Z,90.5379,0.140502,0.140193,-0.000309,in_band
2026-08-02T15:04:00Z,90.4768,0.140424,0.140116,-0.000309,in_band
2026-08-02T15:04:59Z,90.5013,0.135896,0.135597,-0.000299,in_band
2026-08-02T15:05:00Z,90.5013,0.135821,0.135522,-0.000298,in_band
2026-08-02T15:05:59Z,90.4219,0.131441,0.131152,-0.000289,in_band
2026-08-02T15:06:00Z,90.4234,0.131368,0.131079,-0.000289,in_band
2026-08-02T15:06:59Z,90.6416,0.127132,0.126852,-0.000279,in_band
2026-08-02T15:07:00Z,90.6004,0.127061,0.126782,-0.000279,in_band
2026-08-02T15:07:59Z,90.5684,0.122964,0.122694,-0.000270,in_band
2026-08-02T15:08:00Z,90.5608,0.122896,0.122625,-0.000270,in_band
2026-08-02T15:08:59Z,90.6416,0.118933,0.118671,-0.000261,in_band
2026-08-02T15:09:00Z,90.6477,0.118867,0.118605,-0.000261,in_band
2026-08-02T15:09:59Z,90.3624,0.115034,0.114781,-0.000253,in_band
2026-08-02T15:10:00Z,90.3639,0.114970,0.114717,-0.000253,in_band
2026-08-02T15:10:59Z,90.2205,0.111262,0.111018,-0.000245,in_band
2026-08-02T15:11:00Z,90.2678,0.111200,0.110956,-0.000244,in_band
2026-08-02T15:11:59Z,90.1747,0.107615,0.107378,-0.000237,in_band
2026-08-02T15:12:00Z,90.1305,0.107555,0.107319,-0.000236,in_band
2026-08-02T15:12:59Z,90.2449,0.104087,0.103858,-0.000229,in_band
2026-08-02T15:13:00Z,90.2449,0.104029,0.103800,-0.000229,in_band
2026-08-02T15:13:59Z,90.2342,0.100674,0.100453,-0.000221,in_band
2026-08-02T15:14:00Z,90.2388,0.100618,0.100397,-0.000221,in_band
2026-08-02T15:14:59Z,90.1259,0.097374,0.097160,-0.000214,in_band
2026-08-02T15:15:00Z,90.1442,0.097320,0.097106,-0.000214,in_band
2026-08-02T15:15:59Z,90.0694,0.094181,0.093975,-0.000207,in_band
2026-08-02T15:16:00Z,90.0465,0.094129,0.093922,-0.000207,in_band
2026-08-02T15:16:59Z,90.0237,0.091094,0.090894,-0.000200,in_band
2026-08-02T15:17:00Z,90.0343,0.091043,0.090843,-0.000200,in_band
2026-08-02T15:17:50Z,89.9016,0.090480,0.091470,0.000990,below_midpoint_feather
2026-08-02T15:18:35Z,89.8543,0.093644,0.093164,-0.000480,below_midpoint_feather
2026-08-02T15:18:53Z,89.7581,0.096527,0.098527,0.002000,below_midpoint_feather
2026-08-02T15:19:33Z,89.6407,0.104120,0.108934,0.004814,below_midpoint_feather
2026-08-02T15:19:50Z,89.7047,0.105622,0.103255,-0.002367,below_midpoint_feather
2026-08-02T15:20:21Z,89.5995,0.108940,0.114384,0.005444,below_midpoint_feather
2026-08-02T15:20:58Z,89.6361,0.114747,0.111552,-0.003196,below_midpoint_feather
2026-08-02T15:21:49Z,89.4743,0.128577,0.134187,0.005609,below_midpoint_feather
2026-08-02T15:21:54Z,89.5018,0.133432,0.130451,-0.002981,below_midpoint_feather
2026-08-02T15:22:04Z,89.4804,0.135811,0.134113,-0.001699,below_midpoint_feather
2026-08-02T15:22:37Z,89.3523,0.150698,0.157686,0.006988,below_midpoint_feather
2026-08-02T15:23:19Z,89.2195,0.178655,0.188766,0.010111,below_midpoint_feather
2026-08-02T15:23:26Z,89.2638,0.184342,0.180073,-0.004269,below_midpoint_feather
2026-08-02T15:24:12Z,89.2088,0.200754,0.198746,-0.002008,below_midpoint_feather
2026-08-02T15:24:41Z,89.0761,0.226784,0.236304,0.009519,below_midpoint_feather
2026-08-02T15:25:19Z,89.0181,0.250312,0.260146,0.009834,below_midpoint_feather
2026-08-02T15:25:50Z,89.0532,0.269392,0.258384,-0.011008,below_midpoint_feather
2026-08-02T15:26:02Z,89.0043,0.279195,0.275179,-0.004015,below_midpoint_feather
2026-08-02T15:26:13Z,88.9296,0.286747,0.300288,0.013541,below_midpoint_feather
2026-08-02T15:27:01Z,88.8258,0.332350,0.348810,0.016460,below_midpoint_feather
2026-08-02T15:27:42Z,88.7694,0.386797,0.383703,-0.003094,below_midpoint_feather
2026-08-02T15:28:07Z,88.6458,0.421841,0.439945,0.018105,below_midpoint_feather
2026-08-02T15:28:34Z,88.6961,0.443239,0.433915,-0.009324,below_midpoint_feather
2026-08-02T15:29:23Z,88.5084,0.507115,0.534831,0.027716,below_midpoint_feather
2026-08-02T15:29:34Z,88.5679,0.527284,0.516532,-0.010753,below_midpoint_feather
2026-08-02T15:30:35Z,88.3436,0.627950,0.650969,0.023020,below_midpoint_feather
2026-08-02T15:30:50Z,88.3757,0.650385,0.648174,-0.002212,below_midpoint_feather
2026-08-02T15:31:55Z,88.2628,0.732486,0.748977,0.016491,below_midpoint_feather
2026-08-02T15:31:58Z,88.3162,0.736369,0.728791,-0.007578,below_midpoint_feather
2026-08-02T15:32:40Z,88.2567,0.773812,0.791785,0.017973,below_midpoint_feather
2026-08-02T15:32:48Z,88.3116,0.789609,0.775701,-0.013908,below_midpoint_feather
2026-08-02T15:33:10Z,88.2261,0.815261,0.832642,0.017381,below_midpoint_feather
2026-08-02T15:33:18Z,88.2704,0.832569,0.821327,-0.011242,below_midpoint_feather
2026-08-02T15:34:20Z,88.1743,0.900576,0.922607,0.022031,below_midpoint_feather
2026-08-02T15:34:36Z,88.2246,0.926929,0.917113,-0.009816,below_midpoint_feather
2026-08-02T15:35:15Z,88.1559,0.973801,0.986221,0.012420,below_midpoint_feather
2026-08-02T15:35:18Z,88.1987,0.978852,0.971100,-0.007752,below_midpoint_feather
2026-08-02T15:36:00Z,88.1483,1.000000,1.000000,0.000000,below_midpoint_feather
2026-08-02T15:37:53Z,88.5359,0.998457,0.988427,-0.010030,below_midpoint_feather
2026-08-02T15:37:58Z,88.4993,0.995406,1.000000,0.004594,below_midpoint_feather
2026-08-02T15:38:39Z,88.6641,0.995733,0.977383,-0.018350,below_midpoint_feather
2026-08-02T15:38:54Z,88.6564,0.982947,0.992088,0.009142,below_midpoint_feather
2026-08-02T15:39:05Z,88.7556,0.980501,0.963835,-0.016666,below_midpoint_feather
2026-08-02T15:39:30Z,88.8075,0.953751,0.963252,0.009501,below_midpoint_feather
2026-08-02T15:40:31Z,88.9113,0.975558,0.964825,-0.010733,below_midpoint_feather
2026-08-02T15:40:42Z,88.8746,0.971589,0.981976,0.010387,below_midpoint_feather
2026-08-02T15:41:18Z,88.9250,0.973093,0.983336,0.010243,below_midpoint_feather
2026-08-02T15:41:31Z,89.0730,0.966010,0.946940,-0.019070,below_midpoint_feather
2026-08-02T15:42:30Z,89.2424,0.922087,0.927872,0.005784,below_midpoint_feather
2026-08-02T15:42:41Z,89.3141,0.924396,0.916341,-0.008055,below_midpoint_feather
2026-08-02T15:43:04Z,89.3507,0.912710,0.915361,0.002652,below_midpoint_feather
2026-08-02T15:43:35Z,89.4606,0.909249,0.903446,-0.005804,below_midpoint_feather
2026-08-02T15:44:17Z,89.4789,0.912237,0.907650,-0.004587,below_midpoint_feather
2026-08-02T15:44:46Z,89.3828,0.918941,0.927168,0.008227,below_midpoint_feather
2026-08-02T15:45:14Z,89.3797,0.936024,0.931299,-0.004725,below_midpoint_feather
2026-08-02T15:45:42Z,89.2653,0.946940,0.957051,0.010111,below_midpoint_feather
2026-08-02T15:46:04Z,89.2958,0.947326,0.953871,0.006545,below_midpoint_feather
2026-08-02T15:46:56Z,89.2653,0.975410,0.967911,-0.007499,below_midpoint_feather
2026-08-02T15:47:12Z,89.1783,0.981077,0.989820,0.008743,below_midpoint_feather
2026-08-02T15:47:52Z,89.2729,0.985181,0.976187,-0.008994,below_midpoint_feather
2026-08-02T15:48:00Z,89.2180,0.980749,0.989468,0.008719,below_midpoint_feather
2026-08-02T15:48:14Z,89.3065,0.979846,0.973506,-0.006340,below_midpoint_feather
2026-08-02T15:49:04Z,89.4118,0.973358,0.963296,-0.010062,below_midpoint_feather
2026-08-02T15:49:12Z,89.3736,0.969775,0.971241,0.001466,below_midpoint_feather
2026-08-02T15:50:23Z,89.6849,0.942452,0.939258,-0.003194,below_midpoint_feather
2026-08-02T15:50:52Z,89.6620,0.942426,0.943888,0.001462,below_midpoint_feather
2026-08-02T15:51:00Z,89.6300,0.944457,0.947692,0.003235,below_midpoint_feather
2026-08-02T15:51:43Z,89.8054,0.940101,0.936250,-0.003851,below_midpoint_feather
2026-08-02T15:52:30Z,89.9245,0.933539,0.933570,0.000030,below_midpoint_feather
2026-08-02T15:52:53Z,90.0099,0.933496,0.931229,-0.002267,in_band
2026-08-02T15:53:00Z,90.0526,0.930003,0.927739,-0.002265,in_band
2026-08-02T15:53:59Z,90.2296,0.900678,0.898445,-0.002234,in_band
2026-08-02T15:54:00Z,90.2403,0.900185,0.897952,-0.002233,in_band
2026-08-02T15:54:59Z,90.3822,0.871404,0.869227,-0.002177,in_band
2026-08-02T15:55:00Z,90.3868,0.870922,0.868746,-0.002176,in_band
2026-08-02T15:55:59Z,90.4097,0.842929,0.840818,-0.002111,in_band
2026-08-02T15:56:00Z,90.4311,0.842462,0.840352,-0.002110,in_band
2026-08-02T15:56:59Z,90.5333,0.815330,0.813285,-0.002044,in_band
2026-08-02T15:57:00Z,90.5638,0.814877,0.812834,-0.002043,in_band
2026-08-02T15:57:59Z,90.6203,0.788613,0.786635,-0.001978,in_band
2026-08-02T15:58:00Z,90.5959,0.788175,0.786198,-0.001977,in_band
2026-08-02T15:58:59Z,90.7057,0.762764,0.760850,-0.001914,in_band
2026-08-02T15:59:00Z,90.7073,0.762340,0.760428,-0.001913,in_band
2026-08-02T15:59:59Z,90.8354,0.737759,0.735908,-0.001851,in_band
2026-08-02T16:00:00Z,90.8217,0.737350,0.735500,-0.001850,in_band
2026-08-02T16:00:59Z,90.8614,0.713573,0.711783,-0.001790,in_band
2026-08-02T16:01:00Z,90.8431,0.713177,0.711388,-0.001789,in_band
2026-08-02T16:01:59Z,90.9255,0.690180,0.688448,-0.001732,in_band
2026-08-02T16:02:00Z,90.9407,0.689797,0.688066,-0.001731,in_band
2026-08-02T16:02:59Z,90.8858,0.667553,0.665878,-0.001675,in_band
2026-08-02T16:03:00Z,90.9071,0.667182,0.665508,-0.001674,in_band
2026-08-02T16:03:59Z,90.8766,0.645668,0.644048,-0.001620,in_band
2026-08-02T16:04:00Z,90.9209,0.645310,0.643690,-0.001619,in_band
2026-08-02T16:04:59Z,90.8858,0.624501,0.622934,-0.001567,in_band
2026-08-02T16:05:00Z,90.8309,0.624154,0.622588,-0.001566,in_band
2026-08-02T16:05:59Z,90.7240,0.604027,0.602512,-0.001516,in_band
2026-08-02T16:06:00Z,90.7897,0.603692,0.602177,-0.001515,in_band
2026-08-02T16:06:59Z,90.6188,0.584225,0.582759,-0.001466,in_band
2026-08-02T16:07:00Z,90.6020,0.583900,0.582435,-0.001465,in_band
2026-08-02T16:07:59Z,90.4967,0.565072,0.563654,-0.001418,in_band
2026-08-02T16:08:00Z,90.5562,0.564758,0.563341,-0.001417,in_band
2026-08-02T16:08:59Z,90.3944,0.546546,0.545175,-0.001371,in_band
2026-08-02T16:09:00Z,90.3731,0.546243,0.544872,-0.001371,in_band
2026-08-02T16:09:59Z,90.2296,0.528628,0.527302,-0.001326,in_band
2026-08-02T16:10:00Z,90.2449,0.528335,0.527009,-0.001326,in_band
2026-08-02T16:10:59Z,90.0481,0.511298,0.510015,-0.001283,in_band
2026-08-02T16:11:00Z,90.0481,0.511014,0.509732,-0.001282,in_band
2026-08-02T16:11:56Z,89.9290,0.498441,0.498968,0.000528,below_midpoint_feather
2026-08-02T16:12:43Z,89.7780,0.502906,0.505285,0.002379,below_midpoint_feather
2026-08-02T16:12:54Z,89.7917,0.504972,0.504477,-0.000495,below_midpoint_feather
2026-08-02T16:13:09Z,89.7078,0.508017,0.510530,0.002513,below_midpoint_feather
2026-08-02T16:13:16Z,89.7673,0.509102,0.506145,-0.002957,below_midpoint_feather
2026-08-02T16:14:16Z,89.7627,0.508902,0.507322,-0.001580,below_midpoint_feather
2026-08-02T16:14:45Z,89.6727,0.512082,0.515105,0.003024,below_midpoint_feather
2026-08-02T16:15:20Z,89.6178,0.517695,0.521448,0.003753,below_midpoint_feather
2026-08-02T16:15:50Z,89.6345,0.523365,0.520565,-0.002800,below_midpoint_feather
2026-08-02T16:16:28Z,89.5842,0.523759,0.527588,0.003829,below_midpoint_feather
2026-08-02T16:16:36Z,89.6391,0.525599,0.521848,-0.003751,below_midpoint_feather
2026-08-02T16:17:38Z,89.5125,0.545960,0.540105,-0.005855,below_midpoint_feather
2026-08-02T16:17:56Z,89.4072,0.547071,0.557424,0.010352,below_midpoint_feather
2026-08-02T16:18:40Z,89.3828,0.574663,0.565127,-0.009536,below_midpoint_feather
2026-08-02T16:18:45Z,89.3202,0.569173,0.577154,0.007981,below_midpoint_feather
2026-08-02T16:19:20Z,89.3004,0.589218,0.584933,-0.004285,below_midpoint_feather
2026-08-02T16:19:41Z,89.1829,0.600626,0.613029,0.012402,below_midpoint_feather
2026-08-02T16:20:05Z,89.1493,0.610949,0.624642,0.013693,below_midpoint_feather
2026-08-02T16:20:44Z,89.1722,0.634399,0.626238,-0.008161,below_midpoint_feather
2026-08-02T16:21:04Z,89.1630,0.640339,0.632525,-0.007814,below_midpoint_feather
2026-08-02T16:21:33Z,89.0852,0.647075,0.658330,0.011255,below_midpoint_feather
2026-08-02T16:22:00Z,89.1691,0.651864,0.643864,-0.008000,below_midpoint_feather
2026-08-02T16:22:36Z,89.1585,0.647723,0.655016,0.007292,below_midpoint_feather
2026-08-02T16:23:11Z,89.0684,0.674725,0.685850,0.011125,below_midpoint_feather
2026-08-02T16:23:40Z,89.0578,0.702296,0.695768,-0.006528,below_midpoint_feather
2026-08-02T16:24:03Z,88.9937,0.710478,0.719675,0.009198,below_midpoint_feather
2026-08-02T16:24:46Z,89.0578,0.723294,0.714411,-0.008882,below_midpoint_feather
2026-08-02T16:25:00Z,89.0547,0.723704,0.719447,-0.004257,below_midpoint_feather
2026-08-02T16:25:06Z,88.9860,0.725519,0.740396,0.014876,below_midpoint_feather
2026-08-02T16:26:06Z,89.0547,0.750131,0.740057,-0.010074,below_midpoint_feather
2026-08-02T16:26:36Z,88.9937,0.753339,0.766543,0.013205,below_midpoint_feather
2026-08-02T16:27:05Z,88.9067,0.787866,0.801714,0.013848,below_midpoint_feather
2026-08-02T16:27:42Z,88.9570,0.809982,0.798909,-0.011073,below_midpoint_feather
2026-08-02T16:28:44Z,89.0028,0.797860,0.806842,0.008982,below_midpoint_feather
2026-08-02T16:28:48Z,89.0715,0.799164,0.789344,-0.009820,below_midpoint_feather
2026-08-02T16:29:20Z,88.9799,0.813273,0.824994,0.011721,below_midpoint_feather
2026-08-02T16:29:42Z,89.0089,0.833421,0.823771,-0.009650,below_midpoint_feather
2026-08-02T16:30:05Z,89.0669,0.823643,0.815476,-0.008167,below_midpoint_feather
2026-08-02T16:30:14Z,88.9586,0.829137,0.848835,0.019698,below_midpoint_feather
2026-08-02T16:31:44Z,89.1188,0.822814,0.834101,0.011287,below_midpoint_feather
2026-08-02T16:31:59Z,89.2042,0.828719,0.818120,-0.010599,below_midpoint_feather
2026-08-02T16:32:05Z,89.2378,0.818691,0.812391,-0.006300,below_midpoint_feather
2026-08-02T16:32:20Z,89.1310,0.825616,0.841234,0.015619,below_midpoint_feather
2026-08-02T16:33:10Z,89.1447,0.861948,0.850780,-0.011169,below_midpoint_feather
2026-08-02T16:33:42Z,89.2287,0.829117,0.839543,0.010426,below_midpoint_feather
2026-08-02T16:34:09Z,89.3874,0.822469,0.814529,-0.007940,below_midpoint_feather
2026-08-02T16:34:58Z,89.1585,0.855763,0.871267,0.015503,below_midpoint_feather
2026-08-02T16:35:03Z,89.1600,0.859392,0.871812,0.012420,below_midpoint_feather
2026-08-02T16:35:20Z,89.2317,0.867783,0.858631,-0.009152,below_midpoint_feather
2026-08-02T16:36:07Z,89.5079,0.828429,0.818134,-0.010296,below_midpoint_feather
2026-08-02T16:36:46Z,89.3431,0.842279,0.851096,0.008817,below_midpoint_feather
2026-08-02T16:37:02Z,89.4377,0.848033,0.836936,-0.011096,below_midpoint_feather
2026-08-02T16:37:34Z,89.5125,0.826609,0.829996,0.003387,below_midpoint_feather
2026-08-02T16:38:07Z,89.6086,0.826002,0.821581,-0.004421,below_midpoint_feather
2026-08-02T16:38:30Z,89.5750,0.823345,0.827583,0.004239,below_midpoint_feather
2026-08-02T16:39:40Z,89.4392,0.842568,0.851597,0.009029,below_midpoint_feather
2026-08-02T16:39:50Z,89.4835,0.849370,0.845497,-0.003873,below_midpoint_feather
2026-08-02T16:40:38Z,89.5018,0.843759,0.846625,0.002865,below_midpoint_feather
2026-08-02T16:40:58Z,89.5659,0.843520,0.839729,-0.003791,below_midpoint_feather
2026-08-02T16:41:06Z,89.6254,0.840617,0.833511,-0.007105,below_midpoint_feather
2026-08-02T16:41:14Z,89.6117,0.833829,0.835619,0.001790,below_midpoint_feather
2026-08-02T16:42:08Z,89.9153,0.818226,0.818392,0.000166,below_midpoint_feather
2026-08-02T16:42:59Z,90.1472,0.805178,0.803460,-0.001719,in_band
2026-08-02T16:43:11Z,90.1656,0.800028,0.798308,-0.001720,in_band
2026-08-02T16:43:59Z,90.2846,0.779469,0.777764,-0.001705,in_band
2026-08-02T16:44:00Z,90.2449,0.779043,0.777338,-0.001705,in_band
2026-08-02T16:44:59Z,90.2083,0.754170,0.752505,-0.001665,in_band
2026-08-02T16:45:00Z,90.2174,0.753754,0.752089,-0.001664,in_band
2026-08-02T16:45:59Z,90.1930,0.729540,0.727923,-0.001617,in_band
2026-08-02T16:46:00Z,90.2037,0.729136,0.727520,-0.001616,in_band
2026-08-02T16:46:59Z,90.1305,0.705658,0.704092,-0.001566,in_band
2026-08-02T16:47:00Z,90.1198,0.705266,0.703701,-0.001565,in_band
2026-08-02T16:47:59Z,90.1579,0.682537,0.681021,-0.001515,in_band
2026-08-02T16:48:00Z,90.1808,0.682158,0.680643,-0.001514,in_band
2026-08-02T16:48:59Z,90.2068,0.660165,0.658699,-0.001466,in_band
2026-08-02T16:49:00Z,90.1884,0.659799,0.658334,-0.001465,in_band
2026-08-02T16:49:59Z,90.1976,0.638524,0.637106,-0.001418,in_band
2026-08-02T16:50:00Z,90.2022,0.638170,0.636752,-0.001417,in_band
2026-08-02T16:50:59Z,90.1808,0.617592,0.616220,-0.001372,in_band
2026-08-02T16:51:00Z,90.1747,0.617249,0.615878,-0.001371,in_band
2026-08-02T16:51:57Z,89.9657,0.598009,0.598176,0.000167,below_midpoint_feather
2026-08-02T16:52:46Z,89.9199,0.599396,0.598270,-0.001126,below_midpoint_feather
2026-08-02T16:52:57Z,89.8650,0.599817,0.599962,0.000145,below_midpoint_feather
2026-08-02T16:53:24Z,89.7581,0.606615,0.605757,-0.000857,below_midpoint_feather
2026-08-02T16:53:49Z,89.4759,0.625064,0.636716,0.011652,below_midpoint_feather
2026-08-02T16:54:01Z,89.3645,0.644895,0.655327,0.010432,below_midpoint_feather
2026-08-02T16:54:56Z,89.2378,0.692624,0.684250,-0.008374,below_midpoint_feather
2026-08-02T16:55:12Z,89.2103,0.695894,0.692276,-0.003618,below_midpoint_feather
2026-08-02T16:55:53Z,88.8380,0.783164,0.802466,0.019302,below_midpoint_feather
2026-08-02T16:56:01Z,88.7831,0.804063,0.822890,0.018827,below_midpoint_feather
2026-08-02T16:56:52Z,88.7984,0.844568,0.833751,-0.010816,below_midpoint_feather
2026-08-02T16:57:02Z,88.8518,0.836757,0.819815,-0.016941,below_midpoint_feather
2026-08-02T16:57:34Z,88.7617,0.843549,0.863457,0.019908,below_midpoint_feather
2026-08-02T16:58:09Z,88.7022,0.888032,0.900345,0.012313,below_midpoint_feather
2026-08-02T16:58:34Z,88.8106,0.896599,0.874007,-0.022591,below_midpoint_feather
2026-08-02T16:59:18Z,88.8563,0.863837,0.880134,0.016297,below_midpoint_feather
2026-08-02T16:59:52Z,88.8396,0.907480,0.901046,-0.006434,below_midpoint_feather
2026-08-02T17:00:06Z,88.9113,0.903142,0.884440,-0.018702,below_midpoint_feather
2026-08-02T17:00:26Z,88.9342,0.876960,0.886347,0.009387,below_midpoint_feather
2026-08-02T17:01:03Z,89.3568,0.814126,0.798700,-0.015426,below_midpoint_feather
2026-08-02T17:01:44Z,89.7215,0.762461,0.762826,0.000364,below_midpoint_feather
2026-08-02T17:02:04Z,89.7948,0.761433,0.761575,0.000143,below_midpoint_feather
2026-08-02T17:02:13Z,89.8909,0.761547,0.758650,-0.002897,below_midpoint_feather
2026-08-02T17:03:00Z,90.0694,0.749635,0.747724,-0.001911,in_band
2026-08-02T17:03:59Z,90.1335,0.727972,0.725966,-0.002006,in_band
2026-08-02T17:04:20Z,90.2266,0.719980,0.717969,-0.002011,in_band
2026-08-02T17:04:59Z,90.4402,0.705062,0.703062,-0.002000,in_band
2026-08-02T17:05:00Z,90.4509,0.704680,0.702680,-0.001999,in_band
2026-08-02T17:05:59Z,90.5638,0.682302,0.680345,-0.001956,in_band
2026-08-02T17:06:00Z,90.5379,0.681926,0.679971,-0.001956,in_band
2026-08-02T17:06:59Z,90.7347,0.660065,0.658164,-0.001900,in_band
2026-08-02T17:07:00Z,90.7073,0.659699,0.657800,-0.001899,in_band
2026-08-02T17:07:59Z,90.7713,0.638474,0.636633,-0.001841,in_band
2026-08-02T17:08:00Z,90.7668,0.638120,0.636279,-0.001840,in_band
2026-08-02T17:08:59Z,90.9728,0.617560,0.615778,-0.001782,in_band
2026-08-02T17:09:00Z,90.9865,0.617217,0.615436,-0.001781,in_band
2026-08-02T17:09:59Z,90.9300,0.597321,0.595597,-0.001724,in_band
2026-08-02T17:10:00Z,90.9163,0.596989,0.595266,-0.001723,in_band
2026-08-02T17:10:59Z,91.1360,0.577741,0.576073,-0.001668,in_band
2026-08-02T17:11:00Z,91.1177,0.577420,0.575753,-0.001667,in_band
2026-08-02T17:11:59Z,91.2291,0.558801,0.557188,-0.001613,in_band
2026-08-02T17:12:00Z,91.2139,0.558491,0.556879,-0.001612,in_band
2026-08-02T17:12:59Z,91.3344,0.540481,0.538922,-0.001560,in_band
2026-08-02T17:13:00Z,91.3298,0.540182,0.538622,-0.001559,in_band
2026-08-02T17:13:59Z,91.4717,0.522763,0.521254,-0.001509,in_band
2026-08-02T17:14:15Z,91.5023,0.518137,0.517407,-0.000729,above_band_high
2026-08-02T17:14:16Z,91.5358,0.517177,0.503087,-0.014090,above_band_high
2026-08-02T17:17:30Z,91.6121,0.449612,0.457013,0.007402,above_band_high
2026-08-02T17:17:59Z,91.7830,0.402483,0.381714,-0.020769,above_band_high
2026-08-02T17:18:23Z,91.8883,0.356550,0.333586,-0.022964,above_band_high
2026-08-02T17:18:38Z,91.8608,0.327247,0.342509,0.015262,above_band_high
2026-08-02T17:19:23Z,92.0119,0.285711,0.266009,-0.019702,above_band_high
2026-08-02T17:19:34Z,91.9783,0.262615,0.276641,0.014026,above_band_high
2026-08-02T17:20:20Z,92.0989,0.201632,0.206796,0.005165,above_band_high
2026-08-02T17:20:41Z,92.2042,0.172913,0.151838,-0.021075,above_band_high
2026-08-02T17:21:38Z,92.3812,0.034895,0.043085,0.008191,above_band_high
2026-08-02T17:21:41Z,92.4651,0.030941,0.005238,-0.025703,above_band_high
2026-08-02T17:22:00Z,92.5185,0.000000,0.000000,0.000000,above_band_high
2026-08-02T17:23:00Z,92.7123,0.000000,0.000000,0.000000,above_band_high
2026-08-02T17:24:00Z,92.8359,0.000000,0.000000,0.000000,above_band_high
2026-08-02T17:25:00Z,92.9305,0.000000,0.000000,0.000000,above_band_high
2026-08-02T17:26:00Z,92.9808,0.000000,0.000000,0.000000,above_band_high
2026-08-02T17:27:00Z,93.0877,0.000000,0.000000,0.000000,above_band_high
2026-08-02T17:28:00Z,93.1777,0.000000,0.000000,0.000000,above_band_high
2026-08-02T17:29:00Z,93.2616,0.000000,0.000000,0.000000,above_band_high
2026-08-02T17:30:00Z,93.3379,0.000000,0.000000,0.000000,above_band_high
2026-08-02T17:31:00Z,93.4249,0.000000,0.000000,0.000000,above_band_high
2026-08-02T17:32:00Z,93.5088,0.000000,0.000000,0.000000,above_band_high
2026-08-02T17:33:00Z,93.5454,0.000000,0.000000,0.000000,above_band_high
2026-08-02T17:34:00Z,93.6172,0.000000,0.000000,0.000000,above_band_high
2026-08-02T17:35:00Z,93.6507,0.000000,0.000000,0.000000,above_band_high
2026-08-02T17:36:00Z,93.7057,0.000000,0.000000,0.000000,above_band_high
2026-08-02T17:37:00Z,93.7362,0.000000,0.000000,0.000000,above_band_high
2026-08-02T17:38:00Z,93.8384,0.000000,0.000000,0.000000,above_band_high
2026-08-02T17:39:00Z,93.8979,0.000000,0.000000,0.000000,above_band_high
2026-08-02T17:40:00Z,93.9345,0.000000,0.000000,0.000000,above_band_high
2026-08-02T17:41:00Z,93.9574,0.000000,0.000000,0.000000,above_band_high
2026-08-02T17:42:00Z,94.0383,0.000000,0.000000,0.000000,above_band_high
2026-08-02T17:43:00Z,94.0490,0.000000,0.000000,0.000000,above_band_high
2026-08-02T17:44:00Z,94.0795,0.000000,0.000000,0.000000,above_band_high
2026-08-02T17:45:00Z,94.0978,0.000000,0.000000,0.000000,above_band_high
2026-08-02T17:46:00Z,94.1573,0.000000,0.000000,0.000000,above_band_high
2026-08-02T17:47:00Z,94.2184,0.000000,0.000000,0.000000,above_band_high
2026-08-02T17:48:00Z,94.1497,0.000000,0.000000,0.000000,above_band_high
2026-08-02T17:49:00Z,94.2031,0.000000,0.000000,0.000000,above_band_high
2026-08-02T17:50:00Z,94.1848,0.000000,0.000000,0.000000,above_band_high
2026-08-02T17:51:00Z,94.1863,0.000000,0.000000,0.000000,above_band_high
2026-08-02T17:52:00Z,94.2229,0.000000,0.000000,0.000000,above_band_high
2026-08-02T17:53:00Z,94.2367,0.000000,0.000000,0.000000,above_band_high
2026-08-02T17:54:00Z,94.2397,0.000000,0.000000,0.000000,above_band_high
2026-08-02T17:55:00Z,94.2351,0.000000,0.000000,0.000000,above_band_high
2026-08-02T17:56:00Z,94.2489,0.000000,0.000000,0.000000,above_band_high
2026-08-02T17:57:00Z,94.2916,0.000000,0.000000,0.000000,above_band_high
2026-08-02T17:58:00Z,94.2962,0.000000,0.000000,0.000000,above_band_high
2026-08-02T17:59:00Z,94.3633,0.000000,0.000000,0.000000,above_band_high
2026-08-02T18:00:00Z,94.3496,0.000000,0.000000,0.000000,above_band_high
2026-08-02T18:01:00Z,94.3771,0.000000,0.000000,0.000000,above_band_high
2026-08-02T18:02:00Z,94.3832,0.000000,0.000000,0.000000,above_band_high
2026-08-02T18:03:00Z,94.3633,0.000000,0.000000,0.000000,above_band_high
2026-08-02T18:04:00Z,94.4182,0.000000,0.000000,0.000000,above_band_high
2026-08-02T18:05:00Z,94.4656,0.000000,0.000000,0.000000,above_band_high
2026-08-02T18:06:00Z,94.4656,0.000000,0.000000,0.000000,above_band_high
2026-08-02T18:07:00Z,94.4656,0.000000,0.000000,0.000000,above_band_high
2026-08-02T18:08:00Z,94.4503,0.000000,0.000000,0.000000,above_band_high
2026-08-02T18:09:00Z,94.4656,0.000000,0.000000,0.000000,above_band_high
2026-08-02T18:10:00Z,94.5006,0.000000,0.000000,0.000000,above_band_high
2026-08-02T18:11:00Z,94.5296,0.000000,0.000000,0.000000,above_band_high
2026-08-02T18:12:00Z,94.5525,0.000000,0.000000,0.000000,above_band_high
2026-08-02T18:13:00Z,94.5693,0.000000,0.000000,0.000000,above_band_high
2026-08-02T18:14:00Z,94.5922,0.000000,0.000000,0.000000,above_band_high
2026-08-02T18:15:00Z,94.6349,0.000000,0.000000,0.000000,above_band_high
2026-08-02T18:16:00Z,94.6166,0.000000,0.000000,0.000000,above_band_high
2026-08-02T18:17:00Z,94.6334,0.000000,0.000000,0.000000,above_band_high
2026-08-02T18:18:00Z,94.6715,0.000000,0.000000,0.000000,above_band_high
2026-08-02T18:19:00Z,94.6990,0.000000,0.000000,0.000000,above_band_high
2026-08-02T18:20:00Z,94.7448,0.000000,0.000000,0.000000,above_band_high
2026-08-02T18:21:00Z,94.7066,0.000000,0.000000,0.000000,above_band_high
2026-08-02T18:22:00Z,94.7341,0.000000,0.000000,0.000000,above_band_high
2026-08-02T18:23:00Z,94.7890,0.000000,0.000000,0.000000,above_band_high
2026-08-02T18:24:00Z,94.7723,0.000000,0.000000,0.000000,above_band_high
2026-08-02T18:25:00Z,94.8089,0.000000,0.000000,0.000000,above_band_high
2026-08-02T18:26:00Z,94.8363,0.000000,0.000000,0.000000,above_band_high
2026-08-02T18:27:00Z,94.8180,0.000000,0.000000,0.000000,above_band_high
2026-08-02T18:28:00Z,94.8501,0.000000,0.000000,0.000000,above_band_high
2026-08-02T18:29:00Z,94.8638,0.000000,0.000000,0.000000,above_band_high
2026-08-02T18:30:00Z,94.8760,0.000000,0.000000,0.000000,above_band_high
2026-08-02T18:31:00Z,94.8577,0.000000,0.000000,0.000000,above_band_high
2026-08-02T18:32:00Z,94.8592,0.000000,0.000000,0.000000,above_band_high
2026-08-02T18:33:00Z,94.8363,0.000000,0.000000,0.000000,above_band_high
2026-08-02T18:34:00Z,94.8455,0.000000,0.000000,0.000000,above_band_high
2026-08-02T18:35:00Z,94.8455,0.000000,0.000000,0.000000,above_band_high
2026-08-02T18:36:00Z,94.8623,0.000000,0.000000,0.000000,above_band_high
2026-08-02T18:37:00Z,94.8318,0.000000,0.000000,0.000000,above_band_high
2026-08-02T18:38:00Z,94.8440,0.000000,0.000000,0.000000,above_band_high
2026-08-02T18:39:00Z,94.8638,0.000000,0.000000,0.000000,above_band_high
2026-08-02T18:40:00Z,94.8318,0.000000,0.000000,0.000000,above_band_high
2026-08-02T18:41:00Z,94.8409,0.000000,0.000000,0.000000,above_band_high
2026-08-02T18:42:00Z,94.8272,0.000000,0.000000,0.000000,above_band_high
2026-08-02T18:43:00Z,94.7768,0.000000,0.000000,0.000000,above_band_high
2026-08-02T18:44:00Z,94.7997,0.000000,0.000000,0.000000,above_band_high
2026-08-02T18:45:00Z,94.7890,0.000000,0.000000,0.000000,above_band_high
2026-08-02T18:46:00Z,94.7753,0.000000,0.000000,0.000000,above_band_high
2026-08-02T18:47:00Z,94.7631,0.000000,0.000000,0.000000,above_band_high
2026-08-02T18:48:00Z,94.7570,0.000000,0.000000,0.000000,above_band_high
2026-08-02T18:49:00Z,94.7478,0.000000,0.000000,0.000000,above_band_high
2026-08-02T18:50:00Z,94.7616,0.000000,0.000000,0.000000,above_band_high
2026-08-02T18:51:00Z,94.7311,0.000000,0.000000,0.000000,above_band_high
2026-08-02T18:52:00Z,94.7402,0.000000,0.000000,0.000000,above_band_high
2026-08-02T18:53:00Z,94.6853,0.000000,0.000000,0.000000,above_band_high
2026-08-02T18:54:00Z,94.6838,0.000000,0.000000,0.000000,above_band_high
2026-08-02T18:55:00Z,94.6441,0.000000,0.000000,0.000000,above_band_high
2026-08-02T18:56:00Z,94.6670,0.000000,0.000000,0.000000,above_band_high
2026-08-02T18:57:00Z,94.6334,0.000000,0.000000,0.000000,above_band_high
2026-08-02T18:58:00Z,94.5922,0.000000,0.000000,0.000000,above_band_high
2026-08-02T18:59:00Z,94.6075,0.000000,0.000000,0.000000,above_band_high
2026-08-02T19:00:00Z,94.6075,0.000000,0.000000,0.000000,above_band_high
2026-08-02T19:01:00Z,94.6380,0.000000,0.000000,0.000000,above_band_high
2026-08-02T19:02:00Z,94.5693,0.000000,0.000000,0.000000,above_band_high
2026-08-02T19:03:00Z,94.6075,0.000000,0.000000,0.000000,above_band_high
2026-08-02T19:04:00Z,94.6120,0.000000,0.000000,0.000000,above_band_high
2026-08-02T19:05:00Z,94.6029,0.000000,0.000000,0.000000,above_band_high
2026-08-02T19:06:00Z,94.6349,0.000000,0.000000,0.000000,above_band_high
2026-08-02T19:07:00Z,94.6609,0.000000,0.000000,0.000000,above_band_high
2026-08-02T19:08:00Z,94.6654,0.000000,0.000000,0.000000,above_band_high
2026-08-02T19:09:00Z,94.6746,0.000000,0.000000,0.000000,above_band_high
2026-08-02T19:10:00Z,94.6853,0.000000,0.000000,0.000000,above_band_high
2026-08-02T19:11:00Z,94.6517,0.000000,0.000000,0.000000,above_band_high
2026-08-02T19:12:00Z,94.6700,0.000000,0.000000,0.000000,above_band_high
2026-08-02T19:13:00Z,94.6792,0.000000,0.000000,0.000000,above_band_high
2026-08-02T19:14:00Z,94.7066,0.000000,0.000000,0.000000,above_band_high
2026-08-02T19:15:00Z,94.6349,0.000000,0.000000,0.000000,above_band_high
2026-08-02T19:16:00Z,94.6746,0.000000,0.000000,0.000000,above_band_high
2026-08-02T19:17:00Z,94.6532,0.000000,0.000000,0.000000,above_band_high
2026-08-02T19:18:00Z,94.6853,0.000000,0.000000,0.000000,above_band_high
2026-08-02T19:19:00Z,94.6624,0.000000,0.000000,0.000000,above_band_high
2026-08-02T19:20:00Z,94.6746,0.000000,0.000000,0.000000,above_band_high
2026-08-02T19:21:00Z,94.6700,0.000000,0.000000,0.000000,above_band_high
2026-08-02T19:22:00Z,94.6853,0.000000,0.000000,0.000000,above_band_high
2026-08-02T19:23:00Z,94.6609,0.000000,0.000000,0.000000,above_band_high
2026-08-02T19:24:00Z,94.6441,0.000000,0.000000,0.000000,above_band_high
2026-08-02T19:25:00Z,94.6395,0.000000,0.000000,0.000000,above_band_high
2026-08-02T19:26:00Z,94.6487,0.000000,0.000000,0.000000,above_band_high
2026-08-02T19:27:00Z,94.5937,0.000000,0.000000,0.000000,above_band_high
2026-08-02T19:28:00Z,94.5785,0.000000,0.000000,0.000000,above_band_high
2026-08-02T19:29:00Z,94.5602,0.000000,0.000000,0.000000,above_band_high
2026-08-02T19:30:00Z,94.5190,0.000000,0.000000,0.000000,above_band_high
2026-08-02T19:31:00Z,94.5342,0.000000,0.000000,0.000000,above_band_high
2026-08-02T19:32:00Z,94.4747,0.000000,0.000000,0.000000,above_band_high
2026-08-02T19:33:00Z,94.4106,0.000000,0.000000,0.000000,above_band_high
2026-08-02T19:34:00Z,94.4289,0.000000,0.000000,0.000000,above_band_high
2026-08-02T19:35:00Z,94.3587,0.000000,0.000000,0.000000,above_band_high
2026-08-02T19:36:00Z,94.3740,0.000000,0.000000,0.000000,above_band_high
2026-08-02T19:37:00Z,94.3633,0.000000,0.000000,0.000000,above_band_high
2026-08-02T19:38:00Z,94.3511,0.000000,0.000000,0.000000,above_band_high
2026-08-02T19:39:00Z,94.4228,0.000000,0.000000,0.000000,above_band_high
2026-08-02T19:40:00Z,94.3862,0.000000,0.000000,0.000000,above_band_high
2026-08-02T19:41:00Z,94.3862,0.000000,0.000000,0.000000,above_band_high
2026-08-02T19:42:00Z,94.3648,0.000000,0.000000,0.000000,above_band_high
2026-08-02T19:43:00Z,94.3771,0.000000,0.000000,0.000000,above_band_high
2026-08-02T19:44:00Z,94.3786,0.000000,0.000000,0.000000,above_band_high
2026-08-02T19:45:00Z,94.3679,0.000000,0.000000,0.000000,above_band_high
2026-08-02T19:46:00Z,94.3465,0.000000,0.000000,0.000000,above_band_high
2026-08-02T19:47:00Z,94.3450,0.000000,0.000000,0.000000,above_band_high
2026-08-02T19:48:00Z,94.2779,0.000000,0.000000,0.000000,above_band_high
2026-08-02T19:49:00Z,94.2733,0.000000,0.000000,0.000000,above_band_high
2026-08-02T19:50:00Z,94.2367,0.000000,0.000000,0.000000,above_band_high
2026-08-02T19:51:00Z,94.2214,0.000000,0.000000,0.000000,above_band_high
2026-08-02T19:52:00Z,94.1817,0.000000,0.000000,0.000000,above_band_high
2026-08-02T19:53:00Z,94.1665,0.000000,0.000000,0.000000,above_band_high
2026-08-02T19:54:00Z,94.1405,0.000000,0.000000,0.000000,above_band_high
2026-08-02T19:55:00Z,94.0948,0.000000,0.000000,0.000000,above_band_high
2026-08-02T19:56:00Z,94.0520,0.000000,0.000000,0.000000,above_band_high
2026-08-02T19:57:00Z,94.0383,0.000000,0.000000,0.000000,above_band_high
2026-08-02T19:58:00Z,94.0612,0.000000,0.000000,0.000000,above_band_high
2026-08-02T19:59:00Z,93.9925,0.000000,0.000000,0.000000,above_band_high
2026-08-02T20:00:00Z,93.9834,0.000000,0.000000,0.000000,above_band_high
2026-08-02T20:01:00Z,93.9696,0.000000,0.000000,0.000000,above_band_high
2026-08-02T20:02:00Z,93.9055,0.000000,0.000000,0.000000,above_band_high
2026-08-02T20:03:00Z,93.8933,0.000000,0.000000,0.000000,above_band_high
2026-08-02T20:04:00Z,93.8659,0.000000,0.000000,0.000000,above_band_high
2026-08-02T20:05:00Z,93.8659,0.000000,0.000000,0.000000,above_band_high
2026-08-02T20:06:00Z,93.8201,0.000000,0.000000,0.000000,above_band_high
2026-08-02T20:07:00Z,93.8521,0.000000,0.000000,0.000000,above_band_high
2026-08-02T20:08:00Z,93.8506,0.000000,0.000000,0.000000,above_band_high
2026-08-02T20:09:00Z,93.8338,0.000000,0.000000,0.000000,above_band_high
2026-08-02T20:10:00Z,93.8201,0.000000,0.000000,0.000000,above_band_high
2026-08-02T20:11:00Z,93.8872,0.000000,0.000000,0.000000,above_band_high
2026-08-02T20:12:00Z,93.8613,0.000000,0.000000,0.000000,above_band_high
2026-08-02T20:13:00Z,93.8689,0.000000,0.000000,0.000000,above_band_high
2026-08-02T20:14:00Z,93.8827,0.000000,0.000000,0.000000,above_band_high
2026-08-02T20:15:00Z,93.9010,0.000000,0.000000,0.000000,above_band_high
2026-08-02T20:16:00Z,93.9010,0.000000,0.000000,0.000000,above_band_high
2026-08-02T20:17:00Z,93.9071,0.000000,0.000000,0.000000,above_band_high
2026-08-02T20:18:00Z,93.9239,0.000000,0.000000,0.000000,above_band_high
2026-08-02T20:19:00Z,93.9422,0.000000,0.000000,0.000000,above_band_high
2026-08-02T20:20:00Z,93.9559,0.000000,0.000000,0.000000,above_band_high
2026-08-02T20:21:00Z,93.9513,0.000000,0.000000,0.000000,above_band_high
2026-08-02T20:22:00Z,93.9391,0.000000,0.000000,0.000000,above_band_high
2026-08-02T20:23:00Z,93.9422,0.000000,0.000000,0.000000,above_band_high
2026-08-02T20:24:00Z,93.9605,0.000000,0.000000,0.000000,above_band_high
2026-08-02T20:25:00Z,93.9879,0.000000,0.000000,0.000000,above_band_high
2026-08-02T20:26:00Z,93.9712,0.000000,0.000000,0.000000,above_band_high
2026-08-02T20:27:00Z,94.0215,0.000000,0.000000,0.000000,above_band_high
2026-08-02T20:28:00Z,94.0017,0.000000,0.000000,0.000000,above_band_high
2026-08-02T20:29:00Z,94.0200,0.000000,0.000000,0.000000,above_band_high
2026-08-02T20:30:00Z,94.0200,0.000000,0.000000,0.000000,above_band_high
2026-08-02T20:31:00Z,94.0581,0.000000,0.000000,0.000000,above_band_high
2026-08-02T20:32:00Z,94.0291,0.000000,0.000000,0.000000,above_band_high
2026-08-02T20:33:00Z,94.0352,0.000000,0.000000,0.000000,above_band_high
2026-08-02T20:34:00Z,94.0490,0.000000,0.000000,0.000000,above_band_high
2026-08-02T20:35:00Z,94.0337,0.000000,0.000000,0.000000,above_band_high
2026-08-02T20:36:00Z,94.0429,0.000000,0.000000,0.000000,above_band_high
2026-08-02T20:37:00Z,94.0795,0.000000,0.000000,0.000000,above_band_high
2026-08-02T20:38:00Z,94.0658,0.000000,0.000000,0.000000,above_band_high
2026-08-02T20:39:00Z,94.0581,0.000000,0.000000,0.000000,above_band_high
2026-08-02T20:40:00Z,94.0764,0.000000,0.000000,0.000000,above_band_high
2026-08-02T20:41:00Z,94.0764,0.000000,0.000000,0.000000,above_band_high
2026-08-02T20:42:00Z,94.0581,0.000000,0.000000,0.000000,above_band_high
2026-08-02T20:43:00Z,94.0719,0.000000,0.000000,0.000000,above_band_high
2026-08-02T20:44:00Z,94.0719,0.000000,0.000000,0.000000,above_band_high
2026-08-02T20:45:00Z,94.0841,0.000000,0.000000,0.000000,above_band_high
2026-08-02T20:46:00Z,94.0475,0.000000,0.000000,0.000000,above_band_high
2026-08-02T20:47:00Z,94.0932,0.000000,0.000000,0.000000,above_band_high
2026-08-02T20:48:00Z,94.0719,0.000000,0.000000,0.000000,above_band_high
2026-08-02T20:49:00Z,94.0475,0.000000,0.000000,0.000000,above_band_high
2026-08-02T20:50:00Z,94.0932,0.000000,0.000000,0.000000,above_band_high
2026-08-02T20:51:00Z,94.0337,0.000000,0.000000,0.000000,above_band_high
2026-08-02T20:52:00Z,94.0429,0.000000,0.000000,0.000000,above_band_high
2026-08-02T20:53:00Z,94.0719,0.000000,0.000000,0.000000,above_band_high
2026-08-02T20:54:00Z,94.0429,0.000000,0.000000,0.000000,above_band_high
2026-08-02T20:55:00Z,94.0566,0.000000,0.000000,0.000000,above_band_high
2026-08-02T20:56:00Z,94.0475,0.000000,0.000000,0.000000,above_band_high
2026-08-02T20:57:00Z,94.1039,0.000000,0.000000,0.000000,above_band_high
2026-08-02T20:58:00Z,94.0581,0.000000,0.000000,0.000000,above_band_high
2026-08-02T20:59:00Z,94.0291,0.000000,0.000000,0.000000,above_band_high
2026-08-02T21:00:00Z,94.0887,0.000000,0.000000,0.000000,above_band_high
2026-08-02T21:01:00Z,94.0429,0.000000,0.000000,0.000000,above_band_high
2026-08-02T21:02:00Z,94.0581,0.000000,0.000000,0.000000,above_band_high
2026-08-02T21:03:00Z,94.1024,0.000000,0.000000,0.000000,above_band_high
2026-08-02T21:04:00Z,94.0841,0.000000,0.000000,0.000000,above_band_high
2026-08-02T21:05:00Z,94.0764,0.000000,0.000000,0.000000,above_band_high
2026-08-02T21:06:00Z,94.0856,0.000000,0.000000,0.000000,above_band_high
2026-08-02T21:07:00Z,94.1176,0.000000,0.000000,0.000000,above_band_high
2026-08-02T21:08:00Z,94.0795,0.000000,0.000000,0.000000,above_band_high
2026-08-02T21:09:00Z,94.0841,0.000000,0.000000,0.000000,above_band_high
2026-08-02T21:10:00Z,94.0703,0.000000,0.000000,0.000000,above_band_high
2026-08-02T21:11:00Z,94.0841,0.000000,0.000000,0.000000,above_band_high
2026-08-02T21:12:00Z,94.0993,0.000000,0.000000,0.000000,above_band_high
2026-08-02T21:13:00Z,94.0993,0.000000,0.000000,0.000000,above_band_high
2026-08-02T21:14:00Z,94.0536,0.000000,0.000000,0.000000,above_band_high
2026-08-02T21:15:00Z,94.0719,0.000000,0.000000,0.000000,above_band_high
2026-08-02T21:16:00Z,94.0719,0.000000,0.000000,0.000000,above_band_high
2026-08-02T21:17:00Z,94.0520,0.000000,0.000000,0.000000,above_band_high
2026-08-02T21:18:00Z,94.1039,0.000000,0.000000,0.000000,above_band_high
2026-08-02T21:19:00Z,94.0703,0.000000,0.000000,0.000000,above_band_high
2026-08-02T21:20:00Z,94.0978,0.000000,0.000000,0.000000,above_band_high
2026-08-02T21:21:00Z,94.1131,0.000000,0.000000,0.000000,above_band_high
2026-08-02T21:22:00Z,94.0719,0.000000,0.000000,0.000000,above_band_high
2026-08-02T21:23:00Z,94.0749,0.000000,0.000000,0.000000,above_band_high
2026-08-02T21:24:00Z,94.1131,0.000000,0.000000,0.000000,above_band_high
2026-08-02T21:25:00Z,94.0749,0.000000,0.000000,0.000000,above_band_high
2026-08-02T21:26:00Z,94.1268,0.000000,0.000000,0.000000,above_band_high
2026-08-02T21:27:00Z,94.1268,0.000000,0.000000,0.000000,above_band_high
2026-08-02T21:28:00Z,94.1390,0.000000,0.000000,0.000000,above_band_high
2026-08-02T21:29:00Z,94.1405,0.000000,0.000000,0.000000,above_band_high
2026-08-02T21:30:00Z,94.1543,0.000000,0.000000,0.000000,above_band_high
2026-08-02T21:31:00Z,94.1527,0.000000,0.000000,0.000000,above_band_high
2026-08-02T21:32:00Z,94.1314,0.000000,0.000000,0.000000,above_band_high
2026-08-02T21:33:00Z,94.1405,0.000000,0.000000,0.000000,above_band_high
2026-08-02T21:34:00Z,94.1543,0.000000,0.000000,0.000000,above_band_high
2026-08-02T21:35:00Z,94.1711,0.000000,0.000000,0.000000,above_band_high
2026-08-02T21:36:00Z,94.1527,0.000000,0.000000,0.000000,above_band_high
2026-08-02T21:37:00Z,94.1756,0.000000,0.000000,0.000000,above_band_high
2026-08-02T21:38:00Z,94.1726,0.000000,0.000000,0.000000,above_band_high
2026-08-02T21:39:00Z,94.1726,0.000000,0.000000,0.000000,above_band_high
2026-08-02T21:40:00Z,94.1939,0.000000,0.000000,0.000000,above_band_high
2026-08-02T21:41:00Z,94.1756,0.000000,0.000000,0.000000,above_band_high
2026-08-02T21:42:00Z,94.1802,0.000000,0.000000,0.000000,above_band_high
2026-08-02T21:43:00Z,94.1726,0.000000,0.000000,0.000000,above_band_high
2026-08-02T21:44:00Z,94.1939,0.000000,0.000000,0.000000,above_band_high
2026-08-02T21:45:00Z,94.1802,0.000000,0.000000,0.000000,above_band_high
2026-08-02T21:46:00Z,94.1955,0.000000,0.000000,0.000000,above_band_high
2026-08-02T21:47:00Z,94.2000,0.000000,0.000000,0.000000,above_band_high
2026-08-02T21:48:00Z,94.2184,0.000000,0.000000,0.000000,above_band_high
2026-08-02T21:49:00Z,94.1909,0.000000,0.000000,0.000000,above_band_high
2026-08-02T21:50:00Z,94.2031,0.000000,0.000000,0.000000,above_band_high
2026-08-02T21:51:00Z,94.2123,0.000000,0.000000,0.000000,above_band_high
2026-08-02T21:52:00Z,94.1817,0.000000,0.000000,0.000000,above_band_high
2026-08-02T21:53:00Z,94.2077,0.000000,0.000000,0.000000,above_band_high
2026-08-02T21:54:00Z,94.1573,0.000000,0.000000,0.000000,above_band_high
2026-08-02T21:55:00Z,94.2138,0.000000,0.000000,0.000000,above_band_high
2026-08-02T21:56:00Z,94.2123,0.000000,0.000000,0.000000,above_band_high
2026-08-02T21:57:00Z,94.2535,0.000000,0.000000,0.000000,above_band_high
2026-08-02T21:58:00Z,94.2351,0.000000,0.000000,0.000000,above_band_high
2026-08-02T21:59:00Z,94.2214,0.000000,0.000000,0.000000,above_band_high
2026-08-02T22:00:00Z,94.2214,0.000000,0.000000,0.000000,above_band_high
2026-08-02T22:01:00Z,94.2351,0.000000,0.000000,0.000000,above_band_high
2026-08-02T22:02:00Z,94.2306,0.000000,0.000000,0.000000,above_band_high
2026-08-02T22:03:00Z,94.2626,0.000000,0.000000,0.000000,above_band_high
2026-08-02T22:04:00Z,94.2596,0.000000,0.000000,0.000000,above_band_high
2026-08-02T22:05:00Z,94.2809,0.000000,0.000000,0.000000,above_band_high
2026-08-02T22:06:00Z,94.2672,0.000000,0.000000,0.000000,above_band_high
2026-08-02T22:07:00Z,94.2672,0.000000,0.000000,0.000000,above_band_high
2026-08-02T22:08:00Z,94.3008,0.000000,0.000000,0.000000,above_band_high
2026-08-02T22:09:00Z,94.3130,0.000000,0.000000,0.000000,above_band_high
2026-08-02T22:10:00Z,94.2504,0.000000,0.000000,0.000000,above_band_high
2026-08-02T22:11:00Z,94.3145,0.000000,0.000000,0.000000,above_band_high
2026-08-02T22:12:00Z,94.2672,0.000000,0.000000,0.000000,above_band_high
2026-08-02T22:13:00Z,94.3038,0.000000,0.000000,0.000000,above_band_high
2026-08-02T22:14:00Z,94.3359,0.000000,0.000000,0.000000,above_band_high
2026-08-02T22:15:00Z,94.3130,0.000000,0.000000,0.000000,above_band_high
2026-08-02T22:16:00Z,94.3313,0.000000,0.000000,0.000000,above_band_high
2026-08-02T22:17:00Z,94.2733,0.000000,0.000000,0.000000,above_band_high
2026-08-02T22:18:00Z,94.2947,0.000000,0.000000,0.000000,above_band_high
2026-08-02T22:19:00Z,94.3084,0.000000,0.000000,0.000000,above_band_high
2026-08-02T22:20:00Z,94.2855,0.000000,0.000000,0.000000,above_band_high
2026-08-02T22:21:00Z,94.2901,0.000000,0.000000,0.000000,above_band_high
2026-08-02T22:22:00Z,94.2489,0.000000,0.000000,0.000000,above_band_high
2026-08-02T22:23:00Z,94.2443,0.000000,0.000000,0.000000,above_band_high
2026-08-02T22:24:00Z,94.2855,0.000000,0.000000,0.000000,above_band_high
2026-08-02T22:25:00Z,94.3008,0.000000,0.000000,0.000000,above_band_high
2026-08-02T22:26:00Z,94.2367,0.000000,0.000000,0.000000,above_band_high
2026-08-02T22:27:00Z,94.2779,0.000000,0.000000,0.000000,above_band_high
2026-08-02T22:28:00Z,94.2901,0.000000,0.000000,0.000000,above_band_high
2026-08-02T22:29:00Z,94.2763,0.000000,0.000000,0.000000,above_band_high
2026-08-02T22:30:00Z,94.3053,0.000000,0.000000,0.000000,above_band_high
2026-08-02T22:31:00Z,94.2962,0.000000,0.000000,0.000000,above_band_high
2026-08-02T22:32:00Z,94.3053,0.000000,0.000000,0.000000,above_band_high
2026-08-02T22:33:00Z,94.2962,0.000000,0.000000,0.000000,above_band_high
2026-08-02T22:34:00Z,94.3099,0.000000,0.000000,0.000000,above_band_high
2026-08-02T22:35:00Z,94.2947,0.000000,0.000000,0.000000,above_band_high
2026-08-02T22:36:00Z,94.2992,0.000000,0.000000,0.000000,above_band_high
2026-08-02T22:37:00Z,94.2763,0.000000,0.000000,0.000000,above_band_high
2026-08-02T22:38:00Z,94.2870,0.000000,0.000000,0.000000,above_band_high
2026-08-02T22:39:00Z,94.3145,0.000000,0.000000,0.000000,above_band_high
2026-08-02T22:40:00Z,94.3267,0.000000,0.000000,0.000000,above_band_high
2026-08-02T22:41:00Z,94.2870,0.000000,0.000000,0.000000,above_band_high
2026-08-02T22:42:00Z,94.3053,0.000000,0.000000,0.000000,above_band_high
2026-08-02T22:43:00Z,94.3175,0.000000,0.000000,0.000000,above_band_high
2026-08-02T22:44:00Z,94.2718,0.000000,0.000000,0.000000,above_band_high
2026-08-02T22:45:00Z,94.3053,0.000000,0.000000,0.000000,above_band_high
2026-08-02T22:46:00Z,94.2962,0.000000,0.000000,0.000000,above_band_high
2026-08-02T22:47:00Z,94.3404,0.000000,0.000000,0.000000,above_band_high
2026-08-02T22:48:00Z,94.3267,0.000000,0.000000,0.000000,above_band_high
2026-08-02T22:49:00Z,94.2809,0.000000,0.000000,0.000000,above_band_high
2026-08-02T22:50:00Z,94.3191,0.000000,0.000000,0.000000,above_band_high
2026-08-02T22:51:00Z,94.2916,0.000000,0.000000,0.000000,above_band_high
2026-08-02T22:52:00Z,94.3145,0.000000,0.000000,0.000000,above_band_high
2026-08-02T22:53:00Z,94.3145,0.000000,0.000000,0.000000,above_band_high
2026-08-02T22:54:00Z,94.3374,0.000000,0.000000,0.000000,above_band_high
2026-08-02T22:55:00Z,94.3145,0.000000,0.000000,0.000000,above_band_high
2026-08-02T22:56:00Z,94.3145,0.000000,0.000000,0.000000,above_band_high
2026-08-02T22:57:00Z,94.3420,0.000000,0.000000,0.000000,above_band_high
2026-08-02T22:58:00Z,94.3084,0.000000,0.000000,0.000000,above_band_high
2026-08-02T22:59:00Z,94.3313,0.000000,0.000000,0.000000,above_band_high
2026-08-02T23:00:00Z,94.2992,0.000000,0.000000,0.000000,above_band_high
2026-08-02T23:01:00Z,94.3130,0.000000,0.000000,0.000000,above_band_high
2026-08-02T23:02:00Z,94.3053,0.000000,0.000000,0.000000,above_band_high
2026-08-02T23:03:00Z,94.2443,0.000000,0.000000,0.000000,above_band_high
2026-08-02T23:04:00Z,94.2733,0.000000,0.000000,0.000000,above_band_high
2026-08-02T23:05:00Z,94.2809,0.000000,0.000000,0.000000,above_band_high
2026-08-02T23:06:00Z,94.2596,0.000000,0.000000,0.000000,above_band_high
2026-08-02T23:07:00Z,94.2489,0.000000,0.000000,0.000000,above_band_high
2026-08-02T23:08:00Z,94.3175,0.000000,0.000000,0.000000,above_band_high
2026-08-02T23:09:00Z,94.2535,0.000000,0.000000,0.000000,above_band_high
2026-08-02T23:10:00Z,94.2672,0.000000,0.000000,0.000000,above_band_high
2026-08-02T23:11:00Z,94.2809,0.000000,0.000000,0.000000,above_band_high
2026-08-02T23:12:00Z,94.1985,0.000000,0.000000,0.000000,above_band_high
2026-08-02T23:13:00Z,94.2550,0.000000,0.000000,0.000000,above_band_high
2026-08-02T23:14:00Z,94.2306,0.000000,0.000000,0.000000,above_band_high
2026-08-02T23:15:00Z,94.2092,0.000000,0.000000,0.000000,above_band_high
2026-08-02T23:16:00Z,94.2229,0.000000,0.000000,0.000000,above_band_high
2026-08-02T23:17:00Z,94.2260,0.000000,0.000000,0.000000,above_band_high
2026-08-02T23:18:00Z,94.2184,0.000000,0.000000,0.000000,above_band_high
2026-08-02T23:19:00Z,94.2046,0.000000,0.000000,0.000000,above_band_high
2026-08-02T23:20:00Z,94.2046,0.000000,0.000000,0.000000,above_band_high
2026-08-02T23:21:00Z,94.1894,0.000000,0.000000,0.000000,above_band_high
2026-08-02T23:22:00Z,94.2306,0.000000,0.000000,0.000000,above_band_high
2026-08-02T23:23:00Z,94.1665,0.000000,0.000000,0.000000,above_band_high
2026-08-02T23:24:00Z,94.2504,0.000000,0.000000,0.000000,above_band_high
2026-08-02T23:25:00Z,94.2275,0.000000,0.000000,0.000000,above_band_high
2026-08-02T23:26:00Z,94.2229,0.000000,0.000000,0.000000,above_band_high
2026-08-02T23:27:00Z,94.2397,0.000000,0.000000,0.000000,above_band_high
2026-08-02T23:28:00Z,94.2077,0.000000,0.000000,0.000000,above_band_high
2026-08-02T23:29:00Z,94.2229,0.000000,0.000000,0.000000,above_band_high
2026-08-02T23:30:00Z,94.1863,0.000000,0.000000,0.000000,above_band_high
2026-08-02T23:31:00Z,94.2214,0.000000,0.000000,0.000000,above_band_high
2026-08-02T23:32:00Z,94.2000,0.000000,0.000000,0.000000,above_band_high
2026-08-02T23:33:00Z,94.1863,0.000000,0.000000,0.000000,above_band_high
2026-08-02T23:34:00Z,94.2077,0.000000,0.000000,0.000000,above_band_high
2026-08-02T23:35:00Z,94.2138,0.000000,0.000000,0.000000,above_band_high
2026-08-02T23:36:00Z,94.2260,0.000000,0.000000,0.000000,above_band_high
2026-08-02T23:37:00Z,94.2260,0.000000,0.000000,0.000000,above_band_high
2026-08-02T23:38:00Z,94.2275,0.000000,0.000000,0.000000,above_band_high
2026-08-02T23:39:00Z,94.2092,0.000000,0.000000,0.000000,above_band_high
2026-08-02T23:40:00Z,94.2184,0.000000,0.000000,0.000000,above_band_high
2026-08-02T23:41:00Z,94.2031,0.000000,0.000000,0.000000,above_band_high
2026-08-02T23:42:00Z,94.1985,0.000000,0.000000,0.000000,above_band_high
2026-08-02T23:43:00Z,94.2275,0.000000,0.000000,0.000000,above_band_high
2026-08-02T23:44:00Z,94.2321,0.000000,0.000000,0.000000,above_band_high
2026-08-02T23:45:00Z,94.2351,0.000000,0.000000,0.000000,above_band_high
2026-08-02T23:46:00Z,94.2306,0.000000,0.000000,0.000000,above_band_high
2026-08-02T23:47:00Z,94.2672,0.000000,0.000000,0.000000,above_band_high
2026-08-02T23:48:00Z,94.2535,0.000000,0.000000,0.000000,above_band_high
2026-08-02T23:49:00Z,94.2763,0.000000,0.000000,0.000000,above_band_high
2026-08-02T23:50:00Z,94.2596,0.000000,0.000000,0.000000,above_band_high
2026-08-02T23:51:00Z,94.2535,0.000000,0.000000,0.000000,above_band_high
2026-08-02T23:52:00Z,94.2596,0.000000,0.000000,0.000000,above_band_high
2026-08-02T23:53:00Z,94.2809,0.000000,0.000000,0.000000,above_band_high
2026-08-02T23:54:00Z,94.2992,0.000000,0.000000,0.000000,above_band_high
2026-08-02T23:55:00Z,94.2641,0.000000,0.000000,0.000000,above_band_high
2026-08-02T23:56:00Z,94.2535,0.000000,0.000000,0.000000,above_band_high
2026-08-02T23:57:00Z,94.3145,0.000000,0.000000,0.000000,above_band_high
2026-08-02T23:58:00Z,94.3145,0.000000,0.000000,0.000000,above_band_high
2026-08-02T23:59:00Z,94.3145,0.000000,0.000000,0.000000,above_band_high
2026-08-03T00:00:00Z,94.3008,0.000000,0.000000,0.000000,above_band_high
2026-08-03T00:01:00Z,94.3084,0.000000,0.000000,0.000000,above_band_high
2026-08-03T00:02:00Z,94.3145,0.000000,0.000000,0.000000,above_band_high
2026-08-03T00:03:00Z,94.2870,0.000000,0.000000,0.000000,above_band_high
2026-08-03T00:04:00Z,94.3313,0.000000,0.000000,0.000000,above_band_high
2026-08-03T00:05:00Z,94.3236,0.000000,0.000000,0.000000,above_band_high
2026-08-03T00:06:00Z,94.3236,0.000000,0.000000,0.000000,above_band_high
2026-08-03T00:07:00Z,94.3236,0.000000,0.000000,0.000000,above_band_high
2026-08-03T00:08:00Z,94.3313,0.000000,0.000000,0.000000,above_band_high
2026-08-03T00:09:00Z,94.3374,0.000000,0.000000,0.000000,above_band_high
2026-08-03T00:10:00Z,94.3420,0.000000,0.000000,0.000000,above_band_high
2026-08-03T00:11:00Z,94.3313,0.000000,0.000000,0.000000,above_band_high
2026-08-03T00:12:00Z,94.3587,0.000000,0.000000,0.000000,above_band_high
2026-08-03T00:13:00Z,94.3313,0.000000,0.000000,0.000000,above_band_high
2026-08-03T00:14:00Z,94.3587,0.000000,0.000000,0.000000,above_band_high
2026-08-03T00:15:00Z,94.3282,0.000000,0.000000,0.000000,above_band_high
2026-08-03T00:16:00Z,94.3694,0.000000,0.000000,0.000000,above_band_high
2026-08-03T00:17:00Z,94.3542,0.000000,0.000000,0.000000,above_band_high
2026-08-03T00:18:00Z,94.3420,0.000000,0.000000,0.000000,above_band_high
2026-08-03T00:19:00Z,94.3587,0.000000,0.000000,0.000000,above_band_high
2026-08-03T00:20:00Z,94.3450,0.000000,0.000000,0.000000,above_band_high
2026-08-03T00:21:00Z,94.3877,0.000000,0.000000,0.000000,above_band_high
2026-08-03T00:22:00Z,94.3771,0.000000,0.000000,0.000000,above_band_high
2026-08-03T00:23:00Z,94.3420,0.000000,0.000000,0.000000,above_band_high
2026-08-03T00:24:00Z,94.3694,0.000000,0.000000,0.000000,above_band_high
2026-08-03T00:25:00Z,94.3969,0.000000,0.000000,0.000000,above_band_high
2026-08-03T00:26:00Z,94.3877,0.000000,0.000000,0.000000,above_band_high
2026-08-03T00:27:00Z,94.3923,0.000000,0.000000,0.000000,above_band_high
2026-08-03T00:28:00Z,94.4106,0.000000,0.000000,0.000000,above_band_high
2026-08-03T00:29:00Z,94.4457,0.000000,0.000000,0.000000,above_band_high
2026-08-03T00:30:00Z,94.3862,0.000000,0.000000,0.000000,above_band_high
2026-08-03T00:31:00Z,94.4320,0.000000,0.000000,0.000000,above_band_high
2026-08-03T00:32:00Z,94.4427,0.000000,0.000000,0.000000,above_band_high
2026-08-03T00:33:00Z,94.4503,0.000000,0.000000,0.000000,above_band_high
2026-08-03T00:34:00Z,94.3908,0.000000,0.000000,0.000000,above_band_high
2026-08-03T00:35:00Z,94.4289,0.000000,0.000000,0.000000,above_band_high
2026-08-03T00:36:00Z,94.4198,0.000000,0.000000,0.000000,above_band_high
2026-08-03T00:37:00Z,94.4381,0.000000,0.000000,0.000000,above_band_high
2026-08-03T00:38:00Z,94.4427,0.000000,0.000000,0.000000,above_band_high
2026-08-03T00:39:00Z,94.4884,0.000000,0.000000,0.000000,above_band_high
2026-08-03T00:40:00Z,94.4732,0.000000,0.000000,0.000000,above_band_high
2026-08-03T00:41:00Z,94.4381,0.000000,0.000000,0.000000,above_band_high
2026-08-03T00:42:00Z,94.4961,0.000000,0.000000,0.000000,above_band_high
2026-08-03T00:43:00Z,94.4701,0.000000,0.000000,0.000000,above_band_high
2026-08-03T00:44:00Z,94.4701,0.000000,0.000000,0.000000,above_band_high
2026-08-03T00:45:00Z,94.4701,0.000000,0.000000,0.000000,above_band_high
2026-08-03T00:46:00Z,94.4915,0.000000,0.000000,0.000000,above_band_high
2026-08-03T00:47:00Z,94.4640,0.000000,0.000000,0.000000,above_band_high
2026-08-03T00:48:00Z,94.4701,0.000000,0.000000,0.000000,above_band_high
2026-08-03T00:49:00Z,94.4732,0.000000,0.000000,0.000000,above_band_high
2026-08-03T00:50:00Z,94.4839,0.000000,0.000000,0.000000,above_band_high
2026-08-03T00:51:00Z,94.4732,0.000000,0.000000,0.000000,above_band_high
2026-08-03T00:52:00Z,94.4640,0.000000,0.000000,0.000000,above_band_high
2026-08-03T00:53:00Z,94.4640,0.000000,0.000000,0.000000,above_band_high
2026-08-03T00:54:00Z,94.4640,0.000000,0.000000,0.000000,above_band_high
2026-08-03T00:55:00Z,94.4976,0.000000,0.000000,0.000000,above_band_high
2026-08-03T00:56:00Z,94.4686,0.000000,0.000000,0.000000,above_band_high
2026-08-03T00:57:00Z,94.4976,0.000000,0.000000,0.000000,above_band_high
2026-08-03T00:58:00Z,94.4732,0.000000,0.000000,0.000000,above_band_high
2026-08-03T00:59:00Z,94.4701,0.000000,0.000000,0.000000,above_band_high
2026-08-03T01:00:00Z,94.4640,0.000000,0.000000,0.000000,above_band_high
2026-08-03T01:01:00Z,94.4686,0.000000,0.000000,0.000000,above_band_high
2026-08-03T01:02:00Z,94.4793,0.000000,0.000000,0.000000,above_band_high
2026-08-03T01:03:00Z,94.4610,0.000000,0.000000,0.000000,above_band_high
2026-08-03T01:04:00Z,94.4640,0.000000,0.000000,0.000000,above_band_high
2026-08-03T01:05:00Z,94.4839,0.000000,0.000000,0.000000,above_band_high
2026-08-03T01:06:00Z,94.4503,0.000000,0.000000,0.000000,above_band_high
2026-08-03T01:07:00Z,94.4640,0.000000,0.000000,0.000000,above_band_high
2026-08-03T01:08:00Z,94.4884,0.000000,0.000000,0.000000,above_band_high
2026-08-03T01:09:00Z,94.4884,0.000000,0.000000,0.000000,above_band_high
2026-08-03T01:10:00Z,94.4976,0.000000,0.000000,0.000000,above_band_high
2026-08-03T01:11:00Z,94.4701,0.000000,0.000000,0.000000,above_band_high
2026-08-03T01:12:00Z,94.4961,0.000000,0.000000,0.000000,above_band_high
2026-08-03T01:13:00Z,94.4976,0.000000,0.000000,0.000000,above_band_high
2026-08-03T01:14:00Z,94.5235,0.000000,0.000000,0.000000,above_band_high
2026-08-03T01:15:00Z,94.5235,0.000000,0.000000,0.000000,above_band_high
2026-08-03T01:16:00Z,94.5464,0.000000,0.000000,0.000000,above_band_high
2026-08-03T01:17:00Z,94.5281,0.000000,0.000000,0.000000,above_band_high
2026-08-03T01:18:00Z,94.5434,0.000000,0.000000,0.000000,above_band_high
2026-08-03T01:19:00Z,94.5296,0.000000,0.000000,0.000000,above_band_high
2026-08-03T01:20:00Z,94.5296,0.000000,0.000000,0.000000,above_band_high
2026-08-03T01:21:00Z,94.5159,0.000000,0.000000,0.000000,above_band_high
2026-08-03T01:22:00Z,94.5464,0.000000,0.000000,0.000000,above_band_high
2026-08-03T01:23:00Z,94.5373,0.000000,0.000000,0.000000,above_band_high
2026-08-03T01:24:00Z,94.5617,0.000000,0.000000,0.000000,above_band_high
2026-08-03T01:25:00Z,94.5647,0.000000,0.000000,0.000000,above_band_high
2026-08-03T01:26:00Z,94.5342,0.000000,0.000000,0.000000,above_band_high
2026-08-03T01:27:00Z,94.5342,0.000000,0.000000,0.000000,above_band_high
2026-08-03T01:28:00Z,94.5510,0.000000,0.000000,0.000000,above_band_high
2026-08-03T01:29:00Z,94.5510,0.000000,0.000000,0.000000,above_band_high
2026-08-03T01:30:00Z,94.5571,0.000000,0.000000,0.000000,above_band_high
2026-08-03T01:31:00Z,94.5754,0.000000,0.000000,0.000000,above_band_high
2026-08-03T01:32:00Z,94.5800,0.000000,0.000000,0.000000,above_band_high
2026-08-03T01:33:00Z,94.5464,0.000000,0.000000,0.000000,above_band_high
2026-08-03T01:34:00Z,94.5830,0.000000,0.000000,0.000000,above_band_high
2026-08-03T01:35:00Z,94.5571,0.000000,0.000000,0.000000,above_band_high
2026-08-03T01:36:00Z,94.5922,0.000000,0.000000,0.000000,above_band_high
2026-08-03T01:37:00Z,94.5892,0.000000,0.000000,0.000000,above_band_high
2026-08-03T01:38:00Z,94.5800,0.000000,0.000000,0.000000,above_band_high
2026-08-03T01:39:00Z,94.5800,0.000000,0.000000,0.000000,above_band_high
2026-08-03T01:40:00Z,94.5693,0.000000,0.000000,0.000000,above_band_high
2026-08-03T01:41:00Z,94.5876,0.000000,0.000000,0.000000,above_band_high
2026-08-03T01:42:00Z,94.5510,0.000000,0.000000,0.000000,above_band_high
2026-08-03T01:43:00Z,94.5892,0.000000,0.000000,0.000000,above_band_high
2026-08-03T01:44:00Z,94.5922,0.000000,0.000000,0.000000,above_band_high
2026-08-03T01:45:00Z,94.5754,0.000000,0.000000,0.000000,above_band_high
2026-08-03T01:46:00Z,94.5830,0.000000,0.000000,0.000000,above_band_high
2026-08-03T01:47:00Z,94.5968,0.000000,0.000000,0.000000,above_band_high
2026-08-03T01:48:00Z,94.5647,0.000000,0.000000,0.000000,above_band_high
2026-08-03T01:49:00Z,94.5617,0.000000,0.000000,0.000000,above_band_high
2026-08-03T01:50:00Z,94.5693,0.000000,0.000000,0.000000,above_band_high
2026-08-03T01:51:00Z,94.5647,0.000000,0.000000,0.000000,above_band_high
2026-08-03T01:52:00Z,94.5830,0.000000,0.000000,0.000000,above_band_high
2026-08-03T01:53:00Z,94.5480,0.000000,0.000000,0.000000,above_band_high
2026-08-03T01:54:00Z,94.5571,0.000000,0.000000,0.000000,above_band_high
2026-08-03T01:55:00Z,94.5876,0.000000,0.000000,0.000000,above_band_high
2026-08-03T01:56:00Z,94.5693,0.000000,0.000000,0.000000,above_band_high
2026-08-03T01:57:00Z,94.5525,0.000000,0.000000,0.000000,above_band_high
2026-08-03T01:58:00Z,94.5754,0.000000,0.000000,0.000000,above_band_high
2026-08-03T01:59:00Z,94.5418,0.000000,0.000000,0.000000,above_band_high
2026-08-03T02:00:00Z,94.5205,0.000000,0.000000,0.000000,above_band_high
2026-08-03T02:01:00Z,94.5251,0.000000,0.000000,0.000000,above_band_high
2026-08-03T02:02:00Z,94.5068,0.000000,0.000000,0.000000,above_band_high
2026-08-03T02:03:00Z,94.5617,0.000000,0.000000,0.000000,above_band_high
2026-08-03T02:04:00Z,94.5098,0.000000,0.000000,0.000000,above_band_high
2026-08-03T02:05:00Z,94.5342,0.000000,0.000000,0.000000,above_band_high
2026-08-03T02:06:00Z,94.5617,0.000000,0.000000,0.000000,above_band_high
2026-08-03T02:07:00Z,94.5159,0.000000,0.000000,0.000000,above_band_high
2026-08-03T02:08:00Z,94.5022,0.000000,0.000000,0.000000,above_band_high
2026-08-03T02:09:00Z,94.5418,0.000000,0.000000,0.000000,above_band_high
2026-08-03T02:10:00Z,94.5098,0.000000,0.000000,0.000000,above_band_high
2026-08-03T02:11:00Z,94.5373,0.000000,0.000000,0.000000,above_band_high
2026-08-03T02:12:00Z,94.5022,0.000000,0.000000,0.000000,above_band_high
2026-08-03T02:13:00Z,94.5251,0.000000,0.000000,0.000000,above_band_high
2026-08-03T02:14:00Z,94.5144,0.000000,0.000000,0.000000,above_band_high
2026-08-03T02:15:00Z,94.4915,0.000000,0.000000,0.000000,above_band_high
2026-08-03T02:16:00Z,94.5098,0.000000,0.000000,0.000000,above_band_high
2026-08-03T02:17:00Z,94.5022,0.000000,0.000000,0.000000,above_band_high
2026-08-03T02:18:00Z,94.5022,0.000000,0.000000,0.000000,above_band_high
2026-08-03T02:19:00Z,94.5068,0.000000,0.000000,0.000000,above_band_high
2026-08-03T02:20:00Z,94.5098,0.000000,0.000000,0.000000,above_band_high
2026-08-03T02:21:00Z,94.4961,0.000000,0.000000,0.000000,above_band_high
2026-08-03T02:22:00Z,94.5068,0.000000,0.000000,0.000000,above_band_high
2026-08-03T02:23:00Z,94.5342,0.000000,0.000000,0.000000,above_band_high
2026-08-03T02:24:00Z,94.5098,0.000000,0.000000,0.000000,above_band_high
2026-08-03T02:25:00Z,94.5144,0.000000,0.000000,0.000000,above_band_high
2026-08-03T02:26:00Z,94.5144,0.000000,0.000000,0.000000,above_band_high
2026-08-03T02:27:00Z,94.5068,0.000000,0.000000,0.000000,above_band_high
2026-08-03T02:28:00Z,94.5144,0.000000,0.000000,0.000000,above_band_high
2026-08-03T02:29:00Z,94.4915,0.000000,0.000000,0.000000,above_band_high
2026-08-03T02:30:00Z,94.4915,0.000000,0.000000,0.000000,above_band_high
2026-08-03T02:31:00Z,94.5022,0.000000,0.000000,0.000000,above_band_high
2026-08-03T02:32:00Z,94.5205,0.000000,0.000000,0.000000,above_band_high
2026-08-03T02:33:00Z,94.4961,0.000000,0.000000,0.000000,above_band_high
2026-08-03T02:34:00Z,94.5022,0.000000,0.000000,0.000000,above_band_high
2026-08-03T02:35:00Z,94.5144,0.000000,0.000000,0.000000,above_band_high
2026-08-03T02:36:00Z,94.5006,0.000000,0.000000,0.000000,above_band_high
2026-08-03T02:37:00Z,94.5144,0.000000,0.000000,0.000000,above_band_high
2026-08-03T02:38:00Z,94.5022,0.000000,0.000000,0.000000,above_band_high
2026-08-03T02:39:00Z,94.5296,0.000000,0.000000,0.000000,above_band_high
2026-08-03T02:40:00Z,94.5144,0.000000,0.000000,0.000000,above_band_high
2026-08-03T02:41:00Z,94.4793,0.000000,0.000000,0.000000,above_band_high
2026-08-03T02:42:00Z,94.5235,0.000000,0.000000,0.000000,above_band_high
2026-08-03T02:43:00Z,94.5296,0.000000,0.000000,0.000000,above_band_high
2026-08-03T02:44:00Z,94.5144,0.000000,0.000000,0.000000,above_band_high
2026-08-03T02:45:00Z,94.5022,0.000000,0.000000,0.000000,above_band_high
2026-08-03T02:46:00Z,94.5022,0.000000,0.000000,0.000000,above_band_high
2026-08-03T02:47:00Z,94.4915,0.000000,0.000000,0.000000,above_band_high
2026-08-03T02:48:00Z,94.5190,0.000000,0.000000,0.000000,above_band_high
2026-08-03T02:49:00Z,94.5144,0.000000,0.000000,0.000000,above_band_high
2026-08-03T02:50:00Z,94.5022,0.000000,0.000000,0.000000,above_band_high
2026-08-03T02:51:00Z,94.5098,0.000000,0.000000,0.000000,above_band_high
2026-08-03T02:52:00Z,94.5373,0.000000,0.000000,0.000000,above_band_high
2026-08-03T02:53:00Z,94.5022,0.000000,0.000000,0.000000,above_band_high
2026-08-03T02:54:00Z,94.5068,0.000000,0.000000,0.000000,above_band_high
2026-08-03T02:55:00Z,94.5098,0.000000,0.000000,0.000000,above_band_high
2026-08-03T02:56:00Z,94.5022,0.000000,0.000000,0.000000,above_band_high
2026-08-03T02:57:00Z,94.4976,0.000000,0.000000,0.000000,above_band_high
2026-08-03T02:58:00Z,94.5068,0.000000,0.000000,0.000000,above_band_high
2026-08-03T02:59:00Z,94.5098,0.000000,0.000000,0.000000,above_band_high
2026-08-03T03:00:00Z,94.4686,0.000000,0.000000,0.000000,above_band_high
2026-08-03T03:01:00Z,94.4839,0.000000,0.000000,0.000000,above_band_high
2026-08-03T03:02:00Z,94.5159,0.000000,0.000000,0.000000,above_band_high
2026-08-03T03:03:00Z,94.4732,0.000000,0.000000,0.000000,above_band_high
2026-08-03T03:04:00Z,94.4976,0.000000,0.000000,0.000000,above_band_high
2026-08-03T03:05:00Z,94.5281,0.000000,0.000000,0.000000,above_band_high
2026-08-03T03:06:00Z,94.4823,0.000000,0.000000,0.000000,above_band_high
2026-08-03T03:07:00Z,94.4915,0.000000,0.000000,0.000000,above_band_high
2026-08-03T03:08:00Z,94.4823,0.000000,0.000000,0.000000,above_band_high
2026-08-03T03:09:00Z,94.5281,0.000000,0.000000,0.000000,above_band_high
2026-08-03T03:10:00Z,94.5113,0.000000,0.000000,0.000000,above_band_high
2026-08-03T03:11:00Z,94.5022,0.000000,0.000000,0.000000,above_band_high
2026-08-03T03:12:00Z,94.4884,0.000000,0.000000,0.000000,above_band_high
2026-08-03T03:13:00Z,94.5190,0.000000,0.000000,0.000000,above_band_high
2026-08-03T03:14:00Z,94.5434,0.000000,0.000000,0.000000,above_band_high
2026-08-03T03:15:00Z,94.5434,0.000000,0.000000,0.000000,above_band_high
2026-08-03T03:16:00Z,94.4961,0.000000,0.000000,0.000000,above_band_high
2026-08-03T03:17:00Z,94.5434,0.000000,0.000000,0.000000,above_band_high
2026-08-03T03:18:00Z,94.5235,0.000000,0.000000,0.000000,above_band_high
2026-08-03T03:19:00Z,94.5235,0.000000,0.000000,0.000000,above_band_high
2026-08-03T03:20:00Z,94.5296,0.000000,0.000000,0.000000,above_band_high
2026-08-03T03:21:00Z,94.5617,0.000000,0.000000,0.000000,above_band_high
2026-08-03T03:22:00Z,94.5434,0.000000,0.000000,0.000000,above_band_high
2026-08-03T03:23:00Z,94.5708,0.000000,0.000000,0.000000,above_band_high
2026-08-03T03:24:00Z,94.5556,0.000000,0.000000,0.000000,above_band_high
2026-08-03T03:25:00Z,94.5800,0.000000,0.000000,0.000000,above_band_high
2026-08-03T03:26:00Z,94.5693,0.000000,0.000000,0.000000,above_band_high
2026-08-03T03:27:00Z,94.5647,0.000000,0.000000,0.000000,above_band_high
2026-08-03T03:28:00Z,94.5846,0.000000,0.000000,0.000000,above_band_high
2026-08-03T03:29:00Z,94.5571,0.000000,0.000000,0.000000,above_band_high
2026-08-03T03:30:00Z,94.6029,0.000000,0.000000,0.000000,above_band_high
2026-08-03T03:31:00Z,94.5739,0.000000,0.000000,0.000000,above_band_high
2026-08-03T03:32:00Z,94.5892,0.000000,0.000000,0.000000,above_band_high
2026-08-03T03:33:00Z,94.5830,0.000000,0.000000,0.000000,above_band_high
2026-08-03T03:34:00Z,94.5892,0.000000,0.000000,0.000000,above_band_high
2026-08-03T03:35:00Z,94.5830,0.000000,0.000000,0.000000,above_band_high
2026-08-03T03:36:00Z,94.5846,0.000000,0.000000,0.000000,above_band_high
2026-08-03T03:37:00Z,94.5617,0.000000,0.000000,0.000000,above_band_high
2026-08-03T03:38:00Z,94.5663,0.000000,0.000000,0.000000,above_band_high
2026-08-03T03:39:00Z,94.5708,0.000000,0.000000,0.000000,above_band_high
2026-08-03T03:40:00Z,94.6029,0.000000,0.000000,0.000000,above_band_high
2026-08-03T03:41:00Z,94.5663,0.000000,0.000000,0.000000,above_band_high
2026-08-03T03:42:00Z,94.6166,0.000000,0.000000,0.000000,above_band_high
2026-08-03T03:43:00Z,94.5830,0.000000,0.000000,0.000000,above_band_high
2026-08-03T03:44:00Z,94.5922,0.000000,0.000000,0.000000,above_band_high
2026-08-03T03:45:00Z,94.5892,0.000000,0.000000,0.000000,above_band_high
2026-08-03T03:46:00Z,94.5892,0.000000,0.000000,0.000000,above_band_high
2026-08-03T03:47:00Z,94.5846,0.000000,0.000000,0.000000,above_band_high
2026-08-03T03:48:00Z,94.6120,0.000000,0.000000,0.000000,above_band_high
2026-08-03T03:49:00Z,94.5663,0.000000,0.000000,0.000000,above_band_high
2026-08-03T03:50:00Z,94.6120,0.000000,0.000000,0.000000,above_band_high
2026-08-03T03:51:00Z,94.5830,0.000000,0.000000,0.000000,above_band_high
2026-08-03T03:52:00Z,94.5571,0.000000,0.000000,0.000000,above_band_high
2026-08-03T03:53:00Z,94.5785,0.000000,0.000000,0.000000,above_band_high
2026-08-03T03:54:00Z,94.5830,0.000000,0.000000,0.000000,above_band_high
2026-08-03T03:55:00Z,94.5785,0.000000,0.000000,0.000000,above_band_high
2026-08-03T03:56:00Z,94.5830,0.000000,0.000000,0.000000,above_band_high
2026-08-03T03:57:00Z,94.5556,0.000000,0.000000,0.000000,above_band_high
2026-08-03T03:58:00Z,94.5892,0.000000,0.000000,0.000000,above_band_high
2026-08-03T03:59:00Z,94.5663,0.000000,0.000000,0.000000,above_band_high
2026-08-03T04:00:00Z,94.5739,0.000000,0.000000,0.000000,above_band_high
2026-08-03T04:01:00Z,94.5983,0.000000,0.000000,0.000000,above_band_high
2026-08-03T04:02:00Z,94.5892,0.000000,0.000000,0.000000,above_band_high
2026-08-03T04:03:00Z,94.5846,0.000000,0.000000,0.000000,above_band_high
2026-08-03T04:04:00Z,94.5602,0.000000,0.000000,0.000000,above_band_high
2026-08-03T04:05:00Z,94.5525,0.000000,0.000000,0.000000,above_band_high
2026-08-03T04:06:00Z,94.5708,0.000000,0.000000,0.000000,above_band_high
2026-08-03T04:07:00Z,94.5800,0.000000,0.000000,0.000000,above_band_high
2026-08-03T04:08:00Z,94.5617,0.000000,0.000000,0.000000,above_band_high
2026-08-03T04:09:00Z,94.6059,0.000000,0.000000,0.000000,above_band_high
2026-08-03T04:10:00Z,94.5922,0.000000,0.000000,0.000000,above_band_high
2026-08-03T04:11:00Z,94.5846,0.000000,0.000000,0.000000,above_band_high
2026-08-03T04:12:00Z,94.5846,0.000000,0.000000,0.000000,above_band_high
2026-08-03T04:13:00Z,94.5892,0.000000,0.000000,0.000000,above_band_high
2026-08-03T04:14:00Z,94.6304,0.000000,0.000000,0.000000,above_band_high
2026-08-03T04:15:00Z,94.6242,0.000000,0.000000,0.000000,above_band_high
2026-08-03T04:16:00Z,94.6532,0.000000,0.000000,0.000000,above_band_high
2026-08-03T04:17:00Z,94.6075,0.000000,0.000000,0.000000,above_band_high
2026-08-03T04:18:00Z,94.6304,0.000000,0.000000,0.000000,above_band_high
2026-08-03T04:19:00Z,94.6120,0.000000,0.000000,0.000000,above_band_high
2026-08-03T04:20:00Z,94.6471,0.000000,0.000000,0.000000,above_band_high
2026-08-03T04:21:00Z,94.5983,0.000000,0.000000,0.000000,above_band_high
2026-08-03T04:22:00Z,94.6059,0.000000,0.000000,0.000000,above_band_high
2026-08-03T04:23:00Z,94.6441,0.000000,0.000000,0.000000,above_band_high
2026-08-03T04:24:00Z,94.6654,0.000000,0.000000,0.000000,above_band_high
2026-08-03T04:25:00Z,94.6471,0.000000,0.000000,0.000000,above_band_high
2026-08-03T04:26:00Z,94.6197,0.000000,0.000000,0.000000,above_band_high
2026-08-03T04:27:00Z,94.6349,0.000000,0.000000,0.000000,above_band_high
2026-08-03T04:28:00Z,94.6654,0.000000,0.000000,0.000000,above_band_high
2026-08-03T04:29:00Z,94.6578,0.000000,0.000000,0.000000,above_band_high
2026-08-03T04:30:00Z,94.6441,0.000000,0.000000,0.000000,above_band_high
2026-08-03T04:31:00Z,94.6471,0.000000,0.000000,0.000000,above_band_high
2026-08-03T04:32:00Z,94.6654,0.000000,0.000000,0.000000,above_band_high
2026-08-03T04:33:00Z,94.6715,0.000000,0.000000,0.000000,above_band_high
2026-08-03T04:34:00Z,94.6578,0.000000,0.000000,0.000000,above_band_high
2026-08-03T04:35:00Z,94.6654,0.000000,0.000000,0.000000,above_band_high
2026-08-03T04:36:00Z,94.6654,0.000000,0.000000,0.000000,above_band_high
2026-08-03T04:37:00Z,94.6395,0.000000,0.000000,0.000000,above_band_high
2026-08-03T04:38:00Z,94.6349,0.000000,0.000000,0.000000,above_band_high
2026-08-03T04:39:00Z,94.6654,0.000000,0.000000,0.000000,above_band_high
2026-08-03T04:40:00Z,94.6715,0.000000,0.000000,0.000000,above_band_high
2026-08-03T04:41:00Z,94.6075,0.000000,0.000000,0.000000,above_band_high
2026-08-03T04:42:00Z,94.6349,0.000000,0.000000,0.000000,above_band_high
2026-08-03T04:43:00Z,94.6578,0.000000,0.000000,0.000000,above_band_high
2026-08-03T04:44:00Z,94.6792,0.000000,0.000000,0.000000,above_band_high
2026-08-03T04:45:00Z,94.6441,0.000000,0.000000,0.000000,above_band_high
2026-08-03T04:46:00Z,94.6258,0.000000,0.000000,0.000000,above_band_high
2026-08-03T04:47:00Z,94.6517,0.000000,0.000000,0.000000,above_band_high
2026-08-03T04:48:00Z,94.6441,0.000000,0.000000,0.000000,above_band_high
2026-08-03T04:49:00Z,94.6532,0.000000,0.000000,0.000000,above_band_high
2026-08-03T04:50:00Z,94.6517,0.000000,0.000000,0.000000,above_band_high
2026-08-03T04:51:00Z,94.6349,0.000000,0.000000,0.000000,above_band_high
2026-08-03T04:52:00Z,94.6654,0.000000,0.000000,0.000000,above_band_high
2026-08-03T04:53:00Z,94.6242,0.000000,0.000000,0.000000,above_band_high
2026-08-03T04:54:00Z,94.6380,0.000000,0.000000,0.000000,above_band_high
2026-08-03T04:55:00Z,94.6242,0.000000,0.000000,0.000000,above_band_high
2026-08-03T04:56:00Z,94.6075,0.000000,0.000000,0.000000,above_band_high
2026-08-03T04:57:00Z,94.6517,0.000000,0.000000,0.000000,above_band_high
2026-08-03T04:58:00Z,94.6349,0.000000,0.000000,0.000000,above_band_high
2026-08-03T04:59:00Z,94.6258,0.000000,0.000000,0.000000,above_band_high
2026-08-03T05:00:00Z,94.6426,0.000000,0.000000,0.000000,above_band_high
2026-08-03T05:01:00Z,94.6075,0.000000,0.000000,0.000000,above_band_high
2026-08-03T05:02:00Z,94.5968,0.000000,0.000000,0.000000,above_band_high
2026-08-03T05:03:00Z,94.5922,0.000000,0.000000,0.000000,above_band_high
2026-08-03T05:04:00Z,94.5892,0.000000,0.000000,0.000000,above_band_high
2026-08-03T05:05:00Z,94.5830,0.000000,0.000000,0.000000,above_band_high
2026-08-03T05:06:00Z,94.5663,0.000000,0.000000,0.000000,above_band_high
2026-08-03T05:07:00Z,94.5922,0.000000,0.000000,0.000000,above_band_high
2026-08-03T05:08:00Z,94.5922,0.000000,0.000000,0.000000,above_band_high
2026-08-03T05:09:00Z,94.5846,0.000000,0.000000,0.000000,above_band_high
2026-08-03T05:10:00Z,94.5785,0.000000,0.000000,0.000000,above_band_high
2026-08-03T05:11:00Z,94.5983,0.000000,0.000000,0.000000,above_band_high
2026-08-03T05:12:00Z,94.5571,0.000000,0.000000,0.000000,above_band_high
2026-08-03T05:13:00Z,94.5892,0.000000,0.000000,0.000000,above_band_high
2026-08-03T05:14:00Z,94.5922,0.000000,0.000000,0.000000,above_band_high
2026-08-03T05:15:00Z,94.6166,0.000000,0.000000,0.000000,above_band_high
2026-08-03T05:16:00Z,94.5556,0.000000,0.000000,0.000000,above_band_high
2026-08-03T05:17:00Z,94.6029,0.000000,0.000000,0.000000,above_band_high
2026-08-03T05:18:00Z,94.5846,0.000000,0.000000,0.000000,above_band_high
2026-08-03T05:19:00Z,94.5846,0.000000,0.000000,0.000000,above_band_high
2026-08-03T05:20:00Z,94.6029,0.000000,0.000000,0.000000,above_band_high
2026-08-03T05:21:00Z,94.6120,0.000000,0.000000,0.000000,above_band_high
2026-08-03T05:22:00Z,94.5846,0.000000,0.000000,0.000000,above_band_high
2026-08-03T05:23:00Z,94.6166,0.000000,0.000000,0.000000,above_band_high
2026-08-03T05:24:00Z,94.6075,0.000000,0.000000,0.000000,above_band_high
2026-08-03T05:25:00Z,94.6120,0.000000,0.000000,0.000000,above_band_high
2026-08-03T05:26:00Z,94.5785,0.000000,0.000000,0.000000,above_band_high
2026-08-03T05:27:00Z,94.5968,0.000000,0.000000,0.000000,above_band_high
2026-08-03T05:28:00Z,94.5617,0.000000,0.000000,0.000000,above_band_high
2026-08-03T05:29:00Z,94.6304,0.000000,0.000000,0.000000,above_band_high
2026-08-03T05:30:00Z,94.6105,0.000000,0.000000,0.000000,above_band_high
2026-08-03T05:31:00Z,94.5708,0.000000,0.000000,0.000000,above_band_high
2026-08-03T05:32:00Z,94.6120,0.000000,0.000000,0.000000,above_band_high
2026-08-03T05:33:00Z,94.6197,0.000000,0.000000,0.000000,above_band_high
2026-08-03T05:34:00Z,94.6426,0.000000,0.000000,0.000000,above_band_high
2026-08-03T05:35:00Z,94.5983,0.000000,0.000000,0.000000,above_band_high
2026-08-03T05:36:00Z,94.6304,0.000000,0.000000,0.000000,above_band_high
2026-08-03T05:37:00Z,94.5846,0.000000,0.000000,0.000000,above_band_high
2026-08-03T05:38:00Z,94.6029,0.000000,0.000000,0.000000,above_band_high
2026-08-03T05:39:00Z,94.5785,0.000000,0.000000,0.000000,above_band_high
2026-08-03T05:40:00Z,94.6075,0.000000,0.000000,0.000000,above_band_high
2026-08-03T05:41:00Z,94.5983,0.000000,0.000000,0.000000,above_band_high
2026-08-03T05:42:00Z,94.5983,0.000000,0.000000,0.000000,above_band_high
2026-08-03T05:43:00Z,94.5922,0.000000,0.000000,0.000000,above_band_high
2026-08-03T05:44:00Z,94.6151,0.000000,0.000000,0.000000,above_band_high
2026-08-03T05:45:00Z,94.6258,0.000000,0.000000,0.000000,above_band_high
2026-08-03T05:46:00Z,94.5968,0.000000,0.000000,0.000000,above_band_high
2026-08-03T05:47:00Z,94.5892,0.000000,0.000000,0.000000,above_band_high
2026-08-03T05:48:00Z,94.5754,0.000000,0.000000,0.000000,above_band_high
2026-08-03T05:49:00Z,94.5800,0.000000,0.000000,0.000000,above_band_high
2026-08-03T05:50:00Z,94.6075,0.000000,0.000000,0.000000,above_band_high
2026-08-03T05:51:00Z,94.5983,0.000000,0.000000,0.000000,above_band_high
2026-08-03T05:52:00Z,94.5983,0.000000,0.000000,0.000000,above_band_high
2026-08-03T05:53:00Z,94.6029,0.000000,0.000000,0.000000,above_band_high
2026-08-03T05:54:00Z,94.6151,0.000000,0.000000,0.000000,above_band_high
2026-08-03T05:55:00Z,94.5800,0.000000,0.000000,0.000000,above_band_high
2026-08-03T05:56:00Z,94.5830,0.000000,0.000000,0.000000,above_band_high
2026-08-03T05:57:00Z,94.5754,0.000000,0.000000,0.000000,above_band_high
2026-08-03T05:58:00Z,94.5708,0.000000,0.000000,0.000000,above_band_high
2026-08-03T05:59:00Z,94.5846,0.000000,0.000000,0.000000,above_band_high
2026-08-03T06:00:00Z,94.5922,0.000000,0.000000,0.000000,above_band_high
2026-08-03T06:01:00Z,94.5800,0.000000,0.000000,0.000000,above_band_high
2026-08-03T06:02:00Z,94.5800,0.000000,0.000000,0.000000,above_band_high
2026-08-03T06:03:00Z,94.5708,0.000000,0.000000,0.000000,above_band_high
2026-08-03T06:04:00Z,94.5708,0.000000,0.000000,0.000000,above_band_high
2026-08-03T06:05:00Z,94.5510,0.000000,0.000000,0.000000,above_band_high
2026-08-03T06:06:00Z,94.5464,0.000000,0.000000,0.000000,above_band_high
2026-08-03T06:07:00Z,94.5434,0.000000,0.000000,0.000000,above_band_high
2026-08-03T06:08:00Z,94.5830,0.000000,0.000000,0.000000,above_band_high
2026-08-03T06:09:00Z,94.5693,0.000000,0.000000,0.000000,above_band_high
2026-08-03T06:10:00Z,94.6075,0.000000,0.000000,0.000000,above_band_high
2026-08-03T06:11:00Z,94.5647,0.000000,0.000000,0.000000,above_band_high
2026-08-03T06:12:00Z,94.5556,0.000000,0.000000,0.000000,above_band_high
2026-08-03T06:13:00Z,94.5693,0.000000,0.000000,0.000000,above_band_high
2026-08-03T06:14:00Z,94.6029,0.000000,0.000000,0.000000,above_band_high
2026-08-03T06:15:00Z,94.6105,0.000000,0.000000,0.000000,above_band_high
2026-08-03T06:16:00Z,94.5556,0.000000,0.000000,0.000000,above_band_high
2026-08-03T06:17:00Z,94.5922,0.000000,0.000000,0.000000,above_band_high
2026-08-03T06:18:00Z,94.5464,0.000000,0.000000,0.000000,above_band_high
2026-08-03T06:19:00Z,94.5846,0.000000,0.000000,0.000000,above_band_high
2026-08-03T06:20:00Z,94.5571,0.000000,0.000000,0.000000,above_band_high
2026-08-03T06:21:00Z,94.5647,0.000000,0.000000,0.000000,above_band_high
2026-08-03T06:22:00Z,94.5892,0.000000,0.000000,0.000000,above_band_high
2026-08-03T06:23:00Z,94.5693,0.000000,0.000000,0.000000,above_band_high
2026-08-03T06:24:00Z,94.5983,0.000000,0.000000,0.000000,above_band_high
2026-08-03T06:25:00Z,94.5739,0.000000,0.000000,0.000000,above_band_high
2026-08-03T06:26:00Z,94.5983,0.000000,0.000000,0.000000,above_band_high
2026-08-03T06:27:00Z,94.5968,0.000000,0.000000,0.000000,above_band_high
2026-08-03T06:28:00Z,94.5968,0.000000,0.000000,0.000000,above_band_high
2026-08-03T06:29:00Z,94.5846,0.000000,0.000000,0.000000,above_band_high
2026-08-03T06:30:00Z,94.6166,0.000000,0.000000,0.000000,above_band_high
2026-08-03T06:31:00Z,94.5922,0.000000,0.000000,0.000000,above_band_high
2026-08-03T06:32:00Z,94.6517,0.000000,0.000000,0.000000,above_band_high
2026-08-03T06:33:00Z,94.6349,0.000000,0.000000,0.000000,above_band_high
2026-08-03T06:34:00Z,94.6304,0.000000,0.000000,0.000000,above_band_high
2026-08-03T06:35:00Z,94.6578,0.000000,0.000000,0.000000,above_band_high
2026-08-03T06:36:00Z,94.6304,0.000000,0.000000,0.000000,above_band_high
2026-08-03T06:37:00Z,94.6380,0.000000,0.000000,0.000000,above_band_high
2026-08-03T06:38:00Z,94.6517,0.000000,0.000000,0.000000,above_band_high
2026-08-03T06:39:00Z,94.6883,0.000000,0.000000,0.000000,above_band_high
2026-08-03T06:40:00Z,94.6715,0.000000,0.000000,0.000000,above_band_high
2026-08-03T06:41:00Z,94.6761,0.000000,0.000000,0.000000,above_band_high
2026-08-03T06:42:00Z,94.6578,0.000000,0.000000,0.000000,above_band_high
2026-08-03T06:43:00Z,94.6715,0.000000,0.000000,0.000000,above_band_high
2026-08-03T06:44:00Z,94.6517,0.000000,0.000000,0.000000,above_band_high
2026-08-03T06:45:00Z,94.6624,0.000000,0.000000,0.000000,above_band_high
2026-08-03T06:46:00Z,94.6532,0.000000,0.000000,0.000000,above_band_high
2026-08-03T06:47:00Z,94.6807,0.000000,0.000000,0.000000,above_band_high
2026-08-03T06:48:00Z,94.6761,0.000000,0.000000,0.000000,above_band_high
2026-08-03T06:49:00Z,94.6624,0.000000,0.000000,0.000000,above_band_high
2026-08-03T06:50:00Z,94.6578,0.000000,0.000000,0.000000,above_band_high
2026-08-03T06:51:00Z,94.6578,0.000000,0.000000,0.000000,above_band_high
2026-08-03T06:52:00Z,94.6990,0.000000,0.000000,0.000000,above_band_high
2026-08-03T06:53:00Z,94.6395,0.000000,0.000000,0.000000,above_band_high
2026-08-03T06:54:00Z,94.6700,0.000000,0.000000,0.000000,above_band_high
2026-08-03T06:55:00Z,94.6929,0.000000,0.000000,0.000000,above_band_high
2026-08-03T06:56:00Z,94.6532,0.000000,0.000000,0.000000,above_band_high
2026-08-03T06:57:00Z,94.6929,0.000000,0.000000,0.000000,above_band_high
2026-08-03T06:58:00Z,94.6853,0.000000,0.000000,0.000000,above_band_high
2026-08-03T06:59:00Z,94.6746,0.000000,0.000000,0.000000,above_band_high
2026-08-03T07:00:00Z,94.7082,0.000000,0.000000,0.000000,above_band_high
2026-08-03T07:01:00Z,94.6944,0.000000,0.000000,0.000000,above_band_high
2026-08-03T07:02:00Z,94.6700,0.000000,0.000000,0.000000,above_band_high
2026-08-03T07:03:00Z,94.6792,0.000000,0.000000,0.000000,above_band_high
2026-08-03T07:04:00Z,94.6944,0.000000,0.000000,0.000000,above_band_high
2026-08-03T07:05:00Z,94.7158,0.000000,0.000000,0.000000,above_band_high
2026-08-03T07:06:00Z,94.7127,0.000000,0.000000,0.000000,above_band_high
2026-08-03T07:07:00Z,94.7204,0.000000,0.000000,0.000000,above_band_high
2026-08-03T07:08:00Z,94.7021,0.000000,0.000000,0.000000,above_band_high
2026-08-03T07:09:00Z,94.7021,0.000000,0.000000,0.000000,above_band_high
2026-08-03T07:10:00Z,94.6944,0.000000,0.000000,0.000000,above_band_high
2026-08-03T07:11:00Z,94.7127,0.000000,0.000000,0.000000,above_band_high
2026-08-03T07:12:00Z,94.6944,0.000000,0.000000,0.000000,above_band_high
2026-08-03T07:13:00Z,94.7585,0.000000,0.000000,0.000000,above_band_high
2026-08-03T07:14:00Z,94.6990,0.000000,0.000000,0.000000,above_band_high
2026-08-03T07:15:00Z,94.7158,0.000000,0.000000,0.000000,above_band_high
2026-08-03T07:16:00Z,94.7433,0.000000,0.000000,0.000000,above_band_high
2026-08-03T07:17:00Z,94.7433,0.000000,0.000000,0.000000,above_band_high
2026-08-03T07:18:00Z,94.7433,0.000000,0.000000,0.000000,above_band_high
2026-08-03T07:19:00Z,94.7677,0.000000,0.000000,0.000000,above_band_high
2026-08-03T07:20:00Z,94.7677,0.000000,0.000000,0.000000,above_band_high
2026-08-03T07:21:00Z,94.7204,0.000000,0.000000,0.000000,above_band_high
2026-08-03T07:22:00Z,94.7539,0.000000,0.000000,0.000000,above_band_high
2026-08-03T07:23:00Z,94.7387,0.000000,0.000000,0.000000,above_band_high
2026-08-03T07:24:00Z,94.7997,0.000000,0.000000,0.000000,above_band_high
2026-08-03T07:25:00Z,94.8043,0.000000,0.000000,0.000000,above_band_high
2026-08-03T07:26:00Z,94.7662,0.000000,0.000000,0.000000,above_band_high
2026-08-03T07:27:00Z,94.7478,0.000000,0.000000,0.000000,above_band_high
2026-08-03T07:28:00Z,94.7814,0.000000,0.000000,0.000000,above_band_high
2026-08-03T07:29:00Z,94.7890,0.000000,0.000000,0.000000,above_band_high
2026-08-03T07:30:00Z,94.7539,0.000000,0.000000,0.000000,above_band_high
2026-08-03T07:31:00Z,94.7524,0.000000,0.000000,0.000000,above_band_high
2026-08-03T07:32:00Z,94.7539,0.000000,0.000000,0.000000,above_band_high
2026-08-03T07:33:00Z,94.7890,0.000000,0.000000,0.000000,above_band_high
2026-08-03T07:34:00Z,94.7707,0.000000,0.000000,0.000000,above_band_high
2026-08-03T07:35:00Z,94.7997,0.000000,0.000000,0.000000,above_band_high
2026-08-03T07:36:00Z,94.7936,0.000000,0.000000,0.000000,above_band_high
2026-08-03T07:37:00Z,94.7936,0.000000,0.000000,0.000000,above_band_high
2026-08-03T07:38:00Z,94.7814,0.000000,0.000000,0.000000,above_band_high
2026-08-03T07:39:00Z,94.8043,0.000000,0.000000,0.000000,above_band_high
2026-08-03T07:40:00Z,94.7936,0.000000,0.000000,0.000000,above_band_high
2026-08-03T07:41:00Z,94.7997,0.000000,0.000000,0.000000,above_band_high
2026-08-03T07:42:00Z,94.7860,0.000000,0.000000,0.000000,above_band_high
2026-08-03T07:43:00Z,94.7997,0.000000,0.000000,0.000000,above_band_high
2026-08-03T07:44:00Z,94.8043,0.000000,0.000000,0.000000,above_band_high
2026-08-03T07:45:00Z,94.8043,0.000000,0.000000,0.000000,above_band_high
2026-08-03T07:46:00Z,94.8089,0.000000,0.000000,0.000000,above_band_high
2026-08-03T07:47:00Z,94.7951,0.000000,0.000000,0.000000,above_band_high
2026-08-03T07:48:00Z,94.8119,0.000000,0.000000,0.000000,above_band_high
2026-08-03T07:49:00Z,94.8089,0.000000,0.000000,0.000000,above_band_high
2026-08-03T07:50:00Z,94.8211,0.000000,0.000000,0.000000,above_band_high
2026-08-03T07:51:00Z,94.7860,0.000000,0.000000,0.000000,above_band_high
2026-08-03T07:52:00Z,94.8043,0.000000,0.000000,0.000000,above_band_high
2026-08-03T07:53:00Z,94.8089,0.000000,0.000000,0.000000,above_band_high
2026-08-03T07:54:00Z,94.8165,0.000000,0.000000,0.000000,above_band_high
2026-08-03T07:55:00Z,94.8028,0.000000,0.000000,0.000000,above_band_high
2026-08-03T07:56:00Z,94.8119,0.000000,0.000000,0.000000,above_band_high
2026-08-03T07:57:00Z,94.8211,0.000000,0.000000,0.000000,above_band_high
2026-08-03T07:58:00Z,94.8318,0.000000,0.000000,0.000000,above_band_high
2026-08-03T07:59:00Z,94.8211,0.000000,0.000000,0.000000,above_band_high
2026-08-03T08:00:00Z,94.8119,0.000000,0.000000,0.000000,above_band_high
2026-08-03T08:01:00Z,94.7982,0.000000,0.000000,0.000000,above_band_high
2026-08-03T08:02:00Z,94.8226,0.000000,0.000000,0.000000,above_band_high
2026-08-03T08:03:00Z,94.8211,0.000000,0.000000,0.000000,above_band_high
2026-08-03T08:04:00Z,94.7951,0.000000,0.000000,0.000000,above_band_high
2026-08-03T08:05:00Z,94.8165,0.000000,0.000000,0.000000,above_band_high
2026-08-03T08:06:00Z,94.8028,0.000000,0.000000,0.000000,above_band_high
2026-08-03T08:07:00Z,94.8211,0.000000,0.000000,0.000000,above_band_high
2026-08-03T08:08:00Z,94.8318,0.000000,0.000000,0.000000,above_band_high
2026-08-03T08:09:00Z,94.8547,0.000000,0.000000,0.000000,above_band_high
2026-08-03T08:10:00Z,94.8684,0.000000,0.000000,0.000000,above_band_high
2026-08-03T08:11:00Z,94.8501,0.000000,0.000000,0.000000,above_band_high
2026-08-03T08:12:00Z,94.8730,0.000000,0.000000,0.000000,above_band_high
2026-08-03T08:13:00Z,94.7982,0.000000,0.000000,0.000000,above_band_high
2026-08-03T08:14:00Z,94.8486,0.000000,0.000000,0.000000,above_band_high
2026-08-03T08:15:00Z,94.8775,0.000000,0.000000,0.000000,above_band_high
2026-08-03T08:16:00Z,94.8714,0.000000,0.000000,0.000000,above_band_high
2026-08-03T08:17:00Z,94.8669,0.000000,0.000000,0.000000,above_band_high
2026-08-03T08:18:00Z,94.9035,0.000000,0.000000,0.000000,above_band_high
2026-08-03T08:19:00Z,94.8638,0.000000,0.000000,0.000000,above_band_high
2026-08-03T08:20:00Z,94.8760,0.000000,0.000000,0.000000,above_band_high
2026-08-03T08:21:00Z,94.9096,0.000000,0.000000,0.000000,above_band_high
2026-08-03T08:22:00Z,94.8760,0.000000,0.000000,0.000000,above_band_high
2026-08-03T08:23:00Z,94.9004,0.000000,0.000000,0.000000,above_band_high
2026-08-03T08:24:00Z,94.8898,0.000000,0.000000,0.000000,above_band_high
2026-08-03T08:25:00Z,94.8775,0.000000,0.000000,0.000000,above_band_high
2026-08-03T08:26:00Z,94.9310,0.000000,0.000000,0.000000,above_band_high
2026-08-03T08:27:00Z,94.8959,0.000000,0.000000,0.000000,above_band_high
2026-08-03T08:28:00Z,94.8898,0.000000,0.000000,0.000000,above_band_high
2026-08-03T08:29:00Z,94.9096,0.000000,0.000000,0.000000,above_band_high
2026-08-03T08:30:00Z,94.9126,0.000000,0.000000,0.000000,above_band_high
2026-08-03T08:31:00Z,94.9096,0.000000,0.000000,0.000000,above_band_high
2026-08-03T08:32:00Z,94.9050,0.000000,0.000000,0.000000,above_band_high
2026-08-03T08:33:00Z,94.8913,0.000000,0.000000,0.000000,above_band_high
2026-08-03T08:34:00Z,94.9401,0.000000,0.000000,0.000000,above_band_high
2026-08-03T08:35:00Z,94.9447,0.000000,0.000000,0.000000,above_band_high
2026-08-03T08:36:00Z,94.9508,0.000000,0.000000,0.000000,above_band_high
2026-08-03T08:37:00Z,94.9096,0.000000,0.000000,0.000000,above_band_high
2026-08-03T08:38:00Z,94.9233,0.000000,0.000000,0.000000,above_band_high
2026-08-03T08:39:00Z,94.9645,0.000000,0.000000,0.000000,above_band_high
2026-08-03T08:40:00Z,94.9355,0.000000,0.000000,0.000000,above_band_high
2026-08-03T08:41:00Z,94.9508,0.000000,0.000000,0.000000,above_band_high
2026-08-03T08:42:00Z,94.9462,0.000000,0.000000,0.000000,above_band_high
2026-08-03T08:43:00Z,94.9645,0.000000,0.000000,0.000000,above_band_high
2026-08-03T08:44:00Z,94.9645,0.000000,0.000000,0.000000,above_band_high
2026-08-03T08:45:00Z,94.9447,0.000000,0.000000,0.000000,above_band_high
2026-08-03T08:46:00Z,94.9401,0.000000,0.000000,0.000000,above_band_high
2026-08-03T08:47:00Z,94.9279,0.000000,0.000000,0.000000,above_band_high
2026-08-03T08:48:00Z,94.9722,0.000000,0.000000,0.000000,above_band_high
2026-08-03T08:49:00Z,94.9630,0.000000,0.000000,0.000000,above_band_high
2026-08-03T08:50:00Z,94.9508,0.000000,0.000000,0.000000,above_band_high
2026-08-03T08:51:00Z,94.9584,0.000000,0.000000,0.000000,above_band_high
2026-08-03T08:52:00Z,94.9508,0.000000,0.000000,0.000000,above_band_high
2026-08-03T08:53:00Z,94.9187,0.000000,0.000000,0.000000,above_band_high
2026-08-03T08:54:00Z,94.9584,0.000000,0.000000,0.000000,above_band_high
2026-08-03T08:55:00Z,94.9447,0.000000,0.000000,0.000000,above_band_high
2026-08-03T08:56:00Z,94.9645,0.000000,0.000000,0.000000,above_band_high
2026-08-03T08:57:00Z,94.9584,0.000000,0.000000,0.000000,above_band_high
2026-08-03T08:58:00Z,94.9462,0.000000,0.000000,0.000000,above_band_high
2026-08-03T08:59:00Z,94.9966,0.000000,0.000000,0.000000,above_band_high
2026-08-03T09:00:00Z,94.9676,0.000000,0.000000,0.000000,above_band_high
2026-08-03T09:01:00Z,94.9584,0.000000,0.000000,0.000000,above_band_high
2026-08-03T09:02:00Z,94.9554,0.000000,0.000000,0.000000,above_band_high
2026-08-03T09:03:00Z,94.9584,0.000000,0.000000,0.000000,above_band_high
2026-08-03T09:04:00Z,94.9645,0.000000,0.000000,0.000000,above_band_high
2026-08-03T09:05:00Z,94.9676,0.000000,0.000000,0.000000,above_band_high
2026-08-03T09:06:00Z,94.9783,0.000000,0.000000,0.000000,above_band_high
2026-08-03T09:07:00Z,94.9783,0.000000,0.000000,0.000000,above_band_high
2026-08-03T09:08:00Z,94.9783,0.000000,0.000000,0.000000,above_band_high
2026-08-03T09:09:00Z,94.9905,0.000000,0.000000,0.000000,above_band_high
2026-08-03T09:10:00Z,94.9783,0.000000,0.000000,0.000000,above_band_high
2026-08-03T09:11:00Z,94.9859,0.000000,0.000000,0.000000,above_band_high
2026-08-03T09:12:00Z,94.9859,0.000000,0.000000,0.000000,above_band_high
2026-08-03T09:13:00Z,94.9599,0.000000,0.000000,0.000000,above_band_high
2026-08-03T09:14:00Z,95.0057,0.000000,0.000000,0.000000,above_band_high
2026-08-03T09:15:00Z,94.9859,0.000000,0.000000,0.000000,above_band_high
2026-08-03T09:16:00Z,94.9920,0.000000,0.000000,0.000000,above_band_high
2026-08-03T09:17:00Z,95.0011,0.000000,0.000000,0.000000,above_band_high
2026-08-03T09:18:00Z,94.9783,0.000000,0.000000,0.000000,above_band_high
2026-08-03T09:19:00Z,95.0286,0.000000,0.000000,0.000000,above_band_high
2026-08-03T09:20:00Z,95.0011,0.000000,0.000000,0.000000,above_band_high
2026-08-03T09:21:00Z,95.0134,0.000000,0.000000,0.000000,above_band_high
2026-08-03T09:22:00Z,95.0011,0.000000,0.000000,0.000000,above_band_high
2026-08-03T09:23:00Z,95.0195,0.000000,0.000000,0.000000,above_band_high
2026-08-03T09:24:00Z,95.0195,0.000000,0.000000,0.000000,above_band_high
2026-08-03T09:25:00Z,95.0134,0.000000,0.000000,0.000000,above_band_high
2026-08-03T09:26:00Z,95.0088,0.000000,0.000000,0.000000,above_band_high
2026-08-03T09:27:00Z,95.0011,0.000000,0.000000,0.000000,above_band_high
2026-08-03T09:28:00Z,95.0134,0.000000,0.000000,0.000000,above_band_high
2026-08-03T09:29:00Z,95.0011,0.000000,0.000000,0.000000,above_band_high
2026-08-03T09:30:00Z,95.0515,0.000000,0.000000,0.000000,above_band_high
2026-08-03T09:31:00Z,95.0698,0.000000,0.000000,0.000000,above_band_high
2026-08-03T09:32:00Z,95.0408,0.000000,0.000000,0.000000,above_band_high
2026-08-03T09:33:00Z,95.0408,0.000000,0.000000,0.000000,above_band_high
2026-08-03T09:34:00Z,95.0317,0.000000,0.000000,0.000000,above_band_high
2026-08-03T09:35:00Z,95.0454,0.000000,0.000000,0.000000,above_band_high
2026-08-03T09:36:00Z,95.0408,0.000000,0.000000,0.000000,above_band_high
2026-08-03T09:37:00Z,95.0317,0.000000,0.000000,0.000000,above_band_high
2026-08-03T09:38:00Z,95.0408,0.000000,0.000000,0.000000,above_band_high
2026-08-03T09:39:00Z,95.0698,0.000000,0.000000,0.000000,above_band_high
2026-08-03T09:40:00Z,95.0271,0.000000,0.000000,0.000000,above_band_high
2026-08-03T09:41:00Z,95.0134,0.000000,0.000000,0.000000,above_band_high
2026-08-03T09:42:00Z,95.0546,0.000000,0.000000,0.000000,above_band_high
2026-08-03T09:43:00Z,95.0332,0.000000,0.000000,0.000000,above_band_high
2026-08-03T09:44:00Z,95.0088,0.000000,0.000000,0.000000,above_band_high
2026-08-03T09:45:00Z,95.0332,0.000000,0.000000,0.000000,above_band_high
2026-08-03T09:46:00Z,95.0134,0.000000,0.000000,0.000000,above_band_high
2026-08-03T09:47:00Z,95.0195,0.000000,0.000000,0.000000,above_band_high
2026-08-03T09:48:00Z,95.0408,0.000000,0.000000,0.000000,above_band_high
2026-08-03T09:49:00Z,95.0515,0.000000,0.000000,0.000000,above_band_high
2026-08-03T09:50:00Z,95.0286,0.000000,0.000000,0.000000,above_band_high
2026-08-03T09:51:00Z,95.0332,0.000000,0.000000,0.000000,above_band_high
2026-08-03T09:52:00Z,94.9813,0.000000,0.000000,0.000000,above_band_high
2026-08-03T09:53:00Z,95.0362,0.000000,0.000000,0.000000,above_band_high
2026-08-03T09:54:00Z,95.0591,0.000000,0.000000,0.000000,above_band_high
2026-08-03T09:55:00Z,95.0225,0.000000,0.000000,0.000000,above_band_high
2026-08-03T09:56:00Z,95.0683,0.000000,0.000000,0.000000,above_band_high
2026-08-03T09:57:00Z,95.0011,0.000000,0.000000,0.000000,above_band_high
2026-08-03T09:58:00Z,95.0179,0.000000,0.000000,0.000000,above_band_high
2026-08-03T09:59:00Z,95.0515,0.000000,0.000000,0.000000,above_band_high
2026-08-03T10:00:00Z,95.0423,0.000000,0.000000,0.000000,above_band_high
2026-08-03T10:01:00Z,95.0225,0.000000,0.000000,0.000000,above_band_high
2026-08-03T10:02:00Z,95.0332,0.000000,0.000000,0.000000,above_band_high
2026-08-03T10:03:00Z,95.0637,0.000000,0.000000,0.000000,above_band_high
2026-08-03T10:04:00Z,95.0408,0.000000,0.000000,0.000000,above_band_high
2026-08-03T10:05:00Z,95.0362,0.000000,0.000000,0.000000,above_band_high
2026-08-03T10:06:00Z,95.0637,0.000000,0.000000,0.000000,above_band_high
2026-08-03T10:07:00Z,95.0820,0.000000,0.000000,0.000000,above_band_high
2026-08-03T10:08:00Z,95.0332,0.000000,0.000000,0.000000,above_band_high
2026-08-03T10:09:00Z,95.0744,0.000000,0.000000,0.000000,above_band_high
2026-08-03T10:10:00Z,95.0515,0.000000,0.000000,0.000000,above_band_high
2026-08-03T10:11:00Z,95.0683,0.000000,0.000000,0.000000,above_band_high
2026-08-03T10:12:00Z,95.0820,0.000000,0.000000,0.000000,above_band_high
2026-08-03T10:13:00Z,95.0698,0.000000,0.000000,0.000000,above_band_high
2026-08-03T10:14:00Z,95.0744,0.000000,0.000000,0.000000,above_band_high
2026-08-03T10:15:00Z,95.0973,0.000000,0.000000,0.000000,above_band_high
2026-08-03T10:16:00Z,95.0698,0.000000,0.000000,0.000000,above_band_high
2026-08-03T10:17:00Z,95.0591,0.000000,0.000000,0.000000,above_band_high
2026-08-03T10:18:00Z,95.0958,0.000000,0.000000,0.000000,above_band_high
2026-08-03T10:19:00Z,95.1049,0.000000,0.000000,0.000000,above_band_high
2026-08-03T10:20:00Z,95.0912,0.000000,0.000000,0.000000,above_band_high
2026-08-03T10:21:00Z,95.0881,0.000000,0.000000,0.000000,above_band_high
2026-08-03T10:22:00Z,95.0973,0.000000,0.000000,0.000000,above_band_high
2026-08-03T10:23:00Z,95.1232,0.000000,0.000000,0.000000,above_band_high
2026-08-03T10:24:00Z,95.1019,0.000000,0.000000,0.000000,above_band_high
2026-08-03T10:25:00Z,95.1095,0.000000,0.000000,0.000000,above_band_high
2026-08-03T10:26:00Z,95.1324,0.000000,0.000000,0.000000,above_band_high
2026-08-03T10:27:00Z,95.1156,0.000000,0.000000,0.000000,above_band_high
2026-08-03T10:28:00Z,95.1202,0.000000,0.000000,0.000000,above_band_high
2026-08-03T10:29:00Z,95.1202,0.000000,0.000000,0.000000,above_band_high
2026-08-03T10:30:00Z,95.1202,0.000000,0.000000,0.000000,above_band_high
2026-08-03T10:31:00Z,95.1324,0.000000,0.000000,0.000000,above_band_high
2026-08-03T10:32:00Z,95.1614,0.000000,0.000000,0.000000,above_band_high
2026-08-03T10:33:00Z,95.1293,0.000000,0.000000,0.000000,above_band_high
2026-08-03T10:34:00Z,95.1476,0.000000,0.000000,0.000000,above_band_high
2026-08-03T10:35:00Z,95.1751,0.000000,0.000000,0.000000,above_band_high
2026-08-03T10:36:00Z,95.1736,0.000000,0.000000,0.000000,above_band_high
2026-08-03T10:37:00Z,95.1476,0.000000,0.000000,0.000000,above_band_high
2026-08-03T10:38:00Z,95.1781,0.000000,0.000000,0.000000,above_band_high
2026-08-03T10:39:00Z,95.1781,0.000000,0.000000,0.000000,above_band_high
2026-08-03T10:40:00Z,95.1934,0.000000,0.000000,0.000000,above_band_high
2026-08-03T10:41:00Z,95.1827,0.000000,0.000000,0.000000,above_band_high
2026-08-03T10:42:00Z,95.2010,0.000000,0.000000,0.000000,above_band_high
2026-08-03T10:43:00Z,95.1736,0.000000,0.000000,0.000000,above_band_high
2026-08-03T10:44:00Z,95.1659,0.000000,0.000000,0.000000,above_band_high
2026-08-03T10:45:00Z,95.1797,0.000000,0.000000,0.000000,above_band_high
2026-08-03T10:46:00Z,95.2010,0.000000,0.000000,0.000000,above_band_high
2026-08-03T10:47:00Z,95.1781,0.000000,0.000000,0.000000,above_band_high
2026-08-03T10:48:00Z,95.1781,0.000000,0.000000,0.000000,above_band_high
2026-08-03T10:49:00Z,95.1843,0.000000,0.000000,0.000000,above_band_high
2026-08-03T10:50:00Z,95.1736,0.000000,0.000000,0.000000,above_band_high
2026-08-03T10:51:00Z,95.2285,0.000000,0.000000,0.000000,above_band_high
2026-08-03T10:52:00Z,95.1705,0.000000,0.000000,0.000000,above_band_high
2026-08-03T10:53:00Z,95.2056,0.000000,0.000000,0.000000,above_band_high
2026-08-03T10:54:00Z,95.1781,0.000000,0.000000,0.000000,above_band_high
2026-08-03T10:55:00Z,95.1614,0.000000,0.000000,0.000000,above_band_high
2026-08-03T10:56:00Z,95.1843,0.000000,0.000000,0.000000,above_band_high
2026-08-03T10:57:00Z,95.1919,0.000000,0.000000,0.000000,above_band_high
2026-08-03T10:58:00Z,95.2255,0.000000,0.000000,0.000000,above_band_high
2026-08-03T10:59:00Z,95.1919,0.000000,0.000000,0.000000,above_band_high
2026-08-03T11:00:00Z,95.1873,0.000000,0.000000,0.000000,above_band_high
2026-08-03T11:01:00Z,95.1797,0.000000,0.000000,0.000000,above_band_high
2026-08-03T11:02:00Z,95.1965,0.000000,0.000000,0.000000,above_band_high
2026-08-03T11:03:00Z,95.2026,0.000000,0.000000,0.000000,above_band_high
2026-08-03T11:04:00Z,95.1919,0.000000,0.000000,0.000000,above_band_high
2026-08-03T11:05:00Z,95.1919,0.000000,0.000000,0.000000,above_band_high
2026-08-03T11:06:00Z,95.1690,0.000000,0.000000,0.000000,above_band_high
2026-08-03T11:07:00Z,95.1644,0.000000,0.000000,0.000000,above_band_high
2026-08-03T11:08:00Z,95.1659,0.000000,0.000000,0.000000,above_band_high
2026-08-03T11:09:00Z,95.1690,0.000000,0.000000,0.000000,above_band_high
2026-08-03T11:10:00Z,95.1690,0.000000,0.000000,0.000000,above_band_high
2026-08-03T11:11:00Z,95.1690,0.000000,0.000000,0.000000,above_band_high
2026-08-03T11:12:00Z,95.1736,0.000000,0.000000,0.000000,above_band_high
2026-08-03T11:13:00Z,95.1690,0.000000,0.000000,0.000000,above_band_high
2026-08-03T11:14:00Z,95.1690,0.000000,0.000000,0.000000,above_band_high
2026-08-03T11:15:00Z,95.1705,0.000000,0.000000,0.000000,above_band_high
2026-08-03T11:16:00Z,95.1385,0.000000,0.000000,0.000000,above_band_high
2026-08-03T11:17:00Z,95.1781,0.000000,0.000000,0.000000,above_band_high
2026-08-03T11:18:00Z,95.1690,0.000000,0.000000,0.000000,above_band_high
2026-08-03T11:19:00Z,95.1431,0.000000,0.000000,0.000000,above_band_high
2026-08-03T11:20:00Z,95.1461,0.000000,0.000000,0.000000,above_band_high
2026-08-03T11:21:00Z,95.1614,0.000000,0.000000,0.000000,above_band_high
2026-08-03T11:22:00Z,95.1797,0.000000,0.000000,0.000000,above_band_high
2026-08-03T11:23:00Z,95.1843,0.000000,0.000000,0.000000,above_band_high
2026-08-03T11:24:00Z,95.1431,0.000000,0.000000,0.000000,above_band_high
2026-08-03T11:25:00Z,95.1553,0.000000,0.000000,0.000000,above_band_high
2026-08-03T11:26:00Z,95.1644,0.000000,0.000000,0.000000,above_band_high
2026-08-03T11:27:00Z,95.1690,0.000000,0.000000,0.000000,above_band_high
2026-08-03T11:28:00Z,95.1568,0.000000,0.000000,0.000000,above_band_high
2026-08-03T11:29:00Z,95.1644,0.000000,0.000000,0.000000,above_band_high
2026-08-03T11:30:00Z,95.1797,0.000000,0.000000,0.000000,above_band_high
2026-08-03T11:31:00Z,95.1888,0.000000,0.000000,0.000000,above_band_high
2026-08-03T11:32:00Z,95.1934,0.000000,0.000000,0.000000,above_band_high
2026-08-03T11:33:00Z,95.2209,0.000000,0.000000,0.000000,above_band_high
2026-08-03T11:34:00Z,95.2255,0.000000,0.000000,0.000000,above_band_high
2026-08-03T11:35:00Z,95.2392,0.000000,0.000000,0.000000,above_band_high
2026-08-03T11:36:00Z,95.2651,0.000000,0.000000,0.000000,above_band_high
2026-08-03T11:37:00Z,95.2392,0.000000,0.000000,0.000000,above_band_high
2026-08-03T11:38:00Z,95.2789,0.000000,0.000000,0.000000,above_band_high
2026-08-03T11:39:00Z,95.2758,0.000000,0.000000,0.000000,above_band_high
2026-08-03T11:40:00Z,95.2758,0.000000,0.000000,0.000000,above_band_high
2026-08-03T11:41:00Z,95.3201,0.000000,0.000000,0.000000,above_band_high
2026-08-03T11:42:00Z,95.3658,0.000000,0.000000,0.000000,above_band_high
2026-08-03T11:43:00Z,95.3658,0.000000,0.000000,0.000000,above_band_high
2026-08-03T11:44:00Z,95.3750,0.000000,0.000000,0.000000,above_band_high
2026-08-03T11:45:00Z,95.3704,0.000000,0.000000,0.000000,above_band_high
2026-08-03T11:46:00Z,95.3353,0.000000,0.000000,0.000000,above_band_high
2026-08-03T11:47:00Z,95.3292,0.000000,0.000000,0.000000,above_band_high
2026-08-03T11:48:00Z,95.2941,0.000000,0.000000,0.000000,above_band_high
2026-08-03T11:49:00Z,95.2605,0.000000,0.000000,0.000000,above_band_high
2026-08-03T11:50:00Z,95.2712,0.000000,0.000000,0.000000,above_band_high
2026-08-03T11:51:00Z,95.2392,0.000000,0.000000,0.000000,above_band_high
2026-08-03T11:52:00Z,95.1705,0.000000,0.000000,0.000000,above_band_high
2026-08-03T11:53:00Z,95.1614,0.000000,0.000000,0.000000,above_band_high
2026-08-03T11:54:00Z,95.1324,0.000000,0.000000,0.000000,above_band_high
2026-08-03T11:55:00Z,95.0820,0.000000,0.000000,0.000000,above_band_high
2026-08-03T11:56:00Z,95.0515,0.000000,0.000000,0.000000,above_band_high
2026-08-03T11:57:00Z,94.9859,0.000000,0.000000,0.000000,above_band_high
2026-08-03T11:58:00Z,94.9630,0.000000,0.000000,0.000000,above_band_high
2026-08-03T11:59:00Z,95.0011,0.000000,0.000000,0.000000,above_band_high
2026-08-03T12:00:00Z,94.9599,0.000000,0.000000,0.000000,above_band_high
2026-08-03T12:01:00Z,94.9218,0.000000,0.000000,0.000000,above_band_high
2026-08-03T12:02:00Z,94.8852,0.000000,0.000000,0.000000,above_band_high
2026-08-03T12:03:00Z,94.8531,0.000000,0.000000,0.000000,above_band_high
2026-08-03T12:04:00Z,94.8348,0.000000,0.000000,0.000000,above_band_high
2026-08-03T12:05:00Z,94.8440,0.000000,0.000000,0.000000,above_band_high
2026-08-03T12:06:00Z,94.8135,0.000000,0.000000,0.000000,above_band_high
2026-08-03T12:07:00Z,94.7906,0.000000,0.000000,0.000000,above_band_high
2026-08-03T12:08:00Z,94.7860,0.000000,0.000000,0.000000,above_band_high
2026-08-03T12:09:00Z,94.7478,0.000000,0.000000,0.000000,above_band_high
2026-08-03T12:10:00Z,94.7127,0.000000,0.000000,0.000000,above_band_high
2026-08-03T12:11:00Z,94.7082,0.000000,0.000000,0.000000,above_band_high
2026-08-03T12:12:00Z,94.7265,0.000000,0.000000,0.000000,above_band_high
2026-08-03T12:13:00Z,94.7311,0.000000,0.000000,0.000000,above_band_high
2026-08-03T12:14:00Z,94.7265,0.000000,0.000000,0.000000,above_band_high
2026-08-03T12:15:00Z,94.7082,0.000000,0.000000,0.000000,above_band_high
2026-08-03T12:16:00Z,94.7250,0.000000,0.000000,0.000000,above_band_high
2026-08-03T12:17:00Z,94.7539,0.000000,0.000000,0.000000,above_band_high
2026-08-03T12:18:00Z,94.7494,0.000000,0.000000,0.000000,above_band_high
2026-08-03T12:19:00Z,94.7539,0.000000,0.000000,0.000000,above_band_high
2026-08-03T12:20:00Z,94.7616,0.000000,0.000000,0.000000,above_band_high
2026-08-03T12:21:00Z,94.8074,0.000000,0.000000,0.000000,above_band_high
2026-08-03T12:22:00Z,94.7570,0.000000,0.000000,0.000000,above_band_high
2026-08-03T12:23:00Z,94.7845,0.000000,0.000000,0.000000,above_band_high
2026-08-03T12:24:00Z,94.8135,0.000000,0.000000,0.000000,above_band_high
2026-08-03T12:25:00Z,94.7677,0.000000,0.000000,0.000000,above_band_high
2026-08-03T12:26:00Z,94.8028,0.000000,0.000000,0.000000,above_band_high
2026-08-03T12:27:00Z,94.7753,0.000000,0.000000,0.000000,above_band_high
2026-08-03T12:28:00Z,94.7631,0.000000,0.000000,0.000000,above_band_high
2026-08-03T12:29:00Z,94.7341,0.000000,0.000000,0.000000,above_band_high
2026-08-03T12:30:00Z,94.7356,0.000000,0.000000,0.000000,above_band_high
2026-08-03T12:31:00Z,94.7250,0.000000,0.000000,0.000000,above_band_high
2026-08-03T12:32:00Z,94.6792,0.000000,0.000000,0.000000,above_band_high
2026-08-03T12:33:00Z,94.6578,0.000000,0.000000,0.000000,above_band_high
2026-08-03T12:34:00Z,94.6624,0.000000,0.000000,0.000000,above_band_high
2026-08-03T12:35:00Z,94.6700,0.000000,0.000000,0.000000,above_band_high
2026-08-03T12:36:00Z,94.6578,0.000000,0.000000,0.000000,above_band_high
2026-08-03T12:37:00Z,94.6349,0.000000,0.000000,0.000000,above_band_high
2026-08-03T12:38:00Z,94.6883,0.000000,0.000000,0.000000,above_band_high
2026-08-03T12:39:00Z,94.7112,0.000000,0.000000,0.000000,above_band_high
2026-08-03T12:40:00Z,94.6441,0.000000,0.000000,0.000000,above_band_high
2026-08-03T12:41:00Z,94.5983,0.000000,0.000000,0.000000,above_band_high
2026-08-03T12:42:00Z,94.6288,0.000000,0.000000,0.000000,above_band_high
2026-08-03T12:43:00Z,94.6426,0.000000,0.000000,0.000000,above_band_high
2026-08-03T12:44:00Z,94.6288,0.000000,0.000000,0.000000,above_band_high
2026-08-03T12:45:00Z,94.6578,0.000000,0.000000,0.000000,above_band_high
2026-08-03T12:46:00Z,94.6487,0.000000,0.000000,0.000000,above_band_high
2026-08-03T12:47:00Z,94.5464,0.000000,0.000000,0.000000,above_band_high
2026-08-03T12:48:00Z,94.4869,0.000000,0.000000,0.000000,above_band_high
2026-08-03T12:49:00Z,94.3786,0.000000,0.000000,0.000000,above_band_high
2026-08-03T12:50:00Z,94.3221,0.000000,0.000000,0.000000,above_band_high
2026-08-03T12:51:00Z,94.2275,0.000000,0.000000,0.000000,above_band_high
2026-08-03T12:52:00Z,94.2275,0.000000,0.000000,0.000000,above_band_high
2026-08-03T12:53:00Z,94.2260,0.000000,0.000000,0.000000,above_band_high
2026-08-03T12:54:00Z,94.2260,0.000000,0.000000,0.000000,above_band_high
2026-08-03T12:55:00Z,94.1848,0.000000,0.000000,0.000000,above_band_high
2026-08-03T12:56:00Z,94.2123,0.000000,0.000000,0.000000,above_band_high
2026-08-03T12:57:00Z,94.1848,0.000000,0.000000,0.000000,above_band_high
2026-08-03T12:58:00Z,94.1909,0.000000,0.000000,0.000000,above_band_high
2026-08-03T12:59:00Z,94.1665,0.000000,0.000000,0.000000,above_band_high
2026-08-03T13:00:00Z,94.1161,0.000000,0.000000,0.000000,above_band_high
2026-08-03T13:01:00Z,94.0810,0.000000,0.000000,0.000000,above_band_high
2026-08-03T13:02:00Z,94.0032,0.000000,0.000000,0.000000,above_band_high
2026-08-03T13:03:00Z,93.9330,0.000000,0.000000,0.000000,above_band_high
2026-08-03T13:04:00Z,93.8735,0.000000,0.000000,0.000000,above_band_high
2026-08-03T13:05:00Z,93.8231,0.000000,0.000000,0.000000,above_band_high
2026-08-03T13:06:00Z,93.7682,0.000000,0.000000,0.000000,above_band_high
2026-08-03T13:07:00Z,93.6904,0.000000,0.000000,0.000000,above_band_high
2026-08-03T13:08:00Z,93.6446,0.000000,0.000000,0.000000,above_band_high
2026-08-03T13:09:00Z,93.6049,0.000000,0.000000,0.000000,above_band_high
2026-08-03T13:10:00Z,93.5500,0.000000,0.000000,0.000000,above_band_high
2026-08-03T13:11:00Z,93.4493,0.000000,0.000000,0.000000,above_band_high
2026-08-03T13:12:00Z,93.3806,0.000000,0.000000,0.000000,above_band_high
2026-08-03T13:13:00Z,93.3440,0.000000,0.000000,0.000000,above_band_high
2026-08-03T13:14:00Z,93.2616,0.000000,0.000000,0.000000,above_band_high
2026-08-03T13:15:00Z,93.2433,0.000000,0.000000,0.000000,above_band_high
2026-08-03T13:16:00Z,93.2067,0.000000,0.000000,0.000000,above_band_high
2026-08-03T13:17:00Z,93.1334,0.000000,0.000000,0.000000,above_band_high
2026-08-03T13:18:00Z,93.1197,0.000000,0.000000,0.000000,above_band_high
2026-08-03T13:19:00Z,93.0648,0.000000,0.000000,0.000000,above_band_high
2026-08-03T13:20:00Z,93.0587,0.000000,0.000000,0.000000,above_band_high
2026-08-03T13:21:00Z,93.0327,0.000000,0.000000,0.000000,above_band_high
2026-08-03T13:22:00Z,93.0053,0.000000,0.000000,0.000000,above_band_high
2026-08-03T13:23:00Z,92.9580,0.000000,0.000000,0.000000,above_band_high
2026-08-03T13:24:00Z,92.9412,0.000000,0.000000,0.000000,above_band_high
2026-08-03T13:25:00Z,92.9168,0.000000,0.000000,0.000000,above_band_high
2026-08-03T13:26:00Z,92.9580,0.000000,0.000000,0.000000,above_band_high
2026-08-03T13:27:00Z,92.9213,0.000000,0.000000,0.000000,above_band_high
2026-08-03T13:28:00Z,92.9000,0.000000,0.000000,0.000000,above_band_high
2026-08-03T13:29:00Z,92.9046,0.000000,0.000000,0.000000,above_band_high
2026-08-03T13:30:00Z,92.8847,0.000000,0.000000,0.000000,above_band_high
2026-08-03T13:31:00Z,92.8847,0.000000,0.000000,0.000000,above_band_high
2026-08-03T13:32:00Z,92.8847,0.000000,0.000000,0.000000,above_band_high
2026-08-03T13:33:00Z,92.8908,0.000000,0.000000,0.000000,above_band_high
2026-08-03T13:34:00Z,92.8710,0.000000,0.000000,0.000000,above_band_high
2026-08-03T13:35:00Z,92.8267,0.000000,0.000000,0.000000,above_band_high
2026-08-03T13:36:00Z,92.8771,0.000000,0.000000,0.000000,above_band_high
2026-08-03T13:37:00Z,92.9168,0.000000,0.000000,0.000000,above_band_high
2026-08-03T13:38:00Z,92.9076,0.000000,0.000000,0.000000,above_band_high
2026-08-03T13:39:00Z,92.9641,0.000000,0.000000,0.000000,above_band_high
2026-08-03T13:40:00Z,92.9854,0.000000,0.000000,0.000000,above_band_high
2026-08-03T13:41:00Z,93.0541,0.000000,0.000000,0.000000,above_band_high
2026-08-03T13:42:00Z,93.0419,0.000000,0.000000,0.000000,above_band_high
2026-08-03T13:43:00Z,93.0312,0.000000,0.000000,0.000000,above_band_high
2026-08-03T13:44:00Z,93.0785,0.000000,0.000000,0.000000,above_band_high
2026-08-03T13:45:00Z,93.0312,0.000000,0.000000,0.000000,above_band_high
2026-08-03T13:46:00Z,93.0053,0.000000,0.000000,0.000000,above_band_high
2026-08-03T13:47:00Z,92.9870,0.000000,0.000000,0.000000,above_band_high
2026-08-03T13:48:00Z,93.0175,0.000000,0.000000,0.000000,above_band_high
2026-08-03T13:49:00Z,92.9992,0.000000,0.000000,0.000000,above_band_high
2026-08-03T13:50:00Z,92.9320,0.000000,0.000000,0.000000,above_band_high
2026-08-03T13:51:00Z,92.9091,0.000000,0.000000,0.000000,above_band_high
2026-08-03T13:52:00Z,92.8618,0.000000,0.000000,0.000000,above_band_high
2026-08-03T13:53:00Z,92.8130,0.000000,0.000000,0.000000,above_band_high
2026-08-03T13:54:00Z,92.8267,0.000000,0.000000,0.000000,above_band_high
2026-08-03T13:55:00Z,92.8389,0.000000,0.000000,0.000000,above_band_high
2026-08-03T13:56:00Z,92.8267,0.000000,0.000000,0.000000,above_band_high
2026-08-03T13:57:00Z,92.7947,0.000000,0.000000,0.000000,above_band_high
2026-08-03T13:58:00Z,92.8069,0.000000,0.000000,0.000000,above_band_high
2026-08-03T13:59:00Z,92.8115,0.000000,0.000000,0.000000,above_band_high
2026-08-03T14:00:00Z,92.8130,0.000000,0.000000,0.000000,above_band_high
2026-08-03T14:01:00Z,92.8069,0.000000,0.000000,0.000000,above_band_high
2026-08-03T14:02:00Z,92.8481,0.000000,0.000000,0.000000,above_band_high
2026-08-03T14:03:00Z,92.8817,0.000000,0.000000,0.000000,above_band_high
2026-08-03T14:04:00Z,92.7977,0.000000,0.000000,0.000000,above_band_high
2026-08-03T14:05:00Z,92.7718,0.000000,0.000000,0.000000,above_band_high
2026-08-03T14:06:00Z,92.7993,0.000000,0.000000,0.000000,above_band_high
2026-08-03T14:07:00Z,92.7703,0.000000,0.000000,0.000000,above_band_high
2026-08-03T14:08:00Z,92.8023,0.000000,0.000000,0.000000,above_band_high
2026-08-03T14:09:00Z,92.8222,0.000000,0.000000,0.000000,above_band_high
2026-08-03T14:10:00Z,92.8222,0.000000,0.000000,0.000000,above_band_high
2026-08-03T14:11:00Z,92.8038,0.000000,0.000000,0.000000,above_band_high
2026-08-03T14:12:00Z,92.8161,0.000000,0.000000,0.000000,above_band_high
2026-08-03T14:13:00Z,92.8161,0.000000,0.000000,0.000000,above_band_high
2026-08-03T14:14:00Z,92.7626,0.000000,0.000000,0.000000,above_band_high
2026-08-03T14:15:00Z,92.7199,0.000000,0.000000,0.000000,above_band_high
2026-08-03T14:16:00Z,92.7123,0.000000,0.000000,0.000000,above_band_high
2026-08-03T14:17:00Z,92.6238,0.000000,0.000000,0.000000,above_band_high
2026-08-03T14:18:00Z,92.4880,0.000000,0.000000,0.000000,above_band_high
2026-08-03T14:19:00Z,92.3491,0.000000,0.000000,0.000000,above_band_high
2026-08-03T14:20:00Z,92.2087,0.000000,0.000000,0.000000,above_band_high
2026-08-03T14:21:00Z,92.2042,0.000000,0.000000,0.000000,above_band_high
2026-08-03T14:22:00Z,92.1767,0.000000,0.000000,0.000000,above_band_high
2026-08-03T14:23:00Z,92.0394,0.000000,0.000000,0.000000,above_band_high
2026-08-03T14:24:00Z,91.9478,0.000000,0.000000,0.000000,above_band_high
2026-08-03T14:25:00Z,91.8425,0.000000,0.000000,0.000000,above_band_high
2026-08-03T14:26:00Z,91.7144,0.000000,0.000000,0.000000,above_band_high
2026-08-03T14:27:26Z,91.5038,0.000000,0.008955,0.008955,above_band_high
2026-08-03T14:27:40Z,91.5160,0.002426,0.001882,-0.000545,above_band_high
2026-08-03T14:29:18Z,91.3100,0.001852,0.001731,-0.000121,in_band
2026-08-03T14:29:59Z,91.2612,0.000940,0.000879,-0.000062,in_band
2026-08-03T14:30:00Z,91.2383,0.000925,0.000864,-0.000061,in_band
2026-08-03T14:30:59Z,91.1406,0.000349,0.000326,-0.000023,in_band
2026-08-03T14:31:00Z,91.1360,0.000343,0.000321,-0.000022,in_band
2026-08-03T14:31:59Z,91.0689,0.000129,0.000121,-0.000008,in_band
2026-08-03T14:32:00Z,91.0826,0.000127,0.000119,-0.000008,in_band
2026-08-03T14:32:59Z,90.9636,0.000048,0.000045,-0.000003,in_band
2026-08-03T14:33:00Z,90.9865,0.000047,0.000044,-0.000003,in_band
2026-08-03T14:33:59Z,90.9361,0.000018,0.000017,-0.000001,in_band
2026-08-03T14:34:00Z,90.9255,0.000018,0.000016,-0.000001,in_band
2026-08-03T14:34:59Z,90.8858,0.000007,0.000006,-0.000000,in_band
2026-08-03T14:35:00Z,90.8812,0.000006,0.000006,-0.000000,in_band
2026-08-03T14:35:59Z,90.7942,0.000002,0.000002,-0.000000,in_band
2026-08-03T14:36:00Z,90.8446,0.000002,0.000002,-0.000000,in_band
2026-08-03T14:36:59Z,90.7897,0.000001,0.000001,-0.000000,in_band
2026-08-03T14:37:00Z,90.7836,0.000001,0.000001,-0.000000,in_band
2026-08-03T14:37:59Z,90.8705,0.000000,0.000000,-0.000000,in_band
2026-08-03T14:38:00Z,90.8309,0.000000,0.000000,-0.000000,in_band
2026-08-03T14:38:59Z,90.8064,0.000000,0.000000,-0.000000,in_band
2026-08-03T14:39:00Z,90.8309,0.000000,0.000000,-0.000000,in_band
2026-08-03T14:39:59Z,90.8064,0.000000,0.000000,-0.000000,in_band
2026-08-03T14:40:00Z,90.8125,0.000000,0.000000,-0.000000,in_band
2026-08-03T14:40:59Z,90.8705,0.000000,0.000000,-0.000000,in_band
2026-08-03T14:41:00Z,90.8492,0.000000,0.000000,-0.000000,in_band
2026-08-03T14:41:59Z,90.8705,0.000000,0.000000,-0.000000,in_band
2026-08-03T14:42:00Z,90.8858,0.000000,0.000000,-0.000000,in_band
2026-08-03T14:42:59Z,90.8537,0.000000,0.000000,-0.000000,in_band
2026-08-03T14:43:00Z,90.8492,0.000000,0.000000,-0.000000,in_band
2026-08-03T14:43:59Z,90.8858,0.000000,0.000000,-0.000000,in_band
2026-08-03T14:44:00Z,90.8766,0.000000,0.000000,-0.000000,in_band
2026-08-03T14:44:59Z,90.8843,0.000000,0.000000,-0.000000,in_band
2026-08-03T14:45:00Z,90.8721,0.000000,0.000000,-0.000000,in_band
2026-08-03T14:45:59Z,90.9483,0.000000,0.000000,-0.000000,in_band
2026-08-03T14:46:00Z,90.9346,0.000000,0.000000,-0.000000,in_band
2026-08-03T14:46:59Z,91.0216,0.000000,0.000000,-0.000000,in_band
2026-08-03T14:47:00Z,91.0399,0.000000,0.000000,-0.000000,in_band
2026-08-03T14:47:59Z,91.1131,0.000000,0.000000,-0.000000,in_band
2026-08-03T14:48:00Z,91.1284,0.000000,0.000000,-0.000000,in_band
2026-08-03T14:48:59Z,91.1879,0.000000,0.000000,-0.000000,in_band
2026-08-03T14:49:00Z,91.1589,0.000000,0.000000,-0.000000,in_band
2026-08-03T14:49:59Z,91.1955,0.000000,0.000000,-0.000000,in_band
2026-08-03T14:50:00Z,91.1788,0.000000,0.000000,-0.000000,in_band
2026-08-03T14:50:59Z,91.2108,0.000000,0.000000,-0.000000,in_band
2026-08-03T14:51:00Z,91.1955,0.000000,0.000000,-0.000000,in_band
2026-08-03T14:51:59Z,91.2108,0.000000,0.000000,-0.000000,in_band
2026-08-03T14:52:00Z,91.1788,0.000000,0.000000,-0.000000,in_band
2026-08-03T14:52:59Z,91.2230,0.000000,0.000000,-0.000000,in_band
2026-08-03T14:53:00Z,91.2184,0.000000,0.000000,-0.000000,in_band
2026-08-03T14:53:59Z,91.1589,0.000000,0.000000,-0.000000,in_band
2026-08-03T14:54:00Z,91.1955,0.000000,0.000000,-0.000000,in_band
2026-08-03T14:54:59Z,91.1955,0.000000,0.000000,-0.000000,in_band
2026-08-03T14:55:00Z,91.1559,0.000000,0.000000,-0.000000,in_band
2026-08-03T14:55:59Z,91.1513,0.000000,0.000000,-0.000000,in_band
2026-08-03T14:56:00Z,91.1559,0.000000,0.000000,-0.000000,in_band
2026-08-03T14:56:59Z,91.1315,0.000000,0.000000,-0.000000,in_band
2026-08-03T14:57:00Z,91.1009,0.000000,0.000000,-0.000000,in_band
2026-08-03T14:57:59Z,91.1284,0.000000,0.000000,-0.000000,in_band
2026-08-03T14:58:00Z,91.1376,0.000000,0.000000,-0.000000,in_band
2026-08-03T14:58:59Z,91.1498,0.000000,0.000000,-0.000000,in_band
2026-08-03T14:59:00Z,91.1192,0.000000,0.000000,-0.000000,in_band
2026-08-03T14:59:59Z,91.0719,0.000000,0.000000,-0.000000,in_band
2026-08-03T15:00:00Z,91.0918,0.000000,0.000000,-0.000000,in_band
2026-08-03T15:00:59Z,91.0597,0.000000,0.000000,-0.000000,in_band
2026-08-03T15:01:00Z,91.0765,0.000000,0.000000,-0.000000,in_band
2026-08-03T15:01:59Z,91.1086,0.000000,0.000000,-0.000000,in_band
2026-08-03T15:02:00Z,91.0811,0.000000,0.000000,-0.000000,in_band
2026-08-03T15:02:59Z,91.0414,0.000000,0.000000,-0.000000,in_band
2026-08-03T15:03:00Z,91.0353,0.000000,0.000000,-0.000000,in_band
2026-08-03T15:03:59Z,91.0323,0.000000,0.000000,-0.000000,in_band
2026-08-03T15:04:00Z,91.0414,0.000000,0.000000,-0.000000,in_band
2026-08-03T15:04:59Z,90.9850,0.000000,0.000000,-0.000000,in_band
2026-08-03T15:05:00Z,91.0277,0.000000,0.000000,-0.000000,in_band
2026-08-03T15:05:59Z,91.0048,0.000000,0.000000,-0.000000,in_band
2026-08-03T15:06:00Z,90.9957,0.000000,0.000000,-0.000000,in_band
2026-08-03T15:06:59Z,90.9590,0.000000,0.000000,-0.000000,in_band
2026-08-03T15:07:00Z,90.9636,0.000000,0.000000,-0.000000,in_band
2026-08-03T15:07:59Z,90.9255,0.000000,0.000000,-0.000000,in_band
2026-08-03T15:08:00Z,90.9636,0.000000,0.000000,-0.000000,in_band
2026-08-03T15:08:59Z,90.9636,0.000000,0.000000,-0.000000,in_band
2026-08-03T15:09:00Z,90.9621,0.000000,0.000000,-0.000000,in_band
2026-08-03T15:09:59Z,90.9529,0.000000,0.000000,-0.000000,in_band
2026-08-03T15:10:00Z,90.8904,0.000000,0.000000,-0.000000,in_band
2026-08-03T15:10:59Z,90.9224,0.000000,0.000000,-0.000000,in_band
2026-08-03T15:11:00Z,90.9087,0.000000,0.000000,-0.000000,in_band
2026-08-03T15:11:59Z,90.8812,0.000000,0.000000,-0.000000,in_band
2026-08-03T15:12:00Z,90.8476,0.000000,0.000000,-0.000000,in_band
2026-08-03T15:12:59Z,90.8248,0.000000,0.000000,-0.000000,in_band
2026-08-03T15:13:00Z,90.8034,0.000000,0.000000,-0.000000,in_band
2026-08-03T15:13:59Z,90.7988,0.000000,0.000000,-0.000000,in_band
2026-08-03T15:14:00Z,90.8080,0.000000,0.000000,-0.000000,in_band
2026-08-03T15:14:59Z,90.7195,0.000000,0.000000,-0.000000,in_band
2026-08-03T15:15:00Z,90.7057,0.000000,0.000000,-0.000000,in_band
2026-08-03T15:15:59Z,90.6600,0.000000,0.000000,-0.000000,in_band
2026-08-03T15:16:00Z,90.6600,0.000000,0.000000,-0.000000,in_band
2026-08-03T15:16:59Z,90.6188,0.000000,0.000000,-0.000000,in_band
2026-08-03T15:17:00Z,90.6065,0.000000,0.000000,-0.000000,in_band
2026-08-03T15:17:59Z,90.5135,0.000000,0.000000,-0.000000,in_band
2026-08-03T15:18:00Z,90.5516,0.000000,0.000000,-0.000000,in_band
2026-08-03T15:18:59Z,90.4723,0.000000,0.000000,-0.000000,in_band
2026-08-03T15:19:00Z,90.4356,0.000000,0.000000,-0.000000,in_band
2026-08-03T15:19:59Z,90.3532,0.000000,0.000000,-0.000000,in_band
2026-08-03T15:20:00Z,90.3761,0.000000,0.000000,-0.000000,in_band
2026-08-03T15:20:59Z,90.3136,0.000000,0.000000,-0.000000,in_band
2026-08-03T15:21:00Z,90.3090,0.000000,0.000000,-0.000000,in_band
2026-08-03T15:21:59Z,90.2480,0.000000,0.000000,-0.000000,in_band
2026-08-03T15:22:00Z,90.2342,0.000000,0.000000,-0.000000,in_band
2026-08-03T15:22:59Z,90.1701,0.000000,0.000000,-0.000000,in_band
2026-08-03T15:23:00Z,90.1854,0.000000,0.000000,-0.000000,in_band
2026-08-03T15:23:59Z,90.1335,0.000000,0.000000,-0.000000,in_band
2026-08-03T15:24:00Z,90.1061,0.000000,0.000000,-0.000000,in_band
2026-08-03T15:24:59Z,90.0969,0.000000,0.000000,-0.000000,in_band
2026-08-03T15:25:00Z,90.0603,0.000000,0.000000,-0.000000,in_band
2026-08-03T15:25:59Z,90.0237,0.000000,0.000000,-0.000000,in_band
2026-08-03T15:26:48Z,89.9382,0.000215,0.000543,0.000328,below_midpoint_feather
2026-08-03T15:26:58Z,89.9794,0.000394,0.000061,-0.000333,below_midpoint_feather
2026-08-03T15:27:38Z,89.8726,0.000668,0.002325,0.001657,below_midpoint_feather
2026-08-03T15:27:46Z,89.9275,0.001709,0.000769,-0.000940,below_midpoint_feather
2026-08-03T15:28:06Z,89.8970,0.002632,0.001559,-0.001073,below_midpoint_feather
2026-08-03T15:28:52Z,89.7627,0.005578,0.008228,0.002650,below_midpoint_feather
2026-08-03T15:29:04Z,89.8177,0.007670,0.005030,-0.002639,below_midpoint_feather
2026-08-03T15:29:35Z,89.7139,0.009844,0.012246,0.002403,below_midpoint_feather
2026-08-03T15:30:22Z,89.6452,0.014062,0.019255,0.005193,below_midpoint_feather
2026-08-03T15:30:40Z,89.6941,0.017749,0.015058,-0.002692,below_midpoint_feather
2026-08-03T15:31:18Z,89.6086,0.019177,0.024539,0.005362,below_midpoint_feather
2026-08-03T15:31:34Z,89.6712,0.021021,0.018626,-0.002395,below_midpoint_feather
2026-08-03T15:32:32Z,89.6712,0.023236,0.020728,-0.002507,below_midpoint_feather
2026-08-03T15:32:44Z,89.6071,0.023234,0.027771,0.004537,below_midpoint_feather
2026-08-03T15:33:16Z,89.6544,0.027343,0.024078,-0.003265,below_midpoint_feather
2026-08-03T15:33:56Z,89.5766,0.029844,0.034272,0.004428,below_midpoint_feather
2026-08-03T15:34:26Z,89.5949,0.035413,0.033483,-0.001931,below_midpoint_feather
2026-08-03T15:34:50Z,89.5216,0.038472,0.043888,0.005416,below_midpoint_feather
2026-08-03T15:35:49Z,89.4163,0.058175,0.063429,0.005254,below_midpoint_feather
2026-08-03T15:35:56Z,89.4423,0.062357,0.059739,-0.002619,below_midpoint_feather
2026-08-03T15:36:20Z,89.4240,0.067073,0.064658,-0.002414,below_midpoint_feather
2026-08-03T15:36:45Z,89.3507,0.072751,0.079744,0.006993,below_midpoint_feather
2026-08-03T15:37:15Z,89.2958,0.083840,0.093491,0.009652,below_midpoint_feather
2026-08-03T15:37:54Z,89.3065,0.101111,0.096208,-0.004903,below_midpoint_feather
2026-08-03T15:38:28Z,89.2607,0.114972,0.110485,-0.004487,below_midpoint_feather
2026-08-03T15:38:37Z,89.1859,0.117037,0.128429,0.011392,below_midpoint_feather
2026-08-03T15:39:49Z,89.1310,0.142813,0.154863,0.012050,below_midpoint_feather
2026-08-03T15:39:58Z,89.1814,0.150070,0.144637,-0.005433,below_midpoint_feather
2026-08-03T15:40:14Z,89.1600,0.155253,0.153060,-0.002192,below_midpoint_feather
2026-08-03T15:40:45Z,89.1035,0.162401,0.173864,0.011463,below_midpoint_feather
2026-08-03T15:41:17Z,89.0730,0.178550,0.189314,0.010764,below_midpoint_feather
2026-08-03T15:41:54Z,89.1875,0.181975,0.170207,-0.011768,below_midpoint_feather
2026-08-03T15:42:08Z,89.1814,0.183588,0.175091,-0.008497,below_midpoint_feather
2026-08-03T15:42:34Z,89.0944,0.188895,0.202801,0.013906,below_midpoint_feather
2026-08-03T15:43:18Z,89.0867,0.203052,0.215570,0.012518,below_midpoint_feather
2026-08-03T15:43:38Z,89.1859,0.205747,0.196176,-0.009570,below_midpoint_feather
2026-08-03T15:44:07Z,89.3095,0.188386,0.176824,-0.011562,below_midpoint_feather
2026-08-03T15:44:50Z,89.2470,0.191408,0.198933,0.007524,below_midpoint_feather
2026-08-03T15:45:08Z,89.2103,0.205332,0.210499,0.005167,below_midpoint_feather
2026-08-03T15:45:38Z,89.2821,0.216369,0.201079,-0.015290,below_midpoint_feather
2026-08-03T15:46:54Z,89.1920,0.226257,0.235145,0.008888,below_midpoint_feather
2026-08-03T15:46:58Z,89.2638,0.225998,0.220144,-0.005855,below_midpoint_feather
2026-08-03T15:47:08Z,89.1829,0.231581,0.239886,0.008305,below_midpoint_feather
2026-08-03T15:47:44Z,89.2775,0.233500,0.226162,-0.007338,below_midpoint_feather
2026-08-03T15:48:00Z,89.3370,0.227317,0.217558,-0.009759,below_midpoint_feather
2026-08-03T15:48:16Z,89.3065,0.217571,0.226450,0.008878,below_midpoint_feather
2026-08-03T15:49:06Z,89.2973,0.228967,0.236731,0.007764,below_midpoint_feather
2026-08-03T15:49:50Z,89.4240,0.229162,0.220649,-0.008513,below_midpoint_feather
2026-08-03T15:50:03Z,89.5247,0.214300,0.207567,-0.006733,below_midpoint_feather
2026-08-03T15:50:10Z,89.4896,0.208325,0.213490,0.005165,below_midpoint_feather
2026-08-03T15:51:30Z,89.4804,0.219804,0.223585,0.003781,below_midpoint_feather
2026-08-03T15:51:51Z,89.5811,0.217766,0.212085,-0.005681,below_midpoint_feather
2026-08-03T15:52:27Z,89.6910,0.206159,0.203650,-0.002509,below_midpoint_feather
2026-08-03T15:52:52Z,89.5995,0.210627,0.214526,0.003899,below_midpoint_feather
2026-08-03T15:53:08Z,89.5842,0.212572,0.217251,0.004679,below_midpoint_feather
2026-08-03T15:53:53Z,89.6803,0.213035,0.209726,-0.003309,below_midpoint_feather
2026-08-03T15:54:35Z,89.7902,0.206341,0.203440,-0.002902,below_midpoint_feather
2026-08-03T15:54:54Z,89.6910,0.208465,0.211455,0.002990,below_midpoint_feather
2026-08-03T15:55:30Z,89.6498,0.211432,0.216506,0.005074,below_midpoint_feather
2026-08-03T15:55:44Z,89.7230,0.212412,0.210429,-0.001984,below_midpoint_feather
2026-08-03T15:56:08Z,89.7902,0.209049,0.206549,-0.002500,below_midpoint_feather
2026-08-03T15:56:40Z,89.7963,0.205754,0.207083,0.001330,below_midpoint_feather
2026-08-03T15:57:00Z,89.7536,0.207506,0.210267,0.002760,below_midpoint_feather
2026-08-03T15:57:38Z,89.8268,0.210318,0.206646,-0.003673,below_midpoint_feather
2026-08-03T15:58:01Z,89.9184,0.205385,0.203753,-0.001632,below_midpoint_feather
2026-08-03T15:58:56Z,89.8268,0.205667,0.207800,0.002133,below_midpoint_feather
2026-08-03T15:59:22Z,89.8741,0.207866,0.206044,-0.001821,below_midpoint_feather
2026-08-03T15:59:38Z,89.7688,0.208823,0.211549,0.002726,below_midpoint_feather
2026-08-03T16:00:19Z,89.9153,0.206123,0.205386,-0.000737,below_midpoint_feather
2026-08-03T16:00:54Z,89.8772,0.205609,0.206786,0.001177,below_midpoint_feather
2026-08-03T16:01:26Z,89.8451,0.206450,0.208244,0.001794,below_midpoint_feather
2026-08-03T16:01:42Z,89.9062,0.206856,0.206176,-0.000680,below_midpoint_feather
2026-08-03T16:02:04Z,89.9748,0.204893,0.205135,0.000242,below_midpoint_feather
2026-08-03T16:02:09Z,90.0328,0.204752,0.204612,-0.000140,in_band
2026-08-03T16:03:00Z,90.1259,0.199186,0.199265,0.000079,in_band
2026-08-03T16:03:59Z,90.1671,0.192836,0.192908,0.000072,in_band
2026-08-03T16:04:00Z,90.1793,0.192730,0.192802,0.000072,in_band
2026-08-03T16:04:59Z,90.2907,0.186542,0.186610,0.000068,in_band
2026-08-03T16:05:00Z,90.2846,0.186439,0.186507,0.000068,in_band
2026-08-03T16:05:59Z,90.3258,0.180437,0.180502,0.000066,in_band
2026-08-03T16:06:00Z,90.3258,0.180337,0.180402,0.000066,in_band
2026-08-03T16:06:59Z,90.4509,0.174525,0.174588,0.000063,in_band
2026-08-03T16:07:00Z,90.4860,0.174428,0.174491,0.000063,in_band
2026-08-03T16:07:59Z,90.4372,0.168805,0.168866,0.000061,in_band
2026-08-03T16:08:00Z,90.4265,0.168711,0.168772,0.000061,in_band
2026-08-03T16:08:59Z,90.5592,0.163271,0.163330,0.000059,in_band
2026-08-03T16:09:00Z,90.5318,0.163181,0.163240,0.000059,in_band
2026-08-03T16:09:59Z,90.5638,0.157919,0.157976,0.000057,in_band
2026-08-03T16:10:00Z,90.5196,0.157831,0.157888,0.000057,in_band
2026-08-03T16:10:59Z,90.6554,0.152742,0.152797,0.000055,in_band
2026-08-03T16:11:00Z,90.6416,0.152657,0.152712,0.000055,in_band
2026-08-03T16:11:59Z,90.6554,0.147734,0.147788,0.000053,in_band
2026-08-03T16:12:00Z,90.6371,0.147652,0.147706,0.000053,in_band
2026-08-03T16:12:59Z,90.8171,0.142891,0.142943,0.000052,in_band
2026-08-03T16:13:00Z,90.8217,0.142812,0.142863,0.000052,in_band
2026-08-03T16:13:59Z,90.8446,0.138207,0.138256,0.000050,in_band
2026-08-03T16:14:00Z,90.8446,0.138130,0.138180,0.000050,in_band
2026-08-03T16:14:59Z,90.9117,0.133676,0.133724,0.000048,in_band
2026-08-03T16:15:00Z,90.8858,0.133601,0.133650,0.000048,in_band
2026-08-03T16:15:59Z,90.9346,0.129293,0.129340,0.000047,in_band
2026-08-03T16:16:00Z,90.9407,0.129221,0.129268,0.000047,in_band
2026-08-03T16:16:59Z,90.9682,0.125054,0.125100,0.000045,in_band
2026-08-03T16:17:00Z,90.9865,0.124985,0.125030,0.000045,in_band
2026-08-03T16:17:59Z,91.0048,0.120955,0.120998,0.000044,in_band
2026-08-03T16:18:00Z,90.9987,0.120887,0.120931,0.000044,in_band
2026-08-03T16:18:59Z,91.0369,0.116989,0.117032,0.000042,in_band
2026-08-03T16:19:00Z,90.9987,0.116924,0.116967,0.000042,in_band
2026-08-03T16:19:59Z,91.0170,0.113154,0.113195,0.000041,in_band
2026-08-03T16:20:00Z,91.0170,0.113091,0.113132,0.000041,in_band
2026-08-03T16:20:59Z,91.0582,0.109444,0.109484,0.000040,in_band
2026-08-03T16:21:00Z,91.0414,0.109384,0.109423,0.000040,in_band
2026-08-03T16:21:59Z,91.0002,0.105856,0.105895,0.000038,in_band
2026-08-03T16:22:01Z,91.0369,0.105739,0.105777,0.000038,in_band
2026-08-03T16:22:59Z,91.0719,0.102386,0.102423,0.000037,in_band
2026-08-03T16:23:01Z,91.0582,0.102272,0.102309,0.000037,in_band
2026-08-03T16:23:59Z,91.0780,0.099029,0.099065,0.000036,in_band
2026-08-03T16:24:00Z,91.0719,0.098974,0.099010,0.000036,in_band
2026-08-03T16:24:59Z,91.1177,0.095783,0.095817,0.000035,in_band
2026-08-03T16:25:00Z,91.1009,0.095730,0.095764,0.000035,in_band
2026-08-03T16:25:59Z,91.0536,0.092643,0.092676,0.000033,in_band
2026-08-03T16:26:00Z,91.0597,0.092591,0.092625,0.000033,in_band
2026-08-03T16:26:59Z,91.0597,0.089605,0.089638,0.000032,in_band
2026-08-03T16:27:00Z,91.0506,0.089556,0.089588,0.000032,in_band
2026-08-03T16:27:59Z,91.0780,0.086668,0.086699,0.000031,in_band
2026-08-03T16:28:00Z,91.0582,0.086620,0.086651,0.000031,in_band
2026-08-03T16:28:59Z,91.1315,0.083826,0.083857,0.000030,in_band
2026-08-03T16:29:00Z,91.0735,0.083780,0.083810,0.000030,in_band
2026-08-03T16:29:59Z,91.0353,0.081078,0.081108,0.000029,in_band
2026-08-03T16:30:00Z,91.0445,0.081033,0.081063,0.000029,in_band
2026-08-03T16:30:59Z,91.0262,0.078420,0.078449,0.000028,in_band
2026-08-03T16:31:00Z,91.0124,0.078377,0.078405,0.000028,in_band
2026-08-03T16:31:59Z,90.9621,0.075849,0.075877,0.000027,in_band
2026-08-03T16:32:00Z,90.9712,0.075807,0.075835,0.000027,in_band
2026-08-03T16:32:59Z,90.9453,0.073363,0.073389,0.000027,in_band
2026-08-03T16:33:00Z,90.9712,0.073322,0.073348,0.000026,in_band
2026-08-03T16:33:59Z,90.9117,0.070958,0.070983,0.000026,in_band
2026-08-03T16:34:00Z,90.9270,0.070918,0.070944,0.000026,in_band
2026-08-03T16:34:59Z,90.9712,0.068631,0.068656,0.000025,in_band
2026-08-03T16:35:00Z,90.9163,0.068593,0.068618,0.000025,in_band
2026-08-03T16:35:58Z,90.9041,0.066418,0.066442,0.000024,in_band
2026-08-03T16:36:00Z,90.9270,0.066344,0.066368,0.000024,in_band
2026-08-03T16:36:59Z,90.8843,0.064205,0.064228,0.000023,in_band
2026-08-03T16:37:00Z,90.8721,0.064169,0.064193,0.000023,in_band
2026-08-03T16:37:59Z,90.8568,0.062100,0.062123,0.000022,in_band
2026-08-03T16:38:00Z,90.8614,0.062066,0.062088,0.000022,in_band
2026-08-03T16:38:59Z,90.8248,0.060064,0.060086,0.000022,in_band
2026-08-03T16:39:00Z,90.8248,0.060031,0.060053,0.000022,in_band
2026-08-03T16:39:59Z,90.8202,0.058095,0.058116,0.000021,in_band
2026-08-03T16:40:00Z,90.7851,0.058063,0.058084,0.000021,in_band
2026-08-03T16:40:59Z,90.7622,0.056191,0.056211,0.000020,in_band
2026-08-03T16:41:00Z,90.7332,0.056159,0.056180,0.000020,in_band
2026-08-03T16:41:59Z,90.7256,0.054348,0.054368,0.000020,in_band
2026-08-03T16:42:00Z,90.7439,0.054318,0.054338,0.000020,in_band
2026-08-03T16:42:59Z,90.7286,0.052567,0.052586,0.000019,in_band
2026-08-03T16:43:00Z,90.7393,0.052537,0.052556,0.000019,in_band
2026-08-03T16:43:59Z,90.6844,0.050843,0.050862,0.000018,in_band
2026-08-03T16:44:00Z,90.6889,0.050815,0.050833,0.000018,in_band
2026-08-03T16:44:59Z,90.6966,0.049176,0.049194,0.000018,in_band
2026-08-03T16:45:00Z,90.6966,0.049149,0.049167,0.000018,in_band
2026-08-03T16:45:59Z,90.7103,0.047564,0.047581,0.000017,in_band
2026-08-03T16:46:00Z,90.6935,0.047538,0.047555,0.000017,in_band
2026-08-03T16:46:59Z,90.7240,0.046005,0.046022,0.000017,in_band
2026-08-03T16:47:00Z,90.7378,0.045979,0.045996,0.000017,in_band
2026-08-03T16:47:56Z,90.7576,0.044571,0.044587,0.000016,in_band
2026-08-03T16:48:00Z,90.7347,0.044472,0.044488,0.000016,in_band
2026-08-03T16:48:59Z,90.7240,0.043038,0.043054,0.000016,in_band
2026-08-03T16:49:00Z,90.7240,0.043014,0.043030,0.000016,in_band
2026-08-03T16:49:58Z,90.6783,0.041650,0.041665,0.000015,in_band
2026-08-03T16:50:00Z,90.6645,0.041604,0.041619,0.000015,in_band
2026-08-03T16:50:59Z,90.5837,0.040262,0.040277,0.000015,in_band
2026-08-03T16:51:00Z,90.5730,0.040240,0.040254,0.000015,in_band
2026-08-03T16:51:59Z,90.4814,0.038942,0.038956,0.000014,in_band
2026-08-03T16:52:01Z,90.4784,0.038899,0.038913,0.000014,in_band
2026-08-03T16:52:59Z,90.4356,0.037666,0.037679,0.000014,in_band
2026-08-03T16:53:02Z,90.3777,0.037603,0.037617,0.000014,in_band
2026-08-03T16:53:59Z,90.3502,0.036431,0.036444,0.000013,in_band
2026-08-03T16:54:03Z,90.3304,0.036350,0.036363,0.000013,in_band
2026-08-03T16:54:59Z,90.3120,0.035237,0.035249,0.000013,in_band
2026-08-03T16:55:00Z,90.2754,0.035217,0.035230,0.000013,in_band
2026-08-03T16:55:59Z,90.2251,0.034081,0.034094,0.000012,in_band
2026-08-03T16:56:00Z,90.1884,0.034062,0.034075,0.000012,in_band
2026-08-03T16:56:59Z,90.1305,0.032964,0.032976,0.000012,in_band
2026-08-03T16:57:00Z,90.1289,0.032946,0.032958,0.000012,in_band
2026-08-03T16:57:59Z,90.0282,0.031883,0.031895,0.000012,in_band
2026-08-03T16:58:47Z,89.9336,0.031811,0.032134,0.000323,below_midpoint_feather
2026-08-03T16:58:52Z,89.9687,0.031878,0.031647,-0.000231,below_midpoint_feather
2026-08-03T16:59:32Z,89.8955,0.033734,0.033085,-0.000649,below_midpoint_feather
2026-08-03T16:59:55Z,89.7810,0.035718,0.038404,0.002687,below_midpoint_feather
2026-08-03T17:00:15Z,89.7459,0.037872,0.040862,0.002990,below_midpoint_feather
2026-08-03T17:00:38Z,89.7444,0.042813,0.041166,-0.001647,below_midpoint_feather
2026-08-03T17:01:18Z,89.6483,0.053310,0.050085,-0.003225,below_midpoint_feather
2026-08-03T17:01:51Z,89.4972,0.062147,0.069358,0.007211,below_midpoint_feather
2026-08-03T17:02:28Z,89.5171,0.073898,0.068265,-0.005634,below_midpoint_feather
2026-08-03T17:02:53Z,89.3935,0.082051,0.088995,0.006944,below_midpoint_feather
2026-08-03T17:03:32Z,89.3935,0.097735,0.092210,-0.005525,below_midpoint_feather
2026-08-03T17:03:45Z,89.3004,0.102079,0.110779,0.008700,below_midpoint_feather
2026-08-03T17:04:01Z,89.2912,0.104913,0.114342,0.009429,below_midpoint_feather
2026-08-03T17:04:56Z,89.2927,0.129150,0.121266,-0.007883,below_midpoint_feather
2026-08-03T17:05:26Z,89.2515,0.141102,0.134492,-0.006610,below_midpoint_feather
2026-08-03T17:05:55Z,89.1463,0.156531,0.163483,0.006952,below_midpoint_feather
2026-08-03T17:06:00Z,89.1829,0.159240,0.155701,-0.003538,below_midpoint_feather
2026-08-03T17:06:15Z,89.1493,0.156705,0.166523,0.009818,below_midpoint_feather
2026-08-03T17:07:47Z,89.0394,0.202945,0.215001,0.012056,below_midpoint_feather
2026-08-03T17:07:52Z,89.1127,0.207379,0.196995,-0.010384,below_midpoint_feather
2026-08-03T17:08:09Z,89.0486,0.208440,0.218068,0.009628,below_midpoint_feather
2026-08-03T17:08:40Z,89.0730,0.227620,0.219786,-0.007835,below_midpoint_feather
2026-08-03T17:09:02Z,88.9952,0.234568,0.247316,0.012748,below_midpoint_feather
2026-08-03T17:09:42Z,88.9586,0.277355,0.269976,-0.007379,below_midpoint_feather
2026-08-03T17:10:04Z,88.9723,0.283141,0.273191,-0.009950,below_midpoint_feather
2026-08-03T17:10:07Z,88.9036,0.284153,0.294952,0.010798,below_midpoint_feather
2026-08-03T17:11:32Z,88.8792,0.318480,0.332855,0.014374,below_midpoint_feather
2026-08-03T17:11:36Z,88.9128,0.329419,0.323755,-0.005664,below_midpoint_feather
2026-08-03T17:12:02Z,88.8701,0.360345,0.346908,-0.013437,below_midpoint_feather
2026-08-03T17:12:30Z,88.8487,0.358890,0.365002,0.006113,below_midpoint_feather
2026-08-03T17:13:01Z,88.9036,0.364788,0.360166,-0.004622,below_midpoint_feather
2026-08-03T17:13:46Z,88.7465,0.409164,0.431492,0.022328,below_midpoint_feather
2026-08-03T17:14:40Z,88.7114,0.451109,0.468894,0.017784,below_midpoint_feather
2026-08-03T17:14:52Z,88.7755,0.466194,0.451831,-0.014363,below_midpoint_feather
2026-08-03T17:15:36Z,88.7114,0.501675,0.496924,-0.004751,below_midpoint_feather
2026-08-03T17:15:57Z,88.6091,0.533527,0.546973,0.013446,below_midpoint_feather
2026-08-03T17:16:04Z,88.6458,0.548643,0.536489,-0.012154,below_midpoint_feather
2026-08-03T17:16:15Z,88.5786,0.554715,0.569123,0.014408,below_midpoint_feather
2026-08-03T17:17:08Z,88.6137,0.592626,0.586564,-0.006062,below_midpoint_feather
2026-08-03T17:17:39Z,88.5145,0.625511,0.646475,0.020964,below_midpoint_feather
2026-08-03T17:18:13Z,88.5420,0.645753,0.657239,0.011487,below_midpoint_feather
2026-08-03T17:18:32Z,88.6137,0.655899,0.640914,-0.014986,below_midpoint_feather
2026-08-03T17:19:32Z,88.5969,0.663101,0.687244,0.024143,below_midpoint_feather
2026-08-03T17:19:56Z,88.6931,0.687340,0.665551,-0.021789,below_midpoint_feather
2026-08-03T17:20:00Z,88.7022,0.684563,0.664710,-0.019852,below_midpoint_feather
2026-08-03T17:20:42Z,88.6778,0.685419,0.699771,0.014352,below_midpoint_feather
2026-08-03T17:21:18Z,88.7617,0.705121,0.690492,-0.014629,below_midpoint_feather
2026-08-03T17:21:34Z,88.7190,0.701219,0.715043,0.013824,below_midpoint_feather
2026-08-03T17:22:03Z,88.7968,0.715948,0.703814,-0.012134,below_midpoint_feather
2026-08-03T17:22:44Z,88.7984,0.703790,0.725133,0.021343,below_midpoint_feather
2026-08-03T17:23:08Z,88.8350,0.708449,0.724736,0.016287,below_midpoint_feather
2026-08-03T17:23:45Z,89.0272,0.697798,0.683505,-0.014294,below_midpoint_feather
2026-08-03T17:24:15Z,89.1829,0.664546,0.656292,-0.008253,below_midpoint_feather
2026-08-03T17:24:44Z,89.1829,0.656117,0.666442,0.010325,below_midpoint_feather
2026-08-03T17:25:00Z,89.2012,0.660116,0.667134,0.007018,below_midpoint_feather
2026-08-03T17:25:43Z,89.3111,0.662601,0.655327,-0.007274,below_midpoint_feather
2026-08-03T17:26:25Z,89.5125,0.642236,0.630700,-0.011536,below_midpoint_feather
2026-08-03T17:26:54Z,89.4530,0.640152,0.644338,0.004186,below_midpoint_feather
2026-08-03T17:27:27Z,89.5521,0.641659,0.634812,-0.006847,below_midpoint_feather
2026-08-03T17:27:34Z,89.4972,0.637490,0.643089,0.005599,below_midpoint_feather
2026-08-03T17:28:03Z,89.6361,0.633710,0.629137,-0.004573,below_midpoint_feather
2026-08-03T17:28:48Z,89.7230,0.623149,0.624859,0.001710,below_midpoint_feather
2026-08-03T17:29:28Z,89.7871,0.620691,0.622469,0.001778,below_midpoint_feather
2026-08-03T17:29:59Z,89.9565,0.618704,0.617356,-0.001348,below_midpoint_feather
2026-08-03T17:30:04Z,89.9641,0.617239,0.617403,0.000165,below_midpoint_feather
2026-08-03T17:30:52Z,90.1259,0.605370,0.604136,-0.001234,in_band
2026-08-03T17:31:01Z,90.1472,0.602451,0.601217,-0.001234,in_band
2026-08-03T17:31:59Z,90.2388,0.583723,0.582507,-0.001216,in_band
2026-08-03T17:32:00Z,90.2312,0.583403,0.582187,-0.001216,in_band
2026-08-03T17:32:59Z,90.4814,0.564734,0.563549,-0.001185,in_band
2026-08-03T17:33:00Z,90.4967,0.564421,0.563237,-0.001184,in_band
2026-08-03T17:33:59Z,90.6477,0.546274,0.545125,-0.001149,in_band
2026-08-03T17:34:00Z,90.6416,0.545971,0.544823,-0.001148,in_band
2026-08-03T17:34:59Z,90.8064,0.528385,0.527273,-0.001112,in_band
2026-08-03T17:35:00Z,90.8354,0.528092,0.526980,-0.001112,in_band
2026-08-03T17:35:59Z,90.9270,0.511070,0.509994,-0.001076,in_band
2026-08-03T17:36:00Z,90.9529,0.510786,0.509711,-0.001076,in_band
2026-08-03T17:36:59Z,91.1147,0.494318,0.493277,-0.001041,in_band
2026-08-03T17:37:00Z,91.1055,0.494043,0.493003,-0.001041,in_band
2026-08-03T17:37:59Z,91.2245,0.478113,0.477106,-0.001007,in_band
2026-08-03T17:38:00Z,91.2474,0.477848,0.476841,-0.001007,in_band
2026-08-03T17:38:59Z,91.3375,0.462439,0.461465,-0.000974,in_band
2026-08-03T17:39:00Z,91.3695,0.462182,0.461209,-0.000974,in_band
2026-08-03T17:39:59Z,91.4260,0.447279,0.446337,-0.000942,in_band
2026-08-03T17:40:24Z,91.4794,0.441110,0.441160,0.000050,in_band
2026-08-03T17:40:30Z,91.5450,0.436973,0.421240,-0.015733,above_band_high
2026-08-03T17:41:58Z,91.6960,0.344726,0.353974,0.009249,above_band_high
2026-08-03T17:41:59Z,91.6960,0.344637,0.353875,0.009238,above_band_high
2026-08-03T17:42:45Z,91.8227,0.305265,0.293347,-0.011918,above_band_high
2026-08-03T17:42:56Z,91.7678,0.296676,0.314632,0.017956,above_band_high
2026-08-03T17:43:06Z,91.7861,0.289395,0.304693,0.015298,above_band_high
2026-08-03T17:43:29Z,91.8685,0.281427,0.264105,-0.017322,above_band_high
2026-08-03T17:44:17Z,91.9158,0.241253,0.230188,-0.011064,above_band_high
2026-08-03T17:44:46Z,91.8837,0.219911,0.234095,0.014184,above_band_high
2026-08-03T17:45:00Z,91.8410,0.226628,0.247276,0.020648,above_band_high
2026-08-03T17:45:50Z,91.9554,0.193737,0.179873,-0.013865,above_band_high
2026-08-03T17:46:27Z,92.0073,0.162281,0.143117,-0.019163,above_band_high
2026-08-03T17:46:54Z,91.9783,0.129453,0.144010,0.014557,above_band_high
2026-08-03T17:47:26Z,92.0119,0.103176,0.115019,0.011842,above_band_high
2026-08-03T17:47:42Z,92.1218,0.087002,0.060390,-0.026613,above_band_high
2026-08-03T17:48:21Z,92.1065,0.065168,0.046843,-0.018326,above_band_high
2026-08-03T17:48:56Z,92.1248,0.016954,0.019902,0.002948,above_band_high
2026-08-03T17:49:00Z,92.1752,0.013407,0.000000,-0.013407,above_band_high
2026-08-03T17:49:06Z,92.1172,0.007398,0.017442,0.010044,above_band_high
2026-08-03T17:50:00Z,92.2118,0.000000,0.000000,0.000000,above_band_high
2026-08-03T17:51:00Z,92.2774,0.000000,0.000000,0.000000,above_band_high
2026-08-03T17:52:00Z,92.3491,0.000000,0.000000,0.000000,above_band_high
2026-08-03T17:53:00Z,92.3766,0.000000,0.000000,0.000000,above_band_high
2026-08-03T17:54:00Z,92.4376,0.000000,0.000000,0.000000,above_band_high
2026-08-03T17:55:00Z,92.5048,0.000000,0.000000,0.000000,above_band_high
2026-08-03T17:56:00Z,92.5475,0.000000,0.000000,0.000000,above_band_high
2026-08-03T17:57:00Z,92.6116,0.000000,0.000000,0.000000,above_band_high
2026-08-03T17:58:00Z,92.6162,0.000000,0.000000,0.000000,above_band_high
2026-08-03T17:59:00Z,92.6101,0.000000,0.000000,0.000000,above_band_high
2026-08-03T18:00:00Z,92.6467,0.000000,0.000000,0.000000,above_band_high
2026-08-03T18:01:00Z,92.6253,0.000000,0.000000,0.000000,above_band_high
2026-08-03T18:02:00Z,92.6467,0.000000,0.000000,0.000000,above_band_high
2026-08-03T18:03:00Z,92.6574,0.000000,0.000000,0.000000,above_band_high
2026-08-03T18:04:00Z,92.6711,0.000000,0.000000,0.000000,above_band_high
2026-08-03T18:05:00Z,92.6802,0.000000,0.000000,0.000000,above_band_high
2026-08-03T18:06:00Z,92.6513,0.000000,0.000000,0.000000,above_band_high
2026-08-03T18:07:00Z,92.6574,0.000000,0.000000,0.000000,above_band_high
2026-08-03T18:08:00Z,92.6574,0.000000,0.000000,0.000000,above_band_high
2026-08-03T18:09:00Z,92.6436,0.000000,0.000000,0.000000,above_band_high
2026-08-03T18:10:00Z,92.6101,0.000000,0.000000,0.000000,above_band_high
2026-08-03T18:11:00Z,92.6329,0.000000,0.000000,0.000000,above_band_high
2026-08-03T18:12:00Z,92.6329,0.000000,0.000000,0.000000,above_band_high
2026-08-03T18:13:00Z,92.6558,0.000000,0.000000,0.000000,above_band_high
2026-08-03T18:14:00Z,92.6619,0.000000,0.000000,0.000000,above_band_high
2026-08-03T18:15:00Z,92.6345,0.000000,0.000000,0.000000,above_band_high
2026-08-03T18:16:00Z,92.6436,0.000000,0.000000,0.000000,above_band_high
2026-08-03T18:17:00Z,92.6513,0.000000,0.000000,0.000000,above_band_high
2026-08-03T18:18:00Z,92.6421,0.000000,0.000000,0.000000,above_band_high
2026-08-03T18:19:00Z,92.6345,0.000000,0.000000,0.000000,above_band_high
2026-08-03T18:20:00Z,92.6482,0.000000,0.000000,0.000000,above_band_high
2026-08-03T18:21:00Z,92.6024,0.000000,0.000000,0.000000,above_band_high
2026-08-03T18:22:00Z,92.5841,0.000000,0.000000,0.000000,above_band_high
2026-08-03T18:23:00Z,92.5750,0.000000,0.000000,0.000000,above_band_high
2026-08-03T18:24:00Z,92.5597,0.000000,0.000000,0.000000,above_band_high
2026-08-03T18:25:00Z,92.5917,0.000000,0.000000,0.000000,above_band_high
2026-08-03T18:26:00Z,92.5658,0.000000,0.000000,0.000000,above_band_high
2026-08-03T18:27:00Z,92.5597,0.000000,0.000000,0.000000,above_band_high
2026-08-03T18:28:00Z,92.5887,0.000000,0.000000,0.000000,above_band_high
2026-08-03T18:29:00Z,92.6162,0.000000,0.000000,0.000000,above_band_high
2026-08-03T18:30:00Z,92.6101,0.000000,0.000000,0.000000,above_band_high
2026-08-03T18:31:00Z,92.6238,0.000000,0.000000,0.000000,above_band_high
2026-08-03T18:32:00Z,92.6345,0.000000,0.000000,0.000000,above_band_high
2026-08-03T18:33:00Z,92.6482,0.000000,0.000000,0.000000,above_band_high
2026-08-03T18:34:00Z,92.6345,0.000000,0.000000,0.000000,above_band_high
2026-08-03T18:35:00Z,92.6604,0.000000,0.000000,0.000000,above_band_high
2026-08-03T18:36:00Z,92.6665,0.000000,0.000000,0.000000,above_band_high
2026-08-03T18:37:00Z,92.6940,0.000000,0.000000,0.000000,above_band_high
2026-08-03T18:38:00Z,92.6970,0.000000,0.000000,0.000000,above_band_high
2026-08-03T18:39:00Z,92.6894,0.000000,0.000000,0.000000,above_band_high
2026-08-03T18:40:00Z,92.7260,0.000000,0.000000,0.000000,above_band_high
2026-08-03T18:41:00Z,92.7291,0.000000,0.000000,0.000000,above_band_high
2026-08-03T18:42:00Z,92.7520,0.000000,0.000000,0.000000,above_band_high
2026-08-03T18:43:00Z,92.7810,0.000000,0.000000,0.000000,above_band_high
2026-08-03T18:44:00Z,92.7703,0.000000,0.000000,0.000000,above_band_high
2026-08-03T18:45:00Z,92.8038,0.000000,0.000000,0.000000,above_band_high
2026-08-03T18:46:00Z,92.8298,0.000000,0.000000,0.000000,above_band_high
2026-08-03T18:47:00Z,92.8405,0.000000,0.000000,0.000000,above_band_high
2026-08-03T18:48:00Z,92.8664,0.000000,0.000000,0.000000,above_band_high
2026-08-03T18:49:00Z,92.8496,0.000000,0.000000,0.000000,above_band_high
2026-08-03T18:50:00Z,92.8527,0.000000,0.000000,0.000000,above_band_high
2026-08-03T18:51:00Z,92.8679,0.000000,0.000000,0.000000,above_band_high
2026-08-03T18:52:00Z,92.9030,0.000000,0.000000,0.000000,above_band_high
2026-08-03T18:53:00Z,92.9046,0.000000,0.000000,0.000000,above_band_high
2026-08-03T18:54:00Z,92.8801,0.000000,0.000000,0.000000,above_band_high
2026-08-03T18:55:00Z,92.8725,0.000000,0.000000,0.000000,above_band_high
2026-08-03T18:56:00Z,92.9122,0.000000,0.000000,0.000000,above_band_high
2026-08-03T18:57:00Z,92.8954,0.000000,0.000000,0.000000,above_band_high
2026-08-03T18:58:00Z,92.8847,0.000000,0.000000,0.000000,above_band_high
2026-08-03T18:59:00Z,92.9213,0.000000,0.000000,0.000000,above_band_high
2026-08-03T19:00:00Z,92.9076,0.000000,0.000000,0.000000,above_band_high
2026-08-03T19:01:00Z,92.9503,0.000000,0.000000,0.000000,above_band_high
2026-08-03T19:02:00Z,92.9351,0.000000,0.000000,0.000000,above_band_high
2026-08-03T19:03:00Z,92.9442,0.000000,0.000000,0.000000,above_band_high
2026-08-03T19:04:00Z,92.9595,0.000000,0.000000,0.000000,above_band_high
2026-08-03T19:05:00Z,92.9641,0.000000,0.000000,0.000000,above_band_high
2026-08-03T19:06:00Z,92.9549,0.000000,0.000000,0.000000,above_band_high
2026-08-03T19:07:00Z,92.9397,0.000000,0.000000,0.000000,above_band_high
2026-08-03T19:08:00Z,92.9763,0.000000,0.000000,0.000000,above_band_high
2026-08-03T19:09:00Z,92.9549,0.000000,0.000000,0.000000,above_band_high
2026-08-03T19:10:00Z,92.9946,0.000000,0.000000,0.000000,above_band_high
2026-08-03T19:11:00Z,93.0129,0.000000,0.000000,0.000000,above_band_high
2026-08-03T19:12:00Z,93.0007,0.000000,0.000000,0.000000,above_band_high
2026-08-03T19:13:00Z,92.9946,0.000000,0.000000,0.000000,above_band_high
2026-08-03T19:14:00Z,93.0053,0.000000,0.000000,0.000000,above_band_high
2026-08-03T19:15:00Z,92.9915,0.000000,0.000000,0.000000,above_band_high
2026-08-03T19:16:00Z,93.0449,0.000000,0.000000,0.000000,above_band_high
2026-08-03T19:17:00Z,93.0098,0.000000,0.000000,0.000000,above_band_high
2026-08-03T19:18:00Z,92.9992,0.000000,0.000000,0.000000,above_band_high
2026-08-03T19:19:00Z,93.0175,0.000000,0.000000,0.000000,above_band_high
2026-08-03T19:20:00Z,93.0312,0.000000,0.000000,0.000000,above_band_high
2026-08-03T19:21:00Z,93.0495,0.000000,0.000000,0.000000,above_band_high
2026-08-03T19:22:00Z,93.0465,0.000000,0.000000,0.000000,above_band_high
2026-08-03T19:23:00Z,93.0266,0.000000,0.000000,0.000000,above_band_high
2026-08-03T19:24:00Z,92.9992,0.000000,0.000000,0.000000,above_band_high
2026-08-03T19:25:00Z,93.0327,0.000000,0.000000,0.000000,above_band_high
2026-08-03T19:26:00Z,93.0556,0.000000,0.000000,0.000000,above_band_high
2026-08-03T19:27:00Z,93.0327,0.000000,0.000000,0.000000,above_band_high
2026-08-03T19:28:00Z,93.0465,0.000000,0.000000,0.000000,above_band_high
2026-08-03T19:29:00Z,93.0541,0.000000,0.000000,0.000000,above_band_high
2026-08-03T19:30:00Z,93.0404,0.000000,0.000000,0.000000,above_band_high
2026-08-03T19:31:00Z,93.0785,0.000000,0.000000,0.000000,above_band_high
2026-08-03T19:32:00Z,93.0739,0.000000,0.000000,0.000000,above_band_high
2026-08-03T19:33:00Z,93.0556,0.000000,0.000000,0.000000,above_band_high
2026-08-03T19:34:00Z,93.0510,0.000000,0.000000,0.000000,above_band_high
2026-08-03T19:35:00Z,93.0541,0.000000,0.000000,0.000000,above_band_high
2026-08-03T19:36:00Z,93.1456,0.000000,0.000000,0.000000,above_band_high
2026-08-03T19:37:00Z,93.1106,0.000000,0.000000,0.000000,above_band_high
2026-08-03T19:38:00Z,93.1060,0.000000,0.000000,0.000000,above_band_high
2026-08-03T19:39:00Z,93.1426,0.000000,0.000000,0.000000,above_band_high
2026-08-03T19:40:00Z,93.1228,0.000000,0.000000,0.000000,above_band_high
2026-08-03T19:41:00Z,93.1472,0.000000,0.000000,0.000000,above_band_high
2026-08-03T19:42:00Z,93.1518,0.000000,0.000000,0.000000,above_band_high
2026-08-03T19:43:00Z,93.1136,0.000000,0.000000,0.000000,above_band_high
2026-08-03T19:44:00Z,93.1472,0.000000,0.000000,0.000000,above_band_high
2026-08-03T19:45:00Z,93.1563,0.000000,0.000000,0.000000,above_band_high
2026-08-03T19:54:24Z,92.9351,0.000000,0.000000,0.000000,above_band_high
2026-08-03T19:55:00Z,92.9671,0.000000,0.000000,0.000000,above_band_high
2026-08-03T19:56:00Z,92.9671,0.000000,0.000000,0.000000,above_band_high
2026-08-03T19:57:00Z,92.9824,0.000000,0.000000,0.000000,above_band_high
2026-08-03T19:58:00Z,92.9625,0.000000,0.000000,0.000000,above_band_high
2026-08-03T19:59:00Z,92.9091,0.000000,0.000000,0.000000,above_band_high
2026-08-03T20:00:00Z,92.8893,0.000000,0.000000,0.000000,above_band_high
2026-08-03T20:01:00Z,92.9091,0.000000,0.000000,0.000000,above_band_high
2026-08-03T20:02:00Z,92.8664,0.000000,0.000000,0.000000,above_band_high
2026-08-03T20:03:00Z,92.8710,0.000000,0.000000,0.000000,above_band_high
2026-08-03T20:04:00Z,92.8359,0.000000,0.000000,0.000000,above_band_high
2026-08-03T20:05:00Z,92.7977,0.000000,0.000000,0.000000,above_band_high
2026-08-03T20:06:00Z,92.8038,0.000000,0.000000,0.000000,above_band_high
2026-08-03T20:07:00Z,92.7810,0.000000,0.000000,0.000000,above_band_high
2026-08-03T20:08:00Z,92.7718,0.000000,0.000000,0.000000,above_band_high
2026-08-03T20:09:00Z,92.7886,0.000000,0.000000,0.000000,above_band_high
2026-08-03T20:10:00Z,92.8481,0.000000,0.000000,0.000000,above_band_high
2026-08-03T20:11:00Z,92.8450,0.000000,0.000000,0.000000,above_band_high
2026-08-03T20:12:00Z,92.8725,0.000000,0.000000,0.000000,above_band_high
2026-08-03T20:13:00Z,92.8954,0.000000,0.000000,0.000000,above_band_high
2026-08-03T20:14:00Z,92.9137,0.000000,0.000000,0.000000,above_band_high
2026-08-03T20:15:00Z,92.8847,0.000000,0.000000,0.000000,above_band_high
2026-08-03T20:16:00Z,92.9168,0.000000,0.000000,0.000000,above_band_high
2026-08-03T20:17:00Z,92.8725,0.000000,0.000000,0.000000,above_band_high
2026-08-03T20:18:00Z,92.9229,0.000000,0.000000,0.000000,above_band_high
2026-08-03T20:19:00Z,92.9534,0.000000,0.000000,0.000000,above_band_high
2026-08-03T20:20:00Z,92.9717,0.000000,0.000000,0.000000,above_band_high
2026-08-03T20:21:00Z,92.9580,0.000000,0.000000,0.000000,above_band_high
2026-08-03T20:22:00Z,93.0037,0.000000,0.000000,0.000000,above_band_high
2026-08-03T20:23:00Z,92.9686,0.000000,0.000000,0.000000,above_band_high
2026-08-03T20:24:00Z,92.9641,0.000000,0.000000,0.000000,above_band_high
2026-08-03T20:25:00Z,92.9580,0.000000,0.000000,0.000000,above_band_high
2026-08-03T20:26:00Z,92.9458,0.000000,0.000000,0.000000,above_band_high
2026-08-03T20:27:00Z,92.9717,0.000000,0.000000,0.000000,above_band_high
2026-08-03T20:28:00Z,92.9580,0.000000,0.000000,0.000000,above_band_high
2026-08-03T20:29:00Z,92.9625,0.000000,0.000000,0.000000,above_band_high
2026-08-03T20:30:00Z,92.9580,0.000000,0.000000,0.000000,above_band_high
2026-08-03T20:31:00Z,92.9824,0.000000,0.000000,0.000000,above_band_high
2026-08-03T20:32:00Z,92.9870,0.000000,0.000000,0.000000,above_band_high
2026-08-03T20:33:00Z,92.9686,0.000000,0.000000,0.000000,above_band_high
2026-08-03T20:34:00Z,92.9870,0.000000,0.000000,0.000000,above_band_high
2026-08-03T20:35:00Z,93.0037,0.000000,0.000000,0.000000,above_band_high
2026-08-03T20:36:00Z,93.0236,0.000000,0.000000,0.000000,above_band_high
2026-08-03T20:37:00Z,93.0312,0.000000,0.000000,0.000000,above_band_high
2026-08-03T20:38:00Z,93.0312,0.000000,0.000000,0.000000,above_band_high
2026-08-03T20:39:00Z,93.0419,0.000000,0.000000,0.000000,above_band_high
2026-08-03T20:40:00Z,93.0282,0.000000,0.000000,0.000000,above_band_high
2026-08-03T20:41:00Z,93.0785,0.000000,0.000000,0.000000,above_band_high
2026-08-03T20:42:00Z,93.0922,0.000000,0.000000,0.000000,above_band_high
2026-08-03T20:43:00Z,93.1106,0.000000,0.000000,0.000000,above_band_high
2026-08-03T20:44:00Z,93.1060,0.000000,0.000000,0.000000,above_band_high
2026-08-03T20:45:00Z,93.1701,0.000000,0.000000,0.000000,above_band_high
2026-08-03T20:46:00Z,93.1731,0.000000,0.000000,0.000000,above_band_high
2026-08-03T20:47:00Z,93.2021,0.000000,0.000000,0.000000,above_band_high
2026-08-03T20:48:00Z,93.2296,0.000000,0.000000,0.000000,above_band_high
2026-08-03T20:49:00Z,93.2464,0.000000,0.000000,0.000000,above_band_high
2026-08-03T20:50:00Z,93.2326,0.000000,0.000000,0.000000,above_band_high
2026-08-03T20:51:00Z,93.2372,0.000000,0.000000,0.000000,above_band_high
2026-08-03T20:52:00Z,93.2570,0.000000,0.000000,0.000000,above_band_high
2026-08-03T20:53:00Z,93.2479,0.000000,0.000000,0.000000,above_band_high
2026-08-03T20:54:00Z,93.2113,0.000000,0.000000,0.000000,above_band_high
2026-08-03T20:55:00Z,93.2647,0.000000,0.000000,0.000000,above_band_high
2026-08-03T20:56:00Z,93.2418,0.000000,0.000000,0.000000,above_band_high
2026-08-03T20:57:00Z,93.2525,0.000000,0.000000,0.000000,above_band_high
2026-08-03T20:58:00Z,93.2876,0.000000,0.000000,0.000000,above_band_high
2026-08-03T21:01:53Z,93.2052,0.000000,0.000000,0.000000,above_band_high
2026-08-03T21:02:00Z,93.2296,0.000000,0.000000,0.000000,above_band_high
2026-08-03T21:03:00Z,93.2021,0.000000,0.000000,0.000000,above_band_high
2026-08-03T21:04:00Z,93.2067,0.000000,0.000000,0.000000,above_band_high
2026-08-03T21:05:00Z,93.2143,0.000000,0.000000,0.000000,above_band_high
2026-08-03T21:06:00Z,93.2143,0.000000,0.000000,0.000000,above_band_high
2026-08-03T21:07:00Z,93.2464,0.000000,0.000000,0.000000,above_band_high
2026-08-03T21:08:00Z,93.2296,0.000000,0.000000,0.000000,above_band_high
2026-08-03T21:09:00Z,93.2341,0.000000,0.000000,0.000000,above_band_high
2026-08-03T21:10:00Z,93.2479,0.000000,0.000000,0.000000,above_band_high
2026-08-03T21:11:00Z,93.2708,0.000000,0.000000,0.000000,above_band_high
2026-08-03T21:12:00Z,93.2555,0.000000,0.000000,0.000000,above_band_high
2026-08-03T21:13:00Z,93.2830,0.000000,0.000000,0.000000,above_band_high
2026-08-03T21:14:00Z,93.2708,0.000000,0.000000,0.000000,above_band_high
2026-08-03T21:15:00Z,93.2692,0.000000,0.000000,0.000000,above_band_high
2026-08-03T21:16:00Z,93.2830,0.000000,0.000000,0.000000,above_band_high
2026-08-03T21:17:00Z,93.2647,0.000000,0.000000,0.000000,above_band_high
2026-08-03T21:18:00Z,93.2433,0.000000,0.000000,0.000000,above_band_high
2026-08-03T21:19:00Z,93.2937,0.000000,0.000000,0.000000,above_band_high
2026-08-03T21:20:00Z,93.2921,0.000000,0.000000,0.000000,above_band_high
2026-08-03T21:21:00Z,93.2845,0.000000,0.000000,0.000000,above_band_high
2026-08-03T21:22:00Z,93.2845,0.000000,0.000000,0.000000,above_band_high
2026-08-03T21:23:00Z,93.2647,0.000000,0.000000,0.000000,above_band_high
2026-08-03T21:24:00Z,93.3028,0.000000,0.000000,0.000000,above_band_high
2026-08-03T21:25:00Z,93.3104,0.000000,0.000000,0.000000,above_band_high
2026-08-03T21:26:00Z,93.3150,0.000000,0.000000,0.000000,above_band_high
2026-08-03T21:27:00Z,93.3196,0.000000,0.000000,0.000000,above_band_high
2026-08-03T21:28:00Z,93.3196,0.000000,0.000000,0.000000,above_band_high
2026-08-03T21:29:00Z,93.3059,0.000000,0.000000,0.000000,above_band_high
2026-08-03T21:30:00Z,93.3028,0.000000,0.000000,0.000000,above_band_high
2026-08-03T21:31:00Z,93.3333,0.000000,0.000000,0.000000,above_band_high
2026-08-03T21:32:00Z,93.3242,0.000000,0.000000,0.000000,above_band_high
2026-08-03T21:33:00Z,93.3150,0.000000,0.000000,0.000000,above_band_high
2026-08-03T21:34:00Z,93.3349,0.000000,0.000000,0.000000,above_band_high
2026-08-03T21:35:00Z,93.3623,0.000000,0.000000,0.000000,above_band_high
2026-08-03T21:36:00Z,93.3516,0.000000,0.000000,0.000000,above_band_high
2026-08-03T21:37:00Z,93.3288,0.000000,0.000000,0.000000,above_band_high
2026-08-03T21:38:00Z,93.3349,0.000000,0.000000,0.000000,above_band_high
2026-08-03T21:39:00Z,93.3516,0.000000,0.000000,0.000000,above_band_high
2026-08-03T21:40:00Z,93.3791,0.000000,0.000000,0.000000,above_band_high
2026-08-03T21:41:00Z,93.3715,0.000000,0.000000,0.000000,above_band_high
2026-08-03T21:42:00Z,93.3654,0.000000,0.000000,0.000000,above_band_high
2026-08-03T21:43:00Z,93.4035,0.000000,0.000000,0.000000,above_band_high
2026-08-03T21:44:00Z,93.3928,0.000000,0.000000,0.000000,above_band_high
2026-08-03T21:45:00Z,93.4066,0.000000,0.000000,0.000000,above_band_high
2026-08-03T21:46:00Z,93.4203,0.000000,0.000000,0.000000,above_band_high
2026-08-03T21:47:00Z,93.4295,0.000000,0.000000,0.000000,above_band_high
2026-08-03T21:48:00Z,93.4356,0.000000,0.000000,0.000000,above_band_high
2026-08-03T21:49:00Z,93.4127,0.000000,0.000000,0.000000,above_band_high
2026-08-03T21:50:00Z,93.4310,0.000000,0.000000,0.000000,above_band_high
2026-08-03T21:51:00Z,93.4447,0.000000,0.000000,0.000000,above_band_high
2026-08-03T21:52:00Z,93.4585,0.000000,0.000000,0.000000,above_band_high
2026-08-03T21:53:00Z,93.4676,0.000000,0.000000,0.000000,above_band_high
2026-08-03T21:54:00Z,93.4524,0.000000,0.000000,0.000000,above_band_high
2026-08-03T21:55:00Z,93.4859,0.000000,0.000000,0.000000,above_band_high
2026-08-03T21:56:00Z,93.4676,0.000000,0.000000,0.000000,above_band_high
2026-08-03T21:57:00Z,93.4798,0.000000,0.000000,0.000000,above_band_high
2026-08-03T21:58:00Z,93.5088,0.000000,0.000000,0.000000,above_band_high
2026-08-03T21:59:00Z,93.4859,0.000000,0.000000,0.000000,above_band_high
2026-08-03T22:00:00Z,93.4798,0.000000,0.000000,0.000000,above_band_high
2026-08-03T22:01:00Z,93.4905,0.000000,0.000000,0.000000,above_band_high
2026-08-03T22:02:00Z,93.4676,0.000000,0.000000,0.000000,above_band_high
2026-08-03T22:03:00Z,93.4310,0.000000,0.000000,0.000000,above_band_high
2026-08-03T22:04:00Z,93.4585,0.000000,0.000000,0.000000,above_band_high
2026-08-03T22:05:00Z,93.4585,0.000000,0.000000,0.000000,above_band_high
2026-08-03T22:06:00Z,93.4493,0.000000,0.000000,0.000000,above_band_high
2026-08-03T22:07:00Z,93.4432,0.000000,0.000000,0.000000,above_band_high
2026-08-03T22:08:00Z,93.4615,0.000000,0.000000,0.000000,above_band_high
2026-08-03T22:09:00Z,93.4585,0.000000,0.000000,0.000000,above_band_high
2026-08-03T22:10:00Z,93.4905,0.000000,0.000000,0.000000,above_band_high
2026-08-03T22:11:00Z,93.4798,0.000000,0.000000,0.000000,above_band_high
2026-08-03T22:12:00Z,93.4905,0.000000,0.000000,0.000000,above_band_high
2026-08-03T22:13:00Z,93.5256,0.000000,0.000000,0.000000,above_band_high
2026-08-03T22:14:00Z,93.5348,0.000000,0.000000,0.000000,above_band_high
2026-08-03T22:15:00Z,93.5500,0.000000,0.000000,0.000000,above_band_high
2026-08-03T22:16:00Z,93.5729,0.000000,0.000000,0.000000,above_band_high
2026-08-03T22:17:00Z,93.5348,0.000000,0.000000,0.000000,above_band_high
2026-08-03T22:18:00Z,93.5500,0.000000,0.000000,0.000000,above_band_high
2026-08-03T22:19:00Z,93.5622,0.000000,0.000000,0.000000,above_band_high
2026-08-03T22:20:00Z,93.5500,0.000000,0.000000,0.000000,above_band_high
2026-08-03T22:21:00Z,93.5912,0.000000,0.000000,0.000000,above_band_high
2026-08-03T22:22:00Z,93.5668,0.000000,0.000000,0.000000,above_band_high
2026-08-03T22:23:00Z,93.6004,0.000000,0.000000,0.000000,above_band_high
2026-08-03T22:24:00Z,93.5592,0.000000,0.000000,0.000000,above_band_high
2026-08-03T22:25:00Z,93.5943,0.000000,0.000000,0.000000,above_band_high
2026-08-03T22:26:00Z,93.6095,0.000000,0.000000,0.000000,above_band_high
2026-08-03T22:27:00Z,93.6049,0.000000,0.000000,0.000000,above_band_high
2026-08-03T22:28:00Z,93.6217,0.000000,0.000000,0.000000,above_band_high
2026-08-03T22:29:00Z,93.6034,0.000000,0.000000,0.000000,above_band_high
2026-08-03T22:30:00Z,93.6187,0.000000,0.000000,0.000000,above_band_high
2026-08-03T22:31:00Z,93.6645,0.000000,0.000000,0.000000,above_band_high
2026-08-03T22:32:00Z,93.6400,0.000000,0.000000,0.000000,above_band_high
2026-08-03T22:33:00Z,93.6599,0.000000,0.000000,0.000000,above_band_high
2026-08-03T22:34:00Z,93.6492,0.000000,0.000000,0.000000,above_band_high
2026-08-03T22:35:00Z,93.6767,0.000000,0.000000,0.000000,above_band_high
2026-08-03T22:36:00Z,93.6446,0.000000,0.000000,0.000000,above_band_high
2026-08-03T22:37:00Z,93.6461,0.000000,0.000000,0.000000,above_band_high
2026-08-03T22:38:00Z,93.6858,0.000000,0.000000,0.000000,above_band_high
2026-08-03T22:39:00Z,93.6492,0.000000,0.000000,0.000000,above_band_high
2026-08-03T22:40:00Z,93.6919,0.000000,0.000000,0.000000,above_band_high
2026-08-03T22:41:00Z,93.6645,0.000000,0.000000,0.000000,above_band_high
2026-08-03T22:42:00Z,93.7133,0.000000,0.000000,0.000000,above_band_high
2026-08-03T22:43:00Z,93.7133,0.000000,0.000000,0.000000,above_band_high
2026-08-03T22:44:00Z,93.7270,0.000000,0.000000,0.000000,above_band_high
2026-08-03T22:45:00Z,93.7041,0.000000,0.000000,0.000000,above_band_high
2026-08-03T22:46:00Z,93.7453,0.000000,0.000000,0.000000,above_band_high
2026-08-03T22:53:02Z,93.7865,0.000000,0.000000,0.000000,above_band_high
2026-08-03T22:54:00Z,93.8064,0.000000,0.000000,0.000000,above_band_high
2026-08-03T22:55:00Z,93.8018,0.000000,0.000000,0.000000,above_band_high
2026-08-03T22:56:00Z,93.8552,0.000000,0.000000,0.000000,above_band_high
2026-08-03T22:57:00Z,93.8064,0.000000,0.000000,0.000000,above_band_high
2026-08-03T22:58:00Z,93.8476,0.000000,0.000000,0.000000,above_band_high
2026-08-03T22:59:00Z,93.8705,0.000000,0.000000,0.000000,above_band_high
2026-08-03T23:00:00Z,93.8735,0.000000,0.000000,0.000000,above_band_high
2026-08-03T23:01:00Z,93.9117,0.000000,0.000000,0.000000,above_band_high
2026-08-03T23:02:00Z,93.8842,0.000000,0.000000,0.000000,above_band_high
2026-08-03T23:03:00Z,93.8979,0.000000,0.000000,0.000000,above_band_high
2026-08-03T23:04:00Z,93.9330,0.000000,0.000000,0.000000,above_band_high
2026-08-03T23:05:00Z,93.9208,0.000000,0.000000,0.000000,above_band_high
2026-08-03T23:06:00Z,93.9147,0.000000,0.000000,0.000000,above_band_high
2026-08-03T23:07:00Z,93.8933,0.000000,0.000000,0.000000,above_band_high
2026-08-03T23:08:00Z,93.8933,0.000000,0.000000,0.000000,above_band_high
2026-08-03T23:09:00Z,93.8918,0.000000,0.000000,0.000000,above_band_high
2026-08-03T23:10:00Z,93.8918,0.000000,0.000000,0.000000,above_band_high
2026-08-03T23:11:00Z,93.8659,0.000000,0.000000,0.000000,above_band_high
2026-08-03T23:12:00Z,93.9330,0.000000,0.000000,0.000000,above_band_high
2026-08-03T23:13:00Z,93.9193,0.000000,0.000000,0.000000,above_band_high
2026-08-03T23:14:00Z,93.8933,0.000000,0.000000,0.000000,above_band_high
2026-08-03T23:15:00Z,93.9117,0.000000,0.000000,0.000000,above_band_high
2026-08-03T23:16:00Z,93.8689,0.000000,0.000000,0.000000,above_band_high
2026-08-03T23:17:00Z,93.9254,0.000000,0.000000,0.000000,above_band_high
2026-08-03T23:18:00Z,93.9010,0.000000,0.000000,0.000000,above_band_high
2026-08-03T23:19:00Z,93.9117,0.000000,0.000000,0.000000,above_band_high
2026-08-03T23:20:00Z,93.9193,0.000000,0.000000,0.000000,above_band_high
2026-08-03T23:21:00Z,93.9345,0.000000,0.000000,0.000000,above_band_high
2026-08-03T23:22:00Z,93.9467,0.000000,0.000000,0.000000,above_band_high
2026-08-03T23:23:00Z,93.9284,0.000000,0.000000,0.000000,above_band_high
2026-08-03T23:24:00Z,94.0032,0.000000,0.000000,0.000000,above_band_high
2026-08-03T23:25:00Z,93.9879,0.000000,0.000000,0.000000,above_band_high
2026-08-03T23:26:00Z,93.9391,0.000000,0.000000,0.000000,above_band_high
2026-08-03T23:27:00Z,93.9696,0.000000,0.000000,0.000000,above_band_high
2026-08-03T23:28:00Z,93.9849,0.000000,0.000000,0.000000,above_band_high
2026-08-03T23:29:00Z,94.0078,0.000000,0.000000,0.000000,above_band_high
2026-08-03T23:30:00Z,94.0063,0.000000,0.000000,0.000000,above_band_high
2026-08-03T23:31:00Z,94.0154,0.000000,0.000000,0.000000,above_band_high
2026-08-03T23:32:00Z,94.0200,0.000000,0.000000,0.000000,above_band_high
2026-08-03T23:33:00Z,93.9788,0.000000,0.000000,0.000000,above_band_high
2026-08-03T23:34:00Z,94.0398,0.000000,0.000000,0.000000,above_band_high
2026-08-03T23:35:00Z,94.0124,0.000000,0.000000,0.000000,above_band_high
2026-08-03T23:36:00Z,94.0536,0.000000,0.000000,0.000000,above_band_high
2026-08-03T23:37:00Z,94.0581,0.000000,0.000000,0.000000,above_band_high
2026-08-03T23:38:00Z,94.0307,0.000000,0.000000,0.000000,above_band_high
2026-08-03T23:39:00Z,94.0581,0.000000,0.000000,0.000000,above_band_high
2026-08-03T23:40:00Z,94.0520,0.000000,0.000000,0.000000,above_band_high
2026-08-03T23:41:00Z,94.0398,0.000000,0.000000,0.000000,above_band_high
2026-08-03T23:42:00Z,94.0520,0.000000,0.000000,0.000000,above_band_high
2026-08-03T23:43:00Z,94.0887,0.000000,0.000000,0.000000,above_band_high
2026-08-03T23:44:00Z,94.0810,0.000000,0.000000,0.000000,above_band_high
2026-08-03T23:45:00Z,94.0795,0.000000,0.000000,0.000000,above_band_high
2026-08-03T23:46:00Z,94.1085,0.000000,0.000000,0.000000,above_band_high
2026-08-03T23:47:00Z,94.1131,0.000000,0.000000,0.000000,above_band_high
2026-08-03T23:48:00Z,94.1131,0.000000,0.000000,0.000000,above_band_high
2026-08-03T23:49:00Z,94.1527,0.000000,0.000000,0.000000,above_band_high
2026-08-03T23:50:00Z,94.1161,0.000000,0.000000,0.000000,above_band_high
2026-08-03T23:51:00Z,94.1817,0.000000,0.000000,0.000000,above_band_high
2026-08-03T23:52:00Z,94.1985,0.000000,0.000000,0.000000,above_band_high
2026-08-03T23:53:00Z,94.1634,0.000000,0.000000,0.000000,above_band_high
2026-08-03T23:54:00Z,94.1894,0.000000,0.000000,0.000000,above_band_high
2026-08-03T23:55:00Z,94.1894,0.000000,0.000000,0.000000,above_band_high
2026-08-03T23:56:00Z,94.1894,0.000000,0.000000,0.000000,above_band_high
2026-08-03T23:57:00Z,94.2138,0.000000,0.000000,0.000000,above_band_high
2026-08-03T23:58:00Z,94.2077,0.000000,0.000000,0.000000,above_band_high
2026-08-03T23:59:00Z,94.1909,0.000000,0.000000,0.000000,above_band_high
2026-08-04T00:00:00Z,94.1909,0.000000,0.000000,0.000000,above_band_high
2026-08-04T00:01:00Z,94.2443,0.000000,0.000000,0.000000,above_band_high
2026-08-04T00:02:00Z,94.2214,0.000000,0.000000,0.000000,above_band_high
2026-08-04T00:03:00Z,94.2031,0.000000,0.000000,0.000000,above_band_high
2026-08-04T00:04:00Z,94.2367,0.000000,0.000000,0.000000,above_band_high
2026-08-04T00:05:00Z,94.2535,0.000000,0.000000,0.000000,above_band_high
2026-08-04T00:06:00Z,94.2321,0.000000,0.000000,0.000000,above_band_high
2026-08-04T00:07:00Z,94.2275,0.000000,0.000000,0.000000,above_band_high
2026-08-04T00:08:00Z,94.2367,0.000000,0.000000,0.000000,above_band_high
2026-08-04T00:09:00Z,94.2275,0.000000,0.000000,0.000000,above_band_high
2026-08-04T00:10:00Z,94.1985,0.000000,0.000000,0.000000,above_band_high
2026-08-04T00:11:00Z,94.2229,0.000000,0.000000,0.000000,above_band_high
2026-08-04T00:12:00Z,94.2077,0.000000,0.000000,0.000000,above_band_high
2026-08-04T00:13:00Z,94.2214,0.000000,0.000000,0.000000,above_band_high
2026-08-04T00:14:00Z,94.2168,0.000000,0.000000,0.000000,above_band_high
2026-08-04T00:15:00Z,94.2077,0.000000,0.000000,0.000000,above_band_high
2026-08-04T00:16:00Z,94.2077,0.000000,0.000000,0.000000,above_band_high
2026-08-04T00:17:00Z,94.2443,0.000000,0.000000,0.000000,above_band_high
2026-08-04T00:18:00Z,94.2321,0.000000,0.000000,0.000000,above_band_high
2026-08-04T00:19:00Z,94.2031,0.000000,0.000000,0.000000,above_band_high
2026-08-04T00:20:00Z,94.2321,0.000000,0.000000,0.000000,above_band_high
2026-08-04T00:21:00Z,94.2168,0.000000,0.000000,0.000000,above_band_high
2026-08-04T00:22:00Z,94.2412,0.000000,0.000000,0.000000,above_band_high
2026-08-04T00:23:00Z,94.2367,0.000000,0.000000,0.000000,above_band_high
2026-08-04T00:24:00Z,94.2733,0.000000,0.000000,0.000000,above_band_high
2026-08-04T00:25:00Z,94.2535,0.000000,0.000000,0.000000,above_band_high
2026-08-04T00:26:00Z,94.2596,0.000000,0.000000,0.000000,above_band_high
2026-08-04T00:27:00Z,94.2626,0.000000,0.000000,0.000000,above_band_high
2026-08-04T00:28:00Z,94.2824,0.000000,0.000000,0.000000,above_band_high
2026-08-04T00:29:00Z,94.2947,0.000000,0.000000,0.000000,above_band_high
2026-08-04T00:30:00Z,94.3008,0.000000,0.000000,0.000000,above_band_high
2026-08-04T00:31:00Z,94.2962,0.000000,0.000000,0.000000,above_band_high
2026-08-04T00:32:00Z,94.2947,0.000000,0.000000,0.000000,above_band_high
2026-08-04T00:33:00Z,94.3084,0.000000,0.000000,0.000000,above_band_high
2026-08-04T00:34:00Z,94.2947,0.000000,0.000000,0.000000,above_band_high
2026-08-04T00:35:00Z,94.3450,0.000000,0.000000,0.000000,above_band_high
2026-08-04T00:36:00Z,94.3175,0.000000,0.000000,0.000000,above_band_high
2026-08-04T00:37:00Z,94.3450,0.000000,0.000000,0.000000,above_band_high
2026-08-04T00:38:00Z,94.3053,0.000000,0.000000,0.000000,above_band_high
2026-08-04T00:39:00Z,94.3465,0.000000,0.000000,0.000000,above_band_high
2026-08-04T00:40:00Z,94.3175,0.000000,0.000000,0.000000,above_band_high
2026-08-04T00:41:00Z,94.3130,0.000000,0.000000,0.000000,above_band_high
2026-08-04T00:42:00Z,94.3404,0.000000,0.000000,0.000000,above_band_high
2026-08-04T00:43:00Z,94.3175,0.000000,0.000000,0.000000,above_band_high
2026-08-04T00:44:00Z,94.3359,0.000000,0.000000,0.000000,above_band_high
2026-08-04T00:45:00Z,94.3450,0.000000,0.000000,0.000000,above_band_high
2026-08-04T00:46:00Z,94.3923,0.000000,0.000000,0.000000,above_band_high
2026-08-04T00:47:00Z,94.3557,0.000000,0.000000,0.000000,above_band_high
2026-08-04T00:48:00Z,94.3740,0.000000,0.000000,0.000000,above_band_high
2026-08-04T00:49:00Z,94.3786,0.000000,0.000000,0.000000,above_band_high
2026-08-04T00:50:00Z,94.3908,0.000000,0.000000,0.000000,above_band_high
2026-08-04T00:51:00Z,94.3862,0.000000,0.000000,0.000000,above_band_high
2026-08-04T00:52:00Z,94.3908,0.000000,0.000000,0.000000,above_band_high
2026-08-04T00:53:00Z,94.4091,0.000000,0.000000,0.000000,above_band_high
2026-08-04T00:54:00Z,94.4274,0.000000,0.000000,0.000000,above_band_high
2026-08-04T00:55:00Z,94.4198,0.000000,0.000000,0.000000,above_band_high
2026-08-04T00:56:00Z,94.4289,0.000000,0.000000,0.000000,above_band_high
2026-08-04T00:57:00Z,94.4289,0.000000,0.000000,0.000000,above_band_high
2026-08-04T00:58:00Z,94.4594,0.000000,0.000000,0.000000,above_band_high
2026-08-04T00:59:00Z,94.4289,0.000000,0.000000,0.000000,above_band_high
2026-08-04T01:00:00Z,94.4137,0.000000,0.000000,0.000000,above_band_high
2026-08-04T01:01:00Z,94.4182,0.000000,0.000000,0.000000,above_band_high
2026-08-04T01:02:00Z,94.4198,0.000000,0.000000,0.000000,above_band_high
2026-08-04T01:03:00Z,94.4427,0.000000,0.000000,0.000000,above_band_high
2026-08-04T01:04:00Z,94.4244,0.000000,0.000000,0.000000,above_band_high
2026-08-04T01:05:00Z,94.4091,0.000000,0.000000,0.000000,above_band_high
2026-08-04T01:06:00Z,94.4244,0.000000,0.000000,0.000000,above_band_high
2026-08-04T01:07:00Z,94.4274,0.000000,0.000000,0.000000,above_band_high
2026-08-04T01:08:00Z,94.4198,0.000000,0.000000,0.000000,above_band_high
2026-08-04T01:09:00Z,94.4518,0.000000,0.000000,0.000000,above_band_high
2026-08-04T01:10:00Z,94.4320,0.000000,0.000000,0.000000,above_band_high
2026-08-04T01:11:00Z,94.4244,0.000000,0.000000,0.000000,above_band_high
2026-08-04T01:12:00Z,94.4015,0.000000,0.000000,0.000000,above_band_high
2026-08-04T01:13:00Z,94.4244,0.000000,0.000000,0.000000,above_band_high
2026-08-04T01:14:00Z,94.4182,0.000000,0.000000,0.000000,above_band_high
2026-08-04T01:15:00Z,94.4411,0.000000,0.000000,0.000000,above_band_high
2026-08-04T01:16:00Z,94.4518,0.000000,0.000000,0.000000,above_band_high
2026-08-04T01:17:00Z,94.4244,0.000000,0.000000,0.000000,above_band_high
2026-08-04T01:18:00Z,94.4472,0.000000,0.000000,0.000000,above_band_high
2026-08-04T01:19:00Z,94.4472,0.000000,0.000000,0.000000,above_band_high
2026-08-04T01:20:00Z,94.4518,0.000000,0.000000,0.000000,above_band_high
2026-08-04T01:21:00Z,94.4701,0.000000,0.000000,0.000000,above_band_high
2026-08-04T01:22:00Z,94.4930,0.000000,0.000000,0.000000,above_band_high
2026-08-04T01:23:00Z,94.4640,0.000000,0.000000,0.000000,above_band_high
2026-08-04T01:24:00Z,94.4793,0.000000,0.000000,0.000000,above_band_high
2026-08-04T01:25:00Z,94.4594,0.000000,0.000000,0.000000,above_band_high
2026-08-04T01:26:00Z,94.4701,0.000000,0.000000,0.000000,above_band_high
2026-08-04T01:27:00Z,94.4656,0.000000,0.000000,0.000000,above_band_high
2026-08-04T01:28:00Z,94.4793,0.000000,0.000000,0.000000,above_band_high
2026-08-04T01:29:00Z,94.4549,0.000000,0.000000,0.000000,above_band_high
2026-08-04T01:30:00Z,94.4152,0.000000,0.000000,0.000000,above_band_high
2026-08-04T01:31:00Z,94.4320,0.000000,0.000000,0.000000,above_band_high
2026-08-04T01:32:00Z,94.4320,0.000000,0.000000,0.000000,above_band_high
2026-08-04T01:33:00Z,94.4701,0.000000,0.000000,0.000000,above_band_high
2026-08-04T01:34:00Z,94.4381,0.000000,0.000000,0.000000,above_band_high
2026-08-04T01:35:00Z,94.4244,0.000000,0.000000,0.000000,above_band_high
2026-08-04T01:36:00Z,94.4366,0.000000,0.000000,0.000000,above_band_high
2026-08-04T01:37:00Z,94.4045,0.000000,0.000000,0.000000,above_band_high
2026-08-04T01:38:00Z,94.4549,0.000000,0.000000,0.000000,above_band_high
2026-08-04T01:39:00Z,94.4228,0.000000,0.000000,0.000000,above_band_high
2026-08-04T01:40:00Z,94.4457,0.000000,0.000000,0.000000,above_band_high
2026-08-04T01:41:00Z,94.4594,0.000000,0.000000,0.000000,above_band_high
2026-08-04T01:42:00Z,94.4564,0.000000,0.000000,0.000000,above_band_high
2026-08-04T01:43:00Z,94.4564,0.000000,0.000000,0.000000,above_band_high
2026-08-04T01:44:00Z,94.4656,0.000000,0.000000,0.000000,above_band_high
2026-08-04T01:45:00Z,94.5159,0.000000,0.000000,0.000000,above_band_high
2026-08-04T01:46:00Z,94.4839,0.000000,0.000000,0.000000,above_band_high
2026-08-04T01:47:00Z,94.4701,0.000000,0.000000,0.000000,above_band_high
2026-08-04T01:48:00Z,94.5098,0.000000,0.000000,0.000000,above_band_high
2026-08-04T01:49:00Z,94.4976,0.000000,0.000000,0.000000,above_band_high
2026-08-04T01:50:00Z,94.5022,0.000000,0.000000,0.000000,above_band_high
2026-08-04T01:51:00Z,94.4823,0.000000,0.000000,0.000000,above_band_high
2026-08-04T01:52:00Z,94.5022,0.000000,0.000000,0.000000,above_band_high
2026-08-04T01:53:00Z,94.4930,0.000000,0.000000,0.000000,above_band_high
2026-08-04T01:54:00Z,94.5098,0.000000,0.000000,0.000000,above_band_high
2026-08-04T01:55:00Z,94.4686,0.000000,0.000000,0.000000,above_band_high
2026-08-04T01:56:00Z,94.4549,0.000000,0.000000,0.000000,above_band_high
2026-08-04T01:57:00Z,94.4518,0.000000,0.000000,0.000000,above_band_high
2026-08-04T01:58:00Z,94.4793,0.000000,0.000000,0.000000,above_band_high
2026-08-04T01:59:00Z,94.4274,0.000000,0.000000,0.000000,above_band_high
2026-08-04T02:00:00Z,94.4274,0.000000,0.000000,0.000000,above_band_high
2026-08-04T02:01:00Z,94.4060,0.000000,0.000000,0.000000,above_band_high
2026-08-04T02:02:00Z,94.3816,0.000000,0.000000,0.000000,above_band_high
2026-08-04T02:03:00Z,94.3786,0.000000,0.000000,0.000000,above_band_high
2026-08-04T02:04:00Z,94.3816,0.000000,0.000000,0.000000,above_band_high
2026-08-04T02:05:00Z,94.3786,0.000000,0.000000,0.000000,above_band_high
2026-08-04T02:06:00Z,94.3633,0.000000,0.000000,0.000000,above_band_high
2026-08-04T02:07:00Z,94.3633,0.000000,0.000000,0.000000,above_band_high
2026-08-04T02:08:00Z,94.3130,0.000000,0.000000,0.000000,above_band_high
2026-08-04T02:09:00Z,94.3313,0.000000,0.000000,0.000000,above_band_high
2026-08-04T02:10:00Z,94.3359,0.000000,0.000000,0.000000,above_band_high
2026-08-04T02:11:00Z,94.3236,0.000000,0.000000,0.000000,above_band_high
2026-08-04T02:12:00Z,94.3130,0.000000,0.000000,0.000000,above_band_high
2026-08-04T02:13:00Z,94.3221,0.000000,0.000000,0.000000,above_band_high
2026-08-04T02:14:00Z,94.2824,0.000000,0.000000,0.000000,above_band_high
2026-08-04T02:15:00Z,94.2824,0.000000,0.000000,0.000000,above_band_high
2026-08-04T02:16:00Z,94.2672,0.000000,0.000000,0.000000,above_band_high
2026-08-04T02:17:00Z,94.2901,0.000000,0.000000,0.000000,above_band_high
2026-08-04T02:18:00Z,94.2580,0.000000,0.000000,0.000000,above_band_high
2026-08-04T02:19:00Z,94.2947,0.000000,0.000000,0.000000,above_band_high
2026-08-04T02:20:00Z,94.2962,0.000000,0.000000,0.000000,above_band_high
2026-08-04T02:21:00Z,94.2962,0.000000,0.000000,0.000000,above_band_high
2026-08-04T02:22:00Z,94.3130,0.000000,0.000000,0.000000,above_band_high
2026-08-04T02:23:00Z,94.3038,0.000000,0.000000,0.000000,above_band_high
2026-08-04T02:24:00Z,94.3267,0.000000,0.000000,0.000000,above_band_high
2026-08-04T02:25:00Z,94.3191,0.000000,0.000000,0.000000,above_band_high
2026-08-04T02:26:00Z,94.3374,0.000000,0.000000,0.000000,above_band_high
2026-08-04T02:27:00Z,94.3465,0.000000,0.000000,0.000000,above_band_high
2026-08-04T02:28:00Z,94.3420,0.000000,0.000000,0.000000,above_band_high
2026-08-04T02:29:00Z,94.2947,0.000000,0.000000,0.000000,above_band_high
2026-08-04T02:30:00Z,94.3328,0.000000,0.000000,0.000000,above_band_high
2026-08-04T02:31:00Z,94.3404,0.000000,0.000000,0.000000,above_band_high
2026-08-04T02:32:00Z,94.2855,0.000000,0.000000,0.000000,above_band_high
2026-08-04T02:33:00Z,94.3053,0.000000,0.000000,0.000000,above_band_high
2026-08-04T02:34:00Z,94.2947,0.000000,0.000000,0.000000,above_band_high
2026-08-04T02:35:00Z,94.3145,0.000000,0.000000,0.000000,above_band_high
2026-08-04T02:36:00Z,94.3130,0.000000,0.000000,0.000000,above_band_high
2026-08-04T02:37:00Z,94.2718,0.000000,0.000000,0.000000,above_band_high
2026-08-04T02:38:00Z,94.2916,0.000000,0.000000,0.000000,above_band_high
2026-08-04T02:39:00Z,94.2412,0.000000,0.000000,0.000000,above_band_high
2026-08-04T02:40:00Z,94.2855,0.000000,0.000000,0.000000,above_band_high
2026-08-04T02:41:00Z,94.2596,0.000000,0.000000,0.000000,above_band_high
2026-08-04T02:42:00Z,94.2504,0.000000,0.000000,0.000000,above_band_high
2026-08-04T02:43:00Z,94.2580,0.000000,0.000000,0.000000,above_band_high
2026-08-04T02:44:00Z,94.2397,0.000000,0.000000,0.000000,above_band_high
2026-08-04T02:45:00Z,94.2184,0.000000,0.000000,0.000000,above_band_high
2026-08-04T02:46:00Z,94.2046,0.000000,0.000000,0.000000,above_band_high
2026-08-04T02:47:00Z,94.2397,0.000000,0.000000,0.000000,above_band_high
2026-08-04T02:48:00Z,94.2000,0.000000,0.000000,0.000000,above_band_high
2026-08-04T02:49:00Z,94.2138,0.000000,0.000000,0.000000,above_band_high
2026-08-04T02:50:00Z,94.1985,0.000000,0.000000,0.000000,above_band_high
2026-08-04T02:51:00Z,94.2092,0.000000,0.000000,0.000000,above_band_high
2026-08-04T02:52:00Z,94.2092,0.000000,0.000000,0.000000,above_band_high
2026-08-04T02:53:00Z,94.2092,0.000000,0.000000,0.000000,above_band_high
2026-08-04T02:54:00Z,94.1802,0.000000,0.000000,0.000000,above_band_high
2026-08-04T02:55:00Z,94.1527,0.000000,0.000000,0.000000,above_band_high
2026-08-04T02:56:00Z,94.1985,0.000000,0.000000,0.000000,above_band_high
2026-08-04T02:57:00Z,94.1680,0.000000,0.000000,0.000000,above_band_high
2026-08-04T02:58:00Z,94.1634,0.000000,0.000000,0.000000,above_band_high
2026-08-04T02:59:00Z,94.1802,0.000000,0.000000,0.000000,above_band_high
2026-08-04T03:00:00Z,94.1863,0.000000,0.000000,0.000000,above_band_high
2026-08-04T03:01:00Z,94.1299,0.000000,0.000000,0.000000,above_band_high
2026-08-04T03:02:00Z,94.1344,0.000000,0.000000,0.000000,above_band_high
2026-08-04T03:03:00Z,94.1619,0.000000,0.000000,0.000000,above_band_high
2026-08-04T03:04:00Z,94.2031,0.000000,0.000000,0.000000,above_band_high
2026-08-04T03:05:00Z,94.1543,0.000000,0.000000,0.000000,above_band_high
2026-08-04T03:06:00Z,94.1619,0.000000,0.000000,0.000000,above_band_high
2026-08-04T03:07:00Z,94.1985,0.000000,0.000000,0.000000,above_band_high
2026-08-04T03:08:00Z,94.1482,0.000000,0.000000,0.000000,above_band_high
2026-08-04T03:09:00Z,94.1802,0.000000,0.000000,0.000000,above_band_high
2026-08-04T03:10:00Z,94.1863,0.000000,0.000000,0.000000,above_band_high
2026-08-04T03:11:00Z,94.2214,0.000000,0.000000,0.000000,above_band_high
2026-08-04T03:12:00Z,94.1756,0.000000,0.000000,0.000000,above_band_high
2026-08-04T03:13:00Z,94.1756,0.000000,0.000000,0.000000,above_band_high
2026-08-04T03:14:00Z,94.1894,0.000000,0.000000,0.000000,above_band_high
2026-08-04T03:15:00Z,94.2123,0.000000,0.000000,0.000000,above_band_high
2026-08-04T03:16:00Z,94.2458,0.000000,0.000000,0.000000,above_band_high
2026-08-04T03:17:00Z,94.2412,0.000000,0.000000,0.000000,above_band_high
2026-08-04T03:18:00Z,94.2641,0.000000,0.000000,0.000000,above_band_high
2026-08-04T03:19:00Z,94.2733,0.000000,0.000000,0.000000,above_band_high
2026-08-04T03:20:00Z,94.2870,0.000000,0.000000,0.000000,above_band_high
2026-08-04T03:21:00Z,94.2809,0.000000,0.000000,0.000000,above_band_high
2026-08-04T03:22:00Z,94.3236,0.000000,0.000000,0.000000,above_band_high
2026-08-04T03:23:00Z,94.3084,0.000000,0.000000,0.000000,above_band_high
2026-08-04T03:24:00Z,94.3603,0.000000,0.000000,0.000000,above_band_high
2026-08-04T03:25:00Z,94.3145,0.000000,0.000000,0.000000,above_band_high
2026-08-04T03:26:00Z,94.3648,0.000000,0.000000,0.000000,above_band_high
2026-08-04T03:27:00Z,94.3923,0.000000,0.000000,0.000000,above_band_high
2026-08-04T03:28:00Z,94.3374,0.000000,0.000000,0.000000,above_band_high
2026-08-04T03:29:00Z,94.4060,0.000000,0.000000,0.000000,above_band_high
2026-08-04T03:30:00Z,94.4182,0.000000,0.000000,0.000000,above_band_high
2026-08-04T03:31:00Z,94.4503,0.000000,0.000000,0.000000,above_band_high
2026-08-04T03:32:00Z,94.4778,0.000000,0.000000,0.000000,above_band_high
2026-08-04T03:33:00Z,94.4503,0.000000,0.000000,0.000000,above_band_high
2026-08-04T03:34:00Z,94.4518,0.000000,0.000000,0.000000,above_band_high
2026-08-04T03:35:00Z,94.4976,0.000000,0.000000,0.000000,above_band_high
2026-08-04T03:36:00Z,94.4915,0.000000,0.000000,0.000000,above_band_high
2026-08-04T03:37:00Z,94.4961,0.000000,0.000000,0.000000,above_band_high
2026-08-04T03:38:00Z,94.5068,0.000000,0.000000,0.000000,above_band_high
2026-08-04T03:39:00Z,94.5144,0.000000,0.000000,0.000000,above_band_high
2026-08-04T03:40:00Z,94.5800,0.000000,0.000000,0.000000,above_band_high
2026-08-04T03:41:00Z,94.5251,0.000000,0.000000,0.000000,above_band_high
2026-08-04T03:42:00Z,94.5388,0.000000,0.000000,0.000000,above_band_high
2026-08-04T03:43:00Z,94.5235,0.000000,0.000000,0.000000,above_band_high
2026-08-04T03:44:00Z,94.5647,0.000000,0.000000,0.000000,above_band_high
2026-08-04T03:45:00Z,94.5785,0.000000,0.000000,0.000000,above_band_high
2026-08-04T03:46:00Z,94.6029,0.000000,0.000000,0.000000,above_band_high
2026-08-04T03:47:00Z,94.5876,0.000000,0.000000,0.000000,above_band_high
2026-08-04T03:48:00Z,94.6304,0.000000,0.000000,0.000000,above_band_high
2026-08-04T03:49:00Z,94.6304,0.000000,0.000000,0.000000,above_band_high
2026-08-04T03:50:00Z,94.6517,0.000000,0.000000,0.000000,above_band_high
2026-08-04T03:51:00Z,94.6349,0.000000,0.000000,0.000000,above_band_high
2026-08-04T03:52:00Z,94.6426,0.000000,0.000000,0.000000,above_band_high
2026-08-04T03:53:00Z,94.6715,0.000000,0.000000,0.000000,above_band_high
2026-08-04T03:54:00Z,94.6304,0.000000,0.000000,0.000000,above_band_high
2026-08-04T03:55:00Z,94.6441,0.000000,0.000000,0.000000,above_band_high
2026-08-04T03:56:00Z,94.6700,0.000000,0.000000,0.000000,above_band_high
2026-08-04T03:57:00Z,94.6807,0.000000,0.000000,0.000000,above_band_high
2026-08-04T03:58:00Z,94.6578,0.000000,0.000000,0.000000,above_band_high
2026-08-04T03:59:00Z,94.7173,0.000000,0.000000,0.000000,above_band_high
2026-08-04T04:00:00Z,94.6883,0.000000,0.000000,0.000000,above_band_high
2026-08-04T04:01:00Z,94.7112,0.000000,0.000000,0.000000,above_band_high
2026-08-04T04:02:00Z,94.6761,0.000000,0.000000,0.000000,above_band_high
2026-08-04T04:03:00Z,94.6838,0.000000,0.000000,0.000000,above_band_high
2026-08-04T04:04:00Z,94.6838,0.000000,0.000000,0.000000,above_band_high
2026-08-04T04:05:00Z,94.6838,0.000000,0.000000,0.000000,above_band_high
2026-08-04T04:06:00Z,94.6944,0.000000,0.000000,0.000000,above_band_high
2026-08-04T04:07:00Z,94.6700,0.000000,0.000000,0.000000,above_band_high
2026-08-04T04:08:00Z,94.6990,0.000000,0.000000,0.000000,above_band_high
2026-08-04T04:09:00Z,94.6838,0.000000,0.000000,0.000000,above_band_high
2026-08-04T04:10:00Z,94.6609,0.000000,0.000000,0.000000,above_band_high
2026-08-04T04:11:00Z,94.6715,0.000000,0.000000,0.000000,above_band_high
2026-08-04T04:12:00Z,94.6990,0.000000,0.000000,0.000000,above_band_high
2026-08-04T04:13:00Z,94.6578,0.000000,0.000000,0.000000,above_band_high
2026-08-04T04:14:00Z,94.6700,0.000000,0.000000,0.000000,above_band_high
2026-08-04T04:15:00Z,94.6700,0.000000,0.000000,0.000000,above_band_high
2026-08-04T04:16:00Z,94.6517,0.000000,0.000000,0.000000,above_band_high
2026-08-04T04:17:00Z,94.6883,0.000000,0.000000,0.000000,above_band_high
2026-08-04T04:18:00Z,94.6654,0.000000,0.000000,0.000000,above_band_high
2026-08-04T04:19:00Z,94.6715,0.000000,0.000000,0.000000,above_band_high
2026-08-04T04:20:00Z,94.6715,0.000000,0.000000,0.000000,above_band_high
2026-08-04T04:21:00Z,94.6975,0.000000,0.000000,0.000000,above_band_high
2026-08-04T04:22:00Z,94.6853,0.000000,0.000000,0.000000,above_band_high
2026-08-04T04:23:00Z,94.6761,0.000000,0.000000,0.000000,above_band_high
2026-08-04T04:24:00Z,94.6761,0.000000,0.000000,0.000000,above_band_high
2026-08-04T04:25:00Z,94.6975,0.000000,0.000000,0.000000,above_band_high
2026-08-04T04:26:00Z,94.6975,0.000000,0.000000,0.000000,above_band_high
2026-08-04T04:27:00Z,94.7158,0.000000,0.000000,0.000000,above_band_high
2026-08-04T04:28:00Z,94.6899,0.000000,0.000000,0.000000,above_band_high
2026-08-04T04:29:00Z,94.7173,0.000000,0.000000,0.000000,above_band_high
2026-08-04T04:30:00Z,94.7265,0.000000,0.000000,0.000000,above_band_high
2026-08-04T04:31:00Z,94.7112,0.000000,0.000000,0.000000,above_band_high
2026-08-04T04:32:00Z,94.7265,0.000000,0.000000,0.000000,above_band_high
2026-08-04T04:33:00Z,94.7387,0.000000,0.000000,0.000000,above_band_high
2026-08-04T04:34:00Z,94.7707,0.000000,0.000000,0.000000,above_band_high
2026-08-04T04:35:00Z,94.7448,0.000000,0.000000,0.000000,above_band_high
2026-08-04T04:36:00Z,94.7433,0.000000,0.000000,0.000000,above_band_high
2026-08-04T04:37:00Z,94.7997,0.000000,0.000000,0.000000,above_band_high
2026-08-04T04:38:00Z,94.7768,0.000000,0.000000,0.000000,above_band_high
2026-08-04T04:39:00Z,94.7982,0.000000,0.000000,0.000000,above_band_high
2026-08-04T04:40:00Z,94.7707,0.000000,0.000000,0.000000,above_band_high
2026-08-04T04:41:00Z,94.8043,0.000000,0.000000,0.000000,above_band_high
2026-08-04T04:42:00Z,94.8043,0.000000,0.000000,0.000000,above_band_high
2026-08-04T04:43:00Z,94.8257,0.000000,0.000000,0.000000,above_band_high
2026-08-04T04:44:00Z,94.8211,0.000000,0.000000,0.000000,above_band_high
2026-08-04T04:45:00Z,94.7997,0.000000,0.000000,0.000000,above_band_high
2026-08-04T04:46:00Z,94.8318,0.000000,0.000000,0.000000,above_band_high
2026-08-04T04:47:00Z,94.8119,0.000000,0.000000,0.000000,above_band_high
2026-08-04T04:48:00Z,94.8257,0.000000,0.000000,0.000000,above_band_high
2026-08-04T04:49:00Z,94.8806,0.000000,0.000000,0.000000,above_band_high
2026-08-04T04:50:00Z,94.8501,0.000000,0.000000,0.000000,above_band_high
2026-08-04T04:51:00Z,94.9004,0.000000,0.000000,0.000000,above_band_high
2026-08-04T04:52:00Z,94.8592,0.000000,0.000000,0.000000,above_band_high
2026-08-04T04:53:00Z,94.8806,0.000000,0.000000,0.000000,above_band_high
2026-08-04T04:54:00Z,94.8775,0.000000,0.000000,0.000000,above_band_high
2026-08-04T04:55:00Z,94.8547,0.000000,0.000000,0.000000,above_band_high
2026-08-04T04:56:00Z,94.8989,0.000000,0.000000,0.000000,above_band_high
2026-08-04T04:57:00Z,94.9187,0.000000,0.000000,0.000000,above_band_high
2026-08-04T04:58:00Z,94.8989,0.000000,0.000000,0.000000,above_band_high
2026-08-04T04:59:00Z,94.9187,0.000000,0.000000,0.000000,above_band_high
2026-08-04T05:00:00Z,94.9172,0.000000,0.000000,0.000000,above_band_high
2026-08-04T05:01:00Z,94.9233,0.000000,0.000000,0.000000,above_band_high
2026-08-04T05:02:00Z,94.9126,0.000000,0.000000,0.000000,above_band_high
2026-08-04T05:03:00Z,94.9371,0.000000,0.000000,0.000000,above_band_high
2026-08-04T05:04:00Z,94.9081,0.000000,0.000000,0.000000,above_band_high
2026-08-04T05:05:00Z,94.9081,0.000000,0.000000,0.000000,above_band_high
2026-08-04T05:06:00Z,94.8913,0.000000,0.000000,0.000000,above_band_high
2026-08-04T05:07:00Z,94.9081,0.000000,0.000000,0.000000,above_band_high
2026-08-04T05:08:00Z,94.9081,0.000000,0.000000,0.000000,above_band_high
2026-08-04T05:09:00Z,94.9233,0.000000,0.000000,0.000000,above_band_high
2026-08-04T05:10:00Z,94.9050,0.000000,0.000000,0.000000,above_band_high
2026-08-04T05:11:00Z,94.8913,0.000000,0.000000,0.000000,above_band_high
2026-08-04T05:12:00Z,94.8714,0.000000,0.000000,0.000000,above_band_high
2026-08-04T05:13:00Z,94.9187,0.000000,0.000000,0.000000,above_band_high
2026-08-04T05:14:00Z,94.8806,0.000000,0.000000,0.000000,above_band_high
2026-08-04T05:15:00Z,94.8592,0.000000,0.000000,0.000000,above_band_high
2026-08-04T05:16:00Z,94.8455,0.000000,0.000000,0.000000,above_band_high
2026-08-04T05:17:00Z,94.8638,0.000000,0.000000,0.000000,above_band_high
2026-08-04T05:18:00Z,94.8684,0.000000,0.000000,0.000000,above_band_high
2026-08-04T05:19:00Z,94.8898,0.000000,0.000000,0.000000,above_band_high
2026-08-04T05:20:00Z,94.8730,0.000000,0.000000,0.000000,above_band_high
2026-08-04T05:21:00Z,94.8898,0.000000,0.000000,0.000000,above_band_high
2026-08-04T05:22:00Z,94.8684,0.000000,0.000000,0.000000,above_band_high
2026-08-04T05:23:00Z,94.8852,0.000000,0.000000,0.000000,above_band_high
2026-08-04T05:24:00Z,94.9233,0.000000,0.000000,0.000000,above_band_high
2026-08-04T05:25:00Z,94.9172,0.000000,0.000000,0.000000,above_band_high
2026-08-04T05:26:00Z,94.9035,0.000000,0.000000,0.000000,above_band_high
2026-08-04T05:27:00Z,94.9035,0.000000,0.000000,0.000000,above_band_high
2026-08-04T05:28:00Z,94.9187,0.000000,0.000000,0.000000,above_band_high
2026-08-04T05:29:00Z,94.9004,0.000000,0.000000,0.000000,above_band_high
2026-08-04T05:30:00Z,94.9172,0.000000,0.000000,0.000000,above_band_high
2026-08-04T05:31:00Z,94.9630,0.000000,0.000000,0.000000,above_band_high
2026-08-04T05:32:00Z,94.9355,0.000000,0.000000,0.000000,above_band_high
2026-08-04T05:33:00Z,94.9722,0.000000,0.000000,0.000000,above_band_high
2026-08-04T05:34:00Z,94.9462,0.000000,0.000000,0.000000,above_band_high
2026-08-04T05:35:00Z,94.9584,0.000000,0.000000,0.000000,above_band_high
2026-08-04T05:36:00Z,94.9554,0.000000,0.000000,0.000000,above_band_high
2026-08-04T05:37:00Z,94.9737,0.000000,0.000000,0.000000,above_band_high
2026-08-04T05:38:00Z,94.9905,0.000000,0.000000,0.000000,above_band_high
2026-08-04T05:39:00Z,94.9783,0.000000,0.000000,0.000000,above_band_high
2026-08-04T05:40:00Z,94.9966,0.000000,0.000000,0.000000,above_band_high
2026-08-04T05:41:00Z,94.9920,0.000000,0.000000,0.000000,above_band_high
2026-08-04T05:42:00Z,95.0286,0.000000,0.000000,0.000000,above_band_high
2026-08-04T05:43:00Z,95.0134,0.000000,0.000000,0.000000,above_band_high
2026-08-04T05:44:00Z,95.0240,0.000000,0.000000,0.000000,above_band_high
2026-08-04T05:45:00Z,95.0134,0.000000,0.000000,0.000000,above_band_high
2026-08-04T05:46:00Z,95.0195,0.000000,0.000000,0.000000,above_band_high
2026-08-04T05:47:00Z,95.0271,0.000000,0.000000,0.000000,above_band_high
2026-08-04T05:48:00Z,95.0515,0.000000,0.000000,0.000000,above_band_high
2026-08-04T05:49:00Z,95.0271,0.000000,0.000000,0.000000,above_band_high
2026-08-04T05:50:00Z,95.0591,0.000000,0.000000,0.000000,above_band_high
2026-08-04T05:51:00Z,95.0362,0.000000,0.000000,0.000000,above_band_high
2026-08-04T05:52:00Z,95.0774,0.000000,0.000000,0.000000,above_band_high
2026-08-04T05:53:00Z,95.0652,0.000000,0.000000,0.000000,above_band_high
2026-08-04T05:54:00Z,95.0774,0.000000,0.000000,0.000000,above_band_high
2026-08-04T05:55:00Z,95.0912,0.000000,0.000000,0.000000,above_band_high
2026-08-04T05:56:00Z,95.1095,0.000000,0.000000,0.000000,above_band_high
2026-08-04T05:57:00Z,95.1049,0.000000,0.000000,0.000000,above_band_high
2026-08-04T05:58:00Z,95.1186,0.000000,0.000000,0.000000,above_band_high
2026-08-04T05:59:00Z,95.1156,0.000000,0.000000,0.000000,above_band_high
2026-08-04T06:00:00Z,95.0881,0.000000,0.000000,0.000000,above_band_high
2026-08-04T06:01:00Z,95.1141,0.000000,0.000000,0.000000,above_band_high
2026-08-04T06:02:00Z,95.1324,0.000000,0.000000,0.000000,above_band_high
2026-08-04T06:03:00Z,95.1247,0.000000,0.000000,0.000000,above_band_high
2026-08-04T06:04:00Z,95.1324,0.000000,0.000000,0.000000,above_band_high
2026-08-04T06:05:00Z,95.1003,0.000000,0.000000,0.000000,above_band_high
2026-08-04T06:06:00Z,95.1553,0.000000,0.000000,0.000000,above_band_high
2026-08-04T06:07:00Z,95.1247,0.000000,0.000000,0.000000,above_band_high
2026-08-04T06:08:00Z,95.1247,0.000000,0.000000,0.000000,above_band_high
2026-08-04T06:09:00Z,95.1003,0.000000,0.000000,0.000000,above_band_high
2026-08-04T06:10:00Z,95.0866,0.000000,0.000000,0.000000,above_band_high
2026-08-04T06:11:00Z,95.1278,0.000000,0.000000,0.000000,above_band_high
2026-08-04T06:12:00Z,95.1431,0.000000,0.000000,0.000000,above_band_high
2026-08-04T06:13:00Z,95.1202,0.000000,0.000000,0.000000,above_band_high
2026-08-04T06:14:00Z,95.0927,0.000000,0.000000,0.000000,above_band_high
2026-08-04T06:15:00Z,95.1003,0.000000,0.000000,0.000000,above_band_high
2026-08-04T06:16:00Z,95.0591,0.000000,0.000000,0.000000,above_band_high
2026-08-04T06:17:00Z,95.1202,0.000000,0.000000,0.000000,above_band_high
2026-08-04T06:18:00Z,95.1049,0.000000,0.000000,0.000000,above_band_high
2026-08-04T06:19:00Z,95.1049,0.000000,0.000000,0.000000,above_band_high
2026-08-04T06:20:00Z,95.1247,0.000000,0.000000,0.000000,above_band_high
2026-08-04T06:21:00Z,95.1324,0.000000,0.000000,0.000000,above_band_high
2026-08-04T06:22:00Z,95.1019,0.000000,0.000000,0.000000,above_band_high
2026-08-04T06:23:00Z,95.1339,0.000000,0.000000,0.000000,above_band_high
2026-08-04T06:24:00Z,95.1476,0.000000,0.000000,0.000000,above_band_high
2026-08-04T06:25:00Z,95.1278,0.000000,0.000000,0.000000,above_band_high
2026-08-04T06:26:00Z,95.1431,0.000000,0.000000,0.000000,above_band_high
2026-08-04T06:27:00Z,95.1019,0.000000,0.000000,0.000000,above_band_high
2026-08-04T06:28:00Z,95.1247,0.000000,0.000000,0.000000,above_band_high
2026-08-04T06:29:00Z,95.1431,0.000000,0.000000,0.000000,above_band_high
2026-08-04T06:30:00Z,95.1598,0.000000,0.000000,0.000000,above_band_high
2026-08-04T06:31:00Z,95.1980,0.000000,0.000000,0.000000,above_band_high
2026-08-04T06:32:00Z,95.1598,0.000000,0.000000,0.000000,above_band_high
2026-08-04T06:33:00Z,95.1873,0.000000,0.000000,0.000000,above_band_high
2026-08-04T06:34:00Z,95.2010,0.000000,0.000000,0.000000,above_band_high
2026-08-04T06:35:00Z,95.1705,0.000000,0.000000,0.000000,above_band_high
2026-08-04T06:36:00Z,95.2010,0.000000,0.000000,0.000000,above_band_high
2026-08-04T06:37:00Z,95.1873,0.000000,0.000000,0.000000,above_band_high
2026-08-04T06:38:00Z,95.1690,0.000000,0.000000,0.000000,above_band_high
2026-08-04T06:39:00Z,95.1873,0.000000,0.000000,0.000000,above_band_high
2026-08-04T06:40:00Z,95.2163,0.000000,0.000000,0.000000,above_band_high
2026-08-04T06:41:00Z,95.2056,0.000000,0.000000,0.000000,above_band_high
2026-08-04T06:42:00Z,95.1614,0.000000,0.000000,0.000000,above_band_high
2026-08-04T06:43:00Z,95.1934,0.000000,0.000000,0.000000,above_band_high
2026-08-04T06:44:00Z,95.1934,0.000000,0.000000,0.000000,above_band_high
2026-08-04T06:45:00Z,95.2010,0.000000,0.000000,0.000000,above_band_high
2026-08-04T06:46:00Z,95.1797,0.000000,0.000000,0.000000,above_band_high
2026-08-04T06:47:00Z,95.2148,0.000000,0.000000,0.000000,above_band_high
2026-08-04T06:48:00Z,95.2102,0.000000,0.000000,0.000000,above_band_high
2026-08-04T06:49:00Z,95.2163,0.000000,0.000000,0.000000,above_band_high
2026-08-04T06:50:00Z,95.2529,0.000000,0.000000,0.000000,above_band_high
2026-08-04T06:51:00Z,95.1965,0.000000,0.000000,0.000000,above_band_high
2026-08-04T06:52:00Z,95.2438,0.000000,0.000000,0.000000,above_band_high
2026-08-04T06:53:00Z,95.2010,0.000000,0.000000,0.000000,above_band_high
2026-08-04T06:54:00Z,95.2392,0.000000,0.000000,0.000000,above_band_high
2026-08-04T06:55:00Z,95.2346,0.000000,0.000000,0.000000,above_band_high
2026-08-04T06:56:00Z,95.2605,0.000000,0.000000,0.000000,above_band_high
2026-08-04T06:57:00Z,95.2529,0.000000,0.000000,0.000000,above_band_high
2026-08-04T06:58:00Z,95.2438,0.000000,0.000000,0.000000,above_band_high
2026-08-04T06:59:00Z,95.2697,0.000000,0.000000,0.000000,above_band_high
2026-08-04T07:00:00Z,95.2605,0.000000,0.000000,0.000000,above_band_high
2026-08-04T07:01:00Z,95.2392,0.000000,0.000000,0.000000,above_band_high
2026-08-04T07:02:00Z,95.2392,0.000000,0.000000,0.000000,above_band_high
2026-08-04T07:03:00Z,95.2621,0.000000,0.000000,0.000000,above_band_high
2026-08-04T07:04:00Z,95.2880,0.000000,0.000000,0.000000,above_band_high
2026-08-04T07:05:00Z,95.2743,0.000000,0.000000,0.000000,above_band_high
2026-08-04T07:06:00Z,95.2743,0.000000,0.000000,0.000000,above_band_high
2026-08-04T07:07:00Z,95.2850,0.000000,0.000000,0.000000,above_band_high
2026-08-04T07:08:00Z,95.2331,0.000000,0.000000,0.000000,above_band_high
2026-08-04T07:09:00Z,95.2804,0.000000,0.000000,0.000000,above_band_high
2026-08-04T07:10:00Z,95.2667,0.000000,0.000000,0.000000,above_band_high
2026-08-04T07:11:00Z,95.2697,0.000000,0.000000,0.000000,above_band_high
2026-08-04T07:12:00Z,95.2285,0.000000,0.000000,0.000000,above_band_high
2026-08-04T07:13:00Z,95.2331,0.000000,0.000000,0.000000,above_band_high
2026-08-04T07:14:00Z,95.2560,0.000000,0.000000,0.000000,above_band_high
2026-08-04T07:15:00Z,95.2804,0.000000,0.000000,0.000000,above_band_high
2026-08-04T07:16:00Z,95.2483,0.000000,0.000000,0.000000,above_band_high
2026-08-04T07:17:00Z,95.2392,0.000000,0.000000,0.000000,above_band_high
2026-08-04T07:18:00Z,95.1965,0.000000,0.000000,0.000000,above_band_high
2026-08-04T07:19:00Z,95.2438,0.000000,0.000000,0.000000,above_band_high
2026-08-04T07:20:00Z,95.2438,0.000000,0.000000,0.000000,above_band_high
2026-08-04T07:21:00Z,95.2392,0.000000,0.000000,0.000000,above_band_high
2026-08-04T07:22:00Z,95.2605,0.000000,0.000000,0.000000,above_band_high
2026-08-04T07:23:00Z,95.2697,0.000000,0.000000,0.000000,above_band_high
2026-08-04T07:24:00Z,95.2392,0.000000,0.000000,0.000000,above_band_high
2026-08-04T07:25:00Z,95.2560,0.000000,0.000000,0.000000,above_band_high
2026-08-04T07:26:00Z,95.2789,0.000000,0.000000,0.000000,above_band_high
2026-08-04T07:27:00Z,95.2743,0.000000,0.000000,0.000000,above_band_high
2026-08-04T07:28:00Z,95.2621,0.000000,0.000000,0.000000,above_band_high
2026-08-04T07:29:00Z,95.2972,0.000000,0.000000,0.000000,above_band_high
2026-08-04T07:30:00Z,95.2789,0.000000,0.000000,0.000000,above_band_high
2026-08-04T07:31:00Z,95.2667,0.000000,0.000000,0.000000,above_band_high
2026-08-04T07:32:00Z,95.2667,0.000000,0.000000,0.000000,above_band_high
2026-08-04T07:33:00Z,95.2438,0.000000,0.000000,0.000000,above_band_high
2026-08-04T07:34:00Z,95.2789,0.000000,0.000000,0.000000,above_band_high
2026-08-04T07:35:00Z,95.2880,0.000000,0.000000,0.000000,above_band_high
2026-08-04T07:36:00Z,95.2743,0.000000,0.000000,0.000000,above_band_high
2026-08-04T07:37:00Z,95.2972,0.000000,0.000000,0.000000,above_band_high
2026-08-04T07:38:00Z,95.3079,0.000000,0.000000,0.000000,above_band_high
2026-08-04T07:39:00Z,95.2972,0.000000,0.000000,0.000000,above_band_high
2026-08-04T07:40:00Z,95.3124,0.000000,0.000000,0.000000,above_band_high
2026-08-04T07:41:00Z,95.3201,0.000000,0.000000,0.000000,above_band_high
2026-08-04T07:42:00Z,95.2972,0.000000,0.000000,0.000000,above_band_high
2026-08-04T07:43:00Z,95.3201,0.000000,0.000000,0.000000,above_band_high
2026-08-04T07:44:00Z,95.3399,0.000000,0.000000,0.000000,above_band_high
2026-08-04T07:45:00Z,95.3124,0.000000,0.000000,0.000000,above_band_high
2026-08-04T07:46:00Z,95.3201,0.000000,0.000000,0.000000,above_band_high
2026-08-04T07:47:00Z,95.3216,0.000000,0.000000,0.000000,above_band_high
2026-08-04T07:48:00Z,95.3613,0.000000,0.000000,0.000000,above_band_high
2026-08-04T07:49:00Z,95.3429,0.000000,0.000000,0.000000,above_band_high
2026-08-04T07:50:00Z,95.3521,0.000000,0.000000,0.000000,above_band_high
2026-08-04T07:51:00Z,95.3536,0.000000,0.000000,0.000000,above_band_high
2026-08-04T07:52:00Z,95.3521,0.000000,0.000000,0.000000,above_band_high
2026-08-04T07:53:00Z,95.3399,0.000000,0.000000,0.000000,above_band_high
2026-08-04T07:54:00Z,95.3582,0.000000,0.000000,0.000000,above_band_high
2026-08-04T07:55:00Z,95.3262,0.000000,0.000000,0.000000,above_band_high
2026-08-04T07:56:00Z,95.3902,0.000000,0.000000,0.000000,above_band_high
2026-08-04T07:57:00Z,95.3704,0.000000,0.000000,0.000000,above_band_high
2026-08-04T07:58:00Z,95.3536,0.000000,0.000000,0.000000,above_band_high
2026-08-04T07:59:00Z,95.3582,0.000000,0.000000,0.000000,above_band_high
2026-08-04T08:00:00Z,95.3811,0.000000,0.000000,0.000000,above_band_high
2026-08-04T08:01:00Z,95.3582,0.000000,0.000000,0.000000,above_band_high
2026-08-04T08:02:00Z,95.3613,0.000000,0.000000,0.000000,above_band_high
2026-08-04T08:03:00Z,95.3765,0.000000,0.000000,0.000000,above_band_high
2026-08-04T08:04:00Z,95.3933,0.000000,0.000000,0.000000,above_band_high
2026-08-04T08:05:00Z,95.3658,0.000000,0.000000,0.000000,above_band_high
2026-08-04T08:06:00Z,95.4040,0.000000,0.000000,0.000000,above_band_high
2026-08-04T08:07:00Z,95.3613,0.000000,0.000000,0.000000,above_band_high
2026-08-04T08:08:00Z,95.3613,0.000000,0.000000,0.000000,above_band_high
2026-08-04T08:09:00Z,95.3521,0.000000,0.000000,0.000000,above_band_high
2026-08-04T08:10:00Z,95.3353,0.000000,0.000000,0.000000,above_band_high
2026-08-04T08:11:00Z,95.3445,0.000000,0.000000,0.000000,above_band_high
2026-08-04T08:12:00Z,95.3658,0.000000,0.000000,0.000000,above_band_high
2026-08-04T08:13:00Z,95.3841,0.000000,0.000000,0.000000,above_band_high
2026-08-04T08:14:00Z,95.3445,0.000000,0.000000,0.000000,above_band_high
2026-08-04T08:15:00Z,95.3521,0.000000,0.000000,0.000000,above_band_high
2026-08-04T08:16:00Z,95.3429,0.000000,0.000000,0.000000,above_band_high
2026-08-04T08:17:00Z,95.3521,0.000000,0.000000,0.000000,above_band_high
2026-08-04T08:18:00Z,95.3429,0.000000,0.000000,0.000000,above_band_high
2026-08-04T08:19:00Z,95.3536,0.000000,0.000000,0.000000,above_band_high
2026-08-04T08:20:00Z,95.3536,0.000000,0.000000,0.000000,above_band_high
2026-08-04T08:21:00Z,95.3536,0.000000,0.000000,0.000000,above_band_high
2026-08-04T08:22:00Z,95.3765,0.000000,0.000000,0.000000,above_band_high
2026-08-04T08:23:00Z,95.3582,0.000000,0.000000,0.000000,above_band_high
2026-08-04T08:24:00Z,95.3948,0.000000,0.000000,0.000000,above_band_high
2026-08-04T08:25:00Z,95.3491,0.000000,0.000000,0.000000,above_band_high
2026-08-04T08:26:00Z,95.3658,0.000000,0.000000,0.000000,above_band_high
2026-08-04T08:27:00Z,95.3841,0.000000,0.000000,0.000000,above_band_high
2026-08-04T08:28:00Z,95.3841,0.000000,0.000000,0.000000,above_band_high
2026-08-04T08:29:00Z,95.3841,0.000000,0.000000,0.000000,above_band_high
2026-08-04T08:30:00Z,95.3613,0.000000,0.000000,0.000000,above_band_high
2026-08-04T08:31:00Z,95.3582,0.000000,0.000000,0.000000,above_band_high
2026-08-04T08:32:00Z,95.4025,0.000000,0.000000,0.000000,above_band_high
2026-08-04T08:33:00Z,95.3979,0.000000,0.000000,0.000000,above_band_high
2026-08-04T08:34:00Z,95.4116,0.000000,0.000000,0.000000,above_band_high
2026-08-04T08:35:00Z,95.4223,0.000000,0.000000,0.000000,above_band_high
2026-08-04T08:36:00Z,95.3765,0.000000,0.000000,0.000000,above_band_high
2026-08-04T08:37:00Z,95.3902,0.000000,0.000000,0.000000,above_band_high
2026-08-04T08:38:00Z,95.3948,0.000000,0.000000,0.000000,above_band_high
2026-08-04T08:39:00Z,95.4070,0.000000,0.000000,0.000000,above_band_high
2026-08-04T08:40:00Z,95.3979,0.000000,0.000000,0.000000,above_band_high
2026-08-04T08:41:00Z,95.3979,0.000000,0.000000,0.000000,above_band_high
2026-08-04T08:42:00Z,95.3887,0.000000,0.000000,0.000000,above_band_high
2026-08-04T08:43:00Z,95.4345,0.000000,0.000000,0.000000,above_band_high
2026-08-04T08:44:00Z,95.4345,0.000000,0.000000,0.000000,above_band_high
2026-08-04T08:45:00Z,95.4543,0.000000,0.000000,0.000000,above_band_high
2026-08-04T08:46:00Z,95.3948,0.000000,0.000000,0.000000,above_band_high
2026-08-04T08:47:00Z,95.4391,0.000000,0.000000,0.000000,above_band_high
2026-08-04T08:48:00Z,95.4253,0.000000,0.000000,0.000000,above_band_high
2026-08-04T08:49:00Z,95.4711,0.000000,0.000000,0.000000,above_band_high
2026-08-04T08:50:00Z,95.4391,0.000000,0.000000,0.000000,above_band_high
2026-08-04T08:51:00Z,95.4543,0.000000,0.000000,0.000000,above_band_high
2026-08-04T08:52:00Z,95.4757,0.000000,0.000000,0.000000,above_band_high
2026-08-04T08:53:00Z,95.4345,0.000000,0.000000,0.000000,above_band_high
2026-08-04T08:54:00Z,95.4391,0.000000,0.000000,0.000000,above_band_high
2026-08-04T08:55:00Z,95.4711,0.000000,0.000000,0.000000,above_band_high
2026-08-04T08:56:00Z,95.4498,0.000000,0.000000,0.000000,above_band_high
2026-08-04T08:57:00Z,95.4452,0.000000,0.000000,0.000000,above_band_high
2026-08-04T08:58:00Z,95.4498,0.000000,0.000000,0.000000,above_band_high
2026-08-04T08:59:00Z,95.4223,0.000000,0.000000,0.000000,above_band_high
2026-08-04T09:00:00Z,95.4543,0.000000,0.000000,0.000000,above_band_high
2026-08-04T09:01:00Z,95.4223,0.000000,0.000000,0.000000,above_band_high
2026-08-04T09:02:00Z,95.4543,0.000000,0.000000,0.000000,above_band_high
2026-08-04T09:03:00Z,95.4177,0.000000,0.000000,0.000000,above_band_high
2026-08-04T09:04:00Z,95.4177,0.000000,0.000000,0.000000,above_band_high
2026-08-04T09:05:00Z,95.4299,0.000000,0.000000,0.000000,above_band_high
2026-08-04T09:06:00Z,95.4299,0.000000,0.000000,0.000000,above_band_high
2026-08-04T09:07:00Z,95.4620,0.000000,0.000000,0.000000,above_band_high
2026-08-04T09:08:00Z,95.4345,0.000000,0.000000,0.000000,above_band_high
2026-08-04T09:09:00Z,95.4116,0.000000,0.000000,0.000000,above_band_high
2026-08-04T09:10:00Z,95.4162,0.000000,0.000000,0.000000,above_band_high
2026-08-04T09:11:00Z,95.3902,0.000000,0.000000,0.000000,above_band_high
2026-08-04T09:12:00Z,95.4040,0.000000,0.000000,0.000000,above_band_high
2026-08-04T09:13:00Z,95.4025,0.000000,0.000000,0.000000,above_band_high
2026-08-04T09:14:00Z,95.3887,0.000000,0.000000,0.000000,above_band_high
2026-08-04T09:15:00Z,95.4025,0.000000,0.000000,0.000000,above_band_high
2026-08-04T09:16:00Z,95.4269,0.000000,0.000000,0.000000,above_band_high
2026-08-04T09:17:00Z,95.4025,0.000000,0.000000,0.000000,above_band_high
2026-08-04T09:18:00Z,95.4162,0.000000,0.000000,0.000000,above_band_high
2026-08-04T09:19:00Z,95.4070,0.000000,0.000000,0.000000,above_band_high
2026-08-04T09:20:00Z,95.3902,0.000000,0.000000,0.000000,above_band_high
2026-08-04T09:21:00Z,95.4025,0.000000,0.000000,0.000000,above_band_high
2026-08-04T09:22:00Z,95.4223,0.000000,0.000000,0.000000,above_band_high
2026-08-04T09:23:00Z,95.4116,0.000000,0.000000,0.000000,above_band_high
2026-08-04T09:24:00Z,95.4116,0.000000,0.000000,0.000000,above_band_high
2026-08-04T09:25:00Z,95.3841,0.000000,0.000000,0.000000,above_band_high
2026-08-04T09:26:00Z,95.3994,0.000000,0.000000,0.000000,above_band_high
2026-08-04T09:27:00Z,95.3811,0.000000,0.000000,0.000000,above_band_high
2026-08-04T09:28:00Z,95.3948,0.000000,0.000000,0.000000,above_band_high
2026-08-04T09:29:00Z,95.4116,0.000000,0.000000,0.000000,above_band_high
2026-08-04T09:30:00Z,95.4162,0.000000,0.000000,0.000000,above_band_high
2026-08-04T09:31:00Z,95.3948,0.000000,0.000000,0.000000,above_band_high
2026-08-04T09:32:00Z,95.4528,0.000000,0.000000,0.000000,above_band_high
2026-08-04T09:33:00Z,95.4543,0.000000,0.000000,0.000000,above_band_high
2026-08-04T09:34:00Z,95.4574,0.000000,0.000000,0.000000,above_band_high
2026-08-04T09:35:00Z,95.4253,0.000000,0.000000,0.000000,above_band_high
2026-08-04T09:36:00Z,95.4253,0.000000,0.000000,0.000000,above_band_high
2026-08-04T09:37:00Z,95.4498,0.000000,0.000000,0.000000,above_band_high
2026-08-04T09:38:00Z,95.4345,0.000000,0.000000,0.000000,above_band_high
2026-08-04T09:39:00Z,95.4391,0.000000,0.000000,0.000000,above_band_high
2026-08-04T09:40:00Z,95.4437,0.000000,0.000000,0.000000,above_band_high
2026-08-04T09:41:00Z,95.4681,0.000000,0.000000,0.000000,above_band_high
2026-08-04T09:42:00Z,95.4955,0.000000,0.000000,0.000000,above_band_high
2026-08-04T09:43:00Z,95.4726,0.000000,0.000000,0.000000,above_band_high
2026-08-04T09:44:00Z,95.5077,0.000000,0.000000,0.000000,above_band_high
2026-08-04T09:45:00Z,95.5032,0.000000,0.000000,0.000000,above_band_high
2026-08-04T09:46:00Z,95.5032,0.000000,0.000000,0.000000,above_band_high
2026-08-04T09:47:00Z,95.4955,0.000000,0.000000,0.000000,above_band_high
2026-08-04T09:48:00Z,95.5077,0.000000,0.000000,0.000000,above_band_high
2026-08-04T09:49:00Z,95.4849,0.000000,0.000000,0.000000,above_band_high
2026-08-04T09:50:00Z,95.4910,0.000000,0.000000,0.000000,above_band_high
2026-08-04T09:51:00Z,95.4955,0.000000,0.000000,0.000000,above_band_high
2026-08-04T09:52:00Z,95.5184,0.000000,0.000000,0.000000,above_band_high
2026-08-04T09:53:00Z,95.5367,0.000000,0.000000,0.000000,above_band_high
2026-08-04T09:54:00Z,95.5444,0.000000,0.000000,0.000000,above_band_high
2026-08-04T09:55:00Z,95.5535,0.000000,0.000000,0.000000,above_band_high
2026-08-04T09:56:00Z,95.5413,0.000000,0.000000,0.000000,above_band_high
2026-08-04T09:57:00Z,95.5169,0.000000,0.000000,0.000000,above_band_high
2026-08-04T09:58:00Z,95.5306,0.000000,0.000000,0.000000,above_band_high
2026-08-04T09:59:00Z,95.5596,0.000000,0.000000,0.000000,above_band_high
2026-08-04T10:00:00Z,95.6054,0.000000,0.000000,0.000000,above_band_high
2026-08-04T10:01:00Z,95.5413,0.000000,0.000000,0.000000,above_band_high
2026-08-04T10:02:00Z,95.5871,0.000000,0.000000,0.000000,above_band_high
2026-08-04T10:03:00Z,95.5535,0.000000,0.000000,0.000000,above_band_high
2026-08-04T10:04:00Z,95.5871,0.000000,0.000000,0.000000,above_band_high
2026-08-04T10:05:00Z,95.5444,0.000000,0.000000,0.000000,above_band_high
2026-08-04T10:06:00Z,95.5367,0.000000,0.000000,0.000000,above_band_high
2026-08-04T10:07:00Z,95.5413,0.000000,0.000000,0.000000,above_band_high
2026-08-04T10:08:00Z,95.5032,0.000000,0.000000,0.000000,above_band_high
2026-08-04T10:09:00Z,95.5261,0.000000,0.000000,0.000000,above_band_high
2026-08-04T10:10:00Z,95.5276,0.000000,0.000000,0.000000,above_band_high
2026-08-04T10:11:00Z,95.5077,0.000000,0.000000,0.000000,above_band_high
2026-08-04T10:12:00Z,95.5535,0.000000,0.000000,0.000000,above_band_high
2026-08-04T10:13:00Z,95.5306,0.000000,0.000000,0.000000,above_band_high
2026-08-04T10:14:00Z,95.4635,0.000000,0.000000,0.000000,above_band_high
2026-08-04T10:15:00Z,95.4955,0.000000,0.000000,0.000000,above_band_high
2026-08-04T10:16:00Z,95.5413,0.000000,0.000000,0.000000,above_band_high
2026-08-04T10:17:00Z,95.5215,0.000000,0.000000,0.000000,above_band_high
2026-08-04T10:18:00Z,95.4910,0.000000,0.000000,0.000000,above_band_high
2026-08-04T10:19:00Z,95.5032,0.000000,0.000000,0.000000,above_band_high
2026-08-04T10:20:00Z,95.4635,0.000000,0.000000,0.000000,above_band_high
2026-08-04T10:21:00Z,95.4986,0.000000,0.000000,0.000000,above_band_high
2026-08-04T10:22:00Z,95.5184,0.000000,0.000000,0.000000,above_band_high
2026-08-04T10:23:00Z,95.5093,0.000000,0.000000,0.000000,above_band_high
2026-08-04T10:24:00Z,95.4955,0.000000,0.000000,0.000000,above_band_high
2026-08-04T10:25:00Z,95.4894,0.000000,0.000000,0.000000,above_band_high
2026-08-04T10:26:00Z,95.5077,0.000000,0.000000,0.000000,above_band_high
2026-08-04T10:27:00Z,95.5077,0.000000,0.000000,0.000000,above_band_high
2026-08-04T10:28:00Z,95.5123,0.000000,0.000000,0.000000,above_band_high
2026-08-04T10:29:00Z,95.5169,0.000000,0.000000,0.000000,above_band_high
2026-08-04T10:30:00Z,95.4910,0.000000,0.000000,0.000000,above_band_high
2026-08-04T10:31:00Z,95.5093,0.000000,0.000000,0.000000,above_band_high
2026-08-04T10:32:00Z,95.5261,0.000000,0.000000,0.000000,above_band_high
2026-08-04T10:33:00Z,95.5306,0.000000,0.000000,0.000000,above_band_high
2026-08-04T10:34:00Z,95.5581,0.000000,0.000000,0.000000,above_band_high
2026-08-04T10:35:00Z,95.5413,0.000000,0.000000,0.000000,above_band_high
2026-08-04T10:36:00Z,95.5077,0.000000,0.000000,0.000000,above_band_high
2026-08-04T10:37:00Z,95.5367,0.000000,0.000000,0.000000,above_band_high
2026-08-04T10:38:00Z,95.5505,0.000000,0.000000,0.000000,above_band_high
2026-08-04T10:39:00Z,95.5688,0.000000,0.000000,0.000000,above_band_high
2026-08-04T10:40:00Z,95.5718,0.000000,0.000000,0.000000,above_band_high
2026-08-04T10:41:00Z,95.5535,0.000000,0.000000,0.000000,above_band_high
2026-08-04T10:42:00Z,95.5917,0.000000,0.000000,0.000000,above_band_high
2026-08-04T10:43:00Z,95.5261,0.000000,0.000000,0.000000,above_band_high
2026-08-04T10:44:00Z,95.5779,0.000000,0.000000,0.000000,above_band_high
2026-08-04T10:45:00Z,95.5688,0.000000,0.000000,0.000000,above_band_high
2026-08-04T10:46:00Z,95.5505,0.000000,0.000000,0.000000,above_band_high
2026-08-04T10:47:00Z,95.5871,0.000000,0.000000,0.000000,above_band_high
2026-08-04T10:48:00Z,95.5688,0.000000,0.000000,0.000000,above_band_high
2026-08-04T10:49:00Z,95.5642,0.000000,0.000000,0.000000,above_band_high
2026-08-04T10:50:00Z,95.6222,0.000000,0.000000,0.000000,above_band_high
2026-08-04T10:51:00Z,95.6039,0.000000,0.000000,0.000000,above_band_high
2026-08-04T10:52:00Z,95.6039,0.000000,0.000000,0.000000,above_band_high
2026-08-04T10:53:00Z,95.5825,0.000000,0.000000,0.000000,above_band_high
2026-08-04T10:54:00Z,95.6451,0.000000,0.000000,0.000000,above_band_high
2026-08-04T10:55:00Z,95.6146,0.000000,0.000000,0.000000,above_band_high
2026-08-04T10:56:00Z,95.6359,0.000000,0.000000,0.000000,above_band_high
2026-08-04T10:57:00Z,95.6222,0.000000,0.000000,0.000000,above_band_high
2026-08-04T10:58:00Z,95.5993,0.000000,0.000000,0.000000,above_band_high
2026-08-04T10:59:00Z,95.6329,0.000000,0.000000,0.000000,above_band_high
2026-08-04T11:00:00Z,95.6100,0.000000,0.000000,0.000000,above_band_high
2026-08-04T11:01:00Z,95.6039,0.000000,0.000000,0.000000,above_band_high
2026-08-04T11:02:00Z,95.6283,0.000000,0.000000,0.000000,above_band_high
2026-08-04T11:03:00Z,95.6558,0.000000,0.000000,0.000000,above_band_high
2026-08-04T11:04:00Z,95.6283,0.000000,0.000000,0.000000,above_band_high
2026-08-04T11:05:00Z,95.6680,0.000000,0.000000,0.000000,above_band_high
2026-08-04T11:06:00Z,95.6634,0.000000,0.000000,0.000000,above_band_high
2026-08-04T11:07:00Z,95.6283,0.000000,0.000000,0.000000,above_band_high
2026-08-04T11:08:00Z,95.6085,0.000000,0.000000,0.000000,above_band_high
2026-08-04T11:09:00Z,95.6420,0.000000,0.000000,0.000000,above_band_high
2026-08-04T11:10:00Z,95.6283,0.000000,0.000000,0.000000,above_band_high
2026-08-04T11:11:00Z,95.6222,0.000000,0.000000,0.000000,above_band_high
2026-08-04T11:12:00Z,95.6374,0.000000,0.000000,0.000000,above_band_high
2026-08-04T11:13:00Z,95.6329,0.000000,0.000000,0.000000,above_band_high
2026-08-04T11:14:00Z,95.5871,0.000000,0.000000,0.000000,above_band_high
2026-08-04T11:15:00Z,95.6512,0.000000,0.000000,0.000000,above_band_high
2026-08-04T11:16:00Z,95.6420,0.000000,0.000000,0.000000,above_band_high
2026-08-04T11:17:00Z,95.6100,0.000000,0.000000,0.000000,above_band_high
2026-08-04T11:18:00Z,95.6130,0.000000,0.000000,0.000000,above_band_high
2026-08-04T11:19:00Z,95.6268,0.000000,0.000000,0.000000,above_band_high
2026-08-04T11:20:00Z,95.6268,0.000000,0.000000,0.000000,above_band_high
2026-08-04T11:21:00Z,95.6374,0.000000,0.000000,0.000000,above_band_high
2026-08-04T11:22:00Z,95.6191,0.000000,0.000000,0.000000,above_band_high
2026-08-04T11:23:00Z,95.6405,0.000000,0.000000,0.000000,above_band_high
2026-08-04T11:24:00Z,95.6542,0.000000,0.000000,0.000000,above_band_high
2026-08-04T11:25:00Z,95.6451,0.000000,0.000000,0.000000,above_band_high
2026-08-04T11:26:00Z,95.6130,0.000000,0.000000,0.000000,above_band_high
2026-08-04T11:27:00Z,95.5947,0.000000,0.000000,0.000000,above_band_high
2026-08-04T11:28:00Z,95.6329,0.000000,0.000000,0.000000,above_band_high
2026-08-04T11:29:00Z,95.6359,0.000000,0.000000,0.000000,above_band_high
2026-08-04T11:30:00Z,95.6588,0.000000,0.000000,0.000000,above_band_high
2026-08-04T11:31:00Z,95.6466,0.000000,0.000000,0.000000,above_band_high
2026-08-04T11:32:00Z,95.6405,0.000000,0.000000,0.000000,above_band_high
2026-08-04T11:33:00Z,95.6771,0.000000,0.000000,0.000000,above_band_high
2026-08-04T11:34:00Z,95.6558,0.000000,0.000000,0.000000,above_band_high
2026-08-04T11:35:00Z,95.6695,0.000000,0.000000,0.000000,above_band_high
2026-08-04T11:36:00Z,95.6558,0.000000,0.000000,0.000000,above_band_high
2026-08-04T11:37:00Z,95.6634,0.000000,0.000000,0.000000,above_band_high
2026-08-04T11:38:00Z,95.6695,0.000000,0.000000,0.000000,above_band_high
2026-08-04T11:39:00Z,95.6878,0.000000,0.000000,0.000000,above_band_high
2026-08-04T11:40:00Z,95.6817,0.000000,0.000000,0.000000,above_band_high
2026-08-04T11:41:00Z,95.6878,0.000000,0.000000,0.000000,above_band_high
2026-08-04T11:42:00Z,95.6771,0.000000,0.000000,0.000000,above_band_high
2026-08-04T11:43:00Z,95.7015,0.000000,0.000000,0.000000,above_band_high
2026-08-04T11:44:00Z,95.6695,0.000000,0.000000,0.000000,above_band_high
2026-08-04T11:45:00Z,95.7321,0.000000,0.000000,0.000000,above_band_high
2026-08-04T11:46:00Z,95.7153,0.000000,0.000000,0.000000,above_band_high
2026-08-04T11:47:00Z,95.7229,0.000000,0.000000,0.000000,above_band_high
2026-08-04T11:48:00Z,95.7336,0.000000,0.000000,0.000000,above_band_high
2026-08-04T11:49:00Z,95.7427,0.000000,0.000000,0.000000,above_band_high
2026-08-04T11:50:00Z,95.7275,0.000000,0.000000,0.000000,above_band_high
2026-08-04T11:51:00Z,95.7733,0.000000,0.000000,0.000000,above_band_high
2026-08-04T11:52:00Z,95.7458,0.000000,0.000000,0.000000,above_band_high
2026-08-04T11:53:00Z,95.7458,0.000000,0.000000,0.000000,above_band_high
2026-08-04T11:54:00Z,95.7412,0.000000,0.000000,0.000000,above_band_high
2026-08-04T11:55:00Z,95.7549,0.000000,0.000000,0.000000,above_band_high
2026-08-04T11:56:00Z,95.7733,0.000000,0.000000,0.000000,above_band_high
2026-08-04T11:57:00Z,95.7321,0.000000,0.000000,0.000000,above_band_high
2026-08-04T11:58:00Z,95.7412,0.000000,0.000000,0.000000,above_band_high
2026-08-04T11:59:00Z,95.7183,0.000000,0.000000,0.000000,above_band_high
2026-08-04T12:00:00Z,95.6954,0.000000,0.000000,0.000000,above_band_high
2026-08-04T12:01:00Z,95.7229,0.000000,0.000000,0.000000,above_band_high
2026-08-04T12:02:00Z,95.6909,0.000000,0.000000,0.000000,above_band_high
2026-08-04T12:03:00Z,95.7366,0.000000,0.000000,0.000000,above_band_high
2026-08-04T12:04:00Z,95.7107,0.000000,0.000000,0.000000,above_band_high
2026-08-04T12:05:00Z,95.7290,0.000000,0.000000,0.000000,above_band_high
2026-08-04T12:06:00Z,95.7153,0.000000,0.000000,0.000000,above_band_high
2026-08-04T12:07:00Z,95.7015,0.000000,0.000000,0.000000,above_band_high
2026-08-04T12:08:00Z,95.7015,0.000000,0.000000,0.000000,above_band_high
2026-08-04T12:09:00Z,95.6832,0.000000,0.000000,0.000000,above_band_high
2026-08-04T12:10:00Z,95.6512,0.000000,0.000000,0.000000,above_band_high
2026-08-04T12:11:00Z,95.6680,0.000000,0.000000,0.000000,above_band_high
2026-08-04T12:12:00Z,95.6588,0.000000,0.000000,0.000000,above_band_high
2026-08-04T12:13:00Z,95.6497,0.000000,0.000000,0.000000,above_band_high
2026-08-04T12:14:00Z,95.6878,0.000000,0.000000,0.000000,above_band_high
2026-08-04T12:15:00Z,95.6329,0.000000,0.000000,0.000000,above_band_high
2026-08-04T12:16:00Z,95.6329,0.000000,0.000000,0.000000,above_band_high
2026-08-04T12:17:00Z,95.6497,0.000000,0.000000,0.000000,above_band_high
2026-08-04T12:18:00Z,95.6420,0.000000,0.000000,0.000000,above_band_high
2026-08-04T12:19:00Z,95.6634,0.000000,0.000000,0.000000,above_band_high
2026-08-04T12:20:00Z,95.6420,0.000000,0.000000,0.000000,above_band_high
2026-08-04T12:21:00Z,95.6374,0.000000,0.000000,0.000000,above_band_high
2026-08-04T12:22:00Z,95.6451,0.000000,0.000000,0.000000,above_band_high
2026-08-04T12:23:00Z,95.6420,0.000000,0.000000,0.000000,above_band_high
2026-08-04T12:24:00Z,95.6313,0.000000,0.000000,0.000000,above_band_high
2026-08-04T12:25:00Z,95.6451,0.000000,0.000000,0.000000,above_band_high
2026-08-04T12:26:00Z,95.6313,0.000000,0.000000,0.000000,above_band_high
2026-08-04T12:27:00Z,95.6237,0.000000,0.000000,0.000000,above_band_high
2026-08-04T12:28:00Z,95.6313,0.000000,0.000000,0.000000,above_band_high
2026-08-04T12:29:00Z,95.5871,0.000000,0.000000,0.000000,above_band_high
2026-08-04T12:30:00Z,95.6237,0.000000,0.000000,0.000000,above_band_high
2026-08-04T12:31:00Z,95.6222,0.000000,0.000000,0.000000,above_band_high
2026-08-04T12:32:00Z,95.6451,0.000000,0.000000,0.000000,above_band_high
2026-08-04T12:33:00Z,95.6237,0.000000,0.000000,0.000000,above_band_high
2026-08-04T12:34:00Z,95.6329,0.000000,0.000000,0.000000,above_band_high
2026-08-04T12:35:00Z,95.6146,0.000000,0.000000,0.000000,above_band_high
2026-08-04T12:36:00Z,95.6512,0.000000,0.000000,0.000000,above_band_high
2026-08-04T12:37:00Z,95.6283,0.000000,0.000000,0.000000,above_band_high
2026-08-04T12:38:00Z,95.6680,0.000000,0.000000,0.000000,above_band_high
2026-08-04T12:39:00Z,95.6313,0.000000,0.000000,0.000000,above_band_high
2026-08-04T12:40:00Z,95.6497,0.000000,0.000000,0.000000,above_band_high
2026-08-04T12:41:00Z,95.6603,0.000000,0.000000,0.000000,above_band_high
2026-08-04T12:42:00Z,95.6313,0.000000,0.000000,0.000000,above_band_high
2026-08-04T12:43:00Z,95.6146,0.000000,0.000000,0.000000,above_band_high
2026-08-04T12:44:00Z,95.6313,0.000000,0.000000,0.000000,above_band_high
2026-08-04T12:45:00Z,95.6405,0.000000,0.000000,0.000000,above_band_high
2026-08-04T12:46:00Z,95.5993,0.000000,0.000000,0.000000,above_band_high
2026-08-04T12:47:00Z,95.6313,0.000000,0.000000,0.000000,above_band_high
2026-08-04T12:48:00Z,95.6405,0.000000,0.000000,0.000000,above_band_high
2026-08-04T12:49:00Z,95.6222,0.000000,0.000000,0.000000,above_band_high
2026-08-04T12:50:00Z,95.6054,0.000000,0.000000,0.000000,above_band_high
2026-08-04T12:51:00Z,95.6100,0.000000,0.000000,0.000000,above_band_high
2026-08-04T12:52:00Z,95.6100,0.000000,0.000000,0.000000,above_band_high
2026-08-04T12:53:00Z,95.5764,0.000000,0.000000,0.000000,above_band_high
2026-08-04T12:54:00Z,95.6268,0.000000,0.000000,0.000000,above_band_high
2026-08-04T12:55:00Z,95.6146,0.000000,0.000000,0.000000,above_band_high
2026-08-04T12:56:00Z,95.6146,0.000000,0.000000,0.000000,above_band_high
2026-08-04T12:57:00Z,95.6039,0.000000,0.000000,0.000000,above_band_high
2026-08-04T12:58:00Z,95.6008,0.000000,0.000000,0.000000,above_band_high
2026-08-04T12:59:00Z,95.6283,0.000000,0.000000,0.000000,above_band_high
2026-08-04T13:00:00Z,95.6222,0.000000,0.000000,0.000000,above_band_high
2026-08-04T13:01:00Z,95.6130,0.000000,0.000000,0.000000,above_band_high
2026-08-04T13:02:00Z,95.5901,0.000000,0.000000,0.000000,above_band_high
2026-08-04T13:03:00Z,95.5825,0.000000,0.000000,0.000000,above_band_high
2026-08-04T13:04:00Z,95.6130,0.000000,0.000000,0.000000,above_band_high
2026-08-04T13:05:00Z,95.6008,0.000000,0.000000,0.000000,above_band_high
2026-08-04T13:06:00Z,95.6130,0.000000,0.000000,0.000000,above_band_high
2026-08-04T13:07:00Z,95.5901,0.000000,0.000000,0.000000,above_band_high
2026-08-04T13:08:00Z,95.6085,0.000000,0.000000,0.000000,above_band_high
2026-08-04T13:09:00Z,95.5901,0.000000,0.000000,0.000000,above_band_high
2026-08-04T13:10:00Z,95.5825,0.000000,0.000000,0.000000,above_band_high
2026-08-04T13:11:00Z,95.5764,0.000000,0.000000,0.000000,above_band_high
2026-08-04T13:12:00Z,95.6085,0.000000,0.000000,0.000000,above_band_high
2026-08-04T13:13:00Z,95.5673,0.000000,0.000000,0.000000,above_band_high
2026-08-04T13:14:00Z,95.6054,0.000000,0.000000,0.000000,above_band_high
2026-08-04T13:15:00Z,95.5871,0.000000,0.000000,0.000000,above_band_high
2026-08-04T13:16:00Z,95.5673,0.000000,0.000000,0.000000,above_band_high
2026-08-04T13:17:00Z,95.6008,0.000000,0.000000,0.000000,above_band_high
2026-08-04T13:18:00Z,95.5718,0.000000,0.000000,0.000000,above_band_high
2026-08-04T13:19:00Z,95.5596,0.000000,0.000000,0.000000,above_band_high
2026-08-04T13:20:00Z,95.5673,0.000000,0.000000,0.000000,above_band_high
2026-08-04T13:21:00Z,95.6008,0.000000,0.000000,0.000000,above_band_high
2026-08-04T13:22:00Z,95.6085,0.000000,0.000000,0.000000,above_band_high
2026-08-04T13:23:00Z,95.5947,0.000000,0.000000,0.000000,above_band_high
2026-08-04T13:24:00Z,95.5779,0.000000,0.000000,0.000000,above_band_high
2026-08-04T13:25:00Z,95.6146,0.000000,0.000000,0.000000,above_band_high
2026-08-04T13:26:00Z,95.5688,0.000000,0.000000,0.000000,above_band_high
2026-08-04T13:27:00Z,95.5596,0.000000,0.000000,0.000000,above_band_high
2026-08-04T13:28:00Z,95.5962,0.000000,0.000000,0.000000,above_band_high
2026-08-04T13:29:00Z,95.6130,0.000000,0.000000,0.000000,above_band_high
2026-08-04T13:30:00Z,95.5673,0.000000,0.000000,0.000000,above_band_high
2026-08-04T13:31:00Z,95.6054,0.000000,0.000000,0.000000,above_band_high
2026-08-04T13:32:00Z,95.6237,0.000000,0.000000,0.000000,above_band_high
2026-08-04T13:33:00Z,95.5718,0.000000,0.000000,0.000000,above_band_high
2026-08-04T13:34:00Z,95.5962,0.000000,0.000000,0.000000,above_band_high
2026-08-04T13:35:00Z,95.5856,0.000000,0.000000,0.000000,above_band_high
2026-08-04T13:36:00Z,95.5779,0.000000,0.000000,0.000000,above_band_high
2026-08-04T13:37:00Z,95.5993,0.000000,0.000000,0.000000,above_band_high
2026-08-04T13:38:00Z,95.6054,0.000000,0.000000,0.000000,above_band_high
2026-08-04T13:39:00Z,95.5856,0.000000,0.000000,0.000000,above_band_high
2026-08-04T13:40:00Z,95.6130,0.000000,0.000000,0.000000,above_band_high
2026-08-04T13:41:00Z,95.5962,0.000000,0.000000,0.000000,above_band_high
2026-08-04T13:42:00Z,95.6130,0.000000,0.000000,0.000000,above_band_high
2026-08-04T13:43:00Z,95.6054,0.000000,0.000000,0.000000,above_band_high
2026-08-04T13:44:00Z,95.6176,0.000000,0.000000,0.000000,above_band_high
2026-08-04T13:45:00Z,95.5962,0.000000,0.000000,0.000000,above_band_high
2026-08-04T13:46:00Z,95.5901,0.000000,0.000000,0.000000,above_band_high
2026-08-04T13:47:00Z,95.5993,0.000000,0.000000,0.000000,above_band_high
2026-08-04T13:48:00Z,95.5856,0.000000,0.000000,0.000000,above_band_high
2026-08-04T13:49:00Z,95.6191,0.000000,0.000000,0.000000,above_band_high
2026-08-04T13:50:00Z,95.5993,0.000000,0.000000,0.000000,above_band_high
2026-08-04T13:51:00Z,95.5993,0.000000,0.000000,0.000000,above_band_high
2026-08-04T13:52:00Z,95.5810,0.000000,0.000000,0.000000,above_band_high
2026-08-04T13:53:00Z,95.6237,0.000000,0.000000,0.000000,above_band_high
2026-08-04T13:54:00Z,95.5779,0.000000,0.000000,0.000000,above_band_high
2026-08-04T13:55:00Z,95.5810,0.000000,0.000000,0.000000,above_band_high
2026-08-04T13:56:00Z,95.6100,0.000000,0.000000,0.000000,above_band_high
2026-08-04T13:57:00Z,95.5917,0.000000,0.000000,0.000000,above_band_high
2026-08-04T13:58:00Z,95.5871,0.000000,0.000000,0.000000,above_band_high
2026-08-04T13:59:00Z,95.5764,0.000000,0.000000,0.000000,above_band_high
2026-08-04T14:00:00Z,95.5917,0.000000,0.000000,0.000000,above_band_high
2026-08-04T14:01:00Z,95.5642,0.000000,0.000000,0.000000,above_band_high
2026-08-04T14:02:00Z,95.5764,0.000000,0.000000,0.000000,above_band_high
2026-08-04T14:03:00Z,95.5627,0.000000,0.000000,0.000000,above_band_high
2026-08-04T14:04:00Z,95.5901,0.000000,0.000000,0.000000,above_band_high
2026-08-04T14:05:00Z,95.5642,0.000000,0.000000,0.000000,above_band_high
2026-08-04T14:06:00Z,95.5444,0.000000,0.000000,0.000000,above_band_high
2026-08-04T14:07:00Z,95.5581,0.000000,0.000000,0.000000,above_band_high
2026-08-04T14:08:00Z,95.5810,0.000000,0.000000,0.000000,above_band_high
2026-08-04T14:09:00Z,95.5489,0.000000,0.000000,0.000000,above_band_high
2026-08-04T14:10:00Z,95.5352,0.000000,0.000000,0.000000,above_band_high
2026-08-04T14:11:00Z,95.5825,0.000000,0.000000,0.000000,above_band_high
2026-08-04T14:12:00Z,95.5261,0.000000,0.000000,0.000000,above_band_high
2026-08-04T14:13:00Z,95.5352,0.000000,0.000000,0.000000,above_band_high
2026-08-04T14:14:00Z,95.5047,0.000000,0.000000,0.000000,above_band_high
2026-08-04T14:15:00Z,95.5444,0.000000,0.000000,0.000000,above_band_high
2026-08-04T14:16:00Z,95.5489,0.000000,0.000000,0.000000,above_band_high
2026-08-04T14:17:00Z,95.5535,0.000000,0.000000,0.000000,above_band_high
2026-08-04T14:18:00Z,95.5489,0.000000,0.000000,0.000000,above_band_high
2026-08-04T14:19:00Z,95.5306,0.000000,0.000000,0.000000,above_band_high
2026-08-04T14:20:00Z,95.5764,0.000000,0.000000,0.000000,above_band_high
2026-08-04T14:21:00Z,95.5459,0.000000,0.000000,0.000000,above_band_high
2026-08-04T14:22:00Z,95.5947,0.000000,0.000000,0.000000,above_band_high
2026-08-04T14:23:00Z,95.5627,0.000000,0.000000,0.000000,above_band_high
2026-08-04T14:24:00Z,95.5810,0.000000,0.000000,0.000000,above_band_high
2026-08-04T14:25:00Z,95.5764,0.000000,0.000000,0.000000,above_band_high
2026-08-04T14:26:00Z,95.6268,0.000000,0.000000,0.000000,above_band_high
2026-08-04T14:27:00Z,95.5917,0.000000,0.000000,0.000000,above_band_high
2026-08-04T14:28:00Z,95.6008,0.000000,0.000000,0.000000,above_band_high
2026-08-04T14:29:00Z,95.5825,0.000000,0.000000,0.000000,above_band_high
2026-08-04T14:30:00Z,95.6222,0.000000,0.000000,0.000000,above_band_high
2026-08-04T14:31:00Z,95.6237,0.000000,0.000000,0.000000,above_band_high
2026-08-04T14:32:00Z,95.6283,0.000000,0.000000,0.000000,above_band_high
2026-08-04T14:33:00Z,95.6405,0.000000,0.000000,0.000000,above_band_high
2026-08-04T14:34:00Z,95.6191,0.000000,0.000000,0.000000,above_band_high
2026-08-04T14:35:00Z,95.6451,0.000000,0.000000,0.000000,above_band_high
2026-08-04T14:36:00Z,95.6283,0.000000,0.000000,0.000000,above_band_high
2026-08-04T14:37:00Z,95.6176,0.000000,0.000000,0.000000,above_band_high
2026-08-04T14:38:00Z,95.6283,0.000000,0.000000,0.000000,above_band_high
2026-08-04T14:39:00Z,95.6374,0.000000,0.000000,0.000000,above_band_high
2026-08-04T14:40:00Z,95.6863,0.000000,0.000000,0.000000,above_band_high
2026-08-04T14:41:00Z,95.6588,0.000000,0.000000,0.000000,above_band_high
2026-08-04T14:42:00Z,95.6558,0.000000,0.000000,0.000000,above_band_high
2026-08-04T14:43:00Z,95.6420,0.000000,0.000000,0.000000,above_band_high
2026-08-04T14:44:00Z,95.6634,0.000000,0.000000,0.000000,above_band_high
2026-08-04T14:45:00Z,95.6878,0.000000,0.000000,0.000000,above_band_high
2026-08-04T14:46:00Z,95.6603,0.000000,0.000000,0.000000,above_band_high
2026-08-04T14:47:00Z,95.6497,0.000000,0.000000,0.000000,above_band_high
2026-08-04T14:48:00Z,95.6542,0.000000,0.000000,0.000000,above_band_high
2026-08-04T14:49:00Z,95.6924,0.000000,0.000000,0.000000,above_band_high
2026-08-04T14:50:00Z,95.6924,0.000000,0.000000,0.000000,above_band_high
2026-08-04T14:51:00Z,95.6832,0.000000,0.000000,0.000000,above_band_high
2026-08-04T14:52:00Z,95.6832,0.000000,0.000000,0.000000,above_band_high
2026-08-04T14:53:00Z,95.7321,0.000000,0.000000,0.000000,above_band_high
2026-08-04T14:54:00Z,95.6680,0.000000,0.000000,0.000000,above_band_high
2026-08-04T14:55:00Z,95.6786,0.000000,0.000000,0.000000,above_band_high
2026-08-04T14:56:00Z,95.6725,0.000000,0.000000,0.000000,above_band_high
2026-08-04T14:57:00Z,95.6558,0.000000,0.000000,0.000000,above_band_high
2026-08-04T14:58:00Z,95.6603,0.000000,0.000000,0.000000,above_band_high
2026-08-04T14:59:00Z,95.6603,0.000000,0.000000,0.000000,above_band_high
2026-08-04T15:00:00Z,95.6558,0.000000,0.000000,0.000000,above_band_high
2026-08-04T15:01:00Z,95.6329,0.000000,0.000000,0.000000,above_band_high
2026-08-04T15:02:00Z,95.6558,0.000000,0.000000,0.000000,above_band_high
2026-08-04T15:03:00Z,95.6237,0.000000,0.000000,0.000000,above_band_high
2026-08-04T15:04:00Z,95.6512,0.000000,0.000000,0.000000,above_band_high
2026-08-04T15:05:00Z,95.6146,0.000000,0.000000,0.000000,above_band_high
2026-08-04T15:06:00Z,95.6176,0.000000,0.000000,0.000000,above_band_high
2026-08-04T15:07:00Z,95.6313,0.000000,0.000000,0.000000,above_band_high
2026-08-04T15:08:00Z,95.5734,0.000000,0.000000,0.000000,above_band_high
2026-08-04T15:09:00Z,95.6146,0.000000,0.000000,0.000000,above_band_high
2026-08-04T15:10:00Z,95.5810,0.000000,0.000000,0.000000,above_band_high
2026-08-04T15:11:00Z,95.5276,0.000000,0.000000,0.000000,above_band_high
2026-08-04T15:12:00Z,95.5810,0.000000,0.000000,0.000000,above_band_high
2026-08-04T15:13:00Z,95.5779,0.000000,0.000000,0.000000,above_band_high
2026-08-04T15:14:00Z,95.5673,0.000000,0.000000,0.000000,above_band_high
2026-08-04T15:15:00Z,95.5535,0.000000,0.000000,0.000000,above_band_high
2026-08-04T15:16:00Z,95.5535,0.000000,0.000000,0.000000,above_band_high
2026-08-04T15:17:00Z,95.5535,0.000000,0.000000,0.000000,above_band_high
2026-08-04T15:18:00Z,95.5856,0.000000,0.000000,0.000000,above_band_high
2026-08-04T15:19:00Z,95.6054,0.000000,0.000000,0.000000,above_band_high
2026-08-04T15:20:00Z,95.5276,0.000000,0.000000,0.000000,above_band_high
2026-08-04T15:21:00Z,95.5810,0.000000,0.000000,0.000000,above_band_high
2026-08-04T15:22:00Z,95.5398,0.000000,0.000000,0.000000,above_band_high
2026-08-04T15:23:00Z,95.5138,0.000000,0.000000,0.000000,above_band_high
2026-08-04T15:24:00Z,95.4910,0.000000,0.000000,0.000000,above_band_high
2026-08-04T15:25:00Z,95.4910,0.000000,0.000000,0.000000,above_band_high
2026-08-04T15:26:00Z,95.5032,0.000000,0.000000,0.000000,above_band_high
2026-08-04T15:27:00Z,95.5047,0.000000,0.000000,0.000000,above_band_high
2026-08-04T15:28:00Z,95.4757,0.000000,0.000000,0.000000,above_band_high
2026-08-04T15:29:00Z,95.4482,0.000000,0.000000,0.000000,above_band_high
2026-08-04T15:30:00Z,95.4360,0.000000,0.000000,0.000000,above_band_high
2026-08-04T15:31:00Z,95.4314,0.000000,0.000000,0.000000,above_band_high
2026-08-04T15:32:00Z,95.4269,0.000000,0.000000,0.000000,above_band_high
2026-08-04T15:33:00Z,95.3933,0.000000,0.000000,0.000000,above_band_high
2026-08-04T15:34:00Z,95.3979,0.000000,0.000000,0.000000,above_band_high
2026-08-04T15:35:00Z,95.4070,0.000000,0.000000,0.000000,above_band_high
2026-08-04T15:36:00Z,95.3719,0.000000,0.000000,0.000000,above_band_high
2026-08-04T15:37:00Z,95.3582,0.000000,0.000000,0.000000,above_band_high
2026-08-04T15:38:00Z,95.3719,0.000000,0.000000,0.000000,above_band_high
2026-08-04T15:39:00Z,95.3338,0.000000,0.000000,0.000000,above_band_high
2026-08-04T15:40:00Z,95.3399,0.000000,0.000000,0.000000,above_band_high
2026-08-04T15:41:00Z,95.3246,0.000000,0.000000,0.000000,above_band_high
2026-08-04T15:42:00Z,95.3124,0.000000,0.000000,0.000000,above_band_high
2026-08-04T15:43:00Z,95.2972,0.000000,0.000000,0.000000,above_band_high
2026-08-04T15:44:00Z,95.2804,0.000000,0.000000,0.000000,above_band_high
2026-08-04T15:45:00Z,95.2804,0.000000,0.000000,0.000000,above_band_high
2026-08-04T15:46:00Z,95.2392,0.000000,0.000000,0.000000,above_band_high
2026-08-04T15:47:00Z,95.2300,0.000000,0.000000,0.000000,above_band_high
2026-08-04T15:48:00Z,95.2300,0.000000,0.000000,0.000000,above_band_high
2026-08-04T15:49:00Z,95.2438,0.000000,0.000000,0.000000,above_band_high
2026-08-04T15:50:00Z,95.2010,0.000000,0.000000,0.000000,above_band_high
2026-08-04T15:51:00Z,95.1751,0.000000,0.000000,0.000000,above_band_high
2026-08-04T15:52:00Z,95.1553,0.000000,0.000000,0.000000,above_band_high
2026-08-04T15:53:00Z,95.1751,0.000000,0.000000,0.000000,above_band_high
2026-08-04T15:54:00Z,95.1751,0.000000,0.000000,0.000000,above_band_high
2026-08-04T15:55:00Z,95.1003,0.000000,0.000000,0.000000,above_band_high
2026-08-04T15:56:00Z,95.1507,0.000000,0.000000,0.000000,above_band_high
2026-08-04T15:57:00Z,95.1339,0.000000,0.000000,0.000000,above_band_high
2026-08-04T15:58:00Z,95.1019,0.000000,0.000000,0.000000,above_band_high
2026-08-04T15:59:00Z,95.1019,0.000000,0.000000,0.000000,above_band_high
2026-08-04T16:00:00Z,95.0744,0.000000,0.000000,0.000000,above_band_high
2026-08-04T16:01:00Z,95.0378,0.000000,0.000000,0.000000,above_band_high
2026-08-04T16:02:00Z,95.0607,0.000000,0.000000,0.000000,above_band_high
2026-08-04T16:03:00Z,95.0881,0.000000,0.000000,0.000000,above_band_high
2026-08-04T16:04:00Z,95.0698,0.000000,0.000000,0.000000,above_band_high
2026-08-04T16:05:00Z,95.0607,0.000000,0.000000,0.000000,above_band_high
2026-08-04T16:06:00Z,95.0561,0.000000,0.000000,0.000000,above_band_high
2026-08-04T16:07:00Z,95.0607,0.000000,0.000000,0.000000,above_band_high
2026-08-04T16:08:00Z,95.0378,0.000000,0.000000,0.000000,above_band_high
2026-08-04T16:09:00Z,95.0378,0.000000,0.000000,0.000000,above_band_high
2026-08-04T16:10:00Z,95.0286,0.000000,0.000000,0.000000,above_band_high
2026-08-04T16:11:00Z,94.9905,0.000000,0.000000,0.000000,above_band_high
2026-08-04T16:12:00Z,94.9920,0.000000,0.000000,0.000000,above_band_high
2026-08-04T16:13:00Z,95.0103,0.000000,0.000000,0.000000,above_band_high
2026-08-04T16:14:00Z,94.9905,0.000000,0.000000,0.000000,above_band_high
2026-08-04T16:15:00Z,94.9584,0.000000,0.000000,0.000000,above_band_high
2026-08-04T16:16:00Z,95.0088,0.000000,0.000000,0.000000,above_band_high
2026-08-04T16:17:00Z,94.9813,0.000000,0.000000,0.000000,above_band_high
2026-08-04T16:18:00Z,94.9645,0.000000,0.000000,0.000000,above_band_high
2026-08-04T16:19:00Z,94.9645,0.000000,0.000000,0.000000,above_band_high
2026-08-04T16:20:00Z,95.0042,0.000000,0.000000,0.000000,above_band_high
2026-08-04T16:21:00Z,94.9599,0.000000,0.000000,0.000000,above_band_high
2026-08-04T16:22:00Z,94.9859,0.000000,0.000000,0.000000,above_band_high
2026-08-04T16:23:00Z,94.9645,0.000000,0.000000,0.000000,above_band_high
2026-08-04T16:24:00Z,95.0195,0.000000,0.000000,0.000000,above_band_high
2026-08-04T16:25:00Z,94.9599,0.000000,0.000000,0.000000,above_band_high
2026-08-04T16:26:00Z,94.9508,0.000000,0.000000,0.000000,above_band_high
2026-08-04T16:27:00Z,94.9920,0.000000,0.000000,0.000000,above_band_high
2026-08-04T16:28:00Z,94.9584,0.000000,0.000000,0.000000,above_band_high
2026-08-04T16:29:00Z,94.9813,0.000000,0.000000,0.000000,above_band_high
2026-08-04T16:30:00Z,95.0195,0.000000,0.000000,0.000000,above_band_high
2026-08-04T16:31:00Z,94.9722,0.000000,0.000000,0.000000,above_band_high
2026-08-04T16:32:00Z,95.0103,0.000000,0.000000,0.000000,above_band_high
2026-08-04T16:33:00Z,94.9859,0.000000,0.000000,0.000000,above_band_high
2026-08-04T16:34:00Z,94.9737,0.000000,0.000000,0.000000,above_band_high
2026-08-04T16:35:00Z,94.9783,0.000000,0.000000,0.000000,above_band_high
2026-08-04T16:36:00Z,94.9813,0.000000,0.000000,0.000000,above_band_high
2026-08-04T16:37:00Z,94.9905,0.000000,0.000000,0.000000,above_band_high
2026-08-04T16:38:00Z,95.0042,0.000000,0.000000,0.000000,above_band_high
2026-08-04T16:39:00Z,95.0378,0.000000,0.000000,0.000000,above_band_high
2026-08-04T16:40:00Z,95.0042,0.000000,0.000000,0.000000,above_band_high
2026-08-04T16:41:00Z,95.0286,0.000000,0.000000,0.000000,above_band_high
2026-08-04T16:42:00Z,94.9966,0.000000,0.000000,0.000000,above_band_high
2026-08-04T16:43:00Z,95.0225,0.000000,0.000000,0.000000,above_band_high
2026-08-04T16:44:00Z,95.0317,0.000000,0.000000,0.000000,above_band_high
2026-08-04T16:45:00Z,95.0454,0.000000,0.000000,0.000000,above_band_high
2026-08-04T16:46:00Z,95.0561,0.000000,0.000000,0.000000,above_band_high
2026-08-04T16:47:00Z,95.0362,0.000000,0.000000,0.000000,above_band_high
2026-08-04T16:48:00Z,95.0103,0.000000,0.000000,0.000000,above_band_high
2026-08-04T16:49:00Z,95.0652,0.000000,0.000000,0.000000,above_band_high
2026-08-04T16:50:00Z,94.9874,0.000000,0.000000,0.000000,above_band_high
2026-08-04T16:51:00Z,95.0332,0.000000,0.000000,0.000000,above_band_high
2026-08-04T16:52:00Z,95.0286,0.000000,0.000000,0.000000,above_band_high
2026-08-04T16:53:00Z,95.0332,0.000000,0.000000,0.000000,above_band_high
2026-08-04T16:54:00Z,95.0408,0.000000,0.000000,0.000000,above_band_high
2026-08-04T16:55:00Z,95.0408,0.000000,0.000000,0.000000,above_band_high
2026-08-04T16:56:00Z,95.0271,0.000000,0.000000,0.000000,above_band_high
2026-08-04T16:57:00Z,95.0088,0.000000,0.000000,0.000000,above_band_high
2026-08-04T16:58:00Z,95.0179,0.000000,0.000000,0.000000,above_band_high
2026-08-04T16:59:00Z,94.9828,0.000000,0.000000,0.000000,above_band_high
2026-08-04T17:00:00Z,94.9691,0.000000,0.000000,0.000000,above_band_high
2026-08-04T17:01:00Z,94.9950,0.000000,0.000000,0.000000,above_band_high
2026-08-04T17:02:00Z,94.9493,0.000000,0.000000,0.000000,above_band_high
2026-08-04T17:03:00Z,94.9493,0.000000,0.000000,0.000000,above_band_high
2026-08-04T17:04:00Z,94.9325,0.000000,0.000000,0.000000,above_band_high
2026-08-04T17:05:00Z,94.9447,0.000000,0.000000,0.000000,above_band_high
2026-08-04T17:06:00Z,94.9081,0.000000,0.000000,0.000000,above_band_high
2026-08-04T17:07:00Z,94.8989,0.000000,0.000000,0.000000,above_band_high
2026-08-04T17:08:00Z,94.8867,0.000000,0.000000,0.000000,above_band_high
2026-08-04T17:09:00Z,94.8760,0.000000,0.000000,0.000000,above_band_high
2026-08-04T17:10:00Z,94.8730,0.000000,0.000000,0.000000,above_band_high
2026-08-04T17:11:00Z,94.8898,0.000000,0.000000,0.000000,above_band_high
2026-08-04T17:12:00Z,94.8730,0.000000,0.000000,0.000000,above_band_high
2026-08-04T17:13:00Z,94.9004,0.000000,0.000000,0.000000,above_band_high
2026-08-04T17:14:00Z,94.8775,0.000000,0.000000,0.000000,above_band_high
2026-08-04T17:15:00Z,94.9187,0.000000,0.000000,0.000000,above_band_high
2026-08-04T17:16:00Z,94.9081,0.000000,0.000000,0.000000,above_band_high
2026-08-04T17:17:00Z,94.9050,0.000000,0.000000,0.000000,above_band_high
2026-08-04T17:18:00Z,94.9401,0.000000,0.000000,0.000000,above_band_high
2026-08-04T17:19:00Z,94.9355,0.000000,0.000000,0.000000,above_band_high
2026-08-04T17:20:00Z,94.9447,0.000000,0.000000,0.000000,above_band_high
2026-08-04T17:21:00Z,94.9722,0.000000,0.000000,0.000000,above_band_high
2026-08-04T17:22:00Z,94.9737,0.000000,0.000000,0.000000,above_band_high
2026-08-04T17:23:00Z,94.9783,0.000000,0.000000,0.000000,above_band_high
2026-08-04T17:24:00Z,94.9920,0.000000,0.000000,0.000000,above_band_high
2026-08-04T17:25:00Z,94.9859,0.000000,0.000000,0.000000,above_band_high
2026-08-04T17:26:00Z,95.0134,0.000000,0.000000,0.000000,above_band_high
2026-08-04T17:27:00Z,95.0240,0.000000,0.000000,0.000000,above_band_high
2026-08-04T17:28:00Z,95.0286,0.000000,0.000000,0.000000,above_band_high
2026-08-04T17:29:00Z,95.0362,0.000000,0.000000,0.000000,above_band_high
2026-08-04T17:30:00Z,95.0591,0.000000,0.000000,0.000000,above_band_high
2026-08-04T17:31:00Z,95.0317,0.000000,0.000000,0.000000,above_band_high
2026-08-04T17:32:00Z,95.0698,0.000000,0.000000,0.000000,above_band_high
2026-08-04T17:33:00Z,95.0378,0.000000,0.000000,0.000000,above_band_high
2026-08-04T17:34:00Z,95.0088,0.000000,0.000000,0.000000,above_band_high
2026-08-04T17:35:00Z,95.0469,0.000000,0.000000,0.000000,above_band_high
2026-08-04T17:36:00Z,95.0637,0.000000,0.000000,0.000000,above_band_high
2026-08-04T17:37:00Z,95.0332,0.000000,0.000000,0.000000,above_band_high
2026-08-04T17:38:00Z,95.0591,0.000000,0.000000,0.000000,above_band_high
2026-08-04T17:39:00Z,95.0515,0.000000,0.000000,0.000000,above_band_high
2026-08-04T17:40:00Z,95.0927,0.000000,0.000000,0.000000,above_band_high
2026-08-04T17:41:00Z,95.0912,0.000000,0.000000,0.000000,above_band_high
2026-08-04T17:42:00Z,95.0790,0.000000,0.000000,0.000000,above_band_high
2026-08-04T17:43:00Z,95.1019,0.000000,0.000000,0.000000,above_band_high
2026-08-04T17:44:00Z,95.1202,0.000000,0.000000,0.000000,above_band_high
2026-08-04T17:45:00Z,95.1110,0.000000,0.000000,0.000000,above_band_high
2026-08-04T17:46:00Z,95.1369,0.000000,0.000000,0.000000,above_band_high
2026-08-04T17:47:00Z,95.1202,0.000000,0.000000,0.000000,above_band_high
2026-08-04T17:48:00Z,95.1232,0.000000,0.000000,0.000000,above_band_high
2026-08-04T17:49:00Z,95.1019,0.000000,0.000000,0.000000,above_band_high
2026-08-04T17:50:00Z,95.1247,0.000000,0.000000,0.000000,above_band_high
2026-08-04T17:51:00Z,95.1202,0.000000,0.000000,0.000000,above_band_high
2026-08-04T17:52:00Z,95.1934,0.000000,0.000000,0.000000,above_band_high
2026-08-04T17:53:00Z,95.1507,0.000000,0.000000,0.000000,above_band_high
2026-08-04T17:54:00Z,95.1431,0.000000,0.000000,0.000000,above_band_high
2026-08-04T17:55:00Z,95.1507,0.000000,0.000000,0.000000,above_band_high
2026-08-04T17:56:00Z,95.1476,0.000000,0.000000,0.000000,above_band_high
2026-08-04T17:57:00Z,95.1553,0.000000,0.000000,0.000000,above_band_high
2026-08-04T17:58:00Z,95.1965,0.000000,0.000000,0.000000,above_band_high
2026-08-04T17:59:00Z,95.2056,0.000000,0.000000,0.000000,above_band_high
2026-08-04T18:00:00Z,95.1934,0.000000,0.000000,0.000000,above_band_high
2026-08-04T18:01:00Z,95.1751,0.000000,0.000000,0.000000,above_band_high
2026-08-04T18:02:00Z,95.1873,0.000000,0.000000,0.000000,above_band_high
2026-08-04T18:03:00Z,95.2056,0.000000,0.000000,0.000000,above_band_high
2026-08-04T18:04:00Z,95.1614,0.000000,0.000000,0.000000,above_band_high
2026-08-04T18:05:00Z,95.1934,0.000000,0.000000,0.000000,above_band_high
2026-08-04T18:06:00Z,95.1507,0.000000,0.000000,0.000000,above_band_high
2026-08-04T18:07:00Z,95.1568,0.000000,0.000000,0.000000,above_band_high
2026-08-04T18:08:00Z,95.1476,0.000000,0.000000,0.000000,above_band_high
2026-08-04T18:09:00Z,95.1476,0.000000,0.000000,0.000000,above_band_high
2026-08-04T18:10:00Z,95.1598,0.000000,0.000000,0.000000,above_band_high
2026-08-04T18:11:00Z,95.1873,0.000000,0.000000,0.000000,above_band_high
2026-08-04T18:12:00Z,95.1690,0.000000,0.000000,0.000000,above_band_high
2026-08-04T18:13:00Z,95.1980,0.000000,0.000000,0.000000,above_band_high
2026-08-04T18:14:00Z,95.1705,0.000000,0.000000,0.000000,above_band_high
2026-08-04T18:15:00Z,95.1476,0.000000,0.000000,0.000000,above_band_high
2026-08-04T18:16:00Z,95.1690,0.000000,0.000000,0.000000,above_band_high
2026-08-04T18:17:00Z,95.1690,0.000000,0.000000,0.000000,above_band_high
2026-08-04T18:18:00Z,95.1980,0.000000,0.000000,0.000000,above_band_high
2026-08-04T18:19:00Z,95.1705,0.000000,0.000000,0.000000,above_band_high
2026-08-04T18:20:00Z,95.1476,0.000000,0.000000,0.000000,above_band_high
2026-08-04T18:21:00Z,95.1644,0.000000,0.000000,0.000000,above_band_high
2026-08-04T18:22:00Z,95.1751,0.000000,0.000000,0.000000,above_band_high
2026-08-04T18:23:00Z,95.1843,0.000000,0.000000,0.000000,above_band_high
2026-08-04T18:24:00Z,95.1888,0.000000,0.000000,0.000000,above_band_high
2026-08-04T18:25:00Z,95.1919,0.000000,0.000000,0.000000,above_band_high
2026-08-04T18:26:00Z,95.2056,0.000000,0.000000,0.000000,above_band_high
2026-08-04T18:27:00Z,95.1431,0.000000,0.000000,0.000000,above_band_high
2026-08-04T18:28:00Z,95.1598,0.000000,0.000000,0.000000,above_band_high
2026-08-04T18:29:00Z,95.1827,0.000000,0.000000,0.000000,above_band_high
2026-08-04T18:30:00Z,95.1476,0.000000,0.000000,0.000000,above_band_high
2026-08-04T18:31:00Z,95.1827,0.000000,0.000000,0.000000,above_band_high
2026-08-04T18:32:00Z,95.2056,0.000000,0.000000,0.000000,above_band_high
2026-08-04T18:33:00Z,95.2163,0.000000,0.000000,0.000000,above_band_high
2026-08-04T18:34:00Z,95.1873,0.000000,0.000000,0.000000,above_band_high
2026-08-04T18:35:00Z,95.1980,0.000000,0.000000,0.000000,above_band_high
2026-08-04T18:36:00Z,95.1751,0.000000,0.000000,0.000000,above_band_high
2026-08-04T18:37:00Z,95.2026,0.000000,0.000000,0.000000,above_band_high
2026-08-04T18:38:00Z,95.1705,0.000000,0.000000,0.000000,above_band_high
2026-08-04T18:39:00Z,95.1568,0.000000,0.000000,0.000000,above_band_high
2026-08-04T18:40:00Z,95.1919,0.000000,0.000000,0.000000,above_band_high
2026-08-04T18:41:00Z,95.2331,0.000000,0.000000,0.000000,above_band_high
2026-08-04T18:42:00Z,95.2377,0.000000,0.000000,0.000000,above_band_high
2026-08-04T18:43:00Z,95.2209,0.000000,0.000000,0.000000,above_band_high
2026-08-04T18:44:00Z,95.2026,0.000000,0.000000,0.000000,above_band_high
2026-08-04T18:45:00Z,95.2209,0.000000,0.000000,0.000000,above_band_high
2026-08-04T18:46:00Z,95.2163,0.000000,0.000000,0.000000,above_band_high
2026-08-04T18:47:00Z,95.2102,0.000000,0.000000,0.000000,above_band_high
2026-08-04T18:48:00Z,95.1705,0.000000,0.000000,0.000000,above_band_high
2026-08-04T18:49:00Z,95.1659,0.000000,0.000000,0.000000,above_band_high
2026-08-04T18:50:00Z,95.2026,0.000000,0.000000,0.000000,above_band_high
2026-08-04T18:51:00Z,95.1965,0.000000,0.000000,0.000000,above_band_high
2026-08-04T18:52:00Z,95.1919,0.000000,0.000000,0.000000,above_band_high
2026-08-04T18:53:00Z,95.2026,0.000000,0.000000,0.000000,above_band_high
2026-08-04T18:54:00Z,95.2193,0.000000,0.000000,0.000000,above_band_high
2026-08-04T18:55:00Z,95.1965,0.000000,0.000000,0.000000,above_band_high
2026-08-04T18:56:00Z,95.2102,0.000000,0.000000,0.000000,above_band_high
2026-08-04T18:57:00Z,95.2102,0.000000,0.000000,0.000000,above_band_high
2026-08-04T18:58:00Z,95.2148,0.000000,0.000000,0.000000,above_band_high
2026-08-04T18:59:00Z,95.2346,0.000000,0.000000,0.000000,above_band_high
2026-08-04T19:00:00Z,95.2422,0.000000,0.000000,0.000000,above_band_high
2026-08-04T19:01:00Z,95.2255,0.000000,0.000000,0.000000,above_band_high
2026-08-04T19:02:00Z,95.2346,0.000000,0.000000,0.000000,above_band_high
2026-08-04T19:03:00Z,95.2346,0.000000,0.000000,0.000000,above_band_high
2026-08-04T19:04:00Z,95.2300,0.000000,0.000000,0.000000,above_band_high
2026-08-04T19:05:00Z,95.2514,0.000000,0.000000,0.000000,above_band_high
2026-08-04T19:06:00Z,95.2071,0.000000,0.000000,0.000000,above_band_high
2026-08-04T19:07:00Z,95.1736,0.000000,0.000000,0.000000,above_band_high
2026-08-04T19:08:00Z,95.2010,0.000000,0.000000,0.000000,above_band_high
2026-08-04T19:09:00Z,95.1965,0.000000,0.000000,0.000000,above_band_high
2026-08-04T19:10:00Z,95.1659,0.000000,0.000000,0.000000,above_band_high
2026-08-04T19:11:00Z,95.1934,0.000000,0.000000,0.000000,above_band_high
2026-08-04T19:12:00Z,95.2010,0.000000,0.000000,0.000000,above_band_high
2026-08-04T19:13:00Z,95.1553,0.000000,0.000000,0.000000,above_band_high
2026-08-04T19:14:00Z,95.1797,0.000000,0.000000,0.000000,above_band_high
2026-08-04T19:15:00Z,95.1553,0.000000,0.000000,0.000000,above_band_high
2026-08-04T19:16:00Z,95.2010,0.000000,0.000000,0.000000,above_band_high
2026-08-04T19:17:00Z,95.1827,0.000000,0.000000,0.000000,above_band_high
2026-08-04T19:18:00Z,95.1690,0.000000,0.000000,0.000000,above_band_high
2026-08-04T19:19:00Z,95.2071,0.000000,0.000000,0.000000,above_band_high
2026-08-04T19:20:00Z,95.1827,0.000000,0.000000,0.000000,above_band_high
2026-08-04T19:21:00Z,95.1614,0.000000,0.000000,0.000000,above_band_high
2026-08-04T19:22:00Z,95.1598,0.000000,0.000000,0.000000,above_band_high
2026-08-04T19:23:00Z,95.1888,0.000000,0.000000,0.000000,above_band_high
2026-08-04T19:24:00Z,95.1888,0.000000,0.000000,0.000000,above_band_high
2026-08-04T19:25:00Z,95.1888,0.000000,0.000000,0.000000,above_band_high
2026-08-04T19:26:00Z,95.1644,0.000000,0.000000,0.000000,above_band_high
2026-08-04T19:27:00Z,95.1965,0.000000,0.000000,0.000000,above_band_high
2026-08-04T19:28:00Z,95.1781,0.000000,0.000000,0.000000,above_band_high
2026-08-04T19:29:00Z,95.2148,0.000000,0.000000,0.000000,above_band_high
2026-08-04T19:30:00Z,95.1598,0.000000,0.000000,0.000000,above_band_high
2026-08-04T19:31:00Z,95.2209,0.000000,0.000000,0.000000,above_band_high
2026-08-04T19:32:00Z,95.1781,0.000000,0.000000,0.000000,above_band_high
2026-08-04T19:33:00Z,95.1873,0.000000,0.000000,0.000000,above_band_high
2026-08-04T19:34:00Z,95.1751,0.000000,0.000000,0.000000,above_band_high
2026-08-04T19:35:00Z,95.1873,0.000000,0.000000,0.000000,above_band_high
2026-08-04T19:36:00Z,95.1705,0.000000,0.000000,0.000000,above_band_high
2026-08-04T19:37:00Z,95.2377,0.000000,0.000000,0.000000,above_band_high
2026-08-04T19:38:00Z,95.2422,0.000000,0.000000,0.000000,above_band_high
2026-08-04T19:39:00Z,95.2438,0.000000,0.000000,0.000000,above_band_high
2026-08-04T19:40:00Z,95.2377,0.000000,0.000000,0.000000,above_band_high
2026-08-04T19:41:00Z,95.2239,0.000000,0.000000,0.000000,above_band_high
2026-08-04T19:42:00Z,95.2239,0.000000,0.000000,0.000000,above_band_high
2026-08-04T19:43:00Z,95.2514,0.000000,0.000000,0.000000,above_band_high
2026-08-04T19:44:00Z,95.2377,0.000000,0.000000,0.000000,above_band_high
2026-08-04T19:45:00Z,95.2712,0.000000,0.000000,0.000000,above_band_high
2026-08-04T19:46:00Z,95.2392,0.000000,0.000000,0.000000,above_band_high
2026-08-04T19:47:00Z,95.2621,0.000000,0.000000,0.000000,above_band_high
2026-08-04T19:48:00Z,95.2621,0.000000,0.000000,0.000000,above_band_high
2026-08-04T19:49:00Z,95.2529,0.000000,0.000000,0.000000,above_band_high
2026-08-04T19:50:00Z,95.2651,0.000000,0.000000,0.000000,above_band_high
2026-08-04T19:51:00Z,95.2972,0.000000,0.000000,0.000000,above_band_high
2026-08-04T19:52:00Z,95.2392,0.000000,0.000000,0.000000,above_band_high
2026-08-04T19:53:00Z,95.2651,0.000000,0.000000,0.000000,above_band_high
2026-08-04T19:54:00Z,95.2697,0.000000,0.000000,0.000000,above_band_high
2026-08-04T19:55:00Z,95.3079,0.000000,0.000000,0.000000,above_band_high
2026-08-04T19:56:00Z,95.2789,0.000000,0.000000,0.000000,above_band_high
2026-08-04T19:57:00Z,95.2789,0.000000,0.000000,0.000000,above_band_high
2026-08-04T19:58:00Z,95.2895,0.000000,0.000000,0.000000,above_band_high
2026-08-04T19:59:00Z,95.2804,0.000000,0.000000,0.000000,above_band_high
2026-08-04T20:00:00Z,95.2789,0.000000,0.000000,0.000000,above_band_high
2026-08-04T20:01:00Z,95.2209,0.000000,0.000000,0.000000,above_band_high
2026-08-04T20:02:00Z,95.2529,0.000000,0.000000,0.000000,above_band_high
2026-08-04T20:03:00Z,95.2789,0.000000,0.000000,0.000000,above_band_high
2026-08-04T20:04:00Z,95.2514,0.000000,0.000000,0.000000,above_band_high
2026-08-04T20:05:00Z,95.2605,0.000000,0.000000,0.000000,above_band_high
2026-08-04T20:06:00Z,95.2789,0.000000,0.000000,0.000000,above_band_high
2026-08-04T20:07:00Z,95.2560,0.000000,0.000000,0.000000,above_band_high
2026-08-04T20:08:00Z,95.2560,0.000000,0.000000,0.000000,above_band_high
2026-08-04T20:09:00Z,95.2377,0.000000,0.000000,0.000000,above_band_high
2026-08-04T20:10:00Z,95.2377,0.000000,0.000000,0.000000,above_band_high
2026-08-04T20:11:00Z,95.2148,0.000000,0.000000,0.000000,above_band_high
2026-08-04T20:12:00Z,95.2148,0.000000,0.000000,0.000000,above_band_high
2026-08-04T20:13:00Z,95.1934,0.000000,0.000000,0.000000,above_band_high
2026-08-04T20:14:00Z,95.2377,0.000000,0.000000,0.000000,above_band_high
2026-08-04T20:15:00Z,95.2117,0.000000,0.000000,0.000000,above_band_high
2026-08-04T20:16:00Z,95.2422,0.000000,0.000000,0.000000,above_band_high
2026-08-04T20:17:00Z,95.2331,0.000000,0.000000,0.000000,above_band_high
2026-08-04T20:18:00Z,95.1690,0.000000,0.000000,0.000000,above_band_high
2026-08-04T20:19:00Z,95.1934,0.000000,0.000000,0.000000,above_band_high
2026-08-04T20:20:00Z,95.2193,0.000000,0.000000,0.000000,above_band_high
2026-08-04T20:21:00Z,95.1690,0.000000,0.000000,0.000000,above_band_high
2026-08-04T20:22:00Z,95.2193,0.000000,0.000000,0.000000,above_band_high
2026-08-04T20:23:00Z,95.2346,0.000000,0.000000,0.000000,above_band_high
2026-08-04T20:24:00Z,95.1781,0.000000,0.000000,0.000000,above_band_high
2026-08-04T20:25:00Z,95.1614,0.000000,0.000000,0.000000,above_band_high
2026-08-04T20:26:00Z,95.2209,0.000000,0.000000,0.000000,above_band_high
2026-08-04T20:27:00Z,95.1888,0.000000,0.000000,0.000000,above_band_high
2026-08-04T20:28:00Z,95.1690,0.000000,0.000000,0.000000,above_band_high
2026-08-04T20:29:00Z,95.1751,0.000000,0.000000,0.000000,above_band_high
2026-08-04T20:30:00Z,95.1873,0.000000,0.000000,0.000000,above_band_high
2026-08-04T20:31:00Z,95.1659,0.000000,0.000000,0.000000,above_band_high
2026-08-04T20:32:00Z,95.2026,0.000000,0.000000,0.000000,above_band_high
2026-08-04T20:33:00Z,95.2026,0.000000,0.000000,0.000000,above_band_high
2026-08-04T20:34:00Z,95.1934,0.000000,0.000000,0.000000,above_band_high
2026-08-04T20:35:00Z,95.2056,0.000000,0.000000,0.000000,above_band_high
2026-08-04T20:36:00Z,95.2056,0.000000,0.000000,0.000000,above_band_high
2026-08-04T20:37:00Z,95.1644,0.000000,0.000000,0.000000,above_band_high
2026-08-04T20:38:00Z,95.1659,0.000000,0.000000,0.000000,above_band_high
2026-08-04T20:39:00Z,95.2056,0.000000,0.000000,0.000000,above_band_high
2026-08-04T20:40:00Z,95.2026,0.000000,0.000000,0.000000,above_band_high
2026-08-04T20:41:00Z,95.1705,0.000000,0.000000,0.000000,above_band_high
2026-08-04T20:42:00Z,95.2209,0.000000,0.000000,0.000000,above_band_high
2026-08-04T20:43:00Z,95.2163,0.000000,0.000000,0.000000,above_band_high
2026-08-04T20:44:00Z,95.2148,0.000000,0.000000,0.000000,above_band_high
2026-08-04T20:45:00Z,95.2209,0.000000,0.000000,0.000000,above_band_high
2026-08-04T20:46:00Z,95.2209,0.000000,0.000000,0.000000,above_band_high
2026-08-04T20:47:00Z,95.2209,0.000000,0.000000,0.000000,above_band_high
2026-08-04T20:48:00Z,95.2148,0.000000,0.000000,0.000000,above_band_high
2026-08-04T20:49:00Z,95.2422,0.000000,0.000000,0.000000,above_band_high
2026-08-04T20:50:00Z,95.2529,0.000000,0.000000,0.000000,above_band_high
2026-08-04T20:51:00Z,95.2743,0.000000,0.000000,0.000000,above_band_high
2026-08-04T20:52:00Z,95.2346,0.000000,0.000000,0.000000,above_band_high
2026-08-04T20:53:00Z,95.2605,0.000000,0.000000,0.000000,above_band_high
2026-08-04T20:54:00Z,95.2483,0.000000,0.000000,0.000000,above_band_high
2026-08-04T20:55:00Z,95.2468,0.000000,0.000000,0.000000,above_band_high
2026-08-04T20:56:00Z,95.2926,0.000000,0.000000,0.000000,above_band_high
2026-08-04T20:57:00Z,95.2468,0.000000,0.000000,0.000000,above_band_high
2026-08-04T20:58:00Z,95.3292,0.000000,0.000000,0.000000,above_band_high
2026-08-04T20:59:00Z,95.2850,0.000000,0.000000,0.000000,above_band_high
2026-08-04T21:00:00Z,95.3124,0.000000,0.000000,0.000000,above_band_high
2026-08-04T21:01:00Z,95.3124,0.000000,0.000000,0.000000,above_band_high
2026-08-04T21:02:00Z,95.3216,0.000000,0.000000,0.000000,above_band_high
2026-08-04T21:03:00Z,95.3079,0.000000,0.000000,0.000000,above_band_high
2026-08-04T21:04:00Z,95.3155,0.000000,0.000000,0.000000,above_band_high
2026-08-04T21:05:00Z,95.3384,0.000000,0.000000,0.000000,above_band_high
2026-08-04T21:06:00Z,95.3292,0.000000,0.000000,0.000000,above_band_high
2026-08-04T21:07:00Z,95.3475,0.000000,0.000000,0.000000,above_band_high
2026-08-04T21:08:00Z,95.3109,0.000000,0.000000,0.000000,above_band_high
2026-08-04T21:09:00Z,95.3292,0.000000,0.000000,0.000000,above_band_high
2026-08-04T21:10:00Z,95.3307,0.000000,0.000000,0.000000,above_band_high
2026-08-04T21:11:00Z,95.3429,0.000000,0.000000,0.000000,above_band_high
2026-08-04T21:12:00Z,95.3353,0.000000,0.000000,0.000000,above_band_high
2026-08-04T21:13:00Z,95.3399,0.000000,0.000000,0.000000,above_band_high
2026-08-04T21:14:00Z,95.3429,0.000000,0.000000,0.000000,above_band_high
2026-08-04T21:15:00Z,95.3307,0.000000,0.000000,0.000000,above_band_high
2026-08-04T21:16:00Z,95.3399,0.000000,0.000000,0.000000,above_band_high
2026-08-04T21:17:00Z,95.3475,0.000000,0.000000,0.000000,above_band_high
2026-08-04T21:18:00Z,95.3582,0.000000,0.000000,0.000000,above_band_high
2026-08-04T21:19:00Z,95.3704,0.000000,0.000000,0.000000,above_band_high
2026-08-04T21:20:00Z,95.3475,0.000000,0.000000,0.000000,above_band_high
2026-08-04T21:21:00Z,95.3628,0.000000,0.000000,0.000000,above_band_high
2026-08-04T21:22:00Z,95.3704,0.000000,0.000000,0.000000,above_band_high
2026-08-04T21:23:00Z,95.3384,0.000000,0.000000,0.000000,above_band_high
2026-08-04T21:24:00Z,95.3857,0.000000,0.000000,0.000000,above_band_high
2026-08-04T21:25:00Z,95.3307,0.000000,0.000000,0.000000,above_band_high
2026-08-04T21:26:00Z,95.3628,0.000000,0.000000,0.000000,above_band_high
2026-08-04T21:27:00Z,95.3567,0.000000,0.000000,0.000000,above_band_high
2026-08-04T21:28:00Z,95.3475,0.000000,0.000000,0.000000,above_band_high
2026-08-04T21:29:00Z,95.3445,0.000000,0.000000,0.000000,above_band_high
2026-08-04T21:30:00Z,95.3582,0.000000,0.000000,0.000000,above_band_high
2026-08-04T21:31:00Z,95.3582,0.000000,0.000000,0.000000,above_band_high
2026-08-04T21:32:00Z,95.3521,0.000000,0.000000,0.000000,above_band_high
2026-08-04T21:33:00Z,95.4086,0.000000,0.000000,0.000000,above_band_high
2026-08-04T21:34:00Z,95.4025,0.000000,0.000000,0.000000,above_band_high
2026-08-04T21:35:00Z,95.3979,0.000000,0.000000,0.000000,above_band_high
2026-08-04T21:36:00Z,95.3994,0.000000,0.000000,0.000000,above_band_high
2026-08-04T21:37:00Z,95.3857,0.000000,0.000000,0.000000,above_band_high
2026-08-04T21:38:00Z,95.4070,0.000000,0.000000,0.000000,above_band_high
2026-08-04T21:39:00Z,95.4314,0.000000,0.000000,0.000000,above_band_high
2026-08-04T21:40:00Z,95.4269,0.000000,0.000000,0.000000,above_band_high
2026-08-04T21:41:00Z,95.4345,0.000000,0.000000,0.000000,above_band_high
2026-08-04T21:42:00Z,95.4635,0.000000,0.000000,0.000000,above_band_high
2026-08-04T21:43:00Z,95.4452,0.000000,0.000000,0.000000,above_band_high
2026-08-04T21:44:00Z,95.4360,0.000000,0.000000,0.000000,above_band_high
2026-08-04T21:45:00Z,95.4681,0.000000,0.000000,0.000000,above_band_high
2026-08-04T21:46:00Z,95.4635,0.000000,0.000000,0.000000,above_band_high
2026-08-04T21:47:00Z,95.4757,0.000000,0.000000,0.000000,above_band_high
2026-08-04T21:48:00Z,95.4681,0.000000,0.000000,0.000000,above_band_high
2026-08-04T21:49:00Z,95.4894,0.000000,0.000000,0.000000,above_band_high
2026-08-04T21:50:00Z,95.4635,0.000000,0.000000,0.000000,above_band_high
2026-08-04T21:51:00Z,95.4818,0.000000,0.000000,0.000000,above_band_high
2026-08-04T21:52:00Z,95.4528,0.000000,0.000000,0.000000,above_band_high
2026-08-04T21:53:00Z,95.4818,0.000000,0.000000,0.000000,above_band_high
2026-08-04T21:54:00Z,95.5215,0.000000,0.000000,0.000000,above_band_high
2026-08-04T21:55:00Z,95.5093,0.000000,0.000000,0.000000,above_band_high
2026-08-04T21:56:00Z,95.5032,0.000000,0.000000,0.000000,above_band_high
2026-08-04T21:57:00Z,95.4940,0.000000,0.000000,0.000000,above_band_high
2026-08-04T21:58:00Z,95.5322,0.000000,0.000000,0.000000,above_band_high
2026-08-04T21:59:00Z,95.5367,0.000000,0.000000,0.000000,above_band_high
2026-08-04T22:00:00Z,95.4986,0.000000,0.000000,0.000000,above_band_high
2026-08-04T22:01:00Z,95.5169,0.000000,0.000000,0.000000,above_band_high
2026-08-04T22:02:00Z,95.5322,0.000000,0.000000,0.000000,above_band_high
2026-08-04T22:03:00Z,95.5489,0.000000,0.000000,0.000000,above_band_high
2026-08-04T22:04:00Z,95.5535,0.000000,0.000000,0.000000,above_band_high
2026-08-04T22:05:00Z,95.5169,0.000000,0.000000,0.000000,above_band_high
2026-08-04T22:06:00Z,95.5550,0.000000,0.000000,0.000000,above_band_high
2026-08-04T22:07:00Z,95.5184,0.000000,0.000000,0.000000,above_band_high
2026-08-04T22:08:00Z,95.5215,0.000000,0.000000,0.000000,above_band_high
2026-08-04T22:09:00Z,95.5261,0.000000,0.000000,0.000000,above_band_high
2026-08-04T22:10:00Z,95.5535,0.000000,0.000000,0.000000,above_band_high
2026-08-04T22:11:00Z,95.5230,0.000000,0.000000,0.000000,above_band_high
2026-08-04T22:12:00Z,95.5489,0.000000,0.000000,0.000000,above_band_high
2026-08-04T22:13:00Z,95.5444,0.000000,0.000000,0.000000,above_band_high
2026-08-04T22:14:00Z,95.5535,0.000000,0.000000,0.000000,above_band_high
2026-08-04T22:15:00Z,95.5413,0.000000,0.000000,0.000000,above_band_high
2026-08-04T22:16:00Z,95.5367,0.000000,0.000000,0.000000,above_band_high
2026-08-04T22:17:00Z,95.5535,0.000000,0.000000,0.000000,above_band_high
2026-08-04T22:18:00Z,95.5718,0.000000,0.000000,0.000000,above_band_high
2026-08-04T22:19:00Z,95.5444,0.000000,0.000000,0.000000,above_band_high
2026-08-04T22:20:00Z,95.5459,0.000000,0.000000,0.000000,above_band_high
2026-08-04T22:21:00Z,95.5917,0.000000,0.000000,0.000000,above_band_high
2026-08-04T22:22:00Z,95.5581,0.000000,0.000000,0.000000,above_band_high
2026-08-04T22:23:00Z,95.5505,0.000000,0.000000,0.000000,above_band_high
2026-08-04T22:24:00Z,95.5825,0.000000,0.000000,0.000000,above_band_high
2026-08-04T22:25:00Z,95.5581,0.000000,0.000000,0.000000,above_band_high
2026-08-04T22:26:00Z,95.5688,0.000000,0.000000,0.000000,above_band_high
2026-08-04T22:27:00Z,95.5856,0.000000,0.000000,0.000000,above_band_high
2026-08-04T22:28:00Z,95.5856,0.000000,0.000000,0.000000,above_band_high
2026-08-04T22:29:00Z,95.5856,0.000000,0.000000,0.000000,above_band_high
2026-08-04T22:30:00Z,95.5810,0.000000,0.000000,0.000000,above_band_high
2026-08-04T22:31:00Z,95.6039,0.000000,0.000000,0.000000,above_band_high
2026-08-04T22:32:00Z,95.5917,0.000000,0.000000,0.000000,above_band_high
2026-08-04T22:33:00Z,95.5764,0.000000,0.000000,0.000000,above_band_high
2026-08-04T22:34:00Z,95.5505,0.000000,0.000000,0.000000,above_band_high
2026-08-04T22:35:00Z,95.5901,0.000000,0.000000,0.000000,above_band_high
2026-08-04T22:36:00Z,95.5917,0.000000,0.000000,0.000000,above_band_high
2026-08-04T22:37:00Z,95.5947,0.000000,0.000000,0.000000,above_band_high
2026-08-04T22:38:00Z,95.6130,0.000000,0.000000,0.000000,above_band_high
2026-08-04T22:39:00Z,95.6039,0.000000,0.000000,0.000000,above_band_high
2026-08-04T22:40:00Z,95.6130,0.000000,0.000000,0.000000,above_band_high
2026-08-04T22:41:00Z,95.5871,0.000000,0.000000,0.000000,above_band_high
2026-08-04T22:42:00Z,95.6085,0.000000,0.000000,0.000000,above_band_high
2026-08-04T22:43:00Z,95.5871,0.000000,0.000000,0.000000,above_band_high
2026-08-04T22:44:00Z,95.5962,0.000000,0.000000,0.000000,above_band_high
2026-08-04T22:45:00Z,95.6329,0.000000,0.000000,0.000000,above_band_high
2026-08-04T22:46:00Z,95.6008,0.000000,0.000000,0.000000,above_band_high
2026-08-04T22:47:00Z,95.5917,0.000000,0.000000,0.000000,above_band_high
2026-08-04T22:48:00Z,95.6268,0.000000,0.000000,0.000000,above_band_high
2026-08-04T22:49:00Z,95.6191,0.000000,0.000000,0.000000,above_band_high
2026-08-04T22:50:00Z,95.6222,0.000000,0.000000,0.000000,above_band_high
2026-08-04T22:51:00Z,95.6146,0.000000,0.000000,0.000000,above_band_high
2026-08-04T22:52:00Z,95.5764,0.000000,0.000000,0.000000,above_band_high
2026-08-04T22:53:00Z,95.6130,0.000000,0.000000,0.000000,above_band_high
2026-08-04T22:54:00Z,95.6237,0.000000,0.000000,0.000000,above_band_high
2026-08-04T22:55:00Z,95.6405,0.000000,0.000000,0.000000,above_band_high
2026-08-04T22:56:00Z,95.6359,0.000000,0.000000,0.000000,above_band_high
2026-08-04T22:57:00Z,95.6146,0.000000,0.000000,0.000000,above_band_high
2026-08-04T22:58:00Z,95.6008,0.000000,0.000000,0.000000,above_band_high
2026-08-04T22:59:00Z,95.6130,0.000000,0.000000,0.000000,above_band_high
2026-08-04T23:00:00Z,95.6222,0.000000,0.000000,0.000000,above_band_high
2026-08-04T23:01:00Z,95.6588,0.000000,0.000000,0.000000,above_band_high
2026-08-04T23:02:00Z,95.6008,0.000000,0.000000,0.000000,above_band_high
2026-08-04T23:03:00Z,95.6542,0.000000,0.000000,0.000000,above_band_high
2026-08-04T23:04:00Z,95.6420,0.000000,0.000000,0.000000,above_band_high
2026-08-04T23:05:00Z,95.6695,0.000000,0.000000,0.000000,above_band_high
2026-08-04T23:06:00Z,95.6497,0.000000,0.000000,0.000000,above_band_high
2026-08-04T23:07:00Z,95.6466,0.000000,0.000000,0.000000,above_band_high
2026-08-04T23:08:00Z,95.6237,0.000000,0.000000,0.000000,above_band_high
2026-08-04T23:09:00Z,95.6420,0.000000,0.000000,0.000000,above_band_high
2026-08-04T23:10:00Z,95.6558,0.000000,0.000000,0.000000,above_band_high
2026-08-04T23:11:00Z,95.6313,0.000000,0.000000,0.000000,above_band_high
2026-08-04T23:12:00Z,95.6512,0.000000,0.000000,0.000000,above_band_high
2026-08-04T23:13:00Z,95.6634,0.000000,0.000000,0.000000,above_band_high
2026-08-04T23:14:00Z,95.6405,0.000000,0.000000,0.000000,above_band_high
2026-08-04T23:15:00Z,95.6359,0.000000,0.000000,0.000000,above_band_high
2026-08-04T23:16:00Z,95.6817,0.000000,0.000000,0.000000,above_band_high
2026-08-04T23:17:00Z,95.6771,0.000000,0.000000,0.000000,above_band_high
2026-08-04T23:18:00Z,95.6649,0.000000,0.000000,0.000000,above_band_high
2026-08-04T23:19:00Z,95.6741,0.000000,0.000000,0.000000,above_band_high
2026-08-04T23:20:00Z,95.6741,0.000000,0.000000,0.000000,above_band_high
2026-08-04T23:21:00Z,95.6466,0.000000,0.000000,0.000000,above_band_high
2026-08-04T23:22:00Z,95.6786,0.000000,0.000000,0.000000,above_band_high
2026-08-04T23:23:00Z,95.6786,0.000000,0.000000,0.000000,above_band_high
2026-08-04T23:24:00Z,95.6466,0.000000,0.000000,0.000000,above_band_high
2026-08-04T23:25:00Z,95.7046,0.000000,0.000000,0.000000,above_band_high
2026-08-04T23:26:00Z,95.6786,0.000000,0.000000,0.000000,above_band_high
2026-08-04T23:27:00Z,95.6649,0.000000,0.000000,0.000000,above_band_high
2026-08-04T23:28:00Z,95.6863,0.000000,0.000000,0.000000,above_band_high
2026-08-04T23:29:00Z,95.7137,0.000000,0.000000,0.000000,above_band_high
2026-08-04T23:30:00Z,95.7000,0.000000,0.000000,0.000000,above_band_high
2026-08-04T23:31:00Z,95.7046,0.000000,0.000000,0.000000,above_band_high
2026-08-04T23:32:00Z,95.7198,0.000000,0.000000,0.000000,above_band_high
2026-08-04T23:33:00Z,95.7549,0.000000,0.000000,0.000000,above_band_high
2026-08-04T23:34:00Z,95.7427,0.000000,0.000000,0.000000,above_band_high
2026-08-04T23:35:00Z,95.7092,0.000000,0.000000,0.000000,above_band_high
2026-08-04T23:36:00Z,95.7244,0.000000,0.000000,0.000000,above_band_high
2026-08-04T23:37:00Z,95.7382,0.000000,0.000000,0.000000,above_band_high
2026-08-04T23:38:00Z,95.7473,0.000000,0.000000,0.000000,above_band_high
2026-08-04T23:39:00Z,95.7702,0.000000,0.000000,0.000000,above_band_high
2026-08-04T23:40:00Z,95.7366,0.000000,0.000000,0.000000,above_band_high
2026-08-04T23:41:00Z,95.7137,0.000000,0.000000,0.000000,above_band_high
2026-08-04T23:42:00Z,95.7473,0.000000,0.000000,0.000000,above_band_high
2026-08-04T23:43:00Z,95.7549,0.000000,0.000000,0.000000,above_band_high
2026-08-04T23:44:00Z,95.7778,0.000000,0.000000,0.000000,above_band_high
2026-08-04T23:45:00Z,95.7321,0.000000,0.000000,0.000000,above_band_high
2026-08-04T23:46:00Z,95.7610,0.000000,0.000000,0.000000,above_band_high
2026-08-04T23:47:00Z,95.7595,0.000000,0.000000,0.000000,above_band_high
2026-08-04T23:48:00Z,95.7656,0.000000,0.000000,0.000000,above_band_high
2026-08-04T23:49:00Z,95.7794,0.000000,0.000000,0.000000,above_band_high
2026-08-04T23:50:00Z,95.7275,0.000000,0.000000,0.000000,above_band_high
2026-08-04T23:51:00Z,95.7824,0.000000,0.000000,0.000000,above_band_high
2026-08-04T23:52:00Z,95.7549,0.000000,0.000000,0.000000,above_band_high
2026-08-04T23:53:00Z,95.7519,0.000000,0.000000,0.000000,above_band_high
2026-08-04T23:54:00Z,95.7702,0.000000,0.000000,0.000000,above_band_high
2026-08-04T23:55:00Z,95.7473,0.000000,0.000000,0.000000,above_band_high
2026-08-04T23:56:00Z,95.7748,0.000000,0.000000,0.000000,above_band_high
2026-08-04T23:57:00Z,95.7412,0.000000,0.000000,0.000000,above_band_high
2026-08-04T23:58:00Z,95.8068,0.000000,0.000000,0.000000,above_band_high
2026-08-04T23:59:00Z,95.8053,0.000000,0.000000,0.000000,above_band_high
2026-08-05T00:00:00Z,95.7870,0.000000,0.000000,0.000000,above_band_high
2026-08-05T00:01:00Z,95.8053,0.000000,0.000000,0.000000,above_band_high
2026-08-05T00:02:00Z,95.7961,0.000000,0.000000,0.000000,above_band_high
2026-08-05T00:03:00Z,95.7687,0.000000,0.000000,0.000000,above_band_high
2026-08-05T00:04:00Z,95.7931,0.000000,0.000000,0.000000,above_band_high
2026-08-05T00:05:00Z,95.7870,0.000000,0.000000,0.000000,above_band_high
2026-08-05T00:06:00Z,95.7961,0.000000,0.000000,0.000000,above_band_high
2026-08-05T00:07:00Z,95.7702,0.000000,0.000000,0.000000,above_band_high
2026-08-05T00:08:00Z,95.8206,0.000000,0.000000,0.000000,above_band_high
2026-08-05T00:09:00Z,95.7931,0.000000,0.000000,0.000000,above_band_high
2026-08-05T00:10:00Z,95.7977,0.000000,0.000000,0.000000,above_band_high
2026-08-05T00:11:00Z,95.8145,0.000000,0.000000,0.000000,above_band_high
2026-08-05T00:12:00Z,95.8206,0.000000,0.000000,0.000000,above_band_high
2026-08-05T00:13:00Z,95.8419,0.000000,0.000000,0.000000,above_band_high
2026-08-05T00:14:00Z,95.7687,0.000000,0.000000,0.000000,above_band_high
2026-08-05T00:15:00Z,95.8145,0.000000,0.000000,0.000000,above_band_high
2026-08-05T00:16:00Z,95.7977,0.000000,0.000000,0.000000,above_band_high
2026-08-05T00:17:00Z,95.7961,0.000000,0.000000,0.000000,above_band_high
2026-08-05T00:18:00Z,95.8160,0.000000,0.000000,0.000000,above_band_high
2026-08-05T00:19:00Z,95.8053,0.000000,0.000000,0.000000,above_band_high
2026-08-05T00:20:00Z,95.8206,0.000000,0.000000,0.000000,above_band_high
2026-08-05T00:21:00Z,95.8297,0.000000,0.000000,0.000000,above_band_high
2026-08-05T00:22:00Z,95.8373,0.000000,0.000000,0.000000,above_band_high
2026-08-05T00:23:00Z,95.8328,0.000000,0.000000,0.000000,above_band_high
2026-08-05T00:24:00Z,95.8328,0.000000,0.000000,0.000000,above_band_high
2026-08-05T00:25:00Z,95.8511,0.000000,0.000000,0.000000,above_band_high
2026-08-05T00:26:00Z,95.8480,0.000000,0.000000,0.000000,above_band_high
2026-08-05T00:27:00Z,95.8480,0.000000,0.000000,0.000000,above_band_high
2026-08-05T00:28:00Z,95.8328,0.000000,0.000000,0.000000,above_band_high
2026-08-05T00:29:00Z,95.8572,0.000000,0.000000,0.000000,above_band_high
2026-08-05T00:30:00Z,95.8511,0.000000,0.000000,0.000000,above_band_high
2026-08-05T00:31:00Z,95.8480,0.000000,0.000000,0.000000,above_band_high
2026-08-05T00:32:00Z,95.8648,0.000000,0.000000,0.000000,above_band_high
2026-08-05T00:33:00Z,95.8434,0.000000,0.000000,0.000000,above_band_high
2026-08-05T00:34:00Z,95.8206,0.000000,0.000000,0.000000,above_band_high
2026-08-05T00:35:00Z,95.8480,0.000000,0.000000,0.000000,above_band_high
2026-08-05T00:36:00Z,95.8434,0.000000,0.000000,0.000000,above_band_high
2026-08-05T00:37:00Z,95.8602,0.000000,0.000000,0.000000,above_band_high
2026-08-05T00:38:00Z,95.8251,0.000000,0.000000,0.000000,above_band_high
2026-08-05T00:39:00Z,95.8709,0.000000,0.000000,0.000000,above_band_high
2026-08-05T00:40:00Z,95.8373,0.000000,0.000000,0.000000,above_band_high
2026-08-05T00:41:00Z,95.8526,0.000000,0.000000,0.000000,above_band_high
2026-08-05T00:42:00Z,95.8709,0.000000,0.000000,0.000000,above_band_high
2026-08-05T00:43:00Z,95.8328,0.000000,0.000000,0.000000,above_band_high
2026-08-05T00:44:00Z,95.8663,0.000000,0.000000,0.000000,above_band_high
2026-08-05T00:45:00Z,95.8556,0.000000,0.000000,0.000000,above_band_high
2026-08-05T00:46:00Z,95.8831,0.000000,0.000000,0.000000,above_band_high
2026-08-05T00:47:00Z,95.8663,0.000000,0.000000,0.000000,above_band_high
2026-08-05T00:48:00Z,95.8602,0.000000,0.000000,0.000000,above_band_high
2026-08-05T00:49:00Z,95.8663,0.000000,0.000000,0.000000,above_band_high
2026-08-05T00:50:00Z,95.8801,0.000000,0.000000,0.000000,above_band_high
2026-08-05T00:51:00Z,95.8740,0.000000,0.000000,0.000000,above_band_high
2026-08-05T00:52:00Z,95.8923,0.000000,0.000000,0.000000,above_band_high
2026-08-05T00:53:00Z,95.8877,0.000000,0.000000,0.000000,above_band_high
2026-08-05T00:54:00Z,95.8434,0.000000,0.000000,0.000000,above_band_high
2026-08-05T00:55:00Z,95.8801,0.000000,0.000000,0.000000,above_band_high
2026-08-05T00:56:00Z,95.9060,0.000000,0.000000,0.000000,above_band_high
2026-08-05T00:57:00Z,95.9167,0.000000,0.000000,0.000000,above_band_high
2026-08-05T00:58:00Z,95.8755,0.000000,0.000000,0.000000,above_band_high
2026-08-05T00:59:00Z,95.8694,0.000000,0.000000,0.000000,above_band_high
2026-08-05T01:00:00Z,95.9014,0.000000,0.000000,0.000000,above_band_high
2026-08-05T01:01:00Z,95.9030,0.000000,0.000000,0.000000,above_band_high
2026-08-05T01:02:00Z,95.8755,0.000000,0.000000,0.000000,above_band_high
2026-08-05T01:03:00Z,95.9442,0.000000,0.000000,0.000000,above_band_high
2026-08-05T01:04:00Z,95.9106,0.000000,0.000000,0.000000,above_band_high
2026-08-05T01:05:00Z,95.9106,0.000000,0.000000,0.000000,above_band_high
2026-08-05T01:06:00Z,95.9289,0.000000,0.000000,0.000000,above_band_high
2026-08-05T01:07:00Z,95.9289,0.000000,0.000000,0.000000,above_band_high
2026-08-05T01:08:00Z,95.9030,0.000000,0.000000,0.000000,above_band_high
2026-08-05T01:09:00Z,95.9060,0.000000,0.000000,0.000000,above_band_high
2026-08-05T01:10:00Z,95.9030,0.000000,0.000000,0.000000,above_band_high
2026-08-05T01:11:00Z,95.9167,0.000000,0.000000,0.000000,above_band_high
2026-08-05T01:12:00Z,95.9030,0.000000,0.000000,0.000000,above_band_high
2026-08-05T01:13:00Z,95.9289,0.000000,0.000000,0.000000,above_band_high
2026-08-05T01:14:00Z,95.9335,0.000000,0.000000,0.000000,above_band_high
2026-08-05T01:15:00Z,95.9106,0.000000,0.000000,0.000000,above_band_high
2026-08-05T01:16:00Z,95.9289,0.000000,0.000000,0.000000,above_band_high
2026-08-05T01:17:00Z,95.8968,0.000000,0.000000,0.000000,above_band_high
2026-08-05T01:18:00Z,95.9350,0.000000,0.000000,0.000000,above_band_high
2026-08-05T01:19:00Z,95.9030,0.000000,0.000000,0.000000,above_band_high
2026-08-05T01:20:00Z,95.8968,0.000000,0.000000,0.000000,above_band_high
2026-08-05T01:21:00Z,95.9152,0.000000,0.000000,0.000000,above_band_high
2026-08-05T01:22:00Z,95.9106,0.000000,0.000000,0.000000,above_band_high
2026-08-05T01:23:00Z,95.9030,0.000000,0.000000,0.000000,above_band_high
2026-08-05T01:24:00Z,95.9304,0.000000,0.000000,0.000000,above_band_high
2026-08-05T01:25:00Z,95.8984,0.000000,0.000000,0.000000,above_band_high
2026-08-05T01:26:00Z,95.9335,0.000000,0.000000,0.000000,above_band_high
2026-08-05T01:27:00Z,95.9518,0.000000,0.000000,0.000000,above_band_high
2026-08-05T01:28:00Z,95.9060,0.000000,0.000000,0.000000,above_band_high
2026-08-05T01:29:00Z,95.9609,0.000000,0.000000,0.000000,above_band_high
2026-08-05T01:30:00Z,95.9487,0.000000,0.000000,0.000000,above_band_high
2026-08-05T01:31:00Z,95.9335,0.000000,0.000000,0.000000,above_band_high
2026-08-05T01:32:00Z,95.9243,0.000000,0.000000,0.000000,above_band_high
2026-08-05T01:33:00Z,95.9197,0.000000,0.000000,0.000000,above_band_high
2026-08-05T01:34:00Z,95.9487,0.000000,0.000000,0.000000,above_band_high
2026-08-05T01:35:00Z,95.9442,0.000000,0.000000,0.000000,above_band_high
2026-08-05T01:36:00Z,95.9472,0.000000,0.000000,0.000000,above_band_high
2026-08-05T01:37:00Z,95.9579,0.000000,0.000000,0.000000,above_band_high
2026-08-05T01:38:00Z,95.9335,0.000000,0.000000,0.000000,above_band_high
2026-08-05T01:39:00Z,95.9579,0.000000,0.000000,0.000000,above_band_high
2026-08-05T01:40:00Z,95.9579,0.000000,0.000000,0.000000,above_band_high
2026-08-05T01:41:00Z,95.9579,0.000000,0.000000,0.000000,above_band_high
2026-08-05T01:42:00Z,95.9487,0.000000,0.000000,0.000000,above_band_high
2026-08-05T01:43:00Z,95.9426,0.000000,0.000000,0.000000,above_band_high
2026-08-05T01:44:00Z,95.9533,0.000000,0.000000,0.000000,above_band_high
2026-08-05T01:45:00Z,95.9380,0.000000,0.000000,0.000000,above_band_high
2026-08-05T01:46:00Z,95.9472,0.000000,0.000000,0.000000,above_band_high
2026-08-05T01:47:00Z,95.9350,0.000000,0.000000,0.000000,above_band_high
2026-08-05T01:48:00Z,95.9396,0.000000,0.000000,0.000000,above_band_high
2026-08-05T01:49:00Z,95.9396,0.000000,0.000000,0.000000,above_band_high
2026-08-05T01:50:00Z,95.9716,0.000000,0.000000,0.000000,above_band_high
2026-08-05T01:51:00Z,95.9350,0.000000,0.000000,0.000000,above_band_high
2026-08-05T01:52:00Z,95.9670,0.000000,0.000000,0.000000,above_band_high
2026-08-05T01:53:00Z,95.9884,0.000000,0.000000,0.000000,above_band_high
2026-08-05T01:54:00Z,95.9304,0.000000,0.000000,0.000000,above_band_high
2026-08-05T01:55:00Z,95.9762,0.000000,0.000000,0.000000,above_band_high
2026-08-05T01:56:00Z,95.9655,0.000000,0.000000,0.000000,above_band_high
2026-08-05T01:57:00Z,96.0082,0.000000,0.000000,0.000000,above_band_high
2026-08-05T01:58:00Z,95.9472,0.000000,0.000000,0.000000,above_band_high
2026-08-05T01:59:00Z,95.9701,0.000000,0.000000,0.000000,above_band_high
2026-08-05T02:00:00Z,95.9609,0.000000,0.000000,0.000000,above_band_high
2026-08-05T02:01:00Z,95.9670,0.000000,0.000000,0.000000,above_band_high
2026-08-05T02:02:00Z,95.9487,0.000000,0.000000,0.000000,above_band_high
2026-08-05T02:03:00Z,95.9426,0.000000,0.000000,0.000000,above_band_high
2026-08-05T02:04:00Z,95.9426,0.000000,0.000000,0.000000,above_band_high
2026-08-05T02:05:00Z,95.9197,0.000000,0.000000,0.000000,above_band_high
2026-08-05T02:06:00Z,95.9380,0.000000,0.000000,0.000000,above_band_high
2026-08-05T02:07:00Z,95.9426,0.000000,0.000000,0.000000,above_band_high
2026-08-05T02:08:00Z,95.9442,0.000000,0.000000,0.000000,above_band_high
2026-08-05T02:09:00Z,95.9472,0.000000,0.000000,0.000000,above_band_high
2026-08-05T02:10:00Z,95.9258,0.000000,0.000000,0.000000,above_band_high
2026-08-05T02:11:00Z,95.9579,0.000000,0.000000,0.000000,above_band_high
2026-08-05T02:12:00Z,95.9396,0.000000,0.000000,0.000000,above_band_high
2026-08-05T02:13:00Z,95.8968,0.000000,0.000000,0.000000,above_band_high
2026-08-05T02:14:00Z,95.9472,0.000000,0.000000,0.000000,above_band_high
2026-08-05T02:15:00Z,95.9396,0.000000,0.000000,0.000000,above_band_high
2026-08-05T02:16:00Z,95.9396,0.000000,0.000000,0.000000,above_band_high
2026-08-05T02:17:00Z,95.9579,0.000000,0.000000,0.000000,above_band_high
2026-08-05T02:18:00Z,95.9213,0.000000,0.000000,0.000000,above_band_high
2026-08-05T02:19:00Z,95.9625,0.000000,0.000000,0.000000,above_band_high
2026-08-05T02:20:00Z,95.9213,0.000000,0.000000,0.000000,above_band_high
2026-08-05T02:21:00Z,95.9167,0.000000,0.000000,0.000000,above_band_high
2026-08-05T02:22:00Z,95.9655,0.000000,0.000000,0.000000,above_band_high
2026-08-05T02:23:00Z,95.9655,0.000000,0.000000,0.000000,above_band_high
2026-08-05T02:24:00Z,95.9396,0.000000,0.000000,0.000000,above_band_high
2026-08-05T02:25:00Z,95.9106,0.000000,0.000000,0.000000,above_band_high
2026-08-05T02:26:00Z,95.9518,0.000000,0.000000,0.000000,above_band_high
2026-08-05T02:27:00Z,95.9396,0.000000,0.000000,0.000000,above_band_high
2026-08-05T02:28:00Z,95.9625,0.000000,0.000000,0.000000,above_band_high
2026-08-05T02:29:00Z,95.9442,0.000000,0.000000,0.000000,above_band_high
2026-08-05T02:30:00Z,95.9152,0.000000,0.000000,0.000000,above_band_high
2026-08-05T02:31:00Z,95.9609,0.000000,0.000000,0.000000,above_band_high
2026-08-05T02:32:00Z,95.9335,0.000000,0.000000,0.000000,above_band_high
2026-08-05T02:33:00Z,95.9426,0.000000,0.000000,0.000000,above_band_high
2026-08-05T02:34:00Z,95.9442,0.000000,0.000000,0.000000,above_band_high
2026-08-05T02:35:00Z,95.9350,0.000000,0.000000,0.000000,above_band_high
2026-08-05T02:36:00Z,95.9625,0.000000,0.000000,0.000000,above_band_high
2026-08-05T02:37:00Z,95.9838,0.000000,0.000000,0.000000,above_band_high
2026-08-05T02:38:00Z,95.9487,0.000000,0.000000,0.000000,above_band_high
2026-08-05T02:39:00Z,95.9518,0.000000,0.000000,0.000000,above_band_high
2026-08-05T02:40:00Z,95.9762,0.000000,0.000000,0.000000,above_band_high
2026-08-05T02:41:00Z,95.9579,0.000000,0.000000,0.000000,above_band_high
2026-08-05T02:42:00Z,95.9792,0.000000,0.000000,0.000000,above_band_high
2026-08-05T02:43:00Z,95.9579,0.000000,0.000000,0.000000,above_band_high
2026-08-05T02:44:00Z,95.9609,0.000000,0.000000,0.000000,above_band_high
2026-08-05T02:45:00Z,95.9670,0.000000,0.000000,0.000000,above_band_high
2026-08-05T02:46:00Z,95.9792,0.000000,0.000000,0.000000,above_band_high
2026-08-05T02:47:00Z,95.9442,0.000000,0.000000,0.000000,above_band_high
2026-08-05T02:48:00Z,95.9670,0.000000,0.000000,0.000000,above_band_high
2026-08-05T02:49:00Z,95.9716,0.000000,0.000000,0.000000,above_band_high
2026-08-05T02:50:00Z,95.9670,0.000000,0.000000,0.000000,above_band_high
2026-08-05T02:51:00Z,95.9487,0.000000,0.000000,0.000000,above_band_high
2026-08-05T02:52:00Z,96.0311,0.000000,0.000000,0.000000,above_band_high
2026-08-05T02:53:00Z,95.9945,0.000000,0.000000,0.000000,above_band_high
2026-08-05T02:54:00Z,95.9609,0.000000,0.000000,0.000000,above_band_high
2026-08-05T02:55:00Z,95.9899,0.000000,0.000000,0.000000,above_band_high
2026-08-05T02:56:00Z,96.0067,0.000000,0.000000,0.000000,above_band_high
2026-08-05T02:57:00Z,95.9716,0.000000,0.000000,0.000000,above_band_high
2026-08-05T02:58:00Z,95.9670,0.000000,0.000000,0.000000,above_band_high
2026-08-05T02:59:00Z,95.9701,0.000000,0.000000,0.000000,above_band_high
2026-08-05T03:00:00Z,95.9838,0.000000,0.000000,0.000000,above_band_high
2026-08-05T03:01:00Z,95.9152,0.000000,0.000000,0.000000,above_band_high
2026-08-05T03:02:00Z,95.9716,0.000000,0.000000,0.000000,above_band_high
2026-08-05T03:03:00Z,95.9609,0.000000,0.000000,0.000000,above_band_high
2026-08-05T03:04:00Z,95.9487,0.000000,0.000000,0.000000,above_band_high
2026-08-05T03:05:00Z,95.9762,0.000000,0.000000,0.000000,above_band_high
2026-08-05T03:06:00Z,95.9518,0.000000,0.000000,0.000000,above_band_high
2026-08-05T03:07:00Z,95.9106,0.000000,0.000000,0.000000,above_band_high
2026-08-05T03:08:00Z,95.9243,0.000000,0.000000,0.000000,above_band_high
2026-08-05T03:09:00Z,95.9716,0.000000,0.000000,0.000000,above_band_high
2026-08-05T03:10:00Z,95.9213,0.000000,0.000000,0.000000,above_band_high
2026-08-05T03:11:00Z,95.9258,0.000000,0.000000,0.000000,above_band_high
2026-08-05T03:12:00Z,95.9670,0.000000,0.000000,0.000000,above_band_high
2026-08-05T03:13:00Z,95.9655,0.000000,0.000000,0.000000,above_band_high
2026-08-05T03:14:00Z,95.9426,0.000000,0.000000,0.000000,above_band_high
2026-08-05T03:15:00Z,95.9716,0.000000,0.000000,0.000000,above_band_high
2026-08-05T03:16:00Z,95.9487,0.000000,0.000000,0.000000,above_band_high
2026-08-05T03:17:00Z,95.9564,0.000000,0.000000,0.000000,above_band_high
2026-08-05T03:18:00Z,95.9533,0.000000,0.000000,0.000000,above_band_high
2026-08-05T03:19:00Z,95.9838,0.000000,0.000000,0.000000,above_band_high
2026-08-05T03:20:00Z,95.9579,0.000000,0.000000,0.000000,above_band_high
2026-08-05T03:21:00Z,95.9533,0.000000,0.000000,0.000000,above_band_high
2026-08-05T03:22:00Z,95.9609,0.000000,0.000000,0.000000,above_band_high
2026-08-05T03:23:00Z,95.9762,0.000000,0.000000,0.000000,above_band_high
2026-08-05T03:24:00Z,95.9655,0.000000,0.000000,0.000000,above_band_high
2026-08-05T03:25:00Z,96.0067,0.000000,0.000000,0.000000,above_band_high
2026-08-05T03:26:00Z,95.9579,0.000000,0.000000,0.000000,above_band_high
2026-08-05T03:27:00Z,95.9625,0.000000,0.000000,0.000000,above_band_high
2026-08-05T03:28:00Z,95.9762,0.000000,0.000000,0.000000,above_band_high
2026-08-05T03:29:00Z,96.0113,0.000000,0.000000,0.000000,above_band_high
2026-08-05T03:30:00Z,95.9579,0.000000,0.000000,0.000000,above_band_high
2026-08-05T03:31:00Z,95.9655,0.000000,0.000000,0.000000,above_band_high
2026-08-05T03:32:00Z,95.9579,0.000000,0.000000,0.000000,above_band_high
2026-08-05T03:33:00Z,95.9991,0.000000,0.000000,0.000000,above_band_high
2026-08-05T03:34:00Z,96.0037,0.000000,0.000000,0.000000,above_band_high
2026-08-05T03:35:00Z,96.0037,0.000000,0.000000,0.000000,above_band_high
2026-08-05T03:36:00Z,95.9655,0.000000,0.000000,0.000000,above_band_high
2026-08-05T03:37:00Z,95.9991,0.000000,0.000000,0.000000,above_band_high
2026-08-05T03:38:00Z,95.9884,0.000000,0.000000,0.000000,above_band_high
2026-08-05T03:39:00Z,95.9808,0.000000,0.000000,0.000000,above_band_high
2026-08-05T03:40:00Z,95.9838,0.000000,0.000000,0.000000,above_band_high
2026-08-05T03:41:00Z,95.9609,0.000000,0.000000,0.000000,above_band_high
2026-08-05T03:42:00Z,95.9838,0.000000,0.000000,0.000000,above_band_high
2026-08-05T03:43:00Z,95.9609,0.000000,0.000000,0.000000,above_band_high
2026-08-05T03:44:00Z,96.0113,0.000000,0.000000,0.000000,above_band_high
2026-08-05T03:45:00Z,96.0204,0.000000,0.000000,0.000000,above_band_high
2026-08-05T03:46:00Z,95.9808,0.000000,0.000000,0.000000,above_band_high
2026-08-05T03:47:00Z,96.0204,0.000000,0.000000,0.000000,above_band_high
2026-08-05T03:48:00Z,96.0021,0.000000,0.000000,0.000000,above_band_high
2026-08-05T03:49:00Z,96.0204,0.000000,0.000000,0.000000,above_band_high
2026-08-05T03:50:00Z,95.9991,0.000000,0.000000,0.000000,above_band_high
2026-08-05T03:51:00Z,96.0037,0.000000,0.000000,0.000000,above_band_high
2026-08-05T03:52:00Z,95.9976,0.000000,0.000000,0.000000,above_band_high
2026-08-05T03:53:00Z,96.0082,0.000000,0.000000,0.000000,above_band_high
2026-08-05T03:54:00Z,95.9930,0.000000,0.000000,0.000000,above_band_high
2026-08-05T03:55:00Z,96.0266,0.000000,0.000000,0.000000,above_band_high
2026-08-05T03:56:00Z,96.0174,0.000000,0.000000,0.000000,above_band_high
2026-08-05T03:57:00Z,96.0266,0.000000,0.000000,0.000000,above_band_high
2026-08-05T03:58:00Z,96.0433,0.000000,0.000000,0.000000,above_band_high
2026-08-05T03:59:00Z,96.0311,0.000000,0.000000,0.000000,above_band_high
2026-08-05T04:00:00Z,95.9899,0.000000,0.000000,0.000000,above_band_high
2026-08-05T04:01:00Z,96.0266,0.000000,0.000000,0.000000,above_band_high
2026-08-05T04:02:00Z,96.0220,0.000000,0.000000,0.000000,above_band_high
2026-08-05T04:03:00Z,96.0113,0.000000,0.000000,0.000000,above_band_high
2026-08-05T04:04:00Z,96.0266,0.000000,0.000000,0.000000,above_band_high
2026-08-05T04:05:00Z,96.0082,0.000000,0.000000,0.000000,above_band_high
2026-08-05T04:06:00Z,96.0220,0.000000,0.000000,0.000000,above_band_high
2026-08-05T04:07:00Z,96.0250,0.000000,0.000000,0.000000,above_band_high
2026-08-05T04:08:00Z,96.0174,0.000000,0.000000,0.000000,above_band_high
2026-08-05T04:09:00Z,96.0342,0.000000,0.000000,0.000000,above_band_high
2026-08-05T04:10:00Z,96.0159,0.000000,0.000000,0.000000,above_band_high
2026-08-05T04:11:00Z,96.0159,0.000000,0.000000,0.000000,above_band_high
2026-08-05T04:12:00Z,96.0342,0.000000,0.000000,0.000000,above_band_high
2026-08-05T04:13:00Z,96.0388,0.000000,0.000000,0.000000,above_band_high
2026-08-05T04:14:00Z,96.0616,0.000000,0.000000,0.000000,above_band_high
2026-08-05T04:15:00Z,96.0037,0.000000,0.000000,0.000000,above_band_high
2026-08-05T04:16:00Z,96.0571,0.000000,0.000000,0.000000,above_band_high
2026-08-05T04:17:00Z,96.0616,0.000000,0.000000,0.000000,above_band_high
2026-08-05T04:18:00Z,96.0723,0.000000,0.000000,0.000000,above_band_high
2026-08-05T04:19:00Z,96.0800,0.000000,0.000000,0.000000,above_band_high
2026-08-05T04:20:00Z,96.0678,0.000000,0.000000,0.000000,above_band_high
2026-08-05T04:21:00Z,96.0723,0.000000,0.000000,0.000000,above_band_high
2026-08-05T04:22:00Z,96.0159,0.000000,0.000000,0.000000,above_band_high
2026-08-05T04:23:00Z,96.0616,0.000000,0.000000,0.000000,above_band_high
2026-08-05T04:24:00Z,96.0678,0.000000,0.000000,0.000000,above_band_high
2026-08-05T04:25:00Z,96.0662,0.000000,0.000000,0.000000,above_band_high
2026-08-05T04:26:00Z,96.0204,0.000000,0.000000,0.000000,above_band_high
2026-08-05T04:27:00Z,96.0616,0.000000,0.000000,0.000000,above_band_high
2026-08-05T04:28:00Z,96.0494,0.000000,0.000000,0.000000,above_band_high
2026-08-05T04:29:00Z,96.0571,0.000000,0.000000,0.000000,above_band_high
2026-08-05T04:30:00Z,96.0494,0.000000,0.000000,0.000000,above_band_high
2026-08-05T04:31:00Z,96.0845,0.000000,0.000000,0.000000,above_band_high
2026-08-05T04:32:00Z,96.0800,0.000000,0.000000,0.000000,above_band_high
2026-08-05T04:33:00Z,96.0571,0.000000,0.000000,0.000000,above_band_high
2026-08-05T04:34:00Z,96.0723,0.000000,0.000000,0.000000,above_band_high
2026-08-05T04:35:00Z,96.0571,0.000000,0.000000,0.000000,above_band_high
2026-08-05T04:36:00Z,96.0754,0.000000,0.000000,0.000000,above_band_high
2026-08-05T04:37:00Z,96.0433,0.000000,0.000000,0.000000,above_band_high
2026-08-05T04:38:00Z,96.0906,0.000000,0.000000,0.000000,above_band_high
2026-08-05T04:39:00Z,96.0906,0.000000,0.000000,0.000000,above_band_high
2026-08-05T04:40:00Z,96.0388,0.000000,0.000000,0.000000,above_band_high
2026-08-05T04:41:00Z,96.0540,0.000000,0.000000,0.000000,above_band_high
2026-08-05T04:42:00Z,96.0662,0.000000,0.000000,0.000000,above_band_high
2026-08-05T04:43:00Z,96.0616,0.000000,0.000000,0.000000,above_band_high
2026-08-05T04:44:00Z,96.1135,0.000000,0.000000,0.000000,above_band_high
2026-08-05T04:45:00Z,96.0754,0.000000,0.000000,0.000000,above_band_high
2026-08-05T04:46:00Z,96.0479,0.000000,0.000000,0.000000,above_band_high
2026-08-05T04:47:00Z,96.0586,0.000000,0.000000,0.000000,above_band_high
2026-08-05T04:48:00Z,96.0845,0.000000,0.000000,0.000000,above_band_high
2026-08-05T04:49:00Z,96.0845,0.000000,0.000000,0.000000,above_band_high
2026-08-05T04:50:00Z,96.1028,0.000000,0.000000,0.000000,above_band_high
2026-08-05T04:51:00Z,96.0998,0.000000,0.000000,0.000000,above_band_high
2026-08-05T04:52:00Z,96.1212,0.000000,0.000000,0.000000,above_band_high
2026-08-05T04:53:00Z,96.0952,0.000000,0.000000,0.000000,above_band_high
2026-08-05T04:54:00Z,96.0845,0.000000,0.000000,0.000000,above_band_high
2026-08-05T04:55:00Z,96.1028,0.000000,0.000000,0.000000,above_band_high
2026-08-05T04:56:00Z,96.1212,0.000000,0.000000,0.000000,above_band_high
2026-08-05T04:57:00Z,96.1074,0.000000,0.000000,0.000000,above_band_high
2026-08-05T04:58:00Z,96.1212,0.000000,0.000000,0.000000,above_band_high
2026-08-05T04:59:00Z,96.1044,0.000000,0.000000,0.000000,above_band_high
2026-08-05T05:00:00Z,96.1135,0.000000,0.000000,0.000000,above_band_high
2026-08-05T05:01:00Z,96.1044,0.000000,0.000000,0.000000,above_band_high
2026-08-05T05:02:00Z,96.1181,0.000000,0.000000,0.000000,above_band_high
2026-08-05T05:03:00Z,96.1364,0.000000,0.000000,0.000000,above_band_high
2026-08-05T05:04:00Z,96.1593,0.000000,0.000000,0.000000,above_band_high
2026-08-05T05:05:00Z,96.1456,0.000000,0.000000,0.000000,above_band_high
2026-08-05T05:06:00Z,96.1044,0.000000,0.000000,0.000000,above_band_high
2026-08-05T05:07:00Z,96.1181,0.000000,0.000000,0.000000,above_band_high
2026-08-05T05:08:00Z,96.0906,0.000000,0.000000,0.000000,above_band_high
2026-08-05T05:09:00Z,96.1456,0.000000,0.000000,0.000000,above_band_high
2026-08-05T05:10:00Z,96.1135,0.000000,0.000000,0.000000,above_band_high
2026-08-05T05:11:00Z,96.0952,0.000000,0.000000,0.000000,above_band_high
2026-08-05T05:12:00Z,96.1135,0.000000,0.000000,0.000000,above_band_high
2026-08-05T05:13:00Z,96.0952,0.000000,0.000000,0.000000,above_band_high
2026-08-05T05:14:00Z,96.1074,0.000000,0.000000,0.000000,above_band_high
2026-08-05T05:15:00Z,96.1364,0.000000,0.000000,0.000000,above_band_high
2026-08-05T05:16:00Z,96.1364,0.000000,0.000000,0.000000,above_band_high
2026-08-05T05:17:00Z,96.1212,0.000000,0.000000,0.000000,above_band_high
2026-08-05T05:18:00Z,96.1593,0.000000,0.000000,0.000000,above_band_high
2026-08-05T05:19:00Z,96.1303,0.000000,0.000000,0.000000,above_band_high
2026-08-05T05:20:00Z,96.1395,0.000000,0.000000,0.000000,above_band_high
2026-08-05T05:21:00Z,96.1761,0.000000,0.000000,0.000000,above_band_high
2026-08-05T05:22:00Z,96.1486,0.000000,0.000000,0.000000,above_band_high
2026-08-05T05:23:00Z,96.1318,0.000000,0.000000,0.000000,above_band_high
2026-08-05T05:24:00Z,96.1456,0.000000,0.000000,0.000000,above_band_high
2026-08-05T05:25:00Z,96.1532,0.000000,0.000000,0.000000,above_band_high
2026-08-05T05:26:00Z,96.1669,0.000000,0.000000,0.000000,above_band_high
2026-08-05T05:27:00Z,96.1227,0.000000,0.000000,0.000000,above_band_high
2026-08-05T05:28:00Z,96.1761,0.000000,0.000000,0.000000,above_band_high
2026-08-05T05:29:00Z,96.1486,0.000000,0.000000,0.000000,above_band_high
2026-08-05T05:30:00Z,96.1669,0.000000,0.000000,0.000000,above_band_high
2026-08-05T05:31:00Z,96.1181,0.000000,0.000000,0.000000,above_band_high
2026-08-05T05:32:00Z,96.1578,0.000000,0.000000,0.000000,above_band_high
2026-08-05T05:33:00Z,96.1456,0.000000,0.000000,0.000000,above_band_high
2026-08-05T05:34:00Z,96.1715,0.000000,0.000000,0.000000,above_band_high
2026-08-05T05:35:00Z,96.1776,0.000000,0.000000,0.000000,above_band_high
2026-08-05T05:36:00Z,96.1578,0.000000,0.000000,0.000000,above_band_high
2026-08-05T05:37:00Z,96.1868,0.000000,0.000000,0.000000,above_band_high
2026-08-05T05:38:00Z,96.1532,0.000000,0.000000,0.000000,above_band_high
2026-08-05T05:39:00Z,96.1715,0.000000,0.000000,0.000000,above_band_high
2026-08-05T05:40:00Z,96.2173,0.000000,0.000000,0.000000,above_band_high
2026-08-05T05:41:00Z,96.2325,0.000000,0.000000,0.000000,above_band_high
2026-08-05T05:42:00Z,96.1776,0.000000,0.000000,0.000000,above_band_high
2026-08-05T05:43:00Z,96.2097,0.000000,0.000000,0.000000,above_band_high
2026-08-05T05:44:00Z,96.1715,0.000000,0.000000,0.000000,above_band_high
2026-08-05T05:45:00Z,96.1486,0.000000,0.000000,0.000000,above_band_high
2026-08-05T05:46:00Z,96.2097,0.000000,0.000000,0.000000,above_band_high
2026-08-05T05:47:00Z,96.1852,0.000000,0.000000,0.000000,above_band_high
2026-08-05T05:48:00Z,96.1990,0.000000,0.000000,0.000000,above_band_high
2026-08-05T05:49:00Z,96.2097,0.000000,0.000000,0.000000,above_band_high
2026-08-05T05:50:00Z,96.2051,0.000000,0.000000,0.000000,above_band_high
2026-08-05T05:51:00Z,96.1593,0.000000,0.000000,0.000000,above_band_high
2026-08-05T05:52:00Z,96.1776,0.000000,0.000000,0.000000,above_band_high
2026-08-05T05:53:00Z,96.1532,0.000000,0.000000,0.000000,above_band_high
2026-08-05T05:54:00Z,96.1669,0.000000,0.000000,0.000000,above_band_high
2026-08-05T05:55:00Z,96.1532,0.000000,0.000000,0.000000,above_band_high
2026-08-05T05:56:00Z,96.1639,0.000000,0.000000,0.000000,above_band_high
2026-08-05T05:57:00Z,96.1593,0.000000,0.000000,0.000000,above_band_high
2026-08-05T05:58:00Z,96.1715,0.000000,0.000000,0.000000,above_band_high
2026-08-05T05:59:00Z,96.1593,0.000000,0.000000,0.000000,above_band_high
2026-08-05T06:00:00Z,96.1807,0.000000,0.000000,0.000000,above_band_high
2026-08-05T06:01:00Z,96.1807,0.000000,0.000000,0.000000,above_band_high
2026-08-05T06:02:00Z,96.1639,0.000000,0.000000,0.000000,above_band_high
2026-08-05T06:03:00Z,96.1868,0.000000,0.000000,0.000000,above_band_high
2026-08-05T06:04:00Z,96.1944,0.000000,0.000000,0.000000,above_band_high
2026-08-05T06:05:00Z,96.1349,0.000000,0.000000,0.000000,above_band_high
2026-08-05T06:06:00Z,96.1669,0.000000,0.000000,0.000000,above_band_high
2026-08-05T06:07:00Z,96.1715,0.000000,0.000000,0.000000,above_band_high
2026-08-05T06:08:00Z,96.1318,0.000000,0.000000,0.000000,above_band_high
2026-08-05T06:09:00Z,96.1868,0.000000,0.000000,0.000000,above_band_high
2026-08-05T06:10:00Z,96.2097,0.000000,0.000000,0.000000,above_band_high
2026-08-05T06:11:00Z,96.1822,0.000000,0.000000,0.000000,above_band_high
2026-08-05T06:12:00Z,96.1868,0.000000,0.000000,0.000000,above_band_high
2026-08-05T06:13:00Z,96.2097,0.000000,0.000000,0.000000,above_band_high
2026-08-05T06:14:00Z,96.2219,0.000000,0.000000,0.000000,above_band_high
2026-08-05T06:15:00Z,96.1669,0.000000,0.000000,0.000000,above_band_high
2026-08-05T06:16:00Z,96.2005,0.000000,0.000000,0.000000,above_band_high
2026-08-05T06:17:00Z,96.1990,0.000000,0.000000,0.000000,above_band_high
2026-08-05T06:18:00Z,96.2280,0.000000,0.000000,0.000000,above_band_high
2026-08-05T06:19:00Z,96.2219,0.000000,0.000000,0.000000,above_band_high
2026-08-05T06:20:00Z,96.1822,0.000000,0.000000,0.000000,above_band_high
2026-08-05T06:21:00Z,96.2280,0.000000,0.000000,0.000000,above_band_high
2026-08-05T06:22:00Z,96.2127,0.000000,0.000000,0.000000,above_band_high
2026-08-05T06:23:00Z,96.2264,0.000000,0.000000,0.000000,above_band_high
2026-08-05T06:24:00Z,96.2280,0.000000,0.000000,0.000000,above_band_high
2026-08-05T06:25:00Z,96.2051,0.000000,0.000000,0.000000,above_band_high
2026-08-05T06:26:00Z,96.2036,0.000000,0.000000,0.000000,above_band_high
2026-08-05T06:27:00Z,96.2280,0.000000,0.000000,0.000000,above_band_high
2026-08-05T06:28:00Z,96.2325,0.000000,0.000000,0.000000,above_band_high
2026-08-05T06:29:00Z,96.2280,0.000000,0.000000,0.000000,above_band_high
2026-08-05T06:30:00Z,96.2127,0.000000,0.000000,0.000000,above_band_high
2026-08-05T06:31:00Z,96.2280,0.000000,0.000000,0.000000,above_band_high
2026-08-05T06:32:00Z,96.2493,0.000000,0.000000,0.000000,above_band_high
2026-08-05T06:33:00Z,96.2600,0.000000,0.000000,0.000000,above_band_high
2026-08-05T06:34:00Z,96.2463,0.000000,0.000000,0.000000,above_band_high
2026-08-05T06:35:00Z,96.2417,0.000000,0.000000,0.000000,above_band_high
2026-08-05T06:36:00Z,96.2417,0.000000,0.000000,0.000000,above_band_high
2026-08-05T06:37:00Z,96.2325,0.000000,0.000000,0.000000,above_band_high
2026-08-05T06:38:00Z,96.2493,0.000000,0.000000,0.000000,above_band_high
2026-08-05T06:39:00Z,96.2234,0.000000,0.000000,0.000000,above_band_high
2026-08-05T06:40:00Z,96.2631,0.000000,0.000000,0.000000,above_band_high
2026-08-05T06:41:00Z,96.2493,0.000000,0.000000,0.000000,above_band_high
2026-08-05T06:42:00Z,96.2875,0.000000,0.000000,0.000000,above_band_high
2026-08-05T06:43:00Z,96.2783,0.000000,0.000000,0.000000,above_band_high
2026-08-05T06:44:00Z,96.2356,0.000000,0.000000,0.000000,above_band_high
2026-08-05T06:45:00Z,96.2905,0.000000,0.000000,0.000000,above_band_high
2026-08-05T06:46:00Z,96.2692,0.000000,0.000000,0.000000,above_band_high
2026-08-05T06:47:00Z,96.2692,0.000000,0.000000,0.000000,above_band_high
2026-08-05T06:48:00Z,96.2783,0.000000,0.000000,0.000000,above_band_high
2026-08-05T06:49:00Z,96.2921,0.000000,0.000000,0.000000,above_band_high
2026-08-05T06:50:00Z,96.3088,0.000000,0.000000,0.000000,above_band_high
2026-08-05T06:51:00Z,96.3226,0.000000,0.000000,0.000000,above_band_high
2026-08-05T06:52:00Z,96.3195,0.000000,0.000000,0.000000,above_band_high
2026-08-05T06:53:00Z,96.3149,0.000000,0.000000,0.000000,above_band_high
2026-08-05T06:54:00Z,96.3424,0.000000,0.000000,0.000000,above_band_high
2026-08-05T06:55:00Z,96.3149,0.000000,0.000000,0.000000,above_band_high
2026-08-05T06:56:00Z,96.3409,0.000000,0.000000,0.000000,above_band_high
2026-08-05T06:57:00Z,96.3226,0.000000,0.000000,0.000000,above_band_high
2026-08-05T06:58:00Z,96.3546,0.000000,0.000000,0.000000,above_band_high
2026-08-05T06:59:00Z,96.3455,0.000000,0.000000,0.000000,above_band_high
2026-08-05T07:00:00Z,96.3561,0.000000,0.000000,0.000000,above_band_high
2026-08-05T07:01:00Z,96.3455,0.000000,0.000000,0.000000,above_band_high
2026-08-05T07:02:00Z,96.3378,0.000000,0.000000,0.000000,above_band_high
2026-08-05T07:03:00Z,96.3272,0.000000,0.000000,0.000000,above_band_high
2026-08-05T07:04:00Z,96.3500,0.000000,0.000000,0.000000,above_band_high
2026-08-05T07:05:00Z,96.4157,0.000000,0.000000,0.000000,above_band_high
2026-08-05T07:06:00Z,96.3973,0.000000,0.000000,0.000000,above_band_high
2026-08-05T07:07:00Z,96.3561,0.000000,0.000000,0.000000,above_band_high
2026-08-05T07:08:00Z,96.3699,0.000000,0.000000,0.000000,above_band_high
2026-08-05T07:09:00Z,96.4004,0.000000,0.000000,0.000000,above_band_high
2026-08-05T07:10:00Z,96.3790,0.000000,0.000000,0.000000,above_band_high
2026-08-05T07:11:00Z,96.3821,0.000000,0.000000,0.000000,above_band_high
2026-08-05T07:12:00Z,96.3729,0.000000,0.000000,0.000000,above_band_high
2026-08-05T07:13:00Z,96.3607,0.000000,0.000000,0.000000,above_band_high
2026-08-05T07:14:00Z,96.3821,0.000000,0.000000,0.000000,above_band_high
2026-08-05T07:15:00Z,96.3821,0.000000,0.000000,0.000000,above_band_high
2026-08-05T07:16:00Z,96.4019,0.000000,0.000000,0.000000,above_band_high
2026-08-05T07:17:00Z,96.3867,0.000000,0.000000,0.000000,above_band_high
2026-08-05T07:18:00Z,96.4050,0.000000,0.000000,0.000000,above_band_high
2026-08-05T07:19:00Z,96.4187,0.000000,0.000000,0.000000,above_band_high
2026-08-05T07:20:00Z,96.3638,0.000000,0.000000,0.000000,above_band_high
2026-08-05T07:21:00Z,96.3729,0.000000,0.000000,0.000000,above_band_high
2026-08-05T07:22:00Z,96.4294,0.000000,0.000000,0.000000,above_band_high
2026-08-05T07:23:00Z,96.3775,0.000000,0.000000,0.000000,above_band_high
2026-08-05T07:24:00Z,96.3973,0.000000,0.000000,0.000000,above_band_high
2026-08-05T07:25:00Z,96.3867,0.000000,0.000000,0.000000,above_band_high
2026-08-05T07:26:00Z,96.4096,0.000000,0.000000,0.000000,above_band_high
2026-08-05T07:27:00Z,96.3973,0.000000,0.000000,0.000000,above_band_high
2026-08-05T07:28:00Z,96.4324,0.000000,0.000000,0.000000,above_band_high
2026-08-05T07:29:00Z,96.4202,0.000000,0.000000,0.000000,above_band_high
2026-08-05T07:30:00Z,96.3821,0.000000,0.000000,0.000000,above_band_high
2026-08-05T07:31:00Z,96.4141,0.000000,0.000000,0.000000,above_band_high
2026-08-05T07:32:00Z,96.3867,0.000000,0.000000,0.000000,above_band_high
2026-08-05T07:33:00Z,96.3882,0.000000,0.000000,0.000000,above_band_high
2026-08-05T07:34:00Z,96.4004,0.000000,0.000000,0.000000,above_band_high
2026-08-05T07:35:00Z,96.4004,0.000000,0.000000,0.000000,above_band_high
2026-08-05T07:36:00Z,96.3928,0.000000,0.000000,0.000000,above_band_high
2026-08-05T07:37:00Z,96.3973,0.000000,0.000000,0.000000,above_band_high
2026-08-05T07:38:00Z,96.4111,0.000000,0.000000,0.000000,above_band_high
2026-08-05T07:39:00Z,96.4111,0.000000,0.000000,0.000000,above_band_high
2026-08-05T07:40:00Z,96.4294,0.000000,0.000000,0.000000,above_band_high
2026-08-05T07:41:00Z,96.4050,0.000000,0.000000,0.000000,above_band_high
2026-08-05T07:42:00Z,96.4233,0.000000,0.000000,0.000000,above_band_high
2026-08-05T07:43:00Z,96.4370,0.000000,0.000000,0.000000,above_band_high
2026-08-05T07:44:00Z,96.4157,0.000000,0.000000,0.000000,above_band_high
2026-08-05T07:45:00Z,96.4279,0.000000,0.000000,0.000000,above_band_high
2026-08-05T07:46:00Z,96.4157,0.000000,0.000000,0.000000,above_band_high
2026-08-05T07:47:00Z,96.4050,0.000000,0.000000,0.000000,above_band_high
2026-08-05T07:48:00Z,96.3928,0.000000,0.000000,0.000000,above_band_high
2026-08-05T07:49:00Z,96.3928,0.000000,0.000000,0.000000,above_band_high
2026-08-05T07:50:00Z,96.4385,0.000000,0.000000,0.000000,above_band_high
2026-08-05T07:51:00Z,96.4050,0.000000,0.000000,0.000000,above_band_high
2026-08-05T07:52:00Z,96.4050,0.000000,0.000000,0.000000,above_band_high
2026-08-05T07:53:00Z,96.3973,0.000000,0.000000,0.000000,above_band_high
2026-08-05T07:54:00Z,96.4279,0.000000,0.000000,0.000000,above_band_high
2026-08-05T07:55:00Z,96.4141,0.000000,0.000000,0.000000,above_band_high
2026-08-05T07:56:00Z,96.3653,0.000000,0.000000,0.000000,above_band_high
2026-08-05T07:57:00Z,96.4050,0.000000,0.000000,0.000000,above_band_high
2026-08-05T07:58:00Z,96.3928,0.000000,0.000000,0.000000,above_band_high
2026-08-05T07:59:00Z,96.3912,0.000000,0.000000,0.000000,above_band_high
2026-08-05T08:00:00Z,96.3729,0.000000,0.000000,0.000000,above_band_high
2026-08-05T08:01:00Z,96.3516,0.000000,0.000000,0.000000,above_band_high
2026-08-05T08:02:00Z,96.4050,0.000000,0.000000,0.000000,above_band_high
2026-08-05T08:03:00Z,96.3546,0.000000,0.000000,0.000000,above_band_high
2026-08-05T08:04:00Z,96.3882,0.000000,0.000000,0.000000,above_band_high
2026-08-05T08:05:00Z,96.3500,0.000000,0.000000,0.000000,above_band_high
2026-08-05T08:06:00Z,96.3180,0.000000,0.000000,0.000000,above_band_high
2026-08-05T08:07:00Z,96.3821,0.000000,0.000000,0.000000,above_band_high
2026-08-05T08:08:00Z,96.3607,0.000000,0.000000,0.000000,above_band_high
2026-08-05T08:09:00Z,96.3241,0.000000,0.000000,0.000000,above_band_high
2026-08-05T08:10:00Z,96.3317,0.000000,0.000000,0.000000,above_band_high
2026-08-05T08:11:00Z,96.3363,0.000000,0.000000,0.000000,above_band_high
2026-08-05T08:12:00Z,96.3195,0.000000,0.000000,0.000000,above_band_high
2026-08-05T08:13:00Z,96.3272,0.000000,0.000000,0.000000,above_band_high
2026-08-05T08:14:00Z,96.2966,0.000000,0.000000,0.000000,above_band_high
2026-08-05T08:15:00Z,96.2875,0.000000,0.000000,0.000000,above_band_high
2026-08-05T08:16:00Z,96.3012,0.000000,0.000000,0.000000,above_band_high
2026-08-05T08:17:00Z,96.2966,0.000000,0.000000,0.000000,above_band_high
2026-08-05T08:18:00Z,96.2921,0.000000,0.000000,0.000000,above_band_high
2026-08-05T08:19:00Z,96.3317,0.000000,0.000000,0.000000,above_band_high
2026-08-05T08:20:00Z,96.2631,0.000000,0.000000,0.000000,above_band_high
2026-08-05T08:21:00Z,96.2966,0.000000,0.000000,0.000000,above_band_high
2026-08-05T08:22:00Z,96.3058,0.000000,0.000000,0.000000,above_band_high
2026-08-05T08:23:00Z,96.2951,0.000000,0.000000,0.000000,above_band_high
2026-08-05T08:24:00Z,96.2509,0.000000,0.000000,0.000000,above_band_high
2026-08-05T08:25:00Z,96.2509,0.000000,0.000000,0.000000,above_band_high
2026-08-05T08:26:00Z,96.2600,0.000000,0.000000,0.000000,above_band_high
2026-08-05T08:27:00Z,96.2600,0.000000,0.000000,0.000000,above_band_high
2026-08-05T08:28:00Z,96.2448,0.000000,0.000000,0.000000,above_band_high
2026-08-05T08:29:00Z,96.2280,0.000000,0.000000,0.000000,above_band_high
2026-08-05T08:30:00Z,96.2448,0.000000,0.000000,0.000000,above_band_high
2026-08-05T08:31:00Z,96.1959,0.000000,0.000000,0.000000,above_band_high
2026-08-05T08:32:00Z,96.2402,0.000000,0.000000,0.000000,above_band_high
2026-08-05T08:33:00Z,96.2005,0.000000,0.000000,0.000000,above_band_high
2026-08-05T08:34:00Z,96.1990,0.000000,0.000000,0.000000,above_band_high
2026-08-05T08:35:00Z,96.2463,0.000000,0.000000,0.000000,above_band_high
2026-08-05T08:36:00Z,96.1990,0.000000,0.000000,0.000000,above_band_high
2026-08-05T08:37:00Z,96.2234,0.000000,0.000000,0.000000,above_band_high
2026-08-05T08:38:00Z,96.1730,0.000000,0.000000,0.000000,above_band_high
2026-08-05T08:39:00Z,96.1913,0.000000,0.000000,0.000000,above_band_high
2026-08-05T08:40:00Z,96.1776,0.000000,0.000000,0.000000,above_band_high
2026-08-05T08:41:00Z,96.1639,0.000000,0.000000,0.000000,above_band_high
2026-08-05T08:42:00Z,96.1318,0.000000,0.000000,0.000000,above_band_high
2026-08-05T08:43:00Z,96.1486,0.000000,0.000000,0.000000,above_band_high
2026-08-05T08:44:00Z,96.1730,0.000000,0.000000,0.000000,above_band_high
2026-08-05T08:45:00Z,96.1730,0.000000,0.000000,0.000000,above_band_high
2026-08-05T08:46:00Z,96.1639,0.000000,0.000000,0.000000,above_band_high
2026-08-05T08:47:00Z,96.1822,0.000000,0.000000,0.000000,above_band_high
2026-08-05T08:48:00Z,96.1730,0.000000,0.000000,0.000000,above_band_high
2026-08-05T08:49:00Z,96.1730,0.000000,0.000000,0.000000,above_band_high
2026-08-05T08:50:00Z,96.1852,0.000000,0.000000,0.000000,above_band_high
2026-08-05T08:51:00Z,96.1730,0.000000,0.000000,0.000000,above_band_high
2026-08-05T08:52:00Z,96.2051,0.000000,0.000000,0.000000,above_band_high
2026-08-05T08:53:00Z,96.1349,0.000000,0.000000,0.000000,above_band_high
2026-08-05T08:54:00Z,96.1913,0.000000,0.000000,0.000000,above_band_high
2026-08-05T08:55:00Z,96.1410,0.000000,0.000000,0.000000,above_band_high
2026-08-05T08:56:00Z,96.1532,0.000000,0.000000,0.000000,above_band_high
2026-08-05T08:57:00Z,96.1364,0.000000,0.000000,0.000000,above_band_high
2026-08-05T08:58:00Z,96.1730,0.000000,0.000000,0.000000,above_band_high
2026-08-05T08:59:00Z,96.1318,0.000000,0.000000,0.000000,above_band_high
2026-08-05T09:00:00Z,96.1456,0.000000,0.000000,0.000000,above_band_high
2026-08-05T09:01:00Z,96.1624,0.000000,0.000000,0.000000,above_band_high
2026-08-05T09:02:00Z,96.1349,0.000000,0.000000,0.000000,above_band_high
2026-08-05T09:03:00Z,96.1349,0.000000,0.000000,0.000000,above_band_high
2026-08-05T09:04:00Z,96.1395,0.000000,0.000000,0.000000,above_band_high
2026-08-05T09:05:00Z,96.1120,0.000000,0.000000,0.000000,above_band_high
2026-08-05T09:06:00Z,96.1440,0.000000,0.000000,0.000000,above_band_high
2026-08-05T09:07:00Z,96.1364,0.000000,0.000000,0.000000,above_band_high
2026-08-05T09:08:00Z,96.1089,0.000000,0.000000,0.000000,above_band_high
2026-08-05T09:09:00Z,96.0998,0.000000,0.000000,0.000000,above_band_high
2026-08-05T09:10:00Z,96.0952,0.000000,0.000000,0.000000,above_band_high
2026-08-05T09:11:00Z,96.0891,0.000000,0.000000,0.000000,above_band_high
2026-08-05T09:12:00Z,96.1349,0.000000,0.000000,0.000000,above_band_high
2026-08-05T09:13:00Z,96.0632,0.000000,0.000000,0.000000,above_band_high
2026-08-05T09:14:00Z,96.0494,0.000000,0.000000,0.000000,above_band_high
2026-08-05T09:15:00Z,96.0708,0.000000,0.000000,0.000000,above_band_high
2026-08-05T09:16:00Z,96.0632,0.000000,0.000000,0.000000,above_band_high
2026-08-05T09:17:00Z,96.0494,0.000000,0.000000,0.000000,above_band_high
2026-08-05T09:18:00Z,96.0449,0.000000,0.000000,0.000000,above_band_high
2026-08-05T09:19:00Z,96.0662,0.000000,0.000000,0.000000,above_band_high
2026-08-05T09:20:00Z,96.0204,0.000000,0.000000,0.000000,above_band_high
2026-08-05T09:21:00Z,96.0250,0.000000,0.000000,0.000000,above_band_high
2026-08-05T09:22:00Z,96.0082,0.000000,0.000000,0.000000,above_band_high
2026-08-05T09:23:00Z,96.0296,0.000000,0.000000,0.000000,above_band_high
2026-08-05T09:24:00Z,96.0296,0.000000,0.000000,0.000000,above_band_high
2026-08-05T09:25:00Z,96.0540,0.000000,0.000000,0.000000,above_band_high
2026-08-05T09:26:00Z,96.0037,0.000000,0.000000,0.000000,above_band_high
2026-08-05T09:27:00Z,95.9945,0.000000,0.000000,0.000000,above_band_high
2026-08-05T09:28:00Z,96.0220,0.000000,0.000000,0.000000,above_band_high
2026-08-05T09:29:00Z,95.9930,0.000000,0.000000,0.000000,above_band_high
2026-08-05T09:30:00Z,95.9579,0.000000,0.000000,0.000000,above_band_high
2026-08-05T09:31:00Z,95.9930,0.000000,0.000000,0.000000,above_band_high
2026-08-05T09:32:00Z,96.0067,0.000000,0.000000,0.000000,above_band_high
2026-08-05T09:33:00Z,95.9762,0.000000,0.000000,0.000000,above_band_high
2026-08-05T09:34:00Z,96.0388,0.000000,0.000000,0.000000,above_band_high
2026-08-05T09:35:00Z,95.9747,0.000000,0.000000,0.000000,above_band_high
2026-08-05T09:36:00Z,96.0037,0.000000,0.000000,0.000000,above_band_high
2026-08-05T09:37:00Z,96.0082,0.000000,0.000000,0.000000,above_band_high
2026-08-05T09:38:00Z,95.9762,0.000000,0.000000,0.000000,above_band_high
2026-08-05T09:39:00Z,95.9976,0.000000,0.000000,0.000000,above_band_high
2026-08-05T09:40:00Z,96.0067,0.000000,0.000000,0.000000,above_band_high
2026-08-05T09:41:00Z,96.0357,0.000000,0.000000,0.000000,above_band_high
2026-08-05T09:42:00Z,96.0220,0.000000,0.000000,0.000000,above_band_high
2026-08-05T09:43:00Z,96.0113,0.000000,0.000000,0.000000,above_band_high
2026-08-05T09:44:00Z,96.0159,0.000000,0.000000,0.000000,above_band_high
2026-08-05T09:45:00Z,96.0204,0.000000,0.000000,0.000000,above_band_high
2026-08-05T09:46:00Z,96.0220,0.000000,0.000000,0.000000,above_band_high
2026-08-05T09:47:00Z,95.9991,0.000000,0.000000,0.000000,above_band_high
2026-08-05T09:48:00Z,96.0174,0.000000,0.000000,0.000000,above_band_high
2026-08-05T09:49:00Z,95.9747,0.000000,0.000000,0.000000,above_band_high
2026-08-05T09:50:00Z,96.0021,0.000000,0.000000,0.000000,above_band_high
2026-08-05T09:51:00Z,95.9930,0.000000,0.000000,0.000000,above_band_high
2026-08-05T09:52:00Z,95.9609,0.000000,0.000000,0.000000,above_band_high
2026-08-05T09:53:00Z,95.9747,0.000000,0.000000,0.000000,above_band_high
2026-08-05T09:54:00Z,95.9854,0.000000,0.000000,0.000000,above_band_high
2026-08-05T09:55:00Z,95.9838,0.000000,0.000000,0.000000,above_band_high
2026-08-05T09:56:00Z,96.0037,0.000000,0.000000,0.000000,above_band_high
2026-08-05T09:57:00Z,95.9258,0.000000,0.000000,0.000000,above_band_high
2026-08-05T09:58:00Z,95.9518,0.000000,0.000000,0.000000,above_band_high
2026-08-05T09:59:00Z,95.9670,0.000000,0.000000,0.000000,above_band_high
2026-08-05T10:00:00Z,95.9670,0.000000,0.000000,0.000000,above_band_high
2026-08-05T10:01:00Z,95.9716,0.000000,0.000000,0.000000,above_band_high
2026-08-05T10:02:00Z,95.9335,0.000000,0.000000,0.000000,above_band_high
2026-08-05T10:03:00Z,95.9838,0.000000,0.000000,0.000000,above_band_high
2026-08-05T10:04:00Z,95.9899,0.000000,0.000000,0.000000,above_band_high
2026-08-05T10:05:00Z,95.9426,0.000000,0.000000,0.000000,above_band_high
2026-08-05T10:06:00Z,95.9579,0.000000,0.000000,0.000000,above_band_high
2026-08-05T10:07:00Z,95.9396,0.000000,0.000000,0.000000,above_band_high
2026-08-05T10:08:00Z,95.9335,0.000000,0.000000,0.000000,above_band_high
2026-08-05T10:09:00Z,95.9167,0.000000,0.000000,0.000000,above_band_high
2026-08-05T10:10:00Z,95.9060,0.000000,0.000000,0.000000,above_band_high
2026-08-05T10:11:00Z,95.9518,0.000000,0.000000,0.000000,above_band_high
2026-08-05T10:12:00Z,95.8938,0.000000,0.000000,0.000000,above_band_high
2026-08-05T10:13:00Z,95.8877,0.000000,0.000000,0.000000,above_band_high
2026-08-05T10:14:00Z,95.9060,0.000000,0.000000,0.000000,above_band_high
2026-08-05T10:15:00Z,95.9121,0.000000,0.000000,0.000000,above_band_high
2026-08-05T10:16:00Z,95.8892,0.000000,0.000000,0.000000,above_band_high
2026-08-05T10:17:00Z,95.8694,0.000000,0.000000,0.000000,above_band_high
2026-08-05T10:18:00Z,95.8480,0.000000,0.000000,0.000000,above_band_high
2026-08-05T10:19:00Z,95.8846,0.000000,0.000000,0.000000,above_band_high
2026-08-05T10:20:00Z,95.8389,0.000000,0.000000,0.000000,above_band_high
2026-08-05T10:21:00Z,95.8328,0.000000,0.000000,0.000000,above_band_high
2026-08-05T10:22:00Z,95.8328,0.000000,0.000000,0.000000,above_band_high
2026-08-05T10:23:00Z,95.8328,0.000000,0.000000,0.000000,above_band_high
2026-08-05T10:24:00Z,95.8434,0.000000,0.000000,0.000000,above_band_high
2026-08-05T10:25:00Z,95.8053,0.000000,0.000000,0.000000,above_band_high
2026-08-05T10:26:00Z,95.7870,0.000000,0.000000,0.000000,above_band_high
2026-08-05T10:27:00Z,95.7870,0.000000,0.000000,0.000000,above_band_high
2026-08-05T10:28:00Z,95.7916,0.000000,0.000000,0.000000,above_band_high
2026-08-05T10:29:00Z,95.7427,0.000000,0.000000,0.000000,above_band_high
2026-08-05T10:30:00Z,95.8053,0.000000,0.000000,0.000000,above_band_high
2026-08-05T10:31:00Z,95.7916,0.000000,0.000000,0.000000,above_band_high
2026-08-05T10:32:00Z,95.7595,0.000000,0.000000,0.000000,above_band_high
2026-08-05T10:33:00Z,95.7794,0.000000,0.000000,0.000000,above_band_high
2026-08-05T10:34:00Z,95.7870,0.000000,0.000000,0.000000,above_band_high
2026-08-05T10:35:00Z,95.7061,0.000000,0.000000,0.000000,above_band_high
2026-08-05T10:36:00Z,95.7427,0.000000,0.000000,0.000000,above_band_high
2026-08-05T10:37:00Z,95.7473,0.000000,0.000000,0.000000,above_band_high
2026-08-05T10:38:00Z,95.8053,0.000000,0.000000,0.000000,above_band_high
2026-08-05T10:39:00Z,95.7519,0.000000,0.000000,0.000000,above_band_high
2026-08-05T10:40:00Z,95.7366,0.000000,0.000000,0.000000,above_band_high
2026-08-05T10:41:00Z,95.7092,0.000000,0.000000,0.000000,above_band_high
2026-08-05T10:42:00Z,95.7290,0.000000,0.000000,0.000000,above_band_high
2026-08-05T10:43:00Z,95.7336,0.000000,0.000000,0.000000,above_band_high
2026-08-05T10:44:00Z,95.7824,0.000000,0.000000,0.000000,above_band_high
2026-08-05T10:45:00Z,95.7748,0.000000,0.000000,0.000000,above_band_high
2026-08-05T10:46:00Z,95.7244,0.000000,0.000000,0.000000,above_band_high
2026-08-05T10:47:00Z,95.7336,0.000000,0.000000,0.000000,above_band_high
2026-08-05T10:48:00Z,95.7336,0.000000,0.000000,0.000000,above_band_high
2026-08-05T10:49:00Z,95.7275,0.000000,0.000000,0.000000,above_band_high
2026-08-05T10:50:00Z,95.7366,0.000000,0.000000,0.000000,above_band_high
2026-08-05T10:51:00Z,95.7275,0.000000,0.000000,0.000000,above_band_high
2026-08-05T10:52:00Z,95.7061,0.000000,0.000000,0.000000,above_band_high
2026-08-05T10:53:00Z,95.7244,0.000000,0.000000,0.000000,above_band_high
2026-08-05T10:54:00Z,95.7366,0.000000,0.000000,0.000000,above_band_high
2026-08-05T10:55:00Z,95.7382,0.000000,0.000000,0.000000,above_band_high
2026-08-05T10:56:00Z,95.7321,0.000000,0.000000,0.000000,above_band_high
2026-08-05T10:57:00Z,95.7702,0.000000,0.000000,0.000000,above_band_high
2026-08-05T10:58:00Z,95.7641,0.000000,0.000000,0.000000,above_band_high
2026-08-05T10:59:00Z,95.7824,0.000000,0.000000,0.000000,above_band_high
2026-08-05T11:00:00Z,95.7549,0.000000,0.000000,0.000000,above_band_high
2026-08-05T11:01:00Z,95.7427,0.000000,0.000000,0.000000,above_band_high
2026-08-05T11:02:00Z,95.7610,0.000000,0.000000,0.000000,above_band_high
2026-08-05T11:03:00Z,95.8114,0.000000,0.000000,0.000000,above_band_high
2026-08-05T11:04:00Z,95.7778,0.000000,0.000000,0.000000,above_band_high
2026-08-05T11:05:00Z,95.7824,0.000000,0.000000,0.000000,above_band_high
2026-08-05T11:06:00Z,95.7656,0.000000,0.000000,0.000000,above_band_high
2026-08-05T11:07:00Z,95.7839,0.000000,0.000000,0.000000,above_band_high
2026-08-05T11:08:00Z,95.7961,0.000000,0.000000,0.000000,above_band_high
2026-08-05T11:09:00Z,95.7687,0.000000,0.000000,0.000000,above_band_high
2026-08-05T11:10:00Z,95.7595,0.000000,0.000000,0.000000,above_band_high
2026-08-05T11:11:00Z,95.7839,0.000000,0.000000,0.000000,above_band_high
2026-08-05T11:12:00Z,95.7687,0.000000,0.000000,0.000000,above_band_high
2026-08-05T11:13:00Z,95.7519,0.000000,0.000000,0.000000,above_band_high
2026-08-05T11:14:00Z,95.7885,0.000000,0.000000,0.000000,above_band_high
2026-08-05T11:15:00Z,95.7839,0.000000,0.000000,0.000000,above_band_high
2026-08-05T11:16:00Z,95.7458,0.000000,0.000000,0.000000,above_band_high
2026-08-05T11:17:00Z,95.8053,0.000000,0.000000,0.000000,above_band_high
2026-08-05T11:18:00Z,95.7839,0.000000,0.000000,0.000000,above_band_high
2026-08-05T11:19:00Z,95.7702,0.000000,0.000000,0.000000,above_band_high
2026-08-05T11:20:00Z,95.7778,0.000000,0.000000,0.000000,above_band_high
2026-08-05T11:21:00Z,95.8480,0.000000,0.000000,0.000000,above_band_high
2026-08-05T11:22:00Z,95.8145,0.000000,0.000000,0.000000,above_band_high
2026-08-05T11:23:00Z,95.8114,0.000000,0.000000,0.000000,above_band_high
2026-08-05T11:24:00Z,95.8389,0.000000,0.000000,0.000000,above_band_high
2026-08-05T11:25:00Z,95.8236,0.000000,0.000000,0.000000,above_band_high
2026-08-05T11:26:00Z,95.8053,0.000000,0.000000,0.000000,above_band_high
2026-08-05T11:27:00Z,95.8022,0.000000,0.000000,0.000000,above_band_high
2026-08-05T11:28:00Z,95.7885,0.000000,0.000000,0.000000,above_band_high
2026-08-05T11:29:00Z,95.8206,0.000000,0.000000,0.000000,above_band_high
2026-08-05T11:30:00Z,95.7549,0.000000,0.000000,0.000000,above_band_high
2026-08-05T11:31:00Z,95.7885,0.000000,0.000000,0.000000,above_band_high
2026-08-05T11:32:00Z,95.7778,0.000000,0.000000,0.000000,above_band_high
2026-08-05T11:33:00Z,95.7275,0.000000,0.000000,0.000000,above_band_high
2026-08-05T11:34:00Z,95.7473,0.000000,0.000000,0.000000,above_band_high
2026-08-05T11:35:00Z,95.7229,0.000000,0.000000,0.000000,above_band_high
2026-08-05T11:36:00Z,95.6909,0.000000,0.000000,0.000000,above_band_high
2026-08-05T11:37:00Z,95.7000,0.000000,0.000000,0.000000,above_band_high
2026-08-05T11:38:00Z,95.6832,0.000000,0.000000,0.000000,above_band_high
2026-08-05T11:39:00Z,95.6771,0.000000,0.000000,0.000000,above_band_high
2026-08-05T11:40:00Z,95.6817,0.000000,0.000000,0.000000,above_band_high
2026-08-05T11:41:00Z,95.7015,0.000000,0.000000,0.000000,above_band_high
2026-08-05T11:42:00Z,95.6725,0.000000,0.000000,0.000000,above_band_high
2026-08-05T11:43:00Z,95.6924,0.000000,0.000000,0.000000,above_band_high
2026-08-05T11:44:00Z,95.6954,0.000000,0.000000,0.000000,above_band_high
2026-08-05T11:45:00Z,95.7061,0.000000,0.000000,0.000000,above_band_high
2026-08-05T11:46:00Z,95.7061,0.000000,0.000000,0.000000,above_band_high
2026-08-05T11:47:00Z,95.6924,0.000000,0.000000,0.000000,above_band_high
2026-08-05T11:48:00Z,95.6909,0.000000,0.000000,0.000000,above_band_high
2026-08-05T11:49:00Z,95.7244,0.000000,0.000000,0.000000,above_band_high
2026-08-05T11:50:00Z,95.7015,0.000000,0.000000,0.000000,above_band_high
2026-08-05T11:51:00Z,95.6832,0.000000,0.000000,0.000000,above_band_high
2026-08-05T11:52:00Z,95.6909,0.000000,0.000000,0.000000,above_band_high
2026-08-05T11:53:00Z,95.6741,0.000000,0.000000,0.000000,above_band_high
2026-08-05T11:54:00Z,95.6649,0.000000,0.000000,0.000000,above_band_high
2026-08-05T11:55:00Z,95.6786,0.000000,0.000000,0.000000,above_band_high
2026-08-05T11:56:00Z,95.7198,0.000000,0.000000,0.000000,above_band_high
2026-08-05T11:57:00Z,95.7061,0.000000,0.000000,0.000000,above_band_high
2026-08-05T11:58:00Z,95.6863,0.000000,0.000000,0.000000,above_band_high
2026-08-05T11:59:00Z,95.7321,0.000000,0.000000,0.000000,above_band_high
2026-08-05T12:00:00Z,95.7275,0.000000,0.000000,0.000000,above_band_high
2026-08-05T12:01:00Z,95.7244,0.000000,0.000000,0.000000,above_band_high
2026-08-05T12:02:00Z,95.7321,0.000000,0.000000,0.000000,above_band_high
2026-08-05T12:03:00Z,95.7137,0.000000,0.000000,0.000000,above_band_high
2026-08-05T12:04:00Z,95.6909,0.000000,0.000000,0.000000,above_band_high
2026-08-05T12:05:00Z,95.6863,0.000000,0.000000,0.000000,above_band_high
2026-08-05T12:06:00Z,95.6909,0.000000,0.000000,0.000000,above_band_high
2026-08-05T12:07:00Z,95.6970,0.000000,0.000000,0.000000,above_band_high
2026-08-05T12:08:00Z,95.6878,0.000000,0.000000,0.000000,above_band_high
2026-08-05T12:09:00Z,95.6680,0.000000,0.000000,0.000000,above_band_high
2026-08-05T12:10:00Z,95.6786,0.000000,0.000000,0.000000,above_band_high
2026-08-05T12:11:00Z,95.6313,0.000000,0.000000,0.000000,above_band_high
2026-08-05T12:12:00Z,95.6542,0.000000,0.000000,0.000000,above_band_high
2026-08-05T12:13:00Z,95.6054,0.000000,0.000000,0.000000,above_band_high
2026-08-05T12:14:00Z,95.5947,0.000000,0.000000,0.000000,above_band_high
2026-08-05T12:15:00Z,95.6085,0.000000,0.000000,0.000000,above_band_high
2026-08-05T12:16:00Z,95.6130,0.000000,0.000000,0.000000,above_band_high
2026-08-05T12:17:00Z,95.5627,0.000000,0.000000,0.000000,above_band_high
2026-08-05T12:18:00Z,95.5673,0.000000,0.000000,0.000000,above_band_high
2026-08-05T12:19:00Z,95.5581,0.000000,0.000000,0.000000,above_band_high
2026-08-05T12:20:00Z,95.5673,0.000000,0.000000,0.000000,above_band_high
2026-08-05T12:21:00Z,95.5352,0.000000,0.000000,0.000000,above_band_high
2026-08-05T12:22:00Z,95.5138,0.000000,0.000000,0.000000,above_band_high
2026-08-05T12:23:00Z,95.5352,0.000000,0.000000,0.000000,above_band_high
2026-08-05T12:24:00Z,95.4864,0.000000,0.000000,0.000000,above_band_high
2026-08-05T12:25:00Z,95.5306,0.000000,0.000000,0.000000,above_band_high
2026-08-05T12:26:00Z,95.4681,0.000000,0.000000,0.000000,above_band_high
2026-08-05T12:27:00Z,95.4864,0.000000,0.000000,0.000000,above_band_high
2026-08-05T12:28:00Z,95.4574,0.000000,0.000000,0.000000,above_band_high
2026-08-05T12:29:00Z,95.4757,0.000000,0.000000,0.000000,above_band_high
2026-08-05T12:30:00Z,95.4452,0.000000,0.000000,0.000000,above_band_high
2026-08-05T12:31:00Z,95.4208,0.000000,0.000000,0.000000,above_band_high
2026-08-05T12:32:00Z,95.4406,0.000000,0.000000,0.000000,above_band_high
2026-08-05T12:33:00Z,95.4025,0.000000,0.000000,0.000000,above_band_high
2026-08-05T12:34:00Z,95.3979,0.000000,0.000000,0.000000,above_band_high
2026-08-05T12:35:00Z,95.3674,0.000000,0.000000,0.000000,above_band_high
2026-08-05T12:36:00Z,95.3994,0.000000,0.000000,0.000000,above_band_high
2026-08-05T12:37:00Z,95.4086,0.000000,0.000000,0.000000,above_band_high
2026-08-05T12:38:00Z,95.3353,0.000000,0.000000,0.000000,above_band_high
2026-08-05T12:39:00Z,95.3704,0.000000,0.000000,0.000000,above_band_high
2026-08-05T12:40:00Z,95.3246,0.000000,0.000000,0.000000,above_band_high
2026-08-05T12:41:00Z,95.3628,0.000000,0.000000,0.000000,above_band_high
2026-08-05T12:42:00Z,95.3933,0.000000,0.000000,0.000000,above_band_high
2026-08-05T12:43:00Z,95.3811,0.000000,0.000000,0.000000,above_band_high
2026-08-05T12:44:00Z,95.3155,0.000000,0.000000,0.000000,above_band_high
2026-08-05T12:45:00Z,95.2987,0.000000,0.000000,0.000000,above_band_high
2026-08-05T12:46:00Z,95.3292,0.000000,0.000000,0.000000,above_band_high
2026-08-05T12:47:00Z,95.2834,0.000000,0.000000,0.000000,above_band_high
2026-08-05T12:48:00Z,95.2575,0.000000,0.000000,0.000000,above_band_high
2026-08-05T12:49:00Z,95.2529,0.000000,0.000000,0.000000,above_band_high
2026-08-05T12:50:00Z,95.2529,0.000000,0.000000,0.000000,above_band_high
2026-08-05T12:51:00Z,95.2605,0.000000,0.000000,0.000000,above_band_high
2026-08-05T12:52:00Z,95.2300,0.000000,0.000000,0.000000,above_band_high
2026-08-05T12:53:00Z,95.2377,0.000000,0.000000,0.000000,above_band_high
2026-08-05T12:54:00Z,95.2377,0.000000,0.000000,0.000000,above_band_high
2026-08-05T12:55:00Z,95.2438,0.000000,0.000000,0.000000,above_band_high
2026-08-05T12:56:00Z,95.2438,0.000000,0.000000,0.000000,above_band_high
2026-08-05T12:57:00Z,95.2941,0.000000,0.000000,0.000000,above_band_high
2026-08-05T12:58:00Z,95.2987,0.000000,0.000000,0.000000,above_band_high
2026-08-05T12:59:00Z,95.2972,0.000000,0.000000,0.000000,above_band_high
2026-08-05T13:00:00Z,95.2575,0.000000,0.000000,0.000000,above_band_high
2026-08-05T13:01:00Z,95.3170,0.000000,0.000000,0.000000,above_band_high
2026-08-05T13:02:00Z,95.3429,0.000000,0.000000,0.000000,above_band_high
2026-08-05T13:03:00Z,95.3994,0.000000,0.000000,0.000000,above_band_high
2026-08-05T13:04:00Z,95.4086,0.000000,0.000000,0.000000,above_band_high
2026-08-05T13:05:00Z,95.4437,0.000000,0.000000,0.000000,above_band_high
2026-08-05T13:06:00Z,95.4864,0.000000,0.000000,0.000000,above_band_high
2026-08-05T13:07:00Z,95.4391,0.000000,0.000000,0.000000,above_band_high
2026-08-05T13:08:00Z,95.4025,0.000000,0.000000,0.000000,above_band_high
2026-08-05T13:09:00Z,95.3307,0.000000,0.000000,0.000000,above_band_high
2026-08-05T13:10:00Z,95.2712,0.000000,0.000000,0.000000,above_band_high
2026-08-05T13:11:00Z,95.2163,0.000000,0.000000,0.000000,above_band_high
2026-08-05T13:12:00Z,95.1385,0.000000,0.000000,0.000000,above_band_high
2026-08-05T13:13:00Z,95.0958,0.000000,0.000000,0.000000,above_band_high
2026-08-05T13:14:00Z,95.0637,0.000000,0.000000,0.000000,above_band_high
2026-08-05T13:15:00Z,94.9630,0.000000,0.000000,0.000000,above_band_high
2026-08-05T13:16:00Z,94.9416,0.000000,0.000000,0.000000,above_band_high
2026-08-05T13:17:00Z,94.8730,0.000000,0.000000,0.000000,above_band_high
2026-08-05T13:18:00Z,94.8501,0.000000,0.000000,0.000000,above_band_high
2026-08-05T13:19:00Z,94.7951,0.000000,0.000000,0.000000,above_band_high
2026-08-05T13:20:00Z,94.7539,0.000000,0.000000,0.000000,above_band_high
2026-08-05T13:21:00Z,94.6929,0.000000,0.000000,0.000000,above_band_high
2026-08-05T13:22:00Z,94.6929,0.000000,0.000000,0.000000,above_band_high
2026-08-05T13:23:00Z,94.6517,0.000000,0.000000,0.000000,above_band_high
2026-08-05T13:24:00Z,94.6471,0.000000,0.000000,0.000000,above_band_high
2026-08-05T13:25:00Z,94.6517,0.000000,0.000000,0.000000,above_band_high
2026-08-05T13:26:00Z,94.6120,0.000000,0.000000,0.000000,above_band_high
2026-08-05T13:27:00Z,94.6517,0.000000,0.000000,0.000000,above_band_high
2026-08-05T13:28:00Z,94.6334,0.000000,0.000000,0.000000,above_band_high
2026-08-05T13:29:00Z,94.6609,0.000000,0.000000,0.000000,above_band_high
2026-08-05T13:30:00Z,94.5968,0.000000,0.000000,0.000000,above_band_high
2026-08-05T13:31:00Z,94.6700,0.000000,0.000000,0.000000,above_band_high
2026-08-05T13:32:00Z,94.6670,0.000000,0.000000,0.000000,above_band_high
2026-08-05T13:33:00Z,94.7250,0.000000,0.000000,0.000000,above_band_high
2026-08-05T13:34:00Z,94.6929,0.000000,0.000000,0.000000,above_band_high
2026-08-05T13:35:00Z,94.7127,0.000000,0.000000,0.000000,above_band_high
2026-08-05T13:36:00Z,94.7295,0.000000,0.000000,0.000000,above_band_high
2026-08-05T13:37:00Z,94.7585,0.000000,0.000000,0.000000,above_band_high
2026-08-05T13:38:00Z,94.7662,0.000000,0.000000,0.000000,above_band_high
2026-08-05T13:39:00Z,94.7890,0.000000,0.000000,0.000000,above_band_high
2026-08-05T13:40:00Z,94.7845,0.000000,0.000000,0.000000,above_band_high
2026-08-05T13:41:00Z,94.7906,0.000000,0.000000,0.000000,above_band_high
2026-08-05T13:42:00Z,94.7433,0.000000,0.000000,0.000000,above_band_high
2026-08-05T13:43:00Z,94.7539,0.000000,0.000000,0.000000,above_band_high
2026-08-05T13:44:00Z,94.7707,0.000000,0.000000,0.000000,above_band_high
2026-08-05T13:45:00Z,94.7860,0.000000,0.000000,0.000000,above_band_high
2026-08-05T13:46:00Z,94.7799,0.000000,0.000000,0.000000,above_band_high
2026-08-05T13:47:00Z,94.7250,0.000000,0.000000,0.000000,above_band_high
2026-08-05T13:48:00Z,94.8028,0.000000,0.000000,0.000000,above_band_high
2026-08-05T13:49:00Z,94.7799,0.000000,0.000000,0.000000,above_band_high
2026-08-05T13:50:00Z,94.7799,0.000000,0.000000,0.000000,above_band_high
2026-08-05T13:51:00Z,94.7860,0.000000,0.000000,0.000000,above_band_high
2026-08-05T13:52:00Z,94.7585,0.000000,0.000000,0.000000,above_band_high
2026-08-05T13:53:00Z,94.8226,0.000000,0.000000,0.000000,above_band_high
2026-08-05T13:54:00Z,94.7616,0.000000,0.000000,0.000000,above_band_high
2026-08-05T13:57:54Z,94.7951,0.000000,0.000000,0.000000,above_band_high
2026-08-05T13:58:00Z,94.8074,0.000000,0.000000,0.000000,above_band_high
2026-08-05T13:59:00Z,94.8348,0.000000,0.000000,0.000000,above_band_high
2026-08-05T14:00:00Z,94.8348,0.000000,0.000000,0.000000,above_band_high
2026-08-05T14:01:00Z,94.8547,0.000000,0.000000,0.000000,above_band_high
2026-08-05T14:02:00Z,94.8180,0.000000,0.000000,0.000000,above_band_high
2026-08-05T14:03:00Z,94.8257,0.000000,0.000000,0.000000,above_band_high
2026-08-05T14:04:00Z,94.8318,0.000000,0.000000,0.000000,above_band_high
2026-08-05T14:05:00Z,94.8440,0.000000,0.000000,0.000000,above_band_high
2026-08-05T14:06:00Z,94.8775,0.000000,0.000000,0.000000,above_band_high
2026-08-05T14:07:00Z,94.8714,0.000000,0.000000,0.000000,above_band_high
2026-08-05T14:08:00Z,94.8821,0.000000,0.000000,0.000000,above_band_high
2026-08-05T14:09:00Z,94.8714,0.000000,0.000000,0.000000,above_band_high
2026-08-05T14:10:00Z,94.8943,0.000000,0.000000,0.000000,above_band_high
2026-08-05T14:13:43Z,94.9447,0.000000,0.000000,0.000000,above_band_high
2026-08-05T14:14:00Z,94.9599,0.000000,0.000000,0.000000,above_band_high
2026-08-05T14:15:00Z,94.9447,0.000000,0.000000,0.000000,above_band_high
2026-08-05T14:16:00Z,94.9828,0.000000,0.000000,0.000000,above_band_high
2026-08-05T14:17:00Z,94.9920,0.000000,0.000000,0.000000,above_band_high
2026-08-05T14:18:00Z,94.9859,0.000000,0.000000,0.000000,above_band_high
2026-08-05T14:19:00Z,94.9996,0.000000,0.000000,0.000000,above_band_high
2026-08-05T14:20:00Z,94.9859,0.000000,0.000000,0.000000,above_band_high
2026-08-05T14:21:00Z,95.0179,0.000000,0.000000,0.000000,above_band_high
2026-08-05T14:22:00Z,95.0179,0.000000,0.000000,0.000000,above_band_high
2026-08-05T14:23:00Z,95.0317,0.000000,0.000000,0.000000,above_band_high
2026-08-05T14:24:00Z,95.0378,0.000000,0.000000,0.000000,above_band_high
2026-08-05T14:25:00Z,94.9813,0.000000,0.000000,0.000000,above_band_high
2026-08-05T14:26:00Z,94.9996,0.000000,0.000000,0.000000,above_band_high
2026-08-05T14:27:00Z,95.0149,0.000000,0.000000,0.000000,above_band_high
2026-08-05T14:28:00Z,95.0134,0.000000,0.000000,0.000000,above_band_high
2026-08-05T14:29:00Z,95.0134,0.000000,0.000000,0.000000,above_band_high
2026-08-05T14:30:00Z,95.0088,0.000000,0.000000,0.000000,above_band_high
2026-08-05T14:31:00Z,94.9874,0.000000,0.000000,0.000000,above_band_high
2026-08-05T14:32:00Z,95.0179,0.000000,0.000000,0.000000,above_band_high
2026-08-05T14:33:00Z,95.0469,0.000000,0.000000,0.000000,above_band_high
2026-08-05T14:34:00Z,95.0683,0.000000,0.000000,0.000000,above_band_high
2026-08-05T14:35:00Z,95.0179,0.000000,0.000000,0.000000,above_band_high
2026-08-05T14:36:00Z,95.0774,0.000000,0.000000,0.000000,above_band_high
2026-08-05T14:37:00Z,95.0774,0.000000,0.000000,0.000000,above_band_high
2026-08-05T14:38:00Z,95.0607,0.000000,0.000000,0.000000,above_band_high
2026-08-05T14:39:00Z,95.0820,0.000000,0.000000,0.000000,above_band_high
2026-08-05T14:40:00Z,95.1019,0.000000,0.000000,0.000000,above_band_high
2026-08-05T14:41:00Z,95.0973,0.000000,0.000000,0.000000,above_band_high
2026-08-05T14:42:00Z,95.1278,0.000000,0.000000,0.000000,above_band_high
2026-08-05T14:43:00Z,95.1232,0.000000,0.000000,0.000000,above_band_high
2026-08-05T14:44:00Z,95.1781,0.000000,0.000000,0.000000,above_band_high
2026-08-05T14:45:00Z,95.2010,0.000000,0.000000,0.000000,above_band_high
2026-08-05T14:46:00Z,95.2422,0.000000,0.000000,0.000000,above_band_high
2026-08-05T14:47:00Z,95.1873,0.000000,0.000000,0.000000,above_band_high
2026-08-05T14:48:00Z,95.2483,0.000000,0.000000,0.000000,above_band_high
2026-08-05T14:49:00Z,95.2422,0.000000,0.000000,0.000000,above_band_high
2026-08-05T14:50:00Z,95.2789,0.000000,0.000000,0.000000,above_band_high
2026-08-05T14:51:00Z,95.2834,0.000000,0.000000,0.000000,above_band_high
2026-08-05T14:52:00Z,95.3170,0.000000,0.000000,0.000000,above_band_high
2026-08-05T14:53:00Z,95.3719,0.000000,0.000000,0.000000,above_band_high
2026-08-05T14:54:00Z,95.3353,0.000000,0.000000,0.000000,above_band_high
2026-08-05T14:55:00Z,95.4040,0.000000,0.000000,0.000000,above_band_high
2026-08-05T14:56:00Z,95.4360,0.000000,0.000000,0.000000,above_band_high
2026-08-05T14:57:00Z,95.4574,0.000000,0.000000,0.000000,above_band_high
2026-08-05T14:58:00Z,95.5215,0.000000,0.000000,0.000000,above_band_high
2026-08-05T14:59:00Z,95.5505,0.000000,0.000000,0.000000,above_band_high
2026-08-05T15:00:00Z,95.5734,0.000000,0.000000,0.000000,above_band_high
2026-08-05T15:01:00Z,95.5917,0.000000,0.000000,0.000000,above_band_high
2026-08-05T15:02:00Z,95.5596,0.000000,0.000000,0.000000,above_band_high
2026-08-05T15:03:00Z,95.6085,0.000000,0.000000,0.000000,above_band_high
2026-08-05T15:04:00Z,95.6268,0.000000,0.000000,0.000000,above_band_high
2026-08-05T15:05:00Z,95.6603,0.000000,0.000000,0.000000,above_band_high
2026-08-05T15:06:00Z,95.6054,0.000000,0.000000,0.000000,above_band_high
2026-08-05T15:07:00Z,95.7061,0.000000,0.000000,0.000000,above_band_high
2026-08-05T15:08:00Z,95.6603,0.000000,0.000000,0.000000,above_band_high
2026-08-05T15:09:00Z,95.6741,0.000000,0.000000,0.000000,above_band_high
2026-08-05T15:10:00Z,95.6878,0.000000,0.000000,0.000000,above_band_high
2026-08-05T15:11:00Z,95.7229,0.000000,0.000000,0.000000,above_band_high
2026-08-05T15:15:26Z,95.8022,0.000000,0.000000,0.000000,above_band_high
2026-08-05T15:16:00Z,95.7961,0.000000,0.000000,0.000000,above_band_high
2026-08-05T15:17:00Z,95.8328,0.000000,0.000000,0.000000,above_band_high
2026-08-05T15:18:00Z,95.8419,0.000000,0.000000,0.000000,above_band_high
2026-08-05T15:19:00Z,95.8236,0.000000,0.000000,0.000000,above_band_high
2026-08-05T15:20:00Z,95.8465,0.000000,0.000000,0.000000,above_band_high
2026-08-05T15:21:00Z,95.8877,0.000000,0.000000,0.000000,above_band_high
2026-08-05T15:22:00Z,95.8923,0.000000,0.000000,0.000000,above_band_high
2026-08-05T15:23:00Z,95.8190,0.000000,0.000000,0.000000,above_band_high
2026-08-05T15:24:00Z,95.8892,0.000000,0.000000,0.000000,above_band_high
2026-08-05T15:25:00Z,95.8846,0.000000,0.000000,0.000000,above_band_high
2026-08-05T15:26:00Z,95.9075,0.000000,0.000000,0.000000,above_band_high
2026-08-05T15:27:00Z,95.8984,0.000000,0.000000,0.000000,above_band_high
2026-08-05T15:28:00Z,95.9106,0.000000,0.000000,0.000000,above_band_high
2026-08-05T15:29:00Z,95.9442,0.000000,0.000000,0.000000,above_band_high
2026-08-05T15:30:00Z,95.9442,0.000000,0.000000,0.000000,above_band_high
2026-08-05T15:31:00Z,95.9197,0.000000,0.000000,0.000000,above_band_high
2026-08-05T15:32:00Z,95.9487,0.000000,0.000000,0.000000,above_band_high
2026-08-05T15:33:00Z,95.9442,0.000000,0.000000,0.000000,above_band_high
2026-08-05T15:34:00Z,95.9670,0.000000,0.000000,0.000000,above_band_high
2026-08-05T15:35:00Z,95.9289,0.000000,0.000000,0.000000,above_band_high
2026-08-05T15:36:00Z,95.9472,0.000000,0.000000,0.000000,above_band_high
2026-08-05T15:37:00Z,95.9670,0.000000,0.000000,0.000000,above_band_high
2026-08-05T15:38:00Z,95.9655,0.000000,0.000000,0.000000,above_band_high
2026-08-05T15:39:00Z,95.9579,0.000000,0.000000,0.000000,above_band_high
2026-08-05T15:40:00Z,95.9487,0.000000,0.000000,0.000000,above_band_high
2026-08-05T15:41:00Z,95.9716,0.000000,0.000000,0.000000,above_band_high
2026-08-05T15:42:00Z,95.9976,0.000000,0.000000,0.000000,above_band_high
2026-08-05T15:43:00Z,95.9426,0.000000,0.000000,0.000000,above_band_high
2026-08-05T15:44:00Z,95.9884,0.000000,0.000000,0.000000,above_band_high
2026-08-05T15:45:00Z,95.9670,0.000000,0.000000,0.000000,above_band_high
2026-08-05T15:46:00Z,95.9380,0.000000,0.000000,0.000000,above_band_high
2026-08-05T15:47:00Z,95.9442,0.000000,0.000000,0.000000,above_band_high
2026-08-05T15:48:00Z,95.9442,0.000000,0.000000,0.000000,above_band_high
2026-08-05T15:49:00Z,95.9197,0.000000,0.000000,0.000000,above_band_high
2026-08-05T15:50:00Z,95.8801,0.000000,0.000000,0.000000,above_band_high
2026-08-05T15:51:00Z,95.8572,0.000000,0.000000,0.000000,above_band_high
2026-08-05T15:52:00Z,95.8251,0.000000,0.000000,0.000000,above_band_high
2026-08-05T15:53:00Z,95.8251,0.000000,0.000000,0.000000,above_band_high
2026-08-05T15:54:00Z,95.8251,0.000000,0.000000,0.000000,above_band_high
2026-08-05T15:55:00Z,95.7595,0.000000,0.000000,0.000000,above_band_high
2026-08-05T15:56:00Z,95.7061,0.000000,0.000000,0.000000,above_band_high
2026-08-05T15:57:00Z,95.6863,0.000000,0.000000,0.000000,above_band_high
2026-08-05T15:58:00Z,95.6741,0.000000,0.000000,0.000000,above_band_high
2026-08-05T15:59:00Z,95.6100,0.000000,0.000000,0.000000,above_band_high
2026-08-05T16:00:00Z,95.5444,0.000000,0.000000,0.000000,above_band_high
2026-08-05T16:01:00Z,95.5718,0.000000,0.000000,0.000000,above_band_high
2026-08-05T16:02:00Z,95.5138,0.000000,0.000000,0.000000,above_band_high
2026-08-05T16:03:00Z,95.4482,0.000000,0.000000,0.000000,above_band_high
2026-08-05T16:04:00Z,95.4253,0.000000,0.000000,0.000000,above_band_high
2026-08-05T16:05:00Z,95.3567,0.000000,0.000000,0.000000,above_band_high
2026-08-05T16:06:00Z,95.3246,0.000000,0.000000,0.000000,above_band_high
2026-08-05T16:07:00Z,95.2987,0.000000,0.000000,0.000000,above_band_high
2026-08-05T16:08:00Z,95.2789,0.000000,0.000000,0.000000,above_band_high
2026-08-05T16:09:00Z,95.2255,0.000000,0.000000,0.000000,above_band_high
2026-08-05T16:10:00Z,95.1827,0.000000,0.000000,0.000000,above_band_high
2026-08-05T16:11:00Z,95.1690,0.000000,0.000000,0.000000,above_band_high
2026-08-05T16:12:00Z,95.1141,0.000000,0.000000,0.000000,above_band_high
2026-08-05T16:13:00Z,95.1095,0.000000,0.000000,0.000000,above_band_high
2026-08-05T16:14:00Z,95.1019,0.000000,0.000000,0.000000,above_band_high
2026-08-05T16:15:00Z,95.1049,0.000000,0.000000,0.000000,above_band_high
2026-08-05T16:16:00Z,95.0683,0.000000,0.000000,0.000000,above_band_high
2026-08-05T16:17:00Z,95.0790,0.000000,0.000000,0.000000,above_band_high
2026-08-05T16:18:00Z,95.0317,0.000000,0.000000,0.000000,above_band_high
2026-08-05T16:19:00Z,95.0408,0.000000,0.000000,0.000000,above_band_high
2026-08-05T16:20:00Z,95.0469,0.000000,0.000000,0.000000,above_band_high
2026-08-05T16:21:00Z,95.0408,0.000000,0.000000,0.000000,above_band_high
2026-08-05T16:22:00Z,95.0362,0.000000,0.000000,0.000000,above_band_high
2026-08-05T16:23:00Z,95.0591,0.000000,0.000000,0.000000,above_band_high
2026-08-05T16:24:00Z,95.0607,0.000000,0.000000,0.000000,above_band_high
2026-08-05T16:25:00Z,95.0744,0.000000,0.000000,0.000000,above_band_high
2026-08-05T16:26:00Z,95.0866,0.000000,0.000000,0.000000,above_band_high
2026-08-05T16:27:00Z,95.0683,0.000000,0.000000,0.000000,above_band_high
2026-08-05T16:28:00Z,95.0591,0.000000,0.000000,0.000000,above_band_high
2026-08-05T16:29:00Z,95.1064,0.000000,0.000000,0.000000,above_band_high
2026-08-05T16:30:00Z,95.0790,0.000000,0.000000,0.000000,above_band_high
2026-08-05T16:31:00Z,95.0881,0.000000,0.000000,0.000000,above_band_high
2026-08-05T16:32:00Z,95.0973,0.000000,0.000000,0.000000,above_band_high
2026-08-05T16:33:00Z,95.0927,0.000000,0.000000,0.000000,above_band_high
2026-08-05T16:34:00Z,95.1339,0.000000,0.000000,0.000000,above_band_high
2026-08-05T16:35:00Z,95.1553,0.000000,0.000000,0.000000,above_band_high
2026-08-05T16:36:00Z,95.2056,0.000000,0.000000,0.000000,above_band_high
2026-08-05T16:37:00Z,95.2514,0.000000,0.000000,0.000000,above_band_high
2026-08-05T16:38:00Z,95.2789,0.000000,0.000000,0.000000,above_band_high
2026-08-05T16:39:00Z,95.3582,0.000000,0.000000,0.000000,above_band_high
2026-08-05T16:40:00Z,95.3307,0.000000,0.000000,0.000000,above_band_high
2026-08-05T16:41:00Z,95.3445,0.000000,0.000000,0.000000,above_band_high
2026-08-05T16:42:00Z,95.3613,0.000000,0.000000,0.000000,above_band_high
2026-08-05T16:43:00Z,95.3262,0.000000,0.000000,0.000000,above_band_high
2026-08-05T16:44:00Z,95.3109,0.000000,0.000000,0.000000,above_band_high
2026-08-05T16:45:00Z,95.2880,0.000000,0.000000,0.000000,above_band_high
2026-08-05T16:46:00Z,95.3155,0.000000,0.000000,0.000000,above_band_high
2026-08-05T16:47:00Z,95.2743,0.000000,0.000000,0.000000,above_band_high
2026-08-05T16:48:00Z,95.2697,0.000000,0.000000,0.000000,above_band_high
2026-08-05T16:49:00Z,95.2605,0.000000,0.000000,0.000000,above_band_high
2026-08-05T16:50:00Z,95.2575,0.000000,0.000000,0.000000,above_band_high
2026-08-05T16:51:00Z,95.2483,0.000000,0.000000,0.000000,above_band_high
2026-08-05T16:52:00Z,95.2239,0.000000,0.000000,0.000000,above_band_high
2026-08-05T16:53:00Z,95.2422,0.000000,0.000000,0.000000,above_band_high
2026-08-05T16:54:00Z,95.1980,0.000000,0.000000,0.000000,above_band_high
2026-08-05T16:55:00Z,95.1888,0.000000,0.000000,0.000000,above_band_high
2026-08-05T16:56:00Z,95.1705,0.000000,0.000000,0.000000,above_band_high
2026-08-05T16:57:00Z,95.1705,0.000000,0.000000,0.000000,above_band_high
2026-08-05T16:58:00Z,95.1507,0.000000,0.000000,0.000000,above_band_high
2026-08-05T16:59:00Z,95.1385,0.000000,0.000000,0.000000,above_band_high
2026-08-05T17:00:00Z,95.1110,0.000000,0.000000,0.000000,above_band_high
2026-08-05T17:01:00Z,95.1049,0.000000,0.000000,0.000000,above_band_high
2026-08-05T17:02:00Z,95.1369,0.000000,0.000000,0.000000,above_band_high
2026-08-05T17:03:00Z,95.0881,0.000000,0.000000,0.000000,above_band_high
2026-08-05T17:04:00Z,95.1247,0.000000,0.000000,0.000000,above_band_high
2026-08-05T17:05:00Z,95.0591,0.000000,0.000000,0.000000,above_band_high
2026-08-05T17:06:00Z,95.0790,0.000000,0.000000,0.000000,above_band_high
2026-08-05T17:07:00Z,95.0637,0.000000,0.000000,0.000000,above_band_high
2026-08-05T17:08:00Z,95.0866,0.000000,0.000000,0.000000,above_band_high
2026-08-05T17:09:00Z,95.0423,0.000000,0.000000,0.000000,above_band_high
2026-08-05T17:10:00Z,95.0408,0.000000,0.000000,0.000000,above_band_high
2026-08-05T17:11:00Z,95.0500,0.000000,0.000000,0.000000,above_band_high
2026-08-05T17:12:00Z,95.0515,0.000000,0.000000,0.000000,above_band_high
2026-08-05T17:13:00Z,95.0454,0.000000,0.000000,0.000000,above_band_high
2026-08-05T17:14:00Z,95.0515,0.000000,0.000000,0.000000,above_band_high
2026-08-05T17:15:00Z,95.0378,0.000000,0.000000,0.000000,above_band_high
2026-08-05T17:16:00Z,95.0607,0.000000,0.000000,0.000000,above_band_high
2026-08-05T17:17:00Z,95.0607,0.000000,0.000000,0.000000,above_band_high
2026-08-05T17:18:00Z,95.0515,0.000000,0.000000,0.000000,above_band_high
2026-08-05T17:19:00Z,95.0912,0.000000,0.000000,0.000000,above_band_high
2026-08-05T17:20:00Z,95.0774,0.000000,0.000000,0.000000,above_band_high
2026-08-05T17:21:00Z,95.0561,0.000000,0.000000,0.000000,above_band_high
2026-08-05T17:22:00Z,95.0698,0.000000,0.000000,0.000000,above_band_high
2026-08-05T17:23:00Z,95.0790,0.000000,0.000000,0.000000,above_band_high
2026-08-05T17:24:00Z,95.0912,0.000000,0.000000,0.000000,above_band_high
2026-08-05T17:25:00Z,95.0973,0.000000,0.000000,0.000000,above_band_high
2026-08-05T17:26:00Z,95.0927,0.000000,0.000000,0.000000,above_band_high
2026-08-05T17:27:00Z,95.0774,0.000000,0.000000,0.000000,above_band_high
2026-08-05T17:28:00Z,95.1232,0.000000,0.000000,0.000000,above_band_high
2026-08-05T17:29:00Z,95.0912,0.000000,0.000000,0.000000,above_band_high
2026-08-05T17:30:00Z,95.0927,0.000000,0.000000,0.000000,above_band_high
2026-08-05T17:31:00Z,95.0866,0.000000,0.000000,0.000000,above_band_high
2026-08-05T17:32:00Z,95.1003,0.000000,0.000000,0.000000,above_band_high
2026-08-05T17:33:00Z,95.1003,0.000000,0.000000,0.000000,above_band_high
2026-08-05T17:34:00Z,95.1247,0.000000,0.000000,0.000000,above_band_high
2026-08-05T17:35:00Z,95.1156,0.000000,0.000000,0.000000,above_band_high
2026-08-05T17:36:00Z,95.1232,0.000000,0.000000,0.000000,above_band_high
2026-08-05T17:37:00Z,95.1110,0.000000,0.000000,0.000000,above_band_high
2026-08-05T17:38:00Z,95.1110,0.000000,0.000000,0.000000,above_band_high
2026-08-05T17:39:00Z,95.1705,0.000000,0.000000,0.000000,above_band_high
2026-08-05T17:40:00Z,95.1553,0.000000,0.000000,0.000000,above_band_high
2026-08-05T17:41:00Z,95.1751,0.000000,0.000000,0.000000,above_band_high
2026-08-05T17:42:00Z,95.2010,0.000000,0.000000,0.000000,above_band_high
2026-08-05T17:43:00Z,95.1888,0.000000,0.000000,0.000000,above_band_high
2026-08-05T17:44:00Z,95.1705,0.000000,0.000000,0.000000,above_band_high
2026-08-05T17:45:00Z,95.1843,0.000000,0.000000,0.000000,above_band_high
2026-08-05T17:46:00Z,95.1934,0.000000,0.000000,0.000000,above_band_high
2026-08-05T17:47:00Z,95.2285,0.000000,0.000000,0.000000,above_band_high
2026-08-05T17:48:00Z,95.2346,0.000000,0.000000,0.000000,above_band_high
2026-08-05T17:49:00Z,95.2514,0.000000,0.000000,0.000000,above_band_high
2026-08-05T17:50:00Z,95.2667,0.000000,0.000000,0.000000,above_band_high
2026-08-05T17:51:00Z,95.2667,0.000000,0.000000,0.000000,above_band_high
2026-08-05T17:52:00Z,95.2712,0.000000,0.000000,0.000000,above_band_high
2026-08-05T17:53:00Z,95.3017,0.000000,0.000000,0.000000,above_band_high
2026-08-05T17:54:00Z,95.3109,0.000000,0.000000,0.000000,above_band_high
2026-08-05T17:55:00Z,95.2789,0.000000,0.000000,0.000000,above_band_high
2026-08-05T17:56:00Z,95.2987,0.000000,0.000000,0.000000,above_band_high
2026-08-05T17:57:00Z,95.3292,0.000000,0.000000,0.000000,above_band_high
2026-08-05T17:58:00Z,95.3582,0.000000,0.000000,0.000000,above_band_high
2026-08-05T17:59:00Z,95.3109,0.000000,0.000000,0.000000,above_band_high
2026-08-05T18:00:00Z,95.3841,0.000000,0.000000,0.000000,above_band_high
2026-08-05T18:01:00Z,95.3750,0.000000,0.000000,0.000000,above_band_high
2026-08-05T18:02:00Z,95.3567,0.000000,0.000000,0.000000,above_band_high
2026-08-05T18:03:00Z,95.3765,0.000000,0.000000,0.000000,above_band_high
2026-08-05T18:04:00Z,95.3857,0.000000,0.000000,0.000000,above_band_high
2026-08-05T18:05:00Z,95.4253,0.000000,0.000000,0.000000,above_band_high
2026-08-05T18:06:00Z,95.3796,0.000000,0.000000,0.000000,above_band_high
2026-08-05T18:07:00Z,95.3521,0.000000,0.000000,0.000000,above_band_high
2026-08-05T18:08:00Z,95.3536,0.000000,0.000000,0.000000,above_band_high
2026-08-05T18:09:00Z,95.3933,0.000000,0.000000,0.000000,above_band_high
2026-08-05T18:10:00Z,95.3567,0.000000,0.000000,0.000000,above_band_high
2026-08-05T18:11:00Z,95.3857,0.000000,0.000000,0.000000,above_band_high
2026-08-05T18:12:00Z,95.3292,0.000000,0.000000,0.000000,above_band_high
2026-08-05T18:13:00Z,95.3262,0.000000,0.000000,0.000000,above_band_high
2026-08-05T18:14:00Z,95.3017,0.000000,0.000000,0.000000,above_band_high
2026-08-05T18:15:00Z,95.3124,0.000000,0.000000,0.000000,above_band_high
2026-08-05T18:16:00Z,95.3063,0.000000,0.000000,0.000000,above_band_high
2026-08-05T18:17:00Z,95.2514,0.000000,0.000000,0.000000,above_band_high
2026-08-05T18:18:00Z,95.2255,0.000000,0.000000,0.000000,above_band_high
2026-08-05T18:19:00Z,95.2377,0.000000,0.000000,0.000000,above_band_high
2026-08-05T18:20:00Z,95.2621,0.000000,0.000000,0.000000,above_band_high
2026-08-05T18:21:00Z,95.2193,0.000000,0.000000,0.000000,above_band_high
2026-08-05T18:22:00Z,95.2056,0.000000,0.000000,0.000000,above_band_high
2026-08-05T18:23:00Z,95.1919,0.000000,0.000000,0.000000,above_band_high
2026-08-05T18:24:00Z,95.1598,0.000000,0.000000,0.000000,above_band_high
2026-08-05T18:25:00Z,95.1690,0.000000,0.000000,0.000000,above_band_high
2026-08-05T18:26:00Z,95.1339,0.000000,0.000000,0.000000,above_band_high
2026-08-05T18:27:00Z,95.1797,0.000000,0.000000,0.000000,above_band_high
2026-08-05T18:28:00Z,95.1522,0.000000,0.000000,0.000000,above_band_high
2026-08-05T18:29:00Z,95.1064,0.000000,0.000000,0.000000,above_band_high
2026-08-05T18:30:00Z,95.1369,0.000000,0.000000,0.000000,above_band_high
2026-08-05T18:31:00Z,95.1415,0.000000,0.000000,0.000000,above_band_high
2026-08-05T18:32:00Z,95.1156,0.000000,0.000000,0.000000,above_band_high
2026-08-05T18:33:00Z,95.1278,0.000000,0.000000,0.000000,above_band_high
2026-08-05T18:34:00Z,95.1156,0.000000,0.000000,0.000000,above_band_high
2026-08-05T18:35:00Z,95.1064,0.000000,0.000000,0.000000,above_band_high
2026-08-05T18:36:00Z,95.1339,0.000000,0.000000,0.000000,above_band_high
2026-08-05T18:37:00Z,95.1156,0.000000,0.000000,0.000000,above_band_high
2026-08-05T18:38:00Z,95.1019,0.000000,0.000000,0.000000,above_band_high
2026-08-05T18:39:00Z,95.1019,0.000000,0.000000,0.000000,above_band_high
2026-08-05T18:40:00Z,95.1293,0.000000,0.000000,0.000000,above_band_high
2026-08-05T18:41:00Z,95.0973,0.000000,0.000000,0.000000,above_band_high
2026-08-05T18:42:00Z,95.1476,0.000000,0.000000,0.000000,above_band_high
2026-08-05T18:43:00Z,95.1339,0.000000,0.000000,0.000000,above_band_high
2026-08-05T18:44:00Z,95.1003,0.000000,0.000000,0.000000,above_band_high
2026-08-05T18:45:00Z,95.1110,0.000000,0.000000,0.000000,above_band_high
2026-08-05T18:46:00Z,95.1507,0.000000,0.000000,0.000000,above_band_high
2026-08-05T18:47:00Z,95.1110,0.000000,0.000000,0.000000,above_band_high
2026-08-05T18:48:00Z,95.1095,0.000000,0.000000,0.000000,above_band_high
2026-08-05T18:49:00Z,95.1003,0.000000,0.000000,0.000000,above_band_high
2026-08-05T18:50:00Z,95.1095,0.000000,0.000000,0.000000,above_band_high
2026-08-05T18:51:00Z,95.1278,0.000000,0.000000,0.000000,above_band_high
2026-08-05T18:52:00Z,95.1278,0.000000,0.000000,0.000000,above_band_high
2026-08-05T18:53:00Z,95.1156,0.000000,0.000000,0.000000,above_band_high
2026-08-05T18:54:00Z,95.1202,0.000000,0.000000,0.000000,above_band_high
2026-08-05T18:55:00Z,95.1461,0.000000,0.000000,0.000000,above_band_high
2026-08-05T18:56:00Z,95.1431,0.000000,0.000000,0.000000,above_band_high
2026-08-05T18:57:00Z,95.1232,0.000000,0.000000,0.000000,above_band_high
2026-08-05T18:58:00Z,95.0927,0.000000,0.000000,0.000000,above_band_high
2026-08-05T18:59:00Z,95.1278,0.000000,0.000000,0.000000,above_band_high
2026-08-05T19:00:00Z,95.1369,0.000000,0.000000,0.000000,above_band_high
2026-08-05T19:01:00Z,95.1278,0.000000,0.000000,0.000000,above_band_high
2026-08-05T19:02:00Z,95.1385,0.000000,0.000000,0.000000,above_band_high
2026-08-05T19:03:00Z,95.1659,0.000000,0.000000,0.000000,above_band_high
2026-08-05T19:04:00Z,95.1614,0.000000,0.000000,0.000000,above_band_high
2026-08-05T19:05:00Z,95.1934,0.000000,0.000000,0.000000,above_band_high
2026-08-05T19:06:00Z,95.1751,0.000000,0.000000,0.000000,above_band_high
2026-08-05T19:07:00Z,95.2148,0.000000,0.000000,0.000000,above_band_high
2026-08-05T19:08:00Z,95.2071,0.000000,0.000000,0.000000,above_band_high
2026-08-05T19:09:00Z,95.2239,0.000000,0.000000,0.000000,above_band_high
2026-08-05T19:10:00Z,95.2926,0.000000,0.000000,0.000000,above_band_high
2026-08-05T19:11:00Z,95.2758,0.000000,0.000000,0.000000,above_band_high
2026-08-05T19:12:00Z,95.2926,0.000000,0.000000,0.000000,above_band_high
2026-08-05T19:13:00Z,95.3155,0.000000,0.000000,0.000000,above_band_high
2026-08-05T19:14:00Z,95.2987,0.000000,0.000000,0.000000,above_band_high
2026-08-05T19:15:00Z,95.3109,0.000000,0.000000,0.000000,above_band_high
2026-08-05T19:16:00Z,95.3216,0.000000,0.000000,0.000000,above_band_high
2026-08-05T19:17:00Z,95.3063,0.000000,0.000000,0.000000,above_band_high
2026-08-05T19:18:00Z,95.3262,0.000000,0.000000,0.000000,above_band_high
2026-08-05T19:19:00Z,95.2972,0.000000,0.000000,0.000000,above_band_high
2026-08-05T19:20:00Z,95.3262,0.000000,0.000000,0.000000,above_band_high
2026-08-05T19:21:00Z,95.3796,0.000000,0.000000,0.000000,above_band_high
2026-08-05T19:22:00Z,95.3170,0.000000,0.000000,0.000000,above_band_high
2026-08-05T19:23:00Z,95.3170,0.000000,0.000000,0.000000,above_band_high
2026-08-05T19:24:00Z,95.2804,0.000000,0.000000,0.000000,above_band_high
2026-08-05T19:25:00Z,95.2895,0.000000,0.000000,0.000000,above_band_high
2026-08-05T19:26:00Z,95.2758,0.000000,0.000000,0.000000,above_band_high
2026-08-05T19:27:00Z,95.2834,0.000000,0.000000,0.000000,above_band_high
2026-08-05T19:28:00Z,95.2667,0.000000,0.000000,0.000000,above_band_high
2026-08-05T19:29:00Z,95.2560,0.000000,0.000000,0.000000,above_band_high
2026-08-05T19:30:00Z,95.2331,0.000000,0.000000,0.000000,above_band_high
2026-08-05T19:31:00Z,95.2102,0.000000,0.000000,0.000000,above_band_high
2026-08-05T19:32:00Z,95.2483,0.000000,0.000000,0.000000,above_band_high
2026-08-05T19:33:00Z,95.1980,0.000000,0.000000,0.000000,above_band_high
2026-08-05T19:34:00Z,95.1797,0.000000,0.000000,0.000000,above_band_high
2026-08-05T19:35:00Z,95.1751,0.000000,0.000000,0.000000,above_band_high
2026-08-05T19:36:00Z,95.1522,0.000000,0.000000,0.000000,above_band_high
2026-08-05T19:37:00Z,95.1843,0.000000,0.000000,0.000000,above_band_high
2026-08-05T19:38:00Z,95.1324,0.000000,0.000000,0.000000,above_band_high
2026-08-05T19:39:00Z,95.1278,0.000000,0.000000,0.000000,above_band_high
2026-08-05T19:40:00Z,95.1247,0.000000,0.000000,0.000000,above_band_high
2026-08-05T19:41:00Z,95.1202,0.000000,0.000000,0.000000,above_band_high
2026-08-05T19:42:00Z,95.1019,0.000000,0.000000,0.000000,above_band_high
2026-08-05T19:43:00Z,95.0561,0.000000,0.000000,0.000000,above_band_high
2026-08-05T19:44:00Z,95.0790,0.000000,0.000000,0.000000,above_band_high
2026-08-05T19:45:00Z,95.0744,0.000000,0.000000,0.000000,above_band_high
2026-08-05T19:46:00Z,95.0744,0.000000,0.000000,0.000000,above_band_high
2026-08-05T19:47:00Z,95.0698,0.000000,0.000000,0.000000,above_band_high
2026-08-05T19:48:00Z,95.0561,0.000000,0.000000,0.000000,above_band_high
2026-08-05T19:49:00Z,95.0546,0.000000,0.000000,0.000000,above_band_high
2026-08-05T19:50:00Z,95.0546,0.000000,0.000000,0.000000,above_band_high
2026-08-05T19:51:00Z,95.0469,0.000000,0.000000,0.000000,above_band_high
2026-08-05T19:52:00Z,95.0683,0.000000,0.000000,0.000000,above_band_high
2026-08-05T19:53:00Z,95.0790,0.000000,0.000000,0.000000,above_band_high
2026-08-05T19:54:00Z,95.0317,0.000000,0.000000,0.000000,above_band_high
2026-08-05T19:55:00Z,95.0744,0.000000,0.000000,0.000000,above_band_high
2026-08-05T19:56:00Z,95.0423,0.000000,0.000000,0.000000,above_band_high
2026-08-05T19:57:00Z,95.0408,0.000000,0.000000,0.000000,above_band_high
2026-08-05T19:58:00Z,95.0912,0.000000,0.000000,0.000000,above_band_high
2026-08-05T19:59:00Z,95.0729,0.000000,0.000000,0.000000,above_band_high
2026-08-05T20:00:00Z,95.0637,0.000000,0.000000,0.000000,above_band_high
2026-08-05T20:01:00Z,95.0561,0.000000,0.000000,0.000000,above_band_high
2026-08-05T20:02:00Z,95.0790,0.000000,0.000000,0.000000,above_band_high
2026-08-05T20:03:00Z,95.0637,0.000000,0.000000,0.000000,above_band_high
2026-08-05T20:04:00Z,95.0744,0.000000,0.000000,0.000000,above_band_high
2026-08-05T20:05:00Z,95.0774,0.000000,0.000000,0.000000,above_band_high
2026-08-05T20:06:00Z,95.0958,0.000000,0.000000,0.000000,above_band_high
2026-08-05T20:07:00Z,95.0958,0.000000,0.000000,0.000000,above_band_high
2026-08-05T20:08:00Z,95.0820,0.000000,0.000000,0.000000,above_band_high
2026-08-05T20:09:00Z,95.0912,0.000000,0.000000,0.000000,above_band_high
2026-08-05T20:10:00Z,95.0698,0.000000,0.000000,0.000000,above_band_high
2026-08-05T20:11:00Z,95.1110,0.000000,0.000000,0.000000,above_band_high
2026-08-05T20:12:00Z,95.0637,0.000000,0.000000,0.000000,above_band_high
2026-08-05T20:13:00Z,95.0774,0.000000,0.000000,0.000000,above_band_high
2026-08-05T20:14:00Z,95.1461,0.000000,0.000000,0.000000,above_band_high
2026-08-05T20:15:00Z,95.1049,0.000000,0.000000,0.000000,above_band_high
2026-08-05T20:16:00Z,95.1095,0.000000,0.000000,0.000000,above_band_high
2026-08-05T20:17:00Z,95.1339,0.000000,0.000000,0.000000,above_band_high
2026-08-05T20:18:00Z,95.1690,0.000000,0.000000,0.000000,above_band_high
2026-08-05T20:19:00Z,95.1202,0.000000,0.000000,0.000000,above_band_high
2026-08-05T20:20:00Z,95.1415,0.000000,0.000000,0.000000,above_band_high
2026-08-05T20:21:00Z,95.1507,0.000000,0.000000,0.000000,above_band_high
2026-08-05T20:22:00Z,95.1339,0.000000,0.000000,0.000000,above_band_high
2026-08-05T20:23:00Z,95.1614,0.000000,0.000000,0.000000,above_band_high
2026-08-05T20:24:00Z,95.1568,0.000000,0.000000,0.000000,above_band_high
2026-08-05T20:25:00Z,95.1461,0.000000,0.000000,0.000000,above_band_high
2026-08-05T20:26:00Z,95.1156,0.000000,0.000000,0.000000,above_band_high
2026-08-05T20:27:00Z,95.1690,0.000000,0.000000,0.000000,above_band_high
2026-08-05T20:28:00Z,95.1369,0.000000,0.000000,0.000000,above_band_high
2026-08-05T20:29:00Z,95.1919,0.000000,0.000000,0.000000,above_band_high
2026-08-05T20:30:00Z,95.1568,0.000000,0.000000,0.000000,above_band_high
2026-08-05T20:31:00Z,95.1751,0.000000,0.000000,0.000000,above_band_high
2026-08-05T20:32:00Z,95.1751,0.000000,0.000000,0.000000,above_band_high
2026-08-05T20:33:00Z,95.1476,0.000000,0.000000,0.000000,above_band_high
2026-08-05T20:34:00Z,95.1659,0.000000,0.000000,0.000000,above_band_high
2026-08-05T20:35:00Z,95.1873,0.000000,0.000000,0.000000,above_band_high
2026-08-05T20:36:00Z,95.2010,0.000000,0.000000,0.000000,above_band_high
2026-08-05T20:37:00Z,95.1736,0.000000,0.000000,0.000000,above_band_high
2026-08-05T20:38:00Z,95.1797,0.000000,0.000000,0.000000,above_band_high
2026-08-05T20:39:00Z,95.2010,0.000000,0.000000,0.000000,above_band_high
2026-08-05T20:40:00Z,95.2010,0.000000,0.000000,0.000000,above_band_high
2026-08-05T20:41:00Z,95.1843,0.000000,0.000000,0.000000,above_band_high
2026-08-05T20:42:00Z,95.1736,0.000000,0.000000,0.000000,above_band_high
2026-08-05T20:43:00Z,95.2056,0.000000,0.000000,0.000000,above_band_high
2026-08-05T20:44:00Z,95.1919,0.000000,0.000000,0.000000,above_band_high
2026-08-05T20:45:00Z,95.1568,0.000000,0.000000,0.000000,above_band_high
2026-08-05T20:46:00Z,95.1797,0.000000,0.000000,0.000000,above_band_high
2026-08-05T20:47:00Z,95.1919,0.000000,0.000000,0.000000,above_band_high
2026-08-05T20:48:00Z,95.2148,0.000000,0.000000,0.000000,above_band_high
2026-08-05T20:49:00Z,95.1873,0.000000,0.000000,0.000000,above_band_high
2026-08-05T20:50:00Z,95.1873,0.000000,0.000000,0.000000,above_band_high
2026-08-05T20:51:00Z,95.1415,0.000000,0.000000,0.000000,above_band_high
2026-08-05T20:52:00Z,95.1736,0.000000,0.000000,0.000000,above_band_high
2026-08-05T20:53:00Z,95.2010,0.000000,0.000000,0.000000,above_band_high
2026-08-05T20:54:00Z,95.1614,0.000000,0.000000,0.000000,above_band_high
2026-08-05T20:55:00Z,95.1553,0.000000,0.000000,0.000000,above_band_high
2026-08-05T20:56:00Z,95.1736,0.000000,0.000000,0.000000,above_band_high
2026-08-05T20:57:00Z,95.1690,0.000000,0.000000,0.000000,above_band_high
2026-08-05T20:58:00Z,95.1659,0.000000,0.000000,0.000000,above_band_high
2026-08-05T20:59:00Z,95.1659,0.000000,0.000000,0.000000,above_band_high
2026-08-05T21:00:00Z,95.2071,0.000000,0.000000,0.000000,above_band_high
2026-08-05T21:01:00Z,95.1934,0.000000,0.000000,0.000000,above_band_high
2026-08-05T21:02:00Z,95.1965,0.000000,0.000000,0.000000,above_band_high
2026-08-05T21:03:00Z,95.1843,0.000000,0.000000,0.000000,above_band_high
2026-08-05T21:04:00Z,95.2010,0.000000,0.000000,0.000000,above_band_high
2026-08-05T21:05:00Z,95.2056,0.000000,0.000000,0.000000,above_band_high
2026-08-05T21:06:00Z,95.1934,0.000000,0.000000,0.000000,above_band_high
2026-08-05T21:07:00Z,95.1781,0.000000,0.000000,0.000000,above_band_high
2026-08-05T21:08:00Z,95.2209,0.000000,0.000000,0.000000,above_band_high
2026-08-05T21:09:00Z,95.1690,0.000000,0.000000,0.000000,above_band_high
2026-08-05T21:10:00Z,95.2010,0.000000,0.000000,0.000000,above_band_high
2026-08-05T21:11:00Z,95.1781,0.000000,0.000000,0.000000,above_band_high
2026-08-05T21:12:00Z,95.2255,0.000000,0.000000,0.000000,above_band_high
2026-08-05T21:13:00Z,95.1827,0.000000,0.000000,0.000000,above_band_high
2026-08-05T21:14:00Z,95.2102,0.000000,0.000000,0.000000,above_band_high
2026-08-05T21:15:00Z,95.2209,0.000000,0.000000,0.000000,above_band_high
2026-08-05T21:16:00Z,95.2163,0.000000,0.000000,0.000000,above_band_high
2026-08-05T21:17:00Z,95.2285,0.000000,0.000000,0.000000,above_band_high
2026-08-05T21:18:00Z,95.2163,0.000000,0.000000,0.000000,above_band_high
2026-08-05T21:19:00Z,95.2148,0.000000,0.000000,0.000000,above_band_high
2026-08-05T21:20:00Z,95.2468,0.000000,0.000000,0.000000,above_band_high
2026-08-05T21:21:00Z,95.2346,0.000000,0.000000,0.000000,above_band_high
2026-08-05T21:22:00Z,95.2560,0.000000,0.000000,0.000000,above_band_high
2026-08-05T21:23:00Z,95.2239,0.000000,0.000000,0.000000,above_band_high
2026-08-05T21:24:00Z,95.2331,0.000000,0.000000,0.000000,above_band_high
2026-08-05T21:25:00Z,95.2438,0.000000,0.000000,0.000000,above_band_high
2026-08-05T21:26:00Z,95.2468,0.000000,0.000000,0.000000,above_band_high
2026-08-05T21:27:00Z,95.2651,0.000000,0.000000,0.000000,above_band_high
2026-08-05T21:28:00Z,95.2743,0.000000,0.000000,0.000000,above_band_high
2026-08-05T21:29:00Z,95.2529,0.000000,0.000000,0.000000,above_band_high
2026-08-05T21:30:00Z,95.2438,0.000000,0.000000,0.000000,above_band_high
2026-08-05T21:31:00Z,95.2605,0.000000,0.000000,0.000000,above_band_high
2026-08-05T21:32:00Z,95.2529,0.000000,0.000000,0.000000,above_band_high
2026-08-05T21:33:00Z,95.2483,0.000000,0.000000,0.000000,above_band_high
2026-08-05T21:34:00Z,95.2651,0.000000,0.000000,0.000000,above_band_high
2026-08-05T21:35:00Z,95.2743,0.000000,0.000000,0.000000,above_band_high
2026-08-05T21:36:00Z,95.2743,0.000000,0.000000,0.000000,above_band_high
2026-08-05T21:37:00Z,95.2941,0.000000,0.000000,0.000000,above_band_high
2026-08-05T21:38:00Z,95.2438,0.000000,0.000000,0.000000,above_band_high
2026-08-05T21:39:00Z,95.2667,0.000000,0.000000,0.000000,above_band_high
2026-08-05T21:40:00Z,95.2605,0.000000,0.000000,0.000000,above_band_high
2026-08-05T21:41:00Z,95.2605,0.000000,0.000000,0.000000,above_band_high
2026-08-05T21:42:00Z,95.2987,0.000000,0.000000,0.000000,above_band_high
2026-08-05T21:43:00Z,95.3109,0.000000,0.000000,0.000000,above_band_high
2026-08-05T21:44:00Z,95.2667,0.000000,0.000000,0.000000,above_band_high
2026-08-05T21:45:00Z,95.2605,0.000000,0.000000,0.000000,above_band_high
2026-08-05T21:46:00Z,95.2560,0.000000,0.000000,0.000000,above_band_high
2026-08-05T21:47:00Z,95.2834,0.000000,0.000000,0.000000,above_band_high
2026-08-05T21:48:00Z,95.3063,0.000000,0.000000,0.000000,above_band_high
2026-08-05T21:49:00Z,95.2987,0.000000,0.000000,0.000000,above_band_high
2026-08-05T21:50:00Z,95.2621,0.000000,0.000000,0.000000,above_band_high
2026-08-05T21:51:00Z,95.2880,0.000000,0.000000,0.000000,above_band_high
2026-08-05T21:52:00Z,95.2712,0.000000,0.000000,0.000000,above_band_high
2026-08-05T21:53:00Z,95.2941,0.000000,0.000000,0.000000,above_band_high
2026-08-05T21:54:00Z,95.3063,0.000000,0.000000,0.000000,above_band_high
2026-08-05T21:55:00Z,95.2804,0.000000,0.000000,0.000000,above_band_high
2026-08-05T21:56:00Z,95.2804,0.000000,0.000000,0.000000,above_band_high
2026-08-05T21:57:00Z,95.2804,0.000000,0.000000,0.000000,above_band_high
2026-08-05T21:58:00Z,95.2987,0.000000,0.000000,0.000000,above_band_high
2026-08-05T21:59:00Z,95.2880,0.000000,0.000000,0.000000,above_band_high
2026-08-05T22:00:00Z,95.3216,0.000000,0.000000,0.000000,above_band_high
2026-08-05T22:01:00Z,95.3201,0.000000,0.000000,0.000000,above_band_high
2026-08-05T22:02:00Z,95.2880,0.000000,0.000000,0.000000,above_band_high
2026-08-05T22:03:00Z,95.2834,0.000000,0.000000,0.000000,above_band_high
2026-08-05T22:04:00Z,95.3399,0.000000,0.000000,0.000000,above_band_high
2026-08-05T22:05:00Z,95.2987,0.000000,0.000000,0.000000,above_band_high
2026-08-05T22:06:00Z,95.3155,0.000000,0.000000,0.000000,above_band_high
2026-08-05T22:07:00Z,95.3033,0.000000,0.000000,0.000000,above_band_high
2026-08-05T22:08:00Z,95.3079,0.000000,0.000000,0.000000,above_band_high
2026-08-05T22:09:00Z,95.2987,0.000000,0.000000,0.000000,above_band_high
2026-08-05T22:10:00Z,95.3262,0.000000,0.000000,0.000000,above_band_high
2026-08-05T22:11:00Z,95.2804,0.000000,0.000000,0.000000,above_band_high
2026-08-05T22:12:00Z,95.3384,0.000000,0.000000,0.000000,above_band_high
2026-08-05T22:13:00Z,95.3307,0.000000,0.000000,0.000000,above_band_high
2026-08-05T22:14:00Z,95.3201,0.000000,0.000000,0.000000,above_band_high
2026-08-05T22:15:00Z,95.3475,0.000000,0.000000,0.000000,above_band_high
2026-08-05T22:16:00Z,95.3384,0.000000,0.000000,0.000000,above_band_high
2026-08-05T22:17:00Z,95.3429,0.000000,0.000000,0.000000,above_band_high
2026-08-05T22:18:00Z,95.3536,0.000000,0.000000,0.000000,above_band_high
2026-08-05T22:19:00Z,95.3216,0.000000,0.000000,0.000000,above_band_high
2026-08-05T22:20:00Z,95.3674,0.000000,0.000000,0.000000,above_band_high
2026-08-05T22:21:00Z,95.3429,0.000000,0.000000,0.000000,above_band_high
2026-08-05T22:22:00Z,95.3338,0.000000,0.000000,0.000000,above_band_high
2026-08-05T22:23:00Z,95.3811,0.000000,0.000000,0.000000,above_band_high
2026-08-05T22:24:00Z,95.3491,0.000000,0.000000,0.000000,above_band_high
2026-08-05T22:25:00Z,95.3857,0.000000,0.000000,0.000000,above_band_high
2026-08-05T22:26:00Z,95.3475,0.000000,0.000000,0.000000,above_band_high
2026-08-05T22:27:00Z,95.3307,0.000000,0.000000,0.000000,above_band_high
2026-08-05T22:28:00Z,95.3475,0.000000,0.000000,0.000000,above_band_high
2026-08-05T22:29:00Z,95.3887,0.000000,0.000000,0.000000,above_band_high
2026-08-05T22:30:00Z,95.3796,0.000000,0.000000,0.000000,above_band_high
2026-08-05T22:31:00Z,95.3704,0.000000,0.000000,0.000000,above_band_high
2026-08-05T22:32:00Z,95.3811,0.000000,0.000000,0.000000,above_band_high
2026-08-05T22:33:00Z,95.3536,0.000000,0.000000,0.000000,above_band_high
2026-08-05T22:34:00Z,95.3658,0.000000,0.000000,0.000000,above_band_high
2026-08-05T22:35:00Z,95.3750,0.000000,0.000000,0.000000,above_band_high
2026-08-05T22:36:00Z,95.3750,0.000000,0.000000,0.000000,above_band_high
2026-08-05T22:37:00Z,95.3796,0.000000,0.000000,0.000000,above_band_high
2026-08-05T22:38:00Z,95.4269,0.000000,0.000000,0.000000,above_band_high
2026-08-05T22:39:00Z,95.4070,0.000000,0.000000,0.000000,above_band_high
2026-08-05T22:40:00Z,95.3536,0.000000,0.000000,0.000000,above_band_high
2026-08-05T22:41:00Z,95.4070,0.000000,0.000000,0.000000,above_band_high
2026-08-05T22:42:00Z,95.3857,0.000000,0.000000,0.000000,above_band_high
2026-08-05T22:43:00Z,95.3811,0.000000,0.000000,0.000000,above_band_high
2026-08-05T22:44:00Z,95.4070,0.000000,0.000000,0.000000,above_band_high
2026-08-05T22:45:00Z,95.4131,0.000000,0.000000,0.000000,above_band_high
2026-08-05T22:46:00Z,95.3994,0.000000,0.000000,0.000000,above_band_high
2026-08-05T22:47:00Z,95.3887,0.000000,0.000000,0.000000,above_band_high
2026-08-05T22:48:00Z,95.3750,0.000000,0.000000,0.000000,above_band_high
2026-08-05T22:49:00Z,95.4086,0.000000,0.000000,0.000000,above_band_high
2026-08-05T22:50:00Z,95.4131,0.000000,0.000000,0.000000,above_band_high
2026-08-05T22:51:00Z,95.3674,0.000000,0.000000,0.000000,above_band_high
2026-08-05T22:52:00Z,95.3887,0.000000,0.000000,0.000000,above_band_high
2026-08-05T22:53:00Z,95.4345,0.000000,0.000000,0.000000,above_band_high
2026-08-05T22:54:00Z,95.3994,0.000000,0.000000,0.000000,above_band_high
2026-08-05T22:55:00Z,95.4177,0.000000,0.000000,0.000000,above_band_high
2026-08-05T22:56:00Z,95.4131,0.000000,0.000000,0.000000,above_band_high
2026-08-05T22:57:00Z,95.3674,0.000000,0.000000,0.000000,above_band_high
2026-08-05T22:58:00Z,95.3979,0.000000,0.000000,0.000000,above_band_high
2026-08-05T22:59:00Z,95.4070,0.000000,0.000000,0.000000,above_band_high
2026-08-05T23:00:00Z,95.3796,0.000000,0.000000,0.000000,above_band_high
2026-08-05T23:01:00Z,95.3811,0.000000,0.000000,0.000000,above_band_high
2026-08-05T23:02:00Z,95.4070,0.000000,0.000000,0.000000,above_band_high
2026-08-05T23:03:00Z,95.3948,0.000000,0.000000,0.000000,above_band_high
2026-08-05T23:04:00Z,95.3811,0.000000,0.000000,0.000000,above_band_high
2026-08-05T23:05:00Z,95.4208,0.000000,0.000000,0.000000,above_band_high
2026-08-05T23:06:00Z,95.4177,0.000000,0.000000,0.000000,above_band_high
2026-08-05T23:07:00Z,95.3902,0.000000,0.000000,0.000000,above_band_high
2026-08-05T23:08:00Z,95.3948,0.000000,0.000000,0.000000,above_band_high
2026-08-05T23:09:00Z,95.4025,0.000000,0.000000,0.000000,above_band_high
2026-08-05T23:10:00Z,95.4177,0.000000,0.000000,0.000000,above_band_high
2026-08-05T23:11:00Z,95.3887,0.000000,0.000000,0.000000,above_band_high
2026-08-05T23:12:00Z,95.4131,0.000000,0.000000,0.000000,above_band_high
2026-08-05T23:13:00Z,95.3704,0.000000,0.000000,0.000000,above_band_high
2026-08-05T23:14:00Z,95.4223,0.000000,0.000000,0.000000,above_band_high
2026-08-05T23:15:00Z,95.4070,0.000000,0.000000,0.000000,above_band_high
2026-08-05T23:16:00Z,95.3704,0.000000,0.000000,0.000000,above_band_high
2026-08-05T23:17:00Z,95.3567,0.000000,0.000000,0.000000,above_band_high
2026-08-05T23:18:00Z,95.3704,0.000000,0.000000,0.000000,above_band_high
2026-08-05T23:19:00Z,95.3841,0.000000,0.000000,0.000000,above_band_high
2026-08-05T23:20:00Z,95.3491,0.000000,0.000000,0.000000,above_band_high
2026-08-05T23:21:00Z,95.3521,0.000000,0.000000,0.000000,above_band_high
2026-08-05T23:22:00Z,95.3902,0.000000,0.000000,0.000000,above_band_high
2026-08-05T23:23:00Z,95.3704,0.000000,0.000000,0.000000,above_band_high
2026-08-05T23:24:00Z,95.3536,0.000000,0.000000,0.000000,above_band_high
2026-08-05T23:25:00Z,95.3567,0.000000,0.000000,0.000000,above_band_high
2026-08-05T23:26:00Z,95.3628,0.000000,0.000000,0.000000,above_band_high
2026-08-05T23:27:00Z,95.3841,0.000000,0.000000,0.000000,above_band_high
2026-08-05T23:28:00Z,95.3536,0.000000,0.000000,0.000000,above_band_high
2026-08-05T23:29:00Z,95.3201,0.000000,0.000000,0.000000,above_band_high
2026-08-05T23:30:00Z,95.3841,0.000000,0.000000,0.000000,above_band_high
2026-08-05T23:31:00Z,95.3887,0.000000,0.000000,0.000000,above_band_high
2026-08-05T23:32:00Z,95.3628,0.000000,0.000000,0.000000,above_band_high
2026-08-05T23:33:00Z,95.3811,0.000000,0.000000,0.000000,above_band_high
2026-08-05T23:34:00Z,95.3765,0.000000,0.000000,0.000000,above_band_high
2026-08-05T23:35:00Z,95.3765,0.000000,0.000000,0.000000,above_band_high
2026-08-05T23:36:00Z,95.3979,0.000000,0.000000,0.000000,above_band_high
2026-08-05T23:37:00Z,95.4223,0.000000,0.000000,0.000000,above_band_high
2026-08-05T23:38:00Z,95.4040,0.000000,0.000000,0.000000,above_band_high
2026-08-05T23:39:00Z,95.4070,0.000000,0.000000,0.000000,above_band_high
2026-08-05T23:40:00Z,95.3933,0.000000,0.000000,0.000000,above_band_high
2026-08-05T23:41:00Z,95.4314,0.000000,0.000000,0.000000,above_band_high
2026-08-05T23:42:00Z,95.4116,0.000000,0.000000,0.000000,above_band_high
2026-08-05T23:43:00Z,95.3704,0.000000,0.000000,0.000000,above_band_high
2026-08-05T23:44:00Z,95.3979,0.000000,0.000000,0.000000,above_band_high
2026-08-05T23:45:00Z,95.4040,0.000000,0.000000,0.000000,above_band_high
2026-08-05T23:46:00Z,95.3811,0.000000,0.000000,0.000000,above_band_high
2026-08-05T23:47:00Z,95.3704,0.000000,0.000000,0.000000,above_band_high
2026-08-05T23:48:00Z,95.3796,0.000000,0.000000,0.000000,above_band_high
2026-08-05T23:49:00Z,95.4177,0.000000,0.000000,0.000000,above_band_high
2026-08-05T23:50:00Z,95.4086,0.000000,0.000000,0.000000,above_band_high
2026-08-05T23:51:00Z,95.4131,0.000000,0.000000,0.000000,above_band_high
2026-08-05T23:52:00Z,95.4482,0.000000,0.000000,0.000000,above_band_high
2026-08-05T23:53:00Z,95.4391,0.000000,0.000000,0.000000,above_band_high
2026-08-05T23:54:00Z,95.4360,0.000000,0.000000,0.000000,above_band_high
2026-08-05T23:55:00Z,95.4177,0.000000,0.000000,0.000000,above_band_high
2026-08-05T23:56:00Z,95.4665,0.000000,0.000000,0.000000,above_band_high
2026-08-05T23:57:00Z,95.4406,0.000000,0.000000,0.000000,above_band_high
2026-08-05T23:58:00Z,95.4360,0.000000,0.000000,0.000000,above_band_high
2026-08-05T23:59:00Z,95.4665,0.000000,0.000000,0.000000,above_band_high
2026-08-06T00:00:00Z,95.4665,0.000000,0.000000,0.000000,above_band_high
2026-08-06T00:01:00Z,95.4406,0.000000,0.000000,0.000000,above_band_high
2026-08-06T00:02:00Z,95.4299,0.000000,0.000000,0.000000,above_band_high
2026-08-06T00:03:00Z,95.4665,0.000000,0.000000,0.000000,above_band_high
2026-08-06T00:04:00Z,95.4864,0.000000,0.000000,0.000000,above_band_high
2026-08-06T00:05:00Z,95.4803,0.000000,0.000000,0.000000,above_band_high
2026-08-06T00:06:00Z,95.4589,0.000000,0.000000,0.000000,above_band_high
2026-08-06T00:07:00Z,95.5001,0.000000,0.000000,0.000000,above_band_high
2026-08-06T00:08:00Z,95.5123,0.000000,0.000000,0.000000,above_band_high
2026-08-06T00:09:00Z,95.4955,0.000000,0.000000,0.000000,above_band_high
2026-08-06T00:10:00Z,95.5123,0.000000,0.000000,0.000000,above_band_high
2026-08-06T00:11:00Z,95.4391,0.000000,0.000000,0.000000,above_band_high
2026-08-06T00:12:00Z,95.4665,0.000000,0.000000,0.000000,above_band_high
2026-08-06T00:13:00Z,95.4772,0.000000,0.000000,0.000000,above_band_high
2026-08-06T00:14:00Z,95.4864,0.000000,0.000000,0.000000,above_band_high
2026-08-06T00:15:00Z,95.4482,0.000000,0.000000,0.000000,above_band_high
2026-08-06T00:16:00Z,95.4940,0.000000,0.000000,0.000000,above_band_high
2026-08-06T00:17:00Z,95.4864,0.000000,0.000000,0.000000,above_band_high
2026-08-06T00:18:00Z,95.4940,0.000000,0.000000,0.000000,above_band_high
2026-08-06T00:19:00Z,95.4681,0.000000,0.000000,0.000000,above_band_high
2026-08-06T00:20:00Z,95.4437,0.000000,0.000000,0.000000,above_band_high
2026-08-06T00:21:00Z,95.4894,0.000000,0.000000,0.000000,above_band_high
2026-08-06T00:22:00Z,95.5398,0.000000,0.000000,0.000000,above_band_high
2026-08-06T00:23:00Z,95.5138,0.000000,0.000000,0.000000,above_band_high
2026-08-06T00:24:00Z,95.4849,0.000000,0.000000,0.000000,above_band_high
2026-08-06T00:25:00Z,95.4894,0.000000,0.000000,0.000000,above_band_high
2026-08-06T00:26:00Z,95.4940,0.000000,0.000000,0.000000,above_band_high
2026-08-06T00:27:00Z,95.4940,0.000000,0.000000,0.000000,above_band_high
2026-08-06T00:28:00Z,95.5169,0.000000,0.000000,0.000000,above_band_high
2026-08-06T00:29:00Z,95.5032,0.000000,0.000000,0.000000,above_band_high
2026-08-06T00:30:00Z,95.4940,0.000000,0.000000,0.000000,above_band_high
2026-08-06T00:31:00Z,95.5169,0.000000,0.000000,0.000000,above_band_high
2026-08-06T00:32:00Z,95.5367,0.000000,0.000000,0.000000,above_band_high
2026-08-06T00:33:00Z,95.5138,0.000000,0.000000,0.000000,above_band_high
2026-08-06T00:34:00Z,95.5215,0.000000,0.000000,0.000000,above_band_high
2026-08-06T00:35:00Z,95.5322,0.000000,0.000000,0.000000,above_band_high
2026-08-06T00:36:00Z,95.5550,0.000000,0.000000,0.000000,above_band_high
2026-08-06T00:37:00Z,95.5444,0.000000,0.000000,0.000000,above_band_high
2026-08-06T00:38:00Z,95.5261,0.000000,0.000000,0.000000,above_band_high
2026-08-06T00:39:00Z,95.5535,0.000000,0.000000,0.000000,above_band_high
2026-08-06T00:40:00Z,95.5627,0.000000,0.000000,0.000000,above_band_high
2026-08-06T00:41:00Z,95.5627,0.000000,0.000000,0.000000,above_band_high
2026-08-06T00:42:00Z,95.5413,0.000000,0.000000,0.000000,above_band_high
2026-08-06T00:43:00Z,95.5367,0.000000,0.000000,0.000000,above_band_high
2026-08-06T00:44:00Z,95.6085,0.000000,0.000000,0.000000,above_band_high
2026-08-06T00:45:00Z,95.5535,0.000000,0.000000,0.000000,above_band_high
2026-08-06T00:46:00Z,95.6085,0.000000,0.000000,0.000000,above_band_high
2026-08-06T00:47:00Z,95.5962,0.000000,0.000000,0.000000,above_band_high
2026-08-06T00:48:00Z,95.5764,0.000000,0.000000,0.000000,above_band_high
2026-08-06T00:49:00Z,95.5764,0.000000,0.000000,0.000000,above_band_high
2026-08-06T00:50:00Z,95.5718,0.000000,0.000000,0.000000,above_band_high
2026-08-06T00:51:00Z,95.5962,0.000000,0.000000,0.000000,above_band_high
2026-08-06T00:52:00Z,95.6497,0.000000,0.000000,0.000000,above_band_high
2026-08-06T00:53:00Z,95.6146,0.000000,0.000000,0.000000,above_band_high
2026-08-06T00:54:00Z,95.6222,0.000000,0.000000,0.000000,above_band_high
2026-08-06T00:55:00Z,95.6100,0.000000,0.000000,0.000000,above_band_high
2026-08-06T00:56:00Z,95.5901,0.000000,0.000000,0.000000,above_band_high
2026-08-06T00:57:00Z,95.6100,0.000000,0.000000,0.000000,above_band_high
2026-08-06T00:58:00Z,95.6283,0.000000,0.000000,0.000000,above_band_high
2026-08-06T00:59:00Z,95.6146,0.000000,0.000000,0.000000,above_band_high
2026-08-06T01:00:00Z,95.6374,0.000000,0.000000,0.000000,above_band_high
2026-08-06T01:01:00Z,95.6420,0.000000,0.000000,0.000000,above_band_high
2026-08-06T01:02:00Z,95.6374,0.000000,0.000000,0.000000,above_band_high
2026-08-06T01:03:00Z,95.6420,0.000000,0.000000,0.000000,above_band_high
2026-08-06T01:04:00Z,95.6878,0.000000,0.000000,0.000000,above_band_high
2026-08-06T01:05:00Z,95.6680,0.000000,0.000000,0.000000,above_band_high
2026-08-06T01:06:00Z,95.6649,0.000000,0.000000,0.000000,above_band_high
2026-08-06T01:07:00Z,95.6359,0.000000,0.000000,0.000000,above_band_high
2026-08-06T01:08:00Z,95.6542,0.000000,0.000000,0.000000,above_band_high
2026-08-06T01:09:00Z,95.6558,0.000000,0.000000,0.000000,above_band_high
2026-08-06T01:10:00Z,95.6695,0.000000,0.000000,0.000000,above_band_high
2026-08-06T01:11:00Z,95.6695,0.000000,0.000000,0.000000,above_band_high
2026-08-06T01:12:00Z,95.6237,0.000000,0.000000,0.000000,above_band_high
2026-08-06T01:13:00Z,95.6817,0.000000,0.000000,0.000000,above_band_high
2026-08-06T01:14:00Z,95.6374,0.000000,0.000000,0.000000,above_band_high
2026-08-06T01:15:00Z,95.6558,0.000000,0.000000,0.000000,above_band_high
2026-08-06T01:16:00Z,95.6542,0.000000,0.000000,0.000000,above_band_high
2026-08-06T01:17:00Z,95.6695,0.000000,0.000000,0.000000,above_band_high
2026-08-06T01:18:00Z,95.6725,0.000000,0.000000,0.000000,above_band_high
2026-08-06T01:19:00Z,95.6588,0.000000,0.000000,0.000000,above_band_high
2026-08-06T01:20:00Z,95.6954,0.000000,0.000000,0.000000,above_band_high
2026-08-06T01:21:00Z,95.6832,0.000000,0.000000,0.000000,above_band_high
2026-08-06T01:22:00Z,95.6542,0.000000,0.000000,0.000000,above_band_high
2026-08-06T01:23:00Z,95.6649,0.000000,0.000000,0.000000,above_band_high
2026-08-06T01:24:00Z,95.6497,0.000000,0.000000,0.000000,above_band_high
2026-08-06T01:25:00Z,95.6634,0.000000,0.000000,0.000000,above_band_high
2026-08-06T01:26:00Z,95.6634,0.000000,0.000000,0.000000,above_band_high
2026-08-06T01:27:00Z,95.6924,0.000000,0.000000,0.000000,above_band_high
2026-08-06T01:28:00Z,95.6924,0.000000,0.000000,0.000000,above_band_high
2026-08-06T01:29:00Z,95.6695,0.000000,0.000000,0.000000,above_band_high
2026-08-06T01:30:00Z,95.6634,0.000000,0.000000,0.000000,above_band_high
2026-08-06T01:31:00Z,95.6695,0.000000,0.000000,0.000000,above_band_high
2026-08-06T01:32:00Z,95.6924,0.000000,0.000000,0.000000,above_band_high
2026-08-06T01:33:00Z,95.7107,0.000000,0.000000,0.000000,above_band_high
2026-08-06T01:34:00Z,95.6588,0.000000,0.000000,0.000000,above_band_high
2026-08-06T01:35:00Z,95.7153,0.000000,0.000000,0.000000,above_band_high
2026-08-06T01:36:00Z,95.6771,0.000000,0.000000,0.000000,above_band_high
2026-08-06T01:37:00Z,95.6588,0.000000,0.000000,0.000000,above_band_high
2026-08-06T01:38:00Z,95.6725,0.000000,0.000000,0.000000,above_band_high
2026-08-06T01:39:00Z,95.7015,0.000000,0.000000,0.000000,above_band_high
2026-08-06T01:40:00Z,95.7321,0.000000,0.000000,0.000000,above_band_high
2026-08-06T01:41:00Z,95.6924,0.000000,0.000000,0.000000,above_band_high
2026-08-06T01:42:00Z,95.7046,0.000000,0.000000,0.000000,above_band_high
2026-08-06T01:43:00Z,95.6863,0.000000,0.000000,0.000000,above_band_high
2026-08-06T01:44:00Z,95.7321,0.000000,0.000000,0.000000,above_band_high
2026-08-06T01:45:00Z,95.7366,0.000000,0.000000,0.000000,above_band_high
2026-08-06T01:46:00Z,95.7046,0.000000,0.000000,0.000000,above_band_high
2026-08-06T01:47:00Z,95.7046,0.000000,0.000000,0.000000,above_band_high
2026-08-06T01:48:00Z,95.7244,0.000000,0.000000,0.000000,above_band_high
2026-08-06T01:49:00Z,95.7046,0.000000,0.000000,0.000000,above_band_high
2026-08-06T01:50:00Z,95.7321,0.000000,0.000000,0.000000,above_band_high
2026-08-06T01:51:00Z,95.7382,0.000000,0.000000,0.000000,above_band_high
2026-08-06T01:52:00Z,95.7290,0.000000,0.000000,0.000000,above_band_high
2026-08-06T01:53:00Z,95.7183,0.000000,0.000000,0.000000,above_band_high
2026-08-06T01:54:00Z,95.6909,0.000000,0.000000,0.000000,above_band_high
2026-08-06T01:55:00Z,95.7656,0.000000,0.000000,0.000000,above_band_high
2026-08-06T01:56:00Z,95.7107,0.000000,0.000000,0.000000,above_band_high
2026-08-06T01:57:00Z,95.7290,0.000000,0.000000,0.000000,above_band_high
2026-08-06T01:58:00Z,95.7244,0.000000,0.000000,0.000000,above_band_high
2026-08-06T01:59:00Z,95.6863,0.000000,0.000000,0.000000,above_band_high
2026-08-06T02:00:00Z,95.7641,0.000000,0.000000,0.000000,above_band_high
2026-08-06T02:01:00Z,95.7244,0.000000,0.000000,0.000000,above_band_high
2026-08-06T02:02:00Z,95.7366,0.000000,0.000000,0.000000,above_band_high
2026-08-06T02:03:00Z,95.7504,0.000000,0.000000,0.000000,above_band_high
2026-08-06T02:04:00Z,95.7473,0.000000,0.000000,0.000000,above_band_high
2026-08-06T02:05:00Z,95.7244,0.000000,0.000000,0.000000,above_band_high
2026-08-06T02:06:00Z,95.7427,0.000000,0.000000,0.000000,above_band_high
2026-08-06T02:07:00Z,95.7595,0.000000,0.000000,0.000000,above_band_high
2026-08-06T02:08:00Z,95.7778,0.000000,0.000000,0.000000,above_band_high
2026-08-06T02:09:00Z,95.7595,0.000000,0.000000,0.000000,above_band_high
2026-08-06T02:10:00Z,95.7382,0.000000,0.000000,0.000000,above_band_high
2026-08-06T02:11:00Z,95.7244,0.000000,0.000000,0.000000,above_band_high
2026-08-06T02:12:00Z,95.7824,0.000000,0.000000,0.000000,above_band_high
2026-08-06T02:13:00Z,95.7427,0.000000,0.000000,0.000000,above_band_high
2026-08-06T02:14:00Z,95.7565,0.000000,0.000000,0.000000,above_band_high
2026-08-06T02:15:00Z,95.7427,0.000000,0.000000,0.000000,above_band_high
2026-08-06T02:16:00Z,95.7595,0.000000,0.000000,0.000000,above_band_high
2026-08-06T02:17:00Z,95.7565,0.000000,0.000000,0.000000,above_band_high
2026-08-06T02:18:00Z,95.7687,0.000000,0.000000,0.000000,above_band_high
2026-08-06T02:19:00Z,95.7382,0.000000,0.000000,0.000000,above_band_high
2026-08-06T02:20:00Z,95.7321,0.000000,0.000000,0.000000,above_band_high
2026-08-06T02:21:00Z,95.7427,0.000000,0.000000,0.000000,above_band_high
2026-08-06T02:22:00Z,95.7366,0.000000,0.000000,0.000000,above_band_high
2026-08-06T02:23:00Z,95.7595,0.000000,0.000000,0.000000,above_band_high
2026-08-06T02:24:00Z,95.7641,0.000000,0.000000,0.000000,above_band_high
2026-08-06T02:25:00Z,95.7321,0.000000,0.000000,0.000000,above_band_high
2026-08-06T02:26:00Z,95.7473,0.000000,0.000000,0.000000,above_band_high
2026-08-06T02:27:00Z,95.7473,0.000000,0.000000,0.000000,above_band_high
2026-08-06T02:28:00Z,95.7275,0.000000,0.000000,0.000000,above_band_high
2026-08-06T02:29:00Z,95.7244,0.000000,0.000000,0.000000,above_band_high
2026-08-06T02:30:00Z,95.7778,0.000000,0.000000,0.000000,above_band_high
2026-08-06T02:31:00Z,95.7473,0.000000,0.000000,0.000000,above_band_high
2026-08-06T02:32:00Z,95.7870,0.000000,0.000000,0.000000,above_band_high
2026-08-06T02:33:00Z,95.7412,0.000000,0.000000,0.000000,above_band_high
2026-08-06T02:34:00Z,95.7778,0.000000,0.000000,0.000000,above_band_high
2026-08-06T02:35:00Z,95.7656,0.000000,0.000000,0.000000,above_band_high
2026-08-06T02:36:00Z,95.7244,0.000000,0.000000,0.000000,above_band_high
2026-08-06T02:37:00Z,95.7321,0.000000,0.000000,0.000000,above_band_high
2026-08-06T02:38:00Z,95.7702,0.000000,0.000000,0.000000,above_band_high
2026-08-06T02:39:00Z,95.7595,0.000000,0.000000,0.000000,above_band_high
2026-08-06T02:40:00Z,95.7198,0.000000,0.000000,0.000000,above_band_high
2026-08-06T02:41:00Z,95.7702,0.000000,0.000000,0.000000,above_band_high
2026-08-06T02:42:00Z,95.7641,0.000000,0.000000,0.000000,above_band_high
2026-08-06T02:43:00Z,95.7336,0.000000,0.000000,0.000000,above_band_high
2026-08-06T02:44:00Z,95.7198,0.000000,0.000000,0.000000,above_band_high
2026-08-06T02:45:00Z,95.7473,0.000000,0.000000,0.000000,above_band_high
2026-08-06T02:46:00Z,95.7641,0.000000,0.000000,0.000000,above_band_high
2026-08-06T02:47:00Z,95.7412,0.000000,0.000000,0.000000,above_band_high
2026-08-06T02:48:00Z,95.7733,0.000000,0.000000,0.000000,above_band_high
2026-08-06T02:49:00Z,95.7839,0.000000,0.000000,0.000000,above_band_high
2026-08-06T02:50:00Z,95.7412,0.000000,0.000000,0.000000,above_band_high
2026-08-06T02:51:00Z,95.7412,0.000000,0.000000,0.000000,above_band_high
2026-08-06T02:52:00Z,95.7687,0.000000,0.000000,0.000000,above_band_high
2026-08-06T02:53:00Z,95.7641,0.000000,0.000000,0.000000,above_band_high
2026-08-06T02:54:00Z,95.7687,0.000000,0.000000,0.000000,above_band_high
2026-08-06T02:55:00Z,95.7595,0.000000,0.000000,0.000000,above_band_high
2026-08-06T02:56:00Z,95.7412,0.000000,0.000000,0.000000,above_band_high
2026-08-06T02:57:00Z,95.7549,0.000000,0.000000,0.000000,above_band_high
2026-08-06T02:58:00Z,95.7458,0.000000,0.000000,0.000000,above_band_high
2026-08-06T02:59:00Z,95.7229,0.000000,0.000000,0.000000,above_band_high
2026-08-06T03:00:00Z,95.7565,0.000000,0.000000,0.000000,above_band_high
2026-08-06T03:01:00Z,95.7687,0.000000,0.000000,0.000000,above_band_high
2026-08-06T03:02:00Z,95.7687,0.000000,0.000000,0.000000,above_band_high
2026-08-06T03:03:00Z,95.7733,0.000000,0.000000,0.000000,above_band_high
2026-08-06T03:04:00Z,95.7824,0.000000,0.000000,0.000000,above_band_high
2026-08-06T03:05:00Z,95.7870,0.000000,0.000000,0.000000,above_band_high
2026-08-06T03:06:00Z,95.7916,0.000000,0.000000,0.000000,above_band_high
2026-08-06T03:07:00Z,95.7733,0.000000,0.000000,0.000000,above_band_high
2026-08-06T03:08:00Z,95.7870,0.000000,0.000000,0.000000,above_band_high
2026-08-06T03:09:00Z,95.7641,0.000000,0.000000,0.000000,above_band_high
2026-08-06T03:10:00Z,95.8007,0.000000,0.000000,0.000000,above_band_high
2026-08-06T03:11:00Z,95.7931,0.000000,0.000000,0.000000,above_band_high
2026-08-06T03:12:00Z,95.8022,0.000000,0.000000,0.000000,above_band_high
2026-08-06T03:13:00Z,95.7687,0.000000,0.000000,0.000000,above_band_high
2026-08-06T03:14:00Z,95.7549,0.000000,0.000000,0.000000,above_band_high
2026-08-06T03:15:00Z,95.7916,0.000000,0.000000,0.000000,above_band_high
2026-08-06T03:16:00Z,95.7687,0.000000,0.000000,0.000000,above_band_high
2026-08-06T03:17:00Z,95.7656,0.000000,0.000000,0.000000,above_band_high
2026-08-06T03:18:00Z,95.7549,0.000000,0.000000,0.000000,above_band_high
2026-08-06T03:19:00Z,95.7961,0.000000,0.000000,0.000000,above_band_high
2026-08-06T03:20:00Z,95.7794,0.000000,0.000000,0.000000,above_band_high
2026-08-06T03:21:00Z,95.7733,0.000000,0.000000,0.000000,above_band_high
2026-08-06T03:22:00Z,95.7794,0.000000,0.000000,0.000000,above_band_high
2026-08-06T03:23:00Z,95.7733,0.000000,0.000000,0.000000,above_band_high
2026-08-06T03:24:00Z,95.7748,0.000000,0.000000,0.000000,above_band_high
2026-08-06T03:25:00Z,95.7748,0.000000,0.000000,0.000000,above_band_high
2026-08-06T03:26:00Z,95.7687,0.000000,0.000000,0.000000,above_band_high
2026-08-06T03:27:00Z,95.7885,0.000000,0.000000,0.000000,above_band_high
2026-08-06T03:28:00Z,95.7427,0.000000,0.000000,0.000000,above_band_high
2026-08-06T03:29:00Z,95.8022,0.000000,0.000000,0.000000,above_band_high
2026-08-06T03:30:00Z,95.7504,0.000000,0.000000,0.000000,above_band_high
2026-08-06T03:31:00Z,95.7641,0.000000,0.000000,0.000000,above_band_high
2026-08-06T03:32:00Z,95.7504,0.000000,0.000000,0.000000,above_band_high
2026-08-06T03:33:00Z,95.7839,0.000000,0.000000,0.000000,above_band_high
2026-08-06T03:34:00Z,95.7778,0.000000,0.000000,0.000000,above_band_high
2026-08-06T03:35:00Z,95.7824,0.000000,0.000000,0.000000,above_band_high
2026-08-06T03:36:00Z,95.7824,0.000000,0.000000,0.000000,above_band_high
2026-08-06T03:37:00Z,95.7733,0.000000,0.000000,0.000000,above_band_high
2026-08-06T03:38:00Z,95.7687,0.000000,0.000000,0.000000,above_band_high
2026-08-06T03:39:00Z,95.7565,0.000000,0.000000,0.000000,above_band_high
2026-08-06T03:40:00Z,95.7504,0.000000,0.000000,0.000000,above_band_high
2026-08-06T03:41:00Z,95.7275,0.000000,0.000000,0.000000,above_band_high
2026-08-06T03:42:00Z,95.7778,0.000000,0.000000,0.000000,above_band_high
2026-08-06T03:43:00Z,95.7641,0.000000,0.000000,0.000000,above_band_high
2026-08-06T03:44:00Z,95.7702,0.000000,0.000000,0.000000,above_band_high
2026-08-06T03:45:00Z,95.7778,0.000000,0.000000,0.000000,above_band_high
2026-08-06T03:46:00Z,95.7565,0.000000,0.000000,0.000000,above_band_high
2026-08-06T03:47:00Z,95.8053,0.000000,0.000000,0.000000,above_band_high
2026-08-06T03:48:00Z,95.7656,0.000000,0.000000,0.000000,above_band_high
2026-08-06T03:49:00Z,95.7885,0.000000,0.000000,0.000000,above_band_high
2026-08-06T03:50:00Z,95.7916,0.000000,0.000000,0.000000,above_band_high
2026-08-06T03:51:00Z,95.7824,0.000000,0.000000,0.000000,above_band_high
2026-08-06T03:52:00Z,95.7778,0.000000,0.000000,0.000000,above_band_high
2026-08-06T03:53:00Z,95.8007,0.000000,0.000000,0.000000,above_band_high
2026-08-06T03:54:00Z,95.7870,0.000000,0.000000,0.000000,above_band_high
2026-08-06T03:55:00Z,95.7916,0.000000,0.000000,0.000000,above_band_high
2026-08-06T03:56:00Z,95.7916,0.000000,0.000000,0.000000,above_band_high
2026-08-06T03:57:00Z,95.7656,0.000000,0.000000,0.000000,above_band_high
2026-08-06T03:58:00Z,95.8114,0.000000,0.000000,0.000000,above_band_high
2026-08-06T03:59:00Z,95.8007,0.000000,0.000000,0.000000,above_band_high
2026-08-06T04:00:00Z,95.8007,0.000000,0.000000,0.000000,above_band_high
2026-08-06T04:01:00Z,95.8099,0.000000,0.000000,0.000000,above_band_high
2026-08-06T04:02:00Z,95.7870,0.000000,0.000000,0.000000,above_band_high
2026-08-06T04:03:00Z,95.8389,0.000000,0.000000,0.000000,above_band_high
2026-08-06T04:04:00Z,95.7824,0.000000,0.000000,0.000000,above_band_high
2026-08-06T04:05:00Z,95.8114,0.000000,0.000000,0.000000,above_band_high
2026-08-06T04:06:00Z,95.8099,0.000000,0.000000,0.000000,above_band_high
2026-08-06T04:07:00Z,95.8114,0.000000,0.000000,0.000000,above_band_high
2026-08-06T04:08:00Z,95.8007,0.000000,0.000000,0.000000,above_band_high
2026-08-06T04:09:00Z,95.7977,0.000000,0.000000,0.000000,above_band_high
2026-08-06T04:10:00Z,95.8282,0.000000,0.000000,0.000000,above_band_high
2026-08-06T04:11:00Z,95.8206,0.000000,0.000000,0.000000,above_band_high
2026-08-06T04:12:00Z,95.7870,0.000000,0.000000,0.000000,above_band_high
2026-08-06T04:13:00Z,95.7885,0.000000,0.000000,0.000000,above_band_high
2026-08-06T04:14:00Z,95.7733,0.000000,0.000000,0.000000,above_band_high
2026-08-06T04:15:00Z,95.8160,0.000000,0.000000,0.000000,above_band_high
2026-08-06T04:16:00Z,95.8160,0.000000,0.000000,0.000000,above_band_high
2026-08-06T04:17:00Z,95.8373,0.000000,0.000000,0.000000,above_band_high
2026-08-06T04:18:00Z,95.8160,0.000000,0.000000,0.000000,above_band_high
2026-08-06T04:19:00Z,95.7824,0.000000,0.000000,0.000000,above_band_high
2026-08-06T04:20:00Z,95.8114,0.000000,0.000000,0.000000,above_band_high
2026-08-06T04:21:00Z,95.8114,0.000000,0.000000,0.000000,above_band_high
2026-08-06T04:22:00Z,95.8251,0.000000,0.000000,0.000000,above_band_high
2026-08-06T04:23:00Z,95.8556,0.000000,0.000000,0.000000,above_band_high
2026-08-06T04:24:00Z,95.7824,0.000000,0.000000,0.000000,above_band_high
2026-08-06T04:25:00Z,95.8190,0.000000,0.000000,0.000000,above_band_high
2026-08-06T04:26:00Z,95.8282,0.000000,0.000000,0.000000,above_band_high
2026-08-06T04:27:00Z,95.8251,0.000000,0.000000,0.000000,above_band_high
2026-08-06T04:28:00Z,95.8053,0.000000,0.000000,0.000000,above_band_high
2026-08-06T04:29:00Z,95.8556,0.000000,0.000000,0.000000,above_band_high
2026-08-06T04:30:00Z,95.8099,0.000000,0.000000,0.000000,above_band_high
2026-08-06T04:31:00Z,95.8206,0.000000,0.000000,0.000000,above_band_high
2026-08-06T04:32:00Z,95.8099,0.000000,0.000000,0.000000,above_band_high
2026-08-06T04:33:00Z,95.7916,0.000000,0.000000,0.000000,above_band_high
2026-08-06T04:34:00Z,95.8160,0.000000,0.000000,0.000000,above_band_high
2026-08-06T04:35:00Z,95.8373,0.000000,0.000000,0.000000,above_band_high
2026-08-06T04:36:00Z,95.8434,0.000000,0.000000,0.000000,above_band_high
2026-08-06T04:37:00Z,95.8007,0.000000,0.000000,0.000000,above_band_high
2026-08-06T04:38:00Z,95.8145,0.000000,0.000000,0.000000,above_band_high
2026-08-06T04:39:00Z,95.8068,0.000000,0.000000,0.000000,above_band_high
2026-08-06T04:40:00Z,95.8282,0.000000,0.000000,0.000000,above_band_high
2026-08-06T04:41:00Z,95.8022,0.000000,0.000000,0.000000,above_band_high
2026-08-06T04:42:00Z,95.7931,0.000000,0.000000,0.000000,above_band_high
2026-08-06T04:43:00Z,95.8465,0.000000,0.000000,0.000000,above_band_high
2026-08-06T04:44:00Z,95.8145,0.000000,0.000000,0.000000,above_band_high
2026-08-06T04:45:00Z,95.8373,0.000000,0.000000,0.000000,above_band_high
2026-08-06T04:46:00Z,95.8251,0.000000,0.000000,0.000000,above_band_high
2026-08-06T04:47:00Z,95.8007,0.000000,0.000000,0.000000,above_band_high
2026-08-06T04:48:00Z,95.8251,0.000000,0.000000,0.000000,above_band_high
2026-08-06T04:49:00Z,95.8709,0.000000,0.000000,0.000000,above_band_high
2026-08-06T04:50:00Z,95.8251,0.000000,0.000000,0.000000,above_band_high
2026-08-06T04:51:00Z,95.8206,0.000000,0.000000,0.000000,above_band_high
2026-08-06T04:52:00Z,95.8556,0.000000,0.000000,0.000000,above_band_high
2026-08-06T04:53:00Z,95.8480,0.000000,0.000000,0.000000,above_band_high
2026-08-06T04:54:00Z,95.8419,0.000000,0.000000,0.000000,above_band_high
2026-08-06T04:55:00Z,95.8206,0.000000,0.000000,0.000000,above_band_high
2026-08-06T04:56:00Z,95.8480,0.000000,0.000000,0.000000,above_band_high
2026-08-06T04:57:00Z,95.8282,0.000000,0.000000,0.000000,above_band_high
2026-08-06T04:58:00Z,95.8602,0.000000,0.000000,0.000000,above_band_high
2026-08-06T04:59:00Z,95.8389,0.000000,0.000000,0.000000,above_band_high
2026-08-06T05:00:00Z,95.8556,0.000000,0.000000,0.000000,above_band_high
2026-08-06T05:01:00Z,95.8846,0.000000,0.000000,0.000000,above_band_high
2026-08-06T05:02:00Z,95.8373,0.000000,0.000000,0.000000,above_band_high
2026-08-06T05:03:00Z,95.8556,0.000000,0.000000,0.000000,above_band_high
2026-08-06T05:04:00Z,95.8526,0.000000,0.000000,0.000000,above_band_high
2026-08-06T05:05:00Z,95.8602,0.000000,0.000000,0.000000,above_band_high
2026-08-06T05:06:00Z,95.8145,0.000000,0.000000,0.000000,above_band_high
2026-08-06T05:07:00Z,95.8663,0.000000,0.000000,0.000000,above_band_high
2026-08-06T05:08:00Z,95.8373,0.000000,0.000000,0.000000,above_band_high
2026-08-06T05:09:00Z,95.8480,0.000000,0.000000,0.000000,above_band_high
2026-08-06T05:10:00Z,95.8556,0.000000,0.000000,0.000000,above_band_high
2026-08-06T05:11:00Z,95.8663,0.000000,0.000000,0.000000,above_band_high
2026-08-06T05:12:00Z,95.8663,0.000000,0.000000,0.000000,above_band_high
2026-08-06T05:13:00Z,95.8526,0.000000,0.000000,0.000000,above_band_high
2026-08-06T05:14:00Z,95.8480,0.000000,0.000000,0.000000,above_band_high
2026-08-06T05:15:00Z,95.8648,0.000000,0.000000,0.000000,above_band_high
2026-08-06T05:16:00Z,95.8465,0.000000,0.000000,0.000000,above_band_high
2026-08-06T05:17:00Z,95.8480,0.000000,0.000000,0.000000,above_band_high
2026-08-06T05:18:00Z,95.8877,0.000000,0.000000,0.000000,above_band_high
2026-08-06T05:19:00Z,95.8556,0.000000,0.000000,0.000000,above_band_high
2026-08-06T05:20:00Z,95.8419,0.000000,0.000000,0.000000,above_band_high
2026-08-06T05:21:00Z,95.8465,0.000000,0.000000,0.000000,above_band_high
2026-08-06T05:22:00Z,95.8663,0.000000,0.000000,0.000000,above_band_high
2026-08-06T05:23:00Z,95.8923,0.000000,0.000000,0.000000,above_band_high
2026-08-06T05:24:00Z,95.8480,0.000000,0.000000,0.000000,above_band_high
2026-08-06T05:25:00Z,95.8480,0.000000,0.000000,0.000000,above_band_high
2026-08-06T05:26:00Z,95.8785,0.000000,0.000000,0.000000,above_band_high
2026-08-06T05:27:00Z,95.8526,0.000000,0.000000,0.000000,above_band_high
2026-08-06T05:28:00Z,95.8785,0.000000,0.000000,0.000000,above_band_high
2026-08-06T05:29:00Z,95.8923,0.000000,0.000000,0.000000,above_band_high
2026-08-06T05:30:00Z,95.8526,0.000000,0.000000,0.000000,above_band_high
2026-08-06T05:31:00Z,95.8709,0.000000,0.000000,0.000000,above_band_high
2026-08-06T05:32:00Z,95.8251,0.000000,0.000000,0.000000,above_band_high
2026-08-06T05:33:00Z,95.8663,0.000000,0.000000,0.000000,above_band_high
2026-08-06T05:34:00Z,95.8343,0.000000,0.000000,0.000000,above_band_high
2026-08-06T05:35:00Z,95.8648,0.000000,0.000000,0.000000,above_band_high
2026-08-06T05:36:00Z,95.8618,0.000000,0.000000,0.000000,above_band_high
2026-08-06T05:37:00Z,95.8831,0.000000,0.000000,0.000000,above_band_high
2026-08-06T05:38:00Z,95.8526,0.000000,0.000000,0.000000,above_band_high
2026-08-06T05:39:00Z,95.8648,0.000000,0.000000,0.000000,above_band_high
2026-08-06T05:40:00Z,95.8740,0.000000,0.000000,0.000000,above_band_high
2026-08-06T05:41:00Z,95.8419,0.000000,0.000000,0.000000,above_band_high
2026-08-06T05:42:00Z,95.8602,0.000000,0.000000,0.000000,above_band_high
2026-08-06T05:43:00Z,95.8556,0.000000,0.000000,0.000000,above_band_high
2026-08-06T05:44:00Z,95.8480,0.000000,0.000000,0.000000,above_band_high
2026-08-06T05:45:00Z,95.8434,0.000000,0.000000,0.000000,above_band_high
2026-08-06T05:46:00Z,95.8373,0.000000,0.000000,0.000000,above_band_high
2026-08-06T05:47:00Z,95.8526,0.000000,0.000000,0.000000,above_band_high
2026-08-06T05:48:00Z,95.8068,0.000000,0.000000,0.000000,above_band_high
2026-08-06T05:49:00Z,95.8373,0.000000,0.000000,0.000000,above_band_high
2026-08-06T05:50:00Z,95.8328,0.000000,0.000000,0.000000,above_band_high
2026-08-06T05:51:00Z,95.8526,0.000000,0.000000,0.000000,above_band_high
2026-08-06T05:52:00Z,95.8480,0.000000,0.000000,0.000000,above_band_high
2026-08-06T05:53:00Z,95.8526,0.000000,0.000000,0.000000,above_band_high
2026-08-06T05:54:00Z,95.8602,0.000000,0.000000,0.000000,above_band_high
2026-08-06T05:55:00Z,95.8740,0.000000,0.000000,0.000000,above_band_high
2026-08-06T05:56:00Z,95.8648,0.000000,0.000000,0.000000,above_band_high
2026-08-06T05:57:00Z,95.8526,0.000000,0.000000,0.000000,above_band_high
2026-08-06T05:58:00Z,95.8648,0.000000,0.000000,0.000000,above_band_high
2026-08-06T05:59:00Z,95.8526,0.000000,0.000000,0.000000,above_band_high
2026-08-06T06:00:00Z,95.8602,0.000000,0.000000,0.000000,above_band_high
2026-08-06T06:01:00Z,95.9060,0.000000,0.000000,0.000000,above_band_high
2026-08-06T06:02:00Z,95.8663,0.000000,0.000000,0.000000,above_band_high
2026-08-06T06:03:00Z,95.8709,0.000000,0.000000,0.000000,above_band_high
2026-08-06T06:04:00Z,95.8526,0.000000,0.000000,0.000000,above_band_high
2026-08-06T06:05:00Z,95.8556,0.000000,0.000000,0.000000,above_band_high
2026-08-06T06:06:00Z,95.8877,0.000000,0.000000,0.000000,above_band_high
2026-08-06T06:07:00Z,95.8526,0.000000,0.000000,0.000000,above_band_high
2026-08-06T06:08:00Z,95.8663,0.000000,0.000000,0.000000,above_band_high
2026-08-06T06:09:00Z,95.8465,0.000000,0.000000,0.000000,above_band_high
2026-08-06T06:10:00Z,95.8556,0.000000,0.000000,0.000000,above_band_high
2026-08-06T06:11:00Z,95.8556,0.000000,0.000000,0.000000,above_band_high
2026-08-06T06:12:00Z,95.8526,0.000000,0.000000,0.000000,above_band_high
2026-08-06T06:13:00Z,95.8526,0.000000,0.000000,0.000000,above_band_high
2026-08-06T06:14:00Z,95.8709,0.000000,0.000000,0.000000,above_band_high
2026-08-06T06:15:00Z,95.8648,0.000000,0.000000,0.000000,above_band_high
2026-08-06T06:16:00Z,95.8419,0.000000,0.000000,0.000000,above_band_high
2026-08-06T06:17:00Z,95.8785,0.000000,0.000000,0.000000,above_band_high
2026-08-06T06:18:00Z,95.8831,0.000000,0.000000,0.000000,above_band_high
2026-08-06T06:19:00Z,95.8740,0.000000,0.000000,0.000000,above_band_high
2026-08-06T06:20:00Z,95.8648,0.000000,0.000000,0.000000,above_band_high
2026-08-06T06:21:00Z,95.9106,0.000000,0.000000,0.000000,above_band_high
2026-08-06T06:22:00Z,95.8801,0.000000,0.000000,0.000000,above_band_high
2026-08-06T06:23:00Z,95.8877,0.000000,0.000000,0.000000,above_band_high
2026-08-06T06:24:00Z,95.8938,0.000000,0.000000,0.000000,above_band_high
2026-08-06T06:25:00Z,95.8648,0.000000,0.000000,0.000000,above_band_high
2026-08-06T06:26:00Z,95.8480,0.000000,0.000000,0.000000,above_band_high
2026-08-06T06:27:00Z,95.8343,0.000000,0.000000,0.000000,above_band_high
2026-08-06T06:28:00Z,95.8663,0.000000,0.000000,0.000000,above_band_high
2026-08-06T06:29:00Z,95.8923,0.000000,0.000000,0.000000,above_band_high
2026-08-06T06:30:00Z,95.8663,0.000000,0.000000,0.000000,above_band_high
2026-08-06T06:31:00Z,95.8785,0.000000,0.000000,0.000000,above_band_high
2026-08-06T06:32:00Z,95.9060,0.000000,0.000000,0.000000,above_band_high
2026-08-06T06:33:00Z,95.8877,0.000000,0.000000,0.000000,above_band_high
2026-08-06T06:34:00Z,95.8831,0.000000,0.000000,0.000000,above_band_high
2026-08-06T06:35:00Z,95.8526,0.000000,0.000000,0.000000,above_band_high
2026-08-06T06:36:00Z,95.8923,0.000000,0.000000,0.000000,above_band_high
2026-08-06T06:37:00Z,95.8938,0.000000,0.000000,0.000000,above_band_high
2026-08-06T06:38:00Z,95.8984,0.000000,0.000000,0.000000,above_band_high
2026-08-06T06:39:00Z,95.8740,0.000000,0.000000,0.000000,above_band_high
2026-08-06T06:40:00Z,95.8648,0.000000,0.000000,0.000000,above_band_high
2026-08-06T06:41:00Z,95.8831,0.000000,0.000000,0.000000,above_band_high
2026-08-06T06:42:00Z,95.8373,0.000000,0.000000,0.000000,above_band_high
2026-08-06T06:43:00Z,95.8831,0.000000,0.000000,0.000000,above_band_high
2026-08-06T06:44:00Z,95.8801,0.000000,0.000000,0.000000,above_band_high
2026-08-06T06:45:00Z,95.8785,0.000000,0.000000,0.000000,above_band_high
2026-08-06T06:46:00Z,95.8785,0.000000,0.000000,0.000000,above_band_high
2026-08-06T06:47:00Z,95.8419,0.000000,0.000000,0.000000,above_band_high
2026-08-06T06:48:00Z,95.8663,0.000000,0.000000,0.000000,above_band_high
2026-08-06T06:49:00Z,95.8740,0.000000,0.000000,0.000000,above_band_high
2026-08-06T06:50:00Z,95.8801,0.000000,0.000000,0.000000,above_band_high
2026-08-06T06:51:00Z,95.8526,0.000000,0.000000,0.000000,above_band_high
2026-08-06T06:52:00Z,95.8709,0.000000,0.000000,0.000000,above_band_high
2026-08-06T06:53:00Z,95.8419,0.000000,0.000000,0.000000,above_band_high
2026-08-06T06:54:00Z,95.8740,0.000000,0.000000,0.000000,above_band_high
2026-08-06T06:55:00Z,95.8419,0.000000,0.000000,0.000000,above_band_high
2026-08-06T06:56:00Z,95.8419,0.000000,0.000000,0.000000,above_band_high
2026-08-06T06:57:00Z,95.8663,0.000000,0.000000,0.000000,above_band_high
2026-08-06T06:58:00Z,95.8465,0.000000,0.000000,0.000000,above_band_high
2026-08-06T06:59:00Z,95.8526,0.000000,0.000000,0.000000,above_band_high
2026-08-06T07:00:00Z,95.8740,0.000000,0.000000,0.000000,above_band_high
2026-08-06T07:01:00Z,95.8648,0.000000,0.000000,0.000000,above_band_high
2026-08-06T07:02:00Z,95.8556,0.000000,0.000000,0.000000,above_band_high
2026-08-06T07:03:00Z,95.8602,0.000000,0.000000,0.000000,above_band_high
2026-08-06T07:04:00Z,95.8984,0.000000,0.000000,0.000000,above_band_high
2026-08-06T07:05:00Z,95.8556,0.000000,0.000000,0.000000,above_band_high
2026-08-06T07:06:00Z,95.8526,0.000000,0.000000,0.000000,above_band_high
2026-08-06T07:07:00Z,95.8419,0.000000,0.000000,0.000000,above_band_high
2026-08-06T07:08:00Z,95.8648,0.000000,0.000000,0.000000,above_band_high
2026-08-06T07:09:00Z,95.8663,0.000000,0.000000,0.000000,above_band_high
2026-08-06T07:10:00Z,95.8709,0.000000,0.000000,0.000000,above_band_high
2026-08-06T07:11:00Z,95.8480,0.000000,0.000000,0.000000,above_band_high
2026-08-06T07:12:00Z,95.8831,0.000000,0.000000,0.000000,above_band_high
2026-08-06T07:13:00Z,95.8648,0.000000,0.000000,0.000000,above_band_high
2026-08-06T07:14:00Z,95.8877,0.000000,0.000000,0.000000,above_band_high
2026-08-06T07:15:00Z,95.8740,0.000000,0.000000,0.000000,above_band_high
2026-08-06T07:16:00Z,95.8648,0.000000,0.000000,0.000000,above_band_high
2026-08-06T07:17:00Z,95.8938,0.000000,0.000000,0.000000,above_band_high
2026-08-06T07:18:00Z,95.8740,0.000000,0.000000,0.000000,above_band_high
2026-08-06T07:19:00Z,95.8831,0.000000,0.000000,0.000000,above_band_high
2026-08-06T07:20:00Z,95.9289,0.000000,0.000000,0.000000,above_band_high
2026-08-06T07:21:00Z,95.8785,0.000000,0.000000,0.000000,above_band_high
2026-08-06T07:22:00Z,95.9121,0.000000,0.000000,0.000000,above_band_high
2026-08-06T07:23:00Z,95.9060,0.000000,0.000000,0.000000,above_band_high
2026-08-06T07:24:00Z,95.8877,0.000000,0.000000,0.000000,above_band_high
2026-08-06T07:25:00Z,95.9243,0.000000,0.000000,0.000000,above_band_high
2026-08-06T07:26:00Z,95.8984,0.000000,0.000000,0.000000,above_band_high
2026-08-06T07:27:00Z,95.8602,0.000000,0.000000,0.000000,above_band_high
2026-08-06T07:28:00Z,95.9060,0.000000,0.000000,0.000000,above_band_high
2026-08-06T07:29:00Z,95.9121,0.000000,0.000000,0.000000,above_band_high
2026-08-06T07:30:00Z,95.8663,0.000000,0.000000,0.000000,above_band_high
2026-08-06T07:31:00Z,95.9121,0.000000,0.000000,0.000000,above_band_high
2026-08-06T07:32:00Z,95.9289,0.000000,0.000000,0.000000,above_band_high
2026-08-06T07:33:00Z,95.9106,0.000000,0.000000,0.000000,above_band_high
2026-08-06T07:34:00Z,95.9335,0.000000,0.000000,0.000000,above_band_high
2026-08-06T07:35:00Z,95.9121,0.000000,0.000000,0.000000,above_band_high
2026-08-06T07:36:00Z,95.8984,0.000000,0.000000,0.000000,above_band_high
2026-08-06T07:37:00Z,95.8938,0.000000,0.000000,0.000000,above_band_high
2026-08-06T07:38:00Z,95.9167,0.000000,0.000000,0.000000,above_band_high
2026-08-06T07:39:00Z,95.8938,0.000000,0.000000,0.000000,above_band_high
2026-08-06T07:40:00Z,95.8846,0.000000,0.000000,0.000000,above_band_high
2026-08-06T07:41:00Z,95.8831,0.000000,0.000000,0.000000,above_band_high
2026-08-06T07:42:00Z,95.8831,0.000000,0.000000,0.000000,above_band_high
2026-08-06T07:43:00Z,95.8938,0.000000,0.000000,0.000000,above_band_high
2026-08-06T07:44:00Z,95.9060,0.000000,0.000000,0.000000,above_band_high
2026-08-06T07:45:00Z,95.8892,0.000000,0.000000,0.000000,above_band_high
2026-08-06T07:46:00Z,95.9060,0.000000,0.000000,0.000000,above_band_high
2026-08-06T07:47:00Z,95.8755,0.000000,0.000000,0.000000,above_band_high
2026-08-06T07:48:00Z,95.9060,0.000000,0.000000,0.000000,above_band_high
2026-08-06T07:49:00Z,95.9060,0.000000,0.000000,0.000000,above_band_high
2026-08-06T07:50:00Z,95.8892,0.000000,0.000000,0.000000,above_band_high
2026-08-06T07:51:00Z,95.8755,0.000000,0.000000,0.000000,above_band_high
2026-08-06T07:52:00Z,95.8923,0.000000,0.000000,0.000000,above_band_high
2026-08-06T07:53:00Z,95.8938,0.000000,0.000000,0.000000,above_band_high
2026-08-06T07:54:00Z,95.8785,0.000000,0.000000,0.000000,above_band_high
2026-08-06T07:55:00Z,95.9060,0.000000,0.000000,0.000000,above_band_high
2026-08-06T07:56:00Z,95.8556,0.000000,0.000000,0.000000,above_band_high
2026-08-06T07:57:00Z,95.8831,0.000000,0.000000,0.000000,above_band_high
2026-08-06T07:58:00Z,95.8648,0.000000,0.000000,0.000000,above_band_high
2026-08-06T07:59:00Z,95.8740,0.000000,0.000000,0.000000,above_band_high
2026-08-06T08:00:00Z,95.9106,0.000000,0.000000,0.000000,above_band_high
2026-08-06T08:01:00Z,95.8648,0.000000,0.000000,0.000000,above_band_high
2026-08-06T08:02:00Z,95.8846,0.000000,0.000000,0.000000,above_band_high
2026-08-06T08:03:00Z,95.8785,0.000000,0.000000,0.000000,above_band_high
2026-08-06T08:04:00Z,95.8846,0.000000,0.000000,0.000000,above_band_high
2026-08-06T08:05:00Z,95.8740,0.000000,0.000000,0.000000,above_band_high
2026-08-06T08:06:00Z,95.8740,0.000000,0.000000,0.000000,above_band_high
2026-08-06T08:07:00Z,95.8572,0.000000,0.000000,0.000000,above_band_high
2026-08-06T08:08:00Z,95.8892,0.000000,0.000000,0.000000,above_band_high
2026-08-06T08:09:00Z,95.8892,0.000000,0.000000,0.000000,above_band_high
2026-08-06T08:10:00Z,95.8663,0.000000,0.000000,0.000000,above_band_high
2026-08-06T08:11:00Z,95.8831,0.000000,0.000000,0.000000,above_band_high
2026-08-06T08:12:00Z,95.8785,0.000000,0.000000,0.000000,above_band_high
2026-08-06T08:13:00Z,95.8831,0.000000,0.000000,0.000000,above_band_high
2026-08-06T08:14:00Z,95.8968,0.000000,0.000000,0.000000,above_band_high
2026-08-06T08:15:00Z,95.8785,0.000000,0.000000,0.000000,above_band_high
2026-08-06T08:16:00Z,95.9243,0.000000,0.000000,0.000000,above_band_high
2026-08-06T08:17:00Z,95.8709,0.000000,0.000000,0.000000,above_band_high
2026-08-06T08:18:00Z,95.8846,0.000000,0.000000,0.000000,above_band_high
2026-08-06T08:19:00Z,95.9197,0.000000,0.000000,0.000000,above_band_high
2026-08-06T08:20:00Z,95.9075,0.000000,0.000000,0.000000,above_band_high
2026-08-06T08:21:00Z,95.8785,0.000000,0.000000,0.000000,above_band_high
2026-08-06T08:22:00Z,95.9030,0.000000,0.000000,0.000000,above_band_high
2026-08-06T08:23:00Z,95.8831,0.000000,0.000000,0.000000,above_band_high
2026-08-06T08:24:00Z,95.8785,0.000000,0.000000,0.000000,above_band_high
2026-08-06T08:25:00Z,95.9030,0.000000,0.000000,0.000000,above_band_high
2026-08-06T08:26:00Z,95.8618,0.000000,0.000000,0.000000,above_band_high
2026-08-06T08:27:00Z,95.8740,0.000000,0.000000,0.000000,above_band_high
2026-08-06T08:28:00Z,95.8618,0.000000,0.000000,0.000000,above_band_high
2026-08-06T08:29:00Z,95.8785,0.000000,0.000000,0.000000,above_band_high
2026-08-06T08:30:00Z,95.8740,0.000000,0.000000,0.000000,above_band_high
2026-08-06T08:31:00Z,95.8846,0.000000,0.000000,0.000000,above_band_high
2026-08-06T08:32:00Z,95.8740,0.000000,0.000000,0.000000,above_band_high
2026-08-06T08:33:00Z,95.8846,0.000000,0.000000,0.000000,above_band_high
2026-08-06T08:34:00Z,95.9075,0.000000,0.000000,0.000000,above_band_high
2026-08-06T08:35:00Z,95.8740,0.000000,0.000000,0.000000,above_band_high
2026-08-06T08:36:00Z,95.9106,0.000000,0.000000,0.000000,above_band_high
2026-08-06T08:37:00Z,95.8740,0.000000,0.000000,0.000000,above_band_high
2026-08-06T08:38:00Z,95.8968,0.000000,0.000000,0.000000,above_band_high
2026-08-06T08:39:00Z,95.9014,0.000000,0.000000,0.000000,above_band_high
2026-08-06T08:40:00Z,95.9167,0.000000,0.000000,0.000000,above_band_high
2026-08-06T08:41:00Z,95.8846,0.000000,0.000000,0.000000,above_band_high
2026-08-06T08:42:00Z,95.8968,0.000000,0.000000,0.000000,above_band_high
2026-08-06T08:43:00Z,95.8846,0.000000,0.000000,0.000000,above_band_high
2026-08-06T08:44:00Z,95.8663,0.000000,0.000000,0.000000,above_band_high
2026-08-06T08:45:00Z,95.9014,0.000000,0.000000,0.000000,above_band_high
2026-08-06T08:46:00Z,95.8846,0.000000,0.000000,0.000000,above_band_high
2026-08-06T08:47:00Z,95.9121,0.000000,0.000000,0.000000,above_band_high
2026-08-06T08:48:00Z,95.9014,0.000000,0.000000,0.000000,above_band_high
2026-08-06T08:49:00Z,95.9121,0.000000,0.000000,0.000000,above_band_high
2026-08-06T08:50:00Z,95.8968,0.000000,0.000000,0.000000,above_band_high
2026-08-06T08:51:00Z,95.9243,0.000000,0.000000,0.000000,above_band_high
2026-08-06T08:52:00Z,95.8968,0.000000,0.000000,0.000000,above_band_high
2026-08-06T08:53:00Z,95.9152,0.000000,0.000000,0.000000,above_band_high
2026-08-06T08:54:00Z,95.8923,0.000000,0.000000,0.000000,above_band_high
2026-08-06T08:55:00Z,95.9243,0.000000,0.000000,0.000000,above_band_high
2026-08-06T08:56:00Z,95.8938,0.000000,0.000000,0.000000,above_band_high
2026-08-06T08:57:00Z,95.8877,0.000000,0.000000,0.000000,above_band_high
2026-08-06T08:58:00Z,95.8938,0.000000,0.000000,0.000000,above_band_high
2026-08-06T08:59:00Z,95.8938,0.000000,0.000000,0.000000,above_band_high
2026-08-06T09:00:00Z,95.8846,0.000000,0.000000,0.000000,above_band_high
2026-08-06T09:01:00Z,95.8801,0.000000,0.000000,0.000000,above_band_high
2026-08-06T09:02:00Z,95.9060,0.000000,0.000000,0.000000,above_band_high
2026-08-06T09:03:00Z,95.8984,0.000000,0.000000,0.000000,above_band_high
2026-08-06T09:04:00Z,95.8968,0.000000,0.000000,0.000000,above_band_high
2026-08-06T09:05:00Z,95.8755,0.000000,0.000000,0.000000,above_band_high
2026-08-06T09:06:00Z,95.8480,0.000000,0.000000,0.000000,above_band_high
2026-08-06T09:07:00Z,95.8923,0.000000,0.000000,0.000000,above_band_high
2026-08-06T09:08:00Z,95.8526,0.000000,0.000000,0.000000,above_band_high
2026-08-06T09:09:00Z,95.8709,0.000000,0.000000,0.000000,above_band_high
2026-08-06T09:10:00Z,95.8755,0.000000,0.000000,0.000000,above_band_high
2026-08-06T09:11:00Z,95.9106,0.000000,0.000000,0.000000,above_band_high
2026-08-06T09:12:00Z,95.8923,0.000000,0.000000,0.000000,above_band_high
2026-08-06T09:13:00Z,95.8923,0.000000,0.000000,0.000000,above_band_high
2026-08-06T09:14:00Z,95.8572,0.000000,0.000000,0.000000,above_band_high
2026-08-06T09:15:00Z,95.8648,0.000000,0.000000,0.000000,above_band_high
2026-08-06T09:16:00Z,95.8984,0.000000,0.000000,0.000000,above_band_high
2026-08-06T09:17:00Z,95.8328,0.000000,0.000000,0.000000,above_band_high
2026-08-06T09:18:00Z,95.8297,0.000000,0.000000,0.000000,above_band_high
2026-08-06T09:19:00Z,95.8511,0.000000,0.000000,0.000000,above_band_high
2026-08-06T09:20:00Z,95.8694,0.000000,0.000000,0.000000,above_band_high
2026-08-06T09:21:00Z,95.8297,0.000000,0.000000,0.000000,above_band_high
2026-08-06T09:22:00Z,95.8297,0.000000,0.000000,0.000000,above_band_high
2026-08-06T09:23:00Z,95.8297,0.000000,0.000000,0.000000,above_band_high
2026-08-06T09:24:00Z,95.8236,0.000000,0.000000,0.000000,above_band_high
2026-08-06T09:25:00Z,95.8236,0.000000,0.000000,0.000000,above_band_high
2026-08-06T09:26:00Z,95.8328,0.000000,0.000000,0.000000,above_band_high
2026-08-06T09:27:00Z,95.8099,0.000000,0.000000,0.000000,above_band_high
2026-08-06T09:28:00Z,95.8022,0.000000,0.000000,0.000000,above_band_high
2026-08-06T09:29:00Z,95.8114,0.000000,0.000000,0.000000,above_band_high
2026-08-06T09:30:00Z,95.8434,0.000000,0.000000,0.000000,above_band_high
2026-08-06T09:31:00Z,95.7977,0.000000,0.000000,0.000000,above_band_high
2026-08-06T09:32:00Z,95.8099,0.000000,0.000000,0.000000,above_band_high
2026-08-06T09:33:00Z,95.8022,0.000000,0.000000,0.000000,above_band_high
2026-08-06T09:34:00Z,95.7839,0.000000,0.000000,0.000000,above_band_high
2026-08-06T09:35:00Z,95.8206,0.000000,0.000000,0.000000,above_band_high
2026-08-06T09:36:00Z,95.7382,0.000000,0.000000,0.000000,above_band_high
2026-08-06T09:37:00Z,95.8145,0.000000,0.000000,0.000000,above_band_high
2026-08-06T09:38:00Z,95.7839,0.000000,0.000000,0.000000,above_band_high
2026-08-06T09:39:00Z,95.8145,0.000000,0.000000,0.000000,above_band_high
2026-08-06T09:40:00Z,95.7641,0.000000,0.000000,0.000000,above_band_high
2026-08-06T09:41:00Z,95.7656,0.000000,0.000000,0.000000,above_band_high
2026-08-06T09:42:00Z,95.7366,0.000000,0.000000,0.000000,above_band_high
2026-08-06T09:43:00Z,95.7321,0.000000,0.000000,0.000000,above_band_high
2026-08-06T09:44:00Z,95.7565,0.000000,0.000000,0.000000,above_band_high
2026-08-06T09:45:00Z,95.7366,0.000000,0.000000,0.000000,above_band_high
2026-08-06T09:46:00Z,95.7382,0.000000,0.000000,0.000000,above_band_high
2026-08-06T09:47:00Z,95.7366,0.000000,0.000000,0.000000,above_band_high
2026-08-06T09:48:00Z,95.7427,0.000000,0.000000,0.000000,above_band_high
2026-08-06T09:49:00Z,95.7549,0.000000,0.000000,0.000000,above_band_high
2026-08-06T09:50:00Z,95.7153,0.000000,0.000000,0.000000,above_band_high
2026-08-06T09:51:00Z,95.7000,0.000000,0.000000,0.000000,above_band_high
2026-08-06T09:52:00Z,95.7046,0.000000,0.000000,0.000000,above_band_high
2026-08-06T09:53:00Z,95.7198,0.000000,0.000000,0.000000,above_band_high
2026-08-06T09:54:00Z,95.7092,0.000000,0.000000,0.000000,above_band_high
2026-08-06T09:55:00Z,95.6909,0.000000,0.000000,0.000000,above_band_high
2026-08-06T09:56:00Z,95.7015,0.000000,0.000000,0.000000,above_band_high
2026-08-06T09:57:00Z,95.6924,0.000000,0.000000,0.000000,above_band_high
2026-08-06T09:58:00Z,95.7107,0.000000,0.000000,0.000000,above_band_high
2026-08-06T09:59:00Z,95.6817,0.000000,0.000000,0.000000,above_band_high
2026-08-06T10:00:00Z,95.6725,0.000000,0.000000,0.000000,above_band_high
2026-08-06T10:01:00Z,95.6588,0.000000,0.000000,0.000000,above_band_high
2026-08-06T10:02:00Z,95.7015,0.000000,0.000000,0.000000,above_band_high
2026-08-06T10:03:00Z,95.7015,0.000000,0.000000,0.000000,above_band_high
2026-08-06T10:04:00Z,95.6909,0.000000,0.000000,0.000000,above_band_high
2026-08-06T10:05:00Z,95.6695,0.000000,0.000000,0.000000,above_band_high
2026-08-06T10:06:00Z,95.6832,0.000000,0.000000,0.000000,above_band_high
2026-08-06T10:07:00Z,95.7046,0.000000,0.000000,0.000000,above_band_high
2026-08-06T10:08:00Z,95.6832,0.000000,0.000000,0.000000,above_band_high
2026-08-06T10:09:00Z,95.6924,0.000000,0.000000,0.000000,above_band_high
2026-08-06T10:10:00Z,95.6924,0.000000,0.000000,0.000000,above_band_high
2026-08-06T10:11:00Z,95.6695,0.000000,0.000000,0.000000,above_band_high
2026-08-06T10:12:00Z,95.7183,0.000000,0.000000,0.000000,above_band_high
2026-08-06T10:13:00Z,95.6649,0.000000,0.000000,0.000000,above_band_high
2026-08-06T10:14:00Z,95.6832,0.000000,0.000000,0.000000,above_band_high
2026-08-06T10:15:00Z,95.7275,0.000000,0.000000,0.000000,above_band_high
2026-08-06T10:16:00Z,95.7015,0.000000,0.000000,0.000000,above_band_high
2026-08-06T10:17:00Z,95.7275,0.000000,0.000000,0.000000,above_band_high
2026-08-06T10:18:00Z,95.6725,0.000000,0.000000,0.000000,above_band_high
2026-08-06T10:19:00Z,95.6817,0.000000,0.000000,0.000000,above_band_high
2026-08-06T10:20:00Z,95.6695,0.000000,0.000000,0.000000,above_band_high
2026-08-06T10:21:00Z,95.6603,0.000000,0.000000,0.000000,above_band_high
2026-08-06T10:22:00Z,95.6817,0.000000,0.000000,0.000000,above_band_high
2026-08-06T10:23:00Z,95.7198,0.000000,0.000000,0.000000,above_band_high
2026-08-06T10:24:00Z,95.7015,0.000000,0.000000,0.000000,above_band_high
2026-08-06T10:25:00Z,95.7061,0.000000,0.000000,0.000000,above_band_high
2026-08-06T10:26:00Z,95.7015,0.000000,0.000000,0.000000,above_band_high
2026-08-06T10:27:00Z,95.6909,0.000000,0.000000,0.000000,above_band_high
2026-08-06T10:28:00Z,95.7366,0.000000,0.000000,0.000000,above_band_high
2026-08-06T10:29:00Z,95.7000,0.000000,0.000000,0.000000,above_band_high
2026-08-06T10:30:00Z,95.7107,0.000000,0.000000,0.000000,above_band_high
2026-08-06T10:31:00Z,95.6878,0.000000,0.000000,0.000000,above_band_high
2026-08-06T10:32:00Z,95.7000,0.000000,0.000000,0.000000,above_band_high
2026-08-06T10:33:00Z,95.6832,0.000000,0.000000,0.000000,above_band_high
2026-08-06T10:34:00Z,95.6741,0.000000,0.000000,0.000000,above_band_high
2026-08-06T10:35:00Z,95.7015,0.000000,0.000000,0.000000,above_band_high
2026-08-06T10:36:00Z,95.7229,0.000000,0.000000,0.000000,above_band_high
2026-08-06T10:37:00Z,95.6954,0.000000,0.000000,0.000000,above_band_high
2026-08-06T10:38:00Z,95.7015,0.000000,0.000000,0.000000,above_band_high
2026-08-06T10:39:00Z,95.6786,0.000000,0.000000,0.000000,above_band_high
2026-08-06T10:40:00Z,95.6954,0.000000,0.000000,0.000000,above_band_high
2026-08-06T10:41:00Z,95.7107,0.000000,0.000000,0.000000,above_band_high
2026-08-06T10:42:00Z,95.6725,0.000000,0.000000,0.000000,above_band_high
2026-08-06T10:43:00Z,95.6954,0.000000,0.000000,0.000000,above_band_high
2026-08-06T10:44:00Z,95.6954,0.000000,0.000000,0.000000,above_band_high
2026-08-06T10:45:00Z,95.7107,0.000000,0.000000,0.000000,above_band_high
2026-08-06T10:46:00Z,95.6786,0.000000,0.000000,0.000000,above_band_high
2026-08-06T10:47:00Z,95.6786,0.000000,0.000000,0.000000,above_band_high
2026-08-06T10:48:00Z,95.7137,0.000000,0.000000,0.000000,above_band_high
2026-08-06T10:49:00Z,95.7107,0.000000,0.000000,0.000000,above_band_high
2026-08-06T10:50:00Z,95.6634,0.000000,0.000000,0.000000,above_band_high
2026-08-06T10:51:00Z,95.6497,0.000000,0.000000,0.000000,above_band_high
2026-08-06T10:52:00Z,95.6542,0.000000,0.000000,0.000000,above_band_high
2026-08-06T10:53:00Z,95.6542,0.000000,0.000000,0.000000,above_band_high
2026-08-06T10:54:00Z,95.6832,0.000000,0.000000,0.000000,above_band_high
2026-08-06T10:55:00Z,95.6680,0.000000,0.000000,0.000000,above_band_high
2026-08-06T10:56:00Z,95.6954,0.000000,0.000000,0.000000,above_band_high
2026-08-06T10:57:00Z,95.6542,0.000000,0.000000,0.000000,above_band_high
2026-08-06T10:58:00Z,95.6542,0.000000,0.000000,0.000000,above_band_high
2026-08-06T10:59:00Z,95.6680,0.000000,0.000000,0.000000,above_band_high
2026-08-06T11:00:00Z,95.6649,0.000000,0.000000,0.000000,above_band_high
2026-08-06T11:01:00Z,95.6512,0.000000,0.000000,0.000000,above_band_high
2026-08-06T11:02:00Z,95.6603,0.000000,0.000000,0.000000,above_band_high
2026-08-06T11:03:00Z,95.6741,0.000000,0.000000,0.000000,above_band_high
2026-08-06T11:04:00Z,95.6634,0.000000,0.000000,0.000000,above_band_high
2026-08-06T11:05:00Z,95.6741,0.000000,0.000000,0.000000,above_band_high
2026-08-06T11:06:00Z,95.6634,0.000000,0.000000,0.000000,above_band_high
2026-08-06T11:07:00Z,95.6588,0.000000,0.000000,0.000000,above_band_high
2026-08-06T11:08:00Z,95.6725,0.000000,0.000000,0.000000,above_band_high
2026-08-06T11:09:00Z,95.6725,0.000000,0.000000,0.000000,above_band_high
2026-08-06T11:10:00Z,95.6863,0.000000,0.000000,0.000000,above_band_high
2026-08-06T11:11:00Z,95.6725,0.000000,0.000000,0.000000,above_band_high
2026-08-06T11:12:00Z,95.7046,0.000000,0.000000,0.000000,above_band_high
2026-08-06T11:13:00Z,95.7092,0.000000,0.000000,0.000000,above_band_high
2026-08-06T11:14:00Z,95.6786,0.000000,0.000000,0.000000,above_band_high
2026-08-06T11:15:00Z,95.6909,0.000000,0.000000,0.000000,above_band_high
2026-08-06T11:16:00Z,95.7153,0.000000,0.000000,0.000000,above_band_high
2026-08-06T11:17:00Z,95.6970,0.000000,0.000000,0.000000,above_band_high
2026-08-06T11:18:00Z,95.6909,0.000000,0.000000,0.000000,above_band_high
2026-08-06T11:19:00Z,95.7275,0.000000,0.000000,0.000000,above_band_high
2026-08-06T11:20:00Z,95.7153,0.000000,0.000000,0.000000,above_band_high
2026-08-06T11:21:00Z,95.7366,0.000000,0.000000,0.000000,above_band_high
2026-08-06T11:22:00Z,95.7000,0.000000,0.000000,0.000000,above_band_high
2026-08-06T11:23:00Z,95.7198,0.000000,0.000000,0.000000,above_band_high
2026-08-06T11:24:00Z,95.7382,0.000000,0.000000,0.000000,above_band_high
2026-08-06T11:25:00Z,95.7107,0.000000,0.000000,0.000000,above_band_high
2026-08-06T11:26:00Z,95.7412,0.000000,0.000000,0.000000,above_band_high
2026-08-06T11:27:00Z,95.7198,0.000000,0.000000,0.000000,above_band_high
2026-08-06T11:28:00Z,95.7382,0.000000,0.000000,0.000000,above_band_high
2026-08-06T11:29:00Z,95.7687,0.000000,0.000000,0.000000,above_band_high
2026-08-06T11:30:00Z,95.7336,0.000000,0.000000,0.000000,above_band_high
2026-08-06T11:31:00Z,95.7687,0.000000,0.000000,0.000000,above_band_high
2026-08-06T11:32:00Z,95.7641,0.000000,0.000000,0.000000,above_band_high
2026-08-06T11:33:00Z,95.7916,0.000000,0.000000,0.000000,above_band_high
2026-08-06T11:34:00Z,95.7916,0.000000,0.000000,0.000000,above_band_high
2026-08-06T11:35:00Z,95.8068,0.000000,0.000000,0.000000,above_band_high
2026-08-06T11:36:00Z,95.8282,0.000000,0.000000,0.000000,above_band_high
2026-08-06T11:37:00Z,95.7748,0.000000,0.000000,0.000000,above_band_high
2026-08-06T11:38:00Z,95.8099,0.000000,0.000000,0.000000,above_band_high
2026-08-06T11:39:00Z,95.7977,0.000000,0.000000,0.000000,above_band_high
2026-08-06T11:40:00Z,95.7870,0.000000,0.000000,0.000000,above_band_high
2026-08-06T11:41:00Z,95.7961,0.000000,0.000000,0.000000,above_band_high
2026-08-06T11:42:00Z,95.8053,0.000000,0.000000,0.000000,above_band_high
2026-08-06T11:43:00Z,95.8282,0.000000,0.000000,0.000000,above_band_high
2026-08-06T11:44:00Z,95.8068,0.000000,0.000000,0.000000,above_band_high
2026-08-06T11:45:00Z,95.8343,0.000000,0.000000,0.000000,above_band_high
2026-08-06T11:46:00Z,95.8434,0.000000,0.000000,0.000000,above_band_high
2026-08-06T11:47:00Z,95.8114,0.000000,0.000000,0.000000,above_band_high
2026-08-06T11:48:00Z,95.8343,0.000000,0.000000,0.000000,above_band_high
2026-08-06T11:49:00Z,95.8434,0.000000,0.000000,0.000000,above_band_high
2026-08-06T11:50:00Z,95.8343,0.000000,0.000000,0.000000,above_band_high
2026-08-06T11:51:00Z,95.8190,0.000000,0.000000,0.000000,above_band_high
2026-08-06T11:52:00Z,95.8480,0.000000,0.000000,0.000000,above_band_high
2026-08-06T11:53:00Z,95.8343,0.000000,0.000000,0.000000,above_band_high
2026-08-06T11:54:00Z,95.8373,0.000000,0.000000,0.000000,above_band_high
2026-08-06T11:55:00Z,95.8297,0.000000,0.000000,0.000000,above_band_high
2026-08-06T11:56:00Z,95.8328,0.000000,0.000000,0.000000,above_band_high
2026-08-06T11:57:00Z,95.8556,0.000000,0.000000,0.000000,above_band_high
2026-08-06T11:58:00Z,95.8282,0.000000,0.000000,0.000000,above_band_high
2026-08-06T11:59:00Z,95.8434,0.000000,0.000000,0.000000,above_band_high
2026-08-06T12:00:00Z,95.8480,0.000000,0.000000,0.000000,above_band_high
2026-08-06T12:01:00Z,95.8389,0.000000,0.000000,0.000000,above_band_high
2026-08-06T12:02:00Z,95.8434,0.000000,0.000000,0.000000,above_band_high
2026-08-06T12:03:00Z,95.8556,0.000000,0.000000,0.000000,above_band_high
2026-08-06T12:04:00Z,95.8465,0.000000,0.000000,0.000000,above_band_high
2026-08-06T12:05:00Z,95.8328,0.000000,0.000000,0.000000,above_band_high
2026-08-06T12:06:00Z,95.8663,0.000000,0.000000,0.000000,above_band_high
2026-08-06T12:07:00Z,95.8343,0.000000,0.000000,0.000000,above_band_high
2026-08-06T12:08:00Z,95.8373,0.000000,0.000000,0.000000,above_band_high
2026-08-06T12:09:00Z,95.8648,0.000000,0.000000,0.000000,above_band_high
2026-08-06T12:10:00Z,95.8343,0.000000,0.000000,0.000000,above_band_high
2026-08-06T12:11:00Z,95.8618,0.000000,0.000000,0.000000,above_band_high
2026-08-06T12:12:00Z,95.8480,0.000000,0.000000,0.000000,above_band_high
2026-08-06T12:13:00Z,95.8618,0.000000,0.000000,0.000000,above_band_high
2026-08-06T12:14:00Z,95.8480,0.000000,0.000000,0.000000,above_band_high
2026-08-06T12:15:00Z,95.8892,0.000000,0.000000,0.000000,above_band_high
2026-08-06T12:16:00Z,95.8846,0.000000,0.000000,0.000000,above_band_high
2026-08-06T12:17:00Z,95.8663,0.000000,0.000000,0.000000,above_band_high
2026-08-06T12:18:00Z,95.8785,0.000000,0.000000,0.000000,above_band_high
2026-08-06T12:19:00Z,95.7778,0.000000,0.000000,0.000000,above_band_high
2026-08-06T12:20:00Z,95.8389,0.000000,0.000000,0.000000,above_band_high
2026-08-06T12:21:00Z,95.8419,0.000000,0.000000,0.000000,above_band_high
2026-08-06T12:22:00Z,95.8389,0.000000,0.000000,0.000000,above_band_high
2026-08-06T12:23:00Z,95.8068,0.000000,0.000000,0.000000,above_band_high
2026-08-06T12:24:00Z,95.8145,0.000000,0.000000,0.000000,above_band_high
2026-08-06T12:25:00Z,95.8114,0.000000,0.000000,0.000000,above_band_high
2026-08-06T12:26:00Z,95.7931,0.000000,0.000000,0.000000,above_band_high
2026-08-06T12:27:00Z,95.8190,0.000000,0.000000,0.000000,above_band_high
2026-08-06T12:28:00Z,95.7748,0.000000,0.000000,0.000000,above_band_high
2026-08-06T12:29:00Z,95.7473,0.000000,0.000000,0.000000,above_band_high
2026-08-06T12:30:00Z,95.7458,0.000000,0.000000,0.000000,above_band_high
2026-08-06T12:31:00Z,95.7641,0.000000,0.000000,0.000000,above_band_high
2026-08-06T12:32:00Z,95.7321,0.000000,0.000000,0.000000,above_band_high
2026-08-06T12:33:00Z,95.7382,0.000000,0.000000,0.000000,above_band_high
2026-08-06T12:34:00Z,95.7427,0.000000,0.000000,0.000000,above_band_high
2026-08-06T12:35:00Z,95.7046,0.000000,0.000000,0.000000,above_band_high
2026-08-06T12:36:00Z,95.6741,0.000000,0.000000,0.000000,above_band_high
2026-08-06T12:37:00Z,95.6542,0.000000,0.000000,0.000000,above_band_high
2026-08-06T12:38:00Z,95.6008,0.000000,0.000000,0.000000,above_band_high
2026-08-06T12:39:00Z,95.6725,0.000000,0.000000,0.000000,above_band_high
2026-08-06T12:40:00Z,95.6466,0.000000,0.000000,0.000000,above_band_high
2026-08-06T12:41:00Z,95.5825,0.000000,0.000000,0.000000,above_band_high
2026-08-06T12:42:00Z,95.5825,0.000000,0.000000,0.000000,above_band_high
2026-08-06T12:43:00Z,95.5230,0.000000,0.000000,0.000000,above_band_high
2026-08-06T12:44:00Z,95.5505,0.000000,0.000000,0.000000,above_band_high
2026-08-06T12:45:00Z,95.5367,0.000000,0.000000,0.000000,above_band_high
2026-08-06T12:46:00Z,95.5505,0.000000,0.000000,0.000000,above_band_high
2026-08-06T12:47:00Z,95.5459,0.000000,0.000000,0.000000,above_band_high
2026-08-06T12:48:00Z,95.5459,0.000000,0.000000,0.000000,above_band_high
2026-08-06T12:49:00Z,95.5505,0.000000,0.000000,0.000000,above_band_high
2026-08-06T12:50:00Z,95.5489,0.000000,0.000000,0.000000,above_band_high
2026-08-06T12:51:00Z,95.5230,0.000000,0.000000,0.000000,above_band_high
2026-08-06T12:52:00Z,95.4986,0.000000,0.000000,0.000000,above_band_high
2026-08-06T12:53:00Z,95.4910,0.000000,0.000000,0.000000,above_band_high
2026-08-06T12:54:00Z,95.4726,0.000000,0.000000,0.000000,above_band_high
2026-08-06T12:55:00Z,95.4665,0.000000,0.000000,0.000000,above_band_high
2026-08-06T12:56:00Z,95.4955,0.000000,0.000000,0.000000,above_band_high
2026-08-06T12:57:00Z,95.4711,0.000000,0.000000,0.000000,above_band_high
2026-08-06T12:58:00Z,95.5032,0.000000,0.000000,0.000000,above_band_high
2026-08-06T12:59:00Z,95.5184,0.000000,0.000000,0.000000,above_band_high
2026-08-06T13:00:00Z,95.4955,0.000000,0.000000,0.000000,above_band_high
2026-08-06T13:01:00Z,95.4437,0.000000,0.000000,0.000000,above_band_high
2026-08-06T13:02:00Z,95.4528,0.000000,0.000000,0.000000,above_band_high
2026-08-06T13:03:00Z,95.4757,0.000000,0.000000,0.000000,above_band_high
2026-08-06T13:04:00Z,95.4574,0.000000,0.000000,0.000000,above_band_high
2026-08-06T13:05:00Z,95.4482,0.000000,0.000000,0.000000,above_band_high
2026-08-06T13:06:00Z,95.4391,0.000000,0.000000,0.000000,above_band_high
2026-08-06T13:07:00Z,95.4726,0.000000,0.000000,0.000000,above_band_high
2026-08-06T13:08:00Z,95.4543,0.000000,0.000000,0.000000,above_band_high
2026-08-06T13:09:00Z,95.4437,0.000000,0.000000,0.000000,above_band_high
2026-08-06T13:10:00Z,95.4482,0.000000,0.000000,0.000000,above_band_high
2026-08-06T13:11:00Z,95.4543,0.000000,0.000000,0.000000,above_band_high
2026-08-06T13:12:00Z,95.4437,0.000000,0.000000,0.000000,above_band_high
2026-08-06T13:13:00Z,95.4116,0.000000,0.000000,0.000000,above_band_high
2026-08-06T13:14:00Z,95.4253,0.000000,0.000000,0.000000,above_band_high
2026-08-06T13:15:00Z,95.4543,0.000000,0.000000,0.000000,above_band_high
2026-08-06T13:16:00Z,95.4223,0.000000,0.000000,0.000000,above_band_high
2026-08-06T13:17:00Z,95.4253,0.000000,0.000000,0.000000,above_band_high
2026-08-06T13:18:00Z,95.4116,0.000000,0.000000,0.000000,above_band_high
2026-08-06T13:19:00Z,95.3765,0.000000,0.000000,0.000000,above_band_high
2026-08-06T13:20:00Z,95.4040,0.000000,0.000000,0.000000,above_band_high
2026-08-06T13:21:00Z,95.4345,0.000000,0.000000,0.000000,above_band_high
2026-08-06T13:22:00Z,95.4223,0.000000,0.000000,0.000000,above_band_high
2026-08-06T13:23:00Z,95.4070,0.000000,0.000000,0.000000,above_band_high
2026-08-06T13:24:00Z,95.3658,0.000000,0.000000,0.000000,above_band_high
2026-08-06T13:25:00Z,95.3719,0.000000,0.000000,0.000000,above_band_high
2026-08-06T13:26:00Z,95.3979,0.000000,0.000000,0.000000,above_band_high
2026-08-06T13:27:00Z,95.3841,0.000000,0.000000,0.000000,above_band_high
2026-08-06T13:28:00Z,95.3979,0.000000,0.000000,0.000000,above_band_high
2026-08-06T13:29:00Z,95.3796,0.000000,0.000000,0.000000,above_band_high
2026-08-06T13:30:00Z,95.3567,0.000000,0.000000,0.000000,above_band_high
2026-08-06T13:31:00Z,95.3796,0.000000,0.000000,0.000000,above_band_high
2026-08-06T13:32:00Z,95.4253,0.000000,0.000000,0.000000,above_band_high
2026-08-06T13:33:00Z,95.3857,0.000000,0.000000,0.000000,above_band_high
2026-08-06T13:34:00Z,95.3948,0.000000,0.000000,0.000000,above_band_high
2026-08-06T13:35:00Z,95.4360,0.000000,0.000000,0.000000,above_band_high
2026-08-06T13:36:00Z,95.3841,0.000000,0.000000,0.000000,above_band_high
2026-08-06T13:37:00Z,95.4086,0.000000,0.000000,0.000000,above_band_high
2026-08-06T13:38:00Z,95.3857,0.000000,0.000000,0.000000,above_band_high
2026-08-06T13:39:00Z,95.4162,0.000000,0.000000,0.000000,above_band_high
2026-08-06T13:40:00Z,95.3948,0.000000,0.000000,0.000000,above_band_high
2026-08-06T13:41:00Z,95.3948,0.000000,0.000000,0.000000,above_band_high
2026-08-06T13:42:00Z,95.3902,0.000000,0.000000,0.000000,above_band_high
2026-08-06T13:43:00Z,95.3811,0.000000,0.000000,0.000000,above_band_high
2026-08-06T13:44:00Z,95.3704,0.000000,0.000000,0.000000,above_band_high
2026-08-06T13:45:00Z,95.3719,0.000000,0.000000,0.000000,above_band_high
2026-08-06T13:46:00Z,95.4345,0.000000,0.000000,0.000000,above_band_high
2026-08-06T13:47:00Z,95.3521,0.000000,0.000000,0.000000,above_band_high
2026-08-06T13:48:00Z,95.3841,0.000000,0.000000,0.000000,above_band_high
2026-08-06T13:49:00Z,95.3811,0.000000,0.000000,0.000000,above_band_high
2026-08-06T13:50:00Z,95.3887,0.000000,0.000000,0.000000,above_band_high
2026-08-06T13:51:00Z,95.3887,0.000000,0.000000,0.000000,above_band_high
2026-08-06T13:52:00Z,95.4086,0.000000,0.000000,0.000000,above_band_high
2026-08-06T13:53:00Z,95.3765,0.000000,0.000000,0.000000,above_band_high
2026-08-06T13:54:00Z,95.3933,0.000000,0.000000,0.000000,above_band_high
2026-08-06T13:55:00Z,95.3628,0.000000,0.000000,0.000000,above_band_high
2026-08-06T13:56:00Z,95.3841,0.000000,0.000000,0.000000,above_band_high
2026-08-06T13:57:00Z,95.3704,0.000000,0.000000,0.000000,above_band_high
2026-08-06T13:58:00Z,95.3750,0.000000,0.000000,0.000000,above_band_high
2026-08-06T13:59:00Z,95.3811,0.000000,0.000000,0.000000,above_band_high
2026-08-06T14:00:00Z,95.3445,0.000000,0.000000,0.000000,above_band_high
2026-08-06T14:01:00Z,95.3765,0.000000,0.000000,0.000000,above_band_high
2026-08-06T14:02:00Z,95.3536,0.000000,0.000000,0.000000,above_band_high
2026-08-06T14:03:00Z,95.3674,0.000000,0.000000,0.000000,above_band_high
2026-08-06T14:04:00Z,95.3750,0.000000,0.000000,0.000000,above_band_high
2026-08-06T14:05:00Z,95.3887,0.000000,0.000000,0.000000,above_band_high
2026-08-06T14:06:00Z,95.3536,0.000000,0.000000,0.000000,above_band_high
2026-08-06T14:07:00Z,95.3796,0.000000,0.000000,0.000000,above_band_high
2026-08-06T14:08:00Z,95.3719,0.000000,0.000000,0.000000,above_band_high
2026-08-06T14:09:00Z,95.3857,0.000000,0.000000,0.000000,above_band_high
2026-08-06T14:10:00Z,95.3933,0.000000,0.000000,0.000000,above_band_high
2026-08-06T14:11:00Z,95.4131,0.000000,0.000000,0.000000,above_band_high
2026-08-06T14:12:00Z,95.3887,0.000000,0.000000,0.000000,above_band_high
2026-08-06T14:13:00Z,95.3994,0.000000,0.000000,0.000000,above_band_high
2026-08-06T14:14:00Z,95.4299,0.000000,0.000000,0.000000,above_band_high
2026-08-06T14:15:00Z,95.3887,0.000000,0.000000,0.000000,above_band_high
2026-08-06T14:16:00Z,95.4391,0.000000,0.000000,0.000000,above_band_high
2026-08-06T14:17:00Z,95.4314,0.000000,0.000000,0.000000,above_band_high
2026-08-06T14:18:00Z,95.4360,0.000000,0.000000,0.000000,above_band_high
2026-08-06T14:19:00Z,95.4162,0.000000,0.000000,0.000000,above_band_high
2026-08-06T14:20:00Z,95.4498,0.000000,0.000000,0.000000,above_band_high
2026-08-06T14:21:00Z,95.4223,0.000000,0.000000,0.000000,above_band_high
2026-08-06T14:22:00Z,95.3994,0.000000,0.000000,0.000000,above_band_high
2026-08-06T14:23:00Z,95.4406,0.000000,0.000000,0.000000,above_band_high
2026-08-06T14:24:00Z,95.3948,0.000000,0.000000,0.000000,above_band_high
2026-08-06T14:25:00Z,95.3979,0.000000,0.000000,0.000000,above_band_high
2026-08-06T14:26:00Z,95.3902,0.000000,0.000000,0.000000,above_band_high
2026-08-06T14:27:00Z,95.4070,0.000000,0.000000,0.000000,above_band_high
2026-08-06T14:28:00Z,95.3948,0.000000,0.000000,0.000000,above_band_high
2026-08-06T14:29:00Z,95.3765,0.000000,0.000000,0.000000,above_band_high
2026-08-06T14:30:00Z,95.3979,0.000000,0.000000,0.000000,above_band_high
2026-08-06T14:31:00Z,95.3811,0.000000,0.000000,0.000000,above_band_high
2026-08-06T14:32:00Z,95.3475,0.000000,0.000000,0.000000,above_band_high
2026-08-06T14:33:00Z,95.3658,0.000000,0.000000,0.000000,above_band_high
2026-08-06T14:34:00Z,95.3948,0.000000,0.000000,0.000000,above_band_high
2026-08-06T14:35:00Z,95.3704,0.000000,0.000000,0.000000,above_band_high
2026-08-06T14:36:00Z,95.3262,0.000000,0.000000,0.000000,above_band_high
2026-08-06T14:37:00Z,95.3429,0.000000,0.000000,0.000000,above_band_high
2026-08-06T14:38:00Z,95.3536,0.000000,0.000000,0.000000,above_band_high
2026-08-06T14:39:00Z,95.3338,0.000000,0.000000,0.000000,above_band_high
2026-08-06T14:40:00Z,95.3262,0.000000,0.000000,0.000000,above_band_high
2026-08-06T14:41:00Z,95.3567,0.000000,0.000000,0.000000,above_band_high
2026-08-06T14:42:00Z,95.3719,0.000000,0.000000,0.000000,above_band_high
2026-08-06T14:43:00Z,95.3246,0.000000,0.000000,0.000000,above_band_high
2026-08-06T14:44:00Z,95.3170,0.000000,0.000000,0.000000,above_band_high
2026-08-06T14:45:00Z,95.3338,0.000000,0.000000,0.000000,above_band_high
2026-08-06T14:46:00Z,95.3292,0.000000,0.000000,0.000000,above_band_high
2026-08-06T14:47:00Z,95.3384,0.000000,0.000000,0.000000,above_band_high
2026-08-06T14:48:00Z,95.3063,0.000000,0.000000,0.000000,above_band_high
2026-08-06T14:49:00Z,95.3399,0.000000,0.000000,0.000000,above_band_high
2026-08-06T14:50:00Z,95.2972,0.000000,0.000000,0.000000,above_band_high
2026-08-06T14:51:00Z,95.3353,0.000000,0.000000,0.000000,above_band_high
2026-08-06T14:52:00Z,95.3079,0.000000,0.000000,0.000000,above_band_high
2026-08-06T14:53:00Z,95.2834,0.000000,0.000000,0.000000,above_band_high
2026-08-06T14:54:00Z,95.2712,0.000000,0.000000,0.000000,above_band_high
2026-08-06T14:55:00Z,95.2972,0.000000,0.000000,0.000000,above_band_high
2026-08-06T14:56:00Z,95.2651,0.000000,0.000000,0.000000,above_band_high
2026-08-06T14:57:00Z,95.2743,0.000000,0.000000,0.000000,above_band_high
2026-08-06T14:58:00Z,95.2743,0.000000,0.000000,0.000000,above_band_high
2026-08-06T14:59:00Z,95.2789,0.000000,0.000000,0.000000,above_band_high
2026-08-06T15:00:00Z,95.2575,0.000000,0.000000,0.000000,above_band_high
2026-08-06T15:01:00Z,95.2575,0.000000,0.000000,0.000000,above_band_high
2026-08-06T15:02:00Z,95.2575,0.000000,0.000000,0.000000,above_band_high
2026-08-06T15:03:00Z,95.2468,0.000000,0.000000,0.000000,above_band_high
2026-08-06T15:04:00Z,95.2605,0.000000,0.000000,0.000000,above_band_high
2026-08-06T15:05:00Z,95.2346,0.000000,0.000000,0.000000,above_band_high
2026-08-06T15:06:00Z,95.2300,0.000000,0.000000,0.000000,above_band_high
2026-08-06T15:07:00Z,95.2529,0.000000,0.000000,0.000000,above_band_high
2026-08-06T15:08:00Z,95.2651,0.000000,0.000000,0.000000,above_band_high
2026-08-06T15:09:00Z,95.2605,0.000000,0.000000,0.000000,above_band_high
2026-08-06T15:10:00Z,95.2529,0.000000,0.000000,0.000000,above_band_high
2026-08-06T15:11:00Z,95.2071,0.000000,0.000000,0.000000,above_band_high
2026-08-06T15:12:00Z,95.2422,0.000000,0.000000,0.000000,above_band_high
2026-08-06T15:13:00Z,95.2239,0.000000,0.000000,0.000000,above_band_high
2026-08-06T15:14:00Z,95.2239,0.000000,0.000000,0.000000,above_band_high
2026-08-06T15:15:00Z,95.2239,0.000000,0.000000,0.000000,above_band_high
2026-08-06T15:16:00Z,95.1965,0.000000,0.000000,0.000000,above_band_high
2026-08-06T15:17:00Z,95.2255,0.000000,0.000000,0.000000,above_band_high
2026-08-06T15:18:00Z,95.2239,0.000000,0.000000,0.000000,above_band_high
2026-08-06T15:19:00Z,95.2026,0.000000,0.000000,0.000000,above_band_high
2026-08-06T15:20:00Z,95.2071,0.000000,0.000000,0.000000,above_band_high
2026-08-06T15:21:00Z,95.1965,0.000000,0.000000,0.000000,above_band_high
2026-08-06T15:22:00Z,95.1934,0.000000,0.000000,0.000000,above_band_high
2026-08-06T15:23:00Z,95.1751,0.000000,0.000000,0.000000,above_band_high
2026-08-06T15:24:00Z,95.1934,0.000000,0.000000,0.000000,above_band_high
2026-08-06T15:25:00Z,95.1843,0.000000,0.000000,0.000000,above_band_high
2026-08-06T15:26:00Z,95.1797,0.000000,0.000000,0.000000,above_band_high
2026-08-06T15:27:00Z,95.1797,0.000000,0.000000,0.000000,above_band_high
2026-08-06T15:28:00Z,95.1888,0.000000,0.000000,0.000000,above_band_high
2026-08-06T15:29:00Z,95.1888,0.000000,0.000000,0.000000,above_band_high
2026-08-06T15:30:00Z,95.1888,0.000000,0.000000,0.000000,above_band_high
2026-08-06T15:31:00Z,95.2071,0.000000,0.000000,0.000000,above_band_high
2026-08-06T15:32:00Z,95.1873,0.000000,0.000000,0.000000,above_band_high
2026-08-06T15:33:00Z,95.2193,0.000000,0.000000,0.000000,above_band_high
2026-08-06T15:34:00Z,95.2071,0.000000,0.000000,0.000000,above_band_high
2026-08-06T15:35:00Z,95.2193,0.000000,0.000000,0.000000,above_band_high
2026-08-06T15:36:00Z,95.1934,0.000000,0.000000,0.000000,above_band_high
2026-08-06T15:37:00Z,95.2285,0.000000,0.000000,0.000000,above_band_high
2026-08-06T15:38:00Z,95.2392,0.000000,0.000000,0.000000,above_band_high
2026-08-06T15:39:00Z,95.2392,0.000000,0.000000,0.000000,above_band_high
2026-08-06T15:40:00Z,95.2621,0.000000,0.000000,0.000000,above_band_high
2026-08-06T15:41:00Z,95.2468,0.000000,0.000000,0.000000,above_band_high
2026-08-06T15:42:00Z,95.2346,0.000000,0.000000,0.000000,above_band_high
2026-08-06T15:43:00Z,95.2743,0.000000,0.000000,0.000000,above_band_high
2026-08-06T15:44:00Z,95.2331,0.000000,0.000000,0.000000,above_band_high
2026-08-06T15:45:00Z,95.2621,0.000000,0.000000,0.000000,above_band_high
2026-08-06T15:46:00Z,95.2651,0.000000,0.000000,0.000000,above_band_high
2026-08-06T15:47:00Z,95.2743,0.000000,0.000000,0.000000,above_band_high
2026-08-06T15:48:00Z,95.2895,0.000000,0.000000,0.000000,above_band_high
2026-08-06T15:49:00Z,95.3155,0.000000,0.000000,0.000000,above_band_high
2026-08-06T15:50:00Z,95.3109,0.000000,0.000000,0.000000,above_band_high
2026-08-06T15:51:00Z,95.3033,0.000000,0.000000,0.000000,above_band_high
2026-08-06T15:52:00Z,95.2895,0.000000,0.000000,0.000000,above_band_high
2026-08-06T15:53:00Z,95.2850,0.000000,0.000000,0.000000,above_band_high
2026-08-06T15:54:00Z,95.3079,0.000000,0.000000,0.000000,above_band_high
2026-08-06T15:55:00Z,95.3079,0.000000,0.000000,0.000000,above_band_high
2026-08-06T15:56:00Z,95.3429,0.000000,0.000000,0.000000,above_band_high
2026-08-06T15:57:00Z,95.3307,0.000000,0.000000,0.000000,above_band_high
2026-08-06T15:58:00Z,95.3155,0.000000,0.000000,0.000000,above_band_high
2026-08-06T15:59:00Z,95.3399,0.000000,0.000000,0.000000,above_band_high
2026-08-06T16:00:00Z,95.3429,0.000000,0.000000,0.000000,above_band_high
2026-08-06T16:01:00Z,95.3536,0.000000,0.000000,0.000000,above_band_high
2026-08-06T16:02:00Z,95.3170,0.000000,0.000000,0.000000,above_band_high
2026-08-06T16:03:00Z,95.3216,0.000000,0.000000,0.000000,above_band_high
2026-08-06T16:04:00Z,95.3475,0.000000,0.000000,0.000000,above_band_high
2026-08-06T16:05:00Z,95.3491,0.000000,0.000000,0.000000,above_band_high
2026-08-06T16:06:00Z,95.3262,0.000000,0.000000,0.000000,above_band_high
2026-08-06T16:07:00Z,95.3429,0.000000,0.000000,0.000000,above_band_high
2026-08-06T16:08:00Z,95.3491,0.000000,0.000000,0.000000,above_band_high
2026-08-06T16:09:00Z,95.3384,0.000000,0.000000,0.000000,above_band_high
2026-08-06T16:10:00Z,95.3536,0.000000,0.000000,0.000000,above_band_high
2026-08-06T16:11:00Z,95.3796,0.000000,0.000000,0.000000,above_band_high
2026-08-06T16:12:00Z,95.3582,0.000000,0.000000,0.000000,above_band_high
2026-08-06T16:13:00Z,95.3796,0.000000,0.000000,0.000000,above_band_high
2026-08-06T16:14:00Z,95.3887,0.000000,0.000000,0.000000,above_band_high
2026-08-06T16:15:00Z,95.3841,0.000000,0.000000,0.000000,above_band_high
2026-08-06T16:16:00Z,95.3582,0.000000,0.000000,0.000000,above_band_high
2026-08-06T16:17:00Z,95.3445,0.000000,0.000000,0.000000,above_band_high
2026-08-06T16:18:00Z,95.3750,0.000000,0.000000,0.000000,above_band_high
2026-08-06T16:19:00Z,95.3674,0.000000,0.000000,0.000000,above_band_high
2026-08-06T16:20:00Z,95.3536,0.000000,0.000000,0.000000,above_band_high
2026-08-06T16:21:00Z,95.3613,0.000000,0.000000,0.000000,above_band_high
2026-08-06T16:22:00Z,95.3658,0.000000,0.000000,0.000000,above_band_high
2026-08-06T16:23:00Z,95.3536,0.000000,0.000000,0.000000,above_band_high
2026-08-06T16:24:00Z,95.3719,0.000000,0.000000,0.000000,above_band_high
2026-08-06T16:25:00Z,95.3902,0.000000,0.000000,0.000000,above_band_high
2026-08-06T16:26:00Z,95.3613,0.000000,0.000000,0.000000,above_band_high
2026-08-06T16:27:00Z,95.3582,0.000000,0.000000,0.000000,above_band_high
2026-08-06T16:28:00Z,95.3674,0.000000,0.000000,0.000000,above_band_high
2026-08-06T16:29:00Z,95.3582,0.000000,0.000000,0.000000,above_band_high
2026-08-06T16:30:00Z,95.3384,0.000000,0.000000,0.000000,above_band_high
2026-08-06T16:31:00Z,95.3567,0.000000,0.000000,0.000000,above_band_high
2026-08-06T16:32:00Z,95.3841,0.000000,0.000000,0.000000,above_band_high
2026-08-06T16:33:00Z,95.3948,0.000000,0.000000,0.000000,above_band_high
2026-08-06T16:34:00Z,95.4177,0.000000,0.000000,0.000000,above_band_high
2026-08-06T16:35:00Z,95.3613,0.000000,0.000000,0.000000,above_band_high
2026-08-06T16:36:00Z,95.3841,0.000000,0.000000,0.000000,above_band_high
2026-08-06T16:37:00Z,95.4162,0.000000,0.000000,0.000000,above_band_high
2026-08-06T16:38:00Z,95.4253,0.000000,0.000000,0.000000,above_band_high
2026-08-06T16:39:00Z,95.3674,0.000000,0.000000,0.000000,above_band_high
2026-08-06T16:40:00Z,95.4086,0.000000,0.000000,0.000000,above_band_high
2026-08-06T16:41:00Z,95.3796,0.000000,0.000000,0.000000,above_band_high
2026-08-06T16:42:00Z,95.4025,0.000000,0.000000,0.000000,above_band_high
2026-08-06T16:43:00Z,95.4025,0.000000,0.000000,0.000000,above_band_high
2026-08-06T16:44:00Z,95.4025,0.000000,0.000000,0.000000,above_band_high
2026-08-06T16:45:00Z,95.4223,0.000000,0.000000,0.000000,above_band_high
2026-08-06T16:46:00Z,95.3902,0.000000,0.000000,0.000000,above_band_high
2026-08-06T16:47:00Z,95.4025,0.000000,0.000000,0.000000,above_band_high
2026-08-06T16:48:00Z,95.3719,0.000000,0.000000,0.000000,above_band_high
2026-08-06T16:49:00Z,95.3704,0.000000,0.000000,0.000000,above_band_high
2026-08-06T16:50:00Z,95.4040,0.000000,0.000000,0.000000,above_band_high
2026-08-06T16:51:00Z,95.3979,0.000000,0.000000,0.000000,above_band_high
2026-08-06T16:52:00Z,95.3933,0.000000,0.000000,0.000000,above_band_high
2026-08-06T16:53:00Z,95.4223,0.000000,0.000000,0.000000,above_band_high
2026-08-06T16:54:00Z,95.3933,0.000000,0.000000,0.000000,above_band_high
2026-08-06T16:55:00Z,95.4391,0.000000,0.000000,0.000000,above_band_high
2026-08-06T16:56:00Z,95.3933,0.000000,0.000000,0.000000,above_band_high
2026-08-06T16:57:00Z,95.3887,0.000000,0.000000,0.000000,above_band_high
2026-08-06T16:58:00Z,95.3841,0.000000,0.000000,0.000000,above_band_high
2026-08-06T16:59:00Z,95.3933,0.000000,0.000000,0.000000,above_band_high
2026-08-06T17:00:00Z,95.4269,0.000000,0.000000,0.000000,above_band_high
2026-08-06T17:01:00Z,95.4025,0.000000,0.000000,0.000000,above_band_high
2026-08-06T17:02:00Z,95.4208,0.000000,0.000000,0.000000,above_band_high
2026-08-06T17:03:00Z,95.4070,0.000000,0.000000,0.000000,above_band_high
2026-08-06T17:04:00Z,95.4162,0.000000,0.000000,0.000000,above_band_high
2026-08-06T17:05:00Z,95.4070,0.000000,0.000000,0.000000,above_band_high
2026-08-06T17:06:00Z,95.3796,0.000000,0.000000,0.000000,above_band_high
2026-08-06T17:07:00Z,95.4162,0.000000,0.000000,0.000000,above_band_high
2026-08-06T17:08:00Z,95.3674,0.000000,0.000000,0.000000,above_band_high
2026-08-06T17:09:00Z,95.4131,0.000000,0.000000,0.000000,above_band_high
2026-08-06T17:10:00Z,95.4070,0.000000,0.000000,0.000000,above_band_high
2026-08-06T17:11:00Z,95.4070,0.000000,0.000000,0.000000,above_band_high
2026-08-06T17:12:00Z,95.4177,0.000000,0.000000,0.000000,above_band_high
2026-08-06T17:13:00Z,95.4070,0.000000,0.000000,0.000000,above_band_high
2026-08-06T17:14:00Z,95.3796,0.000000,0.000000,0.000000,above_band_high
2026-08-06T17:15:00Z,95.4253,0.000000,0.000000,0.000000,above_band_high
2026-08-06T23:30:46Z,95.3719,0.000000,0.000000,0.000000,above_band_high
2026-08-06T23:31:00Z,95.2987,0.000000,0.000000,0.000000,above_band_high
2026-08-06T23:32:00Z,95.3353,0.000000,0.000000,0.000000,above_band_high
2026-08-06T23:33:00Z,95.2926,0.000000,0.000000,0.000000,above_band_high
2026-08-06T23:34:00Z,95.3353,0.000000,0.000000,0.000000,above_band_high
2026-08-06T23:35:00Z,95.3475,0.000000,0.000000,0.000000,above_band_high
2026-08-06T23:36:00Z,95.3307,0.000000,0.000000,0.000000,above_band_high
2026-08-06T23:37:00Z,95.3384,0.000000,0.000000,0.000000,above_band_high
2026-08-06T23:38:00Z,95.3429,0.000000,0.000000,0.000000,above_band_high
2026-08-06T23:39:00Z,95.3079,0.000000,0.000000,0.000000,above_band_high
2026-08-06T23:40:00Z,95.3017,0.000000,0.000000,0.000000,above_band_high
2026-08-06T23:41:00Z,95.3399,0.000000,0.000000,0.000000,above_band_high
2026-08-06T23:42:00Z,95.3170,0.000000,0.000000,0.000000,above_band_high
2026-08-06T23:43:00Z,95.3338,0.000000,0.000000,0.000000,above_band_high
2026-08-06T23:44:00Z,95.3475,0.000000,0.000000,0.000000,above_band_high
2026-08-06T23:45:00Z,95.3658,0.000000,0.000000,0.000000,above_band_high
2026-08-06T23:46:00Z,95.3246,0.000000,0.000000,0.000000,above_band_high
2026-08-06T23:47:00Z,95.3063,0.000000,0.000000,0.000000,above_band_high
2026-08-06T23:48:00Z,95.3399,0.000000,0.000000,0.000000,above_band_high
2026-08-06T23:49:00Z,95.3246,0.000000,0.000000,0.000000,above_band_high
2026-08-06T23:50:00Z,95.3017,0.000000,0.000000,0.000000,above_band_high
2026-08-06T23:51:00Z,95.3109,0.000000,0.000000,0.000000,above_band_high
2026-08-06T23:52:00Z,95.3338,0.000000,0.000000,0.000000,above_band_high
2026-08-06T23:53:00Z,95.2895,0.000000,0.000000,0.000000,above_band_high
2026-08-06T23:54:00Z,95.2926,0.000000,0.000000,0.000000,above_band_high
2026-08-06T23:55:00Z,95.2804,0.000000,0.000000,0.000000,above_band_high
2026-08-06T23:56:00Z,95.3033,0.000000,0.000000,0.000000,above_band_high
2026-08-06T23:57:00Z,95.2651,0.000000,0.000000,0.000000,above_band_high
2026-08-06T23:58:00Z,95.2621,0.000000,0.000000,0.000000,above_band_high
2026-08-06T23:59:00Z,95.2834,0.000000,0.000000,0.000000,above_band_high
2026-08-07T00:00:00Z,95.2804,0.000000,0.000000,0.000000,above_band_high
2026-08-07T00:01:00Z,95.2758,0.000000,0.000000,0.000000,above_band_high
2026-08-07T00:02:00Z,95.2651,0.000000,0.000000,0.000000,above_band_high
2026-08-07T00:03:00Z,95.2651,0.000000,0.000000,0.000000,above_band_high
2026-08-07T00:04:00Z,95.2514,0.000000,0.000000,0.000000,above_band_high
2026-08-07T00:05:00Z,95.2621,0.000000,0.000000,0.000000,above_band_high
2026-08-07T00:06:00Z,95.2331,0.000000,0.000000,0.000000,above_band_high
2026-08-07T00:07:00Z,95.2255,0.000000,0.000000,0.000000,above_band_high
2026-08-07T00:08:00Z,95.2331,0.000000,0.000000,0.000000,above_band_high
2026-08-07T00:09:00Z,95.2056,0.000000,0.000000,0.000000,above_band_high
2026-08-07T00:10:00Z,95.1598,0.000000,0.000000,0.000000,above_band_high
2026-08-07T00:11:00Z,95.1843,0.000000,0.000000,0.000000,above_band_high
2026-08-07T00:12:00Z,95.1476,0.000000,0.000000,0.000000,above_band_high
2026-08-07T00:13:00Z,95.1415,0.000000,0.000000,0.000000,above_band_high
2026-08-07T00:14:00Z,95.1202,0.000000,0.000000,0.000000,above_band_high
2026-08-07T00:15:00Z,95.1064,0.000000,0.000000,0.000000,above_band_high
2026-08-07T00:16:00Z,95.1324,0.000000,0.000000,0.000000,above_band_high
2026-08-07T00:17:00Z,95.1110,0.000000,0.000000,0.000000,above_band_high
2026-08-07T00:18:00Z,95.0927,0.000000,0.000000,0.000000,above_band_high
2026-08-07T00:19:00Z,95.1003,0.000000,0.000000,0.000000,above_band_high
2026-08-07T00:20:00Z,95.1019,0.000000,0.000000,0.000000,above_band_high
2026-08-07T00:21:00Z,95.0561,0.000000,0.000000,0.000000,above_band_high
2026-08-07T00:22:00Z,95.0561,0.000000,0.000000,0.000000,above_band_high
2026-08-07T00:23:00Z,95.0698,0.000000,0.000000,0.000000,above_band_high
2026-08-07T00:24:00Z,95.0607,0.000000,0.000000,0.000000,above_band_high
2026-08-07T00:25:00Z,95.0546,0.000000,0.000000,0.000000,above_band_high
2026-08-07T00:26:00Z,95.0454,0.000000,0.000000,0.000000,above_band_high
2026-08-07T00:27:00Z,95.0607,0.000000,0.000000,0.000000,above_band_high
2026-08-07T00:28:00Z,95.0408,0.000000,0.000000,0.000000,above_band_high
2026-08-07T00:29:00Z,95.0286,0.000000,0.000000,0.000000,above_band_high
2026-08-07T00:30:00Z,95.0240,0.000000,0.000000,0.000000,above_band_high
2026-08-07T00:31:00Z,95.0286,0.000000,0.000000,0.000000,above_band_high
2026-08-07T00:32:00Z,95.0103,0.000000,0.000000,0.000000,above_band_high
2026-08-07T00:33:00Z,95.0103,0.000000,0.000000,0.000000,above_band_high
2026-08-07T00:34:00Z,94.9920,0.000000,0.000000,0.000000,above_band_high
2026-08-07T00:35:00Z,94.9722,0.000000,0.000000,0.000000,above_band_high
2026-08-07T00:36:00Z,94.9737,0.000000,0.000000,0.000000,above_band_high
2026-08-07T00:37:00Z,94.9630,0.000000,0.000000,0.000000,above_band_high
2026-08-07T00:38:00Z,94.9538,0.000000,0.000000,0.000000,above_band_high
2026-08-07T00:39:00Z,94.9691,0.000000,0.000000,0.000000,above_band_high
2026-08-07T00:40:00Z,94.9371,0.000000,0.000000,0.000000,above_band_high
2026-08-07T00:41:00Z,94.9279,0.000000,0.000000,0.000000,above_band_high
2026-08-07T00:42:00Z,94.9081,0.000000,0.000000,0.000000,above_band_high
2026-08-07T00:43:00Z,94.9325,0.000000,0.000000,0.000000,above_band_high
2026-08-07T00:44:00Z,94.9126,0.000000,0.000000,0.000000,above_band_high
2026-08-07T00:45:01Z,94.9279,0.000000,0.000000,0.000000,above_band_high
2026-08-07T00:46:00Z,94.8714,0.000000,0.000000,0.000000,above_band_high
2026-08-07T00:47:00Z,94.9310,0.000000,0.000000,0.000000,above_band_high
2026-08-07T00:48:00Z,94.9126,0.000000,0.000000,0.000000,above_band_high
2026-08-07T00:49:00Z,94.9401,0.000000,0.000000,0.000000,above_band_high
2026-08-07T00:50:00Z,94.8821,0.000000,0.000000,0.000000,above_band_high
2026-08-07T00:51:00Z,94.8684,0.000000,0.000000,0.000000,above_band_high
2026-08-07T00:52:00Z,94.8623,0.000000,0.000000,0.000000,above_band_high
2026-08-07T00:53:00Z,94.8760,0.000000,0.000000,0.000000,above_band_high
2026-08-07T00:54:00Z,94.9172,0.000000,0.000000,0.000000,above_band_high
2026-08-07T00:55:00Z,94.8959,0.000000,0.000000,0.000000,above_band_high
2026-08-07T00:56:00Z,94.9050,0.000000,0.000000,0.000000,above_band_high
2026-08-07T00:57:00Z,94.9172,0.000000,0.000000,0.000000,above_band_high
2026-08-07T00:58:00Z,94.9096,0.000000,0.000000,0.000000,above_band_high
2026-08-07T00:59:00Z,94.9126,0.000000,0.000000,0.000000,above_band_high
2026-08-07T01:00:00Z,94.9264,0.000000,0.000000,0.000000,above_band_high
2026-08-07T01:01:00Z,94.9416,0.000000,0.000000,0.000000,above_band_high
2026-08-07T01:02:00Z,94.9371,0.000000,0.000000,0.000000,above_band_high
2026-08-07T01:03:00Z,94.9371,0.000000,0.000000,0.000000,above_band_high
2026-08-07T01:04:00Z,94.9416,0.000000,0.000000,0.000000,above_band_high
2026-08-07T01:05:00Z,94.9676,0.000000,0.000000,0.000000,above_band_high
2026-08-07T01:06:00Z,94.9950,0.000000,0.000000,0.000000,above_band_high
2026-08-07T01:07:00Z,94.9676,0.000000,0.000000,0.000000,above_band_high
2026-08-07T01:08:00Z,94.9538,0.000000,0.000000,0.000000,above_band_high
2026-08-07T01:09:00Z,94.9722,0.000000,0.000000,0.000000,above_band_high
2026-08-07T01:10:00Z,94.9493,0.000000,0.000000,0.000000,above_band_high
2026-08-07T01:11:00Z,94.9554,0.000000,0.000000,0.000000,above_band_high
2026-08-07T01:12:00Z,94.9447,0.000000,0.000000,0.000000,above_band_high
2026-08-07T01:13:00Z,94.9416,0.000000,0.000000,0.000000,above_band_high
2026-08-07T01:14:00Z,94.9416,0.000000,0.000000,0.000000,above_band_high
2026-08-07T01:15:00Z,94.9264,0.000000,0.000000,0.000000,above_band_high
2026-08-07T01:16:00Z,94.8959,0.000000,0.000000,0.000000,above_band_high
2026-08-07T01:17:00Z,94.8943,0.000000,0.000000,0.000000,above_band_high
2026-08-07T01:18:00Z,94.8959,0.000000,0.000000,0.000000,above_band_high
2026-08-07T01:19:00Z,94.8913,0.000000,0.000000,0.000000,above_band_high
2026-08-07T01:20:00Z,94.8669,0.000000,0.000000,0.000000,above_band_high
2026-08-07T01:21:00Z,94.8898,0.000000,0.000000,0.000000,above_band_high
2026-08-07T01:22:00Z,94.8821,0.000000,0.000000,0.000000,above_band_high
2026-08-07T01:23:00Z,94.8669,0.000000,0.000000,0.000000,above_band_high
2026-08-07T01:24:00Z,94.8592,0.000000,0.000000,0.000000,above_band_high
2026-08-07T01:25:00Z,94.8531,0.000000,0.000000,0.000000,above_band_high
2026-08-07T01:26:00Z,94.8531,0.000000,0.000000,0.000000,above_band_high
2026-08-07T01:27:00Z,94.8363,0.000000,0.000000,0.000000,above_band_high
2026-08-07T01:28:00Z,94.8165,0.000000,0.000000,0.000000,above_band_high
2026-08-07T01:29:00Z,94.8394,0.000000,0.000000,0.000000,above_band_high
2026-08-07T01:30:00Z,94.8257,0.000000,0.000000,0.000000,above_band_high
2026-08-07T01:31:00Z,94.8409,0.000000,0.000000,0.000000,above_band_high
2026-08-07T01:32:00Z,94.8348,0.000000,0.000000,0.000000,above_band_high
2026-08-07T01:33:00Z,94.8135,0.000000,0.000000,0.000000,above_band_high
2026-08-07T01:34:00Z,94.7890,0.000000,0.000000,0.000000,above_band_high
2026-08-07T01:35:00Z,94.8119,0.000000,0.000000,0.000000,above_band_high
2026-08-07T01:36:00Z,94.7982,0.000000,0.000000,0.000000,above_band_high
2026-08-07T01:37:00Z,94.7982,0.000000,0.000000,0.000000,above_band_high
2026-08-07T01:38:00Z,94.7860,0.000000,0.000000,0.000000,above_band_high
2026-08-07T01:39:00Z,94.7585,0.000000,0.000000,0.000000,above_band_high
2026-08-07T01:40:00Z,94.7860,0.000000,0.000000,0.000000,above_band_high
2026-08-07T01:41:00Z,94.7662,0.000000,0.000000,0.000000,above_band_high
2026-08-07T01:42:00Z,94.7677,0.000000,0.000000,0.000000,above_band_high
2026-08-07T01:43:00Z,94.7997,0.000000,0.000000,0.000000,above_band_high
2026-08-07T01:44:00Z,94.7799,0.000000,0.000000,0.000000,above_band_high
2026-08-07T01:45:00Z,94.8043,0.000000,0.000000,0.000000,above_band_high
2026-08-07T01:46:00Z,94.7570,0.000000,0.000000,0.000000,above_band_high
2026-08-07T01:47:00Z,94.8226,0.000000,0.000000,0.000000,above_band_high
2026-08-07T01:48:00Z,94.7982,0.000000,0.000000,0.000000,above_band_high
2026-08-07T01:49:00Z,94.8226,0.000000,0.000000,0.000000,above_band_high
2026-08-07T01:50:00Z,94.8180,0.000000,0.000000,0.000000,above_band_high
2026-08-07T01:51:00Z,94.7860,0.000000,0.000000,0.000000,above_band_high
2026-08-07T01:52:01Z,94.8363,0.000000,0.000000,0.000000,above_band_high
2026-08-07T01:53:00Z,94.8394,0.000000,0.000000,0.000000,above_band_high
2026-08-07T01:54:00Z,94.8348,0.000000,0.000000,0.000000,above_band_high
2026-08-07T01:55:00Z,94.8318,0.000000,0.000000,0.000000,above_band_high
2026-08-07T01:56:00Z,94.8623,0.000000,0.000000,0.000000,above_band_high
2026-08-07T01:57:00Z,94.8623,0.000000,0.000000,0.000000,above_band_high
2026-08-07T01:58:00Z,94.9096,0.000000,0.000000,0.000000,above_band_high
2026-08-07T01:59:00Z,94.9035,0.000000,0.000000,0.000000,above_band_high
2026-08-07T02:00:00Z,94.9142,0.000000,0.000000,0.000000,above_band_high
2026-08-07T02:01:00Z,94.9859,0.000000,0.000000,0.000000,above_band_high
2026-08-07T02:02:00Z,94.9447,0.000000,0.000000,0.000000,above_band_high
2026-08-07T02:03:00Z,94.9554,0.000000,0.000000,0.000000,above_band_high
2026-08-07T02:04:00Z,94.9722,0.000000,0.000000,0.000000,above_band_high
2026-08-07T02:05:00Z,95.0011,0.000000,0.000000,0.000000,above_band_high
2026-08-07T02:06:00Z,94.9966,0.000000,0.000000,0.000000,above_band_high
2026-08-07T02:07:00Z,95.0195,0.000000,0.000000,0.000000,above_band_high
2026-08-07T02:08:00Z,95.0149,0.000000,0.000000,0.000000,above_band_high
2026-08-07T02:09:00Z,95.0179,0.000000,0.000000,0.000000,above_band_high
2026-08-07T02:10:00Z,95.0011,0.000000,0.000000,0.000000,above_band_high
2026-08-07T02:11:00Z,95.0332,0.000000,0.000000,0.000000,above_band_high
2026-08-07T02:12:00Z,95.0179,0.000000,0.000000,0.000000,above_band_high
2026-08-07T02:13:00Z,95.0179,0.000000,0.000000,0.000000,above_band_high
2026-08-07T02:14:00Z,94.9859,0.000000,0.000000,0.000000,above_band_high
2026-08-07T02:15:00Z,95.0149,0.000000,0.000000,0.000000,above_band_high
2026-08-07T02:16:00Z,95.0149,0.000000,0.000000,0.000000,above_band_high
2026-08-07T02:17:00Z,95.0134,0.000000,0.000000,0.000000,above_band_high
2026-08-07T02:18:00Z,95.0469,0.000000,0.000000,0.000000,above_band_high
2026-08-07T02:19:00Z,95.0546,0.000000,0.000000,0.000000,above_band_high
2026-08-07T02:20:00Z,95.0912,0.000000,0.000000,0.000000,above_band_high
2026-08-07T02:21:00Z,95.0698,0.000000,0.000000,0.000000,above_band_high
2026-08-07T02:22:00Z,95.0500,0.000000,0.000000,0.000000,above_band_high
2026-08-07T02:23:00Z,95.0362,0.000000,0.000000,0.000000,above_band_high
2026-08-07T02:24:00Z,95.0546,0.000000,0.000000,0.000000,above_band_high
2026-08-07T02:25:00Z,95.0652,0.000000,0.000000,0.000000,above_band_high
2026-08-07T02:26:00Z,95.0927,0.000000,0.000000,0.000000,above_band_high
2026-08-07T02:27:00Z,95.0774,0.000000,0.000000,0.000000,above_band_high
2026-08-07T02:28:00Z,95.1278,0.000000,0.000000,0.000000,above_band_high
2026-08-07T02:29:00Z,95.1003,0.000000,0.000000,0.000000,above_band_high
2026-08-07T02:30:00Z,95.1202,0.000000,0.000000,0.000000,above_band_high
2026-08-07T02:31:00Z,95.1369,0.000000,0.000000,0.000000,above_band_high
2026-08-07T02:32:00Z,95.0881,0.000000,0.000000,0.000000,above_band_high
2026-08-07T02:33:00Z,95.1431,0.000000,0.000000,0.000000,above_band_high
2026-08-07T02:34:00Z,95.1461,0.000000,0.000000,0.000000,above_band_high
2026-08-07T02:35:00Z,95.1659,0.000000,0.000000,0.000000,above_band_high
2026-08-07T02:36:00Z,95.1781,0.000000,0.000000,0.000000,above_band_high
2026-08-07T02:37:00Z,95.1751,0.000000,0.000000,0.000000,above_band_high
2026-08-07T02:38:00Z,95.1705,0.000000,0.000000,0.000000,above_band_high
2026-08-07T02:39:00Z,95.1873,0.000000,0.000000,0.000000,above_band_high
2026-08-07T02:40:00Z,95.1934,0.000000,0.000000,0.000000,above_band_high
2026-08-07T02:41:00Z,95.2071,0.000000,0.000000,0.000000,above_band_high
2026-08-07T02:42:00Z,95.2071,0.000000,0.000000,0.000000,above_band_high
2026-08-07T02:43:00Z,95.2239,0.000000,0.000000,0.000000,above_band_high
2026-08-07T02:44:00Z,95.2193,0.000000,0.000000,0.000000,above_band_high
2026-08-07T02:45:00Z,95.2346,0.000000,0.000000,0.000000,above_band_high
2026-08-07T02:46:00Z,95.2575,0.000000,0.000000,0.000000,above_band_high
2026-08-07T02:47:00Z,95.2621,0.000000,0.000000,0.000000,above_band_high
2026-08-07T02:48:00Z,95.2422,0.000000,0.000000,0.000000,above_band_high
2026-08-07T02:49:00Z,95.2789,0.000000,0.000000,0.000000,above_band_high
2026-08-07T02:50:00Z,95.2697,0.000000,0.000000,0.000000,above_band_high
2026-08-07T02:51:00Z,95.2758,0.000000,0.000000,0.000000,above_band_high
2026-08-07T02:52:00Z,95.2895,0.000000,0.000000,0.000000,above_band_high
2026-08-07T02:53:00Z,95.2987,0.000000,0.000000,0.000000,above_band_high
2026-08-07T02:54:00Z,95.2697,0.000000,0.000000,0.000000,above_band_high
2026-08-07T02:55:00Z,95.3292,0.000000,0.000000,0.000000,above_band_high
2026-08-07T02:56:00Z,95.3307,0.000000,0.000000,0.000000,above_band_high
2026-08-07T02:57:00Z,95.2987,0.000000,0.000000,0.000000,above_band_high
2026-08-07T02:58:00Z,95.3399,0.000000,0.000000,0.000000,above_band_high
2026-08-07T02:59:00Z,95.3338,0.000000,0.000000,0.000000,above_band_high
2026-08-07T03:00:00Z,95.3521,0.000000,0.000000,0.000000,above_band_high
2026-08-07T03:01:00Z,95.3628,0.000000,0.000000,0.000000,above_band_high
2026-08-07T03:02:00Z,95.3719,0.000000,0.000000,0.000000,above_band_high
2026-08-07T03:03:00Z,95.4040,0.000000,0.000000,0.000000,above_band_high
2026-08-07T03:04:00Z,95.4040,0.000000,0.000000,0.000000,above_band_high
2026-08-07T03:05:00Z,95.4223,0.000000,0.000000,0.000000,above_band_high
2026-08-07T03:06:00Z,95.4131,0.000000,0.000000,0.000000,above_band_high
2026-08-07T03:07:00Z,95.4131,0.000000,0.000000,0.000000,above_band_high
2026-08-07T03:08:00Z,95.4223,0.000000,0.000000,0.000000,above_band_high
2026-08-07T03:09:00Z,95.4131,0.000000,0.000000,0.000000,above_band_high
2026-08-07T03:10:00Z,95.4269,0.000000,0.000000,0.000000,above_band_high
2026-08-07T03:11:00Z,95.4437,0.000000,0.000000,0.000000,above_band_high
2026-08-07T03:12:00Z,95.4574,0.000000,0.000000,0.000000,above_band_high
2026-08-07T03:13:00Z,95.4681,0.000000,0.000000,0.000000,above_band_high
2026-08-07T03:14:00Z,95.4498,0.000000,0.000000,0.000000,above_band_high
2026-08-07T03:15:00Z,95.4681,0.000000,0.000000,0.000000,above_band_high
2026-08-07T03:16:00Z,95.4589,0.000000,0.000000,0.000000,above_band_high
2026-08-07T03:17:00Z,95.4314,0.000000,0.000000,0.000000,above_band_high
2026-08-07T03:18:00Z,95.4726,0.000000,0.000000,0.000000,above_band_high
2026-08-07T03:19:00Z,95.4528,0.000000,0.000000,0.000000,above_band_high
2026-08-07T03:20:00Z,95.4528,0.000000,0.000000,0.000000,above_band_high
2026-08-07T03:21:00Z,95.4589,0.000000,0.000000,0.000000,above_band_high
2026-08-07T03:22:00Z,95.4406,0.000000,0.000000,0.000000,above_band_high
2026-08-07T03:23:00Z,95.4726,0.000000,0.000000,0.000000,above_band_high
2026-08-07T03:24:00Z,95.4391,0.000000,0.000000,0.000000,above_band_high
2026-08-07T03:25:00Z,95.4299,0.000000,0.000000,0.000000,above_band_high
2026-08-07T03:26:00Z,95.4757,0.000000,0.000000,0.000000,above_band_high
2026-08-07T03:27:00Z,95.4681,0.000000,0.000000,0.000000,above_band_high
2026-08-07T03:28:00Z,95.4772,0.000000,0.000000,0.000000,above_band_high
2026-08-07T03:29:00Z,95.4498,0.000000,0.000000,0.000000,above_band_high
2026-08-07T03:30:00Z,95.4665,0.000000,0.000000,0.000000,above_band_high
2026-08-07T03:31:00Z,95.4681,0.000000,0.000000,0.000000,above_band_high
2026-08-07T03:32:00Z,95.4574,0.000000,0.000000,0.000000,above_band_high
2026-08-07T03:33:00Z,95.4803,0.000000,0.000000,0.000000,above_band_high
2026-08-07T03:34:00Z,95.4803,0.000000,0.000000,0.000000,above_band_high
2026-08-07T03:35:00Z,95.4910,0.000000,0.000000,0.000000,above_band_high
2026-08-07T03:36:00Z,95.4635,0.000000,0.000000,0.000000,above_band_high
2026-08-07T03:37:00Z,95.4574,0.000000,0.000000,0.000000,above_band_high
2026-08-07T03:38:00Z,95.4940,0.000000,0.000000,0.000000,above_band_high
2026-08-07T03:39:00Z,95.4986,0.000000,0.000000,0.000000,above_band_high
2026-08-07T03:40:00Z,95.4986,0.000000,0.000000,0.000000,above_band_high
2026-08-07T03:41:00Z,95.4986,0.000000,0.000000,0.000000,above_band_high
2026-08-07T03:42:00Z,95.4864,0.000000,0.000000,0.000000,above_band_high
2026-08-07T03:43:00Z,95.5032,0.000000,0.000000,0.000000,above_band_high
2026-08-07T03:44:00Z,95.4620,0.000000,0.000000,0.000000,above_band_high
2026-08-07T03:45:00Z,95.4864,0.000000,0.000000,0.000000,above_band_high
2026-08-07T03:46:00Z,95.4818,0.000000,0.000000,0.000000,above_band_high
2026-08-07T03:47:00Z,95.4864,0.000000,0.000000,0.000000,above_band_high
2026-08-07T03:48:00Z,95.5322,0.000000,0.000000,0.000000,above_band_high
2026-08-07T03:49:00Z,95.5276,0.000000,0.000000,0.000000,above_band_high
2026-08-07T03:50:00Z,95.5093,0.000000,0.000000,0.000000,above_band_high
2026-08-07T03:51:00Z,95.5138,0.000000,0.000000,0.000000,above_band_high
2026-08-07T03:52:00Z,95.5413,0.000000,0.000000,0.000000,above_band_high
2026-08-07T03:53:00Z,95.5215,0.000000,0.000000,0.000000,above_band_high
2026-08-07T03:54:00Z,95.5215,0.000000,0.000000,0.000000,above_band_high
2026-08-07T03:55:00Z,95.5138,0.000000,0.000000,0.000000,above_band_high
2026-08-07T03:56:00Z,95.5215,0.000000,0.000000,0.000000,above_band_high
2026-08-07T03:57:00Z,95.5688,0.000000,0.000000,0.000000,above_band_high
2026-08-07T03:58:00Z,95.5352,0.000000,0.000000,0.000000,above_band_high
2026-08-07T03:59:00Z,95.5459,0.000000,0.000000,0.000000,above_band_high
2026-08-07T04:00:00Z,95.5459,0.000000,0.000000,0.000000,above_band_high
2026-08-07T04:01:00Z,95.5459,0.000000,0.000000,0.000000,above_band_high
2026-08-07T04:02:00Z,95.5398,0.000000,0.000000,0.000000,above_band_high
2026-08-07T04:03:00Z,95.5779,0.000000,0.000000,0.000000,above_band_high
2026-08-07T04:04:00Z,95.5718,0.000000,0.000000,0.000000,above_band_high
2026-08-07T04:05:00Z,95.6100,0.000000,0.000000,0.000000,above_band_high
2026-08-07T04:06:00Z,95.5993,0.000000,0.000000,0.000000,above_band_high
2026-08-07T04:07:00Z,95.6313,0.000000,0.000000,0.000000,above_band_high
2026-08-07T04:08:00Z,95.5962,0.000000,0.000000,0.000000,above_band_high
2026-08-07T04:09:00Z,95.6313,0.000000,0.000000,0.000000,above_band_high
2026-08-07T04:10:00Z,95.5917,0.000000,0.000000,0.000000,above_band_high
2026-08-07T04:11:00Z,95.6008,0.000000,0.000000,0.000000,above_band_high
2026-08-07T04:12:00Z,95.5856,0.000000,0.000000,0.000000,above_band_high
2026-08-07T04:13:00Z,95.5856,0.000000,0.000000,0.000000,above_band_high
2026-08-07T04:14:00Z,95.5917,0.000000,0.000000,0.000000,above_band_high
2026-08-07T04:15:00Z,95.5688,0.000000,0.000000,0.000000,above_band_high
2026-08-07T04:16:00Z,95.5642,0.000000,0.000000,0.000000,above_band_high
2026-08-07T04:17:00Z,95.5917,0.000000,0.000000,0.000000,above_band_high
2026-08-07T04:18:00Z,95.5810,0.000000,0.000000,0.000000,above_band_high
2026-08-07T04:19:00Z,95.5688,0.000000,0.000000,0.000000,above_band_high
2026-08-07T04:20:00Z,95.5825,0.000000,0.000000,0.000000,above_band_high
2026-08-07T04:21:00Z,95.6222,0.000000,0.000000,0.000000,above_band_high
2026-08-07T04:22:00Z,95.5901,0.000000,0.000000,0.000000,above_band_high
2026-08-07T04:23:00Z,95.6130,0.000000,0.000000,0.000000,above_band_high
2026-08-07T04:24:00Z,95.5856,0.000000,0.000000,0.000000,above_band_high
2026-08-07T04:25:00Z,95.5581,0.000000,0.000000,0.000000,above_band_high
2026-08-07T04:26:00Z,95.5810,0.000000,0.000000,0.000000,above_band_high
2026-08-07T04:27:00Z,95.6130,0.000000,0.000000,0.000000,above_band_high
2026-08-07T04:28:00Z,95.5917,0.000000,0.000000,0.000000,above_band_high
2026-08-07T04:29:00Z,95.6405,0.000000,0.000000,0.000000,above_band_high
2026-08-07T04:30:00Z,95.6283,0.000000,0.000000,0.000000,above_band_high
2026-08-07T04:31:00Z,95.6283,0.000000,0.000000,0.000000,above_band_high
2026-08-07T04:32:00Z,95.6558,0.000000,0.000000,0.000000,above_band_high
2026-08-07T04:33:00Z,95.6100,0.000000,0.000000,0.000000,above_band_high
2026-08-07T04:34:00Z,95.6603,0.000000,0.000000,0.000000,above_band_high
2026-08-07T04:35:00Z,95.6100,0.000000,0.000000,0.000000,above_band_high
2026-08-07T04:36:00Z,95.6176,0.000000,0.000000,0.000000,above_band_high
2026-08-07T04:37:00Z,95.6008,0.000000,0.000000,0.000000,above_band_high
2026-08-07T04:38:00Z,95.6451,0.000000,0.000000,0.000000,above_band_high
2026-08-07T04:39:00Z,95.6176,0.000000,0.000000,0.000000,above_band_high
2026-08-07T04:40:00Z,95.6222,0.000000,0.000000,0.000000,above_band_high
2026-08-07T04:41:00Z,95.6374,0.000000,0.000000,0.000000,above_band_high
2026-08-07T04:42:00Z,95.6451,0.000000,0.000000,0.000000,above_band_high
2026-08-07T04:43:00Z,95.6313,0.000000,0.000000,0.000000,above_band_high
2026-08-07T04:44:00Z,95.6374,0.000000,0.000000,0.000000,above_band_high
2026-08-07T04:45:00Z,95.6359,0.000000,0.000000,0.000000,above_band_high
2026-08-07T04:46:00Z,95.6237,0.000000,0.000000,0.000000,above_band_high
2026-08-07T04:47:00Z,95.6054,0.000000,0.000000,0.000000,above_band_high
2026-08-07T04:48:00Z,95.6512,0.000000,0.000000,0.000000,above_band_high
2026-08-07T04:49:00Z,95.6039,0.000000,0.000000,0.000000,above_band_high
2026-08-07T04:50:00Z,95.6329,0.000000,0.000000,0.000000,above_band_high
2026-08-07T04:51:00Z,95.6329,0.000000,0.000000,0.000000,above_band_high
2026-08-07T04:52:00Z,95.6222,0.000000,0.000000,0.000000,above_band_high
2026-08-07T04:53:00Z,95.6451,0.000000,0.000000,0.000000,above_band_high
2026-08-07T04:54:00Z,95.6634,0.000000,0.000000,0.000000,above_band_high
2026-08-07T04:55:00Z,95.6451,0.000000,0.000000,0.000000,above_band_high
2026-08-07T04:56:00Z,95.6588,0.000000,0.000000,0.000000,above_band_high
2026-08-07T04:57:00Z,95.6512,0.000000,0.000000,0.000000,above_band_high
2026-08-07T04:58:00Z,95.6878,0.000000,0.000000,0.000000,above_band_high
2026-08-07T04:59:00Z,95.6649,0.000000,0.000000,0.000000,above_band_high
2026-08-07T05:00:00Z,95.6695,0.000000,0.000000,0.000000,above_band_high
2026-08-07T05:01:00Z,95.6863,0.000000,0.000000,0.000000,above_band_high
2026-08-07T05:02:00Z,95.6741,0.000000,0.000000,0.000000,above_band_high
2026-08-07T05:03:00Z,95.6863,0.000000,0.000000,0.000000,above_band_high
2026-08-07T05:04:00Z,95.6817,0.000000,0.000000,0.000000,above_band_high
2026-08-07T05:05:00Z,95.6863,0.000000,0.000000,0.000000,above_band_high
2026-08-07T05:06:00Z,95.6817,0.000000,0.000000,0.000000,above_band_high
2026-08-07T05:07:00Z,95.6863,0.000000,0.000000,0.000000,above_band_high
2026-08-07T05:08:00Z,95.6634,0.000000,0.000000,0.000000,above_band_high
2026-08-07T05:09:00Z,95.6558,0.000000,0.000000,0.000000,above_band_high
2026-08-07T05:10:00Z,95.6832,0.000000,0.000000,0.000000,above_band_high
2026-08-07T05:11:00Z,95.7183,0.000000,0.000000,0.000000,above_band_high
2026-08-07T05:12:00Z,95.6649,0.000000,0.000000,0.000000,above_band_high
2026-08-07T05:13:00Z,95.6512,0.000000,0.000000,0.000000,above_band_high
2026-08-07T05:14:00Z,95.6588,0.000000,0.000000,0.000000,above_band_high
2026-08-07T05:15:00Z,95.6817,0.000000,0.000000,0.000000,above_band_high
2026-08-07T05:16:00Z,95.6649,0.000000,0.000000,0.000000,above_band_high
2026-08-07T05:17:00Z,95.6817,0.000000,0.000000,0.000000,above_band_high
2026-08-07T05:18:00Z,95.6634,0.000000,0.000000,0.000000,above_band_high
2026-08-07T05:19:00Z,95.6634,0.000000,0.000000,0.000000,above_band_high
2026-08-07T05:20:00Z,95.6695,0.000000,0.000000,0.000000,above_band_high
2026-08-07T05:21:00Z,95.6878,0.000000,0.000000,0.000000,above_band_high
2026-08-07T05:22:00Z,95.6695,0.000000,0.000000,0.000000,above_band_high
2026-08-07T05:23:00Z,95.6924,0.000000,0.000000,0.000000,above_band_high
2026-08-07T05:24:00Z,95.6588,0.000000,0.000000,0.000000,above_band_high
2026-08-07T05:25:00Z,95.6771,0.000000,0.000000,0.000000,above_band_high
2026-08-07T05:26:00Z,95.6832,0.000000,0.000000,0.000000,above_band_high
2026-08-07T05:27:00Z,95.6558,0.000000,0.000000,0.000000,above_band_high
2026-08-07T05:28:00Z,95.6329,0.000000,0.000000,0.000000,above_band_high
2026-08-07T05:29:00Z,95.6695,0.000000,0.000000,0.000000,above_band_high
2026-08-07T05:30:00Z,95.6542,0.000000,0.000000,0.000000,above_band_high
2026-08-07T05:31:00Z,95.6497,0.000000,0.000000,0.000000,above_band_high
2026-08-07T05:32:00Z,95.6817,0.000000,0.000000,0.000000,above_band_high
2026-08-07T05:33:00Z,95.6680,0.000000,0.000000,0.000000,above_band_high
2026-08-07T05:34:00Z,95.6497,0.000000,0.000000,0.000000,above_band_high
2026-08-07T05:35:00Z,95.6497,0.000000,0.000000,0.000000,above_band_high
2026-08-07T05:36:00Z,95.6588,0.000000,0.000000,0.000000,above_band_high
2026-08-07T05:37:00Z,95.6695,0.000000,0.000000,0.000000,above_band_high
2026-08-07T05:38:00Z,95.6405,0.000000,0.000000,0.000000,above_band_high
2026-08-07T05:39:00Z,95.6649,0.000000,0.000000,0.000000,above_band_high
2026-08-07T05:40:00Z,95.6817,0.000000,0.000000,0.000000,above_band_high
2026-08-07T05:41:00Z,95.6817,0.000000,0.000000,0.000000,above_band_high
2026-08-07T05:42:00Z,95.6512,0.000000,0.000000,0.000000,above_band_high
2026-08-07T05:43:00Z,95.6512,0.000000,0.000000,0.000000,above_band_high
2026-08-07T05:44:00Z,95.6863,0.000000,0.000000,0.000000,above_band_high
2026-08-07T05:45:00Z,95.6878,0.000000,0.000000,0.000000,above_band_high
2026-08-07T05:46:00Z,95.6725,0.000000,0.000000,0.000000,above_band_high
2026-08-07T05:47:00Z,95.6878,0.000000,0.000000,0.000000,above_band_high
2026-08-07T05:48:00Z,95.7153,0.000000,0.000000,0.000000,above_band_high
2026-08-07T05:49:00Z,95.6863,0.000000,0.000000,0.000000,above_band_high
2026-08-07T05:50:00Z,95.6863,0.000000,0.000000,0.000000,above_band_high
2026-08-07T05:51:00Z,95.6649,0.000000,0.000000,0.000000,above_band_high
2026-08-07T05:52:00Z,95.6817,0.000000,0.000000,0.000000,above_band_high
2026-08-07T05:53:00Z,95.6649,0.000000,0.000000,0.000000,above_band_high
2026-08-07T05:54:00Z,95.7107,0.000000,0.000000,0.000000,above_band_high
2026-08-07T05:55:00Z,95.7061,0.000000,0.000000,0.000000,above_band_high
2026-08-07T05:56:00Z,95.6863,0.000000,0.000000,0.000000,above_band_high
2026-08-07T05:57:00Z,95.7153,0.000000,0.000000,0.000000,above_band_high
2026-08-07T05:58:00Z,95.7336,0.000000,0.000000,0.000000,above_band_high
2026-08-07T05:59:00Z,95.7000,0.000000,0.000000,0.000000,above_band_high
2026-08-07T06:00:00Z,95.7412,0.000000,0.000000,0.000000,above_band_high
2026-08-07T06:01:00Z,95.7229,0.000000,0.000000,0.000000,above_band_high
2026-08-07T06:02:00Z,95.7473,0.000000,0.000000,0.000000,above_band_high
2026-08-07T06:03:00Z,95.7183,0.000000,0.000000,0.000000,above_band_high
2026-08-07T06:04:01Z,95.7595,0.000000,0.000000,0.000000,above_band_high
2026-08-07T06:05:00Z,95.7229,0.000000,0.000000,0.000000,above_band_high
2026-08-07T06:06:00Z,95.7778,0.000000,0.000000,0.000000,above_band_high
2026-08-07T06:07:00Z,95.7275,0.000000,0.000000,0.000000,above_band_high
2026-08-07T06:08:00Z,95.7519,0.000000,0.000000,0.000000,above_band_high
2026-08-07T06:09:00Z,95.7473,0.000000,0.000000,0.000000,above_band_high
2026-08-07T06:10:00Z,95.7336,0.000000,0.000000,0.000000,above_band_high
2026-08-07T06:11:00Z,95.7275,0.000000,0.000000,0.000000,above_band_high
2026-08-07T06:12:00Z,95.7427,0.000000,0.000000,0.000000,above_band_high
2026-08-07T06:13:00Z,95.7046,0.000000,0.000000,0.000000,above_band_high
2026-08-07T06:14:00Z,95.6954,0.000000,0.000000,0.000000,above_band_high
2026-08-07T06:15:00Z,95.7137,0.000000,0.000000,0.000000,above_band_high
2026-08-07T06:16:00Z,95.7336,0.000000,0.000000,0.000000,above_band_high
2026-08-07T06:17:00Z,95.6649,0.000000,0.000000,0.000000,above_band_high
2026-08-07T06:18:00Z,95.6863,0.000000,0.000000,0.000000,above_band_high
2026-08-07T06:19:00Z,95.6542,0.000000,0.000000,0.000000,above_band_high
2026-08-07T06:20:00Z,95.6237,0.000000,0.000000,0.000000,above_band_high
2026-08-07T06:21:00Z,95.6130,0.000000,0.000000,0.000000,above_band_high
2026-08-07T06:22:00Z,95.6283,0.000000,0.000000,0.000000,above_band_high
2026-08-07T06:23:00Z,95.6008,0.000000,0.000000,0.000000,above_band_high
2026-08-07T06:24:00Z,95.5856,0.000000,0.000000,0.000000,above_band_high
2026-08-07T06:25:00Z,95.6054,0.000000,0.000000,0.000000,above_band_high
2026-08-07T06:26:00Z,95.5856,0.000000,0.000000,0.000000,above_band_high
2026-08-07T06:27:00Z,95.5718,0.000000,0.000000,0.000000,above_band_high
2026-08-07T06:28:00Z,95.5871,0.000000,0.000000,0.000000,above_band_high
2026-08-07T06:29:00Z,95.5398,0.000000,0.000000,0.000000,above_band_high
2026-08-07T06:30:00Z,95.5596,0.000000,0.000000,0.000000,above_band_high
2026-08-07T06:31:00Z,95.5550,0.000000,0.000000,0.000000,above_band_high
2026-08-07T06:32:00Z,95.5306,0.000000,0.000000,0.000000,above_band_high
2026-08-07T06:33:00Z,95.5230,0.000000,0.000000,0.000000,above_band_high
2026-08-07T06:34:00Z,95.5505,0.000000,0.000000,0.000000,above_band_high
2026-08-07T06:35:00Z,95.5367,0.000000,0.000000,0.000000,above_band_high
2026-08-07T06:36:00Z,95.5093,0.000000,0.000000,0.000000,above_band_high
2026-08-07T06:37:00Z,95.5230,0.000000,0.000000,0.000000,above_band_high
2026-08-07T06:38:00Z,95.5367,0.000000,0.000000,0.000000,above_band_high
2026-08-07T06:39:00Z,95.5123,0.000000,0.000000,0.000000,above_band_high
2026-08-07T06:40:00Z,95.5001,0.000000,0.000000,0.000000,above_band_high
2026-08-07T06:41:00Z,95.4849,0.000000,0.000000,0.000000,above_band_high
2026-08-07T06:42:00Z,95.5230,0.000000,0.000000,0.000000,above_band_high
2026-08-07T06:43:00Z,95.5032,0.000000,0.000000,0.000000,above_band_high
2026-08-07T06:44:00Z,95.5032,0.000000,0.000000,0.000000,above_band_high
2026-08-07T06:45:00Z,95.5093,0.000000,0.000000,0.000000,above_band_high
2026-08-07T06:46:00Z,95.4818,0.000000,0.000000,0.000000,above_band_high
2026-08-07T06:47:00Z,95.5001,0.000000,0.000000,0.000000,above_band_high
2026-08-07T06:48:00Z,95.5184,0.000000,0.000000,0.000000,above_band_high
2026-08-07T06:49:00Z,95.5123,0.000000,0.000000,0.000000,above_band_high
2026-08-07T06:50:00Z,95.5001,0.000000,0.000000,0.000000,above_band_high
2026-08-07T06:51:00Z,95.4849,0.000000,0.000000,0.000000,above_band_high
2026-08-07T06:52:00Z,95.5093,0.000000,0.000000,0.000000,above_band_high
2026-08-07T06:53:00Z,95.5138,0.000000,0.000000,0.000000,above_band_high
2026-08-07T06:54:00Z,95.5138,0.000000,0.000000,0.000000,above_band_high
2026-08-07T06:55:00Z,95.5184,0.000000,0.000000,0.000000,above_band_high
2026-08-07T06:56:00Z,95.5032,0.000000,0.000000,0.000000,above_band_high
2026-08-07T06:57:00Z,95.5001,0.000000,0.000000,0.000000,above_band_high
2026-08-07T06:58:00Z,95.4910,0.000000,0.000000,0.000000,above_band_high
2026-08-07T06:59:00Z,95.5322,0.000000,0.000000,0.000000,above_band_high
2026-08-07T07:00:00Z,95.5093,0.000000,0.000000,0.000000,above_band_high
2026-08-07T07:01:00Z,95.5413,0.000000,0.000000,0.000000,above_band_high
2026-08-07T07:02:00Z,95.5489,0.000000,0.000000,0.000000,above_band_high
2026-08-07T07:03:00Z,95.5596,0.000000,0.000000,0.000000,above_band_high
2026-08-07T07:04:00Z,95.5718,0.000000,0.000000,0.000000,above_band_high
2026-08-07T07:05:00Z,95.5901,0.000000,0.000000,0.000000,above_band_high
2026-08-07T07:06:00Z,95.5856,0.000000,0.000000,0.000000,above_band_high
2026-08-07T07:07:00Z,95.6176,0.000000,0.000000,0.000000,above_band_high
2026-08-07T07:08:00Z,95.6680,0.000000,0.000000,0.000000,above_band_high
2026-08-07T07:09:00Z,95.5947,0.000000,0.000000,0.000000,above_band_high
2026-08-07T07:10:00Z,95.6176,0.000000,0.000000,0.000000,above_band_high
2026-08-07T07:11:00Z,95.6237,0.000000,0.000000,0.000000,above_band_high
2026-08-07T07:12:00Z,95.6085,0.000000,0.000000,0.000000,above_band_high
2026-08-07T07:13:00Z,95.6130,0.000000,0.000000,0.000000,above_band_high
2026-08-07T07:14:00Z,95.5917,0.000000,0.000000,0.000000,above_band_high
2026-08-07T07:15:00Z,95.6085,0.000000,0.000000,0.000000,above_band_high
2026-08-07T07:16:00Z,95.6329,0.000000,0.000000,0.000000,above_band_high
2026-08-07T07:17:00Z,95.5917,0.000000,0.000000,0.000000,above_band_high
2026-08-07T07:18:00Z,95.6054,0.000000,0.000000,0.000000,above_band_high
2026-08-07T07:19:00Z,95.5993,0.000000,0.000000,0.000000,above_band_high
2026-08-07T07:20:00Z,95.5825,0.000000,0.000000,0.000000,above_band_high
2026-08-07T07:21:00Z,95.5596,0.000000,0.000000,0.000000,above_band_high
2026-08-07T07:22:00Z,95.5825,0.000000,0.000000,0.000000,above_band_high
2026-08-07T07:23:00Z,95.5718,0.000000,0.000000,0.000000,above_band_high
2026-08-07T07:24:00Z,95.5550,0.000000,0.000000,0.000000,above_band_high
2026-08-07T07:25:00Z,95.5489,0.000000,0.000000,0.000000,above_band_high
2026-08-07T07:26:00Z,95.5215,0.000000,0.000000,0.000000,above_band_high
2026-08-07T07:27:00Z,95.5352,0.000000,0.000000,0.000000,above_band_high
2026-08-07T07:28:00Z,95.5001,0.000000,0.000000,0.000000,above_band_high
2026-08-07T07:29:00Z,95.5367,0.000000,0.000000,0.000000,above_band_high
2026-08-07T07:30:00Z,95.5367,0.000000,0.000000,0.000000,above_band_high
2026-08-07T07:31:00Z,95.5261,0.000000,0.000000,0.000000,above_band_high
2026-08-07T07:32:00Z,95.5047,0.000000,0.000000,0.000000,above_band_high
2026-08-07T07:33:00Z,95.5261,0.000000,0.000000,0.000000,above_band_high
2026-08-07T07:34:00Z,95.4894,0.000000,0.000000,0.000000,above_band_high
2026-08-07T07:35:00Z,95.5032,0.000000,0.000000,0.000000,above_band_high
2026-08-07T07:36:00Z,95.4818,0.000000,0.000000,0.000000,above_band_high
2026-08-07T07:37:00Z,95.5306,0.000000,0.000000,0.000000,above_band_high
2026-08-07T07:38:00Z,95.4772,0.000000,0.000000,0.000000,above_band_high
2026-08-07T07:39:00Z,95.5077,0.000000,0.000000,0.000000,above_band_high
2026-08-07T07:40:00Z,95.5001,0.000000,0.000000,0.000000,above_band_high
2026-08-07T07:41:00Z,95.4849,0.000000,0.000000,0.000000,above_band_high
2026-08-07T07:42:00Z,95.4772,0.000000,0.000000,0.000000,above_band_high
2026-08-07T07:43:00Z,95.4589,0.000000,0.000000,0.000000,above_band_high
2026-08-07T07:44:00Z,95.4940,0.000000,0.000000,0.000000,above_band_high
2026-08-07T07:45:00Z,95.4940,0.000000,0.000000,0.000000,above_band_high
2026-08-07T07:46:00Z,95.4940,0.000000,0.000000,0.000000,above_band_high
2026-08-07T07:47:00Z,95.4955,0.000000,0.000000,0.000000,above_band_high
2026-08-07T07:48:00Z,95.4955,0.000000,0.000000,0.000000,above_band_high
2026-08-07T07:49:00Z,95.4726,0.000000,0.000000,0.000000,above_band_high
2026-08-07T07:50:00Z,95.4726,0.000000,0.000000,0.000000,above_band_high
2026-08-07T07:51:00Z,95.5306,0.000000,0.000000,0.000000,above_band_high
2026-08-07T07:52:00Z,95.5581,0.000000,0.000000,0.000000,above_band_high
2026-08-07T07:53:00Z,95.5138,0.000000,0.000000,0.000000,above_band_high
2026-08-07T07:54:00Z,95.5215,0.000000,0.000000,0.000000,above_band_high
2026-08-07T07:55:00Z,95.5077,0.000000,0.000000,0.000000,above_band_high
2026-08-07T07:56:00Z,95.5413,0.000000,0.000000,0.000000,above_band_high
2026-08-07T07:57:00Z,95.5215,0.000000,0.000000,0.000000,above_band_high
2026-08-07T07:58:00Z,95.5459,0.000000,0.000000,0.000000,above_band_high
2026-08-07T07:59:00Z,95.5261,0.000000,0.000000,0.000000,above_band_high
2026-08-07T08:00:00Z,95.5779,0.000000,0.000000,0.000000,above_band_high
2026-08-07T08:01:00Z,95.5413,0.000000,0.000000,0.000000,above_band_high
2026-08-07T08:02:00Z,95.5825,0.000000,0.000000,0.000000,above_band_high
2026-08-07T08:03:00Z,95.5825,0.000000,0.000000,0.000000,above_band_high
2026-08-07T08:04:00Z,95.6130,0.000000,0.000000,0.000000,above_band_high
2026-08-07T08:05:00Z,95.6085,0.000000,0.000000,0.000000,above_band_high
2026-08-07T08:06:00Z,95.6008,0.000000,0.000000,0.000000,above_band_high
2026-08-07T08:07:00Z,95.5901,0.000000,0.000000,0.000000,above_band_high
2026-08-07T08:08:00Z,95.6191,0.000000,0.000000,0.000000,above_band_high
2026-08-07T08:09:00Z,95.5856,0.000000,0.000000,0.000000,above_band_high
2026-08-07T08:10:00Z,95.6130,0.000000,0.000000,0.000000,above_band_high
2026-08-07T08:11:00Z,95.6146,0.000000,0.000000,0.000000,above_band_high
2026-08-07T08:12:00Z,95.6054,0.000000,0.000000,0.000000,above_band_high
2026-08-07T08:13:00Z,95.6146,0.000000,0.000000,0.000000,above_band_high
2026-08-07T08:14:00Z,95.5856,0.000000,0.000000,0.000000,above_band_high
2026-08-07T08:15:00Z,95.6725,0.000000,0.000000,0.000000,above_band_high
2026-08-07T08:16:00Z,95.5901,0.000000,0.000000,0.000000,above_band_high
2026-08-07T08:17:00Z,95.5901,0.000000,0.000000,0.000000,above_band_high
2026-08-07T08:18:00Z,95.5627,0.000000,0.000000,0.000000,above_band_high
2026-08-07T08:19:00Z,95.5825,0.000000,0.000000,0.000000,above_band_high
2026-08-07T08:20:00Z,95.5764,0.000000,0.000000,0.000000,above_band_high
2026-08-07T08:21:00Z,95.5947,0.000000,0.000000,0.000000,above_band_high
2026-08-07T08:22:00Z,95.5627,0.000000,0.000000,0.000000,above_band_high
2026-08-07T08:23:00Z,95.5734,0.000000,0.000000,0.000000,above_band_high
2026-08-07T08:24:00Z,95.5718,0.000000,0.000000,0.000000,above_band_high
2026-08-07T08:25:00Z,95.5779,0.000000,0.000000,0.000000,above_band_high
2026-08-07T08:26:00Z,95.5505,0.000000,0.000000,0.000000,above_band_high
2026-08-07T08:27:00Z,95.5505,0.000000,0.000000,0.000000,above_band_high
2026-08-07T08:28:00Z,95.5627,0.000000,0.000000,0.000000,above_band_high
2026-08-07T08:29:00Z,95.5718,0.000000,0.000000,0.000000,above_band_high
2026-08-07T08:30:00Z,95.5230,0.000000,0.000000,0.000000,above_band_high
2026-08-07T08:31:00Z,95.5093,0.000000,0.000000,0.000000,above_band_high
2026-08-07T08:32:00Z,95.5306,0.000000,0.000000,0.000000,above_band_high
2026-08-07T08:33:00Z,95.5184,0.000000,0.000000,0.000000,above_band_high
2026-08-07T08:34:00Z,95.5306,0.000000,0.000000,0.000000,above_band_high
2026-08-07T08:35:00Z,95.5489,0.000000,0.000000,0.000000,above_band_high
2026-08-07T08:36:00Z,95.5093,0.000000,0.000000,0.000000,above_band_high
2026-08-07T08:37:00Z,95.5261,0.000000,0.000000,0.000000,above_band_high
2026-08-07T08:38:00Z,95.4772,0.000000,0.000000,0.000000,above_band_high
2026-08-07T08:39:00Z,95.4940,0.000000,0.000000,0.000000,above_band_high
2026-08-07T08:40:00Z,95.4849,0.000000,0.000000,0.000000,above_band_high
2026-08-07T08:41:00Z,95.5001,0.000000,0.000000,0.000000,above_band_high
2026-08-07T08:42:00Z,95.4894,0.000000,0.000000,0.000000,above_band_high
2026-08-07T08:43:00Z,95.4894,0.000000,0.000000,0.000000,above_band_high
2026-08-07T08:44:00Z,95.4543,0.000000,0.000000,0.000000,above_band_high
2026-08-07T08:45:00Z,95.4314,0.000000,0.000000,0.000000,above_band_high
2026-08-07T08:46:00Z,95.4574,0.000000,0.000000,0.000000,above_band_high
2026-08-07T08:47:00Z,95.4131,0.000000,0.000000,0.000000,above_band_high
2026-08-07T08:48:00Z,95.4131,0.000000,0.000000,0.000000,above_band_high
2026-08-07T08:49:00Z,95.4360,0.000000,0.000000,0.000000,above_band_high
2026-08-07T08:50:00Z,95.3948,0.000000,0.000000,0.000000,above_band_high
2026-08-07T08:51:00Z,95.3750,0.000000,0.000000,0.000000,above_band_high
2026-08-07T08:52:00Z,95.3796,0.000000,0.000000,0.000000,above_band_high
2026-08-07T08:53:00Z,95.3902,0.000000,0.000000,0.000000,above_band_high
2026-08-07T08:54:00Z,95.3796,0.000000,0.000000,0.000000,above_band_high
2026-08-07T08:55:00Z,95.4116,0.000000,0.000000,0.000000,above_band_high
2026-08-07T08:56:00Z,95.3704,0.000000,0.000000,0.000000,above_band_high
2026-08-07T08:57:00Z,95.3933,0.000000,0.000000,0.000000,above_band_high
2026-08-07T08:58:00Z,95.4040,0.000000,0.000000,0.000000,above_band_high
2026-08-07T08:59:00Z,95.3979,0.000000,0.000000,0.000000,above_band_high
2026-08-07T09:00:00Z,95.4025,0.000000,0.000000,0.000000,above_band_high
2026-08-07T09:01:00Z,95.4177,0.000000,0.000000,0.000000,above_band_high
2026-08-07T09:02:00Z,95.4025,0.000000,0.000000,0.000000,above_band_high
2026-08-07T09:03:00Z,95.4116,0.000000,0.000000,0.000000,above_band_high
2026-08-07T09:04:00Z,95.3979,0.000000,0.000000,0.000000,above_band_high
2026-08-07T09:05:00Z,95.4391,0.000000,0.000000,0.000000,above_band_high
2026-08-07T09:06:00Z,95.4253,0.000000,0.000000,0.000000,above_band_high
2026-08-07T09:07:00Z,95.4391,0.000000,0.000000,0.000000,above_band_high
2026-08-07T09:08:00Z,95.3979,0.000000,0.000000,0.000000,above_band_high
2026-08-07T09:09:00Z,95.4543,0.000000,0.000000,0.000000,above_band_high
2026-08-07T09:10:00Z,95.4482,0.000000,0.000000,0.000000,above_band_high
2026-08-07T09:11:00Z,95.4253,0.000000,0.000000,0.000000,above_band_high
2026-08-07T09:12:00Z,95.4482,0.000000,0.000000,0.000000,above_band_high
2026-08-07T09:13:00Z,95.4208,0.000000,0.000000,0.000000,above_band_high
2026-08-07T09:14:00Z,95.3902,0.000000,0.000000,0.000000,above_band_high
2026-08-07T09:15:00Z,95.4025,0.000000,0.000000,0.000000,above_band_high
2026-08-07T09:16:00Z,95.3948,0.000000,0.000000,0.000000,above_band_high
2026-08-07T09:17:00Z,95.3841,0.000000,0.000000,0.000000,above_band_high
2026-08-07T09:18:00Z,95.3765,0.000000,0.000000,0.000000,above_band_high
2026-08-07T09:19:00Z,95.3262,0.000000,0.000000,0.000000,above_band_high
2026-08-07T13:46:46Z,91.1818,0.000000,0.000000,0.000000,in_band
2026-08-07T19:51:31Z,90.1671,0.195763,0.195472,-0.000290,in_band
2026-08-07T19:51:59Z,90.1762,0.192741,0.192455,-0.000286,in_band
2026-08-07T19:52:00Z,90.1762,0.192634,0.192348,-0.000286,in_band
2026-08-07T19:52:59Z,90.1442,0.186422,0.186146,-0.000277,in_band
2026-08-07T19:53:00Z,90.1442,0.186319,0.186042,-0.000276,in_band
2026-08-07T19:53:59Z,90.1305,0.180311,0.180043,-0.000268,in_band
2026-08-07T19:54:00Z,90.1305,0.180211,0.179943,-0.000267,in_band
2026-08-07T19:54:59Z,90.1534,0.174400,0.174141,-0.000259,in_band
2026-08-07T19:55:00Z,90.1534,0.174303,0.174044,-0.000259,in_band
2026-08-07T19:55:59Z,90.2205,0.168682,0.168432,-0.000250,in_band
2026-08-07T19:56:00Z,90.2205,0.168588,0.168338,-0.000250,in_band
2026-08-07T19:56:59Z,90.2068,0.163152,0.162910,-0.000242,in_band
2026-08-07T19:57:00Z,90.2068,0.163061,0.162819,-0.000242,in_band
2026-08-07T19:57:59Z,90.3532,0.157803,0.157569,-0.000234,in_band
2026-08-07T19:58:00Z,90.3532,0.157716,0.157482,-0.000234,in_band
2026-08-07T19:58:59Z,90.3731,0.152630,0.152403,-0.000227,in_band
2026-08-07T19:59:00Z,90.3731,0.152545,0.152319,-0.000226,in_band
2026-08-07T19:59:59Z,90.4173,0.147626,0.147407,-0.000219,in_band
2026-08-07T20:00:00Z,90.4173,0.147544,0.147325,-0.000219,in_band
2026-08-07T20:00:59Z,90.4494,0.142786,0.142574,-0.000212,in_band
2026-08-07T20:01:00Z,90.4494,0.142707,0.142495,-0.000212,in_band
2026-08-07T20:01:59Z,90.5364,0.138105,0.137900,-0.000205,in_band
2026-08-07T20:02:00Z,90.5364,0.138029,0.137824,-0.000205,in_band
2026-08-07T20:02:59Z,90.4555,0.133578,0.133379,-0.000198,in_band
2026-08-07T20:03:00Z,90.4555,0.133503,0.133305,-0.000198,in_band
2026-08-07T20:03:59Z,90.5196,0.129198,0.129007,-0.000192,in_band
2026-08-07T20:04:00Z,90.5196,0.129127,0.128935,-0.000192,in_band
2026-08-07T20:04:59Z,90.4494,0.124963,0.124777,-0.000185,in_band
2026-08-07T20:05:00Z,90.4494,0.124893,0.124708,-0.000185,in_band
2026-08-07T20:05:59Z,90.5104,0.120866,0.120687,-0.000179,in_band
2026-08-07T20:06:00Z,90.5104,0.120799,0.120620,-0.000179,in_band
2026-08-07T20:06:59Z,90.3960,0.116904,0.116730,-0.000173,in_band
2026-08-07T20:07:00Z,90.3960,0.116839,0.116665,-0.000173,in_band
2026-08-07T20:07:59Z,90.4097,0.113071,0.112903,-0.000168,in_band
2026-08-07T20:08:00Z,90.4097,0.113008,0.112841,-0.000168,in_band
2026-08-07T20:08:59Z,90.1991,0.109364,0.109202,-0.000162,in_band
2026-08-07T20:09:00Z,90.1991,0.109303,0.109141,-0.000162,in_band
2026-08-07T20:09:59Z,89.9962,0.105779,0.105683,-0.000096,below_midpoint_feather
2026-08-07T20:10:45Z,89.8909,0.105363,0.106438,0.001075,below_midpoint_feather
2026-08-07T20:10:59Z,89.9199,0.106063,0.105663,-0.000400,below_midpoint_feather
2026-08-07T20:11:10Z,89.8726,0.106115,0.107069,0.000954,below_midpoint_feather
2026-08-07T20:11:27Z,89.9428,0.106092,0.105252,-0.000840,below_midpoint_feather
2026-08-07T20:12:27Z,89.8878,0.105301,0.106669,0.001368,below_midpoint_feather
2026-08-07T20:12:31Z,89.9474,0.105699,0.105279,-0.000420,below_midpoint_feather
2026-08-07T20:13:31Z,89.8146,0.107987,0.109945,0.001959,below_midpoint_feather
2026-08-07T20:13:37Z,89.9046,0.108014,0.106379,-0.001635,below_midpoint_feather
2026-08-07T20:14:27Z,89.8405,0.111437,0.109027,-0.002411,below_midpoint_feather
2026-08-07T20:14:47Z,89.7765,0.111261,0.112702,0.001441,below_midpoint_feather
2026-08-07T20:15:43Z,89.8360,0.111878,0.110045,-0.001833,below_midpoint_feather
2026-08-07T20:15:53Z,89.7642,0.112355,0.114241,0.001885,below_midpoint_feather
2026-08-07T20:16:05Z,89.7124,0.114557,0.118249,0.003691,below_midpoint_feather
2026-08-07T20:16:27Z,89.7444,0.117930,0.116077,-0.001853,below_midpoint_feather
2026-08-07T20:17:30Z,89.6590,0.121484,0.124595,0.003111,below_midpoint_feather
2026-08-07T20:17:47Z,89.7551,0.119586,0.117014,-0.002572,below_midpoint_feather
2026-08-07T20:18:35Z,89.7078,0.118346,0.121821,0.003476,below_midpoint_feather
2026-08-07T20:18:49Z,89.7581,0.120625,0.118330,-0.002295,below_midpoint_feather
2026-08-07T20:19:11Z,89.7078,0.118561,0.122682,0.004120,below_midpoint_feather
2026-08-07T20:19:17Z,89.7734,0.120350,0.117981,-0.002369,below_midpoint_feather
2026-08-07T20:20:11Z,89.7734,0.121941,0.119221,-0.002720,below_midpoint_feather
2026-08-07T20:20:29Z,89.6773,0.123312,0.127145,0.003833,below_midpoint_feather
2026-08-07T20:21:01Z,89.6849,0.123467,0.127215,0.003748,below_midpoint_feather
2026-08-07T20:21:23Z,89.7490,0.125095,0.122598,-0.002498,below_midpoint_feather
2026-08-07T20:22:39Z,89.7169,0.129297,0.126900,-0.002397,below_midpoint_feather
2026-08-07T20:22:55Z,89.6132,0.132741,0.137221,0.004480,below_midpoint_feather
2026-08-07T20:23:05Z,89.6635,0.134409,0.132335,-0.002074,below_midpoint_feather
2026-08-07T20:23:37Z,89.6590,0.131046,0.133832,0.002786,below_midpoint_feather
2026-08-07T20:24:05Z,89.7673,0.130013,0.125939,-0.004074,below_midpoint_feather
2026-08-07T20:24:43Z,89.6498,0.132798,0.136874,0.004076,below_midpoint_feather
2026-08-07T20:25:27Z,89.6895,0.136140,0.134537,-0.001603,below_midpoint_feather
2026-08-07T20:25:35Z,89.6437,0.134455,0.139146,0.004691,below_midpoint_feather
2026-08-07T20:26:29Z,89.6849,0.140989,0.137123,-0.003866,below_midpoint_feather
2026-08-07T20:26:37Z,89.6208,0.139613,0.143751,0.004138,below_midpoint_feather
2026-08-07T20:27:39Z,89.5995,0.145153,0.148571,0.003418,below_midpoint_feather
2026-08-07T20:27:55Z,89.6498,0.148326,0.143866,-0.004460,below_midpoint_feather
2026-08-07T20:28:45Z,89.6132,0.144936,0.149904,0.004968,below_midpoint_feather
2026-08-07T20:28:51Z,89.6590,0.148956,0.145426,-0.003530,below_midpoint_feather
2026-08-07T20:29:21Z,89.6666,0.151286,0.146026,-0.005260,below_midpoint_feather
2026-08-07T20:29:41Z,89.5995,0.149749,0.153944,0.004195,below_midpoint_feather
2026-08-07T20:30:36Z,89.7276,0.147987,0.144078,-0.003909,below_midpoint_feather
2026-08-07T20:30:43Z,89.6757,0.145105,0.148761,0.003656,below_midpoint_feather
2026-08-07T20:31:05Z,89.6849,0.146078,0.148763,0.002685,below_midpoint_feather
2026-08-07T20:31:59Z,89.7673,0.147504,0.144117,-0.003387,below_midpoint_feather
2026-08-07T20:32:00Z,89.7673,0.147534,0.144148,-0.003386,below_midpoint_feather
2026-08-07T20:32:29Z,89.6986,0.146949,0.150192,0.003242,below_midpoint_feather
2026-08-07T20:33:27Z,89.7093,0.148407,0.150870,0.002463,below_midpoint_feather
2026-08-07T20:33:45Z,89.8085,0.147989,0.144546,-0.003443,below_midpoint_feather
2026-08-07T20:34:05Z,89.7826,0.148708,0.146553,-0.002155,below_midpoint_feather
2026-08-07T20:34:23Z,89.7353,0.147259,0.150223,0.002965,below_midpoint_feather
2026-08-07T20:35:09Z,89.8177,0.148040,0.145965,-0.002075,below_midpoint_feather
2026-08-07T20:35:51Z,89.7917,0.145294,0.148136,0.002842,below_midpoint_feather
2026-08-07T20:36:21Z,89.7856,0.146058,0.148909,0.002851,below_midpoint_feather
2026-08-07T20:36:23Z,89.8604,0.146083,0.145170,-0.000913,below_midpoint_feather
2026-08-07T20:37:18Z,89.7597,0.149898,0.151306,0.001409,below_midpoint_feather
2026-08-07T20:37:45Z,89.8375,0.148895,0.147233,-0.001662,below_midpoint_feather
2026-08-07T20:38:03Z,89.7993,0.147178,0.149453,0.002275,below_midpoint_feather
2026-08-07T20:38:11Z,89.8695,0.147796,0.146254,-0.001542,below_midpoint_feather
2026-08-07T20:39:09Z,89.7551,0.150243,0.153082,0.002839,below_midpoint_feather
2026-08-07T20:39:25Z,89.8375,0.150447,0.148516,-0.001931,below_midpoint_feather
2026-08-07T20:40:19Z,89.8695,0.149213,0.147892,-0.001321,below_midpoint_feather
2026-08-07T20:40:21Z,89.7780,0.149238,0.152506,0.003268,below_midpoint_feather
2026-08-07T20:41:45Z,89.7414,0.157326,0.156143,-0.001183,below_midpoint_feather
2026-08-07T20:41:57Z,89.6818,0.156714,0.161249,0.004535,below_midpoint_feather
2026-08-07T20:42:03Z,89.7398,0.158395,0.156597,-0.001797,below_midpoint_feather
2026-08-07T20:42:31Z,89.6864,0.158977,0.161553,0.002576,below_midpoint_feather
2026-08-07T20:43:38Z,89.6315,0.164732,0.168636,0.003904,below_midpoint_feather
2026-08-07T20:43:59Z,89.7032,0.164815,0.162522,-0.002292,below_midpoint_feather
2026-08-07T20:44:43Z,89.6986,0.168185,0.164398,-0.003787,below_midpoint_feather
2026-08-07T20:44:59Z,89.6071,0.168754,0.174010,0.005256,below_midpoint_feather
2026-08-07T20:45:00Z,89.6071,0.168791,0.174046,0.005255,below_midpoint_feather
2026-08-07T20:45:03Z,89.6757,0.171234,0.167153,-0.004081,below_midpoint_feather
2026-08-07T20:46:09Z,89.6590,0.174834,0.171389,-0.003445,below_midpoint_feather
2026-08-07T20:46:33Z,89.6254,0.171684,0.175854,0.004170,below_midpoint_feather
2026-08-07T20:47:29Z,89.6437,0.177825,0.176362,-0.001463,below_midpoint_feather
2026-08-07T20:47:31Z,89.5979,0.177913,0.181386,0.003473,below_midpoint_feather
2026-08-07T20:48:03Z,89.5720,0.180163,0.185873,0.005710,below_midpoint_feather
2026-08-07T20:48:15Z,89.6452,0.183454,0.178275,-0.005179,below_midpoint_feather
2026-08-07T20:49:23Z,89.6483,0.184182,0.181272,-0.002911,below_midpoint_feather
2026-08-07T20:49:57Z,89.5537,0.187860,0.193646,0.005786,below_midpoint_feather
2026-08-07T20:50:15Z,89.5308,0.191264,0.197533,0.006269,below_midpoint_feather
2026-08-07T20:50:51Z,89.6208,0.193948,0.188649,-0.005300,below_midpoint_feather
2026-08-07T20:51:09Z,89.5628,0.191734,0.196412,0.004678,below_midpoint_feather
2026-08-07T20:51:15Z,89.6452,0.191382,0.187473,-0.003909,below_midpoint_feather
2026-08-07T20:52:51Z,89.7047,0.190763,0.186931,-0.003832,below_midpoint_feather
2026-08-07T20:52:57Z,89.6574,0.188334,0.191496,0.003161,below_midpoint_feather
2026-08-07T20:53:18Z,89.7597,0.186911,0.183927,-0.002984,below_midpoint_feather
2026-08-07T20:53:29Z,89.7139,0.186386,0.187791,0.001404,below_midpoint_feather
2026-08-07T20:54:37Z,89.7673,0.183548,0.185982,0.002433,below_midpoint_feather
2026-08-07T20:54:44Z,89.8146,0.184901,0.183338,-0.001564,below_midpoint_feather
2026-08-07T20:55:14Z,89.8375,0.184474,0.182852,-0.001622,below_midpoint_feather
2026-08-07T20:55:37Z,89.8131,0.183375,0.184485,0.001110,below_midpoint_feather
2026-08-07T20:56:19Z,89.7963,0.184317,0.186034,0.001717,below_midpoint_feather
2026-08-07T20:56:33Z,89.8787,0.183830,0.182403,-0.001427,below_midpoint_feather
2026-08-07T20:57:01Z,89.8405,0.182756,0.184247,0.001491,below_midpoint_feather
2026-08-07T20:57:22Z,89.8924,0.183382,0.182485,-0.000897,below_midpoint_feather
2026-08-07T20:58:12Z,89.9016,0.183267,0.182613,-0.000654,below_midpoint_feather
2026-08-07T20:58:55Z,89.8589,0.182353,0.184323,0.001970,below_midpoint_feather
2026-08-07T20:59:13Z,89.9275,0.182688,0.182327,-0.000361,below_midpoint_feather
2026-08-07T20:59:37Z,89.8909,0.182134,0.183378,0.001245,below_midpoint_feather
2026-08-07T21:00:01Z,89.9733,0.182131,0.181873,-0.000258,below_midpoint_feather
2026-08-07T21:00:13Z,89.9016,0.182032,0.183186,0.001154,below_midpoint_feather
2026-08-07T21:01:02Z,90.0023,0.182047,0.181718,-0.000328,in_band
2026-08-07T21:01:39Z,89.9382,0.181767,0.182317,0.000550,below_midpoint_feather
2026-08-07T21:02:21Z,89.9275,0.181875,0.182362,0.000486,below_midpoint_feather
2026-08-07T21:02:55Z,89.9794,0.182065,0.181704,-0.000360,below_midpoint_feather
2026-08-07T21:03:07Z,89.9153,0.182179,0.182674,0.000494,below_midpoint_feather
2026-08-07T21:03:39Z,89.9733,0.182299,0.181781,-0.000519,below_midpoint_feather
2026-08-07T21:04:35Z,89.9153,0.182240,0.182742,0.000502,below_midpoint_feather
2026-08-07T21:04:47Z,89.9825,0.182571,0.181775,-0.000795,below_midpoint_feather
2026-08-07T21:05:33Z,89.9016,0.182361,0.183151,0.000790,below_midpoint_feather
2026-08-07T21:05:51Z,89.9565,0.182538,0.182060,-0.000478,below_midpoint_feather
2026-08-07T21:06:41Z,89.9458,0.183133,0.182261,-0.000872,below_midpoint_feather
2026-08-07T21:06:55Z,89.9001,0.182824,0.183284,0.000460,below_midpoint_feather
2026-08-07T21:07:01Z,89.9474,0.182832,0.182266,-0.000566,below_midpoint_feather
2026-08-07T21:07:13Z,89.9199,0.182174,0.182803,0.000630,below_midpoint_feather
2026-08-07T21:08:23Z,89.9916,0.182624,0.181979,-0.000645,below_midpoint_feather
2026-08-07T21:08:47Z,89.8924,0.182592,0.183636,0.001044,below_midpoint_feather
2026-08-07T21:09:15Z,89.8680,0.183188,0.184502,0.001314,below_midpoint_feather
2026-08-07T21:09:17Z,89.9413,0.183191,0.182519,-0.000672,below_midpoint_feather
2026-08-07T21:10:21Z,89.9184,0.184602,0.183149,-0.001453,below_midpoint_feather
2026-08-07T21:10:53Z,89.8650,0.183833,0.184919,0.001085,below_midpoint_feather
2026-08-07T21:11:37Z,89.8787,0.185603,0.184594,-0.001009,below_midpoint_feather
2026-08-07T21:11:45Z,89.8405,0.184713,0.186155,0.001441,below_midpoint_feather
2026-08-07T21:12:07Z,89.9062,0.185037,0.183902,-0.001135,below_midpoint_feather
2026-08-07T21:12:27Z,89.8466,0.184670,0.186100,0.001430,below_midpoint_feather
2026-08-07T21:13:17Z,89.8405,0.185027,0.186629,0.001601,below_midpoint_feather
2026-08-07T21:13:53Z,89.8909,0.185910,0.184883,-0.001027,below_midpoint_feather
2026-08-07T21:14:03Z,89.9062,0.185785,0.184496,-0.001289,below_midpoint_feather
2026-08-07T21:14:09Z,89.8375,0.185484,0.187031,0.001547,below_midpoint_feather
2026-08-07T21:15:31Z,89.8543,0.185504,0.186687,0.001183,below_midpoint_feather
2026-08-07T21:15:51Z,89.9107,0.185940,0.184885,-0.001055,below_midpoint_feather
2026-08-07T21:16:03Z,89.8589,0.185990,0.186637,0.000646,below_midpoint_feather
2026-08-07T21:16:25Z,89.9199,0.185731,0.184817,-0.000914,below_midpoint_feather
2026-08-07T21:17:29Z,89.8680,0.185712,0.186644,0.000931,below_midpoint_feather
2026-08-07T21:17:35Z,89.9290,0.186318,0.184903,-0.001414,below_midpoint_feather
2026-08-07T21:18:21Z,89.9565,0.185804,0.184616,-0.001188,below_midpoint_feather
2026-08-07T21:18:39Z,89.8909,0.185388,0.186096,0.000708,below_midpoint_feather
2026-08-07T21:19:07Z,89.9062,0.185088,0.185732,0.000644,below_midpoint_feather
2026-08-07T21:19:55Z,89.9687,0.185272,0.184720,-0.000553,below_midpoint_feather
2026-08-07T21:20:11Z,89.9321,0.185039,0.185265,0.000226,below_midpoint_feather
2026-08-07T21:20:34Z,90.0389,0.184703,0.184234,-0.000469,in_band
2026-08-07T21:21:22Z,89.9794,0.180261,0.180688,0.000427,below_midpoint_feather
2026-08-07T21:21:34Z,90.0374,0.180077,0.180033,-0.000044,in_band
2026-08-07T21:22:00Z,89.9886,0.177495,0.177875,0.000380,below_midpoint_feather
2026-08-07T21:22:38Z,89.9977,0.173796,0.174732,0.000936,below_midpoint_feather
2026-08-07T21:23:00Z,90.0557,0.171687,0.172611,0.000924,in_band
2026-08-07T21:23:59Z,90.0557,0.166155,0.167050,0.000894,in_band
2026-08-07T21:24:00Z,90.0557,0.166063,0.166957,0.000894,in_band
2026-08-07T21:24:59Z,90.1350,0.160710,0.161575,0.000865,in_band
2026-08-07T21:25:00Z,90.1350,0.160620,0.161485,0.000865,in_band
2026-08-07T21:25:59Z,90.1610,0.155442,0.156278,0.000837,in_band
2026-08-07T21:26:00Z,90.1610,0.155355,0.156192,0.000836,in_band
2026-08-07T21:26:59Z,90.1534,0.150346,0.151155,0.000809,in_band
2026-08-07T21:27:00Z,90.1534,0.150262,0.151071,0.000809,in_band
2026-08-07T21:27:59Z,90.2129,0.145417,0.146200,0.000783,in_band
2026-08-07T21:28:00Z,90.2129,0.145336,0.146119,0.000782,in_band
2026-08-07T21:28:59Z,90.2708,0.140650,0.141407,0.000757,in_band
2026-08-07T21:29:00Z,90.2708,0.140572,0.141328,0.000757,in_band
2026-08-07T21:29:59Z,90.2815,0.136039,0.136771,0.000733,in_band
2026-08-07T21:30:00Z,90.2815,0.135963,0.136695,0.000732,in_band
2026-08-07T21:30:59Z,90.3136,0.131579,0.132287,0.000708,in_band
2026-08-07T21:31:00Z,90.3136,0.131506,0.132214,0.000708,in_band
2026-08-07T21:31:59Z,90.2937,0.127265,0.127950,0.000685,in_band
2026-08-07T21:32:00Z,90.2937,0.127194,0.127879,0.000685,in_band
2026-08-07T21:32:59Z,90.3731,0.123093,0.123756,0.000663,in_band
2026-08-07T21:33:00Z,90.3731,0.123024,0.123687,0.000662,in_band
2026-08-07T21:33:59Z,90.3822,0.119057,0.119698,0.000641,in_band
2026-08-07T21:34:00Z,90.3822,0.118991,0.119632,0.000641,in_band
2026-08-07T21:34:59Z,90.3990,0.115154,0.115774,0.000620,in_band
2026-08-07T21:35:00Z,90.3990,0.115090,0.115710,0.000620,in_band
2026-08-07T21:35:59Z,90.4234,0.111379,0.111979,0.000600,in_band
2026-08-07T21:36:00Z,90.4234,0.111317,0.111916,0.000599,in_band
2026-08-07T21:36:59Z,90.4692,0.107728,0.108308,0.000580,in_band
2026-08-07T21:37:00Z,90.4692,0.107668,0.108247,0.000580,in_band
2026-08-07T21:37:59Z,90.4585,0.104196,0.104757,0.000561,in_band
2026-08-07T21:38:00Z,90.4585,0.104138,0.104699,0.000561,in_band
2026-08-07T21:38:59Z,90.5058,0.100780,0.101322,0.000543,in_band
2026-08-07T21:39:00Z,90.5058,0.100724,0.101266,0.000542,in_band
2026-08-07T21:39:59Z,90.5241,0.097476,0.098001,0.000525,in_band
2026-08-07T21:40:00Z,90.5241,0.097422,0.097946,0.000524,in_band
2026-08-07T21:40:59Z,90.5745,0.094280,0.094788,0.000508,in_band
2026-08-07T21:41:00Z,90.5745,0.094228,0.094735,0.000507,in_band
2026-08-07T21:41:59Z,90.5821,0.091189,0.091680,0.000491,in_band
2026-08-07T21:42:00Z,90.5821,0.091139,0.091629,0.000491,in_band
2026-08-07T21:42:59Z,90.5821,0.088200,0.088675,0.000475,in_band
2026-08-07T21:43:00Z,90.5821,0.088151,0.088625,0.000475,in_band
2026-08-07T21:43:59Z,90.5882,0.085308,0.085768,0.000459,in_band
2026-08-07T21:44:00Z,90.5882,0.085261,0.085720,0.000459,in_band
2026-08-07T21:44:59Z,90.5745,0.082512,0.082956,0.000444,in_band
2026-08-07T21:45:00Z,90.5745,0.082466,0.082910,0.000444,in_band
2026-08-07T21:45:59Z,90.6004,0.079807,0.080236,0.000430,in_band
2026-08-07T21:46:00Z,90.6004,0.079762,0.080192,0.000429,in_band
2026-08-07T21:46:59Z,90.6798,0.077190,0.077606,0.000416,in_band
2026-08-07T21:47:00Z,90.6798,0.077147,0.077563,0.000415,in_band
2026-08-07T21:47:59Z,90.7012,0.074660,0.075062,0.000402,in_band
2026-08-07T21:48:00Z,90.7012,0.074618,0.075020,0.000402,in_band
2026-08-07T21:48:59Z,90.7393,0.072212,0.072601,0.000389,in_band
2026-08-07T21:49:00Z,90.7393,0.072172,0.072560,0.000389,in_band
2026-08-07T21:49:59Z,90.7195,0.069845,0.070221,0.000376,in_band
2026-08-07T21:50:00Z,90.7195,0.069806,0.070182,0.000376,in_band
2026-08-07T21:50:59Z,90.7118,0.067555,0.067918,0.000364,in_band
2026-08-07T21:51:00Z,90.7118,0.067517,0.067881,0.000363,in_band
2026-08-07T21:51:59Z,90.7652,0.065340,0.065692,0.000352,in_band
2026-08-07T21:52:00Z,90.7652,0.065304,0.065655,0.000352,in_band
2026-08-07T21:52:59Z,90.8080,0.063198,0.063538,0.000340,in_band
2026-08-07T21:53:00Z,90.8080,0.063163,0.063503,0.000340,in_band
2026-08-07T21:53:59Z,90.8156,0.061126,0.061455,0.000329,in_band
2026-08-07T21:54:00Z,90.8156,0.061092,0.061421,0.000329,in_band
2026-08-07T21:54:59Z,90.8812,0.059122,0.059440,0.000318,in_band
2026-08-07T21:55:00Z,90.8812,0.059089,0.059407,0.000318,in_band
2026-08-07T21:55:59Z,90.9041,0.057184,0.057492,0.000308,in_band
2026-08-07T21:56:00Z,90.9041,0.057152,0.057460,0.000308,in_band
2026-08-07T21:56:59Z,90.8858,0.055309,0.055607,0.000298,in_band
2026-08-07T21:57:00Z,90.8858,0.055278,0.055576,0.000298,in_band
2026-08-07T21:57:59Z,90.9087,0.053496,0.053784,0.000288,in_band
2026-08-07T21:58:00Z,90.9087,0.053466,0.053754,0.000288,in_band
2026-08-07T21:58:59Z,90.9071,0.051742,0.052021,0.000279,in_band
2026-08-07T21:59:00Z,90.9071,0.051713,0.051992,0.000278,in_band
2026-08-07T21:59:59Z,90.8949,0.050046,0.050315,0.000269,in_band
2026-08-07T22:00:00Z,90.8949,0.050018,0.050287,0.000269,in_band
2026-08-07T22:00:59Z,90.9178,0.048405,0.048666,0.000261,in_band
2026-08-07T22:01:00Z,90.9178,0.048378,0.048639,0.000260,in_band
2026-08-07T22:01:59Z,90.9438,0.046818,0.047070,0.000252,in_band
2026-08-07T22:02:00Z,90.9438,0.046792,0.047044,0.000252,in_band
2026-08-07T22:02:59Z,90.9133,0.045283,0.045527,0.000244,in_band
2026-08-07T22:03:00Z,90.9133,0.045258,0.045502,0.000244,in_band
2026-08-07T22:03:59Z,90.9270,0.043799,0.044035,0.000236,in_band
2026-08-07T22:04:00Z,90.9270,0.043774,0.044010,0.000236,in_band
2026-08-07T22:04:59Z,90.9255,0.042363,0.042591,0.000228,in_band
2026-08-07T22:05:00Z,90.9255,0.042339,0.042567,0.000228,in_band
2026-08-07T22:05:59Z,90.9071,0.040974,0.041195,0.000221,in_band
2026-08-07T22:06:00Z,90.9071,0.040951,0.041172,0.000220,in_band
2026-08-07T22:06:59Z,90.9529,0.039631,0.039844,0.000213,in_band
2026-08-07T22:07:00Z,90.9529,0.039609,0.039822,0.000213,in_band
2026-08-07T22:07:59Z,90.9346,0.038332,0.038538,0.000206,in_band
2026-08-07T22:08:00Z,90.9346,0.038310,0.038516,0.000206,in_band
2026-08-07T22:08:59Z,90.9316,0.037075,0.037274,0.000200,in_band
2026-08-07T22:09:00Z,90.9316,0.037054,0.037254,0.000199,in_band
2026-08-07T22:09:59Z,90.9209,0.035859,0.036052,0.000193,in_band
2026-08-07T22:10:00Z,90.9209,0.035839,0.036032,0.000193,in_band
2026-08-07T22:10:59Z,90.8751,0.034684,0.034871,0.000187,in_band
2026-08-07T22:11:00Z,90.8751,0.034665,0.034851,0.000187,in_band
2026-08-07T22:11:59Z,90.8568,0.033547,0.033727,0.000181,in_band
2026-08-07T22:12:00Z,90.8568,0.033528,0.033709,0.000180,in_band
2026-08-07T22:12:59Z,90.8248,0.032447,0.032622,0.000175,in_band
2026-08-07T22:13:00Z,90.8248,0.032429,0.032603,0.000175,in_band
2026-08-07T22:13:59Z,90.7881,0.031383,0.031552,0.000169,in_band
2026-08-07T22:14:00Z,90.7881,0.031366,0.031535,0.000169,in_band
2026-08-07T22:14:59Z,90.8110,0.030354,0.030518,0.000163,in_band
2026-08-07T22:15:00Z,90.8110,0.030337,0.030501,0.000163,in_band
2026-08-07T22:15:59Z,90.8064,0.029359,0.029517,0.000158,in_band
2026-08-07T22:16:00Z,90.8064,0.029343,0.029501,0.000158,in_band
2026-08-07T22:16:59Z,90.8248,0.028397,0.028550,0.000153,in_band
2026-08-07T22:17:00Z,90.8248,0.028381,0.028534,0.000153,in_band
2026-08-07T22:17:59Z,90.7988,0.027466,0.027614,0.000148,in_band
2026-08-07T22:18:00Z,90.7988,0.027450,0.027598,0.000148,in_band
2026-08-07T22:18:59Z,90.8309,0.026565,0.026708,0.000143,in_band
2026-08-07T22:19:00Z,90.8309,0.026551,0.026693,0.000143,in_band
2026-08-07T22:19:59Z,90.8019,0.025694,0.025833,0.000138,in_band
2026-08-07T22:20:00Z,90.8019,0.025680,0.025818,0.000138,in_band
2026-08-07T22:20:59Z,90.8202,0.024852,0.024986,0.000134,in_band
2026-08-07T22:21:00Z,90.8202,0.024838,0.024972,0.000134,in_band
2026-08-07T22:21:59Z,90.8110,0.024037,0.024167,0.000129,in_band
2026-08-07T22:22:00Z,90.8110,0.024024,0.024153,0.000129,in_band
2026-08-07T22:22:59Z,90.8446,0.023249,0.023374,0.000125,in_band
2026-08-07T22:23:00Z,90.8446,0.023236,0.023361,0.000125,in_band
2026-08-07T22:23:59Z,90.8248,0.022487,0.022608,0.000121,in_band
2026-08-07T22:24:00Z,90.8248,0.022475,0.022596,0.000121,in_band
2026-08-07T22:24:59Z,90.8080,0.021750,0.021867,0.000117,in_band
2026-08-07T22:25:00Z,90.8080,0.021738,0.021855,0.000117,in_band
2026-08-07T22:25:59Z,90.7988,0.021037,0.021150,0.000113,in_band
2026-08-07T22:26:00Z,90.7988,0.021025,0.021138,0.000113,in_band
2026-08-07T22:26:59Z,90.8156,0.020347,0.020457,0.000110,in_band
2026-08-07T22:27:00Z,90.8156,0.020336,0.020445,0.000109,in_band
2026-08-07T22:27:59Z,90.8339,0.019680,0.019786,0.000106,in_band
2026-08-07T22:28:00Z,90.8339,0.019669,0.019775,0.000106,in_band
2026-08-07T22:28:59Z,90.8263,0.019035,0.019137,0.000102,in_band
2026-08-07T22:29:00Z,90.8263,0.019024,0.019127,0.000102,in_band
2026-08-07T22:29:59Z,90.8583,0.018411,0.018510,0.000099,in_band
2026-08-07T22:30:00Z,90.8583,0.018401,0.018500,0.000099,in_band
2026-08-07T22:30:59Z,90.8248,0.017807,0.017903,0.000096,in_band
2026-08-07T22:31:00Z,90.8248,0.017797,0.017893,0.000096,in_band
2026-08-07T22:31:59Z,90.8568,0.017223,0.017316,0.000093,in_band
2026-08-07T22:32:00Z,90.8568,0.017214,0.017307,0.000093,in_band
2026-08-07T22:32:59Z,90.8293,0.016659,0.016748,0.000090,in_band
2026-08-07T22:33:00Z,90.8293,0.016650,0.016739,0.000090,in_band
2026-08-07T22:33:59Z,90.8705,0.016113,0.016199,0.000087,in_band
2026-08-07T22:34:00Z,90.8705,0.016104,0.016190,0.000087,in_band
2026-08-07T22:34:59Z,90.8858,0.015584,0.015668,0.000084,in_band
2026-08-07T22:35:00Z,90.8858,0.015576,0.015660,0.000084,in_band
2026-08-07T22:35:59Z,90.8843,0.015074,0.015155,0.000081,in_band
2026-08-07T22:36:00Z,90.8843,0.015065,0.015146,0.000081,in_band
2026-08-07T22:36:59Z,90.8492,0.014579,0.014658,0.000078,in_band
2026-08-07T22:37:00Z,90.8492,0.014571,0.014650,0.000078,in_band
2026-08-07T22:37:59Z,90.8721,0.014101,0.014177,0.000076,in_band
2026-08-07T22:38:00Z,90.8721,0.014094,0.014169,0.000076,in_band
2026-08-07T22:38:59Z,90.8995,0.013639,0.013713,0.000073,in_band
2026-08-07T22:39:00Z,90.8995,0.013632,0.013705,0.000073,in_band
2026-08-07T22:39:59Z,90.8659,0.013192,0.013263,0.000071,in_band
2026-08-07T22:40:00Z,90.8659,0.013185,0.013256,0.000071,in_band
2026-08-07T22:40:59Z,90.8980,0.012759,0.012828,0.000069,in_band
2026-08-07T22:41:00Z,90.8980,0.012752,0.012821,0.000069,in_band
2026-08-07T22:41:59Z,90.9178,0.012341,0.012408,0.000066,in_band
2026-08-07T22:42:00Z,90.9178,0.012334,0.012401,0.000066,in_band
2026-08-07T22:42:59Z,90.8858,0.011937,0.012001,0.000064,in_band
2026-08-07T22:43:00Z,90.8858,0.011930,0.011994,0.000064,in_band
2026-08-07T22:43:59Z,90.9300,0.011545,0.011607,0.000062,in_band
2026-08-07T22:44:00Z,90.9300,0.011539,0.011601,0.000062,in_band
2026-08-07T22:44:59Z,90.9300,0.011167,0.011227,0.000060,in_band
2026-08-07T22:45:00Z,90.9300,0.011161,0.011221,0.000060,in_band
2026-08-07T22:45:59Z,90.9499,0.010801,0.010859,0.000058,in_band
2026-08-07T22:46:00Z,90.9499,0.010795,0.010853,0.000058,in_band
2026-08-07T22:46:59Z,90.9545,0.010447,0.010503,0.000056,in_band
2026-08-07T22:47:00Z,90.9545,0.010441,0.010497,0.000056,in_band
2026-08-07T22:47:59Z,90.9361,0.010104,0.010158,0.000054,in_band
2026-08-07T22:48:00Z,90.9361,0.010098,0.010153,0.000054,in_band
2026-08-07T22:48:59Z,90.9712,0.009773,0.009825,0.000053,in_band
2026-08-07T22:49:00Z,90.9712,0.009767,0.009820,0.000053,in_band
2026-08-07T22:49:59Z,90.9728,0.009452,0.009503,0.000051,in_band
2026-08-07T22:50:00Z,90.9728,0.009447,0.009498,0.000051,in_band
2026-08-07T22:50:59Z,90.9957,0.009143,0.009192,0.000049,in_band
2026-08-07T22:51:00Z,90.9957,0.009137,0.009187,0.000049,in_band
2026-08-07T22:51:59Z,90.9987,0.008843,0.008890,0.000048,in_band
2026-08-07T22:52:00Z,90.9987,0.008838,0.008885,0.000048,in_band
2026-08-07T22:52:59Z,91.0277,0.008553,0.008599,0.000046,in_band
2026-08-07T22:53:00Z,91.0277,0.008548,0.008594,0.000046,in_band
2026-08-07T22:53:59Z,91.0491,0.008273,0.008317,0.000045,in_band
2026-08-07T22:54:00Z,91.0491,0.008268,0.008312,0.000045,in_band
2026-08-07T22:54:59Z,91.0811,0.008001,0.008044,0.000043,in_band
2026-08-07T22:55:00Z,91.0811,0.007997,0.008040,0.000043,in_band
2026-08-07T22:55:59Z,91.0903,0.007739,0.007781,0.000042,in_band
2026-08-07T22:56:00Z,91.0903,0.007735,0.007776,0.000042,in_band
2026-08-07T22:56:59Z,91.1223,0.007485,0.007526,0.000040,in_band
2026-08-07T22:57:00Z,91.1223,0.007481,0.007521,0.000040,in_band
2026-08-07T22:57:59Z,91.1223,0.007240,0.007279,0.000039,in_band
2026-08-07T22:58:00Z,91.1223,0.007236,0.007275,0.000039,in_band
2026-08-07T22:58:59Z,91.1315,0.007003,0.007040,0.000038,in_band
2026-08-07T22:59:00Z,91.1315,0.006999,0.007036,0.000038,in_band
2026-08-07T22:59:59Z,91.1192,0.006773,0.006809,0.000036,in_band
2026-08-07T23:00:00Z,91.1192,0.006769,0.006806,0.000036,in_band
2026-08-07T23:00:59Z,91.1330,0.006551,0.006586,0.000035,in_band
2026-08-07T23:01:00Z,91.1330,0.006547,0.006583,0.000035,in_band
2026-08-07T23:01:59Z,91.1009,0.006336,0.006370,0.000034,in_band
2026-08-07T23:02:00Z,91.1009,0.006333,0.006367,0.000034,in_band
2026-08-07T23:02:59Z,91.1543,0.006128,0.006161,0.000033,in_band
2026-08-07T23:03:00Z,91.1543,0.006125,0.006158,0.000033,in_band
2026-08-07T23:03:59Z,91.0948,0.005928,0.005959,0.000032,in_band
2026-08-07T23:04:00Z,91.0948,0.005924,0.005956,0.000032,in_band
2026-08-07T23:04:59Z,91.0719,0.005733,0.005764,0.000031,in_band
2026-08-07T23:05:00Z,91.0719,0.005730,0.005761,0.000031,in_band
2026-08-07T23:05:59Z,91.0628,0.005545,0.005575,0.000030,in_band
2026-08-07T23:06:00Z,91.0628,0.005542,0.005572,0.000030,in_band
2026-08-07T23:06:59Z,91.0369,0.005363,0.005392,0.000029,in_band
2026-08-07T23:07:00Z,91.0369,0.005360,0.005389,0.000029,in_band
2026-08-07T23:07:59Z,91.0506,0.005188,0.005216,0.000028,in_band
2026-08-07T23:08:00Z,91.0506,0.005185,0.005213,0.000028,in_band
2026-08-07T23:08:59Z,91.0170,0.005018,0.005045,0.000027,in_band
2026-08-07T23:09:00Z,91.0170,0.005015,0.005042,0.000027,in_band
2026-08-07T23:09:59Z,90.9712,0.004853,0.004879,0.000026,in_band
2026-08-07T23:10:00Z,90.9712,0.004850,0.004876,0.000026,in_band
2026-08-07T23:10:59Z,90.9636,0.004694,0.004719,0.000025,in_band
2026-08-07T23:11:00Z,90.9636,0.004691,0.004717,0.000025,in_band
2026-08-07T23:11:59Z,90.9957,0.004540,0.004564,0.000024,in_band
2026-08-07T23:12:00Z,90.9957,0.004538,0.004562,0.000024,in_band
2026-08-07T23:12:59Z,90.9392,0.004391,0.004415,0.000024,in_band
2026-08-07T23:13:00Z,90.9392,0.004389,0.004412,0.000024,in_band
2026-08-07T23:13:59Z,90.9316,0.004247,0.004270,0.000023,in_band
2026-08-07T23:14:00Z,90.9316,0.004245,0.004268,0.000023,in_band
2026-08-07T23:14:59Z,90.9361,0.004108,0.004130,0.000022,in_band
2026-08-07T23:15:00Z,90.9361,0.004106,0.004128,0.000022,in_band
2026-08-07T23:15:59Z,90.9026,0.003973,0.003995,0.000021,in_band
2026-08-07T23:16:00Z,90.9026,0.003971,0.003993,0.000021,in_band
2026-08-07T23:16:59Z,90.9270,0.003843,0.003864,0.000021,in_band
2026-08-07T23:17:00Z,90.9270,0.003841,0.003862,0.000021,in_band
2026-08-07T23:17:59Z,90.8797,0.003717,0.003737,0.000020,in_band
2026-08-07T23:18:00Z,90.8797,0.003715,0.003735,0.000020,in_band
2026-08-07T23:18:59Z,90.8995,0.003595,0.003615,0.000019,in_band
2026-08-07T23:19:00Z,90.8995,0.003593,0.003613,0.000019,in_band
2026-08-07T23:19:59Z,90.8858,0.003477,0.003496,0.000019,in_band
2026-08-07T23:20:00Z,90.8858,0.003475,0.003494,0.000019,in_band
2026-08-07T23:20:59Z,90.8797,0.003363,0.003381,0.000018,in_band
2026-08-07T23:21:00Z,90.8797,0.003361,0.003380,0.000018,in_band
2026-08-07T23:21:59Z,90.8476,0.003253,0.003271,0.000018,in_band
2026-08-07T23:22:00Z,90.8476,0.003251,0.003269,0.000018,in_band
2026-08-07T23:22:59Z,90.8446,0.003146,0.003163,0.000017,in_band
2026-08-07T23:23:00Z,90.8446,0.003145,0.003162,0.000017,in_band
2026-08-07T23:23:59Z,90.8293,0.003043,0.003060,0.000016,in_band
2026-08-07T23:24:00Z,90.8293,0.003042,0.003058,0.000016,in_band
2026-08-07T23:24:59Z,90.8156,0.002944,0.002959,0.000016,in_band
2026-08-07T23:25:00Z,90.8156,0.002942,0.002958,0.000016,in_band
2026-08-07T23:25:59Z,90.8202,0.002847,0.002862,0.000015,in_band
2026-08-07T23:26:00Z,90.8202,0.002845,0.002861,0.000015,in_band
2026-08-07T23:26:59Z,90.8248,0.002754,0.002769,0.000015,in_band
2026-08-07T23:27:00Z,90.8248,0.002752,0.002767,0.000015,in_band
2026-08-07T23:27:59Z,90.7759,0.002663,0.002678,0.000014,in_band
2026-08-07T23:28:00Z,90.7759,0.002662,0.002676,0.000014,in_band
2026-08-07T23:28:59Z,90.7897,0.002576,0.002590,0.000014,in_band
2026-08-07T23:29:00Z,90.7897,0.002575,0.002589,0.000014,in_band
2026-08-07T23:29:59Z,90.8064,0.002492,0.002505,0.000013,in_band
2026-08-07T23:30:00Z,90.8064,0.002490,0.002504,0.000013,in_band
2026-08-07T23:30:59Z,90.7897,0.002410,0.002423,0.000013,in_band
2026-08-07T23:31:00Z,90.7897,0.002409,0.002422,0.000013,in_band
2026-08-07T23:31:59Z,90.8171,0.002331,0.002343,0.000013,in_band
2026-08-07T23:32:00Z,90.8171,0.002330,0.002342,0.000013,in_band
2026-08-07T23:32:59Z,90.8354,0.002255,0.002267,0.000012,in_band
2026-08-07T23:33:00Z,90.8354,0.002253,0.002265,0.000012,in_band
2026-08-07T23:33:59Z,90.8110,0.002181,0.002192,0.000012,in_band
2026-08-07T23:34:00Z,90.8110,0.002179,0.002191,0.000012,in_band
2026-08-07T23:34:59Z,90.8080,0.002109,0.002120,0.000011,in_band
2026-08-07T23:35:00Z,90.8080,0.002108,0.002119,0.000011,in_band
2026-08-07T23:35:59Z,90.8263,0.002040,0.002051,0.000011,in_band
2026-08-07T23:36:00Z,90.8263,0.002039,0.002050,0.000011,in_band
2026-08-07T23:36:59Z,90.8080,0.001973,0.001984,0.000011,in_band
2026-08-07T23:37:00Z,90.8080,0.001972,0.001983,0.000011,in_band
2026-08-07T23:37:59Z,90.8248,0.001908,0.001919,0.000010,in_band
2026-08-07T23:38:00Z,90.8248,0.001907,0.001918,0.000010,in_band
2026-08-07T23:38:59Z,90.8492,0.001846,0.001856,0.000010,in_band
2026-08-07T23:39:00Z,90.8492,0.001845,0.001855,0.000010,in_band
2026-08-07T23:39:59Z,90.8675,0.001785,0.001795,0.000010,in_band
2026-08-07T23:40:00Z,90.8675,0.001784,0.001794,0.000010,in_band
2026-08-07T23:40:59Z,90.8614,0.001727,0.001736,0.000009,in_band
2026-08-07T23:41:00Z,90.8614,0.001726,0.001735,0.000009,in_band
2026-08-07T23:41:59Z,90.8446,0.001670,0.001679,0.000009,in_band
2026-08-07T23:42:00Z,90.8446,0.001669,0.001678,0.000009,in_band
2026-08-07T23:42:59Z,90.8705,0.001615,0.001624,0.000009,in_band
2026-08-07T23:43:00Z,90.8705,0.001615,0.001623,0.000009,in_band
2026-08-07T23:43:59Z,90.8888,0.001562,0.001571,0.000008,in_band
2026-08-07T23:44:00Z,90.8888,0.001562,0.001570,0.000008,in_band
2026-08-07T23:44:59Z,90.9087,0.001511,0.001519,0.000008,in_band
2026-08-07T23:45:00Z,90.9087,0.001510,0.001519,0.000008,in_band
2026-08-07T23:45:59Z,90.9041,0.001462,0.001470,0.000008,in_band
2026-08-07T23:46:00Z,90.9041,0.001461,0.001469,0.000008,in_band
2026-08-07T23:46:59Z,90.9316,0.001414,0.001421,0.000008,in_band
2026-08-07T23:47:00Z,90.9316,0.001413,0.001421,0.000008,in_band
2026-08-07T23:47:59Z,90.9300,0.001367,0.001375,0.000007,in_band
2026-08-07T23:48:00Z,90.9300,0.001367,0.001374,0.000007,in_band
2026-08-07T23:48:59Z,90.9209,0.001323,0.001330,0.000007,in_band
2026-08-07T23:49:00Z,90.9209,0.001322,0.001329,0.000007,in_band
2026-08-07T23:49:59Z,90.9682,0.001279,0.001286,0.000007,in_band
2026-08-07T23:50:00Z,90.9682,0.001279,0.001285,0.000007,in_band
2026-08-07T23:50:59Z,90.9957,0.001237,0.001244,0.000007,in_band
2026-08-07T23:51:00Z,90.9957,0.001237,0.001243,0.000007,in_band
2026-08-07T23:51:59Z,90.9819,0.001197,0.001203,0.000006,in_band
2026-08-07T23:52:00Z,90.9819,0.001196,0.001203,0.000006,in_band
2026-08-07T23:52:59Z,91.0277,0.001158,0.001164,0.000006,in_band
2026-08-07T23:53:00Z,91.0277,0.001157,0.001163,0.000006,in_band
2026-08-07T23:53:59Z,91.0735,0.001120,0.001126,0.000006,in_band
2026-08-07T23:54:00Z,91.0735,0.001119,0.001125,0.000006,in_band
2026-08-07T23:54:59Z,91.0582,0.001083,0.001089,0.000006,in_band
2026-08-07T23:55:00Z,91.0582,0.001082,0.001088,0.000006,in_band
2026-08-07T23:55:59Z,91.0765,0.001047,0.001053,0.000006,in_band
2026-08-07T23:56:00Z,91.0765,0.001047,0.001052,0.000006,in_band
2026-08-07T23:56:59Z,91.0857,0.001013,0.001018,0.000005,in_band
2026-08-07T23:57:00Z,91.0857,0.001012,0.001018,0.000005,in_band
2026-08-07T23:57:59Z,91.0491,0.000980,0.000985,0.000005,in_band
2026-08-07T23:58:00Z,91.0491,0.000979,0.000985,0.000005,in_band
2026-08-07T23:58:59Z,91.0689,0.000948,0.000953,0.000005,in_band
2026-08-07T23:59:00Z,91.0689,0.000947,0.000952,0.000005,in_band
2026-08-07T23:59:59Z,91.0491,0.000917,0.000922,0.000005,in_band
2026-08-08T00:00:00Z,91.0491,0.000916,0.000921,0.000005,in_band
2026-08-08T00:00:59Z,91.0231,0.000887,0.000891,0.000005,in_band
2026-08-08T00:01:00Z,91.0231,0.000886,0.000891,0.000005,in_band
2026-08-08T00:01:59Z,91.0185,0.000858,0.000862,0.000005,in_band
2026-08-08T00:02:00Z,91.0185,0.000857,0.000862,0.000005,in_band
2026-08-08T00:02:59Z,91.0231,0.000829,0.000834,0.000004,in_band
2026-08-08T00:03:00Z,91.0231,0.000829,0.000833,0.000004,in_band
2026-08-08T00:03:59Z,91.0079,0.000802,0.000807,0.000004,in_band
2026-08-08T00:04:00Z,91.0079,0.000802,0.000806,0.000004,in_band
2026-08-08T00:04:59Z,90.9865,0.000776,0.000780,0.000004,in_band
2026-08-08T00:05:00Z,90.9865,0.000775,0.000780,0.000004,in_band
2026-08-08T00:05:59Z,90.9224,0.000750,0.000755,0.000004,in_band
2026-08-08T00:06:00Z,90.9224,0.000750,0.000754,0.000004,in_band
2026-08-08T00:06:59Z,90.9438,0.000726,0.000730,0.000004,in_band
2026-08-08T00:07:00Z,90.9438,0.000725,0.000729,0.000004,in_band
2026-08-08T00:07:59Z,90.9255,0.000702,0.000706,0.000004,in_band
2026-08-08T00:08:00Z,90.9255,0.000702,0.000705,0.000004,in_band
2026-08-08T00:08:59Z,90.9300,0.000679,0.000683,0.000004,in_band
2026-08-08T00:09:00Z,90.9300,0.000679,0.000682,0.000004,in_band
2026-08-08T00:09:59Z,90.8995,0.000657,0.000660,0.000004,in_band
2026-08-08T00:10:00Z,90.8995,0.000656,0.000660,0.000004,in_band
2026-08-08T00:10:59Z,90.9041,0.000635,0.000639,0.000003,in_band
2026-08-08T00:11:00Z,90.9041,0.000635,0.000638,0.000003,in_band
2026-08-08T00:11:59Z,90.8858,0.000614,0.000618,0.000003,in_band
2026-08-08T00:12:00Z,90.8858,0.000614,0.000617,0.000003,in_band
2026-08-08T00:12:59Z,90.9255,0.000594,0.000597,0.000003,in_band
2026-08-08T00:13:00Z,90.9255,0.000594,0.000597,0.000003,in_band
2026-08-08T00:13:59Z,90.9361,0.000575,0.000578,0.000003,in_band
2026-08-08T00:14:00Z,90.9361,0.000574,0.000578,0.000003,in_band
2026-08-08T00:14:59Z,90.9087,0.000556,0.000559,0.000003,in_band
2026-08-08T00:15:00Z,90.9087,0.000556,0.000559,0.000003,in_band
2026-08-08T00:15:59Z,90.8812,0.000538,0.000541,0.000003,in_band
2026-08-08T00:16:00Z,90.8812,0.000537,0.000540,0.000003,in_band
2026-08-08T00:16:59Z,90.9133,0.000520,0.000523,0.000003,in_band
2026-08-08T00:17:00Z,90.9133,0.000520,0.000523,0.000003,in_band
2026-08-08T00:17:59Z,90.9133,0.000503,0.000506,0.000003,in_band
2026-08-08T00:18:00Z,90.9133,0.000503,0.000505,0.000003,in_band
2026-08-08T00:18:59Z,90.9117,0.000487,0.000489,0.000003,in_band
2026-08-08T00:19:00Z,90.9117,0.000486,0.000489,0.000003,in_band
2026-08-08T00:19:59Z,90.9178,0.000471,0.000473,0.000003,in_band
2026-08-08T00:20:00Z,90.9178,0.000470,0.000473,0.000003,in_band
2026-08-08T00:20:59Z,90.9178,0.000455,0.000458,0.000002,in_band
2026-08-08T00:21:00Z,90.9178,0.000455,0.000457,0.000002,in_band
2026-08-08T00:21:59Z,90.9300,0.000440,0.000443,0.000002,in_band
2026-08-08T00:22:00Z,90.9300,0.000440,0.000442,0.000002,in_band
2026-08-08T00:22:59Z,90.9255,0.000426,0.000428,0.000002,in_band
2026-08-08T00:23:00Z,90.9255,0.000426,0.000428,0.000002,in_band
2026-08-08T00:23:59Z,90.9392,0.000412,0.000414,0.000002,in_band
2026-08-08T00:24:00Z,90.9392,0.000412,0.000414,0.000002,in_band
2026-08-08T00:24:59Z,90.9316,0.000398,0.000401,0.000002,in_band
2026-08-08T00:25:00Z,90.9316,0.000398,0.000400,0.000002,in_band
2026-08-08T00:25:59Z,90.9499,0.000385,0.000387,0.000002,in_band
2026-08-08T00:26:00Z,90.9499,0.000385,0.000387,0.000002,in_band
2026-08-08T00:26:59Z,90.9361,0.000373,0.000375,0.000002,in_band
2026-08-08T00:27:00Z,90.9361,0.000372,0.000374,0.000002,in_band
2026-08-08T00:27:59Z,90.9636,0.000360,0.000362,0.000002,in_band
2026-08-08T00:28:00Z,90.9636,0.000360,0.000362,0.000002,in_band
2026-08-08T00:28:59Z,90.9712,0.000349,0.000351,0.000002,in_band
2026-08-08T00:29:00Z,90.9712,0.000348,0.000350,0.000002,in_band
2026-08-08T00:29:59Z,90.9621,0.000337,0.000339,0.000002,in_band
2026-08-08T00:30:00Z,90.9621,0.000337,0.000339,0.000002,in_band
2026-08-08T00:30:59Z,90.9575,0.000326,0.000328,0.000002,in_band
2026-08-08T00:31:00Z,90.9575,0.000326,0.000328,0.000002,in_band
2026-08-08T00:31:59Z,90.9255,0.000315,0.000317,0.000002,in_band
2026-08-08T00:32:00Z,90.9255,0.000315,0.000317,0.000002,in_band
2026-08-08T00:32:59Z,90.9361,0.000305,0.000307,0.000002,in_band
2026-08-08T00:33:00Z,90.9361,0.000305,0.000307,0.000002,in_band
2026-08-08T00:33:59Z,90.9575,0.000295,0.000297,0.000002,in_band
2026-08-08T00:34:00Z,90.9575,0.000295,0.000297,0.000002,in_band
2026-08-08T00:34:59Z,90.9499,0.000285,0.000287,0.000002,in_band
2026-08-08T00:35:00Z,90.9499,0.000285,0.000287,0.000002,in_band
2026-08-08T00:35:59Z,90.9621,0.000276,0.000278,0.000001,in_band
2026-08-08T00:36:00Z,90.9621,0.000276,0.000277,0.000001,in_band
2026-08-08T00:36:59Z,90.9163,0.000267,0.000268,0.000001,in_band
2026-08-08T00:37:00Z,90.9163,0.000267,0.000268,0.000001,in_band
2026-08-08T00:37:59Z,90.9361,0.000258,0.000260,0.000001,in_band
2026-08-08T00:38:00Z,90.9361,0.000258,0.000260,0.000001,in_band
2026-08-08T00:38:59Z,90.9636,0.000250,0.000251,0.000001,in_band
2026-08-08T00:39:00Z,90.9636,0.000250,0.000251,0.000001,in_band
2026-08-08T00:39:59Z,90.9178,0.000242,0.000243,0.000001,in_band
2026-08-08T00:40:00Z,90.9178,0.000241,0.000243,0.000001,in_band
2026-08-08T00:40:59Z,90.9453,0.000234,0.000235,0.000001,in_band
2026-08-08T00:41:00Z,90.9453,0.000234,0.000235,0.000001,in_band
2026-08-08T00:41:59Z,90.9575,0.000226,0.000227,0.000001,in_band
2026-08-08T00:42:00Z,90.9575,0.000226,0.000227,0.000001,in_band
2026-08-08T00:42:59Z,90.9178,0.000219,0.000220,0.000001,in_band
2026-08-08T00:43:00Z,90.9178,0.000219,0.000220,0.000001,in_band
2026-08-08T00:43:59Z,90.9392,0.000211,0.000213,0.000001,in_band
2026-08-08T00:44:00Z,90.9392,0.000211,0.000212,0.000001,in_band
2026-08-08T00:44:59Z,90.9255,0.000205,0.000206,0.000001,in_band
2026-08-08T00:45:00Z,90.9255,0.000204,0.000206,0.000001,in_band
2026-08-08T00:45:59Z,90.9575,0.000198,0.000199,0.000001,in_band
2026-08-08T00:46:00Z,90.9575,0.000198,0.000199,0.000001,in_band
2026-08-08T00:46:59Z,90.9163,0.000191,0.000192,0.000001,in_band
2026-08-08T00:47:00Z,90.9163,0.000191,0.000192,0.000001,in_band
2026-08-08T00:47:59Z,90.9255,0.000185,0.000186,0.000001,in_band
2026-08-08T00:48:00Z,90.9255,0.000185,0.000186,0.000001,in_band
2026-08-08T00:48:59Z,90.9438,0.000179,0.000180,0.000001,in_band
2026-08-08T00:49:00Z,90.9438,0.000179,0.000180,0.000001,in_band
2026-08-08T00:49:59Z,90.9041,0.000173,0.000174,0.000001,in_band
2026-08-08T00:50:00Z,90.9041,0.000173,0.000174,0.000001,in_band
2026-08-08T00:50:59Z,90.9041,0.000167,0.000168,0.000001,in_band
2026-08-08T00:51:00Z,90.9041,0.000167,0.000168,0.000001,in_band
2026-08-08T00:51:59Z,90.9407,0.000162,0.000163,0.000001,in_band
2026-08-08T00:52:00Z,90.9407,0.000162,0.000163,0.000001,in_band
2026-08-08T00:52:59Z,90.9300,0.000157,0.000157,0.000001,in_band
2026-08-08T00:53:00Z,90.9300,0.000157,0.000157,0.000001,in_band
2026-08-08T00:53:59Z,90.9636,0.000152,0.000152,0.000001,in_band
2026-08-08T00:54:00Z,90.9636,0.000151,0.000152,0.000001,in_band
2026-08-08T00:54:59Z,90.9636,0.000147,0.000147,0.000001,in_band
2026-08-08T00:55:00Z,90.9636,0.000146,0.000147,0.000001,in_band
2026-08-08T00:55:59Z,90.9590,0.000142,0.000143,0.000001,in_band
2026-08-08T00:56:00Z,90.9590,0.000142,0.000142,0.000001,in_band
2026-08-08T00:56:59Z,90.9728,0.000137,0.000138,0.000001,in_band
2026-08-08T00:57:00Z,90.9728,0.000137,0.000138,0.000001,in_band
2026-08-08T00:57:59Z,90.9895,0.000133,0.000133,0.000001,in_band
2026-08-08T00:58:00Z,90.9895,0.000133,0.000133,0.000001,in_band
2026-08-08T00:58:59Z,90.9987,0.000128,0.000129,0.000001,in_band
2026-08-08T00:59:00Z,90.9987,0.000128,0.000129,0.000001,in_band
2026-08-08T00:59:59Z,90.9712,0.000124,0.000125,0.000001,in_band
2026-08-08T01:00:00Z,90.9712,0.000124,0.000125,0.000001,in_band
2026-08-08T01:00:59Z,90.9361,0.000120,0.000121,0.000001,in_band
2026-08-08T01:01:00Z,90.9361,0.000120,0.000121,0.000001,in_band
2026-08-08T01:01:59Z,90.9224,0.000116,0.000117,0.000001,in_band
2026-08-08T01:02:00Z,90.9224,0.000116,0.000117,0.000001,in_band
2026-08-08T01:02:59Z,90.9529,0.000112,0.000113,0.000001,in_band
2026-08-08T01:03:00Z,90.9529,0.000112,0.000113,0.000001,in_band
2026-08-08T01:03:59Z,90.9163,0.000109,0.000109,0.000001,in_band
2026-08-08T01:04:00Z,90.9163,0.000109,0.000109,0.000001,in_band
2026-08-08T01:04:59Z,90.9270,0.000105,0.000106,0.000001,in_band
2026-08-08T01:05:00Z,90.9270,0.000105,0.000106,0.000001,in_band
2026-08-08T01:05:59Z,90.8858,0.000102,0.000102,0.000001,in_band
2026-08-08T01:06:00Z,90.8858,0.000102,0.000102,0.000001,in_band
2026-08-08T01:06:59Z,90.8980,0.000098,0.000099,0.000001,in_band
2026-08-08T01:07:00Z,90.8980,0.000098,0.000099,0.000001,in_band
2026-08-08T01:07:59Z,90.8797,0.000095,0.000096,0.000001,in_band
2026-08-08T01:08:00Z,90.8797,0.000095,0.000095,0.000001,in_band
2026-08-08T01:08:59Z,90.8614,0.000092,0.000092,0.000000,in_band
2026-08-08T01:09:00Z,90.8614,0.000092,0.000092,0.000000,in_band
2026-08-08T01:09:59Z,90.8797,0.000089,0.000089,0.000000,in_band
2026-08-08T01:10:00Z,90.8797,0.000089,0.000089,0.000000,in_band
2026-08-08T01:10:59Z,90.8537,0.000086,0.000086,0.000000,in_band
2026-08-08T01:11:00Z,90.8537,0.000086,0.000086,0.000000,in_band
2026-08-08T01:11:59Z,90.8263,0.000083,0.000084,0.000000,in_band
2026-08-08T01:12:00Z,90.8263,0.000083,0.000084,0.000000,in_band
2026-08-08T01:12:59Z,90.8400,0.000080,0.000081,0.000000,in_band
2026-08-08T01:13:00Z,90.8400,0.000080,0.000081,0.000000,in_band
2026-08-08T01:13:59Z,90.8400,0.000078,0.000078,0.000000,in_band
2026-08-08T01:14:00Z,90.8400,0.000078,0.000078,0.000000,in_band
2026-08-08T01:14:59Z,90.7607,0.000075,0.000076,0.000000,in_band
2026-08-08T01:15:00Z,90.7607,0.000075,0.000076,0.000000,in_band
2026-08-08T01:15:59Z,90.8125,0.000073,0.000073,0.000000,in_band
2026-08-08T01:16:00Z,90.8125,0.000073,0.000073,0.000000,in_band
2026-08-08T01:16:59Z,90.8034,0.000070,0.000071,0.000000,in_band
2026-08-08T01:17:00Z,90.8034,0.000070,0.000071,0.000000,in_band
2026-08-08T01:17:59Z,90.8064,0.000068,0.000068,0.000000,in_band
2026-08-08T01:18:00Z,90.8064,0.000068,0.000068,0.000000,in_band
2026-08-08T01:18:59Z,90.7424,0.000066,0.000066,0.000000,in_band
2026-08-08T01:19:00Z,90.7424,0.000066,0.000066,0.000000,in_band
2026-08-08T01:19:59Z,90.7790,0.000064,0.000064,0.000000,in_band
2026-08-08T01:20:00Z,90.7790,0.000064,0.000064,0.000000,in_band
2026-08-08T01:20:59Z,90.7347,0.000062,0.000062,0.000000,in_band
2026-08-08T01:21:00Z,90.7347,0.000062,0.000062,0.000000,in_band
2026-08-08T01:21:59Z,90.7332,0.000060,0.000060,0.000000,in_band
2026-08-08T01:22:00Z,90.7332,0.000060,0.000060,0.000000,in_band
2026-08-08T01:22:59Z,90.7286,0.000058,0.000058,0.000000,in_band
2026-08-08T01:23:00Z,90.7286,0.000058,0.000058,0.000000,in_band
2026-08-08T01:23:59Z,90.7424,0.000056,0.000056,0.000000,in_band
2026-08-08T01:24:00Z,90.7424,0.000056,0.000056,0.000000,in_band
2026-08-08T01:24:59Z,90.7439,0.000054,0.000054,0.000000,in_band
2026-08-08T01:25:00Z,90.7439,0.000054,0.000054,0.000000,in_band
2026-08-08T01:25:59Z,90.7347,0.000052,0.000052,0.000000,in_band
2026-08-08T01:26:00Z,90.7347,0.000052,0.000052,0.000000,in_band
2026-08-08T01:26:59Z,90.7469,0.000050,0.000051,0.000000,in_band
2026-08-08T01:27:00Z,90.7469,0.000050,0.000051,0.000000,in_band
2026-08-08T01:27:59Z,90.7210,0.000049,0.000049,0.000000,in_band
2026-08-08T01:28:00Z,90.7210,0.000049,0.000049,0.000000,in_band
2026-08-08T01:28:59Z,90.7576,0.000047,0.000047,0.000000,in_band
2026-08-08T01:29:00Z,90.7576,0.000047,0.000047,0.000000,in_band
2026-08-08T01:29:59Z,90.7561,0.000046,0.000046,0.000000,in_band
2026-08-08T01:30:00Z,90.7561,0.000046,0.000046,0.000000,in_band
2026-08-08T01:30:59Z,90.7469,0.000044,0.000044,0.000000,in_band
2026-08-08T01:31:00Z,90.7469,0.000044,0.000044,0.000000,in_band
2026-08-08T01:31:59Z,90.7622,0.000043,0.000043,0.000000,in_band
2026-08-08T01:32:00Z,90.7622,0.000043,0.000043,0.000000,in_band
2026-08-08T01:32:59Z,90.7256,0.000041,0.000042,0.000000,in_band
2026-08-08T01:33:00Z,90.7256,0.000041,0.000041,0.000000,in_band
2026-08-08T01:33:59Z,90.7561,0.000040,0.000040,0.000000,in_band
2026-08-08T01:34:00Z,90.7561,0.000040,0.000040,0.000000,in_band
2026-08-08T01:34:59Z,90.7469,0.000039,0.000039,0.000000,in_band
2026-08-08T01:35:00Z,90.7469,0.000039,0.000039,0.000000,in_band
2026-08-08T01:35:59Z,90.7622,0.000037,0.000038,0.000000,in_band
2026-08-08T01:36:00Z,90.7622,0.000037,0.000038,0.000000,in_band
2026-08-08T01:36:59Z,90.7530,0.000036,0.000036,0.000000,in_band
2026-08-08T01:37:00Z,90.7530,0.000036,0.000036,0.000000,in_band
2026-08-08T01:37:59Z,90.7805,0.000035,0.000035,0.000000,in_band
2026-08-08T01:38:00Z,90.7805,0.000035,0.000035,0.000000,in_band
2026-08-08T01:38:59Z,90.7485,0.000034,0.000034,0.000000,in_band
2026-08-08T01:39:00Z,90.7485,0.000034,0.000034,0.000000,in_band
2026-08-08T01:39:59Z,90.7942,0.000033,0.000033,0.000000,in_band
2026-08-08T01:40:00Z,90.7942,0.000033,0.000033,0.000000,in_band
2026-08-08T01:40:59Z,90.7530,0.000032,0.000032,0.000000,in_band
2026-08-08T01:41:00Z,90.7530,0.000032,0.000032,0.000000,in_band
2026-08-08T01:41:59Z,90.7927,0.000031,0.000031,0.000000,in_band
2026-08-08T01:42:00Z,90.7927,0.000031,0.000031,0.000000,in_band
2026-08-08T01:42:59Z,90.7927,0.000030,0.000030,0.000000,in_band
2026-08-08T01:43:00Z,90.7927,0.000030,0.000030,0.000000,in_band
2026-08-08T01:43:59Z,90.8034,0.000029,0.000029,0.000000,in_band
2026-08-08T01:44:00Z,90.8034,0.000029,0.000029,0.000000,in_band
2026-08-08T01:44:59Z,90.8400,0.000028,0.000028,0.000000,in_band
2026-08-08T01:45:00Z,90.8400,0.000028,0.000028,0.000000,in_band
2026-08-08T01:45:59Z,90.7851,0.000027,0.000027,0.000000,in_band
2026-08-08T01:46:00Z,90.7851,0.000027,0.000027,0.000000,in_band
2026-08-08T01:46:59Z,90.8064,0.000026,0.000026,0.000000,in_band
2026-08-08T01:47:00Z,90.8064,0.000026,0.000026,0.000000,in_band
2026-08-08T01:47:59Z,90.7851,0.000025,0.000025,0.000000,in_band
2026-08-08T01:48:00Z,90.7851,0.000025,0.000025,0.000000,in_band
2026-08-08T01:48:59Z,90.7851,0.000024,0.000024,0.000000,in_band
2026-08-08T01:49:00Z,90.7851,0.000024,0.000024,0.000000,in_band
2026-08-08T01:49:59Z,90.8400,0.000023,0.000024,0.000000,in_band
2026-08-08T01:50:00Z,90.8400,0.000023,0.000024,0.000000,in_band
2026-08-08T01:50:59Z,90.8125,0.000023,0.000023,0.000000,in_band
2026-08-08T01:51:00Z,90.8125,0.000023,0.000023,0.000000,in_band
2026-08-08T01:51:59Z,90.8354,0.000022,0.000022,0.000000,in_band
2026-08-08T01:52:00Z,90.8354,0.000022,0.000022,0.000000,in_band
2026-08-08T01:52:59Z,90.8354,0.000021,0.000021,0.000000,in_band
2026-08-08T01:53:00Z,90.8354,0.000021,0.000021,0.000000,in_band
2026-08-08T01:53:59Z,90.8705,0.000021,0.000021,0.000000,in_band
2026-08-08T01:54:00Z,90.8705,0.000020,0.000021,0.000000,in_band
2026-08-08T01:54:59Z,90.8400,0.000020,0.000020,0.000000,in_band
2026-08-08T01:55:00Z,90.8400,0.000020,0.000020,0.000000,in_band
2026-08-08T01:55:59Z,90.8721,0.000019,0.000019,0.000000,in_band
2026-08-08T01:56:00Z,90.8721,0.000019,0.000019,0.000000,in_band
2026-08-08T01:56:59Z,90.8858,0.000019,0.000019,0.000000,in_band
2026-08-08T01:57:00Z,90.8858,0.000019,0.000019,0.000000,in_band
2026-08-08T01:57:59Z,90.8934,0.000018,0.000018,0.000000,in_band
2026-08-08T01:58:00Z,90.8934,0.000018,0.000018,0.000000,in_band
2026-08-08T01:58:59Z,90.9453,0.000017,0.000017,0.000000,in_band
2026-08-08T01:59:00Z,90.9453,0.000017,0.000017,0.000000,in_band
2026-08-08T01:59:59Z,90.8721,0.000017,0.000017,0.000000,in_band
2026-08-08T02:00:00Z,90.8721,0.000017,0.000017,0.000000,in_band
2026-08-08T02:00:59Z,90.8995,0.000016,0.000016,0.000000,in_band
2026-08-08T02:01:00Z,90.8995,0.000016,0.000016,0.000000,in_band
2026-08-08T02:01:59Z,90.8263,0.000016,0.000016,0.000000,in_band
2026-08-08T02:02:00Z,90.8263,0.000016,0.000016,0.000000,in_band
2026-08-08T02:02:59Z,90.8476,0.000015,0.000015,0.000000,in_band
2026-08-08T02:03:00Z,90.8476,0.000015,0.000015,0.000000,in_band
2026-08-08T02:03:59Z,90.8431,0.000015,0.000015,0.000000,in_band
2026-08-08T02:04:00Z,90.8431,0.000015,0.000015,0.000000,in_band
2026-08-08T02:04:59Z,90.8110,0.000014,0.000014,0.000000,in_band
2026-08-08T02:05:00Z,90.8110,0.000014,0.000014,0.000000,in_band
2026-08-08T02:05:59Z,90.8125,0.000014,0.000014,0.000000,in_band
2026-08-08T02:06:00Z,90.8125,0.000014,0.000014,0.000000,in_band
2026-08-08T02:06:59Z,90.7805,0.000013,0.000013,0.000000,in_band
2026-08-08T02:07:00Z,90.7805,0.000013,0.000013,0.000000,in_band
2026-08-08T02:07:59Z,90.7668,0.000013,0.000013,0.000000,in_band
2026-08-08T02:08:00Z,90.7668,0.000013,0.000013,0.000000,in_band
2026-08-08T02:08:59Z,90.7744,0.000012,0.000013,0.000000,in_band
2026-08-08T02:09:00Z,90.7744,0.000012,0.000012,0.000000,in_band
2026-08-08T02:09:59Z,90.7286,0.000012,0.000012,0.000000,in_band
2026-08-08T02:10:00Z,90.7286,0.000012,0.000012,0.000000,in_band
2026-08-08T02:10:59Z,90.7332,0.000012,0.000012,0.000000,in_band
2026-08-08T02:11:00Z,90.7332,0.000012,0.000012,0.000000,in_band
2026-08-08T02:11:59Z,90.6935,0.000011,0.000011,0.000000,in_band
2026-08-08T02:12:00Z,90.6935,0.000011,0.000011,0.000000,in_band
2026-08-08T02:12:59Z,90.7256,0.000011,0.000011,0.000000,in_band
2026-08-08T02:13:00Z,90.7256,0.000011,0.000011,0.000000,in_band
2026-08-08T02:13:59Z,90.6874,0.000011,0.000011,0.000000,in_band
2026-08-08T02:14:00Z,90.6874,0.000011,0.000011,0.000000,in_band
2026-08-08T02:14:59Z,90.6645,0.000010,0.000010,0.000000,in_band
2026-08-08T02:15:00Z,90.6645,0.000010,0.000010,0.000000,in_band
2026-08-08T02:15:59Z,90.6828,0.000010,0.000010,0.000000,in_band
2026-08-08T02:16:00Z,90.6828,0.000010,0.000010,0.000000,in_band
2026-08-08T02:16:59Z,90.6752,0.000010,0.000010,0.000000,in_band
2026-08-08T02:17:00Z,90.6752,0.000010,0.000010,0.000000,in_band
2026-08-08T02:17:59Z,90.6966,0.000009,0.000009,0.000000,in_band
2026-08-08T02:18:00Z,90.6966,0.000009,0.000009,0.000000,in_band
2026-08-08T02:18:59Z,90.6798,0.000009,0.000009,0.000000,in_band
2026-08-08T02:19:00Z,90.6798,0.000009,0.000009,0.000000,in_band
2026-08-08T02:19:59Z,90.6737,0.000009,0.000009,0.000000,in_band
2026-08-08T02:20:00Z,90.6737,0.000009,0.000009,0.000000,in_band
2026-08-08T02:20:59Z,90.6462,0.000008,0.000008,0.000000,in_band
2026-08-08T02:21:00Z,90.6462,0.000008,0.000008,0.000000,in_band
2026-08-08T02:21:59Z,90.6416,0.000008,0.000008,0.000000,in_band
2026-08-08T02:22:00Z,90.6416,0.000008,0.000008,0.000000,in_band
2026-08-08T02:22:59Z,90.6554,0.000008,0.000008,0.000000,in_band
2026-08-08T02:23:00Z,90.6554,0.000008,0.000008,0.000000,in_band
2026-08-08T02:23:59Z,90.6600,0.000008,0.000008,0.000000,in_band
2026-08-08T02:24:00Z,90.6600,0.000008,0.000008,0.000000,in_band
2026-08-08T02:24:59Z,90.6508,0.000007,0.000007,0.000000,in_band
2026-08-08T02:25:00Z,90.6508,0.000007,0.000007,0.000000,in_band
2026-08-08T02:25:59Z,90.6600,0.000007,0.000007,0.000000,in_band
2026-08-08T02:26:00Z,90.6600,0.000007,0.000007,0.000000,in_band
2026-08-08T02:26:59Z,90.6554,0.000007,0.000007,0.000000,in_band
2026-08-08T02:27:00Z,90.6554,0.000007,0.000007,0.000000,in_band
2026-08-08T02:27:59Z,90.6691,0.000007,0.000007,0.000000,in_band
2026-08-08T02:28:00Z,90.6691,0.000007,0.000007,0.000000,in_band
2026-08-08T02:28:59Z,90.6661,0.000006,0.000006,0.000000,in_band
2026-08-08T02:29:00Z,90.6661,0.000006,0.000006,0.000000,in_band
2026-08-08T02:29:59Z,90.6645,0.000006,0.000006,0.000000,in_band
2026-08-08T02:30:00Z,90.6645,0.000006,0.000006,0.000000,in_band
2026-08-08T02:30:59Z,90.6416,0.000006,0.000006,0.000000,in_band
2026-08-08T02:31:00Z,90.6416,0.000006,0.000006,0.000000,in_band
2026-08-08T02:31:59Z,90.6935,0.000006,0.000006,0.000000,in_band
2026-08-08T02:32:00Z,90.6935,0.000006,0.000006,0.000000,in_band
2026-08-08T02:32:59Z,90.6661,0.000006,0.000006,0.000000,in_band
2026-08-08T02:33:00Z,90.6661,0.000006,0.000006,0.000000,in_band
2026-08-08T02:33:59Z,90.6600,0.000005,0.000005,0.000000,in_band
2026-08-08T02:34:00Z,90.6600,0.000005,0.000005,0.000000,in_band
2026-08-08T02:34:59Z,90.6432,0.000005,0.000005,0.000000,in_band
2026-08-08T02:35:00Z,90.6432,0.000005,0.000005,0.000000,in_band
2026-08-08T02:35:59Z,90.6737,0.000005,0.000005,0.000000,in_band
2026-08-08T02:36:00Z,90.6737,0.000005,0.000005,0.000000,in_band
2026-08-08T02:36:59Z,90.6798,0.000005,0.000005,0.000000,in_band
2026-08-08T02:37:00Z,90.6798,0.000005,0.000005,0.000000,in_band
2026-08-08T02:37:59Z,90.6691,0.000005,0.000005,0.000000,in_band
2026-08-08T02:38:00Z,90.6691,0.000005,0.000005,0.000000,in_band
2026-08-08T02:38:59Z,90.6828,0.000005,0.000005,0.000000,in_band
2026-08-08T02:39:00Z,90.6828,0.000005,0.000005,0.000000,in_band
2026-08-08T02:39:59Z,90.6920,0.000004,0.000004,0.000000,in_band
2026-08-08T02:40:00Z,90.6920,0.000004,0.000004,0.000000,in_band
2026-08-08T02:40:59Z,90.6844,0.000004,0.000004,0.000000,in_band
2026-08-08T02:41:00Z,90.6844,0.000004,0.000004,0.000000,in_band
2026-08-08T02:41:59Z,90.6981,0.000004,0.000004,0.000000,in_band
2026-08-08T02:42:00Z,90.6981,0.000004,0.000004,0.000000,in_band
2026-08-08T02:42:59Z,90.6752,0.000004,0.000004,0.000000,in_band
2026-08-08T02:43:00Z,90.6752,0.000004,0.000004,0.000000,in_band
2026-08-08T02:43:59Z,90.7073,0.000004,0.000004,0.000000,in_band
2026-08-08T02:44:00Z,90.7073,0.000004,0.000004,0.000000,in_band
2026-08-08T02:44:59Z,90.6615,0.000004,0.000004,0.000000,in_band
2026-08-08T02:45:00Z,90.6615,0.000004,0.000004,0.000000,in_band
2026-08-08T02:45:59Z,90.6874,0.000004,0.000004,0.000000,in_band
2026-08-08T02:46:00Z,90.6874,0.000004,0.000004,0.000000,in_band
2026-08-08T02:46:59Z,90.6874,0.000004,0.000004,0.000000,in_band
2026-08-08T02:47:00Z,90.6874,0.000004,0.000004,0.000000,in_band
2026-08-08T02:47:59Z,90.6828,0.000003,0.000003,0.000000,in_band
2026-08-08T02:48:00Z,90.6828,0.000003,0.000003,0.000000,in_band
2026-08-08T02:48:59Z,90.7103,0.000003,0.000003,0.000000,in_band
2026-08-08T02:49:00Z,90.7103,0.000003,0.000003,0.000000,in_band
2026-08-08T02:49:59Z,90.6798,0.000003,0.000003,0.000000,in_band
2026-08-08T02:50:00Z,90.6798,0.000003,0.000003,0.000000,in_band
2026-08-08T02:50:59Z,90.6737,0.000003,0.000003,0.000000,in_band
2026-08-08T02:51:00Z,90.6737,0.000003,0.000003,0.000000,in_band
2026-08-08T02:51:59Z,90.6798,0.000003,0.000003,0.000000,in_band
2026-08-08T02:52:00Z,90.6798,0.000003,0.000003,0.000000,in_band
2026-08-08T02:52:59Z,90.6935,0.000003,0.000003,0.000000,in_band
2026-08-08T02:53:00Z,90.6935,0.000003,0.000003,0.000000,in_band
2026-08-08T02:53:59Z,90.7073,0.000003,0.000003,0.000000,in_band
2026-08-08T02:54:00Z,90.7073,0.000003,0.000003,0.000000,in_band
2026-08-08T02:54:59Z,90.7210,0.000003,0.000003,0.000000,in_band
2026-08-08T02:55:00Z,90.7210,0.000003,0.000003,0.000000,in_band
2026-08-08T02:55:59Z,90.7347,0.000003,0.000003,0.000000,in_band
2026-08-08T02:56:00Z,90.7347,0.000003,0.000003,0.000000,in_band
2026-08-08T02:56:59Z,90.7332,0.000003,0.000003,0.000000,in_band
2026-08-08T02:57:00Z,90.7332,0.000003,0.000003,0.000000,in_band
2026-08-08T02:57:59Z,90.7332,0.000002,0.000002,0.000000,in_band
2026-08-08T02:58:00Z,90.7332,0.000002,0.000002,0.000000,in_band
2026-08-08T02:58:59Z,90.7073,0.000002,0.000002,0.000000,in_band
2026-08-08T02:59:00Z,90.7073,0.000002,0.000002,0.000000,in_band
2026-08-08T02:59:59Z,90.6935,0.000002,0.000002,0.000000,in_band
2026-08-08T03:00:00Z,90.6935,0.000002,0.000002,0.000000,in_band
2026-08-08T03:00:59Z,90.6935,0.000002,0.000002,0.000000,in_band
2026-08-08T03:01:00Z,90.6935,0.000002,0.000002,0.000000,in_band
2026-08-08T03:01:59Z,90.7027,0.000002,0.000002,0.000000,in_band
2026-08-08T03:02:00Z,90.7027,0.000002,0.000002,0.000000,in_band
2026-08-08T03:02:59Z,90.7012,0.000002,0.000002,0.000000,in_band
2026-08-08T03:03:00Z,90.7012,0.000002,0.000002,0.000000,in_band
2026-08-08T03:03:59Z,90.6737,0.000002,0.000002,0.000000,in_band
2026-08-08T03:04:00Z,90.6737,0.000002,0.000002,0.000000,in_band
2026-08-08T03:04:59Z,90.6569,0.000002,0.000002,0.000000,in_band
2026-08-08T03:05:00Z,90.6569,0.000002,0.000002,0.000000,in_band
2026-08-08T03:05:59Z,90.6615,0.000002,0.000002,0.000000,in_band
2026-08-08T03:06:00Z,90.6615,0.000002,0.000002,0.000000,in_band
2026-08-08T03:06:59Z,90.6828,0.000002,0.000002,0.000000,in_band
2026-08-08T03:07:00Z,90.6828,0.000002,0.000002,0.000000,in_band
2026-08-08T03:07:59Z,90.6691,0.000002,0.000002,0.000000,in_band
2026-08-08T03:08:00Z,90.6691,0.000002,0.000002,0.000000,in_band
2026-08-08T03:08:59Z,90.6157,0.000002,0.000002,0.000000,in_band
2026-08-08T03:09:00Z,90.6157,0.000002,0.000002,0.000000,in_band
2026-08-08T03:09:59Z,90.6325,0.000002,0.000002,0.000000,in_band
2026-08-08T03:10:00Z,90.6325,0.000002,0.000002,0.000000,in_band
2026-08-08T03:10:59Z,90.6065,0.000002,0.000002,0.000000,in_band
2026-08-08T03:11:00Z,90.6065,0.000002,0.000002,0.000000,in_band
2026-08-08T03:11:59Z,90.5821,0.000002,0.000002,0.000000,in_band
2026-08-08T03:12:00Z,90.5821,0.000002,0.000002,0.000000,in_band
2026-08-08T03:12:59Z,90.5882,0.000001,0.000001,0.000000,in_band
2026-08-08T03:13:00Z,90.5882,0.000001,0.000001,0.000000,in_band
2026-08-08T03:13:59Z,90.5745,0.000001,0.000001,0.000000,in_band
2026-08-08T03:14:00Z,90.5745,0.000001,0.000001,0.000000,in_band
2026-08-08T03:14:59Z,90.5547,0.000001,0.000001,0.000000,in_band
2026-08-08T03:15:00Z,90.5547,0.000001,0.000001,0.000000,in_band
2026-08-08T03:15:59Z,90.5180,0.000001,0.000001,0.000000,in_band
2026-08-08T03:16:00Z,90.5180,0.000001,0.000001,0.000000,in_band
2026-08-08T03:16:59Z,90.5104,0.000001,0.000001,0.000000,in_band
2026-08-08T03:17:00Z,90.5104,0.000001,0.000001,0.000000,in_band
2026-08-08T03:17:59Z,90.4921,0.000001,0.000001,0.000000,in_band
2026-08-08T03:18:00Z,90.4921,0.000001,0.000001,0.000000,in_band
2026-08-08T03:18:59Z,90.5058,0.000001,0.000001,0.000000,in_band
2026-08-08T03:19:00Z,90.5058,0.000001,0.000001,0.000000,in_band
2026-08-08T03:19:59Z,90.5150,0.000001,0.000001,0.000000,in_band
2026-08-08T03:20:00Z,90.5150,0.000001,0.000001,0.000000,in_band
2026-08-08T03:20:59Z,90.5013,0.000001,0.000001,0.000000,in_band
2026-08-08T03:21:00Z,90.5013,0.000001,0.000001,0.000000,in_band
2026-08-08T03:21:59Z,90.4723,0.000001,0.000001,0.000000,in_band
2026-08-08T03:22:00Z,90.4723,0.000001,0.000001,0.000000,in_band
2026-08-08T03:22:59Z,90.5104,0.000001,0.000001,0.000000,in_band
2026-08-08T03:23:00Z,90.5104,0.000001,0.000001,0.000000,in_band
2026-08-08T03:23:59Z,90.4997,0.000001,0.000001,0.000000,in_band
2026-08-08T03:24:00Z,90.4997,0.000001,0.000001,0.000000,in_band
2026-08-08T03:24:59Z,90.5104,0.000001,0.000001,0.000000,in_band
2026-08-08T03:25:00Z,90.5104,0.000001,0.000001,0.000000,in_band
2026-08-08T03:25:59Z,90.4921,0.000001,0.000001,0.000000,in_band
2026-08-08T03:26:00Z,90.4921,0.000001,0.000001,0.000000,in_band
2026-08-08T03:26:59Z,90.5089,0.000001,0.000001,0.000000,in_band
2026-08-08T03:27:00Z,90.5089,0.000001,0.000001,0.000000,in_band
2026-08-08T03:27:59Z,90.4967,0.000001,0.000001,0.000000,in_band
2026-08-08T03:28:00Z,90.4967,0.000001,0.000001,0.000000,in_band
2026-08-08T03:28:59Z,90.5150,0.000001,0.000001,0.000000,in_band
2026-08-08T03:29:00Z,90.5150,0.000001,0.000001,0.000000,in_band
2026-08-08T03:29:59Z,90.5104,0.000001,0.000001,0.000000,in_band
2026-08-08T03:30:00Z,90.5104,0.000001,0.000001,0.000000,in_band
2026-08-08T03:30:59Z,90.5241,0.000001,0.000001,0.000000,in_band
2026-08-08T03:31:00Z,90.5241,0.000001,0.000001,0.000000,in_band
2026-08-08T03:31:59Z,90.5180,0.000001,0.000001,0.000000,in_band
2026-08-08T03:32:00Z,90.5180,0.000001,0.000001,0.000000,in_band
2026-08-08T03:32:59Z,90.5241,0.000001,0.000001,0.000000,in_band
2026-08-08T03:33:00Z,90.5241,0.000001,0.000001,0.000000,in_band
2026-08-08T03:33:59Z,90.5318,0.000001,0.000001,0.000000,in_band
2026-08-08T03:34:00Z,90.5318,0.000001,0.000001,0.000000,in_band
2026-08-08T03:34:59Z,90.5318,0.000001,0.000001,0.000000,in_band
2026-08-08T03:35:00Z,90.5318,0.000001,0.000001,0.000000,in_band
2026-08-08T03:35:59Z,90.5425,0.000001,0.000001,0.000000,in_band
2026-08-08T03:36:00Z,90.5425,0.000001,0.000001,0.000000,in_band
2026-08-08T03:36:59Z,90.5318,0.000001,0.000001,0.000000,in_band
2026-08-08T03:37:00Z,90.5318,0.000001,0.000001,0.000000,in_band
2026-08-08T03:37:59Z,90.5562,0.000001,0.000001,0.000000,in_band
2026-08-08T03:38:00Z,90.5562,0.000001,0.000001,0.000000,in_band
2026-08-08T03:38:59Z,90.5959,0.000001,0.000001,0.000000,in_band
2026-08-08T03:39:00Z,90.5959,0.000001,0.000001,0.000000,in_band
2026-08-08T03:39:59Z,90.5837,0.000001,0.000001,0.000000,in_band
2026-08-08T03:40:00Z,90.5837,0.000001,0.000001,0.000000,in_band
2026-08-08T03:40:59Z,90.5730,0.000001,0.000001,0.000000,in_band
2026-08-08T03:41:00Z,90.5730,0.000001,0.000001,0.000000,in_band
2026-08-08T03:41:59Z,90.5699,0.000001,0.000001,0.000000,in_band
2026-08-08T03:42:00Z,90.5699,0.000001,0.000001,0.000000,in_band
2026-08-08T03:42:59Z,90.5959,0.000001,0.000001,0.000000,in_band
2026-08-08T03:43:00Z,90.5959,0.000001,0.000001,0.000000,in_band
2026-08-08T03:43:59Z,90.5730,0.000001,0.000001,0.000000,in_band
2026-08-08T03:44:00Z,90.5730,0.000001,0.000001,0.000000,in_band
2026-08-08T03:44:59Z,90.5776,0.000001,0.000001,0.000000,in_band
2026-08-08T03:45:00Z,90.5776,0.000001,0.000001,0.000000,in_band
2026-08-08T03:45:59Z,90.6050,0.000000,0.000000,0.000000,in_band
2026-08-08T03:46:00Z,90.6050,0.000000,0.000000,0.000000,in_band
2026-08-08T03:46:59Z,90.6050,0.000000,0.000000,0.000000,in_band
2026-08-08T03:47:00Z,90.6050,0.000000,0.000000,0.000000,in_band
2026-08-08T03:47:59Z,90.5959,0.000000,0.000000,0.000000,in_band
2026-08-08T03:48:00Z,90.5959,0.000000,0.000000,0.000000,in_band
2026-08-08T03:48:59Z,90.6249,0.000000,0.000000,0.000000,in_band
2026-08-08T03:49:00Z,90.6249,0.000000,0.000000,0.000000,in_band
2026-08-08T03:49:59Z,90.5913,0.000000,0.000000,0.000000,in_band
2026-08-08T03:50:00Z,90.5913,0.000000,0.000000,0.000000,in_band
2026-08-08T03:50:59Z,90.5821,0.000000,0.000000,0.000000,in_band
2026-08-08T03:51:00Z,90.5821,0.000000,0.000000,0.000000,in_band
2026-08-08T03:51:59Z,90.6386,0.000000,0.000000,0.000000,in_band
2026-08-08T03:52:00Z,90.6386,0.000000,0.000000,0.000000,in_band
2026-08-08T03:52:59Z,90.6249,0.000000,0.000000,0.000000,in_band
2026-08-08T03:53:00Z,90.6249,0.000000,0.000000,0.000000,in_band
2026-08-08T03:53:59Z,90.6477,0.000000,0.000000,0.000000,in_band
2026-08-08T03:54:00Z,90.6477,0.000000,0.000000,0.000000,in_band
2026-08-08T03:54:59Z,90.6432,0.000000,0.000000,0.000000,in_band
2026-08-08T03:55:00Z,90.6432,0.000000,0.000000,0.000000,in_band
2026-08-08T03:55:59Z,90.6752,0.000000,0.000000,0.000000,in_band
2026-08-08T03:56:00Z,90.6752,0.000000,0.000000,0.000000,in_band
2026-08-08T03:56:59Z,90.7073,0.000000,0.000000,0.000000,in_band
2026-08-08T03:57:00Z,90.7073,0.000000,0.000000,0.000000,in_band
2026-08-08T03:57:59Z,90.6935,0.000000,0.000000,0.000000,in_band
2026-08-08T03:58:00Z,90.6935,0.000000,0.000000,0.000000,in_band
2026-08-08T03:58:59Z,90.7301,0.000000,0.000000,0.000000,in_band
2026-08-08T03:59:00Z,90.7301,0.000000,0.000000,0.000000,in_band
2026-08-08T03:59:59Z,90.6828,0.000000,0.000000,0.000000,in_band
2026-08-08T04:00:00Z,90.6828,0.000000,0.000000,0.000000,in_band
2026-08-08T04:00:59Z,90.6828,0.000000,0.000000,0.000000,in_band
2026-08-08T04:01:00Z,90.6828,0.000000,0.000000,0.000000,in_band
2026-08-08T04:01:59Z,90.6615,0.000000,0.000000,0.000000,in_band
2026-08-08T04:02:00Z,90.6615,0.000000,0.000000,0.000000,in_band
2026-08-08T04:02:59Z,90.6706,0.000000,0.000000,0.000000,in_band
2026-08-08T04:03:00Z,90.6706,0.000000,0.000000,0.000000,in_band
2026-08-08T04:03:59Z,90.6844,0.000000,0.000000,0.000000,in_band
2026-08-08T04:04:00Z,90.6844,0.000000,0.000000,0.000000,in_band
2026-08-08T04:04:59Z,90.6416,0.000000,0.000000,0.000000,in_band
2026-08-08T04:05:00Z,90.6416,0.000000,0.000000,0.000000,in_band
2026-08-08T04:05:59Z,90.6249,0.000000,0.000000,0.000000,in_band
2026-08-08T04:06:00Z,90.6249,0.000000,0.000000,0.000000,in_band
2026-08-08T04:06:59Z,90.6432,0.000000,0.000000,0.000000,in_band
2026-08-08T04:07:00Z,90.6432,0.000000,0.000000,0.000000,in_band
2026-08-08T04:07:59Z,90.6020,0.000000,0.000000,0.000000,in_band
2026-08-08T04:08:00Z,90.6020,0.000000,0.000000,0.000000,in_band
2026-08-08T04:08:59Z,90.5959,0.000000,0.000000,0.000000,in_band
2026-08-08T04:09:00Z,90.5959,0.000000,0.000000,0.000000,in_band
2026-08-08T04:09:59Z,90.5974,0.000000,0.000000,0.000000,in_band
2026-08-08T04:10:00Z,90.5974,0.000000,0.000000,0.000000,in_band
2026-08-08T04:10:59Z,90.5745,0.000000,0.000000,0.000000,in_band
2026-08-08T04:11:00Z,90.5745,0.000000,0.000000,0.000000,in_band
2026-08-08T04:11:59Z,90.5409,0.000000,0.000000,0.000000,in_band
2026-08-08T04:12:00Z,90.5409,0.000000,0.000000,0.000000,in_band
2026-08-08T04:12:59Z,90.5287,0.000000,0.000000,0.000000,in_band
2026-08-08T04:13:00Z,90.5287,0.000000,0.000000,0.000000,in_band
2026-08-08T04:13:59Z,90.5196,0.000000,0.000000,0.000000,in_band
2026-08-08T04:14:00Z,90.5196,0.000000,0.000000,0.000000,in_band
2026-08-08T04:14:59Z,90.5089,0.000000,0.000000,0.000000,in_band
2026-08-08T04:15:00Z,90.5089,0.000000,0.000000,0.000000,in_band
2026-08-08T04:15:59Z,90.5043,0.000000,0.000000,0.000000,in_band
2026-08-08T04:16:00Z,90.5043,0.000000,0.000000,0.000000,in_band
2026-08-08T04:16:59Z,90.4692,0.000000,0.000000,0.000000,in_band
2026-08-08T04:17:00Z,90.4692,0.000000,0.000000,0.000000,in_band
2026-08-08T04:17:59Z,90.4692,0.000000,0.000000,0.000000,in_band
2026-08-08T04:18:00Z,90.4692,0.000000,0.000000,0.000000,in_band
2026-08-08T04:18:59Z,90.4372,0.000000,0.000000,0.000000,in_band
2026-08-08T04:19:00Z,90.4372,0.000000,0.000000,0.000000,in_band
2026-08-08T04:19:59Z,90.4189,0.000000,0.000000,0.000000,in_band
2026-08-08T04:20:00Z,90.4189,0.000000,0.000000,0.000000,in_band
2026-08-08T04:20:59Z,90.4036,0.000000,0.000000,0.000000,in_band
2026-08-08T04:21:00Z,90.4036,0.000000,0.000000,0.000000,in_band
2026-08-08T04:21:59Z,90.3914,0.000000,0.000000,0.000000,in_band
2026-08-08T04:22:00Z,90.3914,0.000000,0.000000,0.000000,in_band
2026-08-08T04:22:59Z,90.3716,0.000000,0.000000,0.000000,in_band
2026-08-08T04:23:00Z,90.3716,0.000000,0.000000,0.000000,in_band
2026-08-08T04:23:59Z,90.3639,0.000000,0.000000,0.000000,in_band
2026-08-08T04:24:00Z,90.3639,0.000000,0.000000,0.000000,in_band
2026-08-08T04:24:59Z,90.3319,0.000000,0.000000,0.000000,in_band
2026-08-08T04:25:00Z,90.3319,0.000000,0.000000,0.000000,in_band
2026-08-08T04:25:59Z,90.3304,0.000000,0.000000,0.000000,in_band
2026-08-08T04:26:00Z,90.3304,0.000000,0.000000,0.000000,in_band
2026-08-08T04:26:59Z,90.3319,0.000000,0.000000,0.000000,in_band
2026-08-08T04:27:00Z,90.3319,0.000000,0.000000,0.000000,in_band
2026-08-08T04:27:59Z,90.3075,0.000000,0.000000,0.000000,in_band
2026-08-08T04:28:00Z,90.3075,0.000000,0.000000,0.000000,in_band
2026-08-08T04:28:59Z,90.3456,0.000000,0.000000,0.000000,in_band
2026-08-08T04:29:00Z,90.3456,0.000000,0.000000,0.000000,in_band
2026-08-08T04:29:59Z,90.3532,0.000000,0.000000,0.000000,in_band
2026-08-08T04:30:00Z,90.3532,0.000000,0.000000,0.000000,in_band
2026-08-08T04:30:59Z,90.3624,0.000000,0.000000,0.000000,in_band
2026-08-08T04:31:00Z,90.3624,0.000000,0.000000,0.000000,in_band
2026-08-08T04:31:59Z,90.3578,0.000000,0.000000,0.000000,in_band
2026-08-08T04:32:00Z,90.3578,0.000000,0.000000,0.000000,in_band
2026-08-08T04:32:59Z,90.3410,0.000000,0.000000,0.000000,in_band
2026-08-08T04:33:00Z,90.3410,0.000000,0.000000,0.000000,in_band
2026-08-08T04:33:59Z,90.3731,0.000000,0.000000,0.000000,in_band
2026-08-08T04:34:00Z,90.3731,0.000000,0.000000,0.000000,in_band
2026-08-08T04:34:59Z,90.3807,0.000000,0.000000,0.000000,in_band
2026-08-08T04:35:00Z,90.3807,0.000000,0.000000,0.000000,in_band
2026-08-08T04:35:59Z,90.3853,0.000000,0.000000,0.000000,in_band
2026-08-08T04:36:00Z,90.3853,0.000000,0.000000,0.000000,in_band
2026-08-08T04:36:59Z,90.4540,0.000000,0.000000,0.000000,in_band
2026-08-08T04:37:00Z,90.4540,0.000000,0.000000,0.000000,in_band
2026-08-08T04:37:59Z,90.4555,0.000000,0.000000,0.000000,in_band
2026-08-08T04:38:00Z,90.4555,0.000000,0.000000,0.000000,in_band
2026-08-08T04:38:59Z,90.4463,0.000000,0.000000,0.000000,in_band
2026-08-08T04:39:00Z,90.4463,0.000000,0.000000,0.000000,in_band
2026-08-08T04:39:59Z,90.4967,0.000000,0.000000,0.000000,in_band
2026-08-08T04:40:00Z,90.4967,0.000000,0.000000,0.000000,in_band
2026-08-08T04:40:59Z,90.4967,0.000000,0.000000,0.000000,in_band
2026-08-08T04:41:00Z,90.4967,0.000000,0.000000,0.000000,in_band
2026-08-08T04:41:59Z,90.4906,0.000000,0.000000,0.000000,in_band
2026-08-08T04:42:00Z,90.4906,0.000000,0.000000,0.000000,in_band
2026-08-08T04:42:59Z,90.5104,0.000000,0.000000,0.000000,in_band
2026-08-08T04:43:00Z,90.5104,0.000000,0.000000,0.000000,in_band
2026-08-08T04:43:59Z,90.4875,0.000000,0.000000,0.000000,in_band
2026-08-08T04:44:00Z,90.4875,0.000000,0.000000,0.000000,in_band
2026-08-08T04:44:59Z,90.4967,0.000000,0.000000,0.000000,in_band
2026-08-08T04:45:00Z,90.4967,0.000000,0.000000,0.000000,in_band
2026-08-08T04:45:59Z,90.5013,0.000000,0.000000,0.000000,in_band
2026-08-08T04:46:00Z,90.5013,0.000000,0.000000,0.000000,in_band
2026-08-08T04:46:59Z,90.5501,0.000000,0.000000,0.000000,in_band
2026-08-08T04:47:00Z,90.5501,0.000000,0.000000,0.000000,in_band
2026-08-08T04:47:59Z,90.5455,0.000000,0.000000,0.000000,in_band
2026-08-08T04:48:00Z,90.5455,0.000000,0.000000,0.000000,in_band
2026-08-08T04:48:59Z,90.5592,0.000000,0.000000,0.000000,in_band
2026-08-08T04:49:00Z,90.5592,0.000000,0.000000,0.000000,in_band
2026-08-08T04:49:59Z,90.5501,0.000000,0.000000,0.000000,in_band
2026-08-08T04:50:00Z,90.5501,0.000000,0.000000,0.000000,in_band
2026-08-08T04:50:59Z,90.5547,0.000000,0.000000,0.000000,in_band
2026-08-08T04:51:00Z,90.5547,0.000000,0.000000,0.000000,in_band
2026-08-08T04:51:59Z,90.5638,0.000000,0.000000,0.000000,in_band
2026-08-08T04:52:00Z,90.5638,0.000000,0.000000,0.000000,in_band
2026-08-08T04:52:59Z,90.5776,0.000000,0.000000,0.000000,in_band
2026-08-08T04:53:00Z,90.5776,0.000000,0.000000,0.000000,in_band
2026-08-08T04:53:59Z,90.5867,0.000000,0.000000,0.000000,in_band
2026-08-08T04:54:00Z,90.5867,0.000000,0.000000,0.000000,in_band
2026-08-08T04:54:59Z,90.5791,0.000000,0.000000,0.000000,in_band
2026-08-08T04:55:00Z,90.5791,0.000000,0.000000,0.000000,in_band
2026-08-08T04:55:59Z,90.6050,0.000000,0.000000,0.000000,in_band
2026-08-08T04:56:00Z,90.6050,0.000000,0.000000,0.000000,in_band
2026-08-08T04:56:59Z,90.6020,0.000000,0.000000,0.000000,in_band
2026-08-08T04:57:00Z,90.6020,0.000000,0.000000,0.000000,in_band
2026-08-08T04:57:59Z,90.5653,0.000000,0.000000,0.000000,in_band
2026-08-08T04:58:00Z,90.5653,0.000000,0.000000,0.000000,in_band
2026-08-08T04:58:59Z,90.5882,0.000000,0.000000,0.000000,in_band
2026-08-08T04:59:00Z,90.5882,0.000000,0.000000,0.000000,in_band
2026-08-08T04:59:59Z,90.5913,0.000000,0.000000,0.000000,in_band
2026-08-08T05:00:00Z,90.5913,0.000000,0.000000,0.000000,in_band
2026-08-08T05:00:59Z,90.5928,0.000000,0.000000,0.000000,in_band
2026-08-08T05:01:00Z,90.5928,0.000000,0.000000,0.000000,in_band
2026-08-08T05:01:59Z,90.6111,0.000000,0.000000,0.000000,in_band
2026-08-08T05:02:00Z,90.6111,0.000000,0.000000,0.000000,in_band
2026-08-08T05:02:59Z,90.5913,0.000000,0.000000,0.000000,in_band
2026-08-08T05:03:00Z,90.5913,0.000000,0.000000,0.000000,in_band
2026-08-08T05:03:59Z,90.6050,0.000000,0.000000,0.000000,in_band
2026-08-08T05:04:00Z,90.6050,0.000000,0.000000,0.000000,in_band
2026-08-08T05:04:59Z,90.6157,0.000000,0.000000,0.000000,in_band
2026-08-08T05:05:00Z,90.6157,0.000000,0.000000,0.000000,in_band
2026-08-08T05:05:59Z,90.6004,0.000000,0.000000,0.000000,in_band
2026-08-08T05:06:00Z,90.6004,0.000000,0.000000,0.000000,in_band
2026-08-08T05:06:59Z,90.6020,0.000000,0.000000,0.000000,in_band
2026-08-08T05:07:00Z,90.6020,0.000000,0.000000,0.000000,in_band
2026-08-08T05:07:59Z,90.6111,0.000000,0.000000,0.000000,in_band
2026-08-08T05:08:00Z,90.6111,0.000000,0.000000,0.000000,in_band
2026-08-08T05:08:59Z,90.5974,0.000000,0.000000,0.000000,in_band
2026-08-08T05:09:00Z,90.5974,0.000000,0.000000,0.000000,in_band
2026-08-08T05:09:59Z,90.5776,0.000000,0.000000,0.000000,in_band
2026-08-08T05:10:00Z,90.5776,0.000000,0.000000,0.000000,in_band
2026-08-08T05:10:59Z,90.5776,0.000000,0.000000,0.000000,in_band
2026-08-08T05:11:00Z,90.5776,0.000000,0.000000,0.000000,in_band
2026-08-08T05:11:59Z,90.5867,0.000000,0.000000,0.000000,in_band
2026-08-08T05:12:00Z,90.5867,0.000000,0.000000,0.000000,in_band
2026-08-08T05:12:59Z,90.5470,0.000000,0.000000,0.000000,in_band
2026-08-08T05:13:00Z,90.5470,0.000000,0.000000,0.000000,in_band
2026-08-08T05:13:59Z,90.5379,0.000000,0.000000,0.000000,in_band
2026-08-08T05:14:00Z,90.5379,0.000000,0.000000,0.000000,in_band
2026-08-08T05:14:59Z,90.5241,0.000000,0.000000,0.000000,in_band
2026-08-08T05:15:00Z,90.5241,0.000000,0.000000,0.000000,in_band
2026-08-08T05:15:59Z,90.5562,0.000000,0.000000,0.000000,in_band
2026-08-08T05:16:00Z,90.5562,0.000000,0.000000,0.000000,in_band
2026-08-08T05:16:59Z,90.5089,0.000000,0.000000,0.000000,in_band
2026-08-08T05:17:00Z,90.5089,0.000000,0.000000,0.000000,in_band
2026-08-08T05:17:59Z,90.5318,0.000000,0.000000,0.000000,in_band
2026-08-08T05:18:00Z,90.5318,0.000000,0.000000,0.000000,in_band
2026-08-08T05:18:59Z,90.5150,0.000000,0.000000,0.000000,in_band
2026-08-08T05:19:00Z,90.5150,0.000000,0.000000,0.000000,in_band
2026-08-08T05:19:59Z,90.5409,0.000000,0.000000,0.000000,in_band
2026-08-08T05:20:00Z,90.5409,0.000000,0.000000,0.000000,in_band
2026-08-08T05:20:59Z,90.5333,0.000000,0.000000,0.000000,in_band
2026-08-08T05:21:00Z,90.5333,0.000000,0.000000,0.000000,in_band
2026-08-08T05:21:59Z,90.5470,0.000000,0.000000,0.000000,in_band
2026-08-08T05:22:00Z,90.5470,0.000000,0.000000,0.000000,in_band
2026-08-08T05:22:59Z,90.5653,0.000000,0.000000,0.000000,in_band
2026-08-08T05:23:00Z,90.5653,0.000000,0.000000,0.000000,in_band
2026-08-08T05:23:59Z,90.5638,0.000000,0.000000,0.000000,in_band
2026-08-08T05:24:00Z,90.5638,0.000000,0.000000,0.000000,in_band
2026-08-08T05:24:59Z,90.5867,0.000000,0.000000,0.000000,in_band
2026-08-08T05:25:00Z,90.5867,0.000000,0.000000,0.000000,in_band
2026-08-08T05:25:59Z,90.5821,0.000000,0.000000,0.000000,in_band
2026-08-08T05:26:00Z,90.5821,0.000000,0.000000,0.000000,in_band
2026-08-08T05:26:59Z,90.6233,0.000000,0.000000,0.000000,in_band
2026-08-08T05:27:00Z,90.6233,0.000000,0.000000,0.000000,in_band
2026-08-08T05:27:59Z,90.6157,0.000000,0.000000,0.000000,in_band
2026-08-08T05:28:00Z,90.6157,0.000000,0.000000,0.000000,in_band
2026-08-08T05:28:59Z,90.6569,0.000000,0.000000,0.000000,in_band
2026-08-08T05:29:00Z,90.6569,0.000000,0.000000,0.000000,in_band
2026-08-08T05:29:59Z,90.6508,0.000000,0.000000,0.000000,in_band
2026-08-08T05:30:00Z,90.6508,0.000000,0.000000,0.000000,in_band
2026-08-08T05:30:59Z,90.6569,0.000000,0.000000,0.000000,in_band
2026-08-08T05:31:00Z,90.6569,0.000000,0.000000,0.000000,in_band
2026-08-08T05:31:59Z,90.6600,0.000000,0.000000,0.000000,in_band
2026-08-08T05:32:00Z,90.6600,0.000000,0.000000,0.000000,in_band
2026-08-08T05:32:59Z,90.6844,0.000000,0.000000,0.000000,in_band
2026-08-08T05:33:00Z,90.6844,0.000000,0.000000,0.000000,in_band
2026-08-08T05:33:59Z,90.6798,0.000000,0.000000,0.000000,in_band
2026-08-08T05:34:00Z,90.6798,0.000000,0.000000,0.000000,in_band
2026-08-08T05:34:59Z,90.6706,0.000000,0.000000,0.000000,in_band
2026-08-08T05:35:00Z,90.6706,0.000000,0.000000,0.000000,in_band
2026-08-08T05:35:59Z,90.6416,0.000000,0.000000,0.000000,in_band
2026-08-08T05:36:00Z,90.6416,0.000000,0.000000,0.000000,in_band
2026-08-08T05:36:59Z,90.6432,0.000000,0.000000,0.000000,in_band
2026-08-08T05:37:00Z,90.6432,0.000000,0.000000,0.000000,in_band
2026-08-08T05:37:59Z,90.6279,0.000000,0.000000,0.000000,in_band
2026-08-08T05:38:00Z,90.6279,0.000000,0.000000,0.000000,in_band
2026-08-08T05:38:59Z,90.6065,0.000000,0.000000,0.000000,in_band
2026-08-08T05:39:00Z,90.6065,0.000000,0.000000,0.000000,in_band
2026-08-08T05:39:59Z,90.6249,0.000000,0.000000,0.000000,in_band
2026-08-08T05:40:00Z,90.6249,0.000000,0.000000,0.000000,in_band
2026-08-08T05:40:59Z,90.6462,0.000000,0.000000,0.000000,in_band
2026-08-08T05:41:00Z,90.6462,0.000000,0.000000,0.000000,in_band
2026-08-08T05:41:59Z,90.6279,0.000000,0.000000,0.000000,in_band
2026-08-08T05:42:00Z,90.6279,0.000000,0.000000,0.000000,in_band
2026-08-08T05:42:59Z,90.6432,0.000000,0.000000,0.000000,in_band
2026-08-08T05:43:00Z,90.6432,0.000000,0.000000,0.000000,in_band
2026-08-08T05:43:59Z,90.6432,0.000000,0.000000,0.000000,in_band
2026-08-08T05:44:00Z,90.6432,0.000000,0.000000,0.000000,in_band
2026-08-08T05:44:59Z,90.6188,0.000000,0.000000,0.000000,in_band
2026-08-08T05:45:00Z,90.6188,0.000000,0.000000,0.000000,in_band
2026-08-08T05:45:59Z,90.6600,0.000000,0.000000,0.000000,in_band
2026-08-08T05:46:00Z,90.6600,0.000000,0.000000,0.000000,in_band
2026-08-08T05:46:59Z,90.6523,0.000000,0.000000,0.000000,in_band
2026-08-08T05:47:00Z,90.6523,0.000000,0.000000,0.000000,in_band
2026-08-08T05:47:59Z,90.6325,0.000000,0.000000,0.000000,in_band
2026-08-08T05:48:00Z,90.6325,0.000000,0.000000,0.000000,in_band
2026-08-08T05:48:59Z,90.6462,0.000000,0.000000,0.000000,in_band
2026-08-08T05:49:00Z,90.6462,0.000000,0.000000,0.000000,in_band
2026-08-08T05:49:59Z,90.6233,0.000000,0.000000,0.000000,in_band
2026-08-08T05:50:00Z,90.6233,0.000000,0.000000,0.000000,in_band
2026-08-08T05:50:59Z,90.6569,0.000000,0.000000,0.000000,in_band
2026-08-08T05:51:00Z,90.6569,0.000000,0.000000,0.000000,in_band
2026-08-08T05:51:59Z,90.6386,0.000000,0.000000,0.000000,in_band
2026-08-08T05:52:00Z,90.6386,0.000000,0.000000,0.000000,in_band
2026-08-08T05:52:59Z,90.6706,0.000000,0.000000,0.000000,in_band
2026-08-08T05:53:00Z,90.6706,0.000000,0.000000,0.000000,in_band
2026-08-08T05:53:59Z,90.6661,0.000000,0.000000,0.000000,in_band
2026-08-08T05:54:00Z,90.6661,0.000000,0.000000,0.000000,in_band
2026-08-08T05:54:59Z,90.6279,0.000000,0.000000,0.000000,in_band
2026-08-08T05:55:00Z,90.6279,0.000000,0.000000,0.000000,in_band
2026-08-08T05:55:59Z,90.6981,0.000000,0.000000,0.000000,in_band
2026-08-08T05:56:00Z,90.6981,0.000000,0.000000,0.000000,in_band
2026-08-08T05:56:59Z,90.6828,0.000000,0.000000,0.000000,in_band
2026-08-08T05:57:00Z,90.6828,0.000000,0.000000,0.000000,in_band
2026-08-08T05:57:59Z,90.6783,0.000000,0.000000,0.000000,in_band
2026-08-08T05:58:00Z,90.6783,0.000000,0.000000,0.000000,in_band
2026-08-08T05:58:59Z,90.6889,0.000000,0.000000,0.000000,in_band
2026-08-08T05:59:00Z,90.6889,0.000000,0.000000,0.000000,in_band
2026-08-08T05:59:59Z,90.6569,0.000000,0.000000,0.000000,in_band
2026-08-08T06:00:00Z,90.6569,0.000000,0.000000,0.000000,in_band
2026-08-08T06:00:59Z,90.7027,0.000000,0.000000,0.000000,in_band
2026-08-08T06:01:00Z,90.7027,0.000000,0.000000,0.000000,in_band
2026-08-08T06:01:59Z,90.6981,0.000000,0.000000,0.000000,in_band
2026-08-08T06:02:00Z,90.6981,0.000000,0.000000,0.000000,in_band
2026-08-08T06:02:59Z,90.6798,0.000000,0.000000,0.000000,in_band
2026-08-08T06:03:00Z,90.6798,0.000000,0.000000,0.000000,in_band
2026-08-08T06:03:59Z,90.6691,0.000000,0.000000,0.000000,in_band
2026-08-08T06:04:00Z,90.6691,0.000000,0.000000,0.000000,in_band
2026-08-08T06:04:59Z,90.6661,0.000000,0.000000,0.000000,in_band
2026-08-08T06:05:00Z,90.6661,0.000000,0.000000,0.000000,in_band
2026-08-08T06:05:59Z,90.6432,0.000000,0.000000,0.000000,in_band
2026-08-08T06:06:00Z,90.6432,0.000000,0.000000,0.000000,in_band
2026-08-08T06:06:59Z,90.6432,0.000000,0.000000,0.000000,in_band
2026-08-08T06:07:00Z,90.6432,0.000000,0.000000,0.000000,in_band
2026-08-08T06:07:59Z,90.6188,0.000000,0.000000,0.000000,in_band
2026-08-08T06:08:00Z,90.6188,0.000000,0.000000,0.000000,in_band
2026-08-08T06:08:59Z,90.6111,0.000000,0.000000,0.000000,in_band
2026-08-08T06:09:00Z,90.6111,0.000000,0.000000,0.000000,in_band
2026-08-08T06:09:59Z,90.6157,0.000000,0.000000,0.000000,in_band
2026-08-08T06:10:00Z,90.6157,0.000000,0.000000,0.000000,in_band
2026-08-08T06:10:59Z,90.6188,0.000000,0.000000,0.000000,in_band
2026-08-08T06:11:00Z,90.6188,0.000000,0.000000,0.000000,in_band
2026-08-08T06:11:59Z,90.5608,0.000000,0.000000,0.000000,in_band
2026-08-08T06:12:00Z,90.5608,0.000000,0.000000,0.000000,in_band
2026-08-08T06:12:59Z,90.5745,0.000000,0.000000,0.000000,in_band
2026-08-08T06:13:00Z,90.5745,0.000000,0.000000,0.000000,in_band
2026-08-08T06:13:59Z,90.5837,0.000000,0.000000,0.000000,in_band
2026-08-08T06:14:00Z,90.5837,0.000000,0.000000,0.000000,in_band
2026-08-08T06:14:59Z,90.5730,0.000000,0.000000,0.000000,in_band
2026-08-08T06:15:00Z,90.5730,0.000000,0.000000,0.000000,in_band
2026-08-08T06:15:59Z,90.5516,0.000000,0.000000,0.000000,in_band
2026-08-08T06:16:00Z,90.5516,0.000000,0.000000,0.000000,in_band
2026-08-08T06:16:59Z,90.4829,0.000000,0.000000,0.000000,in_band
2026-08-08T06:17:00Z,90.4829,0.000000,0.000000,0.000000,in_band
2026-08-08T06:17:59Z,90.5058,0.000000,0.000000,0.000000,in_band
2026-08-08T06:18:00Z,90.5058,0.000000,0.000000,0.000000,in_band
2026-08-08T06:18:59Z,90.4921,0.000000,0.000000,0.000000,in_band
2026-08-08T06:19:00Z,90.4921,0.000000,0.000000,0.000000,in_band
2026-08-08T06:19:59Z,90.4784,0.000000,0.000000,0.000000,in_band
2026-08-08T06:20:00Z,90.4784,0.000000,0.000000,0.000000,in_band
2026-08-08T06:20:59Z,90.4555,0.000000,0.000000,0.000000,in_band
2026-08-08T06:21:00Z,90.4555,0.000000,0.000000,0.000000,in_band
2026-08-08T06:21:59Z,90.4448,0.000000,0.000000,0.000000,in_band
2026-08-08T06:22:00Z,90.4448,0.000000,0.000000,0.000000,in_band
2026-08-08T06:22:59Z,90.4372,0.000000,0.000000,0.000000,in_band
2026-08-08T06:23:00Z,90.4372,0.000000,0.000000,0.000000,in_band
2026-08-08T06:23:59Z,90.4128,0.000000,0.000000,0.000000,in_band
2026-08-08T06:24:00Z,90.4128,0.000000,0.000000,0.000000,in_band
2026-08-08T06:24:59Z,90.4723,0.000000,0.000000,0.000000,in_band
2026-08-08T06:25:00Z,90.4723,0.000000,0.000000,0.000000,in_band
2026-08-08T06:25:59Z,90.4143,0.000000,0.000000,0.000000,in_band
2026-08-08T06:26:00Z,90.4143,0.000000,0.000000,0.000000,in_band
2026-08-08T06:26:59Z,90.4051,0.000000,0.000000,0.000000,in_band
2026-08-08T06:27:00Z,90.4051,0.000000,0.000000,0.000000,in_band
2026-08-08T06:27:59Z,90.4128,0.000000,0.000000,0.000000,in_band
2026-08-08T06:28:00Z,90.4128,0.000000,0.000000,0.000000,in_band
2026-08-08T06:28:59Z,90.3731,0.000000,0.000000,0.000000,in_band
2026-08-08T06:29:00Z,90.3731,0.000000,0.000000,0.000000,in_band
2026-08-08T06:29:59Z,90.3822,0.000000,0.000000,0.000000,in_band
2026-08-08T06:30:00Z,90.3822,0.000000,0.000000,0.000000,in_band
2026-08-08T06:30:59Z,90.3777,0.000000,0.000000,0.000000,in_band
2026-08-08T06:31:00Z,90.3777,0.000000,0.000000,0.000000,in_band
2026-08-08T06:31:59Z,90.3578,0.000000,0.000000,0.000000,in_band
2026-08-08T06:32:00Z,90.3578,0.000000,0.000000,0.000000,in_band
2026-08-08T06:32:59Z,90.3868,0.000000,0.000000,0.000000,in_band
2026-08-08T06:33:00Z,90.3868,0.000000,0.000000,0.000000,in_band
2026-08-08T06:33:59Z,90.3990,0.000000,0.000000,0.000000,in_band
2026-08-08T06:34:00Z,90.3990,0.000000,0.000000,0.000000,in_band
2026-08-08T06:34:59Z,90.3914,0.000000,0.000000,0.000000,in_band
2026-08-08T06:35:00Z,90.3914,0.000000,0.000000,0.000000,in_band
2026-08-08T06:35:59Z,90.3593,0.000000,0.000000,0.000000,in_band
2026-08-08T06:36:00Z,90.3593,0.000000,0.000000,0.000000,in_band
2026-08-08T06:36:59Z,90.3960,0.000000,0.000000,0.000000,in_band
2026-08-08T06:37:00Z,90.3960,0.000000,0.000000,0.000000,in_band
2026-08-08T06:37:59Z,90.3960,0.000000,0.000000,0.000000,in_band
2026-08-08T06:38:00Z,90.3960,0.000000,0.000000,0.000000,in_band
2026-08-08T06:38:59Z,90.3532,0.000000,0.000000,0.000000,in_band
2026-08-08T06:39:00Z,90.3532,0.000000,0.000000,0.000000,in_band
2026-08-08T06:39:59Z,90.3319,0.000000,0.000000,0.000000,in_band
2026-08-08T06:40:00Z,90.3319,0.000000,0.000000,0.000000,in_band
2026-08-08T06:40:59Z,90.3075,0.000000,0.000000,0.000000,in_band
2026-08-08T06:41:00Z,90.3075,0.000000,0.000000,0.000000,in_band
2026-08-08T06:41:59Z,90.3120,0.000000,0.000000,0.000000,in_band
2026-08-08T06:42:00Z,90.3120,0.000000,0.000000,0.000000,in_band
2026-08-08T06:42:59Z,90.2861,0.000000,0.000000,0.000000,in_band
2026-08-08T06:43:00Z,90.2861,0.000000,0.000000,0.000000,in_band
2026-08-08T06:43:59Z,90.2632,0.000000,0.000000,0.000000,in_band
2026-08-08T06:44:00Z,90.2632,0.000000,0.000000,0.000000,in_band
2026-08-08T06:44:59Z,90.2525,0.000000,0.000000,0.000000,in_band
2026-08-08T06:45:00Z,90.2525,0.000000,0.000000,0.000000,in_band
2026-08-08T06:45:59Z,90.2388,0.000000,0.000000,0.000000,in_band
2026-08-08T06:46:00Z,90.2388,0.000000,0.000000,0.000000,in_band
2026-08-08T06:46:59Z,90.2251,0.000000,0.000000,0.000000,in_band
2026-08-08T06:47:00Z,90.2251,0.000000,0.000000,0.000000,in_band
2026-08-08T06:47:59Z,90.1808,0.000000,0.000000,0.000000,in_band
2026-08-08T06:48:00Z,90.1808,0.000000,0.000000,0.000000,in_band
2026-08-08T06:48:59Z,90.1717,0.000000,0.000000,0.000000,in_band
2026-08-08T06:49:00Z,90.1717,0.000000,0.000000,0.000000,in_band
2026-08-08T06:49:59Z,90.1884,0.000000,0.000000,0.000000,in_band
2026-08-08T06:50:00Z,90.1884,0.000000,0.000000,0.000000,in_band
2026-08-08T06:50:59Z,90.1472,0.000000,0.000000,0.000000,in_band
2026-08-08T06:51:00Z,90.1472,0.000000,0.000000,0.000000,in_band
2026-08-08T06:51:59Z,90.1335,0.000000,0.000000,0.000000,in_band
2026-08-08T06:52:00Z,90.1335,0.000000,0.000000,0.000000,in_band
2026-08-08T06:52:59Z,90.1015,0.000000,0.000000,0.000000,in_band
2026-08-08T06:53:00Z,90.1015,0.000000,0.000000,0.000000,in_band
2026-08-08T06:53:59Z,90.0786,0.000000,0.000000,0.000000,in_band
2026-08-08T06:54:00Z,90.0786,0.000000,0.000000,0.000000,in_band
2026-08-08T06:54:59Z,90.0832,0.000000,0.000000,0.000000,in_band
2026-08-08T06:55:00Z,90.0832,0.000000,0.000000,0.000000,in_band
2026-08-08T06:55:59Z,90.0343,0.000000,0.000000,0.000000,in_band
2026-08-08T06:56:00Z,90.0343,0.000000,0.000000,0.000000,in_band
2026-08-08T06:56:59Z,90.0328,0.000000,0.000000,0.000000,in_band
2026-08-08T06:57:45Z,89.9931,0.000000,0.000007,0.000007,below_midpoint_feather
2026-08-08T06:57:47Z,90.0389,0.000000,0.000000,-0.000000,in_band
2026-08-08T06:58:51Z,89.9657,0.000019,0.000168,0.000149,below_midpoint_feather
2026-08-08T06:58:57Z,89.9931,0.000019,0.000007,-0.000012,below_midpoint_feather
2026-08-08T06:59:31Z,89.9321,0.000140,0.000657,0.000517,below_midpoint_feather
2026-08-08T06:59:47Z,89.9886,0.000169,0.000022,-0.000147,below_midpoint_feather
2026-08-08T07:00:29Z,89.9413,0.000148,0.000504,0.000356,below_midpoint_feather
2026-08-08T07:00:41Z,89.9641,0.000478,0.000200,-0.000278,below_midpoint_feather
2026-08-08T07:01:25Z,89.9229,0.001287,0.000888,-0.000399,below_midpoint_feather
2026-08-08T07:01:53Z,89.8604,0.001487,0.002853,0.001366,below_midpoint_feather
2026-08-08T07:02:25Z,89.8329,0.002391,0.004129,0.001739,below_midpoint_feather
2026-08-08T07:02:53Z,89.8589,0.004207,0.003101,-0.001106,below_midpoint_feather
2026-08-08T07:03:27Z,89.8558,0.005636,0.003419,-0.002217,below_midpoint_feather
2026-08-08T07:03:39Z,89.7871,0.004770,0.006993,0.002222,below_midpoint_feather
2026-08-08T07:04:45Z,89.7490,0.007553,0.010129,0.002576,below_midpoint_feather
2026-08-08T07:04:51Z,89.8222,0.007436,0.005733,-0.001703,below_midpoint_feather
2026-08-08T07:05:49Z,89.7169,0.011092,0.013381,0.002289,below_midpoint_feather
2026-08-08T07:05:51Z,89.7826,0.011121,0.008740,-0.002381,below_midpoint_feather
2026-08-08T07:06:15Z,89.6986,0.011943,0.015311,0.003368,below_midpoint_feather
2026-08-08T07:06:21Z,89.7780,0.012271,0.009509,-0.002762,below_midpoint_feather
2026-08-08T07:07:17Z,89.6956,0.013788,0.016738,0.002949,below_midpoint_feather
2026-08-08T07:07:53Z,89.7627,0.015272,0.012348,-0.002925,below_midpoint_feather
2026-08-08T07:08:03Z,89.6849,0.015864,0.018689,0.002825,below_midpoint_feather
2026-08-08T07:08:07Z,89.7444,0.015956,0.013952,-0.002003,below_midpoint_feather
2026-08-08T07:09:41Z,89.7276,0.019340,0.017615,-0.001725,below_midpoint_feather
2026-08-08T07:09:47Z,89.6574,0.019510,0.023922,0.004412,below_midpoint_feather
2026-08-08T07:10:21Z,89.7032,0.023471,0.020754,-0.002717,below_midpoint_feather
2026-08-08T07:10:51Z,89.6162,0.024265,0.030120,0.005855,below_midpoint_feather
2026-08-08T07:11:27Z,89.6986,0.026047,0.023319,-0.002728,below_midpoint_feather
2026-08-08T07:11:47Z,89.6407,0.026749,0.029471,0.002722,below_midpoint_feather
2026-08-08T07:12:01Z,89.6818,0.028877,0.026000,-0.002877,below_midpoint_feather
2026-08-08T07:12:21Z,89.6315,0.028856,0.031650,0.002794,below_midpoint_feather
2026-08-08T07:13:19Z,89.6223,0.030177,0.034830,0.004653,below_midpoint_feather
2026-08-08T07:13:37Z,89.6986,0.033120,0.028166,-0.004953,below_midpoint_feather
2026-08-08T07:14:17Z,89.6208,0.034068,0.037275,0.003207,below_midpoint_feather
2026-08-08T07:14:25Z,89.6666,0.035779,0.032953,-0.002826,below_midpoint_feather
2026-08-08T07:15:03Z,89.5979,0.037005,0.041680,0.004675,below_midpoint_feather
2026-08-08T07:15:43Z,89.6910,0.037290,0.033946,-0.003343,below_midpoint_feather
2026-08-08T07:16:27Z,89.6254,0.037621,0.042123,0.004502,below_midpoint_feather
2026-08-08T07:16:47Z,89.6773,0.039890,0.037773,-0.002117,below_midpoint_feather
2026-08-08T07:17:07Z,89.6529,0.038079,0.040893,0.002814,below_midpoint_feather
2026-08-08T07:17:27Z,89.6941,0.039271,0.037846,-0.001425,below_midpoint_feather
2026-08-08T07:18:15Z,89.6620,0.039726,0.042610,0.002884,below_midpoint_feather
2026-08-08T07:18:35Z,89.7169,0.041700,0.038495,-0.003206,below_midpoint_feather
2026-08-08T07:19:17Z,89.7230,0.042518,0.039504,-0.003014,below_midpoint_feather
2026-08-08T07:19:43Z,89.6574,0.042463,0.046168,0.003705,below_midpoint_feather
2026-08-08T07:20:01Z,89.7307,0.042278,0.040392,-0.001886,below_midpoint_feather
2026-08-08T07:20:15Z,89.6803,0.042098,0.045064,0.002966,below_midpoint_feather
2026-08-08T07:21:17Z,89.7734,0.043220,0.039710,-0.003509,below_midpoint_feather
2026-08-08T07:21:43Z,89.7047,0.042428,0.045527,0.003100,below_midpoint_feather
2026-08-08T07:22:23Z,89.7124,0.043823,0.045944,0.002121,below_midpoint_feather
2026-08-08T07:22:59Z,89.7627,0.044711,0.043071,-0.001640,below_midpoint_feather
2026-08-08T07:23:03Z,89.7688,0.044467,0.042761,-0.001706,below_midpoint_feather
2026-08-08T07:23:57Z,89.7215,0.045151,0.047421,0.002270,below_midpoint_feather
2026-08-08T07:24:17Z,89.7856,0.046144,0.043371,-0.002773,below_midpoint_feather
2026-08-08T07:24:57Z,89.7139,0.045703,0.049328,0.003626,below_midpoint_feather
2026-08-08T07:25:35Z,89.8039,0.047116,0.043934,-0.003182,below_midpoint_feather
2026-08-08T07:25:41Z,89.7368,0.046917,0.048441,0.001524,below_midpoint_feather
2026-08-08T07:26:05Z,89.8085,0.047407,0.044291,-0.003116,below_midpoint_feather
2026-08-08T07:26:29Z,89.7276,0.048218,0.050107,0.001889,below_midpoint_feather
2026-08-08T07:27:29Z,89.7948,0.048260,0.046727,-0.001533,below_midpoint_feather
2026-08-08T07:27:33Z,89.7368,0.048339,0.050668,0.002329,below_midpoint_feather
2026-08-08T07:28:00Z,89.8009,0.048269,0.046976,-0.001293,below_midpoint_feather
2026-08-08T07:28:19Z,89.7490,0.048054,0.050653,0.002599,below_midpoint_feather
2026-08-08T07:29:01Z,89.7948,0.050267,0.048437,-0.001830,below_midpoint_feather
2026-08-08T07:29:55Z,89.7581,0.049408,0.051656,0.002248,below_midpoint_feather
2026-08-08T07:30:01Z,89.7490,0.049140,0.052389,0.003249,below_midpoint_feather
2026-08-08T07:30:33Z,89.8329,0.049343,0.047872,-0.001470,below_midpoint_feather
2026-08-08T07:31:35Z,89.8497,0.049164,0.047928,-0.001236,below_midpoint_feather
2026-08-08T07:31:55Z,89.7826,0.048949,0.051684,0.002735,below_midpoint_feather
2026-08-08T07:32:19Z,89.8680,0.049764,0.047719,-0.002046,below_midpoint_feather
2026-08-08T07:32:59Z,89.8177,0.049309,0.050413,0.001105,below_midpoint_feather
2026-08-08T07:33:29Z,89.8634,0.049544,0.048640,-0.000904,below_midpoint_feather
2026-08-08T07:33:37Z,89.8268,0.048639,0.050331,0.001692,below_midpoint_feather
2026-08-08T07:34:33Z,89.8772,0.049909,0.048706,-0.001202,below_midpoint_feather
2026-08-08T07:34:37Z,89.8222,0.049416,0.051090,0.001673,below_midpoint_feather
2026-08-08T07:35:23Z,89.8909,0.049546,0.048663,-0.000883,below_midpoint_feather
2026-08-08T07:35:35Z,89.8268,0.049638,0.051328,0.001689,below_midpoint_feather
2026-08-08T07:36:17Z,89.8497,0.049317,0.050583,0.001266,below_midpoint_feather
2026-08-08T07:36:51Z,89.9016,0.050051,0.048978,-0.001073,below_midpoint_feather
2026-08-08T07:37:07Z,89.8955,0.050274,0.049258,-0.001016,below_midpoint_feather
2026-08-08T07:37:27Z,89.8497,0.049771,0.051041,0.001269,below_midpoint_feather
2026-08-08T07:38:07Z,89.8543,0.049845,0.051081,0.001237,below_midpoint_feather
2026-08-08T07:38:19Z,89.9153,0.050402,0.049150,-0.001252,below_midpoint_feather
2026-08-08T07:39:01Z,89.8955,0.050572,0.049910,-0.000662,below_midpoint_feather
2026-08-08T07:39:37Z,89.8680,0.049752,0.051013,0.001261,below_midpoint_feather
2026-08-08T07:40:33Z,89.8497,0.050373,0.051997,0.001624,below_midpoint_feather
2026-08-08T07:40:39Z,89.9290,0.050755,0.049526,-0.001229,below_midpoint_feather
2026-08-08T07:41:07Z,89.8772,0.049785,0.051074,0.001290,below_midpoint_feather
2026-08-08T07:41:35Z,89.9153,0.050826,0.050058,-0.000768,below_midpoint_feather
2026-08-08T07:42:29Z,89.8604,0.050459,0.052011,0.001551,below_midpoint_feather
2026-08-08T07:42:37Z,89.9474,0.050318,0.049660,-0.000658,below_midpoint_feather
2026-08-08T07:43:07Z,89.8924,0.050008,0.051011,0.001003,below_midpoint_feather
2026-08-08T07:43:45Z,89.9382,0.050444,0.050018,-0.000426,below_midpoint_feather
2026-08-08T07:44:15Z,89.8955,0.049977,0.051106,0.001129,below_midpoint_feather
2026-08-08T07:44:27Z,89.9657,0.050094,0.049748,-0.000346,below_midpoint_feather
2026-08-08T07:45:45Z,89.9092,0.049871,0.050898,0.001027,below_midpoint_feather
2026-08-08T07:45:53Z,89.9565,0.050377,0.050006,-0.000371,below_midpoint_feather
2026-08-08T07:46:00Z,89.9748,0.049937,0.049838,-0.000099,below_midpoint_feather
2026-08-08T07:46:13Z,89.9153,0.050026,0.050786,0.000760,below_midpoint_feather
2026-08-08T07:47:45Z,89.9596,0.050334,0.050124,-0.000211,below_midpoint_feather
2026-08-08T07:47:57Z,89.9199,0.049964,0.050821,0.000856,below_midpoint_feather
2026-08-08T07:48:05Z,89.9733,0.050421,0.050020,-0.000401,below_midpoint_feather
2026-08-08T07:48:25Z,89.9001,0.050275,0.051366,0.001091,below_midpoint_feather
2026-08-08T07:49:17Z,89.9153,0.050516,0.051034,0.000518,below_midpoint_feather
2026-08-08T07:49:35Z,89.9641,0.050479,0.050221,-0.000258,below_midpoint_feather
2026-08-08T07:50:05Z,89.9092,0.050330,0.051251,0.000921,below_midpoint_feather
2026-08-08T07:50:51Z,89.9565,0.050548,0.050406,-0.000143,below_midpoint_feather
2026-08-08T07:51:23Z,89.9641,0.050502,0.050358,-0.000144,below_midpoint_feather
2026-08-08T07:51:35Z,89.9016,0.050464,0.051568,0.001104,below_midpoint_feather
2026-08-08T07:52:35Z,89.9001,0.050535,0.051689,0.001154,below_midpoint_feather
2026-08-08T07:52:51Z,89.9687,0.050689,0.050427,-0.000262,below_midpoint_feather
2026-08-08T07:53:33Z,89.9794,0.050574,0.050398,-0.000176,below_midpoint_feather
2026-08-08T07:53:47Z,89.9092,0.050614,0.051525,0.000911,below_midpoint_feather
2026-08-08T07:54:24Z,90.0023,0.050426,0.050334,-0.000092,in_band
2026-08-08T07:54:47Z,89.9428,0.050237,0.050821,0.000584,below_midpoint_feather
2026-08-08T07:55:35Z,89.9321,0.050478,0.051046,0.000568,below_midpoint_feather
2026-08-08T07:55:43Z,89.9886,0.050502,0.050414,-0.000088,below_midpoint_feather
2026-08-08T07:56:25Z,89.9687,0.050734,0.050566,-0.000167,below_midpoint_feather
2026-08-08T07:56:35Z,89.9138,0.050601,0.051493,0.000892,below_midpoint_feather
2026-08-08T07:57:13Z,89.9138,0.050499,0.051529,0.001030,below_midpoint_feather
2026-08-08T07:57:35Z,89.9794,0.050696,0.050554,-0.000143,below_midpoint_feather
2026-08-08T07:58:49Z,89.9550,0.051214,0.050859,-0.000355,below_midpoint_feather
2026-08-08T07:58:57Z,89.8909,0.051034,0.052274,0.001240,below_midpoint_feather
2026-08-08T07:59:28Z,89.9001,0.051262,0.052045,0.000783,below_midpoint_feather
2026-08-08T07:59:49Z,89.9428,0.051700,0.051124,-0.000577,below_midpoint_feather
2026-08-08T08:00:39Z,89.8634,0.051593,0.053401,0.001808,below_midpoint_feather
2026-08-08T08:00:43Z,89.9474,0.051563,0.051151,-0.000412,below_midpoint_feather
2026-08-08T08:01:06Z,89.9016,0.051401,0.052185,0.000784,below_midpoint_feather
2026-08-08T08:01:59Z,89.9367,0.052090,0.051507,-0.000583,below_midpoint_feather
2026-08-08T08:02:00Z,89.9367,0.052093,0.051510,-0.000583,below_midpoint_feather
2026-08-08T08:02:23Z,89.8634,0.051949,0.053653,0.001703,below_midpoint_feather
2026-08-08T08:03:05Z,89.8955,0.052837,0.052682,-0.000154,below_midpoint_feather
2026-08-08T08:03:23Z,89.8589,0.052899,0.054026,0.001127,below_midpoint_feather
2026-08-08T08:04:25Z,89.8421,0.053340,0.054982,0.001642,below_midpoint_feather
2026-08-08T08:04:33Z,89.9016,0.054246,0.052846,-0.001400,below_midpoint_feather
2026-08-08T08:05:15Z,89.8360,0.054065,0.055487,0.001422,below_midpoint_feather
2026-08-08T08:05:19Z,89.9016,0.053909,0.053057,-0.000852,below_midpoint_feather
2026-08-08T08:06:13Z,89.8909,0.054477,0.053645,-0.000831,below_midpoint_feather
2026-08-08T08:06:41Z,89.8405,0.054281,0.055722,0.001442,below_midpoint_feather
2026-08-08T08:07:09Z,89.8650,0.055567,0.054861,-0.000706,below_midpoint_feather
2026-08-08T08:07:51Z,89.8146,0.055634,0.057430,0.001796,below_midpoint_feather
2026-08-08T08:08:03Z,89.8177,0.055918,0.057355,0.001437,below_midpoint_feather
2026-08-08T08:08:31Z,89.8650,0.056399,0.055428,-0.000972,below_midpoint_feather
2026-08-08T08:09:25Z,89.7917,0.056608,0.059429,0.002822,below_midpoint_feather
2026-08-08T08:09:53Z,89.8543,0.057715,0.056518,-0.001197,below_midpoint_feather
2026-08-08T08:10:53Z,89.7780,0.059425,0.061086,0.001662,below_midpoint_feather
2026-08-08T08:10:59Z,89.8009,0.060384,0.059779,-0.000605,below_midpoint_feather
2026-08-08T08:11:03Z,89.8192,0.060059,0.058834,-0.001226,below_midpoint_feather
2026-08-08T08:11:25Z,89.7673,0.060128,0.062136,0.002008,below_midpoint_feather
2026-08-08T08:12:13Z,89.8192,0.061552,0.059682,-0.001870,below_midpoint_feather
2026-08-08T08:12:27Z,89.7581,0.060815,0.063532,0.002717,below_midpoint_feather
2026-08-08T08:13:11Z,89.7414,0.062334,0.065331,0.002997,below_midpoint_feather
2026-08-08T08:13:53Z,89.7902,0.064476,0.062725,-0.001752,below_midpoint_feather
2026-08-08T08:14:07Z,89.7230,0.065242,0.067607,0.002365,below_midpoint_feather
2026-08-08T08:14:25Z,89.7902,0.066218,0.063276,-0.002942,below_midpoint_feather
2026-08-08T08:15:47Z,89.6986,0.069264,0.071574,0.002310,below_midpoint_feather
2026-08-08T08:15:57Z,89.7368,0.069977,0.068739,-0.001238,below_midpoint_feather
2026-08-08T08:16:13Z,89.6895,0.069276,0.072978,0.003702,below_midpoint_feather
2026-08-08T08:16:21Z,89.7307,0.072065,0.069771,-0.002293,below_midpoint_feather
2026-08-08T08:17:01Z,89.6773,0.071924,0.075276,0.003352,below_midpoint_feather
2026-08-08T08:17:07Z,89.7230,0.072843,0.071529,-0.001313,below_midpoint_feather
2026-08-08T08:18:07Z,89.7047,0.076779,0.074674,-0.002104,below_midpoint_feather
2026-08-08T08:18:58Z,89.6391,0.078867,0.082340,0.003473,below_midpoint_feather
2026-08-08T08:19:01Z,89.6895,0.080123,0.077629,-0.002494,below_midpoint_feather
2026-08-08T08:19:27Z,89.6391,0.079377,0.083293,0.003916,below_midpoint_feather
2026-08-08T08:20:11Z,89.6300,0.081759,0.085796,0.004037,below_midpoint_feather
2026-08-08T08:20:19Z,89.6712,0.084137,0.081994,-0.002143,below_midpoint_feather
2026-08-08T08:21:33Z,89.6315,0.085128,0.088736,0.003608,below_midpoint_feather
2026-08-08T08:21:55Z,89.6818,0.087024,0.084680,-0.002344,below_midpoint_feather
2026-08-08T08:22:47Z,89.6757,0.089070,0.087296,-0.001774,below_midpoint_feather
2026-08-08T08:22:57Z,89.6117,0.089465,0.094190,0.004726,below_midpoint_feather
2026-08-08T08:23:02Z,89.6254,0.089966,0.092900,0.002934,below_midpoint_feather
2026-08-08T08:23:35Z,89.6757,0.091743,0.089237,-0.002506,below_midpoint_feather
2026-08-08T08:24:21Z,89.6666,0.095666,0.091964,-0.003702,below_midpoint_feather
2026-08-08T08:24:27Z,89.6254,0.093396,0.096358,0.002962,below_midpoint_feather
2026-08-08T08:25:21Z,89.7047,0.095314,0.091013,-0.004301,below_midpoint_feather
2026-08-08T08:25:47Z,89.6315,0.096376,0.098977,0.002600,below_midpoint_feather
2026-08-08T08:26:25Z,89.6315,0.097324,0.100513,0.003189,below_midpoint_feather
2026-08-08T08:26:31Z,89.6666,0.100338,0.097251,-0.003086,below_midpoint_feather
2026-08-08T08:27:17Z,89.6178,0.099455,0.104110,0.004655,below_midpoint_feather
2026-08-08T08:27:27Z,89.6666,0.101225,0.099553,-0.001672,below_midpoint_feather
2026-08-08T08:28:25Z,89.6773,0.104517,0.100934,-0.003583,below_midpoint_feather
2026-08-08T08:28:41Z,89.6178,0.103480,0.107564,0.004084,below_midpoint_feather
2026-08-08T08:29:35Z,89.6712,0.106457,0.104386,-0.002071,below_midpoint_feather
2026-08-08T08:29:53Z,89.6407,0.105103,0.108110,0.003007,below_midpoint_feather
2026-08-08T08:30:07Z,89.6849,0.105963,0.104439,-0.001524,below_midpoint_feather
2026-08-08T08:30:19Z,89.6315,0.106892,0.110119,0.003227,below_midpoint_feather
2026-08-08T08:31:11Z,89.6757,0.110967,0.107860,-0.003107,below_midpoint_feather
2026-08-08T08:31:49Z,89.6254,0.109809,0.114414,0.004605,below_midpoint_feather
2026-08-08T08:32:01Z,89.6773,0.112533,0.109748,-0.002785,below_midpoint_feather
2026-08-08T08:32:53Z,89.6345,0.113120,0.116031,0.002911,below_midpoint_feather
2026-08-08T08:33:41Z,89.6269,0.115039,0.118756,0.003717,below_midpoint_feather
2026-08-08T08:33:45Z,89.6849,0.114756,0.113241,-0.001515,below_midpoint_feather
2026-08-08T08:34:05Z,89.6269,0.115250,0.119711,0.004461,below_midpoint_feather
2026-08-08T08:34:35Z,89.6803,0.118043,0.115630,-0.002413,below_midpoint_feather
2026-08-08T08:35:01Z,89.6849,0.119054,0.116238,-0.002816,below_midpoint_feather
2026-08-08T08:35:53Z,89.6269,0.118578,0.123933,0.005355,below_midpoint_feather
2026-08-08T08:36:15Z,89.6849,0.120997,0.119097,-0.001900,below_midpoint_feather
2026-08-08T08:36:29Z,89.6040,0.121976,0.127810,0.005834,below_midpoint_feather
2026-08-08T08:37:15Z,89.6864,0.123738,0.121284,-0.002454,below_midpoint_feather
2026-08-08T08:37:43Z,89.6452,0.122779,0.126283,0.003504,below_midpoint_feather
2026-08-08T08:38:31Z,89.6452,0.124153,0.128086,0.003933,below_midpoint_feather
2026-08-08T08:38:47Z,89.6941,0.126304,0.124089,-0.002215,below_midpoint_feather
2026-08-08T08:39:49Z,89.6849,0.129017,0.127176,-0.001841,below_midpoint_feather
2026-08-08T08:39:57Z,89.6407,0.127720,0.131713,0.003993,below_midpoint_feather
2026-08-08T08:40:21Z,89.7230,0.128451,0.125133,-0.003318,below_midpoint_feather
2026-08-08T08:40:51Z,89.6544,0.128832,0.132282,0.003451,below_midpoint_feather
2026-08-08T08:41:23Z,89.6681,0.128352,0.132072,0.003720,below_midpoint_feather
2026-08-08T08:41:53Z,89.7414,0.129743,0.126926,-0.002817,below_midpoint_feather
2026-08-08T08:42:31Z,89.7353,0.130443,0.128600,-0.001843,below_midpoint_feather
2026-08-08T08:42:39Z,89.6849,0.129204,0.133003,0.003799,below_midpoint_feather
2026-08-08T08:43:01Z,89.7505,0.130982,0.128405,-0.002577,below_midpoint_feather
2026-08-08T08:43:19Z,89.6803,0.130887,0.134613,0.003725,below_midpoint_feather
2026-08-08T08:44:21Z,89.7627,0.131197,0.129831,-0.001366,below_midpoint_feather
2026-08-08T08:44:23Z,89.7047,0.131251,0.134276,0.003026,below_midpoint_feather
2026-08-08T08:45:05Z,89.7627,0.131677,0.130990,-0.000687,below_midpoint_feather
2026-08-08T08:45:58Z,89.7032,0.133640,0.136806,0.003166,below_midpoint_feather
2026-08-08T08:46:03Z,89.7734,0.134105,0.131702,-0.002403,below_midpoint_feather
2026-08-08T08:46:19Z,89.7459,0.131468,0.133963,0.002495,below_midpoint_feather
2026-08-08T08:47:15Z,89.7642,0.132211,0.133914,0.001703,below_midpoint_feather
2026-08-08T08:47:21Z,89.7993,0.133415,0.131854,-0.001561,below_midpoint_feather
2026-08-08T08:48:31Z,89.7826,0.132196,0.134137,0.001941,below_midpoint_feather
2026-08-08T08:48:33Z,89.8405,0.132230,0.131062,-0.001168,below_midpoint_feather
2026-08-08T08:49:51Z,89.8009,0.131801,0.134198,0.002397,below_midpoint_feather
2026-08-08T08:49:59Z,89.8283,0.133288,0.132848,-0.000440,below_midpoint_feather
2026-08-08T08:50:15Z,89.8085,0.132309,0.134066,0.001757,below_midpoint_feather
2026-08-08T08:50:41Z,89.8878,0.131519,0.130935,-0.000583,below_midpoint_feather
2026-08-08T08:51:35Z,89.8924,0.132638,0.131315,-0.001323,below_midpoint_feather
2026-08-08T08:51:45Z,89.8329,0.131954,0.133727,0.001773,below_midpoint_feather
2026-08-08T08:52:37Z,89.9046,0.132250,0.131456,-0.000794,below_midpoint_feather
2026-08-08T08:52:47Z,89.8558,0.131222,0.133189,0.001967,below_midpoint_feather
2026-08-08T08:53:03Z,89.9184,0.131761,0.131284,-0.000477,below_midpoint_feather
2026-08-08T08:53:19Z,89.8558,0.131706,0.133390,0.001683,below_midpoint_feather
2026-08-08T08:54:15Z,89.8741,0.131453,0.132979,0.001526,below_midpoint_feather
2026-08-08T08:54:27Z,89.9336,0.131504,0.131404,-0.000100,below_midpoint_feather
2026-08-08T08:55:00Z,89.8970,0.131392,0.132413,0.001021,below_midpoint_feather
2026-08-08T08:55:05Z,89.9413,0.131264,0.131412,0.000148,below_midpoint_feather
2026-08-08T08:56:13Z,89.9413,0.130739,0.131587,0.000848,below_midpoint_feather
2026-08-08T08:56:58Z,90.0069,0.130689,0.130724,0.000035,in_band
2026-08-08T08:57:16Z,90.0069,0.130647,0.130305,-0.000342,in_band
2026-08-08T08:57:58Z,89.9962,0.128754,0.128892,0.000138,below_midpoint_feather
2026-08-08T08:58:00Z,90.0145,0.128611,0.128748,0.000136,in_band
2026-08-08T08:58:02Z,89.9870,0.128469,0.128772,0.000303,below_midpoint_feather
2026-08-08T08:59:00Z,90.0099,0.124409,0.124680,0.000271,in_band
2026-08-08T08:59:59Z,90.0572,0.120402,0.120665,0.000263,in_band
2026-08-08T09:00:00Z,90.0572,0.120336,0.120598,0.000263,in_band
2026-08-08T09:00:59Z,90.0847,0.116457,0.116711,0.000254,in_band
2026-08-08T09:01:00Z,90.0847,0.116392,0.116647,0.000254,in_band
2026-08-08T09:01:59Z,90.0786,0.112640,0.112886,0.000246,in_band
2026-08-08T09:02:00Z,90.0786,0.112577,0.112823,0.000246,in_band
2026-08-08T09:02:59Z,90.0923,0.108947,0.109185,0.000238,in_band
2026-08-08T09:03:00Z,90.0923,0.108887,0.109125,0.000238,in_band
2026-08-08T09:03:59Z,90.0984,0.105376,0.105606,0.000230,in_band
2026-08-08T09:04:00Z,90.0984,0.105317,0.105547,0.000230,in_band
2026-08-08T09:04:59Z,90.0938,0.101921,0.102144,0.000223,in_band
2026-08-08T09:05:00Z,90.0938,0.101865,0.102087,0.000222,in_band
2026-08-08T09:05:59Z,90.1534,0.098580,0.098795,0.000215,in_band
2026-08-08T09:06:00Z,90.1534,0.098525,0.098740,0.000215,in_band
2026-08-08T09:06:59Z,90.1289,0.095348,0.095556,0.000208,in_band
2026-08-08T09:07:00Z,90.1289,0.095295,0.095503,0.000208,in_band
2026-08-08T09:07:59Z,90.1259,0.092222,0.092424,0.000201,in_band
2026-08-08T09:08:00Z,90.1259,0.092171,0.092372,0.000201,in_band
2026-08-08T09:08:59Z,90.1167,0.089199,0.089394,0.000195,in_band
2026-08-08T09:09:00Z,90.1167,0.089149,0.089344,0.000195,in_band
2026-08-08T09:09:59Z,90.1198,0.086274,0.086463,0.000188,in_band
2026-08-08T09:10:00Z,90.1198,0.086227,0.086415,0.000188,in_band
2026-08-08T09:10:59Z,90.1534,0.083446,0.083628,0.000182,in_band
2026-08-08T09:11:00Z,90.1534,0.083400,0.083582,0.000182,in_band
2026-08-08T09:11:59Z,90.1213,0.080710,0.080887,0.000176,in_band
2026-08-08T09:12:00Z,90.1213,0.080665,0.080842,0.000176,in_band
2026-08-08T09:12:59Z,90.1259,0.078064,0.078235,0.000170,in_band
2026-08-08T09:13:00Z,90.1259,0.078021,0.078191,0.000170,in_band
2026-08-08T09:13:59Z,90.1396,0.075505,0.075670,0.000165,in_band
2026-08-08T09:14:00Z,90.1396,0.075463,0.075628,0.000165,in_band
2026-08-08T09:14:59Z,90.1061,0.073030,0.073189,0.000160,in_band
2026-08-08T09:15:00Z,90.1061,0.072989,0.073149,0.000159,in_band
2026-08-08T09:15:59Z,90.1061,0.070636,0.070790,0.000154,in_band
2026-08-08T09:16:00Z,90.1061,0.070596,0.070750,0.000154,in_band
2026-08-08T09:16:59Z,90.1335,0.068320,0.068469,0.000149,in_band
2026-08-08T09:17:00Z,90.1335,0.068282,0.068431,0.000149,in_band
2026-08-08T09:17:59Z,90.0801,0.066080,0.066224,0.000144,in_band
2026-08-08T09:18:00Z,90.0801,0.066043,0.066188,0.000144,in_band
2026-08-08T09:18:59Z,90.0984,0.063914,0.064053,0.000140,in_band
2026-08-08T09:19:00Z,90.0984,0.063878,0.064018,0.000139,in_band
2026-08-08T09:19:59Z,90.1015,0.061818,0.061953,0.000135,in_band
2026-08-08T09:20:00Z,90.1015,0.061784,0.061919,0.000135,in_band
2026-08-08T09:20:59Z,90.1076,0.059792,0.059922,0.000131,in_band
2026-08-08T09:21:00Z,90.1076,0.059758,0.059889,0.000131,in_band
2026-08-08T09:21:59Z,90.0923,0.057831,0.057958,0.000126,in_band
2026-08-08T09:22:00Z,90.0923,0.057799,0.057926,0.000126,in_band
2026-08-08T09:22:59Z,90.0755,0.055936,0.056058,0.000122,in_band
2026-08-08T09:23:00Z,90.0755,0.055904,0.056027,0.000122,in_band
2026-08-08T09:23:59Z,90.0740,0.054102,0.054220,0.000118,in_band
2026-08-08T09:24:00Z,90.0740,0.054072,0.054190,0.000118,in_band
2026-08-08T09:24:59Z,90.0618,0.052328,0.052442,0.000114,in_band
2026-08-08T09:25:00Z,90.0618,0.052299,0.052413,0.000114,in_band
2026-08-08T09:25:59Z,90.0374,0.050613,0.050723,0.000111,in_band
2026-08-08T09:26:00Z,90.0374,0.050584,0.050695,0.000110,in_band
2026-08-08T09:26:59Z,90.0465,0.048953,0.049060,0.000107,in_band
2026-08-08T09:27:00Z,90.0465,0.048926,0.049033,0.000107,in_band
2026-08-08T09:27:59Z,90.0694,0.047348,0.047452,0.000103,in_band
2026-08-08T09:28:00Z,90.0694,0.047322,0.047425,0.000103,in_band
2026-08-08T09:28:59Z,90.0374,0.045796,0.045896,0.000100,in_band
2026-08-08T09:29:00Z,90.0374,0.045771,0.045871,0.000100,in_band
2026-08-08T09:29:59Z,90.0206,0.044295,0.044392,0.000097,in_band
2026-08-08T09:30:00Z,90.0206,0.044270,0.044367,0.000097,in_band
2026-08-08T09:30:59Z,90.0389,0.042843,0.042936,0.000094,in_band
2026-08-08T09:31:00Z,90.0389,0.042819,0.042912,0.000093,in_band
2026-08-08T09:31:59Z,90.0099,0.041438,0.041529,0.000090,in_band
2026-08-08T09:32:28Z,90.0145,0.040776,0.040865,0.000089,in_band
2026-08-08T09:32:50Z,89.9794,0.040280,0.040609,0.000328,below_midpoint_feather
2026-08-08T09:33:04Z,90.0008,0.039968,0.040279,0.000311,in_band
2026-08-08T09:33:52Z,89.9748,0.039003,0.039704,0.000701,below_midpoint_feather
2026-08-08T09:34:08Z,89.9657,0.039064,0.039738,0.000674,below_midpoint_feather
2026-08-08T09:34:52Z,90.0008,0.039023,0.039267,0.000245,in_band
2026-08-08T09:35:43Z,89.9413,0.039068,0.039633,0.000565,below_midpoint_feather
2026-08-08T09:35:48Z,90.0160,0.039069,0.039100,0.000031,in_band
2026-08-08T09:36:23Z,89.9382,0.038997,0.039607,0.000610,below_midpoint_feather
2026-08-08T09:36:43Z,89.9916,0.039209,0.039080,-0.000130,below_midpoint_feather
2026-08-08T09:37:40Z,89.9336,0.039162,0.039719,0.000557,below_midpoint_feather
2026-08-08T09:37:53Z,89.9657,0.039393,0.039266,-0.000127,below_midpoint_feather
2026-08-08T09:38:37Z,89.9046,0.039252,0.040372,0.001120,below_midpoint_feather
2026-08-08T09:38:45Z,89.9733,0.039440,0.039185,-0.000255,below_midpoint_feather
2026-08-08T09:39:09Z,89.9275,0.039205,0.039847,0.000642,below_midpoint_feather
2026-08-08T09:39:45Z,89.9733,0.039453,0.039226,-0.000226,below_midpoint_feather
2026-08-08T09:40:31Z,89.9657,0.039718,0.039331,-0.000387,below_midpoint_feather
2026-08-08T09:40:49Z,89.9092,0.039526,0.040354,0.000828,below_midpoint_feather
2026-08-08T09:41:13Z,89.9138,0.039548,0.040263,0.000715,below_midpoint_feather
2026-08-08T09:41:19Z,89.9733,0.039884,0.039314,-0.000570,below_midpoint_feather
2026-08-08T09:42:21Z,89.9062,0.039771,0.040529,0.000758,below_midpoint_feather
2026-08-08T09:42:27Z,89.9825,0.039834,0.039327,-0.000507,below_midpoint_feather
2026-08-08T09:43:21Z,89.9153,0.039658,0.040361,0.000704,below_midpoint_feather
2026-08-08T09:43:53Z,89.9657,0.039922,0.039544,-0.000378,below_midpoint_feather
2026-08-08T09:44:25Z,89.9016,0.039958,0.040791,0.000833,below_midpoint_feather
2026-08-08T09:44:29Z,89.9596,0.039962,0.039651,-0.000311,below_midpoint_feather
2026-08-08T09:45:41Z,89.8970,0.039917,0.041025,0.001108,below_midpoint_feather
2026-08-08T09:45:47Z,89.9794,0.040150,0.039585,-0.000565,below_midpoint_feather
2026-08-08T09:46:37Z,89.9550,0.040560,0.039888,-0.000671,below_midpoint_feather
2026-08-08T09:46:47Z,89.8955,0.040088,0.041171,0.001083,below_midpoint_feather
2026-08-08T09:47:31Z,89.9336,0.040613,0.040323,-0.000290,below_midpoint_feather
2026-08-08T09:47:41Z,89.9062,0.040183,0.040970,0.000787,below_midpoint_feather
2026-08-08T09:48:15Z,89.9611,0.040698,0.040001,-0.000697,below_midpoint_feather
2026-08-08T09:48:49Z,89.8878,0.040763,0.041642,0.000878,below_midpoint_feather
2026-08-08T09:49:31Z,89.8863,0.040579,0.041784,0.001205,below_midpoint_feather
2026-08-08T09:49:51Z,89.9428,0.040895,0.040459,-0.000436,below_midpoint_feather
2026-08-08T09:50:17Z,89.9413,0.041106,0.040547,-0.000560,below_midpoint_feather
2026-08-08T09:50:55Z,89.8970,0.040769,0.041654,0.000885,below_midpoint_feather
2026-08-08T09:51:10Z,89.9001,0.040771,0.041600,0.000829,below_midpoint_feather
2026-08-08T09:51:37Z,89.9611,0.040827,0.040455,-0.000372,below_midpoint_feather
2026-08-08T09:52:21Z,89.9611,0.040821,0.040544,-0.000277,below_midpoint_feather
2026-08-08T09:52:52Z,89.9153,0.040573,0.041402,0.000829,below_midpoint_feather
2026-08-08T09:53:35Z,89.8955,0.040485,0.041999,0.001514,below_midpoint_feather
2026-08-08T09:53:57Z,89.9794,0.040870,0.040534,-0.000336,below_midpoint_feather
2026-08-08T09:54:29Z,89.9931,0.040646,0.040517,-0.000128,below_midpoint_feather
2026-08-08T09:54:54Z,89.9458,0.040480,0.040906,0.000427,below_midpoint_feather
2026-08-08T09:55:13Z,89.9870,0.040573,0.040527,-0.000046,below_midpoint_feather
2026-08-08T09:55:56Z,89.9519,0.040434,0.040811,0.000376,below_midpoint_feather
2026-08-08T09:56:06Z,89.9550,0.040515,0.040730,0.000214,below_midpoint_feather
2026-08-08T09:56:59Z,90.0145,0.040248,0.040124,-0.000125,in_band
2026-08-08T09:57:06Z,89.9641,0.040117,0.040197,0.000080,below_midpoint_feather
2026-08-08T09:57:34Z,90.0145,0.040011,0.039754,-0.000257,in_band
2026-08-08T09:58:00Z,90.0069,0.039592,0.039406,-0.000186,in_band
2026-08-08T09:58:46Z,89.9733,0.038596,0.038817,0.000221,below_midpoint_feather
2026-08-08T09:59:20Z,90.0282,0.037875,0.038035,0.000161,in_band
2026-08-08T09:59:50Z,89.9962,0.037249,0.037618,0.000369,below_midpoint_feather
2026-08-08T10:00:06Z,90.0069,0.036920,0.037283,0.000364,in_band
2026-08-08T10:00:34Z,89.9825,0.036350,0.036834,0.000484,below_midpoint_feather
2026-08-08T10:01:24Z,90.0252,0.035354,0.035823,0.000468,in_band
2026-08-08T10:01:26Z,89.9733,0.035315,0.035924,0.000609,below_midpoint_feather
2026-08-08T10:02:30Z,90.0145,0.034082,0.034610,0.000529,in_band
2026-08-08T10:02:58Z,89.9886,0.033556,0.034171,0.000615,below_midpoint_feather
2026-08-08T10:03:08Z,90.0282,0.033370,0.033963,0.000593,in_band
2026-08-08T10:03:10Z,89.9962,0.033333,0.033965,0.000632,below_midpoint_feather
2026-08-08T10:04:20Z,90.0023,0.032061,0.032668,0.000606,in_band
2026-08-08T10:04:22Z,89.9687,0.032026,0.032807,0.000781,below_midpoint_feather
2026-08-08T10:05:22Z,90.0343,0.030976,0.031597,0.000621,in_band
2026-08-08T10:05:24Z,89.9931,0.030941,0.031604,0.000663,below_midpoint_feather
2026-08-08T10:06:06Z,90.0435,0.030228,0.030869,0.000641,in_band
2026-08-08T10:06:40Z,89.9962,0.029662,0.030360,0.000698,below_midpoint_feather
2026-08-08T10:07:10Z,90.0435,0.029172,0.029857,0.000685,in_band
2026-08-08T10:07:12Z,89.9886,0.029139,0.029875,0.000736,below_midpoint_feather
2026-08-08T10:08:06Z,90.0389,0.028278,0.028974,0.000696,in_band
2026-08-08T10:08:22Z,89.9748,0.028028,0.028872,0.000844,below_midpoint_feather
2026-08-08T10:09:14Z,90.0343,0.027230,0.027994,0.000764,in_band
2026-08-08T10:09:16Z,89.9825,0.027200,0.028037,0.000838,below_midpoint_feather
2026-08-08T10:10:00Z,90.0526,0.026543,0.027348,0.000805,in_band
2026-08-08T10:10:02Z,89.9931,0.026513,0.027355,0.000842,below_midpoint_feather
2026-08-08T10:11:30Z,90.0191,0.025248,0.026044,0.000795,in_band
2026-08-08T10:11:48Z,89.9931,0.024997,0.025848,0.000851,below_midpoint_feather
2026-08-08T10:12:28Z,90.0252,0.024591,0.025415,0.000824,in_band
2026-08-08T10:12:46Z,89.9794,0.024385,0.025334,0.000949,below_midpoint_feather
2026-08-08T10:13:06Z,89.9748,0.024151,0.025196,0.001046,below_midpoint_feather
2026-08-08T10:13:10Z,90.0328,0.024211,0.025079,0.000867,in_band
2026-08-08T10:14:14Z,90.0023,0.023360,0.024366,0.001006,in_band
2026-08-08T10:14:59Z,89.9733,0.022840,0.024119,0.001279,below_midpoint_feather
2026-08-08T10:15:40Z,89.9550,0.022594,0.024041,0.001447,below_midpoint_feather
2026-08-08T10:15:59Z,90.0069,0.022572,0.023688,0.001117,in_band
2026-08-08T10:16:12Z,90.0053,0.022572,0.023623,0.001052,in_band
2026-08-08T10:16:30Z,89.9733,0.022370,0.023595,0.001225,below_midpoint_feather
2026-08-08T10:17:08Z,89.9657,0.022265,0.023533,0.001268,below_midpoint_feather
2026-08-08T10:17:58Z,90.0053,0.022198,0.023187,0.000989,in_band
2026-08-08T10:18:25Z,89.9596,0.022003,0.023267,0.001264,below_midpoint_feather
2026-08-08T10:18:36Z,90.0053,0.021978,0.022958,0.000980,in_band
2026-08-08T10:19:02Z,90.0206,0.021663,0.022706,0.001042,in_band
2026-08-08T10:19:52Z,89.9611,0.021094,0.022448,0.001355,below_midpoint_feather
2026-08-08T10:20:08Z,90.0237,0.020907,0.022061,0.001154,in_band
2026-08-08T10:20:36Z,89.9825,0.020584,0.021838,0.001253,below_midpoint_feather
2026-08-08T10:21:20Z,90.0298,0.020157,0.021363,0.001207,in_band
2026-08-08T10:21:24Z,89.9825,0.020110,0.021383,0.001274,below_midpoint_feather
2026-08-08T10:22:00Z,90.0114,0.019712,0.020964,0.001253,in_band
2026-08-08T10:22:59Z,90.0511,0.019076,0.020288,0.001212,in_band
2026-08-08T10:23:00Z,90.0511,0.019065,0.020277,0.001212,in_band
2026-08-08T10:23:59Z,90.0694,0.018451,0.019623,0.001173,in_band
2026-08-08T10:24:00Z,90.0694,0.018440,0.019613,0.001172,in_band
2026-08-08T10:24:59Z,90.0938,0.017846,0.018980,0.001134,in_band
2026-08-08T10:25:00Z,90.0938,0.017836,0.018970,0.001134,in_band
2026-08-08T10:25:59Z,90.0786,0.017261,0.018358,0.001097,in_band
2026-08-08T10:26:00Z,90.0786,0.017251,0.018348,0.001097,in_band
2026-08-08T10:26:59Z,90.0938,0.016695,0.017756,0.001061,in_band
2026-08-08T10:27:00Z,90.0938,0.016686,0.017746,0.001061,in_band
2026-08-08T10:27:59Z,90.1198,0.016147,0.017174,0.001027,in_band
2026-08-08T10:28:00Z,90.1198,0.016138,0.017164,0.001026,in_band
2026-08-08T10:28:59Z,90.1259,0.015618,0.016611,0.000993,in_band
2026-08-08T10:29:00Z,90.1259,0.015609,0.016602,0.000992,in_band
2026-08-08T10:29:59Z,90.1061,0.015106,0.016066,0.000960,in_band
2026-08-08T10:30:00Z,90.1061,0.015098,0.016057,0.000960,in_band
2026-08-08T10:30:59Z,90.1350,0.014611,0.015540,0.000929,in_band
2026-08-08T10:31:00Z,90.1350,0.014603,0.015531,0.000928,in_band
2026-08-08T10:31:59Z,90.1518,0.014132,0.015030,0.000898,in_band
2026-08-08T10:32:00Z,90.1518,0.014124,0.015022,0.000898,in_band
2026-08-08T10:32:59Z,90.2113,0.013669,0.014537,0.000869,in_band
2026-08-08T10:33:00Z,90.2113,0.013661,0.014529,0.000868,in_band
2026-08-08T10:33:59Z,90.2312,0.013220,0.014061,0.000840,in_band
2026-08-08T10:34:00Z,90.2312,0.013213,0.014053,0.000840,in_band
2026-08-08T10:34:59Z,90.2129,0.012787,0.013600,0.000813,in_band
2026-08-08T10:35:00Z,90.2129,0.012780,0.013592,0.000812,in_band
2026-08-08T10:35:59Z,90.2617,0.012368,0.013154,0.000786,in_band
2026-08-08T10:36:00Z,90.2617,0.012361,0.013147,0.000786,in_band
2026-08-08T10:36:59Z,90.2480,0.011962,0.012723,0.000760,in_band
2026-08-08T10:37:00Z,90.2480,0.011956,0.012716,0.000760,in_band
2026-08-08T10:37:59Z,90.2770,0.011570,0.012306,0.000736,in_band
2026-08-08T10:38:00Z,90.2770,0.011564,0.012299,0.000735,in_band
2026-08-08T10:38:59Z,90.3349,0.011191,0.011902,0.000711,in_band
2026-08-08T10:39:00Z,90.3349,0.011185,0.011896,0.000711,in_band
2026-08-08T10:39:59Z,90.3395,0.010824,0.011512,0.000688,in_band
2026-08-08T10:40:00Z,90.3395,0.010818,0.011506,0.000688,in_band
2026-08-08T10:40:59Z,90.3182,0.010469,0.011135,0.000666,in_band
2026-08-08T10:41:00Z,90.3182,0.010463,0.011128,0.000665,in_band
2026-08-08T10:41:59Z,90.3639,0.010126,0.010770,0.000644,in_band
2026-08-08T10:42:00Z,90.3639,0.010120,0.010764,0.000643,in_band
2026-08-08T10:42:59Z,90.3410,0.009794,0.010417,0.000623,in_band
2026-08-08T10:43:00Z,90.3410,0.009788,0.010411,0.000622,in_band
2026-08-08T10:43:59Z,90.4005,0.009473,0.010075,0.000602,in_band
2026-08-08T10:44:00Z,90.4005,0.009468,0.010069,0.000602,in_band
2026-08-08T10:44:59Z,90.4189,0.009162,0.009745,0.000582,in_band
2026-08-08T10:45:00Z,90.4189,0.009157,0.009739,0.000582,in_band
2026-08-08T10:45:59Z,90.3990,0.008862,0.009425,0.000563,in_band
2026-08-08T10:46:00Z,90.3990,0.008857,0.009420,0.000563,in_band
2026-08-08T10:46:59Z,90.4097,0.008571,0.009116,0.000545,in_band
2026-08-08T10:47:00Z,90.4097,0.008567,0.009111,0.000545,in_band
2026-08-08T10:47:59Z,90.4051,0.008290,0.008817,0.000527,in_band
2026-08-08T10:48:00Z,90.4051,0.008286,0.008813,0.000527,in_band
2026-08-08T10:48:59Z,90.4372,0.008019,0.008528,0.000510,in_band
2026-08-08T10:49:00Z,90.4372,0.008014,0.008524,0.000509,in_band
2026-08-08T10:49:59Z,90.4372,0.007756,0.008249,0.000493,in_band
2026-08-08T10:50:00Z,90.4372,0.007751,0.008244,0.000493,in_band
2026-08-08T10:50:59Z,90.4540,0.007501,0.007978,0.000477,in_band
2026-08-08T10:51:00Z,90.4540,0.007497,0.007974,0.000477,in_band
2026-08-08T10:51:59Z,90.4738,0.007256,0.007717,0.000461,in_band
2026-08-08T10:52:00Z,90.4738,0.007251,0.007712,0.000461,in_band
2026-08-08T10:52:59Z,90.4875,0.007018,0.007464,0.000446,in_band
2026-08-08T10:53:00Z,90.4875,0.007014,0.007460,0.000446,in_band
2026-08-08T10:53:59Z,90.4814,0.006788,0.007219,0.000431,in_band
2026-08-08T10:54:00Z,90.4814,0.006784,0.007215,0.000431,in_band
2026-08-08T10:54:59Z,90.4952,0.006565,0.006982,0.000417,in_band
2026-08-08T10:55:00Z,90.4952,0.006561,0.006979,0.000417,in_band
2026-08-08T10:55:59Z,90.5104,0.006350,0.006754,0.000404,in_band
2026-08-08T10:56:00Z,90.5104,0.006346,0.006750,0.000403,in_band
2026-08-08T10:56:59Z,90.5287,0.006142,0.006532,0.000390,in_band
2026-08-08T10:57:00Z,90.5287,0.006138,0.006528,0.000390,in_band
2026-08-08T10:57:59Z,90.5592,0.005940,0.006318,0.000378,in_band
2026-08-08T10:58:00Z,90.5592,0.005937,0.006314,0.000377,in_band
2026-08-08T10:58:59Z,90.5226,0.005746,0.006111,0.000365,in_band
2026-08-08T10:59:00Z,90.5226,0.005742,0.006107,0.000365,in_band
2026-08-08T10:59:59Z,90.5516,0.005557,0.005910,0.000353,in_band
2026-08-08T11:00:00Z,90.5516,0.005554,0.005907,0.000353,in_band
2026-08-08T11:00:59Z,90.5745,0.005375,0.005717,0.000342,in_band
2026-08-08T11:01:00Z,90.5745,0.005372,0.005714,0.000342,in_band
2026-08-08T11:01:59Z,90.5730,0.005199,0.005529,0.000330,in_band
2026-08-08T11:02:00Z,90.5730,0.005196,0.005526,0.000330,in_band
2026-08-08T11:02:59Z,90.5928,0.005028,0.005348,0.000320,in_band
2026-08-08T11:03:00Z,90.5928,0.005026,0.005345,0.000319,in_band
2026-08-08T11:03:59Z,90.5318,0.004864,0.005173,0.000309,in_band
2026-08-08T11:04:00Z,90.5318,0.004861,0.005170,0.000309,in_band
2026-08-08T11:04:59Z,90.5608,0.004704,0.005003,0.000299,in_band
2026-08-08T11:05:00Z,90.5608,0.004701,0.005000,0.000299,in_band
2026-08-08T11:05:59Z,90.5745,0.004550,0.004839,0.000289,in_band
2026-08-08T11:06:00Z,90.5745,0.004547,0.004836,0.000289,in_band
2026-08-08T11:06:59Z,90.5089,0.004401,0.004680,0.000280,in_band
2026-08-08T11:07:00Z,90.5089,0.004398,0.004678,0.000280,in_band
2026-08-08T11:07:59Z,90.5058,0.004256,0.004527,0.000271,in_band
2026-08-08T11:08:00Z,90.5058,0.004254,0.004524,0.000270,in_band
2026-08-08T11:08:59Z,90.5180,0.004117,0.004379,0.000262,in_band
2026-08-08T11:09:00Z,90.5180,0.004115,0.004376,0.000262,in_band
2026-08-08T11:09:59Z,90.4738,0.003982,0.004235,0.000253,in_band
2026-08-08T11:10:00Z,90.4738,0.003980,0.004233,0.000253,in_band
2026-08-08T11:10:59Z,90.4540,0.003851,0.004096,0.000245,in_band
2026-08-08T11:11:00Z,90.4540,0.003849,0.004094,0.000245,in_band
2026-08-08T11:11:59Z,90.4356,0.003725,0.003962,0.000237,in_band
2026-08-08T11:12:00Z,90.4356,0.003723,0.003960,0.000237,in_band
2026-08-08T11:12:59Z,90.4036,0.003603,0.003832,0.000229,in_band
2026-08-08T11:13:00Z,90.4036,0.003601,0.003830,0.000229,in_band
2026-08-08T11:13:59Z,90.4036,0.003485,0.003706,0.000222,in_band
2026-08-08T11:14:00Z,90.4036,0.003483,0.003704,0.000221,in_band
2026-08-08T11:14:59Z,90.3639,0.003371,0.003585,0.000214,in_band
2026-08-08T11:15:00Z,90.3639,0.003369,0.003583,0.000214,in_band
2026-08-08T11:15:59Z,90.3624,0.003260,0.003467,0.000207,in_band
2026-08-08T11:16:00Z,90.3624,0.003258,0.003465,0.000207,in_band
2026-08-08T11:16:59Z,90.3120,0.003153,0.003354,0.000200,in_band
2026-08-08T11:17:00Z,90.3120,0.003151,0.003352,0.000200,in_band
2026-08-08T11:17:59Z,90.2495,0.003050,0.003244,0.000194,in_band
2026-08-08T11:18:00Z,90.2495,0.003048,0.003242,0.000194,in_band
2026-08-08T11:18:59Z,90.2480,0.002950,0.003137,0.000188,in_band
2026-08-08T11:19:00Z,90.2480,0.002948,0.003136,0.000187,in_band
2026-08-08T11:19:59Z,90.2220,0.002853,0.003035,0.000181,in_band
2026-08-08T11:20:00Z,90.2220,0.002852,0.003033,0.000181,in_band
2026-08-08T11:20:59Z,90.1656,0.002760,0.002935,0.000175,in_band
2026-08-08T11:21:00Z,90.1656,0.002758,0.002933,0.000175,in_band
2026-08-08T11:21:59Z,90.2068,0.002669,0.002839,0.000170,in_band
2026-08-08T11:22:00Z,90.2068,0.002668,0.002837,0.000170,in_band
2026-08-08T11:22:59Z,90.1762,0.002582,0.002746,0.000164,in_band
2026-08-08T11:23:00Z,90.1762,0.002580,0.002744,0.000164,in_band
2026-08-08T11:23:59Z,90.1564,0.002497,0.002656,0.000159,in_band
2026-08-08T11:24:00Z,90.1564,0.002496,0.002654,0.000159,in_band
2026-08-08T11:24:59Z,90.1167,0.002415,0.002569,0.000154,in_band
2026-08-08T11:25:00Z,90.1167,0.002414,0.002567,0.000153,in_band
2026-08-08T11:25:59Z,90.1259,0.002336,0.002484,0.000148,in_band
2026-08-08T11:26:00Z,90.1259,0.002335,0.002483,0.000148,in_band
2026-08-08T11:26:59Z,90.1259,0.002259,0.002403,0.000144,in_band
2026-08-08T11:27:00Z,90.1259,0.002258,0.002402,0.000144,in_band
2026-08-08T11:27:59Z,90.0984,0.002185,0.002324,0.000139,in_band
2026-08-08T11:28:00Z,90.0984,0.002184,0.002323,0.000139,in_band
2026-08-08T11:28:59Z,90.0847,0.002114,0.002248,0.000134,in_band
2026-08-08T11:29:00Z,90.0847,0.002113,0.002247,0.000134,in_band
2026-08-08T11:29:59Z,90.0618,0.002044,0.002174,0.000130,in_band
2026-08-08T11:30:00Z,90.0618,0.002043,0.002173,0.000130,in_band
2026-08-08T11:30:59Z,90.0389,0.001977,0.002103,0.000126,in_band
2026-08-08T11:31:00Z,90.0389,0.001976,0.002102,0.000126,in_band
2026-08-08T11:31:59Z,90.0252,0.001913,0.002034,0.000122,in_band
2026-08-08T11:32:00Z,90.0252,0.001911,0.002033,0.000122,in_band
2026-08-08T11:32:42Z,89.9794,0.001867,0.002060,0.000192,below_midpoint_feather
2026-08-08T11:33:08Z,89.9702,0.001841,0.002101,0.000261,below_midpoint_feather
2026-08-08T11:33:59Z,90.0023,0.001839,0.001956,0.000116,in_band
2026-08-08T11:34:20Z,90.0023,0.001894,0.001947,0.000052,in_band
2026-08-08T11:34:46Z,89.9733,0.001813,0.002036,0.000223,below_midpoint_feather
2026-08-08T11:35:04Z,90.0069,0.001816,0.001931,0.000116,in_band
2026-08-08T11:35:24Z,89.9733,0.001803,0.002019,0.000216,below_midpoint_feather
2026-08-08T11:36:18Z,90.0328,0.001746,0.001869,0.000123,in_band
2026-08-08T11:36:24Z,89.9870,0.001740,0.001891,0.000151,below_midpoint_feather
2026-08-08T11:37:22Z,90.0206,0.001685,0.001811,0.000126,in_band
2026-08-08T11:37:28Z,89.9702,0.001679,0.001935,0.000255,below_midpoint_feather
2026-08-08T11:38:04Z,90.0114,0.001646,0.001775,0.000129,in_band
2026-08-08T11:38:40Z,89.9870,0.001614,0.001772,0.000159,below_midpoint_feather
2026-08-08T11:39:14Z,90.0145,0.001587,0.001722,0.000135,in_band
2026-08-08T11:39:16Z,89.9794,0.001585,0.001782,0.000197,below_midpoint_feather
2026-08-08T11:40:46Z,90.0237,0.001508,0.001642,0.000134,in_band
2026-08-08T11:40:48Z,89.9748,0.001506,0.001732,0.000226,below_midpoint_feather
2026-08-08T11:41:34Z,89.9977,0.001468,0.001605,0.000137,below_midpoint_feather
2026-08-08T11:41:59Z,90.0069,0.001448,0.001582,0.000134,in_band
2026-08-08T11:42:04Z,90.0145,0.001444,0.001578,0.000134,in_band
2026-08-08T11:42:06Z,89.9840,0.001442,0.001614,0.000172,below_midpoint_feather
2026-08-08T11:43:00Z,90.0298,0.001400,0.001535,0.000135,in_band
2026-08-08T11:43:59Z,90.0374,0.001355,0.001485,0.000131,in_band
2026-08-08T11:44:56Z,90.0206,0.001312,0.001439,0.000127,in_band
2026-08-08T11:44:58Z,89.9931,0.001311,0.001446,0.000135,below_midpoint_feather
2026-08-08T11:45:00Z,90.0465,0.001310,0.001438,0.000128,in_band
2026-08-08T11:45:59Z,90.0526,0.001267,0.001391,0.000124,in_band
2026-08-08T11:46:00Z,90.0526,0.001267,0.001390,0.000124,in_band
2026-08-08T11:46:59Z,90.0572,0.001226,0.001346,0.000120,in_band
2026-08-08T11:47:28Z,89.9962,0.001206,0.001328,0.000122,below_midpoint_feather
2026-08-08T11:47:59Z,90.0282,0.001186,0.001303,0.000117,in_band
2026-08-08T11:48:10Z,89.9825,0.001178,0.001340,0.000162,below_midpoint_feather
2026-08-08T11:48:38Z,90.0252,0.001160,0.001277,0.000116,in_band
2026-08-08T11:49:14Z,90.0237,0.001137,0.001253,0.000116,in_band
2026-08-08T11:49:50Z,89.9886,0.001115,0.001252,0.000137,below_midpoint_feather
2026-08-08T11:50:49Z,89.9474,0.001109,0.001604,0.000494,below_midpoint_feather
2026-08-08T11:50:56Z,90.0191,0.001109,0.001207,0.000098,in_band
2026-08-08T11:51:32Z,90.0069,0.001105,0.001199,0.000094,in_band
2026-08-08T11:51:38Z,89.9687,0.001082,0.001337,0.000256,below_midpoint_feather
2026-08-08T11:52:16Z,90.0145,0.001060,0.001177,0.000117,in_band
2026-08-08T11:52:42Z,89.9794,0.001045,0.001225,0.000180,below_midpoint_feather
2026-08-08T11:53:22Z,90.0008,0.001036,0.001147,0.000111,in_band
2026-08-08T11:53:36Z,89.9733,0.001020,0.001243,0.000223,below_midpoint_feather
2026-08-08T11:54:12Z,90.0114,0.001000,0.001121,0.000121,in_band
2026-08-08T11:54:49Z,89.9687,0.000985,0.001248,0.000263,below_midpoint_feather
2026-08-08T11:55:35Z,89.9931,0.001052,0.001109,0.000057,below_midpoint_feather
2026-08-08T11:55:55Z,89.9199,0.001333,0.002015,0.000682,below_midpoint_feather
2026-08-08T11:56:19Z,89.9733,0.001477,0.001209,-0.000268,below_midpoint_feather
2026-08-08T11:56:27Z,89.9199,0.001480,0.002024,0.000544,below_midpoint_feather
2026-08-08T11:57:03Z,89.8878,0.001727,0.002924,0.001197,below_midpoint_feather
2026-08-08T11:57:09Z,89.9474,0.002073,0.001534,-0.000539,below_midpoint_feather
2026-08-08T11:58:37Z,89.8726,0.004823,0.003656,-0.001168,below_midpoint_feather
2026-08-08T11:58:41Z,89.7963,0.004841,0.007267,0.002426,below_midpoint_feather
2026-08-08T11:59:15Z,89.8451,0.007145,0.004982,-0.002163,below_midpoint_feather
2026-08-08T11:59:45Z,89.7444,0.007921,0.011110,0.003189,below_midpoint_feather
2026-08-08T12:00:16Z,89.7368,0.009896,0.012017,0.002121,below_midpoint_feather
2026-08-08T12:00:37Z,89.7826,0.010796,0.009169,-0.001627,below_midpoint_feather
2026-08-08T12:01:27Z,89.8329,0.009280,0.007175,-0.002104,below_midpoint_feather
2026-08-08T12:01:43Z,89.7581,0.009167,0.011767,0.002600,below_midpoint_feather
2026-08-08T12:02:41Z,89.7169,0.012674,0.015731,0.003057,below_midpoint_feather
2026-08-08T12:02:59Z,89.7597,0.014760,0.012861,-0.001899,below_midpoint_feather
2026-08-08T12:03:09Z,89.7444,0.016767,0.014123,-0.002644,below_midpoint_feather
2026-08-08T12:03:13Z,89.6727,0.016464,0.020145,0.003680,below_midpoint_feather
2026-08-08T12:04:11Z,89.6956,0.021408,0.019450,-0.001958,below_midpoint_feather
2026-08-08T12:04:57Z,89.6407,0.022617,0.025992,0.003376,below_midpoint_feather
2026-08-08T12:05:13Z,89.6910,0.024428,0.021719,-0.002709,below_midpoint_feather
2026-08-08T12:05:17Z,89.6162,0.024559,0.029217,0.004658,below_midpoint_feather
2026-08-08T12:06:27Z,89.5857,0.032045,0.035301,0.003256,below_midpoint_feather
2026-08-08T12:06:37Z,89.6300,0.034537,0.030794,-0.003744,below_midpoint_feather
2026-08-08T12:07:21Z,89.5857,0.040826,0.037803,-0.003023,below_midpoint_feather
2026-08-08T12:07:29Z,89.5354,0.039727,0.044514,0.004787,below_midpoint_feather
2026-08-08T12:08:23Z,89.5491,0.049142,0.045887,-0.003255,below_midpoint_feather
2026-08-08T12:08:39Z,89.4621,0.051019,0.059169,0.008150,below_midpoint_feather
2026-08-08T12:09:47Z,89.5064,0.061911,0.057707,-0.004203,below_midpoint_feather
2026-08-08T12:09:49Z,89.4209,0.062070,0.070903,0.008834,below_midpoint_feather
2026-08-08T12:10:05Z,89.4804,0.065919,0.062920,-0.002999,below_midpoint_feather
2026-08-08T12:10:55Z,89.3797,0.074974,0.083756,0.008781,below_midpoint_feather
2026-08-08T12:11:16Z,89.3797,0.079815,0.085850,0.006035,below_midpoint_feather
2026-08-08T12:11:23Z,89.4255,0.083640,0.078797,-0.004843,below_midpoint_feather
2026-08-08T12:12:49Z,89.3614,0.106365,0.099883,-0.006483,below_midpoint_feather
2026-08-08T12:12:51Z,89.2973,0.106624,0.112368,0.005744,below_midpoint_feather
2026-08-08T12:13:33Z,89.2821,0.112932,0.121186,0.008254,below_midpoint_feather
2026-08-08T12:13:47Z,89.3568,0.118824,0.108722,-0.010103,below_midpoint_feather
2026-08-08T12:14:07Z,89.3324,0.119662,0.116226,-0.003436,below_midpoint_feather
2026-08-08T12:14:23Z,89.3004,0.117952,0.124864,0.006913,below_midpoint_feather
2026-08-08T12:15:27Z,89.2729,0.131851,0.140229,0.008378,below_midpoint_feather
2026-08-08T12:15:29Z,89.3431,0.132162,0.126725,-0.005437,below_midpoint_feather
2026-08-08T12:16:21Z,89.3568,0.141541,0.132394,-0.009147,below_midpoint_feather
2026-08-08T12:16:31Z,89.2744,0.139271,0.150023,0.010751,below_midpoint_feather
2026-08-08T12:17:17Z,89.3568,0.145037,0.141178,-0.003859,below_midpoint_feather
2026-08-08T12:17:31Z,89.2912,0.147196,0.155939,0.008743,below_midpoint_feather
2026-08-08T12:18:05Z,89.3507,0.154721,0.149630,-0.005091,below_midpoint_feather
2026-08-08T12:18:49Z,89.3202,0.158235,0.162093,0.003858,below_midpoint_feather
2026-08-08T12:19:13Z,89.3248,0.160131,0.164804,0.004673,below_midpoint_feather
2026-08-08T12:19:21Z,89.3782,0.161320,0.156140,-0.005180,below_midpoint_feather
2026-08-08T12:20:30Z,89.4347,0.162831,0.156552,-0.006279,below_midpoint_feather
2026-08-08T12:20:53Z,89.3843,0.163616,0.168092,0.004476,below_midpoint_feather
2026-08-08T12:21:35Z,89.4026,0.165193,0.170237,0.005044,below_midpoint_feather
2026-08-08T12:21:57Z,89.4942,0.166363,0.158491,-0.007872,below_midpoint_feather
2026-08-08T12:22:19Z,89.4743,0.168144,0.163879,-0.004265,below_midpoint_feather
2026-08-08T12:22:53Z,89.4347,0.165774,0.173686,0.007913,below_midpoint_feather
2026-08-08T12:23:17Z,89.4484,0.169582,0.173947,0.004364,below_midpoint_feather
2026-08-08T12:23:19Z,89.5216,0.169781,0.163417,-0.006364,below_midpoint_feather
2026-08-08T12:24:00Z,89.5445,0.167191,0.164327,-0.002864,below_midpoint_feather
2026-08-08T12:24:57Z,89.4789,0.172866,0.178483,0.005616,below_midpoint_feather
2026-08-08T12:25:01Z,89.5262,0.176877,0.172132,-0.004745,below_midpoint_feather
2026-08-08T12:25:51Z,89.4240,0.183166,0.191664,0.008498,below_midpoint_feather
2026-08-08T12:26:23Z,89.4514,0.184569,0.190032,0.005463,below_midpoint_feather
2026-08-08T12:26:31Z,89.4972,0.187526,0.183882,-0.003644,below_midpoint_feather
2026-08-08T12:27:10Z,89.3980,0.195981,0.202966,0.006985,below_midpoint_feather
2026-08-08T12:27:11Z,89.4759,0.196073,0.190597,-0.005476,below_midpoint_feather
2026-08-08T12:28:21Z,89.4392,0.209718,0.203405,-0.006313,below_midpoint_feather
2026-08-08T12:28:51Z,89.3706,0.211010,0.218379,0.007369,below_midpoint_feather
2026-08-08T12:29:11Z,89.3477,0.216397,0.224822,0.008425,below_midpoint_feather
2026-08-08T12:29:17Z,89.3919,0.220299,0.217581,-0.002717,below_midpoint_feather
2026-08-08T12:30:11Z,89.3660,0.234331,0.228684,-0.005648,below_midpoint_feather
2026-08-08T12:30:21Z,89.3004,0.232730,0.242406,0.009676,below_midpoint_feather
2026-08-08T12:31:49Z,89.2958,0.264479,0.256081,-0.008398,below_midpoint_feather
2026-08-08T12:31:57Z,89.1859,0.269065,0.281119,0.012054,below_midpoint_feather
2026-08-08T12:32:05Z,89.2699,0.277158,0.264035,-0.013122,below_midpoint_feather
2026-08-08T12:32:09Z,89.1722,0.275101,0.286362,0.011260,below_midpoint_feather
2026-08-08T12:33:23Z,89.1585,0.306963,0.303445,-0.003518,below_midpoint_feather
2026-08-08T12:33:40Z,89.0761,0.314979,0.327659,0.012680,below_midpoint_feather
2026-08-08T12:34:31Z,89.0761,0.344497,0.339533,-0.004963,below_midpoint_feather
2026-08-08T12:34:40Z,89.0318,0.344300,0.353725,0.009425,below_midpoint_feather
2026-08-08T12:35:34Z,88.9174,0.382822,0.402006,0.019184,below_midpoint_feather
2026-08-08T12:35:41Z,88.9586,0.397593,0.391672,-0.005920,below_midpoint_feather
2026-08-08T12:36:36Z,88.8258,0.431382,0.451919,0.020537,below_midpoint_feather
2026-08-08T12:36:47Z,88.8884,0.448209,0.435647,-0.012562,below_midpoint_feather
2026-08-08T12:37:19Z,88.8609,0.468716,0.456988,-0.011728,below_midpoint_feather
2026-08-08T12:37:24Z,88.7831,0.465657,0.485110,0.019453,below_midpoint_feather
2026-08-08T12:38:00Z,88.8243,0.497906,0.486460,-0.011446,below_midpoint_feather
2026-08-08T12:38:08Z,88.7556,0.504619,0.513649,0.009030,below_midpoint_feather
2026-08-08T12:39:01Z,88.8029,0.532942,0.521930,-0.011012,below_midpoint_feather
2026-08-08T12:39:53Z,88.7282,0.558287,0.573554,0.015267,below_midpoint_feather
2026-08-08T12:40:07Z,88.7968,0.571696,0.556320,-0.015376,below_midpoint_feather
2026-08-08T12:40:57Z,88.6793,0.603533,0.623752,0.020219,below_midpoint_feather
2026-08-08T12:41:20Z,88.6778,0.619866,0.636273,0.016407,below_midpoint_feather
2026-08-08T12:41:37Z,88.7007,0.644085,0.636739,-0.007346,below_midpoint_feather
2026-08-08T12:42:10Z,88.5817,0.685638,0.700914,0.015277,below_midpoint_feather
2026-08-08T12:42:41Z,88.6183,0.713936,0.704453,-0.009483,below_midpoint_feather
2026-08-08T12:43:09Z,88.5863,0.744643,0.734331,-0.010312,below_midpoint_feather
2026-08-08T12:43:59Z,88.4825,0.791570,0.810012,0.018442,below_midpoint_feather
2026-08-08T12:44:31Z,88.4550,0.821918,0.843775,0.021858,below_midpoint_feather
2026-08-08T12:44:39Z,88.5145,0.837303,0.824071,-0.013232,below_midpoint_feather
2026-08-08T12:45:27Z,88.4627,0.867437,0.880924,0.013487,below_midpoint_feather
2026-08-08T12:45:35Z,88.5222,0.875292,0.861506,-0.013786,below_midpoint_feather
2026-08-08T12:46:09Z,88.5054,0.881868,0.893914,0.012046,below_midpoint_feather
2026-08-08T12:46:55Z,88.5878,0.911493,0.893783,-0.017710,below_midpoint_feather
2026-08-08T12:47:19Z,88.5679,0.902854,0.919149,0.016295,below_midpoint_feather
2026-08-08T12:47:26Z,88.6503,0.904824,0.891521,-0.013303,below_midpoint_feather
2026-08-08T12:48:01Z,88.6229,0.910677,0.926277,0.015600,below_midpoint_feather
2026-08-08T12:48:16Z,88.7297,0.912003,0.895999,-0.016003,below_midpoint_feather
2026-08-08T12:49:02Z,88.8014,0.915930,0.899619,-0.016311,below_midpoint_feather
2026-08-08T12:49:11Z,88.7755,0.904253,0.913880,0.009627,below_midpoint_feather
2026-08-08T12:50:00Z,88.8655,0.902165,0.910496,0.008331,below_midpoint_feather
2026-08-08T12:50:58Z,89.1035,0.881341,0.868479,-0.012862,below_midpoint_feather
2026-08-08T12:51:01Z,89.0486,0.880939,0.884136,0.003198,below_midpoint_feather
2026-08-08T12:51:16Z,89.1279,0.880836,0.869418,-0.011418,below_midpoint_feather
2026-08-08T12:52:16Z,89.3980,0.839335,0.832129,-0.007206,below_midpoint_feather
2026-08-08T12:52:21Z,89.3736,0.833575,0.837675,0.004099,below_midpoint_feather
2026-08-08T12:53:08Z,89.6071,0.817334,0.813594,-0.003739,below_midpoint_feather
2026-08-08T12:53:11Z,89.5628,0.817105,0.819308,0.002203,below_midpoint_feather
2026-08-08T12:54:02Z,89.8039,0.806162,0.803862,-0.002300,below_midpoint_feather
2026-08-08T12:54:05Z,89.7642,0.805538,0.806560,0.001023,below_midpoint_feather
2026-08-08T12:55:01Z,89.9687,0.801990,0.801197,-0.000793,below_midpoint_feather
2026-08-08T12:55:14Z,90.0298,0.802393,0.799708,-0.002685,in_band
2026-08-08T12:56:00Z,90.1610,0.783117,0.780448,-0.002668,in_band
2026-08-08T12:56:59Z,90.3441,0.758397,0.755781,-0.002616,in_band
2026-08-08T12:57:00Z,90.3441,0.757981,0.755366,-0.002614,in_band
2026-08-08T12:57:59Z,90.4921,0.733736,0.731194,-0.002543,in_band
2026-08-08T12:58:00Z,90.4921,0.733331,0.730790,-0.002541,in_band
2026-08-08T12:58:57Z,90.6371,0.710208,0.708078,-0.002130,in_band
2026-08-08T12:59:00Z,90.6508,0.709364,0.706901,-0.002463,in_band
2026-08-08T12:59:59Z,90.8293,0.686516,0.684131,-0.002385,in_band
2026-08-08T13:00:00Z,90.8293,0.686135,0.683752,-0.002383,in_band
2026-08-08T13:00:59Z,90.9255,0.664019,0.661713,-0.002307,in_band
2026-08-08T13:01:00Z,90.9255,0.663651,0.661345,-0.002306,in_band
2026-08-08T13:01:59Z,91.0735,0.642254,0.640023,-0.002232,in_band
2026-08-08T13:02:00Z,91.0735,0.641897,0.639667,-0.002230,in_band
2026-08-08T13:02:59Z,91.1727,0.621200,0.619042,-0.002159,in_band
2026-08-08T13:03:00Z,91.1727,0.620855,0.618698,-0.002158,in_band
2026-08-08T13:03:59Z,91.2749,0.600836,0.598747,-0.002088,in_band
2026-08-08T13:04:00Z,91.2749,0.600502,0.598415,-0.002087,in_band
2026-08-08T13:04:59Z,91.3558,0.581138,0.579118,-0.002020,in_band
2026-08-08T13:05:00Z,91.3558,0.580815,0.578797,-0.002018,in_band
2026-08-08T13:05:59Z,91.4580,0.562086,0.560133,-0.001953,in_band
2026-08-08T13:06:24Z,91.4931,0.554333,0.552407,-0.001926,in_band
2026-08-08T13:06:29Z,91.5206,0.551492,0.543638,-0.007854,above_band_high
2026-08-08T13:07:57Z,91.6045,0.499101,0.505401,0.006301,above_band_high
2026-08-08T13:07:59Z,91.6213,0.499644,0.498123,-0.001520,above_band_high
2026-08-08T13:08:09Z,91.6274,0.485375,0.494891,0.009516,above_band_high
2026-08-08T13:08:38Z,91.6991,0.477164,0.461836,-0.015328,above_band_high
2026-08-08T13:09:01Z,91.6625,0.462978,0.474890,0.011912,above_band_high
2026-08-08T13:09:49Z,91.7769,0.434314,0.418678,-0.015636,above_band_high
2026-08-08T13:10:45Z,91.8822,0.385191,0.361589,-0.023602,above_band_high
2026-08-08T13:10:59Z,91.8105,0.373791,0.388554,0.014764,above_band_high
2026-08-08T13:11:00Z,91.8105,0.373524,0.388281,0.014757,above_band_high
2026-08-08T13:11:11Z,91.8914,0.370502,0.350729,-0.019774,above_band_high
2026-08-08T13:12:00Z,91.8837,0.328037,0.338702,0.010666,above_band_high
2026-08-08T13:12:15Z,91.9509,0.324827,0.304868,-0.019959,above_band_high
2026-08-08T13:13:02Z,91.9966,0.287733,0.267630,-0.020102,above_band_high
2026-08-08T13:13:49Z,91.9829,0.236756,0.253514,0.016757,above_band_high
2026-08-08T13:14:09Z,92.0439,0.235401,0.218242,-0.017160,above_band_high
2026-08-08T13:14:17Z,92.0165,0.217310,0.226171,0.008861,above_band_high
2026-08-08T13:15:09Z,92.0439,0.171942,0.188454,0.016513,above_band_high
2026-08-08T13:15:29Z,92.1309,0.159388,0.140685,-0.018703,above_band_high
2026-08-08T13:16:15Z,92.1111,0.120671,0.123320,0.002650,above_band_high
2026-08-08T13:16:45Z,92.1843,0.098540,0.074425,-0.024115,above_band_high
2026-08-08T13:17:27Z,92.1386,0.059284,0.068149,0.008865,above_band_high
2026-08-08T13:17:30Z,92.2164,0.052200,0.033061,-0.019139,above_band_high
2026-08-08T13:18:09Z,92.2438,0.018729,0.000000,-0.018729,above_band_high
2026-08-08T13:18:31Z,92.1859,0.000000,0.006228,0.006228,above_band_high
2026-08-08T13:19:00Z,92.2133,0.000000,0.000000,0.000000,above_band_high
2026-08-08T13:20:00Z,92.2667,0.000000,0.000000,0.000000,above_band_high
2026-08-08T13:21:00Z,92.2683,0.000000,0.000000,0.000000,above_band_high
2026-08-08T13:22:00Z,92.2667,0.000000,0.000000,0.000000,above_band_high
2026-08-08T13:23:00Z,92.2591,0.000000,0.000000,0.000000,above_band_high
2026-08-08T13:24:00Z,92.2393,0.000000,0.000000,0.000000,above_band_high
2026-08-08T13:25:00Z,92.1935,0.000000,0.000000,0.000000,above_band_high
2026-08-08T13:26:00Z,92.1752,0.000000,0.000000,0.000000,above_band_high
2026-08-08T13:27:00Z,92.1614,0.000000,0.000000,0.000000,above_band_high
2026-08-08T13:28:00Z,92.1248,0.000000,0.000000,0.000000,above_band_high
2026-08-08T13:29:00Z,92.0653,0.000000,0.000000,0.000000,above_band_high
2026-08-08T13:30:00Z,92.0714,0.000000,0.000000,0.000000,above_band_high
2026-08-08T13:31:00Z,91.9890,0.000000,0.000000,0.000000,above_band_high
2026-08-08T13:32:00Z,91.9203,0.000000,0.000000,0.000000,above_band_high
2026-08-08T13:33:00Z,91.9097,0.000000,0.000000,0.000000,above_band_high
2026-08-08T13:34:00Z,91.8563,0.000000,0.000000,0.000000,above_band_high
2026-08-08T13:35:00Z,91.7830,0.000000,0.000000,0.000000,above_band_high
2026-08-08T13:36:00Z,91.7739,0.000000,0.000000,0.000000,above_band_high
2026-08-08T13:37:00Z,91.7418,0.000000,0.000000,0.000000,above_band_high
2026-08-08T13:38:00Z,91.6945,0.000000,0.000000,0.000000,above_band_high
2026-08-08T13:39:00Z,91.6503,0.000000,0.000000,0.000000,above_band_high
2026-08-08T13:40:00Z,91.6457,0.000000,0.000000,0.000000,above_band_high
2026-08-08T13:41:00Z,91.6045,0.000000,0.000000,0.000000,above_band_high
2026-08-08T13:42:00Z,91.5892,0.000000,0.000000,0.000000,above_band_high
2026-08-08T13:43:00Z,91.5450,0.000000,0.000000,0.000000,above_band_high
2026-08-08T13:43:39Z,91.4900,0.000000,0.004322,0.004322,in_band
2026-08-08T13:44:00Z,91.5389,0.000000,0.000000,0.000000,above_band_high
2026-08-08T13:44:13Z,91.4794,0.000000,0.003432,0.003432,in_band
2026-08-08T13:45:05Z,91.4992,0.000000,0.002108,0.002108,in_band
2026-08-08T13:45:09Z,91.5023,0.001178,0.001016,-0.000162,above_band_high
2026-08-08T13:46:58Z,91.4305,0.000368,0.000373,0.000005,in_band
2026-08-08T13:46:59Z,91.4473,0.000362,0.000367,0.000005,in_band
2026-08-08T13:47:00Z,91.4473,0.000356,0.000361,0.000005,in_band
2026-08-08T13:47:59Z,91.4305,0.000134,0.000136,0.000002,in_band
2026-08-08T13:48:00Z,91.4305,0.000132,0.000134,0.000002,in_band
2026-08-08T13:48:59Z,91.4107,0.000050,0.000050,0.000001,in_band
2026-08-08T13:49:00Z,91.4107,0.000049,0.000050,0.000001,in_band
2026-08-08T13:49:59Z,91.4122,0.000018,0.000019,0.000000,in_band
2026-08-08T13:50:00Z,91.4122,0.000018,0.000018,0.000000,in_band
2026-08-08T13:50:59Z,91.4153,0.000007,0.000007,0.000000,in_band
2026-08-08T13:51:00Z,91.4153,0.000007,0.000007,0.000000,in_band
2026-08-08T13:51:59Z,91.3481,0.000003,0.000003,0.000000,in_band
2026-08-08T13:52:00Z,91.3481,0.000002,0.000003,0.000000,in_band
2026-08-08T13:52:59Z,91.3466,0.000001,0.000001,0.000000,in_band
2026-08-08T13:53:00Z,91.3466,0.000001,0.000001,0.000000,in_band
2026-08-08T13:53:59Z,91.3283,0.000000,0.000000,0.000000,in_band
2026-08-08T13:54:00Z,91.3283,0.000000,0.000000,0.000000,in_band
2026-08-08T13:54:59Z,91.2459,0.000000,0.000000,0.000000,in_band
2026-08-08T13:55:00Z,91.2459,0.000000,0.000000,0.000000,in_band
2026-08-08T13:55:59Z,91.2322,0.000000,0.000000,0.000000,in_band
2026-08-08T13:56:00Z,91.2322,0.000000,0.000000,0.000000,in_band
2026-08-08T13:56:59Z,91.2184,0.000000,0.000000,0.000000,in_band
2026-08-08T13:57:00Z,91.2184,0.000000,0.000000,0.000000,in_band
2026-08-08T13:57:59Z,91.1788,0.000000,0.000000,0.000000,in_band
2026-08-08T13:58:00Z,91.1788,0.000000,0.000000,0.000000,in_band
2026-08-08T13:58:59Z,91.1925,0.000000,0.000000,0.000000,in_band
2026-08-08T13:59:00Z,91.1925,0.000000,0.000000,0.000000,in_band
2026-08-08T13:59:59Z,91.1727,0.000000,0.000000,0.000000,in_band
2026-08-08T14:00:00Z,91.1727,0.000000,0.000000,0.000000,in_band
2026-08-08T14:00:59Z,91.1543,0.000000,0.000000,0.000000,in_band
2026-08-08T14:01:00Z,91.1543,0.000000,0.000000,0.000000,in_band
2026-08-08T14:01:59Z,91.1376,0.000000,0.000000,0.000000,in_band
2026-08-08T14:02:00Z,91.1376,0.000000,0.000000,0.000000,in_band
2026-08-08T14:02:59Z,91.1055,0.000000,0.000000,0.000000,in_band
2026-08-08T14:03:00Z,91.1055,0.000000,0.000000,0.000000,in_band
2026-08-08T14:03:59Z,91.0643,0.000000,0.000000,0.000000,in_band
2026-08-08T14:04:00Z,91.0643,0.000000,0.000000,0.000000,in_band
2026-08-08T14:04:59Z,91.0307,0.000000,0.000000,0.000000,in_band
2026-08-08T14:05:00Z,91.0307,0.000000,0.000000,0.000000,in_band
2026-08-08T14:05:59Z,90.9087,0.000000,0.000000,0.000000,in_band
2026-08-08T14:06:00Z,90.9087,0.000000,0.000000,0.000000,in_band
2026-08-08T14:06:59Z,90.8064,0.000000,0.000000,0.000000,in_band
2026-08-08T14:07:00Z,90.8064,0.000000,0.000000,0.000000,in_band
2026-08-08T14:07:59Z,90.6569,0.000000,0.000000,0.000000,in_band
2026-08-08T14:08:00Z,90.6569,0.000000,0.000000,0.000000,in_band
2026-08-08T14:08:59Z,90.5287,0.000000,0.000000,0.000000,in_band
2026-08-08T14:09:00Z,90.5287,0.000000,0.000000,0.000000,in_band
2026-08-08T14:09:59Z,90.3944,0.000000,0.000000,0.000000,in_band
2026-08-08T14:10:00Z,90.3944,0.000000,0.000000,0.000000,in_band
2026-08-08T14:10:59Z,90.2708,0.000000,0.000000,0.000000,in_band
2026-08-08T14:11:00Z,90.2708,0.000000,0.000000,0.000000,in_band
2026-08-08T14:11:59Z,90.1427,0.000000,0.000000,0.000000,in_band
2026-08-08T14:12:00Z,90.1427,0.000000,0.000000,0.000000,in_band
2026-08-08T14:12:59Z,90.0389,0.000000,0.000000,0.000000,in_band
2026-08-08T14:13:43Z,89.9962,0.000126,0.000002,-0.000124,below_midpoint_feather
2026-08-08T14:13:55Z,89.9382,0.000233,0.000544,0.000311,below_midpoint_feather
2026-08-08T14:14:43Z,89.9016,0.002441,0.001404,-0.001038,below_midpoint_feather
2026-08-08T14:14:57Z,89.8375,0.001982,0.003808,0.001826,below_midpoint_feather
2026-08-08T14:15:20Z,89.7963,0.003254,0.006023,0.002769,below_midpoint_feather
2026-08-08T14:15:53Z,89.8054,0.008179,0.005695,-0.002484,below_midpoint_feather
2026-08-08T14:16:02Z,89.7322,0.007750,0.010589,0.002839,below_midpoint_feather
2026-08-08T14:16:59Z,89.7139,0.014837,0.012845,-0.001992,below_midpoint_feather
2026-08-08T14:17:11Z,89.6956,0.018055,0.014633,-0.003422,below_midpoint_feather
2026-08-08T14:17:29Z,89.5933,0.019698,0.025418,0.005721,below_midpoint_feather
2026-08-08T14:18:47Z,89.5171,0.041457,0.038215,-0.003242,below_midpoint_feather
2026-08-08T14:18:56Z,89.4606,0.041305,0.046943,0.005637,below_midpoint_feather
2026-08-08T14:19:09Z,89.4850,0.049659,0.044099,-0.005560,below_midpoint_feather
2026-08-08T14:19:36Z,89.3706,0.056783,0.064695,0.007912,below_midpoint_feather
2026-08-08T14:20:33Z,89.3416,0.080962,0.075502,-0.005460,below_midpoint_feather
2026-08-08T14:20:52Z,89.2363,0.089633,0.099083,0.009451,below_midpoint_feather
2026-08-08T14:21:21Z,89.2638,0.105255,0.097228,-0.008027,below_midpoint_feather
2026-08-08T14:21:46Z,89.1325,0.118468,0.131119,0.012652,below_midpoint_feather
2026-08-08T14:22:03Z,89.1630,0.131220,0.126735,-0.004485,below_midpoint_feather
2026-08-08T14:22:46Z,89.0776,0.147013,0.156856,0.009843,below_midpoint_feather
2026-08-08T14:23:08Z,89.0349,0.161408,0.173362,0.011954,below_midpoint_feather
2026-08-08T14:23:33Z,89.0394,0.182413,0.178347,-0.004066,below_midpoint_feather
2026-08-08T14:24:08Z,88.9128,0.208633,0.224971,0.016338,below_midpoint_feather
2026-08-08T14:24:21Z,88.9342,0.224907,0.222374,-0.002534,below_midpoint_feather
2026-08-08T14:25:41Z,88.8609,0.282646,0.273656,-0.008990,below_midpoint_feather
2026-08-08T14:25:45Z,88.7510,0.285241,0.312554,0.027313,below_midpoint_feather
2026-08-08T14:26:43Z,88.7846,0.335132,0.325737,-0.009396,below_midpoint_feather
2026-08-08T14:26:56Z,88.7297,0.337910,0.351219,0.013308,below_midpoint_feather
2026-08-08T14:27:04Z,88.7144,0.344912,0.360554,0.015642,below_midpoint_feather
2026-08-08T14:27:09Z,88.7617,0.353827,0.345968,-0.007859,below_midpoint_feather
2026-08-08T14:28:10Z,88.6381,0.403401,0.422402,0.019001,below_midpoint_feather
2026-08-08T14:28:13Z,88.6870,0.417132,0.405422,-0.011710,below_midpoint_feather
2026-08-08T14:29:09Z,88.5695,0.458206,0.482496,0.024290,below_midpoint_feather
2026-08-08T14:29:59Z,88.6000,0.510097,0.500383,-0.009714,below_midpoint_feather
2026-08-08T14:30:00Z,88.6000,0.510716,0.501008,-0.009708,below_midpoint_feather
2026-08-08T14:30:15Z,88.5039,0.526351,0.550040,0.023689,below_midpoint_feather
2026-08-08T14:31:37Z,88.4993,0.621521,0.607572,-0.013949,below_midpoint_feather
2026-08-08T14:31:46Z,88.4367,0.624120,0.640797,0.016677,below_midpoint_feather
2026-08-08T14:32:00Z,88.4535,0.653912,0.643953,-0.009959,below_midpoint_feather
2026-08-08T14:32:58Z,88.3482,0.715178,0.734043,0.018864,below_midpoint_feather
2026-08-08T14:33:07Z,88.3803,0.737462,0.727723,-0.009739,below_midpoint_feather
2026-08-08T14:33:54Z,88.2658,0.793393,0.816406,0.023013,below_midpoint_feather
2026-08-08T14:34:02Z,88.2795,0.799718,0.817570,0.017852,below_midpoint_feather
2026-08-08T14:34:09Z,88.3207,0.815635,0.806186,-0.009449,below_midpoint_feather
2026-08-08T14:35:43Z,88.2017,0.921059,0.944466,0.023407,below_midpoint_feather
2026-08-08T14:35:47Z,88.2795,0.928817,0.915128,-0.013689,below_midpoint_feather
2026-08-08T14:36:47Z,88.2841,0.975903,0.972083,-0.003821,below_midpoint_feather
2026-08-08T14:36:57Z,88.2490,0.983196,0.996956,0.013760,below_midpoint_feather
2026-08-08T14:37:07Z,88.2704,0.985257,0.997725,0.012468,below_midpoint_feather
2026-08-08T14:37:41Z,88.3635,1.000000,0.991319,-0.008681,below_midpoint_feather
2026-08-08T14:38:00Z,88.3726,1.000000,1.000000,0.000000,below_midpoint_feather
2026-08-08T14:38:05Z,88.4031,1.000000,0.997453,-0.002547,below_midpoint_feather
2026-08-08T14:39:00Z,88.4855,1.000000,1.000000,0.000000,below_midpoint_feather
2026-08-08T14:40:46Z,88.7694,0.994884,0.985520,-0.009364,below_midpoint_feather
2026-08-08T14:40:51Z,88.7648,0.985862,0.990514,0.004652,below_midpoint_feather
2026-08-08T14:41:10Z,88.8670,0.986739,0.968370,-0.018369,below_midpoint_feather
2026-08-08T14:41:21Z,88.8426,0.975271,0.983010,0.007738,below_midpoint_feather
2026-08-08T14:42:00Z,89.0440,0.956731,0.943734,-0.012997,below_midpoint_feather
2026-08-08T14:42:51Z,89.1600,0.929167,0.936032,0.006865,below_midpoint_feather
2026-08-08T14:43:14Z,89.2866,0.921889,0.915886,-0.006002,below_midpoint_feather
2026-08-08T14:43:23Z,89.2683,0.917098,0.922402,0.005304,below_midpoint_feather
2026-08-08T14:44:01Z,89.3843,0.907521,0.910115,0.002594,below_midpoint_feather
2026-08-08T14:44:38Z,89.6040,0.894614,0.885812,-0.008803,below_midpoint_feather
2026-08-08T14:45:09Z,89.6574,0.883252,0.884675,0.001423,below_midpoint_feather
2026-08-08T14:45:44Z,89.8283,0.878523,0.875673,-0.002851,below_midpoint_feather
2026-08-08T14:46:15Z,89.8772,0.874610,0.875646,0.001036,below_midpoint_feather
2026-08-08T14:46:58Z,90.0237,0.874686,0.873164,-0.001522,in_band
2026-08-08T14:47:00Z,90.0145,0.873765,0.872243,-0.001522,in_band
2026-08-08T14:47:45Z,90.1396,0.853001,0.851463,-0.001537,in_band
2026-08-08T14:48:00Z,90.1762,0.846084,0.844549,-0.001535,in_band
2026-08-08T14:48:59Z,90.4097,0.819155,0.817647,-0.001509,in_band
2026-08-08T14:49:00Z,90.4097,0.818704,0.817196,-0.001508,in_band
2026-08-08T14:49:59Z,90.5776,0.792435,0.790967,-0.001468,in_band
2026-08-08T14:50:00Z,90.5776,0.791996,0.790529,-0.001467,in_band
2026-08-08T14:50:59Z,90.7576,0.766506,0.765083,-0.001423,in_band
2026-08-08T14:51:00Z,90.7576,0.766081,0.764659,-0.001422,in_band
2026-08-08T14:51:59Z,90.9071,0.741395,0.740018,-0.001377,in_band
2026-08-08T14:52:00Z,90.9071,0.740984,0.739607,-0.001377,in_band
2026-08-08T14:52:59Z,91.0735,0.717097,0.715764,-0.001333,in_band
2026-08-08T14:53:00Z,91.0735,0.716699,0.715366,-0.001332,in_band
2026-08-08T14:53:59Z,91.1833,0.693590,0.692301,-0.001289,in_band
2026-08-08T14:54:00Z,91.1833,0.693205,0.691916,-0.001289,in_band
2026-08-08T14:54:59Z,91.3298,0.670852,0.669605,-0.001247,in_band
2026-08-08T14:55:00Z,91.3298,0.670480,0.669233,-0.001246,in_band
2026-08-08T14:55:59Z,91.4382,0.648860,0.647653,-0.001206,in_band
2026-08-08T14:56:07Z,91.4748,0.645982,0.646216,0.000234,in_band
2026-08-08T14:56:19Z,91.5160,0.641690,0.636173,-0.005517,above_band_high
2026-08-08T14:57:49Z,91.6258,0.572944,0.586651,0.013708,above_band_high
2026-08-08T14:57:58Z,91.6670,0.576188,0.568382,-0.007806,above_band_high
2026-08-08T14:58:37Z,91.6899,0.546921,0.554587,0.007666,above_band_high
2026-08-08T14:58:52Z,91.7784,0.541691,0.514793,-0.026898,above_band_high
2026-08-08T14:59:02Z,91.7693,0.529817,0.517172,-0.012645,above_band_high
2026-08-08T14:59:13Z,91.7586,0.511136,0.519885,0.008748,above_band_high
2026-08-08T15:00:58Z,91.9615,0.422020,0.406640,-0.015380,above_band_high
2026-08-08T15:00:59Z,91.8975,0.422345,0.433648,0.011303,above_band_high
2026-08-08T15:01:00Z,91.8975,0.422018,0.433311,0.011293,above_band_high
2026-08-08T15:01:14Z,91.9890,0.409465,0.389428,-0.020037,above_band_high
2026-08-08T15:02:33Z,92.0394,0.328700,0.335548,0.006848,above_band_high
2026-08-08T15:02:54Z,92.1035,0.314858,0.298172,-0.016686,above_band_high
2026-08-08T15:03:40Z,92.1614,0.265051,0.249408,-0.015643,above_band_high
2026-08-08T15:03:43Z,92.1035,0.253645,0.272484,0.018839,above_band_high
2026-08-08T15:04:39Z,92.1798,0.198107,0.206922,0.008815,above_band_high
2026-08-08T15:04:58Z,92.2576,0.182203,0.161660,-0.020543,above_band_high
2026-08-08T15:05:01Z,92.1935,0.176364,0.187053,0.010688,above_band_high
2026-08-08T15:05:54Z,92.3049,0.122430,0.103601,-0.018830,above_band_high
2026-08-08T15:06:08Z,92.3140,0.109288,0.089732,-0.019556,above_band_high
2026-08-08T15:06:17Z,92.2576,0.095017,0.107312,0.012296,above_band_high
2026-08-08T15:07:17Z,92.3095,0.033889,0.040028,0.006139,above_band_high
2026-08-08T15:07:22Z,92.3735,0.030013,0.008787,-0.021226,above_band_high
2026-08-08T15:08:00Z,92.3217,0.000000,0.000757,0.000757,above_band_high
2026-08-08T15:08:01Z,92.3232,0.000000,0.000000,0.000000,above_band_high
2026-08-08T15:09:00Z,92.3735,0.000000,0.000000,0.000000,above_band_high
2026-08-08T15:10:00Z,92.3735,0.000000,0.000000,0.000000,above_band_high
2026-08-08T15:11:00Z,92.4224,0.000000,0.000000,0.000000,above_band_high
2026-08-08T15:12:00Z,92.4102,0.000000,0.000000,0.000000,above_band_high
2026-08-08T15:13:00Z,92.4422,0.000000,0.000000,0.000000,above_band_high
2026-08-08T15:14:00Z,92.4376,0.000000,0.000000,0.000000,above_band_high
2026-08-08T15:15:00Z,92.4361,0.000000,0.000000,0.000000,above_band_high
2026-08-08T15:16:00Z,92.4514,0.000000,0.000000,0.000000,above_band_high
2026-08-08T15:17:00Z,92.4559,0.000000,0.000000,0.000000,above_band_high
2026-08-08T15:18:00Z,92.4407,0.000000,0.000000,0.000000,above_band_high
2026-08-08T15:19:00Z,92.4468,0.000000,0.000000,0.000000,above_band_high
2026-08-08T15:20:00Z,92.3873,0.000000,0.000000,0.000000,above_band_high
2026-08-08T15:21:00Z,92.3644,0.000000,0.000000,0.000000,above_band_high
2026-08-08T15:22:00Z,92.3354,0.000000,0.000000,0.000000,above_band_high
2026-08-08T15:23:00Z,92.3644,0.000000,0.000000,0.000000,above_band_high
2026-08-08T15:24:00Z,92.3308,0.000000,0.000000,0.000000,above_band_high
2026-08-08T15:25:00Z,92.2866,0.000000,0.000000,0.000000,above_band_high
2026-08-08T15:26:00Z,92.2179,0.000000,0.000000,0.000000,above_band_high
2026-08-08T15:27:00Z,92.1889,0.000000,0.000000,0.000000,above_band_high
2026-08-08T15:28:00Z,92.1492,0.000000,0.000000,0.000000,above_band_high
2026-08-08T15:29:00Z,92.0974,0.000000,0.000000,0.000000,above_band_high
2026-08-08T15:30:00Z,92.0302,0.000000,0.000000,0.000000,above_band_high
2026-08-08T15:31:00Z,91.9707,0.000000,0.000000,0.000000,above_band_high
2026-08-08T15:32:00Z,91.9158,0.000000,0.000000,0.000000,above_band_high
2026-08-08T15:33:00Z,91.8471,0.000000,0.000000,0.000000,above_band_high
2026-08-08T15:34:00Z,91.8242,0.000000,0.000000,0.000000,above_band_high
2026-08-08T15:35:00Z,91.7998,0.000000,0.000000,0.000000,above_band_high
2026-08-08T15:36:00Z,91.7311,0.000000,0.000000,0.000000,above_band_high
2026-08-08T15:37:00Z,91.7128,0.000000,0.000000,0.000000,above_band_high
2026-08-08T15:38:00Z,91.6808,0.000000,0.000000,0.000000,above_band_high
2026-08-08T15:39:00Z,91.6808,0.000000,0.000000,0.000000,above_band_high
2026-08-08T15:40:00Z,91.6503,0.000000,0.000000,0.000000,above_band_high
2026-08-08T15:41:00Z,91.6411,0.000000,0.000000,0.000000,above_band_high
2026-08-08T15:42:00Z,91.6854,0.000000,0.000000,0.000000,above_band_high
2026-08-08T15:43:00Z,91.6716,0.000000,0.000000,0.000000,above_band_high
2026-08-08T15:44:00Z,91.6686,0.000000,0.000000,0.000000,above_band_high
2026-08-08T15:45:00Z,91.6503,0.000000,0.000000,0.000000,above_band_high
2026-08-08T15:46:00Z,91.6869,0.000000,0.000000,0.000000,above_band_high
2026-08-08T15:47:00Z,91.6548,0.000000,0.000000,0.000000,above_band_high
2026-08-08T15:48:00Z,91.7006,0.000000,0.000000,0.000000,above_band_high
2026-08-08T15:49:00Z,91.7372,0.000000,0.000000,0.000000,above_band_high
2026-08-08T15:50:00Z,91.7052,0.000000,0.000000,0.000000,above_band_high
2026-08-08T15:51:00Z,91.7052,0.000000,0.000000,0.000000,above_band_high
2026-08-08T15:52:00Z,91.6365,0.000000,0.000000,0.000000,above_band_high
2026-08-08T15:53:00Z,91.6167,0.000000,0.000000,0.000000,above_band_high
2026-08-08T15:54:00Z,91.5908,0.000000,0.000000,0.000000,above_band_high
2026-08-08T15:55:00Z,91.5389,0.000000,0.000000,0.000000,above_band_high
2026-08-08T15:56:31Z,91.4977,0.000000,0.003198,0.003198,in_band
2026-08-08T15:56:39Z,91.4977,0.003071,0.002903,-0.000168,in_band
2026-08-08T15:58:20Z,91.4488,0.000611,0.000578,-0.000033,in_band
2026-08-08T15:58:59Z,91.4107,0.000320,0.000303,-0.000017,in_band
2026-08-08T15:59:00Z,91.4107,0.000315,0.000298,-0.000017,in_band
2026-08-08T15:59:59Z,91.3375,0.000119,0.000113,-0.000006,in_band
2026-08-08T16:00:00Z,91.3375,0.000117,0.000111,-0.000006,in_band
2026-08-08T16:00:59Z,91.3100,0.000044,0.000042,-0.000002,in_band
2026-08-08T16:01:00Z,91.3100,0.000043,0.000041,-0.000002,in_band
2026-08-08T16:01:59Z,91.2413,0.000016,0.000015,-0.000001,in_band
2026-08-08T16:02:00Z,91.2413,0.000016,0.000015,-0.000001,in_band
2026-08-08T16:02:59Z,91.1604,0.000006,0.000006,-0.000000,in_band
2026-08-08T16:03:00Z,91.1604,0.000006,0.000006,-0.000000,in_band
2026-08-08T16:03:59Z,91.0735,0.000002,0.000002,-0.000000,in_band
2026-08-08T16:04:00Z,91.0735,0.000002,0.000002,-0.000000,in_band
2026-08-08T16:04:59Z,90.9957,0.000001,0.000001,-0.000000,in_band
2026-08-08T16:05:00Z,90.9957,0.000001,0.000001,-0.000000,in_band
2026-08-08T16:05:59Z,90.8614,0.000000,0.000000,-0.000000,in_band
2026-08-08T16:06:00Z,90.8614,0.000000,0.000000,-0.000000,in_band
2026-08-08T16:06:59Z,90.7118,0.000000,0.000000,-0.000000,in_band
2026-08-08T16:07:00Z,90.7118,0.000000,0.000000,-0.000000,in_band
2026-08-08T16:07:59Z,90.6142,0.000000,0.000000,-0.000000,in_band
2026-08-08T16:08:00Z,90.6142,0.000000,0.000000,-0.000000,in_band
2026-08-08T16:08:59Z,90.4631,0.000000,0.000000,-0.000000,in_band
2026-08-08T16:09:00Z,90.4631,0.000000,0.000000,-0.000000,in_band
2026-08-08T16:09:59Z,90.2907,0.000000,0.000000,-0.000000,in_band
2026-08-08T16:10:00Z,90.2907,0.000000,0.000000,-0.000000,in_band
2026-08-08T16:10:59Z,90.1884,0.000000,0.000000,-0.000000,in_band
2026-08-08T16:11:00Z,90.1884,0.000000,0.000000,-0.000000,in_band
2026-08-08T16:11:59Z,90.0557,0.000000,0.000000,-0.000000,in_band
2026-08-08T16:12:57Z,89.9092,0.001252,0.001173,-0.000079,below_midpoint_feather
2026-08-08T16:12:59Z,89.8680,0.001554,0.002479,0.000925,below_midpoint_feather
2026-08-08T16:13:45Z,89.7917,0.008734,0.006291,-0.002444,below_midpoint_feather
2026-08-08T16:13:54Z,89.6666,0.010472,0.015992,0.005521,below_midpoint_feather
2026-08-08T16:14:01Z,89.6910,0.013791,0.013828,0.000037,below_midpoint_feather
2026-08-08T16:14:46Z,89.4789,0.030150,0.039782,0.009632,below_midpoint_feather
2026-08-08T16:15:15Z,89.4469,0.049877,0.045937,-0.003940,below_midpoint_feather
2026-08-08T16:15:38Z,89.2592,0.071440,0.082021,0.010580,below_midpoint_feather
2026-08-08T16:16:16Z,89.1081,0.103880,0.121160,0.017280,below_midpoint_feather
2026-08-08T16:16:23Z,89.1402,0.118103,0.114165,-0.003938,below_midpoint_feather
2026-08-08T16:17:03Z,88.9433,0.174307,0.175202,0.000895,below_midpoint_feather
2026-08-08T16:17:52Z,88.6732,0.260861,0.280918,0.020058,below_midpoint_feather
2026-08-08T16:18:26Z,88.4642,0.347698,0.380017,0.032319,below_midpoint_feather
2026-08-08T16:18:39Z,88.4642,0.392939,0.386613,-0.006326,below_midpoint_feather
2026-08-08T16:19:05Z,88.3391,0.456037,0.455366,-0.000671,below_midpoint_feather
2026-08-08T16:19:26Z,88.2033,0.502114,0.527824,0.025710,below_midpoint_feather
2026-08-08T16:20:16Z,87.9332,0.660431,0.685770,0.025339,below_midpoint_feather
2026-08-08T16:20:57Z,87.8676,0.764274,0.757825,-0.006449,below_midpoint_feather
2026-08-08T16:21:28Z,87.7180,0.837487,0.859479,0.021993,below_midpoint_feather
2026-08-08T16:21:37Z,87.7775,0.856144,0.845717,-0.010427,below_midpoint_feather
2026-08-08T16:22:11Z,87.6814,0.941010,0.932936,-0.008074,below_midpoint_feather
2026-08-08T16:22:24Z,87.5898,0.961372,0.990553,0.029181,below_midpoint_feather
2026-08-08T16:23:00Z,87.5196,1.000000,1.000000,0.000000,below_midpoint_feather
2026-08-08T16:24:00Z,87.3976,1.000000,1.000000,0.000000,below_midpoint_feather
2026-08-08T16:25:00Z,87.3289,1.000000,1.000000,0.000000,below_midpoint_feather
2026-08-08T16:26:00Z,87.3198,1.000000,1.000000,0.000000,below_midpoint_feather
2026-08-08T16:27:00Z,87.3518,1.000000,1.000000,0.000000,below_midpoint_feather
2026-08-08T16:28:00Z,87.5013,1.000000,1.000000,0.000000,below_midpoint_feather
2026-08-08T16:29:00Z,87.7119,1.000000,1.000000,0.000000,below_midpoint_feather
2026-08-08T16:30:00Z,87.9698,1.000000,1.000000,0.000000,below_midpoint_feather
2026-08-08T16:31:00Z,88.2216,1.000000,1.000000,0.000000,below_midpoint_feather
2026-08-08T16:32:00Z,88.4947,1.000000,1.000000,0.000000,below_midpoint_feather
2026-08-08T16:33:00Z,88.7526,1.000000,1.000000,0.000000,below_midpoint_feather
2026-08-08T16:34:00Z,88.9708,1.000000,1.000000,0.000000,below_midpoint_feather
2026-08-08T16:35:00Z,89.2103,1.000000,1.000000,0.000000,below_midpoint_feather
2026-08-08T16:36:00Z,89.4240,1.000000,1.000000,0.000000,below_midpoint_feather
2026-08-08T16:37:47Z,89.8497,1.000000,0.998684,-0.001316,below_midpoint_feather
2026-08-08T16:37:53Z,89.8314,0.999361,0.999892,0.000531,below_midpoint_feather
2026-08-08T16:38:03Z,89.9001,0.998974,0.997839,-0.001135,below_midpoint_feather
2026-08-08T16:38:21Z,89.8741,0.998523,0.999529,0.001006,below_midpoint_feather
2026-08-08T16:39:00Z,89.9886,0.998454,0.997442,-0.001012,below_midpoint_feather
2026-08-08T16:39:02Z,90.0008,0.998505,0.996362,-0.002143,in_band
2026-08-08T16:40:01Z,90.1976,0.968259,0.967219,-0.001039,in_band
2026-08-08T16:40:59Z,90.3410,0.937890,0.936863,-0.001027,in_band
2026-08-08T16:41:00Z,90.3410,0.937373,0.936346,-0.001027,in_band
2026-08-08T16:41:59Z,90.5364,0.907273,0.906271,-0.001002,in_band
2026-08-08T16:42:00Z,90.5364,0.906771,0.905769,-0.001001,in_band
2026-08-08T16:42:59Z,90.7149,0.877578,0.876606,-0.000972,in_band
2026-08-08T16:43:00Z,90.7149,0.877091,0.876119,-0.000972,in_band
2026-08-08T16:43:59Z,90.8675,0.848825,0.847884,-0.000941,in_band
2026-08-08T16:44:00Z,90.8675,0.848354,0.847413,-0.000941,in_band
2026-08-08T16:44:59Z,91.0445,0.821004,0.820093,-0.000911,in_band
2026-08-08T16:45:00Z,91.0445,0.820548,0.819638,-0.000910,in_band
2026-08-08T16:45:59Z,91.2001,0.794091,0.793210,-0.000881,in_band
2026-08-08T16:46:00Z,91.2001,0.793650,0.792769,-0.000881,in_band
2026-08-08T16:46:59Z,91.2978,0.768058,0.767206,-0.000852,in_band
2026-08-08T16:47:53Z,91.5084,0.745359,0.741382,-0.003977,above_band_high
2026-08-08T16:47:55Z,91.4809,0.744531,0.744533,0.000002,in_band
2026-08-08T16:48:00Z,91.5084,0.742466,0.739729,-0.002737,above_band_high
2026-08-08T16:48:01Z,91.5023,0.741506,0.742333,0.000827,above_band_high
2026-08-08T16:49:51Z,91.7220,0.633399,0.643480,0.010080,above_band_high
2026-08-08T16:49:56Z,91.7906,0.632752,0.613504,-0.019248,above_band_high
2026-08-08T16:50:30Z,91.8837,0.593245,0.567877,-0.025367,above_band_high
2026-08-08T16:50:37Z,91.8196,0.580729,0.593704,0.012975,above_band_high
2026-08-08T16:51:33Z,91.9387,0.518771,0.527398,0.008627,above_band_high
2026-08-08T16:51:56Z,92.0424,0.495145,0.474961,-0.020184,above_band_high
2026-08-08T16:52:02Z,92.0607,0.488986,0.464849,-0.024137,above_band_high
2026-08-08T16:52:45Z,92.0653,0.437523,0.444238,0.006715,above_band_high
2026-08-08T16:53:06Z,92.1477,0.417553,0.398728,-0.018825,above_band_high
2026-08-08T16:53:31Z,92.1431,0.380962,0.387326,0.006364,above_band_high
2026-08-08T16:54:44Z,92.2759,0.304734,0.285944,-0.018790,above_band_high
2026-08-08T16:54:47Z,92.2271,0.293646,0.304783,0.011137,above_band_high
2026-08-08T16:55:30Z,92.2957,0.262084,0.245694,-0.016390,above_band_high
2026-08-08T16:55:37Z,92.2728,0.242753,0.250417,0.007664,above_band_high
2026-08-08T16:56:02Z,92.3323,0.223138,0.206644,-0.016494,above_band_high
2026-08-08T16:56:03Z,92.2759,0.222394,0.229983,0.007589,above_band_high
2026-08-08T16:57:02Z,92.3461,0.170696,0.154713,-0.015983,above_band_high
2026-08-08T16:57:33Z,92.3217,0.132470,0.140504,0.008034,above_band_high
2026-08-08T16:58:15Z,92.3903,0.104336,0.077136,-0.027200,above_band_high
2026-08-08T16:58:43Z,92.3079,0.067701,0.089195,0.021494,above_band_high
2026-08-08T16:59:17Z,92.3827,0.043201,0.028810,-0.014391,above_band_high
2026-08-08T16:59:23Z,92.3507,0.029036,0.037425,0.008389,above_band_high
2026-08-08T17:00:00Z,92.3903,0.000000,0.000000,0.000000,above_band_high
2026-08-08T17:01:00Z,92.4331,0.000000,0.000000,0.000000,above_band_high
2026-08-08T17:02:00Z,92.4544,0.000000,0.000000,0.000000,above_band_high
2026-08-08T17:03:00Z,92.4727,0.000000,0.000000,0.000000,above_band_high
2026-08-08T17:04:00Z,92.5017,0.000000,0.000000,0.000000,above_band_high
2026-08-08T17:05:00Z,92.5521,0.000000,0.000000,0.000000,above_band_high
2026-08-08T17:06:00Z,92.5872,0.000000,0.000000,0.000000,above_band_high
2026-08-08T17:07:00Z,92.5505,0.000000,0.000000,0.000000,above_band_high
2026-08-08T17:08:00Z,92.6024,0.000000,0.000000,0.000000,above_band_high
2026-08-08T17:09:00Z,92.5841,0.000000,0.000000,0.000000,above_band_high
2026-08-08T17:10:00Z,92.5872,0.000000,0.000000,0.000000,above_band_high
2026-08-08T17:11:00Z,92.5780,0.000000,0.000000,0.000000,above_band_high
2026-08-08T17:12:00Z,92.5368,0.000000,0.000000,0.000000,above_band_high
2026-08-08T17:13:00Z,92.5277,0.000000,0.000000,0.000000,above_band_high
2026-08-08T17:14:00Z,92.4865,0.000000,0.000000,0.000000,above_band_high
2026-08-08T17:15:00Z,92.4086,0.000000,0.000000,0.000000,above_band_high
2026-08-08T17:16:00Z,92.4147,0.000000,0.000000,0.000000,above_band_high
2026-08-08T17:17:00Z,92.3552,0.000000,0.000000,0.000000,above_band_high
2026-08-08T17:18:00Z,92.3125,0.000000,0.000000,0.000000,above_band_high
2026-08-08T17:19:00Z,92.2621,0.000000,0.000000,0.000000,above_band_high
2026-08-08T17:20:00Z,92.1614,0.000000,0.000000,0.000000,above_band_high
2026-08-08T17:21:00Z,92.1111,0.000000,0.000000,0.000000,above_band_high
2026-08-08T17:22:00Z,92.1355,0.000000,0.000000,0.000000,above_band_high
2026-08-08T17:23:00Z,92.0531,0.000000,0.000000,0.000000,above_band_high
2026-08-08T17:24:00Z,92.0745,0.000000,0.000000,0.000000,above_band_high
2026-08-08T17:25:00Z,92.0516,0.000000,0.000000,0.000000,above_band_high
2026-08-08T17:26:00Z,92.0516,0.000000,0.000000,0.000000,above_band_high
2026-08-08T17:27:00Z,92.0607,0.000000,0.000000,0.000000,above_band_high
2026-08-08T17:28:00Z,92.0256,0.000000,0.000000,0.000000,above_band_high
2026-08-08T17:29:00Z,92.0836,0.000000,0.000000,0.000000,above_band_high
2026-08-08T17:30:00Z,92.1080,0.000000,0.000000,0.000000,above_band_high
2026-08-08T17:31:00Z,92.0974,0.000000,0.000000,0.000000,above_band_high
2026-08-08T17:32:00Z,92.1477,0.000000,0.000000,0.000000,above_band_high
2026-08-08T17:33:00Z,92.1386,0.000000,0.000000,0.000000,above_band_high
2026-08-08T17:34:00Z,92.1767,0.000000,0.000000,0.000000,above_band_high
2026-08-08T17:35:00Z,92.1614,0.000000,0.000000,0.000000,above_band_high
2026-08-08T17:36:00Z,92.2042,0.000000,0.000000,0.000000,above_band_high
2026-08-08T17:37:00Z,92.2042,0.000000,0.000000,0.000000,above_band_high
2026-08-08T17:38:00Z,92.1431,0.000000,0.000000,0.000000,above_band_high
2026-08-08T17:39:00Z,92.1859,0.000000,0.000000,0.000000,above_band_high
2026-08-08T17:40:00Z,92.1798,0.000000,0.000000,0.000000,above_band_high
2026-08-08T17:41:00Z,92.1614,0.000000,0.000000,0.000000,above_band_high
2026-08-08T17:42:00Z,92.1157,0.000000,0.000000,0.000000,above_band_high
2026-08-08T17:43:00Z,92.0439,0.000000,0.000000,0.000000,above_band_high
2026-08-08T17:44:00Z,91.9783,0.000000,0.000000,0.000000,above_band_high
2026-08-08T17:45:00Z,91.8837,0.000000,0.000000,0.000000,above_band_high
2026-08-08T17:46:00Z,91.7647,0.000000,0.000000,0.000000,above_band_high
2026-08-08T17:47:00Z,91.6915,0.000000,0.000000,0.000000,above_band_high
2026-08-08T17:48:00Z,91.5999,0.000000,0.000000,0.000000,above_band_high
2026-08-08T17:49:09Z,91.4855,0.000000,0.007658,0.007658,in_band
2026-08-08T17:49:23Z,91.4839,0.006771,0.006340,-0.000432,in_band
2026-08-08T17:50:51Z,91.3619,0.001581,0.001482,-0.000099,in_band
2026-08-08T17:50:59Z,91.3603,0.001385,0.001299,-0.000087,in_band
2026-08-08T17:51:00Z,91.3603,0.001363,0.001277,-0.000085,in_band
2026-08-08T17:51:59Z,91.2612,0.000514,0.000482,-0.000032,in_band
2026-08-08T17:52:00Z,91.2612,0.000505,0.000474,-0.000032,in_band
2026-08-08T17:52:59Z,91.2230,0.000191,0.000179,-0.000012,in_band
2026-08-08T17:53:00Z,91.2230,0.000187,0.000176,-0.000012,in_band
2026-08-08T17:53:59Z,91.1604,0.000071,0.000066,-0.000004,in_band
2026-08-08T17:54:00Z,91.1604,0.000070,0.000065,-0.000004,in_band
2026-08-08T17:54:59Z,91.1742,0.000026,0.000025,-0.000002,in_band
2026-08-08T17:55:00Z,91.1742,0.000026,0.000024,-0.000002,in_band
2026-08-08T17:55:59Z,91.1864,0.000010,0.000009,-0.000001,in_band
2026-08-08T17:56:00Z,91.1864,0.000010,0.000009,-0.000001,in_band
2026-08-08T17:56:59Z,91.2001,0.000004,0.000003,-0.000000,in_band
2026-08-08T17:57:00Z,91.2001,0.000004,0.000003,-0.000000,in_band
2026-08-08T17:57:59Z,91.1788,0.000001,0.000001,-0.000000,in_band
2026-08-08T17:58:00Z,91.1788,0.000001,0.000001,-0.000000,in_band
2026-08-08T17:58:59Z,91.1559,0.000000,0.000000,-0.000000,in_band
2026-08-08T17:59:00Z,91.1559,0.000000,0.000000,-0.000000,in_band
2026-08-08T17:59:59Z,91.1040,0.000000,0.000000,-0.000000,in_band
2026-08-08T18:00:00Z,91.1040,0.000000,0.000000,-0.000000,in_band
2026-08-08T18:00:59Z,91.0002,0.000000,0.000000,-0.000000,in_band
2026-08-08T18:01:00Z,91.0002,0.000000,0.000000,-0.000000,in_band
2026-08-08T18:01:59Z,90.9117,0.000000,0.000000,-0.000000,in_band
2026-08-08T18:02:00Z,90.9117,0.000000,0.000000,-0.000000,in_band
2026-08-08T18:02:59Z,90.9209,0.000000,0.000000,-0.000000,in_band
2026-08-08T18:03:00Z,90.9209,0.000000,0.000000,-0.000000,in_band
2026-08-08T18:03:59Z,90.7713,0.000000,0.000000,-0.000000,in_band
2026-08-08T18:04:00Z,90.7713,0.000000,0.000000,-0.000000,in_band
2026-08-08T18:04:59Z,90.7103,0.000000,0.000000,-0.000000,in_band
2026-08-08T18:05:00Z,90.7103,0.000000,0.000000,-0.000000,in_band
2026-08-08T18:05:59Z,90.5821,0.000000,0.000000,-0.000000,in_band
2026-08-08T18:06:00Z,90.5821,0.000000,0.000000,-0.000000,in_band
2026-08-08T18:06:59Z,90.2571,0.000000,0.000000,-0.000000,in_band
2026-08-08T18:07:43Z,89.9367,0.000001,0.000570,0.000569,below_midpoint_feather
2026-08-08T18:07:55Z,89.9840,0.000126,0.000037,-0.000089,below_midpoint_feather
2026-08-08T18:08:09Z,89.9657,0.000812,0.000170,-0.000642,below_midpoint_feather
2026-08-08T18:08:55Z,89.8558,0.001678,0.002996,0.001317,below_midpoint_feather
2026-08-08T18:09:17Z,89.8909,0.002724,0.001777,-0.000947,below_midpoint_feather
2026-08-08T18:09:43Z,89.8222,0.003367,0.004665,0.001298,below_midpoint_feather
2026-08-08T18:10:07Z,89.8726,0.003800,0.002583,-0.001217,below_midpoint_feather
2026-08-08T18:10:59Z,89.7642,0.006048,0.008524,0.002476,below_midpoint_feather
2026-08-08T18:11:33Z,89.8146,0.008511,0.005857,-0.002654,below_midpoint_feather
2026-08-08T18:11:56Z,89.6803,0.012592,0.015798,0.003206,below_midpoint_feather
2026-08-08T18:12:01Z,89.7169,0.014580,0.012736,-0.001845,below_midpoint_feather
2026-08-08T18:12:18Z,89.6040,0.018544,0.023942,0.005398,below_midpoint_feather
2026-08-08T18:13:22Z,89.4652,0.035089,0.044445,0.009356,below_midpoint_feather
2026-08-08T18:13:35Z,89.5171,0.042136,0.037586,-0.004551,below_midpoint_feather
2026-08-08T18:14:10Z,89.4072,0.046770,0.056597,0.009827,below_midpoint_feather
2026-08-08T18:14:21Z,89.4743,0.054810,0.046740,-0.008069,below_midpoint_feather
2026-08-08T18:15:09Z,89.4942,0.052391,0.048000,-0.004392,below_midpoint_feather
2026-08-08T18:15:13Z,89.4392,0.052757,0.056699,0.003942,below_midpoint_feather
2026-08-08T18:16:09Z,89.4377,0.055787,0.062023,0.006236,below_midpoint_feather
2026-08-08T18:16:13Z,89.5064,0.055015,0.052069,-0.002946,below_midpoint_feather
2026-08-08T18:17:29Z,89.3782,0.071275,0.079479,0.008204,below_midpoint_feather
2026-08-08T18:17:43Z,89.4484,0.073165,0.069179,-0.003986,below_midpoint_feather
2026-08-08T18:18:19Z,89.3919,0.074612,0.082213,0.007602,below_midpoint_feather
2026-08-08T18:18:43Z,89.4560,0.080361,0.074252,-0.006109,below_midpoint_feather
2026-08-08T18:19:39Z,89.4514,0.084890,0.081039,-0.003851,below_midpoint_feather
2026-08-08T18:19:43Z,89.3553,0.086593,0.097798,0.011204,below_midpoint_feather
2026-08-08T18:20:05Z,89.4209,0.093993,0.088864,-0.005129,below_midpoint_feather
2026-08-08T18:20:13Z,89.3553,0.094909,0.101207,0.006298,below_midpoint_feather
2026-08-08T18:21:23Z,89.3874,0.109192,0.104099,-0.005093,below_midpoint_feather
2026-08-08T18:21:59Z,89.3416,0.109753,0.117081,0.007327,below_midpoint_feather
2026-08-08T18:22:05Z,89.4011,0.113824,0.107228,-0.006597,below_midpoint_feather
2026-08-08T18:22:25Z,89.3141,0.115355,0.125758,0.010403,below_midpoint_feather
2026-08-08T18:23:00Z,89.3324,0.119994,0.126899,0.006905,below_midpoint_feather
2026-08-08T18:23:05Z,89.3782,0.125146,0.119173,-0.005973,below_midpoint_feather
2026-08-08T18:24:01Z,89.4347,0.123743,0.117318,-0.006425,below_midpoint_feather
2026-08-08T18:24:35Z,89.3919,0.120632,0.128918,0.008286,below_midpoint_feather
2026-08-08T18:25:13Z,89.3843,0.128800,0.134921,0.006121,below_midpoint_feather
2026-08-08T18:25:39Z,89.4377,0.134193,0.129066,-0.005127,below_midpoint_feather
2026-08-08T18:26:01Z,89.5216,0.123741,0.119227,-0.004514,below_midpoint_feather
2026-08-08T18:26:55Z,89.5491,0.117584,0.121021,0.003437,below_midpoint_feather
2026-08-08T18:27:07Z,89.5399,0.118061,0.123219,0.005157,below_midpoint_feather
2026-08-08T18:27:37Z,89.5933,0.122852,0.118954,-0.003899,below_midpoint_feather
2026-08-08T18:28:18Z,89.6712,0.117082,0.113648,-0.003434,below_midpoint_feather
2026-08-08T18:28:49Z,89.6407,0.114970,0.118416,0.003446,below_midpoint_feather
2026-08-08T18:29:17Z,89.6529,0.115505,0.118547,0.003042,below_midpoint_feather
2026-08-08T18:29:39Z,89.7139,0.116749,0.114004,-0.002745,below_midpoint_feather
2026-08-08T18:30:06Z,89.7856,0.111558,0.109969,-0.001589,below_midpoint_feather
2026-08-08T18:30:13Z,89.7353,0.110393,0.113649,0.003256,below_midpoint_feather
2026-08-08T18:31:01Z,89.7673,0.110418,0.112747,0.002329,below_midpoint_feather
2026-08-08T18:31:23Z,89.8177,0.111707,0.110248,-0.001459,below_midpoint_feather
2026-08-08T18:32:17Z,89.8222,0.109157,0.110964,0.001807,below_midpoint_feather
2026-08-08T18:32:30Z,89.9550,0.108256,0.106935,-0.001321,below_midpoint_feather
2026-08-08T18:33:27Z,89.8100,0.109856,0.112347,0.002490,below_midpoint_feather
2026-08-08T18:33:43Z,89.8955,0.109447,0.108897,-0.000551,below_midpoint_feather
2026-08-08T18:34:01Z,89.9336,0.107577,0.108101,0.000524,below_midpoint_feather
2026-08-08T18:34:10Z,89.9840,0.107611,0.107567,-0.000044,below_midpoint_feather
2026-08-08T18:35:00Z,90.0282,0.105530,0.105831,0.000301,in_band
2026-08-08T18:35:59Z,90.0420,0.102223,0.102511,0.000288,in_band
2026-08-08T18:36:00Z,90.0420,0.102167,0.102455,0.000288,in_band
2026-08-08T18:36:59Z,90.1061,0.098908,0.099185,0.000277,in_band
2026-08-08T18:37:00Z,90.1061,0.098853,0.099130,0.000277,in_band
2026-08-08T18:37:59Z,90.1335,0.095679,0.095947,0.000268,in_band
2026-08-08T18:38:00Z,90.1335,0.095626,0.095893,0.000268,in_band
2026-08-08T18:38:59Z,90.1305,0.092547,0.092806,0.000259,in_band
2026-08-08T18:39:00Z,90.1305,0.092496,0.092754,0.000259,in_band
2026-08-08T18:39:59Z,90.1427,0.089515,0.089765,0.000250,in_band
2026-08-08T18:40:00Z,90.1427,0.089465,0.089715,0.000250,in_band
2026-08-08T18:40:59Z,90.1488,0.086581,0.086823,0.000242,in_band
2026-08-08T18:41:00Z,90.1488,0.086533,0.086775,0.000242,in_band
2026-08-08T18:41:59Z,90.1762,0.083743,0.083977,0.000234,in_band
2026-08-08T18:42:00Z,90.1762,0.083696,0.083930,0.000234,in_band
2026-08-08T18:42:59Z,90.1854,0.080997,0.081224,0.000227,in_band
2026-08-08T18:43:00Z,90.1854,0.080952,0.081179,0.000226,in_band
2026-08-08T18:43:59Z,90.1808,0.078342,0.078561,0.000219,in_band
2026-08-08T18:44:00Z,90.1808,0.078298,0.078517,0.000219,in_band
2026-08-08T18:44:59Z,90.2388,0.075774,0.075986,0.000212,in_band
2026-08-08T18:45:00Z,90.2388,0.075732,0.075943,0.000212,in_band
2026-08-08T18:45:59Z,90.2205,0.073289,0.073494,0.000205,in_band
2026-08-08T18:46:00Z,90.2205,0.073249,0.073454,0.000205,in_band
2026-08-08T18:46:59Z,90.2220,0.070887,0.071085,0.000198,in_band
2026-08-08T18:47:00Z,90.2220,0.070847,0.071046,0.000198,in_band
2026-08-08T18:47:59Z,90.1854,0.068563,0.068755,0.000192,in_band
2026-08-08T18:48:00Z,90.1854,0.068525,0.068716,0.000192,in_band
2026-08-08T18:48:59Z,90.1701,0.066315,0.066501,0.000185,in_band
2026-08-08T18:49:00Z,90.1701,0.066278,0.066464,0.000185,in_band
2026-08-08T18:49:59Z,90.1061,0.064141,0.064320,0.000179,in_band
2026-08-08T18:50:00Z,90.1061,0.064105,0.064285,0.000179,in_band
2026-08-08T18:50:59Z,90.1061,0.062038,0.062212,0.000173,in_band
2026-08-08T18:51:00Z,90.1061,0.062004,0.062177,0.000173,in_band
2026-08-08T18:51:59Z,90.0740,0.060004,0.060172,0.000168,in_band
2026-08-08T18:52:00Z,90.0740,0.059971,0.060139,0.000168,in_band
2026-08-08T18:52:59Z,90.0786,0.058037,0.058199,0.000162,in_band
2026-08-08T18:53:00Z,90.0786,0.058005,0.058167,0.000162,in_band
2026-08-08T18:53:59Z,90.1152,0.056134,0.056291,0.000157,in_band
2026-08-08T18:54:00Z,90.1152,0.056103,0.056260,0.000157,in_band
2026-08-08T18:54:59Z,90.0649,0.054294,0.054446,0.000152,in_band
2026-08-08T18:55:00Z,90.0649,0.054264,0.054416,0.000152,in_band
2026-08-08T18:55:59Z,90.0801,0.052514,0.052661,0.000147,in_band
2026-08-08T18:56:00Z,90.0801,0.052485,0.052632,0.000147,in_band
2026-08-08T18:56:59Z,90.1061,0.050793,0.050935,0.000142,in_band
2026-08-08T18:57:00Z,90.1061,0.050764,0.050906,0.000142,in_band
2026-08-08T18:57:59Z,90.0282,0.049127,0.049265,0.000137,in_band
2026-08-08T18:58:04Z,90.0023,0.048991,0.049128,0.000137,in_band
2026-08-08T18:58:51Z,89.9382,0.048005,0.048805,0.000801,below_midpoint_feather
2026-08-08T18:59:05Z,89.9519,0.048726,0.048591,-0.000134,below_midpoint_feather
2026-08-08T18:59:25Z,89.8817,0.048668,0.050260,0.001592,below_midpoint_feather
2026-08-08T19:00:38Z,89.7230,0.056045,0.059430,0.003385,below_midpoint_feather
2026-08-08T19:00:55Z,89.7688,0.058954,0.056283,-0.002671,below_midpoint_feather
2026-08-08T19:01:07Z,89.7139,0.061604,0.060475,-0.001129,below_midpoint_feather
2026-08-08T19:01:59Z,89.4881,0.081060,0.087318,0.006258,below_midpoint_feather
2026-08-08T19:02:46Z,89.3645,0.099464,0.109847,0.010382,below_midpoint_feather
2026-08-08T19:02:53Z,89.3874,0.108576,0.106268,-0.002308,below_midpoint_feather
2026-08-08T19:03:11Z,89.3141,0.124137,0.121249,-0.002888,below_midpoint_feather
2026-08-08T19:03:34Z,89.1997,0.137524,0.147820,0.010296,below_midpoint_feather
2026-08-08T19:04:03Z,89.1920,0.160001,0.153471,-0.006530,below_midpoint_feather
2026-08-08T19:04:48Z,89.0501,0.181430,0.197022,0.015592,below_midpoint_feather
2026-08-08T19:05:10Z,89.0120,0.197239,0.212330,0.015091,below_midpoint_feather
2026-08-08T19:05:23Z,89.0303,0.220556,0.210327,-0.010229,below_midpoint_feather
2026-08-08T19:06:01Z,88.9265,0.253512,0.250850,-0.002662,below_midpoint_feather
2026-08-08T19:06:20Z,88.7617,0.286315,0.310970,0.024655,below_midpoint_feather
2026-08-08T19:07:05Z,88.5008,0.428240,0.430450,0.002210,below_midpoint_feather
2026-08-08T19:07:24Z,88.2582,0.512092,0.543946,0.031854,below_midpoint_feather
2026-08-08T19:08:00Z,87.9973,0.659517,0.679878,0.020361,below_midpoint_feather
2026-08-08T19:08:39Z,88.2216,0.638926,0.619733,-0.019193,below_midpoint_feather
2026-08-08T19:09:00Z,88.2887,0.626618,0.612067,-0.014552,below_midpoint_feather
2026-08-08T19:09:46Z,88.0430,0.723743,0.762527,0.038784,below_midpoint_feather
2026-08-08T19:10:12Z,87.7684,0.874692,0.906702,0.032011,below_midpoint_feather
2026-08-08T19:10:43Z,87.9362,0.889124,0.871612,-0.017512,below_midpoint_feather
2026-08-08T19:11:03Z,88.0110,0.867206,0.864762,-0.002444,below_midpoint_feather
2026-08-08T19:11:30Z,87.8828,0.922643,0.953396,0.030753,below_midpoint_feather
2026-08-08T19:12:00Z,87.7623,1.000000,1.000000,0.000000,below_midpoint_feather
2026-08-08T19:13:00Z,87.6341,1.000000,1.000000,0.000000,below_midpoint_feather
2026-08-08T19:14:00Z,88.0888,1.000000,1.000000,0.000000,below_midpoint_feather
2026-08-08T19:15:00Z,88.3253,1.000000,1.000000,0.000000,below_midpoint_feather
2026-08-08T19:16:45Z,88.7205,0.989811,0.998193,0.008382,below_midpoint_feather
2026-08-08T19:16:54Z,88.7938,0.995038,0.979046,-0.015992,below_midpoint_feather
2026-08-08T19:17:25Z,88.8350,0.972934,0.986245,0.013312,below_midpoint_feather
2026-08-08T19:17:58Z,88.9937,0.971387,0.956314,-0.015073,below_midpoint_feather
2026-08-08T19:18:29Z,89.0028,0.958754,0.969001,0.010247,below_midpoint_feather
2026-08-08T19:18:52Z,89.1051,0.963038,0.951419,-0.011618,below_midpoint_feather
2026-08-08T19:19:11Z,89.0867,0.953946,0.963582,0.009636,below_midpoint_feather
2026-08-08T19:19:20Z,89.1783,0.956921,0.944299,-0.012622,below_midpoint_feather
2026-08-08T19:20:33Z,89.2271,0.946106,0.955351,0.009245,below_midpoint_feather
2026-08-08T19:20:36Z,89.2927,0.946876,0.942299,-0.004577,below_midpoint_feather
2026-08-08T19:21:30Z,89.4072,0.941147,0.933243,-0.007904,below_midpoint_feather
2026-08-08T19:21:43Z,89.3919,0.934814,0.938341,0.003527,below_midpoint_feather
2026-08-08T19:22:04Z,89.5109,0.931094,0.923417,-0.007677,below_midpoint_feather
2026-08-08T19:22:17Z,89.4789,0.926100,0.930033,0.003933,below_midpoint_feather
2026-08-08T19:23:19Z,89.6300,0.915706,0.918113,0.002407,below_midpoint_feather
2026-08-08T19:23:32Z,89.7261,0.916533,0.910409,-0.006125,below_midpoint_feather
2026-08-08T19:24:14Z,89.8085,0.909435,0.907728,-0.001707,below_midpoint_feather
2026-08-08T19:24:21Z,89.7871,0.907425,0.909313,0.001888,below_midpoint_feather
2026-08-08T19:25:15Z,89.9565,0.904337,0.905018,0.000680,below_midpoint_feather
2026-08-08T19:25:24Z,90.0099,0.904427,0.902929,-0.001498,in_band
2026-08-08T19:26:00Z,90.1350,0.887043,0.885563,-0.001479,in_band
2026-08-08T19:26:59Z,90.2541,0.858855,0.857397,-0.001458,in_band
2026-08-08T19:27:00Z,90.2541,0.858382,0.856924,-0.001458,in_band
2026-08-08T19:27:59Z,90.4005,0.830857,0.829436,-0.001420,in_band
2026-08-08T19:28:00Z,90.4005,0.830397,0.828977,-0.001420,in_band
2026-08-08T19:28:59Z,90.6188,0.803677,0.802299,-0.001378,in_band
2026-08-08T19:29:00Z,90.6188,0.803231,0.801854,-0.001377,in_band
2026-08-08T19:29:59Z,90.7164,0.777351,0.776017,-0.001334,in_band
2026-08-08T19:30:00Z,90.7164,0.776919,0.775586,-0.001333,in_band
2026-08-08T19:30:59Z,90.8309,0.751874,0.750584,-0.001291,in_band
2026-08-08T19:31:00Z,90.8309,0.751457,0.750167,-0.001290,in_band
2026-08-08T19:31:59Z,90.9255,0.727228,0.725980,-0.001248,in_band
2026-08-08T19:32:00Z,90.9255,0.726824,0.725576,-0.001248,in_band
2026-08-08T19:32:59Z,90.9575,0.703388,0.702180,-0.001208,in_band
2026-08-08T19:33:00Z,90.9575,0.702997,0.701790,-0.001207,in_band
2026-08-08T19:33:59Z,91.0231,0.680328,0.679160,-0.001168,in_band
2026-08-08T19:34:00Z,91.0231,0.679951,0.678783,-0.001167,in_band
2026-08-08T19:34:59Z,91.0399,0.658025,0.656895,-0.001130,in_band
2026-08-08T19:35:00Z,91.0399,0.657659,0.656530,-0.001129,in_band
2026-08-08T19:35:59Z,91.0414,0.636452,0.635359,-0.001093,in_band
2026-08-08T19:36:00Z,91.0414,0.636099,0.635007,-0.001092,in_band
2026-08-08T19:36:59Z,91.0536,0.615587,0.614530,-0.001057,in_band
2026-08-08T19:37:00Z,91.0536,0.615245,0.614189,-0.001056,in_band
2026-08-08T19:37:59Z,91.0826,0.595406,0.594383,-0.001022,in_band
2026-08-08T19:38:00Z,91.0826,0.595075,0.594053,-0.001022,in_band
2026-08-08T19:38:59Z,91.1818,0.575886,0.574897,-0.000989,in_band
2026-08-08T19:39:00Z,91.1818,0.575566,0.574578,-0.000988,in_band
2026-08-08T19:39:59Z,91.1833,0.557006,0.556050,-0.000956,in_band
2026-08-08T19:40:00Z,91.1833,0.556697,0.555741,-0.000956,in_band
2026-08-08T19:40:59Z,91.3191,0.538745,0.537820,-0.000925,in_band
2026-08-08T19:41:00Z,91.3191,0.538446,0.537522,-0.000924,in_band
2026-08-08T19:41:59Z,91.3115,0.521083,0.520188,-0.000895,in_band
2026-08-08T19:42:00Z,91.3115,0.520794,0.519899,-0.000894,in_band
2026-08-08T19:42:59Z,91.3802,0.504000,0.503135,-0.000865,in_band
2026-08-08T19:43:00Z,91.3802,0.503720,0.502855,-0.000865,in_band
2026-08-08T19:43:59Z,91.3848,0.487477,0.486640,-0.000837,in_band
2026-08-08T19:44:00Z,91.3848,0.487206,0.486370,-0.000836,in_band
2026-08-08T19:44:59Z,91.4122,0.471495,0.470686,-0.000810,in_band
2026-08-08T19:45:00Z,91.4122,0.471234,0.470424,-0.000809,in_band
2026-08-08T19:45:59Z,91.4305,0.456038,0.455255,-0.000783,in_band
2026-08-08T19:46:00Z,91.4305,0.455785,0.455002,-0.000782,in_band
2026-08-08T19:46:59Z,91.3893,0.441087,0.440330,-0.000757,in_band
2026-08-08T19:47:00Z,91.3893,0.440842,0.440085,-0.000757,in_band
2026-08-08T19:47:59Z,91.3802,0.426627,0.425894,-0.000732,in_band
2026-08-08T19:48:00Z,91.3802,0.426390,0.425658,-0.000732,in_band
2026-08-08T19:48:59Z,91.3939,0.412640,0.411932,-0.000708,in_band
2026-08-08T19:49:00Z,91.3939,0.412411,0.411703,-0.000708,in_band
2026-08-08T19:49:59Z,91.3573,0.399112,0.398427,-0.000685,in_band
2026-08-08T19:50:00Z,91.3573,0.398891,0.398206,-0.000685,in_band
2026-08-08T19:50:59Z,91.3939,0.386028,0.385365,-0.000663,in_band
2026-08-08T19:51:00Z,91.3939,0.385813,0.385151,-0.000662,in_band
2026-08-08T19:51:59Z,91.4488,0.373372,0.372731,-0.000641,in_band
2026-08-08T19:52:30Z,91.4977,0.366997,0.366367,-0.000630,in_band
2026-08-08T19:52:35Z,91.5297,0.362618,0.353692,-0.008926,above_band_high
2026-08-08T19:55:21Z,91.5297,0.354251,0.344260,-0.009991,above_band_high
2026-08-08T19:55:23Z,91.4977,0.355508,0.356694,0.001186,in_band
2026-08-08T19:56:56Z,91.4290,0.340889,0.338713,-0.002176,in_band
2026-08-08T19:56:59Z,91.4061,0.340306,0.338133,-0.002173,in_band
2026-08-08T19:57:00Z,91.4061,0.340113,0.337940,-0.002173,in_band
2026-08-08T19:57:59Z,91.2749,0.328976,0.326855,-0.002121,in_band
2026-08-08T19:58:00Z,91.2749,0.328791,0.326671,-0.002120,in_band
2026-08-08T19:58:59Z,91.3420,0.318126,0.316068,-0.002058,in_band
2026-08-08T19:59:00Z,91.3420,0.317948,0.315892,-0.002057,in_band
2026-08-08T19:59:59Z,91.2520,0.307672,0.305679,-0.001993,in_band
2026-08-08T20:00:00Z,91.2520,0.307501,0.305509,-0.001992,in_band
2026-08-08T20:00:59Z,91.4702,0.297577,0.295648,-0.001929,in_band
2026-08-08T20:01:55Z,91.4855,0.288458,0.287859,-0.000599,in_band
2026-08-08T20:01:59Z,91.5450,0.287818,0.268191,-0.019627,above_band_high
2026-08-08T20:02:00Z,91.5450,0.287658,0.268193,-0.019465,above_band_high
2026-08-08T20:02:01Z,91.5160,0.282792,0.280562,-0.002230,above_band_high
2026-08-08T20:03:50Z,91.7052,0.203561,0.194345,-0.009217,above_band_high
2026-08-08T20:03:57Z,91.6732,0.198832,0.207163,0.008331,above_band_high
2026-08-08T20:04:00Z,91.6732,0.202366,0.206777,0.004411,above_band_high
2026-08-08T20:04:34Z,91.7967,0.170204,0.149126,-0.021079,above_band_high
2026-08-08T20:05:50Z,91.8837,0.112810,0.095140,-0.017670,above_band_high
2026-08-08T20:05:53Z,91.8410,0.108081,0.112525,0.004443,above_band_high
2026-08-08T20:06:01Z,91.8334,0.103882,0.113479,0.009597,above_band_high
2026-08-08T20:06:20Z,91.9249,0.092380,0.068683,-0.023697,above_band_high
2026-08-08T20:07:29Z,91.9066,0.038521,0.051478,0.012957,above_band_high
2026-08-08T20:07:37Z,91.9570,0.043097,0.026740,-0.016357,above_band_high
2026-08-08T20:08:01Z,91.9112,0.025443,0.036370,0.010927,above_band_high
2026-08-08T20:08:17Z,91.9509,0.023959,0.012728,-0.011231,above_band_high
2026-08-08T20:09:00Z,91.9478,0.000000,0.000000,0.000000,above_band_high
2026-08-08T20:10:00Z,91.9936,0.000000,0.000000,0.000000,above_band_high
2026-08-08T20:11:00Z,91.9615,0.000000,0.000000,0.000000,above_band_high
2026-08-08T20:12:00Z,91.9570,0.000000,0.000000,0.000000,above_band_high
2026-08-08T20:13:00Z,91.9066,0.000000,0.000000,0.000000,above_band_high
2026-08-08T20:14:00Z,91.8242,0.000000,0.000000,0.000000,above_band_high
2026-08-08T20:15:00Z,91.8425,0.000000,0.000000,0.000000,above_band_high
2026-08-08T20:16:00Z,91.7769,0.000000,0.000000,0.000000,above_band_high
2026-08-08T20:17:00Z,91.7006,0.000000,0.000000,0.000000,above_band_high
2026-08-08T20:18:00Z,91.6899,0.000000,0.000000,0.000000,above_band_high
2026-08-08T20:19:00Z,91.6945,0.000000,0.000000,0.000000,above_band_high
2026-08-08T20:20:00Z,91.6686,0.000000,0.000000,0.000000,above_band_high
2026-08-08T20:21:00Z,91.6396,0.000000,0.000000,0.000000,above_band_high
2026-08-08T20:22:00Z,91.5938,0.000000,0.000000,0.000000,above_band_high
2026-08-08T20:23:17Z,91.4946,0.000000,0.006233,0.006233,in_band
2026-08-08T20:23:57Z,91.5038,0.002603,0.002253,-0.000350,above_band_high
2026-08-08T20:24:03Z,91.5084,0.002245,0.000003,-0.002242,above_band_high
2026-08-08T20:24:07Z,91.4885,0.000076,0.003401,0.003326,in_band
2026-08-08T20:25:45Z,91.4244,0.000734,0.000705,-0.000030,in_band
2026-08-08T20:25:59Z,91.4031,0.000582,0.000559,-0.000023,in_band
2026-08-08T20:26:00Z,91.4031,0.000573,0.000550,-0.000023,in_band
2026-08-08T20:26:59Z,91.3466,0.000216,0.000207,-0.000009,in_band
2026-08-08T20:27:00Z,91.3466,0.000212,0.000204,-0.000009,in_band
2026-08-08T20:27:59Z,91.3161,0.000080,0.000077,-0.000003,in_band
2026-08-08T20:28:00Z,91.3161,0.000079,0.000076,-0.000003,in_band
2026-08-08T20:28:59Z,91.2886,0.000030,0.000029,-0.000001,in_band
2026-08-08T20:29:00Z,91.2886,0.000029,0.000028,-0.000001,in_band
2026-08-08T20:29:59Z,91.2428,0.000011,0.000011,-0.000000,in_band
2026-08-08T20:30:00Z,91.2428,0.000011,0.000010,-0.000000,in_band
2026-08-08T20:30:59Z,91.1696,0.000004,0.000004,-0.000000,in_band
2026-08-08T20:31:00Z,91.1696,0.000004,0.000004,-0.000000,in_band
2026-08-08T20:31:59Z,91.0826,0.000002,0.000001,-0.000000,in_band
2026-08-08T20:32:00Z,91.0826,0.000001,0.000001,-0.000000,in_band
2026-08-08T20:32:59Z,91.0445,0.000001,0.000001,-0.000000,in_band
2026-08-08T20:33:00Z,91.0445,0.000001,0.000001,-0.000000,in_band
2026-08-08T20:33:59Z,91.0445,0.000000,0.000000,-0.000000,in_band
2026-08-08T20:34:00Z,91.0445,0.000000,0.000000,-0.000000,in_band
2026-08-08T20:34:59Z,90.9895,0.000000,0.000000,-0.000000,in_band
2026-08-08T20:35:00Z,90.9895,0.000000,0.000000,-0.000000,in_band
2026-08-08T20:35:59Z,90.9270,0.000000,0.000000,-0.000000,in_band
2026-08-08T20:36:00Z,90.9270,0.000000,0.000000,-0.000000,in_band
2026-08-08T20:36:59Z,90.8675,0.000000,0.000000,-0.000000,in_band
2026-08-08T20:37:00Z,90.8675,0.000000,0.000000,-0.000000,in_band
2026-08-08T20:37:59Z,90.8293,0.000000,0.000000,-0.000000,in_band
2026-08-08T20:38:00Z,90.8293,0.000000,0.000000,-0.000000,in_band
2026-08-08T20:38:59Z,90.7103,0.000000,0.000000,-0.000000,in_band
2026-08-08T20:39:00Z,90.7103,0.000000,0.000000,-0.000000,in_band
2026-08-08T20:39:59Z,90.6661,0.000000,0.000000,-0.000000,in_band
2026-08-08T20:40:00Z,90.6661,0.000000,0.000000,-0.000000,in_band
2026-08-08T20:40:59Z,90.6157,0.000000,0.000000,-0.000000,in_band
2026-08-08T20:41:00Z,90.6157,0.000000,0.000000,-0.000000,in_band
2026-08-08T20:41:59Z,90.5379,0.000000,0.000000,-0.000000,in_band
2026-08-08T20:42:00Z,90.5379,0.000000,0.000000,-0.000000,in_band
2026-08-08T20:42:59Z,90.4540,0.000000,0.000000,-0.000000,in_band
2026-08-08T20:43:00Z,90.4540,0.000000,0.000000,-0.000000,in_band
2026-08-08T20:43:59Z,90.3914,0.000000,0.000000,-0.000000,in_band
2026-08-08T20:44:00Z,90.3914,0.000000,0.000000,-0.000000,in_band
2026-08-08T20:44:59Z,90.3639,0.000000,0.000000,-0.000000,in_band
2026-08-08T20:45:00Z,90.3639,0.000000,0.000000,-0.000000,in_band
2026-08-08T20:45:59Z,90.2983,0.000000,0.000000,-0.000000,in_band
2026-08-08T20:46:00Z,90.2983,0.000000,0.000000,-0.000000,in_band
2026-08-08T20:46:59Z,90.3090,0.000000,0.000000,-0.000000,in_band
2026-08-08T20:47:00Z,90.3090,0.000000,0.000000,-0.000000,in_band
2026-08-08T20:47:59Z,90.3029,0.000000,0.000000,-0.000000,in_band
2026-08-08T20:48:00Z,90.3029,0.000000,0.000000,-0.000000,in_band
2026-08-08T20:48:59Z,90.2113,0.000000,0.000000,-0.000000,in_band
2026-08-08T20:49:00Z,90.2113,0.000000,0.000000,-0.000000,in_band
2026-08-08T20:49:59Z,90.1534,0.000000,0.000000,-0.000000,in_band
2026-08-08T20:50:00Z,90.1534,0.000000,0.000000,-0.000000,in_band
2026-08-08T20:50:59Z,90.1534,0.000000,0.000000,-0.000000,in_band
2026-08-08T20:51:00Z,90.1534,0.000000,0.000000,-0.000000,in_band
2026-08-08T20:51:59Z,90.1213,0.000000,0.000000,-0.000000,in_band
2026-08-08T20:52:00Z,90.1213,0.000000,0.000000,-0.000000,in_band
2026-08-08T20:52:59Z,90.0526,0.000000,0.000000,-0.000000,in_band
2026-08-08T20:53:53Z,89.9611,0.000024,0.000215,0.000191,below_midpoint_feather
2026-08-08T20:53:56Z,90.0069,0.000001,0.000000,-0.000001,in_band
2026-08-08T20:54:17Z,89.9275,0.000215,0.000748,0.000532,below_midpoint_feather
2026-08-08T20:54:59Z,89.9733,0.000725,0.000114,-0.000611,below_midpoint_feather
2026-08-08T20:55:33Z,89.9474,0.001053,0.000434,-0.000619,below_midpoint_feather
2026-08-08T20:55:43Z,89.8924,0.000889,0.001698,0.000809,below_midpoint_feather
2026-08-08T20:56:07Z,89.8695,0.001133,0.002508,0.001374,below_midpoint_feather
2026-08-08T20:56:57Z,89.9001,0.002114,0.001619,-0.000495,below_midpoint_feather
2026-08-08T20:57:15Z,89.8543,0.001608,0.003276,0.001668,below_midpoint_feather
2026-08-08T20:57:43Z,89.8787,0.003735,0.002451,-0.001284,below_midpoint_feather
2026-08-08T20:58:00Z,89.8634,0.003809,0.003089,-0.000720,below_midpoint_feather
2026-08-08T20:58:41Z,89.7856,0.005054,0.007225,0.002171,below_midpoint_feather
2026-08-08T20:59:31Z,89.8054,0.007878,0.006523,-0.001355,below_midpoint_feather
2026-08-08T20:59:58Z,89.7459,0.008380,0.010642,0.002262,below_midpoint_feather
2026-08-08T21:00:08Z,89.7093,0.009711,0.013610,0.003899,below_midpoint_feather
2026-08-08T21:00:13Z,89.7673,0.011762,0.009365,-0.002397,below_midpoint_feather
2026-08-08T21:01:31Z,89.7261,0.016694,0.013796,-0.002897,below_midpoint_feather
2026-08-08T21:01:56Z,89.6437,0.019268,0.021809,0.002540,below_midpoint_feather
2026-08-08T21:02:51Z,89.5491,0.027868,0.034497,0.006629,below_midpoint_feather
2026-08-08T21:02:57Z,89.6223,0.031690,0.026112,-0.005577,below_midpoint_feather
2026-08-08T21:03:14Z,89.5293,0.030959,0.038096,0.007137,below_midpoint_feather
2026-08-08T21:03:19Z,89.5888,0.033399,0.030868,-0.002531,below_midpoint_feather
2026-08-08T21:04:51Z,89.5109,0.050885,0.046184,-0.004701,below_midpoint_feather
2026-08-08T21:04:53Z,89.4194,0.051026,0.060254,0.009229,below_midpoint_feather
2026-08-08T21:05:18Z,89.3874,0.057822,0.067603,0.009781,below_midpoint_feather
2026-08-08T21:05:53Z,89.4102,0.073190,0.066787,-0.006403,below_midpoint_feather
2026-08-08T21:06:51Z,89.3339,0.091511,0.086767,-0.004744,below_midpoint_feather
2026-08-08T21:06:57Z,89.2744,0.088101,0.099294,0.011193,below_midpoint_feather
2026-08-08T21:07:22Z,89.2332,0.096395,0.111324,0.014929,below_midpoint_feather
2026-08-08T21:07:29Z,89.3050,0.108025,0.097389,-0.010636,below_midpoint_feather
2026-08-08T21:08:03Z,89.2195,0.126265,0.120492,-0.005772,below_midpoint_feather
2026-08-08T21:08:16Z,89.1371,0.130533,0.141951,0.011418,below_midpoint_feather
2026-08-08T21:09:30Z,88.8396,0.223533,0.243438,0.019906,below_midpoint_feather
2026-08-08T21:09:35Z,88.8930,0.237518,0.227590,-0.009928,below_midpoint_feather
2026-08-08T21:10:40Z,88.5969,0.333595,0.357085,0.023490,below_midpoint_feather
2026-08-08T21:10:51Z,88.6107,0.364394,0.356782,-0.007612,below_midpoint_feather
2026-08-08T21:11:33Z,88.5832,0.406541,0.390291,-0.016249,below_midpoint_feather
2026-08-08T21:11:59Z,88.4230,0.443450,0.473469,0.030018,below_midpoint_feather
2026-08-08T21:12:00Z,88.4230,0.444079,0.474100,0.030021,below_midpoint_feather
2026-08-08T21:12:49Z,88.4031,0.523150,0.516518,-0.006632,below_midpoint_feather
2026-08-08T21:13:16Z,88.3345,0.545092,0.566643,0.021551,below_midpoint_feather
2026-08-08T21:13:37Z,88.4047,0.569754,0.553683,-0.016071,below_midpoint_feather
2026-08-08T21:14:24Z,88.2017,0.660387,0.680307,0.019920,below_midpoint_feather
2026-08-08T21:14:49Z,88.2078,0.706538,0.700602,-0.005936,below_midpoint_feather
2026-08-08T21:15:26Z,88.1758,0.741113,0.750378,0.009265,below_midpoint_feather
2026-08-08T21:15:45Z,88.2338,0.753764,0.744852,-0.008911,below_midpoint_feather
2026-08-08T21:16:39Z,88.1651,0.806871,0.829174,0.022304,below_midpoint_feather
2026-08-08T21:16:59Z,88.2017,0.843665,0.834108,-0.009557,below_midpoint_feather
2026-08-08T21:17:05Z,88.1621,0.836220,0.857272,0.021052,below_midpoint_feather
2026-08-08T21:17:49Z,88.2719,0.871854,0.856482,-0.015372,below_midpoint_feather
2026-08-08T21:18:15Z,88.2612,0.873625,0.888113,0.014488,below_midpoint_feather
2026-08-08T21:18:59Z,88.3406,0.912930,0.898616,-0.014314,below_midpoint_feather
2026-08-08T21:19:05Z,88.3253,0.903263,0.911064,0.007801,below_midpoint_feather
2026-08-08T21:19:46Z,88.5100,0.899887,0.871683,-0.028204,below_midpoint_feather
2026-08-08T21:20:00Z,88.5603,0.878950,0.863439,-0.015511,below_midpoint_feather
2026-08-08T21:20:45Z,88.5954,0.863900,0.886685,0.022785,below_midpoint_feather
2026-08-08T21:21:22Z,88.8350,0.843555,0.825987,-0.017567,below_midpoint_feather
2026-08-08T21:21:53Z,88.8762,0.822960,0.832005,0.009045,below_midpoint_feather
2026-08-08T21:22:17Z,88.9433,0.809750,0.824348,0.014598,below_midpoint_feather
2026-08-08T21:22:56Z,89.1173,0.805873,0.794521,-0.011352,below_midpoint_feather
2026-08-08T21:23:12Z,89.1676,0.797937,0.788700,-0.009237,below_midpoint_feather
2026-08-08T21:23:35Z,89.2241,0.778120,0.784085,0.005965,below_midpoint_feather
2026-08-08T21:24:25Z,89.3462,0.764729,0.773333,0.008604,below_midpoint_feather
2026-08-08T21:24:28Z,89.4423,0.765439,0.757460,-0.007980,below_midpoint_feather
2026-08-08T21:25:07Z,89.5247,0.750306,0.752998,0.002692,below_midpoint_feather
2026-08-08T21:25:12Z,89.5979,0.751146,0.744671,-0.006475,below_midpoint_feather
2026-08-08T21:26:20Z,89.8405,0.734621,0.732897,-0.001724,below_midpoint_feather
2026-08-08T21:26:27Z,89.8238,0.733234,0.734169,0.000935,below_midpoint_feather
2026-08-08T21:27:01Z,89.9184,0.731843,0.732422,0.000579,below_midpoint_feather
2026-08-08T21:27:37Z,90.0923,0.726331,0.724018,-0.002313,in_band
2026-08-08T21:28:00Z,90.1610,0.717529,0.715220,-0.002308,in_band
2026-08-08T21:28:59Z,90.2770,0.694948,0.692681,-0.002267,in_band
2026-08-08T21:29:00Z,90.2770,0.694568,0.692302,-0.002266,in_band
2026-08-08T21:29:59Z,90.4051,0.672377,0.670172,-0.002205,in_band
2026-08-08T21:30:00Z,90.4051,0.672006,0.669802,-0.002204,in_band
2026-08-08T21:30:59Z,90.5882,0.650413,0.648276,-0.002137,in_band
2026-08-08T21:31:00Z,90.5882,0.650052,0.647916,-0.002136,in_band
2026-08-08T21:31:59Z,90.7057,0.629119,0.627050,-0.002069,in_band
2026-08-08T21:32:00Z,90.7057,0.628770,0.626702,-0.002068,in_band
2026-08-08T21:32:59Z,90.8064,0.608505,0.606503,-0.002002,in_band
2026-08-08T21:33:00Z,90.8064,0.608167,0.606166,-0.002001,in_band
2026-08-08T21:33:59Z,90.9590,0.588560,0.586623,-0.001937,in_band
2026-08-08T21:34:00Z,90.9590,0.588233,0.586298,-0.001935,in_band
2026-08-08T21:34:59Z,91.0552,0.569266,0.567393,-0.001873,in_band
2026-08-08T21:35:00Z,91.0552,0.568950,0.567078,-0.001872,in_band
2026-08-08T21:35:59Z,91.1818,0.550604,0.548792,-0.001812,in_band
2026-08-08T21:36:00Z,91.1818,0.550298,0.548487,-0.001811,in_band
2026-08-08T21:36:59Z,91.2932,0.532553,0.530801,-0.001752,in_band
2026-08-08T21:37:00Z,91.2932,0.532257,0.530506,-0.001751,in_band
2026-08-08T21:37:59Z,91.4153,0.515094,0.513399,-0.001695,in_band
2026-08-08T21:38:45Z,91.4931,0.502097,0.502674,0.000577,in_band
2026-08-08T21:38:47Z,91.5358,0.500858,0.487113,-0.013745,above_band_high
2026-08-08T21:40:31Z,91.6411,0.425590,0.438848,0.013258,above_band_high
2026-08-08T21:40:44Z,91.7189,0.421799,0.404410,-0.017389,above_band_high
2026-08-08T21:41:28Z,91.7967,0.382955,0.365302,-0.017653,above_band_high
2026-08-08T21:41:43Z,91.7449,0.368678,0.384760,0.016082,above_band_high
2026-08-08T21:42:06Z,91.8502,0.360182,0.335119,-0.025063,above_band_high
2026-08-08T21:42:23Z,91.8013,0.339412,0.351993,0.012581,above_band_high
2026-08-08T21:43:11Z,91.8654,0.304239,0.311354,0.007115,above_band_high
2026-08-08T21:43:58Z,91.9844,0.267897,0.244809,-0.023087,above_band_high
2026-08-08T21:44:21Z,91.9371,0.239786,0.256249,0.016463,above_band_high
2026-08-08T21:44:42Z,92.0531,0.215682,0.198173,-0.017508,above_band_high
2026-08-08T21:45:51Z,92.1126,0.161338,0.140193,-0.021145,above_band_high
2026-08-08T21:45:57Z,92.0531,0.149140,0.162480,0.013340,above_band_high
2026-08-08T21:46:09Z,92.0607,0.134401,0.152896,0.018495,above_band_high
2026-08-08T21:46:24Z,92.1309,0.126957,0.114832,-0.012125,above_band_high
2026-08-08T21:47:53Z,92.2072,0.050685,0.029821,-0.020865,above_band_high
2026-08-08T21:47:57Z,92.1172,0.048203,0.065731,0.017528,above_band_high
2026-08-08T21:48:15Z,92.2271,0.027134,0.007509,-0.019625,above_band_high
2026-08-08T21:48:33Z,92.1752,0.010374,0.018026,0.007652,above_band_high
2026-08-08T21:49:00Z,92.2271,0.000000,0.000000,0.000000,above_band_high
2026-08-08T21:50:00Z,92.1981,0.000000,0.000000,0.000000,above_band_high
2026-08-08T21:51:00Z,92.2545,0.000000,0.000000,0.000000,above_band_high
2026-08-08T21:52:00Z,92.2988,0.000000,0.000000,0.000000,above_band_high
2026-08-08T21:53:00Z,92.3674,0.000000,0.000000,0.000000,above_band_high
2026-08-08T21:54:00Z,92.3583,0.000000,0.000000,0.000000,above_band_high
2026-08-08T21:55:00Z,92.3919,0.000000,0.000000,0.000000,above_band_high
2026-08-08T21:56:00Z,92.3995,0.000000,0.000000,0.000000,above_band_high
2026-08-08T21:57:00Z,92.4086,0.000000,0.000000,0.000000,above_band_high
2026-08-08T21:58:00Z,92.4269,0.000000,0.000000,0.000000,above_band_high
2026-08-08T21:59:00Z,92.3995,0.000000,0.000000,0.000000,above_band_high
2026-08-08T22:00:00Z,92.4239,0.000000,0.000000,0.000000,above_band_high
2026-08-08T22:01:00Z,92.4636,0.000000,0.000000,0.000000,above_band_high
2026-08-08T22:02:00Z,92.4361,0.000000,0.000000,0.000000,above_band_high
2026-08-08T22:03:00Z,92.4498,0.000000,0.000000,0.000000,above_band_high
2026-08-08T22:04:00Z,92.4727,0.000000,0.000000,0.000000,above_band_high
2026-08-08T22:05:00Z,92.4636,0.000000,0.000000,0.000000,above_band_high
2026-08-08T22:06:00Z,92.4315,0.000000,0.000000,0.000000,above_band_high
2026-08-08T22:07:00Z,92.4147,0.000000,0.000000,0.000000,above_band_high
2026-08-08T22:08:00Z,92.4147,0.000000,0.000000,0.000000,above_band_high
2026-08-08T22:09:00Z,92.3629,0.000000,0.000000,0.000000,above_band_high
2026-08-08T22:10:00Z,92.2911,0.000000,0.000000,0.000000,above_band_high
2026-08-08T22:11:00Z,92.1935,0.000000,0.000000,0.000000,above_band_high
2026-08-08T22:12:00Z,92.0836,0.000000,0.000000,0.000000,above_band_high
2026-08-08T22:13:00Z,92.0104,0.000000,0.000000,0.000000,above_band_high
2026-08-08T22:14:00Z,91.9844,0.000000,0.000000,0.000000,above_band_high
2026-08-08T22:15:00Z,91.9509,0.000000,0.000000,0.000000,above_band_high
2026-08-08T22:16:00Z,91.8685,0.000000,0.000000,0.000000,above_band_high
2026-08-08T22:17:00Z,91.7739,0.000000,0.000000,0.000000,above_band_high
2026-08-08T22:18:00Z,91.7906,0.000000,0.000000,0.000000,above_band_high
2026-08-08T22:19:00Z,91.7739,0.000000,0.000000,0.000000,above_band_high
2026-08-08T22:20:00Z,91.6640,0.000000,0.000000,0.000000,above_band_high
2026-08-08T22:21:00Z,91.6304,0.000000,0.000000,0.000000,above_band_high
2026-08-08T22:22:00Z,91.5846,0.000000,0.000000,0.000000,above_band_high
2026-08-08T22:22:49Z,91.5038,0.000000,0.004033,0.004033,above_band_high
2026-08-08T22:23:03Z,91.4931,0.000000,0.004735,0.004735,in_band
2026-08-08T22:23:11Z,91.5038,0.002900,0.002608,-0.000292,above_band_high
2026-08-08T22:25:11Z,91.4061,0.000685,0.000657,-0.000028,in_band
2026-08-08T22:25:59Z,91.3344,0.000310,0.000297,-0.000013,in_band
2026-08-08T22:26:00Z,91.3344,0.000305,0.000292,-0.000012,in_band
2026-08-08T22:26:59Z,91.3024,0.000115,0.000110,-0.000005,in_band
2026-08-08T22:27:00Z,91.3024,0.000113,0.000108,-0.000005,in_band
2026-08-08T22:27:59Z,91.2383,0.000043,0.000041,-0.000002,in_band
2026-08-08T22:28:00Z,91.2383,0.000042,0.000040,-0.000002,in_band
2026-08-08T22:28:59Z,91.2428,0.000016,0.000015,-0.000001,in_band
2026-08-08T22:29:00Z,91.2428,0.000016,0.000015,-0.000001,in_band
2026-08-08T22:29:59Z,91.2108,0.000006,0.000006,-0.000000,in_band
2026-08-08T22:30:00Z,91.2108,0.000006,0.000006,-0.000000,in_band
2026-08-08T22:30:59Z,91.1376,0.000002,0.000002,-0.000000,in_band
2026-08-08T22:31:00Z,91.1376,0.000002,0.000002,-0.000000,in_band
2026-08-08T22:31:59Z,91.1513,0.000001,0.000001,-0.000000,in_band
2026-08-08T22:32:00Z,91.1513,0.000001,0.000001,-0.000000,in_band
2026-08-08T22:32:59Z,91.1452,0.000000,0.000000,-0.000000,in_band
2026-08-08T22:33:00Z,91.1452,0.000000,0.000000,-0.000000,in_band
2026-08-08T22:33:59Z,91.0780,0.000000,0.000000,-0.000000,in_band
2026-08-08T22:34:00Z,91.0780,0.000000,0.000000,-0.000000,in_band
2026-08-08T22:34:59Z,91.0552,0.000000,0.000000,-0.000000,in_band
2026-08-08T22:35:00Z,91.0552,0.000000,0.000000,-0.000000,in_band
2026-08-08T22:35:59Z,91.0689,0.000000,0.000000,-0.000000,in_band
2026-08-08T22:36:00Z,91.0689,0.000000,0.000000,-0.000000,in_band
2026-08-08T22:36:59Z,91.0048,0.000000,0.000000,-0.000000,in_band
2026-08-08T22:37:00Z,91.0048,0.000000,0.000000,-0.000000,in_band
2026-08-08T22:37:59Z,90.9545,0.000000,0.000000,-0.000000,in_band
2026-08-08T22:38:00Z,90.9545,0.000000,0.000000,-0.000000,in_band
2026-08-08T22:38:59Z,90.9224,0.000000,0.000000,-0.000000,in_band
2026-08-08T22:39:00Z,90.9224,0.000000,0.000000,-0.000000,in_band
2026-08-08T22:39:59Z,90.8583,0.000000,0.000000,-0.000000,in_band
2026-08-08T22:40:00Z,90.8583,0.000000,0.000000,-0.000000,in_band
2026-08-08T22:40:59Z,90.8629,0.000000,0.000000,-0.000000,in_band
2026-08-08T22:41:00Z,90.8629,0.000000,0.000000,-0.000000,in_band
2026-08-08T22:41:59Z,90.8812,0.000000,0.000000,-0.000000,in_band
2026-08-08T22:42:00Z,90.8812,0.000000,0.000000,-0.000000,in_band
2026-08-08T22:42:59Z,90.8522,0.000000,0.000000,-0.000000,in_band
2026-08-08T22:43:00Z,90.8522,0.000000,0.000000,-0.000000,in_band
2026-08-08T22:43:59Z,90.8385,0.000000,0.000000,-0.000000,in_band
2026-08-08T22:44:00Z,90.8385,0.000000,0.000000,-0.000000,in_band
2026-08-08T22:44:59Z,90.7988,0.000000,0.000000,-0.000000,in_band
2026-08-08T22:45:00Z,90.7988,0.000000,0.000000,-0.000000,in_band
2026-08-08T22:45:59Z,90.7927,0.000000,0.000000,-0.000000,in_band
2026-08-08T22:46:00Z,90.7927,0.000000,0.000000,-0.000000,in_band
2026-08-08T22:46:59Z,90.7973,0.000000,0.000000,-0.000000,in_band
2026-08-08T22:47:00Z,90.7973,0.000000,0.000000,-0.000000,in_band
2026-08-08T22:47:59Z,90.8064,0.000000,0.000000,-0.000000,in_band
2026-08-08T22:48:00Z,90.8064,0.000000,0.000000,-0.000000,in_band
2026-08-08T22:48:59Z,90.8339,0.000000,0.000000,-0.000000,in_band
2026-08-08T22:49:00Z,90.8339,0.000000,0.000000,-0.000000,in_band
2026-08-08T22:49:59Z,90.8034,0.000000,0.000000,-0.000000,in_band
2026-08-08T22:50:00Z,90.8034,0.000000,0.000000,-0.000000,in_band
2026-08-08T22:50:59Z,90.7851,0.000000,0.000000,-0.000000,in_band
2026-08-08T22:51:00Z,90.7851,0.000000,0.000000,-0.000000,in_band
2026-08-08T22:51:59Z,90.8125,0.000000,0.000000,-0.000000,in_band
2026-08-08T22:52:00Z,90.8125,0.000000,0.000000,-0.000000,in_band
2026-08-08T22:52:59Z,90.8156,0.000000,0.000000,-0.000000,in_band
2026-08-08T22:53:00Z,90.8156,0.000000,0.000000,-0.000000,in_band
2026-08-08T22:53:59Z,90.8248,0.000000,0.000000,-0.000000,in_band
2026-08-08T22:54:00Z,90.8248,0.000000,0.000000,-0.000000,in_band
2026-08-08T22:54:59Z,90.8659,0.000000,0.000000,-0.000000,in_band
2026-08-08T22:55:00Z,90.8659,0.000000,0.000000,-0.000000,in_band
2026-08-08T22:55:59Z,90.9163,0.000000,0.000000,-0.000000,in_band
2026-08-08T22:56:00Z,90.9163,0.000000,0.000000,-0.000000,in_band
2026-08-08T22:56:59Z,90.9361,0.000000,0.000000,-0.000000,in_band
2026-08-08T22:57:00Z,90.9361,0.000000,0.000000,-0.000000,in_band
2026-08-08T22:57:59Z,90.9087,0.000000,0.000000,-0.000000,in_band
2026-08-08T22:58:00Z,90.9087,0.000000,0.000000,-0.000000,in_band
2026-08-08T22:58:59Z,90.9163,0.000000,0.000000,-0.000000,in_band
2026-08-08T22:59:00Z,90.9163,0.000000,0.000000,-0.000000,in_band
2026-08-08T22:59:59Z,90.9255,0.000000,0.000000,-0.000000,in_band
2026-08-08T23:00:00Z,90.9255,0.000000,0.000000,-0.000000,in_band
2026-08-08T23:00:59Z,90.9361,0.000000,0.000000,-0.000000,in_band
2026-08-08T23:01:00Z,90.9361,0.000000,0.000000,-0.000000,in_band
2026-08-08T23:01:59Z,90.8858,0.000000,0.000000,-0.000000,in_band
2026-08-08T23:02:00Z,90.8858,0.000000,0.000000,-0.000000,in_band
2026-08-08T23:02:59Z,90.8721,0.000000,0.000000,-0.000000,in_band
2026-08-08T23:03:00Z,90.8721,0.000000,0.000000,-0.000000,in_band
2026-08-08T23:03:59Z,90.8202,0.000000,0.000000,-0.000000,in_band
2026-08-08T23:04:00Z,90.8202,0.000000,0.000000,-0.000000,in_band
2026-08-08T23:04:59Z,90.8202,0.000000,0.000000,-0.000000,in_band
2026-08-08T23:05:00Z,90.8202,0.000000,0.000000,-0.000000,in_band
2026-08-08T23:05:59Z,90.7713,0.000000,0.000000,-0.000000,in_band
2026-08-08T23:06:00Z,90.7713,0.000000,0.000000,-0.000000,in_band
2026-08-08T23:06:59Z,90.7210,0.000000,0.000000,-0.000000,in_band
2026-08-08T23:07:00Z,90.7210,0.000000,0.000000,-0.000000,in_band
2026-08-08T23:07:59Z,90.6935,0.000000,0.000000,-0.000000,in_band
2026-08-08T23:08:00Z,90.6935,0.000000,0.000000,-0.000000,in_band
2026-08-08T23:08:59Z,90.6645,0.000000,0.000000,-0.000000,in_band
2026-08-08T23:09:00Z,90.6645,0.000000,0.000000,-0.000000,in_band
2026-08-08T23:09:59Z,90.5730,0.000000,0.000000,-0.000000,in_band
2026-08-08T23:10:00Z,90.5730,0.000000,0.000000,-0.000000,in_band
2026-08-08T23:10:59Z,90.4219,0.000000,0.000000,-0.000000,in_band
2026-08-08T23:11:00Z,90.4219,0.000000,0.000000,-0.000000,in_band
2026-08-08T23:11:59Z,90.2678,0.000000,0.000000,-0.000000,in_band
2026-08-08T23:12:00Z,90.2678,0.000000,0.000000,-0.000000,in_band
2026-08-08T23:12:59Z,90.1930,0.000000,0.000000,-0.000000,in_band
2026-08-08T23:13:00Z,90.1930,0.000000,0.000000,-0.000000,in_band
2026-08-08T23:13:59Z,90.0786,0.000000,0.000000,-0.000000,in_band
2026-08-08T23:14:43Z,89.9977,0.000000,0.000001,0.000001,below_midpoint_feather
2026-08-08T23:14:45Z,90.0389,0.000000,0.000000,-0.000000,in_band
2026-08-08T23:15:49Z,89.9596,0.000394,0.000234,-0.000161,below_midpoint_feather
2026-08-08T23:15:53Z,89.9153,0.000289,0.001022,0.000733,below_midpoint_feather
2026-08-08T23:16:25Z,89.8680,0.001522,0.002496,0.000974,below_midpoint_feather
2026-08-08T23:16:49Z,89.9153,0.001983,0.001074,-0.000908,below_midpoint_feather
2026-08-08T23:17:22Z,89.8283,0.003081,0.004328,0.001247,below_midpoint_feather
2026-08-08T23:17:51Z,89.8589,0.004061,0.003088,-0.000973,below_midpoint_feather
2026-08-08T23:18:11Z,89.8421,0.004606,0.003911,-0.000695,below_midpoint_feather
2026-08-08T23:18:34Z,89.7826,0.005459,0.007240,0.001781,below_midpoint_feather
2026-08-08T23:19:13Z,89.7414,0.007079,0.010377,0.003298,below_midpoint_feather
2026-08-08T23:19:41Z,89.8314,0.007116,0.005227,-0.001889,below_midpoint_feather
2026-08-08T23:20:34Z,89.7230,0.010345,0.012797,0.002453,below_midpoint_feather
2026-08-08T23:20:39Z,89.7734,0.010420,0.009271,-0.001149,below_midpoint_feather
2026-08-08T23:21:11Z,89.7642,0.012631,0.010432,-0.002199,below_midpoint_feather
2026-08-08T23:21:59Z,89.6986,0.014063,0.016424,0.002360,below_midpoint_feather
2026-08-08T23:22:15Z,89.6864,0.015133,0.017841,0.002709,below_midpoint_feather
2026-08-08T23:22:23Z,89.7581,0.014232,0.012358,-0.001874,below_midpoint_feather
2026-08-08T23:23:23Z,89.7276,0.013191,0.015970,0.002780,below_midpoint_feather
2026-08-08T23:23:41Z,89.8039,0.013274,0.011278,-0.001996,below_midpoint_feather
2026-08-08T23:24:29Z,89.7124,0.015178,0.018550,0.003371,below_midpoint_feather
2026-08-08T23:24:37Z,89.7642,0.017357,0.014849,-0.002509,below_midpoint_feather
2026-08-08T23:25:17Z,89.6864,0.018572,0.021798,0.003226,below_midpoint_feather
2026-08-08T23:25:53Z,89.7627,0.019059,0.016677,-0.002382,below_midpoint_feather
2026-08-08T23:26:23Z,89.7032,0.019186,0.021908,0.002722,below_midpoint_feather
2026-08-08T23:26:55Z,89.7414,0.022494,0.019648,-0.002845,below_midpoint_feather
2026-08-08T23:27:35Z,89.6635,0.023843,0.027209,0.003366,below_midpoint_feather
2026-08-08T23:27:45Z,89.7215,0.024755,0.022393,-0.002362,below_midpoint_feather
2026-08-08T23:28:41Z,89.6956,0.028579,0.026173,-0.002406,below_midpoint_feather
2026-08-08T23:28:47Z,89.6315,0.028203,0.032505,0.004301,below_midpoint_feather
2026-08-08T23:29:05Z,89.6895,0.031017,0.027525,-0.003492,below_midpoint_feather
2026-08-08T23:29:11Z,89.6269,0.030477,0.033821,0.003343,below_midpoint_feather
2026-08-08T23:30:29Z,89.5888,0.036073,0.041078,0.005006,below_midpoint_feather
2026-08-08T23:30:44Z,89.6529,0.037174,0.034797,-0.002377,below_midpoint_feather
2026-08-08T23:32:31Z,89.5567,0.024178,0.025148,0.000971,below_midpoint_feather
2026-08-08T23:32:32Z,89.5888,0.024226,0.021318,-0.002909,below_midpoint_feather
2026-08-08T23:34:35Z,89.4743,0.040527,0.044416,0.003889,below_midpoint_feather
2026-08-08T23:34:36Z,89.5247,0.040592,0.037317,-0.003276,below_midpoint_feather
2026-08-08T23:35:15Z,89.4530,0.046658,0.050578,0.003920,below_midpoint_feather
2026-08-08T23:35:42Z,89.4850,0.052247,0.047917,-0.004330,below_midpoint_feather
2026-08-08T23:36:00Z,89.4072,0.054969,0.061728,0.006759,below_midpoint_feather
2026-08-08T23:36:50Z,89.4285,0.067805,0.062814,-0.004992,below_midpoint_feather
2026-08-08T23:37:18Z,89.3843,0.069034,0.073093,0.004059,below_midpoint_feather
2026-08-08T23:37:48Z,89.4392,0.072461,0.067094,-0.005367,below_midpoint_feather
2026-08-08T23:38:18Z,89.3568,0.077343,0.084520,0.007177,below_midpoint_feather
2026-08-08T23:38:46Z,89.3980,0.085112,0.080457,-0.004655,below_midpoint_feather
2026-08-08T23:39:00Z,89.3050,0.090389,0.099304,0.008915,below_midpoint_feather
2026-08-08T23:39:20Z,89.3477,0.098633,0.093614,-0.005019,below_midpoint_feather
2026-08-08T23:40:16Z,89.2561,0.111102,0.119531,0.008429,below_midpoint_feather
2026-08-08T23:40:38Z,89.3141,0.116848,0.111050,-0.005798,below_midpoint_feather
2026-08-08T23:41:05Z,89.2653,0.120098,0.125128,0.005030,below_midpoint_feather
2026-08-08T23:41:54Z,89.3324,0.124594,0.119648,-0.004946,below_midpoint_feather
2026-08-08T23:42:26Z,89.2515,0.135325,0.141140,0.005815,below_midpoint_feather
2026-08-08T23:42:32Z,89.2958,0.140117,0.132983,-0.007134,below_midpoint_feather
2026-08-08T23:43:36Z,89.2134,0.150090,0.161399,0.011309,below_midpoint_feather
2026-08-08T23:43:56Z,89.2653,0.159490,0.153732,-0.005759,below_midpoint_feather
2026-08-08T23:44:40Z,89.2729,0.166521,0.160197,-0.006324,below_midpoint_feather
2026-08-08T23:44:44Z,89.2241,0.167263,0.171376,0.004114,below_midpoint_feather
2026-08-08T23:45:38Z,89.2195,0.188373,0.182641,-0.005732,below_midpoint_feather
2026-08-08T23:45:54Z,89.1600,0.191877,0.199518,0.007641,below_midpoint_feather
2026-08-08T23:46:40Z,89.2363,0.199800,0.191466,-0.008334,below_midpoint_feather
2026-08-08T23:46:48Z,89.1722,0.198332,0.207607,0.009275,below_midpoint_feather
2026-08-08T23:47:12Z,89.1646,0.207818,0.214378,0.006560,below_midpoint_feather
2026-08-08T23:47:58Z,89.2500,0.213369,0.204809,-0.008559,below_midpoint_feather
2026-08-08T23:48:10Z,89.1691,0.212508,0.225515,0.013007,below_midpoint_feather
2026-08-08T23:48:36Z,89.2317,0.223057,0.216727,-0.006330,below_midpoint_feather
2026-08-08T23:49:46Z,89.1905,0.237132,0.240777,0.003645,below_midpoint_feather
2026-08-08T23:49:48Z,89.2363,0.237555,0.230959,-0.006596,below_midpoint_feather
2026-08-08T23:50:20Z,89.1646,0.242251,0.254019,0.011769,below_midpoint_feather
2026-08-08T23:50:58Z,89.2515,0.250212,0.242416,-0.007796,below_midpoint_feather
2026-08-08T23:51:46Z,89.2042,0.255145,0.262783,0.007638,below_midpoint_feather
2026-08-08T23:51:54Z,89.2882,0.253827,0.246425,-0.007402,below_midpoint_feather
2026-08-08T23:52:17Z,89.3050,0.254279,0.247661,-0.006618,below_midpoint_feather
2026-08-08T23:52:30Z,89.2699,0.249404,0.257286,0.007882,below_midpoint_feather
2026-08-08T23:53:01Z,89.4026,0.246394,0.237889,-0.008505,below_midpoint_feather
2026-08-08T23:53:26Z,89.3782,0.242755,0.246292,0.003537,below_midpoint_feather
2026-08-08T23:54:21Z,89.5018,0.238962,0.234480,-0.004481,below_midpoint_feather
2026-08-08T23:54:46Z,89.4987,0.233372,0.237939,0.004566,below_midpoint_feather
2026-08-08T23:55:13Z,89.6040,0.232929,0.227363,-0.005566,below_midpoint_feather
2026-08-08T23:55:16Z,89.5537,0.230416,0.233685,0.003268,below_midpoint_feather
2026-08-08T23:56:44Z,89.6712,0.224550,0.227045,0.002495,below_midpoint_feather
2026-08-08T23:56:49Z,89.7780,0.224041,0.218934,-0.005107,below_midpoint_feather
2026-08-08T23:57:18Z,89.7490,0.221359,0.222174,0.000815,below_midpoint_feather
2026-08-08T23:57:29Z,89.8421,0.220039,0.217174,-0.002865,below_midpoint_feather
2026-08-08T23:58:33Z,89.8695,0.219080,0.217727,-0.001353,below_midpoint_feather
2026-08-08T23:58:46Z,89.8360,0.218251,0.219363,0.001112,below_midpoint_feather
2026-08-08T23:59:02Z,89.8283,0.217817,0.219972,0.002154,below_midpoint_feather
2026-08-08T23:59:09Z,89.9245,0.217772,0.216686,-0.001086,below_midpoint_feather
